1	301401	301650	22	0	100.00	CG
1	301401	301650	1	0	100.00	CHG
1	301401	301650	132	104	55.93	CHH
1	751422	751630	54	8	87.10	CG
1	751422	751630	1	2	33.33	CHG
1	751422	751630	20	117	14.60	CHH
1	831964	832562	45	9	83.33	CG
1	831964	832562	24	31	43.64	CHG
1	831964	832562	64	148	30.19	CHH
1	1349307	1349537	1	7	12.50	CHG
1	1349307	1349537	37	58	38.95	CHH
1	1377440	1378052	4	0	100.00	CG
1	1377440	1378052	9	7	56.25	CHG
1	1377440	1378052	106	82	56.38	CHH
1	1788440	1788928	13	4	76.47	CG
1	1788440	1788928	2	1	66.67	CHG
1	1788440	1788928	94	157	37.45	CHH
1	1789091	1789350	2	0	100.00	CHG
1	1789091	1789350	8	10	44.44	CHH
1	2238174	2238281	6	0	100.00	CG
1	2238174	2238281	9	2	81.82	CHG
1	2238174	2238281	41	106	27.89	CHH
1	2260684	2260758	73	58	55.73	CHH
1	4981767	4981906	27	0	100.00	CHH
1	7687746	7687909	0	4	0.00	CG
1	7687746	7687909	0	4	0.00	CHG
1	7687746	7687909	182	120	60.26	CHH
1	8431744	8431928	8	0	100.00	CG
1	8431744	8431928	113	19	85.61	CHH
1	9585903	9586147	2	3	40.00	CHG
1	9585903	9586147	25	10	71.43	CHH
1	9767360	9767454	0	3	0.00	CG
1	9767360	9767454	1	2	33.33	CHG
1	9767360	9767454	2	59	3.28	CHH
1	10432345	10432562	35	368	8.68	CG
1	10432345	10432562	3	179	1.65	CHG
1	10432345	10432562	18	326	5.23	CHH
1	10834154	10834494	1	0	100.00	CHG
1	10834154	10834494	58	104	35.80	CHH
1	10926897	10927718	104	46	69.33	CG
1	10926897	10927718	92	94	49.46	CHG
1	10926897	10927718	18	611	2.86	CHH
1	11189069	11189507	23	35	39.66	CG
1	11189069	11189507	5	36	12.20	CHG
1	11189069	11189507	38	229	14.23	CHH
1	11191256	11191497	182	9	95.29	CG
1	11191256	11191497	52	23	69.33	CHG
1	11191256	11191497	125	151	45.29	CHH
1	11796108	11796316	0	20	0.00	CG
1	11796108	11796316	18	25	41.86	CHG
1	11796108	11796316	76	59	56.30	CHH
1	11928347	11928520	21	38	35.59	CHH
1	11940126	11940209	16	70	18.60	CHH
1	12597813	12598048	406	300	57.51	CHH
1	14322168	14322402	46	0	100.00	CG
1	14322168	14322402	7	1	87.50	CHG
1	14322168	14322402	95	33	74.22	CHH
1	14347206	14347429	4	0	100.00	CG
1	14347206	14347429	8	40	16.67	CHG
1	14347206	14347429	6	193	3.02	CHH
1	14358588	14358799	7	0	100.00	CG
1	14358588	14358799	4	2	66.67	CHG
1	14358588	14358799	55	15	78.57	CHH
1	16709412	16710638	162	13	92.57	CG
1	16709412	16710638	62	70	46.97	CHG
1	16709412	16710638	107	444	19.42	CHH
1	17043053	17043218	112	19	85.50	CG
1	17043053	17043218	29	6	82.86	CHG
1	17043053	17043218	193	242	44.37	CHH
1	18600195	18600325	19	2	90.48	CG
1	18600195	18600325	4	3	57.14	CHG
1	18600195	18600325	13	70	15.66	CHH
1	18600619	18600880	0	1	0.00	CG
1	18600619	18600880	9	0	100.00	CHG
1	18600619	18600880	57	74	43.51	CHH
1	18984904	18985083	22	0	100.00	CG
1	18984904	18985083	17	0	100.00	CHG
1	18984904	18985083	58	28	67.44	CHH
1	23765099	23765215	0	13	0.00	CG
1	23765099	23765215	4	17	19.05	CHG
1	23765099	23765215	6	30	16.67	CHH
1	24162719	24162945	71	26	73.20	CHH
1	26098395	26098876	3	0	100.00	CG
1	26098395	26098876	3	4	42.86	CHG
1	26098395	26098876	33	89	27.05	CHH
1	26638981	26639111	2	0	100.00	CG
1	26638981	26639111	6	0	100.00	CHG
1	26638981	26639111	54	7	88.52	CHH
1	27335823	27335919	1	10	9.09	CG
1	27335823	27335919	0	2	0.00	CHG
1	27335823	27335919	2	73	2.67	CHH
1	27892634	27893201	1	0	100.00	CG
1	27892634	27893201	8	1	88.89	CHG
1	27892634	27893201	35	135	20.59	CHH
1	28104533	28104643	3	0	100.00	CG
1	28104533	28104643	4	5	44.44	CHH
1	28181036	28181173	13	4	76.47	CG
1	28181036	28181173	5	15	25.00	CHG
1	28181036	28181173	107	136	44.03	CHH
1	28494153	28494502	2	0	100.00	CG
1	28494153	28494502	2	0	100.00	CHG
1	28494153	28494502	59	66	47.20	CHH
1	30431887	30432457	7	4	63.64	CG
1	30431887	30432457	4	5	44.44	CHG
1	30431887	30432457	7	67	9.46	CHH
1	31405810	31406074	5	2	71.43	CG
1	31405810	31406074	10	19	34.48	CHG
1	31405810	31406074	129	189	40.57	CHH
1	31589315	31589440	45	301	13.01	CHH
1	31867822	31868209	11	3	78.57	CG
1	31867822	31868209	250	160	60.98	CHH
1	32128407	32128528	1	0	100.00	CG
1	32128407	32128528	28	104	21.21	CHH
1	32850978	32851159	3	2	60.00	CG
1	32850978	32851159	0	3	0.00	CHG
1	32850978	32851159	17	8	68.00	CHH
1	33209708	33209844	4	0	100.00	CG
1	33209708	33209844	32	59	35.16	CHH
1	35537016	35537182	7	2	77.78	CHH
1	37056464	37056585	3	3	50.00	CHG
1	37056464	37056585	15	18	45.45	CHH
1	37328188	37328369	0	1	0.00	CG
1	37328188	37328369	3	0	100.00	CHG
1	37328188	37328369	58	73	44.27	CHH
1	38496092	38496280	2	0	100.00	CG
1	38496092	38496280	1	33	2.94	CHH
1	38517320	38517498	6	0	100.00	CG
1	38517320	38517498	5	0	100.00	CHG
1	38517320	38517498	380	125	75.25	CHH
1	38671419	38671601	9	2	81.82	CG
1	38671419	38671601	33	30	52.38	CHH
1	40300213	40300335	89	23	79.46	CHH
1	40395626	40395876	18	70	20.45	CHH
1	40617610	40617749	25	50	33.33	CHG
1	40617610	40617749	50	95	34.48	CHH
1	40701980	40702243	43	4	91.49	CHH
1	41145044	41145188	59	39	60.20	CHH
1	41155306	41155562	4	1	80.00	CHG
1	41155306	41155562	59	131	31.05	CHH
1	41890335	41890557	5	0	100.00	CG
1	41890335	41890557	27	14	65.85	CHG
1	41890335	41890557	75	49	60.48	CHH
1	42087976	42088125	8	123	6.11	CHH
1	42408453	42409215	118	6	95.16	CG
1	42408453	42409215	58	54	51.79	CHG
1	42408453	42409215	65	342	15.97	CHH
2	109398	109590	71	4	94.67	CG
2	109398	109590	49	27	64.47	CHG
2	109398	109590	101	132	43.35	CHH
2	1869793	1870778	258	70	78.66	CG
2	1869793	1870778	146	155	48.50	CHG
2	1869793	1870778	258	807	24.23	CHH
2	2040558	2041143	48	31	60.76	CG
2	2040558	2041143	37	19	66.07	CHG
2	2040558	2041143	87	287	23.26	CHH
2	2375551	2375771	160	69	69.87	CHH
2	3701574	3702250	27	72	27.27	CG
2	3701574	3702250	24	131	15.48	CHG
2	3701574	3702250	90	881	9.27	CHH
2	4194209	4194385	14	3	82.35	CHG
2	4194209	4194385	64	36	64.00	CHH
2	4474885	4475212	73	3	96.05	CG
2	4474885	4475212	13	14	48.15	CHG
2	4474885	4475212	127	263	32.56	CHH
2	4648186	4648420	44	1	97.78	CG
2	4648186	4648420	6	2	75.00	CHG
2	4648186	4648420	121	57	67.98	CHH
2	4947306	4947538	160	49	76.56	CHH
2	5499042	5499299	13	32	28.89	CG
2	5499042	5499299	3	19	13.64	CHG
2	5499042	5499299	8	139	5.44	CHH
2	5521685	5521830	9	0	100.00	CHG
2	5521685	5521830	139	102	57.68	CHH
2	6545608	6545822	5	0	100.00	CG
2	6545608	6545822	61	69	46.92	CHH
2	6761735	6762038	2	2	50.00	CG
2	6761735	6762038	2	1	66.67	CHG
2	6761735	6762038	1	53	1.85	CHH
2	6762287	6762792	14	2	87.50	CG
2	6762287	6762792	10	5	66.67	CHG
2	6762287	6762792	7	157	4.27	CHH
2	7605117	7605555	9	0	100.00	CG
2	7605117	7605555	5	1	83.33	CHG
2	7605117	7605555	274	69	79.88	CHH
2	7945618	7946024	3	0	100.00	CG
2	7945618	7946024	0	85	0.00	CHH
2	8190084	8190413	3	0	100.00	CHG
2	8190084	8190413	36	238	13.14	CHH
2	10791440	10791566	599	91	86.81	CHH
2	11873649	11873886	16	0	100.00	CG
2	11873649	11873886	98	103	48.76	CHH
2	12097817	12097953	12	0	100.00	CG
2	12097817	12097953	78	116	40.21	CHH
2	12299222	12299385	5	0	100.00	CHG
2	12299222	12299385	113	26	81.29	CHH
2	12333889	12333999	15	0	100.00	CG
2	12333889	12333999	5	5	50.00	CHG
2	12333889	12333999	0	141	0.00	CHH
2	12582950	12583307	6	0	100.00	CG
2	12582950	12583307	2	2	50.00	CHG
2	12582950	12583307	53	86	38.13	CHH
2	13872268	13872613	5	33	13.16	CG
2	13872268	13872613	21	34	38.18	CHG
2	13872268	13872613	38	217	14.90	CHH
2	13948832	13949084	10	8	55.56	CHG
2	13948832	13949084	153	132	53.68	CHH
2	15589940	15590192	14	3	82.35	CG
2	15589940	15590192	27	39	40.91	CHG
2	15589940	15590192	46	112	29.11	CHH
2	17785746	17785984	81	82	49.69	CHH
2	19211404	19211621	15	0	100.00	CG
2	19211404	19211621	0	2	0.00	CHG
2	19211404	19211621	96	32	75.00	CHH
2	19443247	19443361	11	0	100.00	CG
2	19443247	19443361	0	1	0.00	CHG
2	19443247	19443361	4	20	16.67	CHH
2	19977858	19978135	4	0	100.00	CG
2	19977858	19978135	0	6	0.00	CHG
2	19977858	19978135	6	29	17.14	CHH
2	20745916	20746102	13	3	81.25	CG
2	20745916	20746102	2	4	33.33	CHG
2	20745916	20746102	93	94	49.73	CHH
2	22202087	22202425	68	42	61.82	CG
2	22202087	22202425	4	44	8.33	CHG
2	22202087	22202425	120	350	25.53	CHH
2	22399133	22399342	6	6	50.00	CG
2	22399133	22399342	11	93	10.58	CHH
2	23077446	23077593	18	24	42.86	CHH
2	23988341	23988565	5	0	100.00	CHG
2	23988341	23988565	32	10	76.19	CHH
2	24094388	24094772	1	1	50.00	CHG
2	24094388	24094772	2	24	7.69	CHH
2	24587774	24587906	31	1	96.88	CG
2	24587774	24587906	3	0	100.00	CHG
2	24587774	24587906	33	113	22.60	CHH
2	24968367	24968732	0	1	0.00	CHG
2	24968367	24968732	0	3	0.00	CHH
2	25258399	25258520	51	81	38.64	CHH
2	25342968	25343092	2	0	100.00	CG
2	25342968	25343092	1	3	25.00	CHG
2	25342968	25343092	7	36	16.28	CHH
2	25971572	25971883	0	2	0.00	CHH
2	27849839	27850325	323	88	78.59	CG
2	27849839	27850325	66	132	33.33	CHG
2	27849839	27850325	207	822	20.12	CHH
2	27969163	27969436	6	5	54.55	CG
2	27969163	27969436	7	6	53.85	CHG
2	27969163	27969436	29	54	34.94	CHH
2	28230238	28230572	10	4	71.43	CHG
2	28230238	28230572	2	128	1.54	CHH
2	28737277	28737416	28	1	96.55	CHH
2	29123726	29123981	56	101	35.67	CHH
2	30949004	30949191	6	0	100.00	CG
2	30949004	30949191	1	3	25.00	CHG
2	30949004	30949191	0	37	0.00	CHH
2	31639383	31639502	2	0	100.00	CG
2	31639383	31639502	39	19	67.24	CHH
2	32251509	32251649	17	2	89.47	CHG
2	32251509	32251649	434	51	89.48	CHH
2	32687570	32687718	36	93	27.91	CG
2	32687570	32687718	57	80	41.61	CHG
2	32687570	32687718	171	133	56.25	CHH
2	32980551	32980821	252	131	65.80	CHH
2	33849781	33850113	15	28	34.88	CG
2	33849781	33850113	7	28	20.00	CHG
2	33849781	33850113	12	562	2.09	CHH
2	33970498	33970631	6	51	10.53	CG
2	33970498	33970631	15	80	15.79	CHG
2	33970498	33970631	37	304	10.85	CHH
2	34234930	34235049	77	23	77.00	CHH
2	34582792	34582911	6	8	42.86	CHG
2	34582792	34582911	56	206	21.37	CHH
2	34952077	34952811	132	89	59.73	CG
2	34952077	34952811	24	80	23.08	CHG
2	34952077	34952811	137	669	17.00	CHH
2	34955560	34955809	137	92	59.83	CHH
3	811663	812098	17	26	39.53	CG
3	811663	812098	0	16	0.00	CHG
3	811663	812098	2	267	0.74	CHH
3	881089	881240	178	26	87.25	CG
3	881089	881240	7	96	6.80	CHG
3	881089	881240	37	230	13.86	CHH
3	1354664	1354914	4	3	57.14	CG
3	1354664	1354914	4	4	50.00	CHG
3	1354664	1354914	25	38	39.68	CHH
3	2169030	2169371	46	11	80.70	CG
3	2169030	2169371	13	19	40.62	CHG
3	2169030	2169371	29	78	27.10	CHH
3	3169366	3169453	57	54	51.35	CHH
3	3832576	3832832	4	1	80.00	CG
3	3832576	3832832	5	3	62.50	CHG
3	3832576	3832832	46	75	38.02	CHH
3	6047207	6047392	16	0	100.00	CG
3	6047207	6047392	8	1	88.89	CHG
3	6047207	6047392	262	19	93.24	CHH
3	6570907	6571273	40	9	81.63	CG
3	6570907	6571273	10	3	76.92	CHG
3	6570907	6571273	73	83	46.79	CHH
3	7246619	7246872	122	37	76.73	CG
3	7246619	7246872	37	4	90.24	CHG
3	7246619	7246872	74	123	37.56	CHH
3	8015940	8016118	28	0	100.00	CHH
3	8409618	8409743	0	9	0.00	CHH
3	8629457	8629689	5	3	62.50	CG
3	8629457	8629689	3	0	100.00	CHG
3	8629457	8629689	133	51	72.28	CHH
3	8942617	8943063	29	3	90.62	CG
3	8942617	8943063	13	0	100.00	CHG
3	8942617	8943063	34	104	24.64	CHH
3	9319923	9320317	10	6	62.50	CG
3	9319923	9320317	6	6	50.00	CHG
3	9319923	9320317	10	144	6.49	CHH
3	11067334	11067625	2	0	100.00	CG
3	11067334	11067625	8	0	100.00	CHG
3	11067334	11067625	42	148	22.11	CHH
3	11642409	11642580	2	4	33.33	CHG
3	11642409	11642580	34	38	47.22	CHH
3	11857284	11857411	4	0	100.00	CHG
3	11857284	11857411	31	22	58.49	CHH
3	12675151	12675358	3	0	100.00	CG
3	12675151	12675358	15	21	41.67	CHH
3	13124743	13124928	50	5	90.91	CG
3	13124743	13124928	23	1	95.83	CHG
3	13124743	13124928	528	27	95.14	CHH
3	14057905	14058092	22	0	100.00	CG
3	14057905	14058092	14	0	100.00	CHG
3	14057905	14058092	18	108	14.29	CHH
3	14749193	14749460	4	0	100.00	CG
3	14749193	14749460	102	8	92.73	CHH
3	15103668	15103782	6	0	100.00	CHG
3	15103668	15103782	47	43	52.22	CHH
3	15113224	15113412	32	46	41.03	CHH
3	15134383	15134587	1	108	0.92	CHH
3	15613686	15613799	0	10	0.00	CG
3	15613686	15613799	0	9	0.00	CHG
3	15613686	15613799	4	49	7.55	CHH
3	16709783	16710100	34	19	64.15	CG
3	16709783	16710100	42	29	59.15	CHG
3	16709783	16710100	57	157	26.64	CHH
3	16776362	16776567	58	34	63.04	CHH
3	17308009	17308190	5	0	100.00	CG
3	17308009	17308190	13	0	100.00	CHG
3	17308009	17308190	21	308	6.38	CHH
3	17916587	17916910	1	0	100.00	CG
3	17916587	17916910	1	0	100.00	CHG
3	17916587	17916910	43	22	66.15	CHH
3	18637898	18638001	6	0	100.00	CG
3	18637898	18638001	21	16	56.76	CHH
3	20725201	20725339	9	0	100.00	CG
3	20725201	20725339	5	1	83.33	CHG
3	20725201	20725339	46	60	43.40	CHH
3	23359385	23359602	3	1	75.00	CG
3	23359385	23359602	1	1	50.00	CHG
3	23359385	23359602	54	56	49.09	CHH
3	24411908	24412466	7	81	7.95	CG
3	24411908	24412466	0	43	0.00	CHG
3	24411908	24412466	14	604	2.27	CHH
3	24572450	24572571	1	37	2.63	CHH
3	24924369	24924505	24	3	88.89	CG
3	24924369	24924505	5	0	100.00	CHG
3	24924369	24924505	200	21	90.50	CHH
3	26123077	26123398	17	3	85.00	CG
3	26123077	26123398	24	29	45.28	CHG
3	26123077	26123398	8	134	5.63	CHH
3	26143599	26144289	1	34	2.86	CG
3	26143599	26144289	4	73	5.19	CHG
3	26143599	26144289	31	491	5.94	CHH
3	26819731	26819992	174	46	79.09	CHH
3	27436719	27436866	7	0	100.00	CHG
3	27436719	27436866	20	66	23.26	CHH
3	27617928	27618015	2	51	3.77	CG
3	27617928	27618015	4	23	14.81	CHG
3	27617928	27618015	15	180	7.69	CHH
3	27618313	27618751	6	5	54.55	CG
3	27618313	27618751	5	19	20.83	CHG
3	27618313	27618751	29	109	21.01	CHH
3	27626160	27626452	50	7	87.72	CG
3	27626160	27626452	9	38	19.15	CHG
3	27626160	27626452	85	303	21.91	CHH
3	27785308	27785617	0	3	0.00	CG
3	27785308	27785617	66	57	53.66	CHH
3	28228225	28228487	60	26	69.77	CHH
3	29591935	29592097	5	0	100.00	CG
3	29591935	29592097	3	39	7.14	CHH
3	29675163	29675476	3	0	100.00	CG
3	29675163	29675476	234	50	82.39	CHH
3	29885011	29885181	44	5	89.80	CG
3	29885011	29885181	21	4	84.00	CHG
3	29885011	29885181	285	53	84.32	CHH
3	30100210	30100463	3	0	100.00	CG
3	30100210	30100463	11	37	22.92	CHH
3	30420791	30420983	49	48	50.52	CHH
3	30830679	30830818	55	240	18.64	CHH
3	31089191	31090510	177	11	94.15	CG
3	31089191	31090510	74	33	69.16	CHG
3	31089191	31090510	101	429	19.06	CHH
3	31423977	31424278	6	37	13.95	CHH
3	31722863	31723138	30	318	8.62	CHH
3	32006376	32006716	2	3	40.00	CHG
3	32006376	32006716	80	113	41.45	CHH
3	32110687	32111197	91	0	100.00	CG
3	32110687	32111197	46	15	75.41	CHG
3	32110687	32111197	76	194	28.15	CHH
3	32173553	32173723	6	0	100.00	CHG
3	32173553	32173723	35	18	66.04	CHH
3	32182087	32182430	4	2	66.67	CG
3	32182087	32182430	0	6	0.00	CHG
3	32182087	32182430	86	77	52.76	CHH
3	33684752	33685642	82	14	85.42	CG
3	33684752	33685642	43	103	29.45	CHG
3	33684752	33685642	41	745	5.22	CHH
4	468669	468758	31	8	79.49	CHH
4	4915709	4916399	35	7	83.33	CG
4	4915709	4916399	16	25	39.02	CHG
4	4915709	4916399	82	191	30.04	CHH
4	7381268	7381662	6	0	100.00	CG
4	7381268	7381662	11	0	100.00	CHG
4	7381268	7381662	54	163	24.88	CHH
4	7888722	7888904	0	1	0.00	CHG
4	7888722	7888904	1	5	16.67	CHH
4	7955024	7955201	2	0	100.00	CG
4	7955024	7955201	1	0	100.00	CHG
4	7955024	7955201	21	33	38.89	CHH
4	15396846	15397090	30	6	83.33	CG
4	15396846	15397090	29	10	74.36	CHG
4	15396846	15397090	98	86	53.26	CHH
4	19683995	19684552	27	64	29.67	CG
4	19683995	19684552	4	124	3.12	CHG
4	19683995	19684552	17	392	4.16	CHH
4	19744896	19745083	6	7	46.15	CG
4	19744896	19745083	18	126	12.50	CHH
4	20001003	20001260	4	2	66.67	CHG
4	20001003	20001260	244	140	63.54	CHH
4	20595423	20595521	2	15	11.76	CG
4	20595423	20595521	0	7	0.00	CHG
4	20595423	20595521	38	219	14.79	CHH
4	21627729	21627912	1	0	100.00	CG
4	21627729	21627912	1	0	100.00	CHG
4	21627729	21627912	11	27	28.95	CHH
4	21744228	21744373	6	13	31.58	CG
4	21744228	21744373	1	0	100.00	CHG
4	21744228	21744373	42	112	27.27	CHH
4	21934032	21934221	44	39	53.01	CHH
4	21962681	21962889	10	0	100.00	CG
4	21962681	21962889	0	2	0.00	CHG
4	21962681	21962889	34	50	40.48	CHH
4	22575513	22575843	62	95	39.49	CHH
4	24030042	24030690	3	0	100.00	CG
4	24030042	24030690	0	4	0.00	CHG
4	24030042	24030690	45	29	60.81	CHH
4	24127511	24127670	4	0	100.00	CG
4	24127511	24127670	7	6	53.85	CHG
4	24127511	24127670	88	96	47.83	CHH
4	25426804	25426964	4	3	57.14	CHG
4	25426804	25426964	26	108	19.40	CHH
4	25457672	25458128	310	27	91.99	CG
4	25457672	25458128	62	69	47.33	CHG
4	25457672	25458128	109	540	16.80	CHH
4	25472006	25472224	45	2	95.74	CHH
4	25475165	25475574	6	0	100.00	CG
4	25475165	25475574	10	5	66.67	CHG
4	25475165	25475574	86	19	81.90	CHH
4	26530153	26530244	0	52	0.00	CHH
4	27630370	27630458	14	2	87.50	CHH
4	27903713	27903888	227	302	42.91	CHH
4	27907257	27907388	1	0	100.00	CG
4	27907257	27907388	2	0	100.00	CHH
4	28531802	28532069	3	0	100.00	CG
4	28531802	28532069	0	3	0.00	CHG
4	28531802	28532069	117	37	75.97	CHH
4	28847972	28848187	0	10	0.00	CHH
4	29191225	29191443	9	3	75.00	CG
4	29191225	29191443	4	35	10.26	CHG
4	29191225	29191443	70	97	41.92	CHH
4	30022367	30022520	7	0	100.00	CG
4	30022367	30022520	35	1	97.22	CHH
4	30176025	30176485	168	117	58.95	CHH
4	32693175	32693646	34	7	82.93	CG
4	32693175	32693646	25	5	83.33	CHG
4	32693175	32693646	48	220	17.91	CHH
4	33655119	33655383	44	0	100.00	CG
4	33655119	33655383	57	228	20.00	CHH
4	33656481	33656726	19	0	100.00	CG
4	33656481	33656726	3	0	100.00	CHG
4	33656481	33656726	15	24	38.46	CHH
4	33881401	33881625	87	1	98.86	CG
4	33881401	33881625	62	31	66.67	CHG
4	33881401	33881625	58	172	25.22	CHH
4	35050130	35050413	5	28	15.15	CG
4	35050130	35050413	5	23	17.86	CHG
4	35050130	35050413	32	132	19.51	CHH
5	490310	490462	193	54	78.14	CG
5	490310	490462	96	140	40.68	CHG
5	490310	490462	10	559	1.76	CHH
5	1679699	1679790	6	18	25.00	CHH
5	2851958	2852160	16	90	15.09	CHH
5	4894101	4894252	131	159	45.17	CHH
5	5433067	5433323	29	1	96.67	CG
5	5433067	5433323	17	9	65.38	CHG
5	5433067	5433323	176	152	53.66	CHH
5	5754539	5754748	1	0	100.00	CG
5	5754539	5754748	3	5	37.50	CHH
5	6765407	6765604	29	0	100.00	CG
5	6765407	6765604	16	32	33.33	CHG
5	6765407	6765604	67	179	27.24	CHH
5	6820542	6820679	5	0	100.00	CG
5	6820542	6820679	19	48	28.36	CHH
5	7418842	7418942	213	56	79.18	CHH
5	7972537	7972780	0	3	0.00	CHG
5	7972537	7972780	78	17	82.11	CHH
5	10755227	10755310	9	0	100.00	CG
5	10755227	10755310	17	36	32.08	CHH
5	10919623	10920166	18	5	78.26	CG
5	10919623	10920166	0	6	0.00	CHG
5	10919623	10920166	11	105	9.48	CHH
5	16273063	16273157	11	36	23.40	CHH
5	16311105	16311318	18	0	100.00	CG
5	16311105	16311318	18	3	85.71	CHG
5	16311105	16311318	108	296	26.73	CHH
5	16856035	16856371	37	11	77.08	CG
5	16856035	16856371	36	49	42.35	CHG
5	16856035	16856371	46	351	11.59	CHH
5	17137118	17137270	6	0	100.00	CG
5	17137118	17137270	136	84	61.82	CHH
5	17258135	17258245	9	0	100.00	CG
5	17258135	17258245	66	73	47.48	CHH
5	17317435	17317693	6	0	100.00	CG
5	17317435	17317693	3	8	27.27	CHG
5	17317435	17317693	42	75	35.90	CHH
5	19716275	19716490	6	2	75.00	CG
5	19716275	19716490	0	2	0.00	CHG
5	19716275	19716490	2	111	1.77	CHH
5	21149049	21149184	2	23	8.00	CG
5	21149049	21149184	0	32	0.00	CHG
5	21149049	21149184	0	112	0.00	CHH
5	21464548	21464805	61	61	50.00	CHH
5	21857485	21857720	10	4	71.43	CG
5	21857485	21857720	3	20	13.04	CHG
5	21857485	21857720	30	66	31.25	CHH
5	21875509	21875764	18	5	78.26	CG
5	21875509	21875764	16	19	45.71	CHG
5	21875509	21875764	64	177	26.56	CHH
5	22000757	22000964	1	0	100.00	CHG
5	22000757	22000964	118	85	58.13	CHH
5	22219878	22220102	19	24	44.19	CHH
5	22429520	22429752	19	5	79.17	CG
5	22429520	22429752	10	7	58.82	CHG
5	22429520	22429752	87	113	43.50	CHH
5	22973734	22973969	21	11	65.62	CHH
5	23987118	23987584	125	3	97.66	CG
5	23987118	23987584	118	119	49.79	CHG
5	23987118	23987584	34	794	4.11	CHH
5	24142822	24143088	41	1	97.62	CG
5	24142822	24143088	3	6	33.33	CHG
5	24142822	24143088	154	85	64.44	CHH
5	24848633	24848969	11	5	68.75	CHG
5	24848633	24848969	187	170	52.38	CHH
5	25347572	25347835	14	133	9.52	CG
5	25347572	25347835	7	125	5.30	CHG
5	25347572	25347835	39	556	6.55	CHH
5	25348057	25348813	42	12	77.78	CG
5	25348057	25348813	18	277	6.10	CHG
5	25348057	25348813	51	1055	4.61	CHH
5	25916465	25916630	33	6	84.62	CHG
5	25916465	25916630	508	182	73.62	CHH
5	26950841	26950938	3	0	100.00	CG
5	26950841	26950938	4	15	21.05	CHH
5	26989629	26989802	1	0	100.00	CHG
5	26989629	26989802	88	36	70.97	CHH
6	302524	302830	36	45	44.44	CHH
6	2377299	2377436	14	3	82.35	CG
6	2377299	2377436	1	28	3.45	CHG
6	2377299	2377436	14	154	8.33	CHH
6	2717082	2717211	166	103	61.71	CHH
6	2924454	2924561	8	5	61.54	CG
6	2924454	2924561	61	46	57.01	CHH
6	3943947	3944133	2	36	5.26	CHH
6	4186290	4186414	33	0	100.00	CHH
6	5151759	5151869	256	115	69.00	CHH
6	5377103	5377226	3	4	42.86	CHG
6	5377103	5377226	28	8	77.78	CHH
6	6081368	6081698	6	146	3.95	CG
6	6081368	6081698	1	48	2.04	CHG
6	6081368	6081698	16	530	2.93	CHH
6	7060562	7060710	8	8	50.00	CHH
6	7540043	7540265	15	1	93.75	CG
6	7540043	7540265	3	7	30.00	CHG
6	7540043	7540265	7	121	5.47	CHH
6	7540556	7540748	19	9	67.86	CG
6	7540556	7540748	63	64	49.61	CHH
6	7725720	7725950	31	3	91.18	CG
6	7725720	7725950	38	20	65.52	CHG
6	7725720	7725950	4	80	4.76	CHH
6	8356414	8356617	77	91	45.83	CHH
6	8927960	8928209	2	2	50.00	CHG
6	8927960	8928209	2	5	28.57	CHH
6	9469938	9470183	100	30	76.92	CHH
6	11300952	11301165	2	2	50.00	CG
6	11300952	11301165	2	7	22.22	CHG
6	11300952	11301165	11	113	8.87	CHH
6	11305250	11305430	0	41	0.00	CG
6	11305250	11305430	0	7	0.00	CHG
6	11305250	11305430	0	95	0.00	CHH
6	11997277	11997419	11	0	100.00	CG
6	11997277	11997419	2	3	40.00	CHG
6	11997277	11997419	9	65	12.16	CHH
6	13738650	13738842	14	5	73.68	CG
6	13738650	13738842	6	47	11.32	CHG
6	13738650	13738842	40	250	13.79	CHH
6	13951510	13951630	5	5	50.00	CG
6	13951510	13951630	4	15	21.05	CHG
6	13951510	13951630	8	85	8.60	CHH
6	14809518	14809915	24	0	100.00	CG
6	14809518	14809915	1	30	3.23	CHG
6	14809518	14809915	53	211	20.08	CHH
6	19710274	19711097	44	8	84.62	CG
6	19710274	19711097	83	61	57.64	CHG
6	19710274	19711097	126	315	28.57	CHH
6	20384125	20384463	27	75	26.47	CG
6	20384125	20384463	10	95	9.52	CHG
6	20384125	20384463	32	502	5.99	CHH
6	22376044	22376666	7	5	58.33	CG
6	22376044	22376666	0	6	0.00	CHG
6	22376044	22376666	5	248	1.98	CHH
6	23395298	23395797	24	0	100.00	CG
6	23395298	23395797	8	2	80.00	CHG
6	23395298	23395797	241	97	71.30	CHH
6	23537611	23537873	14	0	100.00	CHG
6	23537611	23537873	54	65	45.38	CHH
6	24030066	24030155	5	11	31.25	CHG
6	24030066	24030155	52	1	98.11	CHH
6	24282820	24282990	6	8	42.86	CHG
6	24282820	24282990	16	152	9.52	CHH
6	25073298	25073513	22	0	100.00	CG
6	25073298	25073513	12	8	60.00	CHG
6	25073298	25073513	52	110	32.10	CHH
6	25078471	25078618	1	2	33.33	CHG
6	25078471	25078618	27	44	38.03	CHH
6	25314682	25315364	23	0	100.00	CG
6	25314682	25315364	10	2	83.33	CHG
6	25314682	25315364	85	166	33.86	CHH
6	26183206	26183498	13	1	92.86	CG
6	26183206	26183498	203	182	52.73	CHH
6	26270983	26271153	5	1	83.33	CG
6	26270983	26271153	6	0	100.00	CHG
6	26270983	26271153	94	4	95.92	CHH
6	26899910	26900127	52	103	33.55	CHH
6	27022910	27023085	4	2	66.67	CG
6	27022910	27023085	0	19	0.00	CHH
6	29399343	29399607	3	0	100.00	CHG
6	29399343	29399607	50	66	43.10	CHH
6	30191023	30191331	14	1	93.33	CG
6	30191023	30191331	37	11	77.08	CHG
6	30191023	30191331	101	92	52.33	CHH
6	30403805	30404034	29	6	82.86	CHH
6	30913757	30913901	1	0	100.00	CG
6	30913757	30913901	80	53	60.15	CHH
7	436559	436644	48	0	100.00	CHH
7	553125	553382	0	6	0.00	CHG
7	553125	553382	25	136	15.53	CHH
7	1581483	1581569	9	7	56.25	CHG
7	1581483	1581569	24	84	22.22	CHH
7	2236802	2236948	5	0	100.00	CG
7	2236802	2236948	0	2	0.00	CHG
7	2236802	2236948	1	43	2.27	CHH
7	2529367	2529520	82	109	42.93	CHH
7	3142735	3143078	18	15	54.55	CG
7	3142735	3143078	10	23	30.30	CHG
7	3142735	3143078	92	126	42.20	CHH
7	3169312	3169590	2	6	25.00	CHG
7	3169312	3169590	169	244	40.92	CHH
7	3220899	3221205	45	66	40.54	CHH
7	3739834	3740067	18	0	100.00	CG
7	3739834	3740067	8	4	66.67	CHG
7	3739834	3740067	61	139	30.50	CHH
7	4348410	4348541	0	21	0.00	CG
7	4348410	4348541	0	30	0.00	CHG
7	4348410	4348541	1	212	0.47	CHH
7	5121301	5121458	5	0	100.00	CG
7	5121301	5121458	3	0	100.00	CHG
7	5121301	5121458	34	30	53.12	CHH
7	6141659	6141862	57	6	90.48	CG
7	6141659	6141862	22	5	81.48	CHG
7	6141659	6141862	79	97	44.89	CHH
7	7806227	7806511	23	0	100.00	CHG
7	7806227	7806511	511	48	91.41	CHH
7	8049142	8049326	43	1	97.73	CG
7	8049142	8049326	6	10	37.50	CHG
7	8049142	8049326	40	133	23.12	CHH
7	8294134	8294483	0	21	0.00	CG
7	8294134	8294483	0	33	0.00	CHG
7	8294134	8294483	1	156	0.64	CHH
7	8334119	8334358	8	9	47.06	CHG
7	8334119	8334358	406	231	63.74	CHH
7	8993394	8993705	3	0	100.00	CG
7	8993394	8993705	24	30	44.44	CHH
7	13286370	13286485	58	28	67.44	CHH
7	15188698	15188829	0	5	0.00	CHG
7	15188698	15188829	8	91	8.08	CHH
7	15431878	15432092	27	0	100.00	CG
7	15431878	15432092	7	5	58.33	CHG
7	15431878	15432092	55	87	38.73	CHH
7	15677983	15678606	42	139	23.20	CG
7	15677983	15678606	46	161	22.22	CHG
7	15677983	15678606	93	585	13.72	CHH
7	16599468	16599909	16	7	69.57	CG
7	16599468	16599909	0	51	0.00	CHG
7	16599468	16599909	10	264	3.65	CHH
7	17099241	17099723	2	0	100.00	CHG
7	17099241	17099723	237	130	64.58	CHH
7	17790357	17790553	10	8	55.56	CG
7	17790357	17790553	15	21	41.67	CHG
7	17790357	17790553	1	250	0.40	CHH
7	18624941	18625154	2	0	100.00	CG
7	18624941	18625154	1	0	100.00	CHG
7	18624941	18625154	11	120	8.40	CHH
7	18712663	18712940	39	132	22.81	CHH
7	19254932	19255653	136	46	74.73	CG
7	19254932	19255653	67	295	18.51	CHG
7	19254932	19255653	115	1128	9.25	CHH
7	20129015	20129222	23	58	28.40	CHH
7	20150949	20151108	11	0	100.00	CG
7	20150949	20151108	7	8	46.67	CHG
7	20150949	20151108	19	80	19.19	CHH
7	20424851	20425235	10	0	100.00	CG
7	20424851	20425235	134	243	35.54	CHH
7	21311702	21311873	2	0	100.00	CG
7	21311702	21311873	3	0	100.00	CHG
7	21311702	21311873	2	51	3.77	CHH
7	22392996	22393180	36	9	80.00	CG
7	22392996	22393180	25	6	80.65	CHG
7	22392996	22393180	21	225	8.54	CHH
7	22532503	22532689	13	67	16.25	CHH
7	22933956	22934220	138	2	98.57	CG
7	22933956	22934220	20	12	62.50	CHG
7	22933956	22934220	37	271	12.01	CHH
7	24616760	24617444	109	8	93.16	CG
7	24616760	24617444	71	64	52.59	CHG
7	24616760	24617444	134	447	23.06	CHH
7	24811648	24811977	16	0	100.00	CG
7	24811648	24811977	2	0	100.00	CHG
7	24811648	24811977	505	140	78.29	CHH
7	24948880	24949085	116	99	53.95	CHH
7	25909857	25910353	28	4	87.50	CG
7	25909857	25910353	33	21	61.11	CHG
7	25909857	25910353	42	296	12.43	CHH
7	26251607	26251758	80	13	86.02	CHH
7	26258085	26258557	145	28	83.82	CG
7	26258085	26258557	32	24	57.14	CHG
7	26258085	26258557	111	272	28.98	CHH
7	27119822	27120089	6	2	75.00	CG
7	27119822	27120089	0	6	0.00	CHG
7	27119822	27120089	43	141	23.37	CHH
7	27169621	27169836	0	1	0.00	CG
7	27169621	27169836	0	36	0.00	CHG
7	27169621	27169836	0	97	0.00	CHH
7	27307263	27307688	57	23	71.25	CG
7	27307263	27307688	30	32	48.39	CHG
7	27307263	27307688	42	183	18.67	CHH
7	28376367	28376563	12	2	85.71	CG
7	28376367	28376563	6	4	60.00	CHG
7	28376367	28376563	189	87	68.48	CHH
7	29243799	29244004	154	0	100.00	CHH
7	29311074	29311344	49	191	20.42	CHH
7	29467990	29468204	12	61	16.44	CHH
8	1575049	1575210	9	54	14.29	CHH
8	1623373	1623626	13	0	100.00	CG
8	1623373	1623626	7	5	58.33	CHG
8	1623373	1623626	270	104	72.19	CHH
8	2431336	2431426	0	11	0.00	CG
8	2431336	2431426	27	43	38.57	CHH
8	3073639	3073816	2	24	7.69	CG
8	3073639	3073816	0	48	0.00	CHG
8	3073639	3073816	2	151	1.31	CHH
8	3388417	3388667	3	8	27.27	CG
8	3388417	3388667	130	45	74.29	CHH
8	3751907	3752073	2	10	16.67	CG
8	3751907	3752073	4	10	28.57	CHG
8	3751907	3752073	6	66	8.33	CHH
8	3958363	3958508	24	30	44.44	CHH
8	5321619	5321826	4	0	100.00	CG
8	5321619	5321826	235	100	70.15	CHH
8	5680035	5680214	18	0	100.00	CG
8	5680035	5680214	27	5	84.38	CHG
8	5680035	5680214	66	156	29.73	CHH
8	5836841	5837082	42	1	97.67	CG
8	5836841	5837082	210	239	46.77	CHH
8	6111458	6111746	13	1	92.86	CG
8	6111458	6111746	5	10	33.33	CHG
8	6111458	6111746	16	119	11.85	CHH
8	6753823	6754136	9	0	100.00	CG
8	6753823	6754136	19	8	70.37	CHG
8	6753823	6754136	271	189	58.91	CHH
8	7603360	7603612	4	0	100.00	CG
8	7603360	7603612	34	12	73.91	CHH
8	8071926	8072156	43	0	100.00	CG
8	8071926	8072156	2	1	66.67	CHG
8	8071926	8072156	24	95	20.17	CHH
8	10060129	10060270	164	65	71.62	CHH
8	10886885	10887057	5	0	100.00	CG
8	10886885	10887057	52	7	88.14	CHH
8	11782944	11783090	8	8	50.00	CHG
8	11782944	11783090	58	146	28.43	CHH
8	12350212	12350309	0	1	0.00	CG
8	12350212	12350309	0	1	0.00	CHG
8	12350212	12350309	13	65	16.67	CHH
8	15503593	15503835	6	0	100.00	CG
8	15503593	15503835	102	93	52.31	CHH
8	18141156	18141305	21	82	20.39	CHH
8	19423131	19423387	2	1	66.67	CG
8	19423131	19423387	8	23	25.81	CHH
8	20377385	20377714	101	18	84.87	CG
8	20377385	20377714	31	8	79.49	CHG
8	20377385	20377714	117	145	44.66	CHH
8	20558563	20558824	1	0	100.00	CG
8	20558563	20558824	0	1	0.00	CHG
8	20558563	20558824	126	13	90.65	CHH
8	21654366	21654527	20	1	95.24	CG
8	21654366	21654527	2	27	6.90	CHG
8	21654366	21654527	2	147	1.34	CHH
8	22741998	22742320	98	58	62.82	CHH
8	22776595	22776863	7	1	87.50	CG
8	22776595	22776863	13	13	50.00	CHG
8	22776595	22776863	75	60	55.56	CHH
8	22948102	22948411	10	3	76.92	CG
8	22948102	22948411	140	48	74.47	CHH
8	23349964	23350100	6	4	60.00	CG
8	23349964	23350100	17	72	19.10	CHH
8	23488434	23488729	16	0	100.00	CG
8	23488434	23488729	2	0	100.00	CHG
8	23488434	23488729	6	74	7.50	CHH
8	24309357	24309533	2	19	9.52	CG
8	24309357	24309533	5	50	9.09	CHG
8	24309357	24309533	14	213	6.17	CHH
8	24422312	24422568	14	2	87.50	CG
8	24422312	24422568	27	21	56.25	CHG
8	24422312	24422568	439	344	56.07	CHH
8	24735337	24736197	136	26	83.95	CG
8	24735337	24736197	56	193	22.49	CHG
8	24735337	24736197	212	1068	16.56	CHH
8	24736834	24737078	55	33	62.50	CG
8	24736834	24737078	4	10	28.57	CHG
8	24736834	24737078	15	239	5.91	CHH
8	24750449	24750953	46	8	85.19	CG
8	24750449	24750953	50	12	80.65	CHG
8	24750449	24750953	80	394	16.88	CHH
8	24768225	24768508	10	1	90.91	CG
8	24768225	24768508	3	32	8.57	CHG
8	24768225	24768508	27	246	9.89	CHH
8	24784953	24785097	16	16	50.00	CG
8	24784953	24785097	5	25	16.67	CHG
8	24784953	24785097	5	327	1.51	CHH
8	24834030	24834325	12	0	100.00	CG
8	24834030	24834325	7	3	70.00	CHG
8	24834030	24834325	79	86	47.88	CHH
8	24968997	24969171	17	0	100.00	CG
8	24968997	24969171	19	1	95.00	CHG
8	24968997	24969171	319	105	75.24	CHH
8	26169264	26169435	7	1	87.50	CG
8	26169264	26169435	1	3	25.00	CHG
8	26169264	26169435	2	54	3.57	CHH
8	26441035	26441114	2	20	9.09	CHG
8	26441035	26441114	37	127	22.56	CHH
8	26827794	26828034	11	71	13.41	CG
8	26827794	26828034	12	54	18.18	CHG
8	26827794	26828034	97	210	31.60	CHH
8	27623734	27623958	37	1	97.37	CG
8	27623734	27623958	17	21	44.74	CHG
8	27623734	27623958	51	86	37.23	CHH
8	28152674	28152872	226	62	78.47	CHH
8	28409753	28410078	13	0	100.00	CG
8	28409753	28410078	4	0	100.00	CHG
8	28409753	28410078	179	63	73.97	CHH
9	1254705	1254916	1	0	100.00	CHH
9	1884036	1884200	100	28	78.12	CHH
9	3634113	3634220	4	0	100.00	CHG
9	3634113	3634220	28	26	51.85	CHH
9	3933418	3933532	8	0	100.00	CG
9	3933418	3933532	10	0	100.00	CHG
9	3933418	3933532	31	55	36.05	CHH
9	4570159	4570785	55	94	36.91	CG
9	4570159	4570785	41	76	35.04	CHG
9	4570159	4570785	137	563	19.57	CHH
9	7158967	7159348	0	1	0.00	CG
9	7158967	7159348	0	8	0.00	CHG
9	7158967	7159348	2	65	2.99	CHH
9	10378957	10379055	16	9	64.00	CG
9	10378957	10379055	0	22	0.00	CHG
9	10378957	10379055	0	76	0.00	CHH
9	10754150	10754480	3	4	42.86	CG
9	10754150	10754480	4	7	36.36	CHG
9	10754150	10754480	69	129	34.85	CHH
9	11037393	11037551	48	131	26.82	CHH
9	14633566	14633811	11	7	61.11	CG
9	14633566	14633811	8	5	61.54	CHG
9	14633566	14633811	37	62	37.37	CHH
9	16086094	16086273	41	11	78.85	CG
9	16086094	16086273	23	22	51.11	CHG
9	16086094	16086273	243	221	52.37	CHH
9	16215726	16215834	0	66	0.00	CHH
9	16663866	16664244	9	38	19.15	CG
9	16663866	16664244	0	50	0.00	CHG
9	16663866	16664244	0	294	0.00	CHH
9	16928122	16928188	18	49	26.87	CHH
9	17420619	17420974	3	5	37.50	CG
9	17420619	17420974	4	6	40.00	CHG
9	17420619	17420974	33	94	25.98	CHH
9	19098095	19098253	0	1	0.00	CHG
9	19098095	19098253	2	16	11.11	CHH
9	21886164	21886293	17	49	25.76	CHH
10	368179	368447	9	1	90.00	CHG
10	368179	368447	90	77	53.89	CHH
10	404795	404929	48	4	92.31	CG
10	404795	404929	6	1	85.71	CHG
10	404795	404929	108	23	82.44	CHH
10	1838124	1838526	4	1	80.00	CG
10	1838124	1838526	5	0	100.00	CHG
10	1838124	1838526	174	254	40.65	CHH
10	1890175	1890720	33	16	67.35	CG
10	1890175	1890720	15	18	45.45	CHG
10	1890175	1890720	55	317	14.78	CHH
10	2576261	2576420	42	156	21.21	CHH
10	3444619	3445144	6	46	11.54	CG
10	3444619	3445144	2	112	1.75	CHG
10	3444619	3445144	14	405	3.34	CHH
10	5680298	5680662	71	372	16.03	CG
10	5680298	5680662	56	385	12.70	CHG
10	5680298	5680662	93	595	13.52	CHH
10	7535391	7535626	0	10	0.00	CHH
10	8506073	8506152	4	9	30.77	CG
10	8506073	8506152	2	85	2.30	CHH
10	9497876	9498140	55	0	100.00	CG
10	9497876	9498140	3	0	100.00	CHG
10	9497876	9498140	183	83	68.80	CHH
10	11192936	11193103	43	1	97.73	CG
10	11192936	11193103	24	22	52.17	CHG
10	11192936	11193103	726	197	78.66	CHH
10	11922949	11923127	19	0	100.00	CG
10	11922949	11923127	62	8	88.57	CHG
10	11922949	11923127	111	66	62.71	CHH
10	12206026	12206233	4	0	100.00	CG
10	12206026	12206233	2	2	50.00	CHG
10	12206026	12206233	108	36	75.00	CHH
10	13147744	13147963	25	4	86.21	CG
10	13147744	13147963	8	5	61.54	CHG
10	13147744	13147963	15	60	20.00	CHH
10	15011394	15011890	166	49	77.21	CG
10	15011394	15011890	78	120	39.39	CHG
10	15011394	15011890	193	807	19.30	CHH
10	15870323	15870605	2	0	100.00	CG
10	15870323	15870605	2	2	50.00	CHG
10	15870323	15870605	2	8	20.00	CHH
10	15986243	15986518	0	5	0.00	CG
10	15986243	15986518	3	7	30.00	CHG
10	15986243	15986518	23	136	14.47	CHH
10	15991567	15992011	9	98	8.41	CG
10	15991567	15992011	7	185	3.65	CHG
10	15991567	15992011	43	495	7.99	CHH
10	16003795	16003950	0	4	0.00	CG
10	16003795	16003950	0	5	0.00	CHG
10	16003795	16003950	0	57	0.00	CHH
10	16208913	16209034	9	2	81.82	CG
10	16208913	16209034	8	6	57.14	CHG
10	16208913	16209034	40	35	53.33	CHH
10	17033161	17033405	49	10	83.05	CG
10	17033161	17033405	5	12	29.41	CHG
10	17033161	17033405	68	89	43.31	CHH
10	18046108	18046282	45	8	84.91	CHH
10	18101624	18101816	42	9	82.35	CG
10	18101624	18101816	18	26	40.91	CHG
10	18101624	18101816	164	88	65.08	CHH
10	18561922	18562175	16	1	94.12	CG
10	18561922	18562175	37	30	55.22	CHG
10	18561922	18562175	69	212	24.56	CHH
10	18632472	18632641	48	150	24.24	CHH
10	19698082	19698409	10	1	90.91	CG
10	19698082	19698409	13	9	59.09	CHG
10	19698082	19698409	158	158	50.00	CHH
10	19941399	19941637	2	0	100.00	CG
10	19941399	19941637	16	43	27.12	CHH
10	20291443	20292459	161	10	94.15	CG
10	20291443	20292459	76	38	66.67	CHG
10	20291443	20292459	130	639	16.91	CHH
10	20762313	20762534	0	43	0.00	CG
10	20762313	20762534	0	79	0.00	CHG
10	20762313	20762534	0	237	0.00	CHH
10	20778820	20779263	4	82	4.65	CG
10	20778820	20779263	7	197	3.43	CHG
10	20778820	20779263	43	643	6.27	CHH
10	21827999	21828272	1	3	25.00	CHG
10	21827999	21828272	20	44	31.25	CHH
10	22689536	22689741	13	21	38.24	CHH
10	22690213	22690439	66	33	66.67	CHH
11	569050	569549	9	0	100.00	CG
11	569050	569549	83	39	68.03	CHG
11	569050	569549	359	560	39.06	CHH
11	1200546	1200636	3	4	42.86	CG
11	1200546	1200636	3	4	42.86	CHG
11	1200546	1200636	6	77	7.23	CHH
11	1713742	1714360	37	73	33.64	CG
11	1713742	1714360	11	48	18.64	CHG
11	1713742	1714360	56	375	12.99	CHH
11	1878755	1878890	0	7	0.00	CG
11	1878755	1878890	0	3	0.00	CHG
11	1878755	1878890	12	122	8.96	CHH
11	1932470	1932979	17	0	100.00	CG
11	1932470	1932979	18	39	31.58	CHG
11	1932470	1932979	196	380	34.03	CHH
11	1947206	1947542	7	0	100.00	CG
11	1947206	1947542	45	81	35.71	CHH
11	2378673	2378944	55	0	100.00	CG
11	2378673	2378944	1	0	100.00	CHG
11	2378673	2378944	120	73	62.18	CHH
11	5554822	5555192	25	0	100.00	CG
11	5554822	5555192	77	10	88.51	CHG
11	5554822	5555192	95	295	24.36	CHH
11	7332863	7333120	4	6	40.00	CHG
11	7332863	7333120	103	23	81.75	CHH
11	7589703	7589963	4	1	80.00	CG
11	7589703	7589963	6	1	85.71	CHG
11	7589703	7589963	185	39	82.59	CHH
11	7735709	7735929	5	3	62.50	CG
11	7735709	7735929	7	13	35.00	CHG
11	7735709	7735929	8	93	7.92	CHH
11	8045721	8046006	27	11	71.05	CG
11	8045721	8046006	0	4	0.00	CHG
11	8045721	8046006	8	218	3.54	CHH
11	9151816	9151968	1	0	100.00	CHG
11	9151816	9151968	17	13	56.67	CHH
11	11662804	11663369	6	0	100.00	CG
11	11662804	11663369	10	0	100.00	CHG
11	11662804	11663369	46	104	30.67	CHH
11	11787143	11787246	64	136	32.00	CHH
11	13632522	13632647	7	43	14.00	CHG
11	13632522	13632647	4	141	2.76	CHH
11	14005572	14005699	182	158	53.53	CHH
11	14006096	14006227	57	103	35.62	CHH
11	14311549	14311878	195	11	94.66	CG
11	14311549	14311878	32	13	71.11	CHG
11	14311549	14311878	19	349	5.16	CHH
11	16006890	16007049	2	1	66.67	CG
11	16006890	16007049	69	146	32.09	CHH
11	16339318	16339504	37	1	97.37	CG
11	16339318	16339504	0	7	0.00	CHG
11	16339318	16339504	19	255	6.93	CHH
11	16884445	16884740	14	0	100.00	CG
11	16884445	16884740	163	113	59.06	CHH
11	16979978	16980123	26	118	18.06	CHH
11	18415594	18415828	22	49	30.99	CHH
11	19478887	19479310	11	0	100.00	CG
11	19478887	19479310	11	39	22.00	CHG
11	19478887	19479310	31	91	25.41	CHH
11	19817539	19817761	2	20	9.09	CHG
11	19817539	19817761	132	162	44.90	CHH
11	21197890	21198236	0	3	0.00	CHG
11	21197890	21198236	26	24	52.00	CHH
11	21255747	21256111	42	1	97.67	CG
11	21255747	21256111	34	24	58.62	CHG
11	21255747	21256111	74	214	25.69	CHH
11	21412886	21413094	27	2	93.10	CG
11	21412886	21413094	12	17	41.38	CHG
11	21412886	21413094	7	99	6.60	CHH
11	22039593	22039763	7	3	70.00	CHG
11	22039593	22039763	28	54	34.15	CHH
11	23435202	23435727	6	17	26.09	CG
11	23435202	23435727	46	71	39.32	CHG
11	23435202	23435727	83	344	19.44	CHH
11	24395075	24395260	2	24	7.69	CG
11	24395075	24395260	0	13	0.00	CHG
11	24395075	24395260	19	157	10.80	CHH
11	24851409	24851658	26	0	100.00	CG
11	24851409	24851658	29	5	85.29	CHG
11	24851409	24851658	35	129	21.34	CHH
11	24991462	24991590	8	12	40.00	CHG
11	24991462	24991590	41	42	49.40	CHH
11	25110396	25110624	15	0	100.00	CG
11	25110396	25110624	8	1	88.89	CHG
11	25110396	25110624	59	68	46.46	CHH
11	25586084	25586542	15	1	93.75	CG
11	25586084	25586542	21	4	84.00	CHG
11	25586084	25586542	102	238	30.00	CHH
11	25784649	25784892	16	5	76.19	CG
11	25784649	25784892	6	23	20.69	CHG
11	25784649	25784892	25	256	8.90	CHH
11	25810584	25810761	8	36	18.18	CHH
11	25853608	25853790	33	120	21.57	CHH
11	26205598	26205997	23	7	76.67	CG
11	26205598	26205997	0	50	0.00	CHG
11	26205598	26205997	3	438	0.68	CHH
11	27682635	27683583	66	1	98.51	CG
11	27682635	27683583	39	22	63.93	CHG
11	27682635	27683583	117	153	43.33	CHH
11	28181129	28181426	7	2	77.78	CG
11	28181129	28181426	12	40	23.08	CHH
12	217168	217301	1	3	25.00	CG
12	217168	217301	3	0	100.00	CHG
12	217168	217301	45	27	62.50	CHH
12	552916	553122	11	68	13.92	CHH
12	793700	793972	12	0	100.00	CHG
12	793700	793972	200	83	70.67	CHH
12	961100	961336	6	2	75.00	CG
12	961100	961336	6	12	33.33	CHG
12	961100	961336	7	57	10.94	CHH
12	1049649	1049822	33	18	64.71	CHH
12	1548545	1548692	0	1	0.00	CHG
12	1548545	1548692	26	16	61.90	CHH
12	1801896	1802216	14	8	63.64	CG
12	1801896	1802216	11	15	42.31	CHG
12	1801896	1802216	56	246	18.54	CHH
12	1816647	1816809	9	0	100.00	CG
12	1816647	1816809	56	14	80.00	CHH
12	2466366	2466538	3	0	100.00	CHG
12	2466366	2466538	20	113	15.04	CHH
12	5021892	5024116	87	20	81.31	CG
12	5021892	5024116	62	357	14.80	CHG
12	5021892	5024116	109	1612	6.33	CHH
12	5024498	5027592	128	9	93.43	CG
12	5024498	5027592	152	224	40.43	CHG
12	5024498	5027592	147	1989	6.88	CHH
12	7849278	7849532	98	8	92.45	CG
12	7849278	7849532	0	3	0.00	CHG
12	7849278	7849532	83	472	14.95	CHH
12	10927998	10928435	10	0	100.00	CG
12	10927998	10928435	3	5	37.50	CHG
12	10927998	10928435	40	234	14.60	CHH
12	11362213	11362441	9	4	69.23	CG
12	11362213	11362441	8	0	100.00	CHG
12	11362213	11362441	57	66	46.34	CHH
12	12440435	12440631	85	76	52.80	CG
12	12440435	12440631	24	57	29.63	CHG
12	12440435	12440631	49	159	23.56	CHH
12	12966688	12966790	319	8	97.55	CHH
12	15202347	15202507	14	0	100.00	CG
12	15202347	15202507	0	6	0.00	CHG
12	15202347	15202507	11	174	5.95	CHH
12	17986589	17987047	47	1	97.92	CG
12	17986589	17987047	7	14	33.33	CHG
12	17986589	17987047	49	245	16.67	CHH
12	18936325	18936741	61	3	95.31	CG
12	18936325	18936741	5	9	35.71	CHG
12	18936325	18936741	39	88	30.71	CHH
12	19120680	19120950	3	18	14.29	CG
12	19120680	19120950	2	6	25.00	CHG
12	19120680	19120950	37	386	8.75	CHH
12	19156150	19156313	5	0	100.00	CG
12	19156150	19156313	17	7	70.83	CHG
12	19156150	19156313	97	106	47.78	CHH
12	21483416	21483688	18	0	100.00	CG
12	21483416	21483688	13	7	65.00	CHG
12	21483416	21483688	4	100	3.85	CHH
12	21831911	21832012	34	62	35.42	CHH
12	22451242	22451490	7	0	100.00	CHG
12	22451242	22451490	67	22	75.28	CHH
12	22462835	22463098	0	11	0.00	CG
12	22462835	22463098	0	48	0.00	CHG
12	22462835	22463098	129	307	29.59	CHH
12	22503691	22503984	3	1	75.00	CG
12	22503691	22503984	2	1	66.67	CHG
12	22503691	22503984	26	15	63.41	CHH
12	23090136	23090406	1	0	100.00	CG
12	23090136	23090406	24	39	38.10	CHH
12	23253874	23254115	4	0	100.00	CG
12	23253874	23254115	5	9	35.71	CHG
12	23253874	23254115	40	86	31.75	CHH
12	23419385	23419484	7	1	87.50	CG
12	23419385	23419484	2	65	2.99	CHH
12	23569460	23569549	0	22	0.00	CG
12	23569460	23569549	1	11	8.33	CHG
12	23569460	23569549	0	44	0.00	CHH
12	24432087	24432276	149	78	65.64	CHH
12	25119408	25119711	19	7	73.08	CG
12	25119408	25119711	0	15	0.00	CHG
12	25119408	25119711	29	120	19.46	CHH
12	25285613	25285813	0	3	0.00	CG
12	25285613	25285813	129	56	69.73	CHH
12	25690213	25690552	20	8	71.43	CG
12	25690213	25690552	4	10	28.57	CHG
12	25690213	25690552	63	40	61.17	CHH
12	26052913	26053003	0	2	0.00	CHG
12	26052913	26053003	0	9	0.00	CHH
