1	521199	522723	181	496	26.74	CG
1	521199	522723	2	641	0.31	CHG
1	521199	522723	6	3240	0.18	CHH
1	718927	719135	0	60	0.00	CG
1	718927	719135	0	82	0.00	CHG
1	718927	719135	0	203	0.00	CHH
1	1687637	1688991	0	288	0.00	CG
1	1687637	1688991	0	308	0.00	CHG
1	1687637	1688991	6	1489	0.40	CHH
1	1781116	1781366	9	329	2.66	CG
1	1781116	1781366	2	119	1.65	CHG
1	1781116	1781366	4	227	1.73	CHH
1	2137510	2140455	66	1861	3.43	CG
1	2137510	2140455	34	1569	2.12	CHG
1	2137510	2140455	179	5640	3.08	CHH
1	2172488	2172625	0	18	0.00	CG
1	2172488	2172625	0	81	0.00	CHH
1	2198640	2199644	189	28	87.10	CG
1	2198640	2199644	68	77	46.90	CHG
1	2198640	2199644	27	209	11.44	CHH
1	2541454	2541598	23	90	20.35	CG
1	2541454	2541598	10	62	13.89	CHG
1	2541454	2541598	29	436	6.24	CHH
1	2579778	2580676	388	166	70.04	CG
1	2579778	2580676	0	666	0.00	CHG
1	2579778	2580676	19	1615	1.16	CHH
1	3016827	3017062	3	727	0.41	CG
1	3016827	3017062	3	337	0.88	CHG
1	3016827	3017062	2	981	0.20	CHH
1	4122738	4127182	334	2136	13.52	CG
1	4122738	4127182	37	2282	1.60	CHG
1	4122738	4127182	463	6038	7.12	CHH
1	4510347	4510477	0	1	0.00	CHG
1	4510347	4510477	2	9	18.18	CHH
1	4702022	4702256	11	56	16.42	CG
1	4702022	4702256	3	35	7.89	CHG
1	4702022	4702256	51	31	62.20	CHH
1	5814441	5815039	0	35	0.00	CG
1	5814441	5815039	0	73	0.00	CHG
1	5814441	5815039	6	426	1.39	CHH
1	6934697	6934863	10	0	100.00	CG
1	6934697	6934863	4	1	80.00	CHG
1	6934697	6934863	0	31	0.00	CHH
1	7198017	7199243	199	50	79.92	CG
1	7198017	7199243	3	254	1.17	CHG
1	7198017	7199243	20	982	2.00	CHH
1	7302410	7302594	0	81	0.00	CG
1	7302410	7302594	0	26	0.00	CHG
1	7302410	7302594	1	173	0.57	CHH
1	7518469	7519081	0	113	0.00	CG
1	7518469	7519081	1	144	0.69	CHG
1	7518469	7519081	9	500	1.77	CHH
1	7690448	7691550	0	418	0.00	CG
1	7690448	7691550	1	342	0.29	CHG
1	7690448	7691550	8	1362	0.58	CHH
1	8124136	8124703	342	101	77.20	CG
1	8124136	8124703	131	166	44.11	CHG
1	8124136	8124703	31	969	3.10	CHH
1	8426975	8427236	23	13	63.89	CG
1	8426975	8427236	0	118	0.00	CHG
1	8426975	8427236	1	463	0.22	CHH
1	8831214	8831605	50	9	84.75	CG
1	8831214	8831605	14	40	25.93	CHG
1	8831214	8831605	12	284	4.05	CHH
1	9124022	9124118	3	0	100.00	CG
1	9124022	9124118	6	4	60.00	CHG
1	9124022	9124118	63	71	47.01	CHH
1	9260960	9261224	6	1	85.71	CG
1	9260960	9261224	0	27	0.00	CHG
1	9260960	9261224	0	158	0.00	CHH
1	9681083	9681232	5	10	33.33	CG
1	9681083	9681232	28	29	49.12	CHH
1	9734291	9734532	3	38	7.32	CG
1	9734291	9734532	0	13	0.00	CHG
1	9734291	9734532	4	169	2.31	CHH
1	10263106	10263294	2	189	1.05	CG
1	10263106	10263294	1	80	1.23	CHG
1	10263106	10263294	1	242	0.41	CHH
1	10401973	10403052	9	321	2.73	CG
1	10401973	10403052	14	260	5.11	CHG
1	10401973	10403052	79	1167	6.34	CHH
1	10417094	10417664	73	4	94.81	CG
1	10417094	10417664	110	49	69.18	CHG
1	10417094	10417664	46	553	7.68	CHH
1	10590568	10590704	0	15	0.00	CG
1	10590568	10590704	0	20	0.00	CHG
1	10590568	10590704	5	46	9.80	CHH
1	10793800	10794970	107	18	85.60	CG
1	10793800	10794970	8	62	11.43	CHG
1	10793800	10794970	6	159	3.64	CHH
1	11027002	11027352	19	6	76.00	CG
1	11027002	11027352	2	62	3.12	CHG
1	11027002	11027352	0	338	0.00	CHH
1	11745247	11745281	0	83	0.00	CG
1	11745247	11745281	0	34	0.00	CHG
1	11745247	11745281	0	60	0.00	CHH
1	11861007	11861467	205	41	83.33	CG
1	11861007	11861467	44	56	44.00	CHG
1	11861007	11861467	17	434	3.77	CHH
1	11988203	11988342	2	246	0.81	CG
1	11988203	11988342	3	184	1.60	CHG
1	11988203	11988342	1	316	0.32	CHH
1	12157565	12159139	64	4051	1.56	CG
1	12157565	12159139	21	2265	0.92	CHG
1	12157565	12159139	37	4097	0.90	CHH
1	12279664	12280353	11	930	1.17	CG
1	12279664	12280353	6	462	1.28	CHG
1	12279664	12280353	6	878	0.68	CHH
1	12851686	12853647	39	98	28.47	CG
1	12851686	12853647	21	523	3.86	CHG
1	12851686	12853647	62	2234	2.70	CHH
1	12977793	12977914	2	0	100.00	CG
1	12977793	12977914	3	15	16.67	CHH
1	14112270	14112409	0	10	0.00	CHH
1	14747584	14748346	2	240	0.83	CG
1	14747584	14748346	4	566	0.70	CHG
1	14747584	14748346	2	1308	0.15	CHH
1	15208882	15210074	72	8	90.00	CG
1	15208882	15210074	14	15	48.28	CHG
1	15208882	15210074	89	192	31.67	CHH
1	15318812	15319293	229	12	95.02	CG
1	15318812	15319293	147	106	58.10	CHG
1	15318812	15319293	13	574	2.21	CHH
1	15355785	15357554	157	256	38.01	CG
1	15355785	15357554	70	332	17.41	CHG
1	15355785	15357554	157	1117	12.32	CHH
1	16453284	16453501	8	0	100.00	CHH
1	16722902	16723067	18	54	25.00	CG
1	16722902	16723067	0	27	0.00	CHG
1	16722902	16723067	2	291	0.68	CHH
1	17385639	17385733	0	9	0.00	CHG
1	17385639	17385733	2	26	7.14	CHH
1	17522237	17522624	139	12	92.05	CG
1	17522237	17522624	68	88	43.59	CHG
1	17522237	17522624	7	326	2.10	CHH
1	17762690	17767322	102	824	11.02	CG
1	17762690	17767322	114	825	12.14	CHG
1	17762690	17767322	440	3614	10.85	CHH
1	17768299	17768525	0	57	0.00	CG
1	17768299	17768525	0	45	0.00	CHG
1	17768299	17768525	0	230	0.00	CHH
1	17915233	17918918	298	347	46.20	CG
1	17915233	17918918	85	503	14.46	CHG
1	17915233	17918918	172	2265	7.06	CHH
1	18479814	18481021	25	119	17.36	CG
1	18479814	18481021	1	154	0.65	CHG
1	18479814	18481021	28	580	4.61	CHH
1	18515221	18516018	12	0	100.00	CG
1	18515221	18516018	3	5	37.50	CHG
1	18515221	18516018	0	14	0.00	CHH
1	18605306	18605413	12	0	100.00	CG
1	18605306	18605413	0	28	0.00	CHG
1	18605306	18605413	0	183	0.00	CHH
1	18679398	18679609	46	14	76.67	CG
1	18679398	18679609	72	14	83.72	CHG
1	18679398	18679609	21	233	8.27	CHH
1	18781271	18781897	6	143	4.03	CG
1	18781271	18781897	0	242	0.00	CHG
1	18781271	18781897	0	520	0.00	CHH
1	19418149	19418371	60	3	95.24	CG
1	19418149	19418371	21	49	30.00	CHG
1	19418149	19418371	4	214	1.83	CHH
1	19588801	19588982	0	2	0.00	CG
1	19588801	19588982	0	1	0.00	CHG
1	19807993	19809436	64	20	76.19	CG
1	19807993	19809436	33	17	66.00	CHG
1	19807993	19809436	49	356	12.10	CHH
1	20220915	20221138	82	15	84.54	CG
1	20220915	20221138	24	16	60.00	CHG
1	20220915	20221138	1	113	0.88	CHH
1	20351135	20352592	356	117	75.26	CG
1	20351135	20352592	12	1128	1.05	CHG
1	20351135	20352592	25	2887	0.86	CHH
1	20353735	20353818	4	8	33.33	CG
1	20353735	20353818	1	33	2.94	CHG
1	20353735	20353818	0	85	0.00	CHH
1	20699332	20703291	620	966	39.09	CG
1	20699332	20703291	339	1349	20.08	CHG
1	20699332	20703291	296	4582	6.07	CHH
1	20759940	20760412	218	8	96.46	CG
1	20759940	20760412	180	39	82.19	CHG
1	20759940	20760412	48	471	9.25	CHH
1	22217602	22218470	63	217	22.50	CG
1	22217602	22218470	25	233	9.69	CHG
1	22217602	22218470	141	751	15.81	CHH
1	22349537	22349928	2	156	1.27	CG
1	22349537	22349928	1	98	1.01	CHG
1	22349537	22349928	4	270	1.46	CHH
1	22963853	22963900	0	12	0.00	CHG
1	22963853	22963900	0	35	0.00	CHH
1	23088705	23088935	2	40	4.76	CG
1	23088705	23088935	0	40	0.00	CHG
1	23088705	23088935	0	147	0.00	CHH
1	23190581	23192012	65	22	74.71	CG
1	23190581	23192012	6	387	1.53	CHG
1	23190581	23192012	9	1667	0.54	CHH
1	23334619	23337433	377	561	40.19	CG
1	23334619	23337433	40	1548	2.52	CHG
1	23334619	23337433	71	4579	1.53	CHH
1	23865834	23867004	228	178	56.16	CG
1	23865834	23867004	55	298	15.58	CHG
1	23865834	23867004	104	754	12.12	CHH
1	24056015	24058047	29	616	4.50	CG
1	24056015	24058047	12	417	2.80	CHG
1	24056015	24058047	37	1467	2.46	CHH
1	24127473	24127717	30	8	78.95	CG
1	24127473	24127717	1	90	1.10	CHG
1	24127473	24127717	0	426	0.00	CHH
1	24218590	24218768	6	26	18.75	CG
1	24218590	24218768	1	25	3.85	CHG
1	24218590	24218768	3	169	1.74	CHH
1	24367289	24368699	34	781	4.17	CG
1	24367289	24368699	14	834	1.65	CHG
1	24367289	24368699	37	2264	1.61	CHH
1	24540618	24541036	3	11	21.43	CG
1	24540618	24541036	1	36	2.70	CHG
1	24540618	24541036	2	132	1.49	CHH
1	25075086	25078372	37	2836	1.29	CG
1	25075086	25078372	23	2469	0.92	CHG
1	25075086	25078372	59	5804	1.01	CHH
1	26189136	26189851	18	143	11.18	CG
1	26189136	26189851	0	325	0.00	CHG
1	26189136	26189851	3	758	0.39	CHH
1	27455091	27455579	151	7	95.57	CG
1	27455091	27455579	161	42	79.31	CHG
1	27455091	27455579	25	583	4.11	CHH
1	27505658	27505866	1	22	4.35	CG
1	27505658	27505866	0	70	0.00	CHG
1	27505658	27505866	1	248	0.40	CHH
1	27576543	27577893	654	136	82.78	CG
1	27576543	27577893	289	189	60.46	CHG
1	27576543	27577893	134	3331	3.87	CHH
1	28118813	28118935	0	42	0.00	CG
1	28118813	28118935	0	106	0.00	CHG
1	28118813	28118935	0	362	0.00	CHH
1	29188109	29189334	26	1348	1.89	CG
1	29188109	29189334	7	819	0.85	CHG
1	29188109	29189334	23	2362	0.96	CHH
1	29223726	29224697	35	1166	2.91	CG
1	29223726	29224697	5	546	0.91	CHG
1	29223726	29224697	68	1682	3.89	CHH
1	29881105	29881917	17	13	56.67	CG
1	29881105	29881917	11	6	64.71	CHG
1	29881105	29881917	2	144	1.37	CHH
1	29892038	29892362	0	5	0.00	CG
1	29892038	29892362	0	23	0.00	CHG
1	29892038	29892362	0	154	0.00	CHH
1	30396534	30396644	0	69	0.00	CG
1	30396534	30396644	0	93	0.00	CHG
1	30396534	30396644	4	98	3.92	CHH
1	30947617	30952229	753	449	62.65	CG
1	30947617	30952229	368	1459	20.14	CHG
1	30947617	30952229	137	7224	1.86	CHH
1	30988314	30988439	4	0	100.00	CG
1	30988314	30988439	5	17	22.73	CHG
1	30988314	30988439	0	84	0.00	CHH
1	31131639	31132785	123	551	18.25	CG
1	31131639	31132785	9	894	1.00	CHG
1	31131639	31132785	32	2245	1.41	CHH
1	32136432	32136605	7	77	8.33	CG
1	32136432	32136605	0	241	0.00	CHG
1	32136432	32136605	5	450	1.10	CHH
1	33466485	33466748	154	21	88.00	CG
1	33466485	33466748	44	48	47.83	CHG
1	33466485	33466748	116	394	22.75	CHH
1	34289798	34291348	161	280	36.51	CG
1	34289798	34291348	153	479	24.21	CHG
1	34289798	34291348	461	1977	18.91	CHH
1	34550341	34550600	0	29	0.00	CG
1	34550341	34550600	0	67	0.00	CHG
1	34550341	34550600	4	272	1.45	CHH
1	34749495	34752244	141	84	62.67	CG
1	34749495	34752244	82	181	31.18	CHG
1	34749495	34752244	110	694	13.68	CHH
1	34928206	34928387	6	2	75.00	CG
1	34928206	34928387	16	5	76.19	CHG
1	34928206	34928387	3	51	5.56	CHH
1	34990120	34992796	387	250	60.75	CG
1	34990120	34992796	209	343	37.86	CHG
1	34990120	34992796	241	1638	12.83	CHH
1	35760612	35760952	25	37	40.32	CG
1	35760612	35760952	0	44	0.00	CHG
1	35760612	35760952	2	253	0.78	CHH
1	35959231	35959351	2	40	4.76	CG
1	35959231	35959351	0	58	0.00	CHG
1	35959231	35959351	0	243	0.00	CHH
1	36112505	36112684	39	33	54.17	CG
1	36112505	36112684	9	26	25.71	CHG
1	36112505	36112684	17	228	6.94	CHH
1	36163384	36164022	1	162	0.61	CG
1	36163384	36164022	4	147	2.65	CHG
1	36163384	36164022	8	585	1.35	CHH
1	36208524	36209666	105	18	85.37	CG
1	36208524	36209666	75	97	43.60	CHG
1	36208524	36209666	37	569	6.11	CHH
1	36479686	36479935	0	243	0.00	CG
1	36479686	36479935	0	71	0.00	CHG
1	36479686	36479935	2	362	0.55	CHH
1	36890844	36891048	1	21	4.55	CG
1	36890844	36891048	1	8	11.11	CHG
1	36890844	36891048	2	77	2.53	CHH
1	37118562	37118725	0	23	0.00	CG
1	37118562	37118725	2	52	3.70	CHG
1	37118562	37118725	0	318	0.00	CHH
1	37253827	37256063	148	30	83.15	CG
1	37253827	37256063	110	47	70.06	CHG
1	37253827	37256063	53	401	11.67	CHH
1	37757198	37758019	131	530	19.82	CG
1	37757198	37758019	37	297	11.08	CHG
1	37757198	37758019	134	950	12.36	CHH
1	39603253	39603550	23	0	100.00	CG
1	39603253	39603550	0	103	0.00	CHG
1	39603253	39603550	0	202	0.00	CHH
1	40609311	40609427	9	5	64.29	CG
1	40609311	40609427	4	105	3.67	CHG
1	40609311	40609427	1	247	0.40	CHH
1	40785754	40786192	29	14	67.44	CG
1	40785754	40786192	2	253	0.78	CHG
1	40785754	40786192	6	633	0.94	CHH
1	41209454	41212661	142	1871	7.05	CG
1	41209454	41212661	84	1083	7.20	CHG
1	41209454	41212661	242	3003	7.46	CHH
2	38468	38578	3	0	100.00	CG
2	38468	38578	0	35	0.00	CHG
2	38468	38578	0	112	0.00	CHH
2	578331	578545	7	0	100.00	CG
2	578331	578545	0	123	0.00	CHG
2	578331	578545	0	301	0.00	CHH
2	1736612	1736996	26	31	45.61	CG
2	1736612	1736996	3	105	2.78	CHG
2	1736612	1736996	11	278	3.81	CHH
2	2004107	2004464	0	13	0.00	CG
2	2004107	2004464	0	55	0.00	CHG
2	2004107	2004464	0	136	0.00	CHH
2	2225031	2228646	487	145	77.06	CG
2	2225031	2228646	240	418	36.47	CHG
2	2225031	2228646	190	2251	7.78	CHH
2	2448881	2450073	30	4	88.24	CG
2	2448881	2450073	32	147	17.88	CHG
2	2448881	2450073	36	454	7.35	CHH
2	2455636	2457226	99	1	99.00	CG
2	2455636	2457226	58	47	55.24	CHG
2	2455636	2457226	6	121	4.72	CHH
2	2916264	2916496	15	1	93.75	CG
2	2916264	2916496	1	66	1.49	CHG
2	2916264	2916496	0	303	0.00	CHH
2	3153141	3153726	138	28	83.13	CG
2	3153141	3153726	142	101	58.44	CHG
2	3153141	3153726	43	963	4.27	CHH
2	3584767	3584907	48	19	71.64	CG
2	3584767	3584907	14	24	36.84	CHG
2	3584767	3584907	110	129	46.03	CHH
2	3668130	3671654	1085	1144	48.68	CG
2	3668130	3671654	435	1301	25.06	CHG
2	3668130	3671654	256	4915	4.95	CHH
2	4394475	4394720	0	28	0.00	CG
2	4394475	4394720	0	129	0.00	CHG
2	4394475	4394720	21	299	6.56	CHH
2	4735326	4735671	0	79	0.00	CG
2	4735326	4735671	6	92	6.12	CHG
2	4735326	4735671	38	338	10.11	CHH
2	4930376	4930562	21	5	80.77	CG
2	4930376	4930562	5	0	100.00	CHG
2	4930376	4930562	11	192	5.42	CHH
2	6097195	6097472	0	70	0.00	CG
2	6097195	6097472	0	132	0.00	CHG
2	6097195	6097472	4	396	1.00	CHH
2	6194639	6194966	0	54	0.00	CG
2	6194639	6194966	0	102	0.00	CHG
2	6194639	6194966	2	444	0.45	CHH
2	6477169	6477370	42	4	91.30	CG
2	6477169	6477370	0	82	0.00	CHG
2	6477169	6477370	10	385	2.53	CHH
2	6479819	6479943	0	98	0.00	CHG
2	6479819	6479943	19	306	5.85	CHH
2	7634883	7634997	2	229	0.87	CG
2	7634883	7634997	0	103	0.00	CHG
2	7634883	7634997	0	252	0.00	CHH
2	9263789	9264764	44	1	97.78	CG
2	9263789	9264764	28	3	90.32	CHG
2	9263789	9264764	4	61	6.15	CHH
2	10881944	10882136	5	17	22.73	CG
2	10881944	10882136	8	18	30.77	CHG
2	10881944	10882136	28	126	18.18	CHH
2	11520851	11521291	0	1	0.00	CHG
2	11520851	11521291	7	6	53.85	CHH
2	11599189	11600489	53	135	28.19	CG
2	11599189	11600489	26	133	16.35	CHG
2	11599189	11600489	75	604	11.05	CHH
2	11939679	11939936	7	0	100.00	CG
2	11939679	11939936	1	14	6.67	CHG
2	11939679	11939936	0	132	0.00	CHH
2	12352060	12352584	106	27	79.70	CG
2	12352060	12352584	40	95	29.63	CHG
2	12352060	12352584	4	486	0.82	CHH
2	12492889	12493008	2	342	0.58	CG
2	12492889	12493008	1	185	0.54	CHG
2	12492889	12493008	0	386	0.00	CHH
2	12583382	12585233	196	67	74.52	CG
2	12583382	12585233	23	649	3.42	CHG
2	12583382	12585233	40	2269	1.73	CHH
2	14258242	14258497	2	56	3.45	CG
2	14258242	14258497	2	14	12.50	CHG
2	14258242	14258497	3	241	1.23	CHH
2	14381584	14382260	74	6	92.50	CG
2	14381584	14382260	9	82	9.89	CHG
2	14381584	14382260	7	627	1.10	CHH
2	14883666	14884152	122	17	87.77	CG
2	14883666	14884152	88	41	68.22	CHG
2	14883666	14884152	43	552	7.23	CHH
2	15077160	15080035	551	26	95.49	CG
2	15077160	15080035	312	211	59.66	CHG
2	15077160	15080035	178	1847	8.79	CHH
2	15300768	15301020	46	2	95.83	CG
2	15300768	15301020	83	93	47.16	CHG
2	15300768	15301020	3	454	0.66	CHH
2	16462100	16462683	203	83	70.98	CG
2	16462100	16462683	53	274	16.21	CHG
2	16462100	16462683	17	1209	1.39	CHH
2	16469340	16469527	87	2	97.75	CG
2	16469340	16469527	62	25	71.26	CHG
2	16469340	16469527	20	194	9.35	CHH
2	16575455	16575576	30	44	40.54	CG
2	16575455	16575576	5	14	26.32	CHG
2	16575455	16575576	37	142	20.67	CHH
2	16909276	16909402	4	0	100.00	CG
2	16909276	16909402	3	0	100.00	CHG
2	16909276	16909402	8	20	28.57	CHH
2	17470250	17470459	26	0	100.00	CG
2	17470250	17470459	20	3	86.96	CHG
2	17470250	17470459	1	176	0.56	CHH
2	17693456	17694041	74	168	30.58	CG
2	17693456	17694041	24	217	9.96	CHG
2	17693456	17694041	53	687	7.16	CHH
2	17846367	17846587	6	360	1.64	CG
2	17846367	17846587	0	178	0.00	CHG
2	17846367	17846587	5	496	1.00	CHH
2	18156897	18157229	93	11	89.42	CG
2	18156897	18157229	39	23	62.90	CHG
2	18156897	18157229	3	148	1.99	CHH
2	19262811	19262974	21	0	100.00	CG
2	19262811	19262974	0	16	0.00	CHG
2	19262811	19262974	0	161	0.00	CHH
2	19369504	19369623	221	20	91.70	CG
2	19369504	19369623	107	45	70.39	CHG
2	19369504	19369623	38	225	14.45	CHH
2	19649757	19649896	0	305	0.00	CG
2	19649757	19649896	0	170	0.00	CHG
2	19649757	19649896	0	428	0.00	CHH
2	20077988	20078291	72	13	84.71	CG
2	20077988	20078291	6	20	23.08	CHG
2	20077988	20078291	8	128	5.88	CHH
2	22210158	22210334	11	58	15.94	CG
2	22210158	22210334	0	13	0.00	CHG
2	22210158	22210334	8	82	8.89	CHH
2	22275294	22275439	0	13	0.00	CG
2	22275294	22275439	0	75	0.00	CHG
2	22275294	22275439	0	295	0.00	CHH
2	22587752	22588156	96	56	63.16	CG
2	22587752	22588156	11	136	7.48	CHG
2	22587752	22588156	17	522	3.15	CHH
2	22836225	22836730	5	235	2.08	CG
2	22836225	22836730	0	209	0.00	CHG
2	22836225	22836730	11	888	1.22	CHH
2	22982677	22982914	0	17	0.00	CG
2	22982677	22982914	0	178	0.00	CHG
2	22982677	22982914	5	451	1.10	CHH
2	23033077	23033411	10	134	6.94	CG
2	23033077	23033411	5	236	2.07	CHG
2	23033077	23033411	18	612	2.86	CHH
2	23394395	23395510	291	43	87.13	CG
2	23394395	23395510	18	337	5.07	CHG
2	23394395	23395510	8	868	0.91	CHH
2	23471507	23472492	20	6	76.92	CG
2	23471507	23472492	16	15	51.61	CHG
2	23471507	23472492	16	110	12.70	CHH
2	24044095	24044460	61	22	73.49	CG
2	24044095	24044460	31	12	72.09	CHG
2	24044095	24044460	15	100	13.04	CHH
2	24717341	24717558	0	36	0.00	CG
2	24717341	24717558	2	71	2.74	CHG
2	24717341	24717558	0	171	0.00	CHH
2	25574998	25576239	114	54	67.86	CG
2	25574998	25576239	103	104	49.76	CHG
2	25574998	25576239	56	1108	4.81	CHH
2	25830725	25831459	4	446	0.89	CG
2	25830725	25831459	8	403	1.95	CHG
2	25830725	25831459	4	1068	0.37	CHH
2	25835047	25835296	1	278	0.36	CG
2	25835047	25835296	5	187	2.60	CHG
2	25835047	25835296	0	582	0.00	CHH
2	26548831	26549237	42	26	61.76	CG
2	26548831	26549237	12	4	75.00	CHG
2	26548831	26549237	72	38	65.45	CHH
2	26659388	26659535	12	1	92.31	CG
2	26659388	26659535	37	46	44.58	CHH
2	26689413	26692203	41	3357	1.21	CG
2	26689413	26692203	36	2201	1.61	CHG
2	26689413	26692203	87	4566	1.87	CHH
2	28199306	28199617	32	7	82.05	CG
2	28199306	28199617	45	27	62.50	CHG
2	28199306	28199617	1	140	0.71	CHH
2	29852698	29852922	2	62	3.12	CG
2	29852698	29852922	0	98	0.00	CHG
2	29852698	29852922	2	243	0.82	CHH
2	30157272	30157610	16	36	30.77	CG
2	30157272	30157610	5	52	8.77	CHG
2	30157272	30157610	17	317	5.09	CHH
2	30823979	30824112	0	60	0.00	CG
2	30823979	30824112	0	102	0.00	CHG
2	30823979	30824112	0	366	0.00	CHH
2	30983625	30984901	2	668	0.30	CG
2	30983625	30984901	5	1028	0.48	CHG
2	30983625	30984901	25	2207	1.12	CHH
2	31445301	31445449	0	20	0.00	CG
2	31445301	31445449	0	114	0.00	CHG
2	31445301	31445449	5	415	1.19	CHH
2	31855152	31855271	0	3	0.00	CHH
2	32524707	32526194	217	262	45.30	CG
2	32524707	32526194	24	615	3.76	CHG
2	32524707	32526194	73	1556	4.48	CHH
2	33158169	33158313	39	1	97.50	CG
2	33158169	33158313	24	27	47.06	CHG
2	33158169	33158313	14	256	5.19	CHH
2	33431516	33431954	31	0	100.00	CG
2	33431516	33431954	0	74	0.00	CHG
2	33431516	33431954	2	550	0.36	CHH
2	33711999	33712328	2	0	100.00	CG
2	33711999	33712328	0	63	0.00	CHG
2	33711999	33712328	1	211	0.47	CHH
2	33834944	33835662	71	73	49.31	CG
2	33834944	33835662	0	194	0.00	CHG
2	33834944	33835662	3	1065	0.28	CHH
2	33936933	33937065	0	9	0.00	CG
2	33936933	33937065	0	53	0.00	CHG
2	33936933	33937065	1	212	0.47	CHH
2	34687871	34690219	54	2101	2.51	CG
2	34687871	34690219	31	1456	2.08	CHG
2	34687871	34690219	76	3847	1.94	CHH
2	34772462	34772598	2	61	3.17	CHG
2	34772462	34772598	9	196	4.39	CHH
2	35300370	35300604	24	0	100.00	CG
2	35300370	35300604	1	165	0.60	CHG
2	35300370	35300604	7	538	1.28	CHH
2	35388799	35389069	0	55	0.00	CG
2	35388799	35389069	0	69	0.00	CHG
2	35388799	35389069	0	245	0.00	CHH
3	480369	480630	120	101	54.30	CG
3	480369	480630	9	216	4.00	CHG
3	480369	480630	41	800	4.88	CHH
3	615186	620505	346	1264	21.49	CG
3	615186	620505	95	1353	6.56	CHG
3	615186	620505	101	4435	2.23	CHH
3	1097994	1098400	202	86	70.14	CG
3	1097994	1098400	122	147	45.35	CHG
3	1097994	1098400	32	971	3.19	CHH
3	2922253	2922366	0	6	0.00	CG
3	2922253	2922366	0	10	0.00	CHG
3	2922253	2922366	1	138	0.72	CHH
3	2924923	2926581	81	30	72.97	CG
3	2924923	2926581	3	522	0.57	CHG
3	2924923	2926581	37	1924	1.89	CHH
3	3101473	3101729	96	197	32.76	CG
3	3101473	3101729	0	213	0.00	CHG
3	3101473	3101729	3	403	0.74	CHH
3	3782983	3787490	40	3454	1.14	CG
3	3782983	3787490	26	2292	1.12	CHG
3	3782983	3787490	63	5761	1.08	CHH
3	4471611	4471796	3	220	1.35	CG
3	4471611	4471796	3	148	1.99	CHG
3	4471611	4471796	7	317	2.16	CHH
3	4501942	4502163	18	39	31.58	CG
3	4501942	4502163	14	17	45.16	CHG
3	4501942	4502163	77	41	65.25	CHH
3	4735915	4736042	4	4	50.00	CG
3	4735915	4736042	0	6	0.00	CHG
3	4735915	4736042	2	38	5.00	CHH
3	5786527	5786697	34	1	97.14	CG
3	5786527	5786697	0	35	0.00	CHG
3	5786527	5786697	1	330	0.30	CHH
3	5790733	5792052	335	34	90.79	CG
3	5790733	5792052	114	122	48.31	CHG
3	5790733	5792052	112	902	11.05	CHH
3	5852144	5852325	94	24	79.66	CG
3	5852144	5852325	66	49	57.39	CHG
3	5852144	5852325	54	573	8.61	CHH
3	5861909	5862252	103	18	85.12	CG
3	5861909	5862252	3	327	0.91	CHG
3	5861909	5862252	0	898	0.00	CHH
3	5863529	5863616	0	45	0.00	CG
3	5863529	5863616	0	95	0.00	CHG
3	5863529	5863616	0	243	0.00	CHH
3	6119207	6119385	7	549	1.26	CG
3	6119207	6119385	0	539	0.00	CHG
3	6119207	6119385	2	543	0.37	CHH
3	6727333	6727471	0	69	0.00	CG
3	6727333	6727471	0	31	0.00	CHG
3	6727333	6727471	0	305	0.00	CHH
3	7815881	7816020	1	251	0.40	CG
3	7815881	7816020	0	127	0.00	CHG
3	7815881	7816020	3	120	2.44	CHH
3	8124800	8125238	1	504	0.20	CG
3	8124800	8125238	0	235	0.00	CHG
3	8124800	8125238	2	757	0.26	CHH
3	8292358	8296069	191	262	42.16	CG
3	8292358	8296069	108	701	13.35	CHG
3	8292358	8296069	182	3755	4.62	CHH
3	8918282	8919468	227	1153	16.45	CG
3	8918282	8919468	57	728	7.26	CHG
3	8918282	8919468	128	2462	4.94	CHH
3	8932042	8933228	41	46	47.13	CG
3	8932042	8933228	25	63	28.41	CHG
3	8932042	8933228	22	475	4.43	CHH
3	9007060	9007495	110	11	90.91	CG
3	9007060	9007495	32	38	45.71	CHG
3	9007060	9007495	5	264	1.86	CHH
3	9615393	9615681	10	302	3.21	CG
3	9615393	9615681	2	143	1.38	CHG
3	9615393	9615681	4	613	0.65	CHH
3	9647322	9647514	12	12	50.00	CG
3	9647322	9647514	0	45	0.00	CHG
3	9647322	9647514	0	150	0.00	CHH
3	9661238	9663204	43	407	9.56	CG
3	9661238	9663204	23	396	5.49	CHG
3	9661238	9663204	714	1743	29.06	CHH
3	9703524	9703645	0	63	0.00	CG
3	9703524	9703645	1	34	2.86	CHG
3	9703524	9703645	3	399	0.75	CHH
3	9741411	9741728	39	9	81.25	CG
3	9741411	9741728	53	5	91.38	CHG
3	9741411	9741728	72	101	41.62	CHH
3	9772110	9773385	165	104	61.34	CG
3	9772110	9773385	66	146	31.13	CHG
3	9772110	9773385	61	821	6.92	CHH
3	9970758	9972750	16	1463	1.08	CG
3	9970758	9972750	14	1067	1.30	CHG
3	9970758	9972750	110	2070	5.05	CHH
3	11318102	11319164	0	88	0.00	CG
3	11318102	11319164	0	128	0.00	CHG
3	11318102	11319164	7	479	1.44	CHH
3	11624874	11625180	6	0	100.00	CG
3	11624874	11625180	0	20	0.00	CHG
3	11624874	11625180	3	54	5.26	CHH
3	11762654	11762757	0	2	0.00	CHH
3	12013674	12014450	115	5	95.83	CG
3	12013674	12014450	165	103	61.57	CHG
3	12013674	12014450	62	1152	5.11	CHH
3	13326106	13326294	0	18	0.00	CG
3	13326106	13326294	0	49	0.00	CHG
3	13326106	13326294	0	70	0.00	CHH
3	14484188	14484405	3	0	100.00	CG
3	14484188	14484405	6	4	60.00	CHG
3	14484188	14484405	0	53	0.00	CHH
3	14495901	14496241	3	708	0.42	CG
3	14495901	14496241	0	366	0.00	CHG
3	14495901	14496241	1	835	0.12	CHH
3	14633392	14633990	26	6	81.25	CG
3	14633392	14633990	4	8	33.33	CHG
3	14633392	14633990	16	111	12.60	CHH
3	14886695	14886945	0	17	0.00	CG
3	14886695	14886945	15	5	75.00	CHG
3	14886695	14886945	92	124	42.59	CHH
3	15238637	15238822	29	7	80.56	CG
3	15238637	15238822	57	24	70.37	CHG
3	15238637	15238822	31	397	7.24	CHH
3	15348429	15348696	35	21	62.50	CG
3	15348429	15348696	29	40	42.03	CHG
3	15348429	15348696	16	301	5.05	CHH
3	15968990	15969281	5	452	1.09	CG
3	15968990	15969281	0	344	0.00	CHG
3	15968990	15969281	1	583	0.17	CHH
3	16545195	16545366	1	0	100.00	CG
3	16545195	16545366	0	1	0.00	CHG
3	16545195	16545366	0	7	0.00	CHH
3	16691128	16691290	16	0	100.00	CG
3	16691128	16691290	7	10	41.18	CHG
3	16691128	16691290	36	58	38.30	CHH
3	18086982	18087169	0	43	0.00	CG
3	18086982	18087169	0	64	0.00	CHG
3	18086982	18087169	1	242	0.41	CHH
3	18671229	18673244	270	290	48.21	CG
3	18671229	18673244	67	349	16.11	CHG
3	18671229	18673244	597	2063	22.44	CHH
3	19066610	19066885	45	1	97.83	CG
3	19066610	19066885	15	13	53.57	CHG
3	19066610	19066885	18	85	17.48	CHH
3	19477758	19477853	18	0	100.00	CG
3	19477758	19477853	10	18	35.71	CHG
3	19477758	19477853	1	91	1.09	CHH
3	20211561	20212451	471	22	95.54	CG
3	20211561	20212451	272	133	67.16	CHG
3	20211561	20212451	49	1672	2.85	CHH
3	20300032	20301332	202	67	75.09	CG
3	20300032	20301332	249	240	50.92	CHG
3	20300032	20301332	88	1659	5.04	CHH
3	20506153	20506547	37	2	94.87	CG
3	20506153	20506547	8	48	14.29	CHG
3	20506153	20506547	7	157	4.27	CHH
3	20529596	20530676	151	1351	10.05	CG
3	20529596	20530676	14	737	1.86	CHG
3	20529596	20530676	21	1102	1.87	CHH
3	20609274	20609784	47	0	100.00	CG
3	20609274	20609784	23	32	41.82	CHG
3	20609274	20609784	24	148	13.95	CHH
3	21045714	21046037	22	1	95.65	CG
3	21045714	21046037	24	4	85.71	CHG
3	21045714	21046037	9	62	12.68	CHH
3	21053301	21054404	20	22	47.62	CG
3	21053301	21054404	2	120	1.64	CHG
3	21053301	21054404	8	877	0.90	CHH
3	21477968	21478334	27	12	69.23	CG
3	21477968	21478334	13	13	50.00	CHG
3	21477968	21478334	41	97	29.71	CHH
3	21805912	21806253	49	8	85.96	CG
3	21805912	21806253	8	10	44.44	CHG
3	21805912	21806253	7	102	6.42	CHH
3	22443304	22443897	2	1157	0.17	CG
3	22443304	22443897	5	720	0.69	CHG
3	22443304	22443897	5	2109	0.24	CHH
3	22930322	22932315	37	604	5.77	CG
3	22930322	22932315	3	633	0.47	CHG
3	22930322	22932315	20	2199	0.90	CHH
3	22977964	22978503	38	17	69.09	CG
3	22977964	22978503	27	49	35.53	CHG
3	22977964	22978503	48	306	13.56	CHH
3	23158824	23162446	69	1633	4.05	CG
3	23158824	23162446	25	906	2.69	CHG
3	23158824	23162446	91	2894	3.05	CHH
3	23440227	23440314	0	24	0.00	CHG
3	23440227	23440314	1	103	0.96	CHH
3	23502337	23503127	38	8	82.61	CG
3	23502337	23503127	0	75	0.00	CHG
3	23502337	23503127	63	505	11.09	CHH
3	24402381	24402506	1	406	0.25	CG
3	24402381	24402506	0	127	0.00	CHG
3	24402381	24402506	0	195	0.00	CHH
3	24697252	24697403	0	7	0.00	CG
3	24697252	24697403	1	20	4.76	CHG
3	24697252	24697403	0	78	0.00	CHH
3	25124576	25125712	81	51	61.36	CG
3	25124576	25125712	42	72	36.84	CHG
3	25124576	25125712	257	584	30.56	CHH
3	25238096	25238349	18	21	46.15	CG
3	25238096	25238349	0	103	0.00	CHG
3	25238096	25238349	0	340	0.00	CHH
3	26463242	26463534	4	116	3.33	CG
3	26463242	26463534	0	139	0.00	CHG
3	26463242	26463534	6	340	1.73	CHH
3	28036385	28036532	1	32	3.03	CG
3	28036385	28036532	0	36	0.00	CHG
3	28036385	28036532	2	70	2.78	CHH
3	28421210	28421588	0	91	0.00	CG
3	28421210	28421588	1	223	0.45	CHG
3	28421210	28421588	10	584	1.68	CHH
3	28828352	28828674	1	2	33.33	CG
3	28828352	28828674	0	12	0.00	CHG
3	28828352	28828674	51	187	21.43	CHH
3	28883667	28884002	9	11	45.00	CG
3	28883667	28884002	2	31	6.06	CHG
3	28883667	28884002	4	229	1.72	CHH
3	28999678	28999814	1	9	10.00	CG
3	28999678	28999814	0	9	0.00	CHG
3	28999678	28999814	0	40	0.00	CHH
3	29048284	29048488	289	125	69.81	CG
3	29048284	29048488	169	189	47.21	CHG
3	29048284	29048488	23	282	7.54	CHH
3	29804060	29804313	0	33	0.00	CG
3	29804060	29804313	0	72	0.00	CHG
3	29804060	29804313	0	174	0.00	CHH
3	31242980	31243426	13	2	86.67	CG
3	31242980	31243426	11	2	84.62	CHG
3	31242980	31243426	0	24	0.00	CHH
3	31550060	31550292	30	104	22.39	CG
3	31550060	31550292	2	48	4.00	CHG
3	31550060	31550292	0	236	0.00	CHH
3	32992420	32993458	25	51	32.89	CG
3	32992420	32993458	21	64	24.71	CHG
3	32992420	32993458	32	424	7.02	CHH
3	33907932	33908490	4	40	9.09	CG
3	33907932	33908490	5	235	2.08	CHG
3	33907932	33908490	5	1191	0.42	CHH
3	34241449	34241654	0	77	0.00	CG
3	34241449	34241654	0	194	0.00	CHG
3	34241449	34241654	3	435	0.68	CHH
3	34254363	34255907	117	532	18.03	CG
3	34254363	34255907	25	884	2.75	CHG
3	34254363	34255907	146	2244	6.11	CHH
3	34833000	34833309	8	15	34.78	CG
3	34833000	34833309	10	22	31.25	CHG
3	34833000	34833309	0	24	0.00	CHH
3	35110086	35110256	0	3	0.00	CHG
3	35110086	35110256	0	5	0.00	CHH
3	35180241	35180554	67	6	91.78	CG
3	35180241	35180554	0	228	0.00	CHG
3	35180241	35180554	0	653	0.00	CHH
3	35917041	35917731	79	66	54.48	CG
3	35917041	35917731	20	46	30.30	CHG
3	35917041	35917731	31	431	6.71	CHH
3	36048993	36049255	0	24	0.00	CG
3	36048993	36049255	1	34	2.86	CHG
3	36048993	36049255	30	99	23.26	CHH
3	36390761	36392058	7	1203	0.58	CG
3	36390761	36392058	11	714	1.52	CHG
3	36390761	36392058	8	1535	0.52	CHH
4	2128481	2128855	37	41	47.44	CG
4	2128481	2128855	13	29	30.95	CHG
4	2128481	2128855	133	141	48.54	CHH
4	2540394	2540485	64	11	85.33	CG
4	2540394	2540485	22	33	40.00	CHG
4	2540394	2540485	1	190	0.52	CHH
4	3036997	3037085	75	26	74.26	CG
4	3036997	3037085	16	50	24.24	CHG
4	3036997	3037085	8	97	7.62	CHH
4	4049820	4050064	77	0	100.00	CG
4	4049820	4050064	39	7	84.78	CHG
4	4049820	4050064	15	225	6.25	CHH
4	4695559	4695777	31	0	100.00	CG
4	4695559	4695777	4	2	66.67	CHG
4	4695559	4695777	0	11	0.00	CHH
4	5205473	5206792	523	32	94.23	CG
4	5205473	5206792	251	107	70.11	CHG
4	5205473	5206792	194	1336	12.68	CHH
4	5370300	5370990	10	0	100.00	CG
4	5370300	5370990	1	8	11.11	CHG
4	5370300	5370990	0	17	0.00	CHH
4	7250146	7253105	176	2743	6.03	CG
4	7250146	7253105	101	1378	6.83	CHG
4	7250146	7253105	117	3155	3.58	CHH
4	7946934	7947116	49	2	96.08	CG
4	7946934	7947116	28	21	57.14	CHG
4	7946934	7947116	6	180	3.23	CHH
4	7976120	7976768	0	18	0.00	CG
4	7976120	7976768	0	40	0.00	CHG
4	7976120	7976768	10	118	7.81	CHH
4	7998972	7999131	0	2	0.00	CHG
4	7998972	7999131	0	21	0.00	CHH
4	9504426	9506750	777	165	82.48	CG
4	9504426	9506750	413	551	42.84	CHG
4	9504426	9506750	208	3721	5.29	CHH
4	10597218	10597775	162	10	94.19	CG
4	10597218	10597775	126	70	64.29	CHG
4	10597218	10597775	12	456	2.56	CHH
4	11254426	11254603	0	21	0.00	CG
4	11254426	11254603	0	26	0.00	CHG
4	11254426	11254603	1	141	0.70	CHH
4	11479976	11481063	121	24	83.45	CG
4	11479976	11481063	0	44	0.00	CHG
4	11479976	11481063	193	551	25.94	CHH
4	12511724	12511877	20	2	90.91	CG
4	12511724	12511877	24	34	41.38	CHG
4	12511724	12511877	20	138	12.66	CHH
4	12570254	12573173	464	40	92.06	CG
4	12570254	12573173	468	293	61.50	CHG
4	12570254	12573173	141	2831	4.74	CHH
4	14336636	14336825	14	0	100.00	CG
4	14336636	14336825	18	13	58.06	CHG
4	14336636	14336825	0	32	0.00	CHH
4	15422154	15422563	22	1	95.65	CG
4	15422154	15422563	0	5	0.00	CHG
4	15422154	15422563	14	144	8.86	CHH
4	15927777	15928107	1	222	0.45	CG
4	15927777	15928107	0	212	0.00	CHG
4	15927777	15928107	1	597	0.17	CHH
4	16377949	16378038	9	5	64.29	CG
4	16377949	16378038	19	6	76.00	CHG
4	16377949	16378038	2	115	1.71	CHH
4	16429861	16430118	2	0	100.00	CG
4	16429861	16430118	8	2	80.00	CHG
4	16429861	16430118	4	88	4.35	CHH
4	16739824	16740091	79	3	96.34	CG
4	16739824	16740091	15	25	37.50	CHG
4	16739824	16740091	4	141	2.76	CHH
4	16870850	16871033	21	0	100.00	CG
4	16870850	16871033	1	3	25.00	CHG
4	16870850	16871033	1	172	0.58	CHH
4	16929303	16929386	0	4	0.00	CG
4	16929303	16929386	0	2	0.00	CHG
4	16929303	16929386	0	6	0.00	CHH
4	18861290	18861421	1	0	100.00	CG
4	18861290	18861421	1	0	100.00	CHG
4	18861290	18861421	0	32	0.00	CHH
4	18879559	18879953	173	26	86.93	CG
4	18879559	18879953	65	58	52.85	CHG
4	18879559	18879953	25	220	10.20	CHH
4	19594453	19594613	1	24	4.00	CG
4	19594453	19594613	0	104	0.00	CHG
4	19594453	19594613	67	131	33.84	CHH
4	21836525	21836740	0	83	0.00	CG
4	21836525	21836740	1	150	0.66	CHG
4	21836525	21836740	0	345	0.00	CHH
4	22149701	22149888	0	115	0.00	CG
4	22149701	22149888	0	51	0.00	CHG
4	22149701	22149888	0	84	0.00	CHH
4	24463582	24463728	0	45	0.00	CG
4	24463582	24463728	0	23	0.00	CHG
4	24463582	24463728	0	184	0.00	CHH
4	24879051	24879296	0	20	0.00	CG
4	24879051	24879296	1	274	0.36	CHG
4	24879051	24879296	0	431	0.00	CHH
4	25700367	25700823	304	82	78.76	CG
4	25700367	25700823	41	211	16.27	CHG
4	25700367	25700823	14	827	1.66	CHH
4	26025305	26025523	19	0	100.00	CG
4	26025305	26025523	0	35	0.00	CHG
4	26025305	26025523	0	121	0.00	CHH
4	26125746	26125921	40	5	88.89	CG
4	26125746	26125921	31	12	72.09	CHG
4	26125746	26125921	24	306	7.27	CHH
4	28854448	28854672	1	284	0.35	CG
4	28854448	28854672	2	97	2.02	CHG
4	28854448	28854672	2	422	0.47	CHH
4	31600862	31601333	170	49	77.63	CG
4	31600862	31601333	64	134	32.32	CHG
4	31600862	31601333	23	757	2.95	CHH
4	32665225	32665685	6	713	0.83	CG
4	32665225	32665685	9	391	2.25	CHG
4	32665225	32665685	4	1086	0.37	CHH
4	32845260	32845468	22	10	68.75	CG
4	32845260	32845468	0	120	0.00	CHG
4	32845260	32845468	3	396	0.75	CHH
4	32907649	32907913	0	3	0.00	CHG
4	32907649	32907913	1	7	12.50	CHH
4	32976630	32976775	0	43	0.00	CG
4	32976630	32976775	0	51	0.00	CHG
4	32976630	32976775	3	227	1.30	CHH
5	22552	22704	125	2	98.43	CG
5	22552	22704	60	17	77.92	CHG
5	22552	22704	14	471	2.89	CHH
5	167915	169390	10	31	24.39	CG
5	167915	169390	0	43	0.00	CHG
5	167915	169390	6	316	1.86	CHH
5	802197	802307	0	2	0.00	CG
5	802197	802307	0	13	0.00	CHG
5	802197	802307	1	84	1.18	CHH
5	1555477	1555743	34	16	68.00	CG
5	1555477	1555743	0	148	0.00	CHG
5	1555477	1555743	0	430	0.00	CHH
5	1649481	1650024	331	56	85.53	CG
5	1649481	1650024	97	136	41.63	CHG
5	1649481	1650024	37	632	5.53	CHH
5	2535968	2537410	64	1393	4.39	CG
5	2535968	2537410	2	1056	0.19	CHG
5	2535968	2537410	17	2889	0.58	CHH
5	3201536	3202094	4	42	8.70	CG
5	3201536	3202094	8	56	12.50	CHG
5	3201536	3202094	31	363	7.87	CHH
5	3642042	3642277	38	8	82.61	CG
5	3642042	3642277	2	15	11.76	CHG
5	3642042	3642277	1	127	0.78	CHH
5	4042346	4043559	8	4	66.67	CG
5	4042346	4043559	0	6	0.00	CHG
5	4042346	4043559	0	18	0.00	CHH
5	5042999	5043643	6	3	66.67	CHH
5	6697788	6698020	23	23	50.00	CG
5	6697788	6698020	0	70	0.00	CHG
5	6697788	6698020	3	327	0.91	CHH
5	8888812	8888977	13	0	100.00	CG
5	8888812	8888977	27	27	50.00	CHG
5	8888812	8888977	25	132	15.92	CHH
5	9364313	9364413	72	2	97.30	CG
5	9364313	9364413	13	38	25.49	CHG
5	9364313	9364413	1	89	1.11	CHH
5	12549332	12549415	35	5	87.50	CG
5	12549332	12549415	15	64	18.99	CHH
5	12809268	12809477	91	20	81.98	CG
5	12809268	12809477	20	36	35.71	CHG
5	12809268	12809477	5	77	6.10	CHH
5	13857407	13857542	44	4	91.67	CG
5	13857407	13857542	7	14	33.33	CHG
5	13857407	13857542	0	87	0.00	CHH
5	14246535	14246708	0	21	0.00	CG
5	14246535	14246708	0	12	0.00	CHG
5	14246535	14246708	0	123	0.00	CHH
5	15249273	15249609	165	4	97.63	CG
5	15249273	15249609	105	43	70.95	CHG
5	15249273	15249609	23	756	2.95	CHH
5	15263881	15264136	23	0	100.00	CG
5	15263881	15264136	6	9	40.00	CHG
5	15263881	15264136	2	57	3.39	CHH
5	15295856	15296058	10	0	100.00	CG
5	15295856	15296058	3	1	75.00	CHG
5	15295856	15296058	3	11	21.43	CHH
5	16141049	16142222	144	32	81.82	CG
5	16141049	16142222	91	71	56.17	CHG
5	16141049	16142222	101	642	13.59	CHH
5	16604726	16607053	407	39	91.26	CG
5	16604726	16607053	186	194	48.95	CHG
5	16604726	16607053	531	2319	18.63	CHH
5	16695358	16697204	143	554	20.52	CG
5	16695358	16697204	61	458	11.75	CHG
5	16695358	16697204	59	1563	3.64	CHH
5	17145149	17145240	0	1	0.00	CG
5	17145149	17145240	0	57	0.00	CHH
5	17275880	17277194	124	184	40.26	CG
5	17275880	17277194	3	386	0.77	CHG
5	17275880	17277194	7	1105	0.63	CHH
5	18555974	18556911	543	165	76.69	CG
5	18555974	18556911	165	220	42.86	CHG
5	18555974	18556911	569	1405	28.82	CHH
5	18614365	18615227	371	24	93.92	CG
5	18614365	18615227	145	155	48.33	CHG
5	18614365	18615227	200	807	19.86	CHH
5	19082868	19087589	354	1146	23.60	CG
5	19082868	19087589	40	2117	1.85	CHG
5	19082868	19087589	78	7020	1.10	CHH
5	19475239	19475452	0	40	0.00	CG
5	19475239	19475452	0	87	0.00	CHG
5	19475239	19475452	0	172	0.00	CHH
5	19550564	19550779	4	0	100.00	CHG
5	19550564	19550779	0	38	0.00	CHH
5	19686229	19688559	69	1143	5.69	CG
5	19686229	19688559	32	736	4.17	CHG
5	19686229	19688559	164	14169	1.14	CHH
5	20197683	20197907	2	424	0.47	CG
5	20197683	20197907	0	284	0.00	CHG
5	20197683	20197907	5	422	1.17	CHH
5	20639725	20640817	124	24	83.78	CG
5	20639725	20640817	17	354	4.58	CHG
5	20639725	20640817	3	1619	0.18	CHH
5	21196473	21196736	11	0	100.00	CG
5	21196473	21196736	24	6	80.00	CHG
5	21196473	21196736	14	107	11.57	CHH
5	21222554	21222810	0	7	0.00	CHG
5	21222554	21222810	28	93	23.14	CHH
5	21231311	21231463	2	127	1.55	CG
5	21231311	21231463	1	125	0.79	CHG
5	21231311	21231463	3	208	1.42	CHH
5	21771662	21772418	67	17	79.76	CG
5	21771662	21772418	38	91	29.46	CHG
5	21771662	21772418	53	410	11.45	CHH
5	22632027	22632224	8	183	4.19	CG
5	22632027	22632224	9	219	3.95	CHG
5	22632027	22632224	39	397	8.94	CHH
5	23498602	23498699	15	3	83.33	CG
5	23498602	23498699	3	0	100.00	CHG
5	23498602	23498699	70	44	61.40	CHH
5	23589096	23589233	0	76	0.00	CHG
5	23589096	23589233	1	411	0.24	CHH
5	23597717	23597952	0	28	0.00	CG
5	23597717	23597952	0	44	0.00	CHG
5	23597717	23597952	0	284	0.00	CHH
5	23799970	23800819	18	934	1.89	CG
5	23799970	23800819	11	682	1.59	CHG
5	23799970	23800819	26	1766	1.45	CHH
5	24767463	24767619	3	410	0.73	CG
5	24767463	24767619	3	121	2.42	CHG
5	24767463	24767619	2	576	0.35	CHH
5	24958493	24960927	112	225	33.23	CG
5	24958493	24960927	2	333	0.60	CHG
5	24958493	24960927	7	1373	0.51	CHH
5	25117789	25118255	9	785	1.13	CG
5	25117789	25118255	12	341	3.40	CHG
5	25117789	25118255	9	1046	0.85	CHH
5	25683760	25686062	120	1907	5.92	CG
5	25683760	25686062	76	1397	5.16	CHG
5	25683760	25686062	355	2313	13.31	CHH
5	25916431	25917101	181	589	23.51	CG
5	25916431	25917101	160	413	27.92	CHG
5	25916431	25917101	555	3124	15.09	CHH
5	26920490	26922938	5	543	0.91	CG
5	26920490	26922938	3	1243	0.24	CHG
5	26920490	26922938	18	3099	0.58	CHH
5	27294148	27294484	5	100	4.76	CG
5	27294148	27294484	1	145	0.68	CHG
5	27294148	27294484	5	501	0.99	CHH
5	27692643	27692794	0	32	0.00	CG
5	27692643	27692794	0	37	0.00	CHG
5	27692643	27692794	0	49	0.00	CHH
5	28353397	28355104	185	11	94.39	CG
5	28353397	28355104	9	273	3.19	CHG
5	28353397	28355104	31	1444	2.10	CHH
5	29368004	29368261	12	0	100.00	CG
5	29368004	29368261	22	21	51.16	CHG
5	29368004	29368261	15	183	7.58	CHH
5	29393677	29395023	0	1	0.00	CG
5	29393677	29395023	0	3	0.00	CHG
5	29393677	29395023	0	3	0.00	CHH
5	29485227	29485510	59	81	42.14	CG
5	29485227	29485510	12	141	7.84	CHG
5	29485227	29485510	9	603	1.47	CHH
6	247291	247913	1	136	0.73	CG
6	247291	247913	0	136	0.00	CHG
6	247291	247913	3	420	0.71	CHH
6	368015	368245	0	62	0.00	CG
6	368015	368245	0	54	0.00	CHG
6	368015	368245	0	292	0.00	CHH
6	521167	522087	12	88	12.00	CG
6	521167	522087	0	82	0.00	CHG
6	521167	522087	5	404	1.22	CHH
6	813527	813697	34	7	82.93	CG
6	813527	813697	0	61	0.00	CHG
6	813527	813697	0	340	0.00	CHH
6	958185	960061	119	155	43.43	CG
6	958185	960061	19	146	11.52	CHG
6	958185	960061	52	430	10.79	CHH
6	1267865	1268035	50	5	90.91	CG
6	1267865	1268035	24	25	48.98	CHG
6	1267865	1268035	0	62	0.00	CHH
6	2300838	2300945	0	28	0.00	CG
6	2300838	2300945	0	52	0.00	CHG
6	2300838	2300945	0	133	0.00	CHH
6	3639180	3639309	0	97	0.00	CG
6	3639180	3639309	0	127	0.00	CHG
6	3639180	3639309	0	324	0.00	CHH
6	3944739	3945664	17	10	62.96	CG
6	3944739	3945664	27	38	41.54	CHG
6	3944739	3945664	97	352	21.60	CHH
6	4300749	4300941	106	37	74.13	CG
6	4300749	4300941	32	91	26.02	CHG
6	4300749	4300941	11	459	2.34	CHH
6	4806070	4806315	0	142	0.00	CG
6	4806070	4806315	0	65	0.00	CHG
6	4806070	4806315	0	249	0.00	CHH
6	5243918	5246329	200	562	26.25	CG
6	5243918	5246329	3	1203	0.25	CHG
6	5243918	5246329	14	3694	0.38	CHH
6	5335954	5337126	47	173	21.36	CG
6	5335954	5337126	19	150	11.24	CHG
6	5335954	5337126	176	575	23.44	CHH
6	6556692	6557000	4	412	0.96	CG
6	6556692	6557000	1	222	0.45	CHG
6	6556692	6557000	1	568	0.18	CHH
6	7262284	7262394	0	16	0.00	CHG
6	7262284	7262394	0	40	0.00	CHH
6	7296360	7297580	53	3	94.64	CG
6	7296360	7297580	17	25	40.48	CHG
6	7296360	7297580	2	92	2.13	CHH
6	7450229	7452500	161	48	77.03	CG
6	7450229	7452500	86	116	42.57	CHG
6	7450229	7452500	64	745	7.91	CHH
6	8010667	8010997	210	8	96.33	CG
6	8010667	8010997	76	132	36.54	CHG
6	8010667	8010997	16	415	3.71	CHH
6	8383109	8385458	444	2474	15.22	CG
6	8383109	8385458	99	1121	8.11	CHG
6	8383109	8385458	116	3782	2.98	CHH
6	8415805	8416695	381	31	92.48	CG
6	8415805	8416695	248	141	63.75	CHG
6	8415805	8416695	89	1672	5.05	CHH
6	8434419	8434622	37	0	100.00	CG
6	8434419	8434622	25	37	40.32	CHG
6	8434419	8434622	5	99	4.81	CHH
6	9748876	9749062	28	41	40.58	CG
6	9748876	9749062	0	17	0.00	CHG
6	9748876	9749062	4	213	1.84	CHH
6	10075237	10075575	117	7	94.35	CG
6	10075237	10075575	86	77	52.76	CHG
6	10075237	10075575	23	445	4.91	CHH
6	10093461	10093858	32	5	86.49	CG
6	10093461	10093858	9	28	24.32	CHG
6	10093461	10093858	3	312	0.95	CHH
6	10113029	10113177	4	30	11.76	CHH
6	10217891	10218933	28	1	96.55	CG
6	10217891	10218933	36	6	85.71	CHG
6	10217891	10218933	0	123	0.00	CHH
6	11173234	11173456	0	6	0.00	CG
6	11173234	11173456	68	29	70.10	CHH
6	11608473	11613132	385	222	63.43	CG
6	11608473	11613132	199	517	27.79	CHG
6	11608473	11613132	320	2105	13.20	CHH
6	11851633	11851862	9	0	100.00	CG
6	11851633	11851862	17	0	100.00	CHG
6	11851633	11851862	28	16	63.64	CHH
6	14122214	14122520	98	17	85.22	CG
6	14122214	14122520	50	88	36.23	CHG
6	14122214	14122520	53	285	15.68	CHH
6	14227883	14228030	42	1	97.67	CG
6	14227883	14228030	7	7	50.00	CHG
6	14227883	14228030	31	182	14.55	CHH
6	14470606	14472078	158	11	93.49	CG
6	14470606	14472078	201	75	72.83	CHG
6	14470606	14472078	105	650	13.91	CHH
6	14807254	14809068	447	181	71.18	CG
6	14807254	14809068	296	404	42.29	CHG
6	14807254	14809068	401	2206	15.38	CHH
6	14821713	14821802	12	4	75.00	CG
6	14821713	14821802	23	20	53.49	CHG
6	14821713	14821802	9	84	9.68	CHH
6	14830897	14831902	69	4	94.52	CG
6	14830897	14831902	103	30	77.44	CHG
6	14830897	14831902	31	572	5.14	CHH
6	14905971	14906794	42	0	100.00	CG
6	14905971	14906794	29	20	59.18	CHG
6	14905971	14906794	15	112	11.81	CHH
6	15103747	15105627	213	6	97.26	CG
6	15103747	15105627	243	136	64.12	CHG
6	15103747	15105627	64	1397	4.38	CHH
6	16686020	16686529	72	13	84.71	CG
6	16686020	16686529	11	49	18.33	CHG
6	16686020	16686529	9	335	2.62	CHH
6	17158669	17158861	28	22	56.00	CG
6	17158669	17158861	0	15	0.00	CHG
6	17158669	17158861	1	115	0.86	CHH
6	17199198	17199462	2	3	40.00	CG
6	17199198	17199462	5	32	13.51	CHH
6	17345586	17347256	640	96	86.96	CG
6	17345586	17347256	269	197	57.73	CHG
6	17345586	17347256	111	1856	5.64	CHH
6	17660877	17661057	53	0	100.00	CG
6	17660877	17661057	73	22	76.84	CHG
6	17660877	17661057	23	219	9.50	CHH
6	18643334	18643833	13	1	92.86	CG
6	18643334	18643833	4	5	44.44	CHG
6	18643334	18643833	1	6	14.29	CHH
6	18777954	18779043	128	9	93.43	CG
6	18777954	18779043	58	43	57.43	CHG
6	18777954	18779043	92	595	13.39	CHH
6	18810122	18813496	1236	141	89.76	CG
6	18810122	18813496	459	793	36.66	CHG
6	18810122	18813496	230	3693	5.86	CHH
6	19312818	19314797	694	618	52.90	CG
6	19312818	19314797	246	621	28.37	CHG
6	19312818	19314797	151	4084	3.57	CHH
6	20357482	20357681	22	0	100.00	CG
6	20357482	20357681	11	10	52.38	CHG
6	20357482	20357681	0	188	0.00	CHH
6	20439044	20439654	1	111	0.89	CG
6	20439044	20439654	2	205	0.97	CHG
6	20439044	20439654	9	569	1.56	CHH
6	21127919	21128043	61	0	100.00	CG
6	21127919	21128043	3	2	60.00	CHG
6	21127919	21128043	0	150	0.00	CHH
6	21587628	21587841	25	0	100.00	CG
6	21587628	21587841	2	0	100.00	CHG
6	21587628	21587841	37	55	40.22	CHH
6	22156671	22156886	1	178	0.56	CG
6	22156671	22156886	0	120	0.00	CHG
6	22156671	22156886	0	637	0.00	CHH
6	22194216	22196915	927	258	78.23	CG
6	22194216	22196915	291	816	26.29	CHG
6	22194216	22196915	79	4008	1.93	CHH
6	22609287	22612484	440	261	62.77	CG
6	22609287	22612484	142	346	29.10	CHG
6	22609287	22612484	802	1812	30.68	CHH
6	22611980	22612934	85	212	28.62	CG
6	22611980	22612934	63	169	27.16	CHG
6	22611980	22612934	369	901	29.06	CHH
6	23257492	23257741	27	13	67.50	CG
6	23257492	23257741	15	8	65.22	CHG
6	23257492	23257741	0	67	0.00	CHH
6	23764410	23764702	1	0	100.00	CG
6	23764410	23764702	13	244	5.06	CHH
6	23867262	23869017	38	2153	1.73	CG
6	23867262	23869017	61	1120	5.17	CHG
6	23867262	23869017	230	2439	8.62	CHH
6	24469529	24469704	1	0	100.00	CG
6	24469529	24469704	10	3	76.92	CHG
6	24469529	24469704	12	65	15.58	CHH
6	26027042	26027922	22	117	15.83	CG
6	26027042	26027922	2	124	1.59	CHG
6	26027042	26027922	37	694	5.06	CHH
6	27428621	27432072	139	1021	11.98	CG
6	27428621	27432072	40	1556	2.51	CHG
6	27428621	27432072	77	3925	1.92	CHH
6	27581080	27581338	107	0	100.00	CG
6	27581080	27581338	27	22	55.10	CHG
6	27581080	27581338	20	270	6.90	CHH
6	27924772	27924989	4	4	50.00	CG
6	27924772	27924989	3	61	4.69	CHG
6	27924772	27924989	2	192	1.03	CHH
6	28789509	28791244	46	172	21.10	CG
6	28789509	28791244	2	523	0.38	CHG
6	28789509	28791244	28	1838	1.50	CHH
6	28955148	28955268	0	23	0.00	CHG
6	28955148	28955268	1	78	1.27	CHH
6	29172271	29175087	279	133	67.72	CG
6	29172271	29175087	5	1195	0.42	CHG
6	29172271	29175087	19	4287	0.44	CHH
6	30516258	30516520	28	138	16.87	CG
6	30516258	30516520	5	75	6.25	CHG
6	30516258	30516520	30	527	5.39	CHH
6	31188015	31188697	17	0	100.00	CG
6	31188015	31188697	10	156	6.02	CHG
6	31188015	31188697	3	713	0.42	CHH
6	31222643	31224540	255	64	79.94	CG
6	31222643	31224540	1	532	0.19	CHG
6	31222643	31224540	59	2130	2.70	CHH
7	411438	411715	54	21	72.00	CG
7	411438	411715	16	72	18.18	CHG
7	411438	411715	26	422	5.80	CHH
7	993029	993215	0	26	0.00	CG
7	993029	993215	1	44	2.22	CHG
7	993029	993215	7	210	3.23	CHH
7	1846760	1848970	326	112	74.43	CG
7	1846760	1848970	14	954	1.45	CHG
7	1846760	1848970	18	3750	0.48	CHH
7	2224488	2225213	0	655	0.00	CG
7	2224488	2225213	1	377	0.26	CHG
7	2224488	2225213	7	1104	0.63	CHH
7	2447769	2451203	289	2042	12.40	CG
7	2447769	2451203	91	1734	4.99	CHG
7	2447769	2451203	182	5069	3.47	CHH
7	2483423	2483554	33	53	38.37	CG
7	2483423	2483554	4	14	22.22	CHG
7	2483423	2483554	33	137	19.41	CHH
7	2618288	2618484	2	2	50.00	CG
7	2618288	2618484	0	4	0.00	CHG
7	2618288	2618484	0	60	0.00	CHH
7	2946799	2949545	134	1422	8.61	CG
7	2946799	2949545	12	1376	0.86	CHG
7	2946799	2949545	54	3818	1.39	CHH
7	3992526	3992733	19	0	100.00	CG
7	3992526	3992733	0	95	0.00	CHG
7	3992526	3992733	3	300	0.99	CHH
7	4299561	4299774	15	22	40.54	CG
7	4299561	4299774	3	12	20.00	CHG
7	4299561	4299774	4	110	3.51	CHH
7	4594741	4595750	16	332	4.60	CG
7	4594741	4595750	5	442	1.12	CHG
7	4594741	4595750	3	1681	0.18	CHH
7	4802020	4804153	6	221	2.64	CG
7	4802020	4804153	6	110	5.17	CHG
7	4802020	4804153	52	1229	4.06	CHH
7	5473306	5473520	18	1	94.74	CG
7	5473306	5473520	20	4	83.33	CHG
7	5473306	5473520	102	132	43.59	CHH
7	6327476	6328339	55	4	93.22	CG
7	6327476	6328339	15	21	41.67	CHG
7	6327476	6328339	1	116	0.85	CHH
7	6575263	6575711	0	5	0.00	CG
7	6575263	6575711	0	7	0.00	CHG
7	6575263	6575711	1	269	0.37	CHH
7	6605103	6605624	560	58	90.61	CG
7	6605103	6605624	74	333	18.18	CHG
7	6605103	6605624	17	733	2.27	CHH
7	6829453	6829599	1	28	3.45	CHG
7	6829453	6829599	5	132	3.65	CHH
7	6919655	6920441	320	151	67.94	CG
7	6919655	6920441	151	341	30.69	CHG
7	6919655	6920441	52	1099	4.52	CHH
7	7348687	7348951	6	0	100.00	CG
7	7348687	7348951	0	30	0.00	CHG
7	7348687	7348951	1	256	0.39	CHH
7	7538627	7540224	31	22	58.49	CG
7	7538627	7540224	4	52	7.14	CHG
7	7538627	7540224	10	327	2.97	CHH
7	7676619	7677136	45	3	93.75	CG
7	7676619	7677136	20	19	51.28	CHG
7	7676619	7677136	6	246	2.38	CHH
7	7868604	7868899	190	5	97.44	CG
7	7868604	7868899	95	88	51.91	CHG
7	7868604	7868899	7	353	1.94	CHH
7	7896981	7897138	41	14	74.55	CHG
7	7896981	7897138	14	163	7.91	CHH
7	7950410	7951127	29	1134	2.49	CG
7	7950410	7951127	18	678	2.59	CHG
7	7950410	7951127	35	1761	1.95	CHH
7	8994834	8994985	43	4	91.49	CG
7	8994834	8994985	0	68	0.00	CHG
7	8994834	8994985	1	162	0.61	CHH
7	9688947	9691039	128	776	14.16	CG
7	9688947	9691039	94	435	17.77	CHG
7	9688947	9691039	59	1530	3.71	CHH
7	10365529	10365796	65	6	91.55	CG
7	10365529	10365796	6	11	35.29	CHG
7	10365529	10365796	6	103	5.50	CHH
7	10449611	10449795	14	0	100.00	CG
7	10449611	10449795	13	7	65.00	CHG
7	10449611	10449795	4	70	5.41	CHH
7	10549868	10550083	12	6	66.67	CG
7	10549868	10550083	45	8	84.91	CHG
7	10549868	10550083	12	306	3.77	CHH
7	10635123	10635434	38	81	31.93	CG
7	10635123	10635434	74	59	55.64	CHG
7	10635123	10635434	192	477	28.70	CHH
7	10877526	10878054	271	15	94.76	CG
7	10877526	10878054	42	28	60.00	CHG
7	10877526	10878054	2	192	1.03	CHH
7	11466967	11467449	60	4	93.75	CG
7	11466967	11467449	30	16	65.22	CHG
7	11466967	11467449	8	115	6.50	CHH
7	11601703	11602144	22	9	70.97	CG
7	11601703	11602144	19	23	45.24	CHG
7	11601703	11602144	67	445	13.09	CHH
7	11983577	11984979	88	6	93.62	CG
7	11983577	11984979	62	58	51.67	CHG
7	11983577	11984979	35	916	3.68	CHH
7	12792717	12792888	7	4	63.64	CG
7	12792717	12792888	0	3	0.00	CHG
7	12792717	12792888	20	54	27.03	CHH
7	12807464	12807960	144	59	70.94	CG
7	12807464	12807960	85	166	33.86	CHG
7	12807464	12807960	27	1465	1.81	CHH
7	13460211	13460326	73	2	97.33	CG
7	13460211	13460326	4	17	19.05	CHG
7	13460211	13460326	3	47	6.00	CHH
7	15065372	15067232	420	41	91.11	CG
7	15065372	15067232	407	227	64.20	CHG
7	15065372	15067232	83	2427	3.31	CHH
7	15194897	15195154	0	10	0.00	CG
7	15194897	15195154	2	39	4.88	CHG
7	15194897	15195154	7	242	2.81	CHH
7	15838174	15840597	167	422	28.35	CG
7	15838174	15840597	46	351	11.59	CHG
7	15838174	15840597	90	2136	4.04	CHH
7	16417756	16417995	20	0	100.00	CG
7	16417756	16417995	10	10	50.00	CHG
7	16417756	16417995	41	171	19.34	CHH
7	17006268	17006989	245	26	90.41	CG
7	17006268	17006989	42	66	38.89	CHG
7	17006268	17006989	7	432	1.59	CHH
7	17339592	17339751	0	15	0.00	CG
7	17339592	17339751	5	63	7.35	CHG
7	17339592	17339751	0	181	0.00	CHH
7	17913342	17913726	45	0	100.00	CG
7	17913342	17913726	19	12	61.29	CHG
7	17913342	17913726	16	105	13.22	CHH
7	18987148	18987233	0	18	0.00	CG
7	18987148	18987233	0	10	0.00	CHG
7	18987148	18987233	0	32	0.00	CHH
7	19215021	19215291	190	18	91.35	CG
7	19215021	19215291	78	44	63.93	CHG
7	19215021	19215291	2	238	0.83	CHH
7	19560035	19560566	76	12	86.36	CG
7	19560035	19560566	21	27	43.75	CHG
7	19560035	19560566	8	115	6.50	CHH
7	19560091	19560385	59	7	89.39	CG
7	19560091	19560385	8	17	32.00	CHG
7	19560091	19560385	8	65	10.96	CHH
7	19831953	19832039	0	7	0.00	CHG
7	19831953	19832039	2	52	3.70	CHH
7	19834434	19835298	170	26	86.73	CG
7	19834434	19835298	54	76	41.54	CHG
7	19834434	19835298	98	468	17.31	CHH
7	21131054	21131268	0	9	0.00	CG
7	21131054	21131268	0	31	0.00	CHG
7	21131054	21131268	0	257	0.00	CHH
7	21474944	21475222	8	3	72.73	CG
7	21474944	21475222	0	2	0.00	CHG
7	21474944	21475222	6	81	6.90	CHH
7	21913503	21914249	5	140	3.45	CG
7	21913503	21914249	2	170	1.16	CHG
7	21913503	21914249	17	545	3.02	CHH
7	22120429	22120613	114	16	87.69	CG
7	22120429	22120613	0	233	0.00	CHG
7	22120429	22120613	0	508	0.00	CHH
7	22386510	22386982	8	420	1.87	CG
7	22386510	22386982	4	169	2.31	CHG
7	22386510	22386982	37	261	12.42	CHH
7	22569423	22569628	31	8	79.49	CG
7	22569423	22569628	0	148	0.00	CHG
7	22569423	22569628	2	559	0.36	CHH
7	23187122	23187806	33	277	10.65	CG
7	23187122	23187806	3	374	0.80	CHG
7	23187122	23187806	3	1553	0.19	CHH
7	23391649	23391802	22	2	91.67	CG
7	23391649	23391802	0	33	0.00	CHG
7	23391649	23391802	4	105	3.67	CHH
7	24132747	24133053	28	5	84.85	CG
7	24132747	24133053	0	66	0.00	CHG
7	24132747	24133053	1	335	0.30	CHH
7	24196787	24197173	238	31	88.48	CG
7	24196787	24197173	171	113	60.21	CHG
7	24196787	24197173	12	1640	0.73	CHH
7	24296352	24296548	33	1	97.06	CG
7	24296352	24296548	0	143	0.00	CHG
7	24296352	24296548	0	389	0.00	CHH
7	24747117	24747542	185	43	81.14	CG
7	24747117	24747542	47	88	34.81	CHG
7	24747117	24747542	11	202	5.16	CHH
7	25222041	25223348	49	874	5.31	CG
7	25222041	25223348	21	470	4.28	CHG
7	25222041	25223348	79	1820	4.16	CHH
7	25256522	25256725	0	114	0.00	CG
7	25256522	25256725	0	88	0.00	CHG
7	25256522	25256725	6	265	2.21	CHH
7	25908465	25908808	3	137	2.14	CG
7	25908465	25908808	4	230	1.71	CHG
7	25908465	25908808	6	603	0.99	CHH
7	25983000	25983349	40	13	75.47	CG
7	25983000	25983349	2	159	1.24	CHG
7	25983000	25983349	0	522	0.00	CHH
7	26184639	26186023	97	20	82.91	CG
7	26184639	26186023	31	39	44.29	CHG
7	26184639	26186023	3	165	1.79	CHH
7	26456564	26456769	0	46	0.00	CG
7	26456564	26456769	0	10	0.00	CHG
7	26456564	26456769	0	123	0.00	CHH
7	27118237	27118566	0	9	0.00	CHG
7	27118237	27118566	60	79	43.17	CHH
7	28429839	28434200	359	218	62.22	CG
7	28429839	28434200	18	1802	0.99	CHG
7	28429839	28434200	89	6569	1.34	CHH
7	28561953	28562576	8	1393	0.57	CG
7	28561953	28562576	8	735	1.08	CHG
7	28561953	28562576	6	943	0.63	CHH
7	29086695	29086979	48	17	73.85	CG
7	29086695	29086979	11	12	47.83	CHG
7	29086695	29086979	4	46	8.00	CHH
8	178569	180215	7	1086	0.64	CG
8	178569	180215	6	670	0.89	CHG
8	178569	180215	37	1971	1.84	CHH
8	236935	237112	24	3	88.89	CG
8	236935	237112	30	12	71.43	CHG
8	236935	237112	0	76	0.00	CHH
8	451101	451275	1	188	0.53	CG
8	451101	451275	0	65	0.00	CHG
8	451101	451275	1	183	0.54	CHH
8	700792	701075	2	251	0.79	CG
8	700792	701075	0	170	0.00	CHG
8	700792	701075	0	253	0.00	CHH
8	1029191	1029915	14	60	18.92	CG
8	1029191	1029915	7	74	8.64	CHG
8	1029191	1029915	63	321	16.41	CHH
8	1151684	1151850	111	3	97.37	CG
8	1151684	1151850	138	66	67.65	CHG
8	1151684	1151850	142	816	14.82	CHH
8	1315995	1316283	44	12	78.57	CG
8	1315995	1316283	71	48	59.66	CHG
8	1315995	1316283	8	375	2.09	CHH
8	1392517	1392770	49	16	75.38	CG
8	1392517	1392770	7	24	22.58	CHG
8	1392517	1392770	0	122	0.00	CHH
8	1864926	1865852	111	15	88.10	CG
8	1864926	1865852	15	41	26.79	CHG
8	1864926	1865852	37	465	7.37	CHH
8	1952801	1953130	76	91	45.51	CG
8	1952801	1953130	8	95	7.77	CHG
8	1952801	1953130	19	744	2.49	CHH
8	2740500	2740929	63	1	98.44	CG
8	2740500	2740929	45	46	49.45	CHG
8	2740500	2740929	27	207	11.54	CHH
8	2874093	2874334	28	1	96.55	CG
8	2874093	2874334	19	17	52.78	CHG
8	2874093	2874334	5	178	2.73	CHH
8	3055231	3055410	4	218	1.80	CHG
8	3055231	3055410	12	752	1.57	CHH
8	3463082	3465280	47	506	8.50	CG
8	3463082	3465280	14	526	2.59	CHG
8	3463082	3465280	139	1936	6.70	CHH
8	4272689	4273002	10	0	100.00	CG
8	4272689	4273002	9	5	64.29	CHG
8	4272689	4273002	6	81	6.90	CHH
8	4312136	4312445	187	117	61.51	CG
8	4312136	4312445	51	145	26.02	CHG
8	4312136	4312445	16	890	1.77	CHH
8	4545475	4545770	6	17	26.09	CG
8	4545475	4545770	2	71	2.74	CHG
8	4545475	4545770	1	240	0.41	CHH
8	4853217	4853848	1	1313	0.08	CG
8	4853217	4853848	1	634	0.16	CHG
8	4853217	4853848	6	1297	0.46	CHH
8	5467560	5467758	36	45	44.44	CG
8	5467560	5467758	0	51	0.00	CHG
8	5467560	5467758	0	284	0.00	CHH
8	6450044	6451003	371	13	96.61	CG
8	6450044	6451003	181	130	58.20	CHG
8	6450044	6451003	182	1093	14.27	CHH
8	6675950	6676096	14	0	100.00	CG
8	6675950	6676096	0	20	0.00	CHH
8	6874782	6875032	77	0	100.00	CG
8	6874782	6875032	12	11	52.17	CHG
8	6874782	6875032	10	197	4.83	CHH
8	7337780	7340351	292	272	51.77	CG
8	7337780	7340351	30	930	3.12	CHG
8	7337780	7340351	62	3197	1.90	CHH
8	7485595	7487184	255	23	91.73	CG
8	7485595	7487184	245	119	67.31	CHG
8	7485595	7487184	74	1286	5.44	CHH
8	7660052	7660308	6	1	85.71	CG
8	7660052	7660308	0	8	0.00	CHG
8	7660052	7660308	0	84	0.00	CHH
8	8117875	8118747	37	8	82.22	CG
8	8117875	8118747	0	154	0.00	CHG
8	8117875	8118747	0	666	0.00	CHH
8	8283116	8289954	1458	534	73.19	CG
8	8283116	8289954	668	2160	23.62	CHG
8	8283116	8289954	169	9239	1.80	CHH
8	8625179	8626724	330	50	86.84	CG
8	8625179	8626724	188	205	47.84	CHG
8	8625179	8626724	1	707	0.14	CHH
8	10263592	10264820	43	6	87.76	CG
8	10263592	10264820	0	236	0.00	CHG
8	10263592	10264820	13	845	1.52	CHH
8	10859005	10859704	19	0	100.00	CG
8	10859005	10859704	34	4	89.47	CHG
8	10859005	10859704	62	221	21.91	CHH
8	10992041	10993699	178	22	89.00	CG
8	10992041	10993699	70	89	44.03	CHG
8	10992041	10993699	47	693	6.35	CHH
8	11166235	11167095	4	0	100.00	CG
8	11166235	11167095	9	6	60.00	CHG
8	11166235	11167095	1	100	0.99	CHH
8	11203659	11203915	2	0	100.00	CG
8	11203659	11203915	0	4	0.00	CHG
8	11203659	11203915	0	12	0.00	CHH
8	12256460	12256704	0	56	0.00	CG
8	12256460	12256704	0	117	0.00	CHG
8	12256460	12256704	3	427	0.70	CHH
8	12629860	12629996	7	2	77.78	CG
8	12629860	12629996	29	3	90.62	CHG
8	12629860	12629996	41	102	28.67	CHH
8	13407105	13408116	503	103	83.00	CG
8	13407105	13408116	129	200	39.21	CHG
8	13407105	13408116	32	554	5.46	CHH
8	13545344	13545711	86	11	88.66	CG
8	13545344	13545711	4	28	12.50	CHG
8	13545344	13545711	21	541	3.74	CHH
8	13637622	13639004	314	46	87.22	CG
8	13637622	13639004	175	154	53.19	CHG
8	13637622	13639004	36	754	4.56	CHH
8	13952461	13953924	442	70	86.33	CG
8	13952461	13953924	251	182	57.97	CHG
8	13952461	13953924	232	1102	17.39	CHH
8	14213510	14213752	34	41	45.33	CG
8	14213510	14213752	0	28	0.00	CHG
8	14213510	14213752	55	120	31.43	CHH
8	14298148	14298652	67	5	93.06	CG
8	14298148	14298652	44	4	91.67	CHG
8	14298148	14298652	57	384	12.93	CHH
8	14597668	14597929	301	36	89.32	CG
8	14597668	14597929	93	85	52.25	CHG
8	14597668	14597929	2	456	0.44	CHH
8	14657412	14657652	0	18	0.00	CHH
8	15580207	15580529	23	0	100.00	CG
8	15580207	15580529	47	0	100.00	CHG
8	15580207	15580529	45	98	31.47	CHH
8	15967015	15970249	432	23	94.95	CG
8	15967015	15970249	212	201	51.33	CHG
8	15967015	15970249	155	2150	6.72	CHH
8	16012976	16013846	590	16	97.36	CG
8	16012976	16013846	362	102	78.02	CHG
8	16012976	16013846	58	1198	4.62	CHH
8	16216197	16216404	2	0	100.00	CG
8	16216197	16216404	0	10	0.00	CHH
8	16538923	16541131	130	38	77.38	CG
8	16538923	16541131	16	399	3.86	CHG
8	16538923	16541131	92	1552	5.60	CHH
8	16974676	16975655	33	174	15.94	CG
8	16974676	16975655	16	158	9.20	CHG
8	16974676	16975655	45	1181	3.67	CHH
8	16994050	16994211	0	67	0.00	CG
8	16994050	16994211	0	49	0.00	CHG
8	16994050	16994211	0	174	0.00	CHH
8	17403203	17403300	15	0	100.00	CG
8	17403203	17403300	9	5	64.29	CHG
8	17403203	17403300	12	5	70.59	CHH
8	17719178	17719322	32	0	100.00	CG
8	17719178	17719322	8	6	57.14	CHG
8	17719178	17719322	6	129	4.44	CHH
8	18550794	18553306	478	157	75.28	CG
8	18550794	18553306	77	307	20.05	CHG
8	18550794	18553306	159	1444	9.92	CHH
8	20514928	20517189	211	12	94.62	CG
8	20514928	20517189	28	56	33.33	CHG
8	20514928	20517189	221	1847	10.69	CHH
8	21734995	21740080	974	224	81.30	CG
8	21734995	21740080	391	359	52.13	CHG
8	21734995	21740080	139	1990	6.53	CHH
8	21758849	21759020	20	3	86.96	CG
8	21758849	21759020	3	68	4.23	CHG
8	21758849	21759020	6	287	2.05	CHH
8	22561294	22561443	5	4	55.56	CG
8	22561294	22561443	4	6	40.00	CHG
8	22561294	22561443	4	48	7.69	CHH
8	22681154	22681244	11	4	73.33	CHG
8	22681154	22681244	0	72	0.00	CHH
8	22949183	22951590	100	96	51.02	CG
8	22949183	22951590	36	279	11.43	CHG
8	22949183	22951590	120	1144	9.49	CHH
8	23384652	23384882	0	222	0.00	CG
8	23384652	23384882	1	110	0.90	CHG
8	23384652	23384882	1	231	0.43	CHH
8	23517672	23517817	3	0	100.00	CG
8	23517672	23517817	9	3	75.00	CHG
8	23517672	23517817	28	94	22.95	CHH
8	23675662	23675914	13	0	100.00	CG
8	23675662	23675914	8	0	100.00	CHG
8	23675662	23675914	52	20	72.22	CHH
8	24239866	24240191	50	2	96.15	CG
8	24239866	24240191	0	230	0.00	CHG
8	24239866	24240191	0	951	0.00	CHH
8	24632914	24633182	5	13	27.78	CG
8	24632914	24633182	1	40	2.44	CHG
8	24632914	24633182	0	156	0.00	CHH
8	25281178	25281350	93	62	60.00	CG
8	25281178	25281350	9	43	17.31	CHG
8	25281178	25281350	10	357	2.72	CHH
8	25598370	25598449	3	3	50.00	CHH
8	25696600	25696771	0	149	0.00	CG
8	25696600	25696771	0	110	0.00	CHG
8	25696600	25696771	1	262	0.38	CHH
8	25733898	25741720	1415	1882	42.92	CG
8	25733898	25741720	643	3123	17.07	CHG
8	25733898	25741720	570	12593	4.33	CHH
8	26671848	26672550	22	1	95.65	CG
8	26671848	26672550	4	3	57.14	CHG
8	26671848	26672550	7	73	8.75	CHH
8	26851572	26851796	1	189	0.53	CG
8	26851572	26851796	1	83	1.19	CHG
8	26851572	26851796	0	408	0.00	CHH
8	27327904	27330518	139	3777	3.55	CG
8	27327904	27330518	46	2242	2.01	CHG
8	27327904	27330518	44	5128	0.85	CHH
9	899505	900078	108	18	85.71	CG
9	899505	900078	12	34	26.09	CHG
9	899505	900078	33	505	6.13	CHH
9	1708905	1710116	629	69	90.11	CG
9	1708905	1710116	287	373	43.48	CHG
9	1708905	1710116	21	1318	1.57	CHH
9	2262231	2262612	130	2	98.48	CG
9	2262231	2262612	82	127	39.23	CHG
9	2262231	2262612	4	413	0.96	CHH
9	2463009	2464211	743	47	94.05	CG
9	2463009	2464211	388	266	59.33	CHG
9	2463009	2464211	61	2827	2.11	CHH
9	2545349	2545704	30	14	68.18	CG
9	2545349	2545704	2	14	12.50	CHG
9	2545349	2545704	2	85	2.30	CHH
9	2854868	2855786	95	20	82.61	CG
9	2854868	2855786	16	55	22.54	CHG
9	2854868	2855786	46	258	15.13	CHH
9	2911646	2912272	283	9	96.92	CG
9	2911646	2912272	281	182	60.69	CHG
9	2911646	2912272	49	1211	3.89	CHH
9	3112245	3115702	2858	190	93.77	CG
9	3112245	3115702	1032	757	57.69	CHG
9	3112245	3115702	227	5420	4.02	CHH
9	3214717	3216020	64	21	75.29	CG
9	3214717	3216020	50	37	57.47	CHG
9	3214717	3216020	98	548	15.17	CHH
9	3330884	3331520	5	0	100.00	CG
9	3330884	3331520	4	3	57.14	CHG
9	3330884	3331520	0	38	0.00	CHH
9	4739227	4745466	248	212	53.91	CG
9	4739227	4745466	63	350	15.25	CHG
9	4739227	4745466	262	1488	14.97	CHH
9	6631347	6632182	27	47	36.49	CG
9	6631347	6632182	47	213	18.08	CHG
9	6631347	6632182	98	907	9.75	CHH
9	7230219	7230464	148	35	80.87	CG
9	7230219	7230464	25	58	30.12	CHG
9	7230219	7230464	67	244	21.54	CHH
9	7430897	7432040	36	39	48.00	CG
9	7430897	7432040	0	27	0.00	CHG
9	7430897	7432040	255	359	41.53	CHH
9	9923428	9925180	13	43	23.21	CG
9	9923428	9925180	0	91	0.00	CHG
9	9923428	9925180	83	605	12.06	CHH
9	10766786	10767301	65	13	83.33	CG
9	10766786	10767301	3	184	1.60	CHG
9	10766786	10767301	3	620	0.48	CHH
9	12030840	12031218	4	678	0.59	CG
9	12030840	12031218	1	385	0.26	CHG
9	12030840	12031218	4	603	0.66	CHH
9	12595903	12596851	0	187	0.00	CG
9	12595903	12596851	2	381	0.52	CHG
9	12595903	12596851	12	1207	0.98	CHH
9	13404977	13406112	265	23	92.01	CG
9	13404977	13406112	108	106	50.47	CHG
9	13404977	13406112	146	709	17.08	CHH
9	16489222	16490713	101	165	37.97	CG
9	16489222	16490713	17	255	6.25	CHG
9	16489222	16490713	32	915	3.38	CHH
9	16577282	16577396	8	1	88.89	CG
9	16577282	16577396	3	3	50.00	CHG
9	16577282	16577396	42	61	40.78	CHH
9	17604144	17604323	9	3	75.00	CG
9	17604144	17604323	0	15	0.00	CHG
9	17604144	17604323	0	86	0.00	CHH
9	19383868	19383934	3	13	18.75	CHG
9	19383868	19383934	1	71	1.39	CHH
9	19469244	19469889	12	70	14.63	CG
9	19469244	19469889	7	249	2.73	CHG
9	19469244	19469889	32	438	6.81	CHH
9	19529704	19533249	304	1102	21.62	CG
9	19529704	19533249	114	611	15.72	CHG
9	19529704	19533249	70	2861	2.39	CHH
9	20512179	20515947	199	434	31.44	CG
9	20512179	20515947	66	751	8.08	CHG
9	20512179	20515947	248	3113	7.38	CHH
9	20811988	20812086	0	201	0.00	CG
9	20811988	20812086	0	19	0.00	CHG
9	20811988	20812086	2	203	0.98	CHH
9	21917576	21917684	0	228	0.00	CG
9	21917576	21917684	0	191	0.00	CHG
9	21917576	21917684	1	279	0.36	CHH
9	22507907	22508014	1	20	4.76	CHG
9	22507907	22508014	0	91	0.00	CHH
9	22587586	22587797	68	1	98.55	CG
9	22587586	22587797	7	21	25.00	CHG
9	22587586	22587797	5	115	4.17	CHH
10	76063	76767	322	48	87.03	CG
10	76063	76767	126	239	34.52	CHG
10	76063	76767	28	1265	2.17	CHH
10	1070598	1072595	199	614	24.48	CG
10	1070598	1072595	139	463	23.09	CHG
10	1070598	1072595	292	1949	13.03	CHH
10	1391746	1391999	193	1	99.48	CG
10	1391746	1391999	38	58	39.58	CHG
10	1391746	1391999	0	188	0.00	CHH
10	1614261	1614403	0	7	0.00	CG
10	1614261	1614403	0	33	0.00	CHG
10	1614261	1614403	0	98	0.00	CHH
10	1803629	1804504	30	8	78.95	CG
10	1803629	1804504	58	29	66.67	CHG
10	1803629	1804504	57	465	10.92	CHH
10	1803768	1804170	26	4	86.67	CG
10	1803768	1804170	13	8	61.90	CHG
10	1803768	1804170	0	109	0.00	CHH
10	1840873	1840994	0	4	0.00	CG
10	1840873	1840994	0	4	0.00	CHG
10	1840873	1840994	0	16	0.00	CHH
10	2764274	2764493	0	77	0.00	CG
10	2764274	2764493	2	149	1.32	CHG
10	2764274	2764493	0	263	0.00	CHH
10	3411205	3411730	27	0	100.00	CG
10	3411205	3411730	0	113	0.00	CHG
10	3411205	3411730	1	304	0.33	CHH
10	3555583	3556236	26	18	59.09	CG
10	3555583	3556236	7	8	46.67	CHG
10	3555583	3556236	1	51	1.92	CHH
10	4747418	4747782	9	7	56.25	CG
10	4747418	4747782	5	77	6.10	CHG
10	4747418	4747782	0	299	0.00	CHH
10	6032495	6032662	22	2	91.67	CG
10	6032495	6032662	22	20	52.38	CHG
10	6032495	6032662	17	123	12.14	CHH
10	6484932	6485158	6	106	5.36	CG
10	6484932	6485158	4	60	6.25	CHG
10	6484932	6485158	5	186	2.62	CHH
10	6965382	6965620	221	16	93.25	CG
10	6965382	6965620	28	15	65.12	CHG
10	6965382	6965620	16	104	13.33	CHH
10	7289884	7290427	7	0	100.00	CG
10	7289884	7290427	13	20	39.39	CHG
10	7289884	7290427	5	103	4.63	CHH
10	8713513	8713687	2	0	100.00	CG
10	8713513	8713687	0	1	0.00	CHG
10	8713513	8713687	0	2	0.00	CHH
10	8784304	8784496	26	5	83.87	CG
10	8784304	8784496	12	5	70.59	CHG
10	8784304	8784496	0	194	0.00	CHH
10	9339792	9339997	11	2	84.62	CG
10	9339792	9339997	0	7	0.00	CHG
10	9339792	9339997	28	55	33.73	CHH
10	9455216	9455761	1	3	25.00	CG
10	9455216	9455761	4	2	66.67	CHG
10	9455216	9455761	0	75	0.00	CHH
10	10070366	10073354	1317	48	96.48	CG
10	10070366	10073354	476	343	58.12	CHG
10	10070366	10073354	220	1883	10.46	CHH
10	10893887	10894383	26	1973	1.30	CG
10	10893887	10894383	64	2397	2.60	CHG
10	10893887	10894383	194	19043	1.01	CHH
10	10994069	10994203	11	2	84.62	CG
10	10994069	10994203	1	24	4.00	CHG
10	10994069	10994203	0	78	0.00	CHH
10	11956236	11956518	9	3	75.00	CG
10	11956236	11956518	3	3	50.00	CHG
10	11956236	11956518	0	46	0.00	CHH
10	11967788	11968023	13	0	100.00	CG
10	11967788	11968023	2	0	100.00	CHG
10	11967788	11968023	80	295	21.33	CHH
10	12041078	12041429	0	11	0.00	CG
10	12041078	12041429	6	30	16.67	CHG
10	12041078	12041429	15	195	7.14	CHH
10	12398331	12398410	10	6	62.50	CHG
10	12398331	12398410	2	104	1.89	CHH
10	12783731	12784747	122	820	12.95	CG
10	12783731	12784747	29	440	6.18	CHG
10	12783731	12784747	169	1242	11.98	CHH
10	13030461	13031711	61	611	9.08	CG
10	13030461	13031711	20	429	4.45	CHG
10	13030461	13031711	56	1241	4.32	CHH
10	13134013	13134625	20	14	58.82	CG
10	13134013	13134625	3	28	9.68	CHG
10	13134013	13134625	3	225	1.32	CHH
10	14312781	14312940	8	0	100.00	CG
10	14312781	14312940	2	2	50.00	CHG
10	14312781	14312940	1	32	3.03	CHH
10	14415032	14415475	0	71	0.00	CG
10	14415032	14415475	0	43	0.00	CHG
10	14415032	14415475	6	302	1.95	CHH
10	14939572	14939779	2	154	1.28	CG
10	14939572	14939779	1	81	1.22	CHG
10	14939572	14939779	5	397	1.24	CHH
10	15358024	15358297	12	0	100.00	CHG
10	15358024	15358297	4	230	1.71	CHH
10	15388115	15388379	35	3	92.11	CG
10	15388115	15388379	13	42	23.64	CHG
10	15388115	15388379	5	217	2.25	CHH
10	15623066	15624262	7	817	0.85	CG
10	15623066	15624262	3	893	0.33	CHG
10	15623066	15624262	14	1969	0.71	CHH
10	16649407	16649853	3	388	0.77	CG
10	16649407	16649853	0	359	0.00	CHG
10	16649407	16649853	10	720	1.37	CHH
10	17917117	17917361	13	139	8.55	CG
10	17917117	17917361	3	282	1.05	CHG
10	17917117	17917361	5	632	0.78	CHH
10	18118300	18118455	24	0	100.00	CG
10	18118300	18118455	1	10	9.09	CHG
10	18118300	18118455	5	86	5.49	CHH
10	18249061	18249336	75	82	47.77	CG
10	18249061	18249336	10	100	9.09	CHG
10	18249061	18249336	13	380	3.31	CHH
10	18629501	18629720	0	40	0.00	CG
10	18629501	18629720	0	49	0.00	CHG
10	18629501	18629720	1	395	0.25	CHH
10	18709862	18710680	81	712	10.21	CG
10	18709862	18710680	17	712	2.33	CHG
10	18709862	18710680	39	1393	2.72	CHH
10	19071669	19072430	5	810	0.61	CG
10	19071669	19072430	3	795	0.38	CHG
10	19071669	19072430	8	1358	0.59	CHH
10	19727438	19727659	8	0	100.00	CG
10	19727438	19727659	5	6	45.45	CHG
10	19727438	19727659	55	30	64.71	CHH
10	20621568	20621746	8	4	66.67	CG
10	20621568	20621746	0	13	0.00	CHG
10	20621568	20621746	0	6	0.00	CHH
10	20684185	20684453	53	2	96.36	CG
10	20684185	20684453	1	153	0.65	CHG
10	20684185	20684453	3	458	0.65	CHH
10	20758072	20758229	3	0	100.00	CG
10	20758072	20758229	0	92	0.00	CHG
10	20758072	20758229	3	200	1.48	CHH
10	20876029	20876473	18	22	45.00	CG
10	20876029	20876473	12	24	33.33	CHG
10	20876029	20876473	46	111	29.30	CHH
10	21433314	21437604	294	607	32.63	CG
10	21433314	21437604	25	869	2.80	CHG
10	21433314	21437604	85	3764	2.21	CHH
10	21560604	21561484	48	41	53.93	CG
10	21560604	21561484	5	408	1.21	CHG
10	21560604	21561484	19	1556	1.21	CHH
10	22597491	22597660	0	25	0.00	CG
10	22597491	22597660	0	9	0.00	CHG
10	22597491	22597660	2	64	3.03	CHH
10	22692035	22692362	19	28	40.43	CG
10	22692035	22692362	2	139	1.42	CHG
10	22692035	22692362	3	425	0.70	CHH
10	22860787	22861438	0	168	0.00	CG
10	22860787	22861438	3	212	1.40	CHG
10	22860787	22861438	3	626	0.48	CHH
11	505296	505455	19	4	82.61	CG
11	505296	505455	9	13	40.91	CHG
11	505296	505455	0	51	0.00	CHH
11	797708	798586	14	8	63.64	CG
11	797708	798586	0	24	0.00	CHG
11	797708	798586	45	253	15.10	CHH
11	1050852	1052789	229	1147	16.64	CG
11	1050852	1052789	56	1607	3.37	CHG
11	1050852	1052789	399	4144	8.78	CHH
11	1432574	1432751	5	158	3.07	CG
11	1432574	1432751	0	120	0.00	CHG
11	1432574	1432751	10	359	2.71	CHH
11	1858041	1858566	44	1	97.78	CG
11	1858041	1858566	71	19	78.89	CHG
11	1858041	1858566	86	104	45.26	CHH
11	2504811	2504939	0	76	0.00	CG
11	2504811	2504939	0	86	0.00	CHG
11	2504811	2504939	18	285	5.94	CHH
11	2669596	2669853	3	164	1.80	CG
11	2669596	2669853	0	28	0.00	CHG
11	2669596	2669853	2	295	0.67	CHH
11	2802873	2804621	149	107	58.20	CG
11	2802873	2804621	455	209	68.52	CHG
11	2802873	2804621	690	1267	35.26	CHH
11	3466044	3470402	257	282	47.68	CG
11	3466044	3470402	157	365	30.08	CHG
11	3466044	3470402	364	1969	15.60	CHH
11	3810954	3811089	7	2	77.78	CG
11	3810954	3811089	0	22	0.00	CHG
11	3810954	3811089	3	88	3.30	CHH
11	4224826	4225123	10	0	100.00	CG
11	4224826	4225123	0	48	0.00	CHG
11	4224826	4225123	0	230	0.00	CHH
11	4595255	4598721	326	1370	19.22	CG
11	4595255	4598721	179	679	20.86	CHG
11	4595255	4598721	624	2359	20.92	CHH
11	6038088	6038424	3	657	0.45	CG
11	6038088	6038424	3	255	1.16	CHG
11	6038088	6038424	6	478	1.24	CHH
11	6091835	6093414	830	219	79.12	CG
11	6091835	6093414	259	304	46.00	CHG
11	6091835	6093414	276	2441	10.16	CHH
11	7821028	7821214	1	46	2.13	CG
11	7821028	7821214	0	68	0.00	CHG
11	7821028	7821214	1	172	0.58	CHH
11	9435946	9436636	55	2	96.49	CG
11	9435946	9436636	40	24	62.50	CHG
11	9435946	9436636	21	254	7.64	CHH
11	9479627	9479991	0	361	0.00	CG
11	9479627	9479991	0	354	0.00	CHG
11	9479627	9479991	5	881	0.56	CHH
11	9728388	9728616	1	1	50.00	CG
11	9728388	9728616	0	3	0.00	CHG
11	9728388	9728616	0	24	0.00	CHH
11	9810706	9815080	1204	219	84.61	CG
11	9810706	9815080	636	709	47.29	CHG
11	9810706	9815080	374	3710	9.16	CHH
11	9969448	9969633	1	14	6.67	CG
11	9969448	9969633	5	11	31.25	CHG
11	9969448	9969633	3	83	3.49	CHH
11	10499987	10500272	16	0	100.00	CG
11	10499987	10500272	6	6	50.00	CHG
11	10499987	10500272	0	16	0.00	CHH
11	10502651	10503109	25	4	86.21	CG
11	10502651	10503109	16	12	57.14	CHG
11	10502651	10503109	11	237	4.44	CHH
11	11632517	11632735	134	3	97.81	CG
11	11632517	11632735	48	40	54.55	CHG
11	11632517	11632735	17	224	7.05	CHH
11	13907112	13907730	155	13	92.26	CG
11	13907112	13907730	143	43	76.88	CHG
11	13907112	13907730	45	960	4.48	CHH
11	14199127	14199230	41	2	95.35	CG
11	14199127	14199230	24	6	80.00	CHG
11	14199127	14199230	0	64	0.00	CHH
11	14246634	14246765	47	0	100.00	CG
11	14246634	14246765	57	138	29.23	CHH
11	14953985	14954432	17	0	100.00	CG
11	14953985	14954432	0	3	0.00	CHG
11	14953985	14954432	29	202	12.55	CHH
11	15162648	15162882	9	0	100.00	CG
11	15162648	15162882	87	66	56.86	CHG
11	15162648	15162882	23	490	4.48	CHH
11	15516587	15517994	177	492	26.46	CG
11	15516587	15517994	46	370	11.06	CHG
11	15516587	15517994	129	1777	6.77	CHH
11	15595496	15598031	357	101	77.95	CG
11	15595496	15598031	158	198	44.38	CHG
11	15595496	15598031	155	1638	8.64	CHH
11	15629573	15629919	31	1	96.88	CG
11	15629573	15629919	37	20	64.91	CHG
11	15629573	15629919	35	332	9.54	CHH
11	15784095	15784518	5	301	1.63	CG
11	15784095	15784518	6	208	2.80	CHG
11	15784095	15784518	2	380	0.52	CHH
11	16587225	16588700	47	62	43.12	CG
11	16587225	16588700	11	46	19.30	CHG
11	16587225	16588700	41	435	8.61	CHH
11	16590106	16591882	262	17	93.91	CG
11	16590106	16591882	280	176	61.40	CHG
11	16590106	16591882	37	1038	3.44	CHH
11	17024541	17024749	37	43	46.25	CG
11	17024541	17024749	72	39	64.86	CHG
11	17024541	17024749	268	589	31.27	CHH
11	17437801	17439859	43	709	5.72	CG
11	17437801	17439859	8	694	1.14	CHG
11	17437801	17439859	45	2850	1.55	CHH
11	17734944	17735193	1	330	0.30	CG
11	17734944	17735193	0	147	0.00	CHG
11	17734944	17735193	0	244	0.00	CHH
11	17903585	17906300	546	98	84.78	CG
11	17903585	17906300	226	184	55.12	CHG
11	17903585	17906300	339	1335	20.25	CHH
11	17974571	17974900	4	71	5.33	CG
11	17974571	17974900	6	107	5.31	CHG
11	17974571	17974900	38	282	11.88	CHH
11	18325064	18325191	0	6	0.00	CG
11	18325064	18325191	0	18	0.00	CHG
11	18325064	18325191	1	90	1.10	CHH
11	18373844	18373989	0	10	0.00	CG
11	18373844	18373989	0	54	0.00	CHG
11	18373844	18373989	0	320	0.00	CHH
11	18718793	18720377	275	169	61.94	CG
11	18718793	18720377	63	430	12.78	CHG
11	18718793	18720377	28	1619	1.70	CHH
11	18909482	18909881	18	240	6.98	CG
11	18909482	18909881	20	239	7.72	CHG
11	18909482	18909881	52	450	10.36	CHH
11	19311606	19314032	562	96	85.41	CG
11	19311606	19314032	338	423	44.42	CHG
11	19311606	19314032	718	2056	25.88	CHH
11	20219224	20220414	212	11	95.07	CG
11	20219224	20220414	179	93	65.81	CHG
11	20219224	20220414	60	1169	4.88	CHH
11	20319451	20320865	53	35	60.23	CG
11	20319451	20320865	27	49	35.53	CHG
11	20319451	20320865	191	368	34.17	CHH
11	20346784	20346867	0	3	0.00	CG
11	20346784	20346867	0	5	0.00	CHG
11	20346784	20346867	0	23	0.00	CHH
11	20686170	20686465	0	5	0.00	CG
11	20686170	20686465	0	48	0.00	CHH
11	20872306	20872476	27	7	79.41	CG
11	20872306	20872476	6	13	31.58	CHG
11	20872306	20872476	0	30	0.00	CHH
11	20903615	20904114	37	35	51.39	CG
11	20903615	20904114	0	129	0.00	CHG
11	20903615	20904114	3	733	0.41	CHH
11	21540161	21540670	17	0	100.00	CG
11	21540161	21540670	7	0	100.00	CHG
11	21540161	21540670	61	77	44.20	CHH
11	22251376	22252471	39	96	28.89	CG
11	22251376	22252471	28	258	9.79	CHG
11	22251376	22252471	41	1372	2.90	CHH
11	22442650	22442893	40	2	95.24	CG
11	22442650	22442893	1	0	100.00	CHG
11	22442650	22442893	14	210	6.25	CHH
11	22611185	22611456	0	38	0.00	CG
11	22611185	22611456	0	91	0.00	CHG
11	22611185	22611456	4	639	0.62	CHH
11	22898553	22899482	3	65	4.41	CG
11	22898553	22899482	4	98	3.92	CHG
11	22898553	22899482	6	506	1.17	CHH
11	23917291	23918354	26	25	50.98	CG
11	23917291	23918354	11	19	36.67	CHG
11	23917291	23918354	49	201	19.60	CHH
11	23924021	23924111	0	18	0.00	CG
11	23924021	23924111	1	60	1.64	CHG
11	23924021	23924111	0	114	0.00	CHH
11	24143197	24143872	29	4	87.88	CG
11	24143197	24143872	8	3	72.73	CHG
11	24143197	24143872	0	51	0.00	CHH
11	24518104	24518669	4	0	100.00	CG
11	24518104	24518669	12	20	37.50	CHG
11	24518104	24518669	9	72	11.11	CHH
11	25340157	25340679	31	5	86.11	CG
11	25340157	25340679	15	16	48.39	CHG
11	25340157	25340679	87	349	19.95	CHH
11	25356991	25357939	36	30	54.55	CG
11	25356991	25357939	18	70	20.45	CHG
11	25356991	25357939	9	612	1.45	CHH
11	25450636	25450896	1	0	100.00	CG
11	25450636	25450896	1	0	100.00	CHG
11	25450636	25450896	0	1	0.00	CHH
11	26018351	26019667	92	15	85.98	CG
11	26018351	26019667	60	53	53.10	CHG
11	26018351	26019667	32	241	11.72	CHH
11	26557615	26559410	172	30	85.15	CG
11	26557615	26559410	4	307	1.29	CHG
11	26557615	26559410	25	1478	1.66	CHH
11	26733617	26733799	8	0	100.00	CG
11	26733617	26733799	1	3	25.00	CHG
11	26733617	26733799	0	21	0.00	CHH
11	26897318	26898575	131	72	64.53	CG
11	26897318	26898575	58	53	52.25	CHG
11	26897318	26898575	177	561	23.98	CHH
11	27142723	27144368	115	210	35.38	CG
11	27142723	27144368	22	225	8.91	CHG
11	27142723	27144368	93	1088	7.87	CHH
11	27188061	27188431	16	3	84.21	CG
11	27188061	27188431	10	15	40.00	CHG
11	27188061	27188431	74	184	28.68	CHH
11	27296398	27296914	25	143	14.88	CG
11	27296398	27296914	6	77	7.23	CHG
11	27296398	27296914	145	338	30.02	CHH
11	28581984	28582206	0	92	0.00	CHH
12	1158418	1158578	0	69	0.00	CG
12	1158418	1158578	0	13	0.00	CHG
12	1158418	1158578	0	216	0.00	CHH
12	1177184	1177765	0	33	0.00	CG
12	1177184	1177765	0	88	0.00	CHG
12	1177184	1177765	2	530	0.38	CHH
12	1270256	1270750	0	11	0.00	CG
12	1270256	1270750	0	107	0.00	CHG
12	1270256	1270750	0	214	0.00	CHH
12	2005465	2005735	45	0	100.00	CG
12	2005465	2005735	0	14	0.00	CHG
12	2005465	2005735	124	11	91.85	CHH
12	2376872	2377309	21	25	45.65	CG
12	2376872	2377309	0	51	0.00	CHG
12	2376872	2377309	0	254	0.00	CHH
12	3807299	3807471	0	3	0.00	CG
12	3807299	3807471	0	30	0.00	CHG
12	3807299	3807471	0	96	0.00	CHH
12	3811143	3811601	20	1	95.24	CG
12	3811143	3811601	9	13	40.91	CHG
12	3811143	3811601	48	93	34.04	CHH
12	4083553	4083794	19	32	37.25	CG
12	4083553	4083794	0	209	0.00	CHG
12	4083553	4083794	1	280	0.36	CHH
12	5174512	5176042	1185	483	71.04	CG
12	5174512	5176042	413	492	45.64	CHG
12	5174512	5176042	416	2934	12.42	CHH
12	5728433	5728876	124	5	96.12	CG
12	5728433	5728876	53	56	48.62	CHG
12	5728433	5728876	3	159	1.85	CHH
12	6323100	6323289	3	4	42.86	CG
12	6323100	6323289	0	3	0.00	CHG
12	6323100	6323289	3	29	9.38	CHH
12	6480645	6481828	503	53	90.47	CG
12	6480645	6481828	214	157	57.68	CHG
12	6480645	6481828	32	1238	2.52	CHH
12	6550600	6551475	41	4	91.11	CG
12	6550600	6551475	21	16	56.76	CHG
12	6550600	6551475	17	115	12.88	CHH
12	7855054	7855393	13	1	92.86	CG
12	7855054	7855393	11	1	91.67	CHG
12	7855054	7855393	10	35	22.22	CHH
12	8497520	8497653	2	149	1.32	CG
12	8497520	8497653	1	63	1.56	CHG
12	8497520	8497653	0	144	0.00	CHH
12	8555821	8555983	46	354	11.50	CG
12	8555821	8555983	5	298	1.65	CHG
12	8555821	8555983	14	914	1.51	CHH
12	8733248	8733675	0	2	0.00	CHG
12	8733248	8733675	0	13	0.00	CHH
12	8783105	8783207	0	1	0.00	CG
12	8783105	8783207	0	20	0.00	CHH
12	8846726	8847029	6	23	20.69	CG
12	8846726	8847029	0	14	0.00	CHG
12	8846726	8847029	7	217	3.12	CHH
12	9326878	9327074	50	0	100.00	CG
12	9326878	9327074	8	19	29.63	CHG
12	9326878	9327074	39	171	18.57	CHH
12	9368388	9368605	24	0	100.00	CG
12	9368388	9368605	15	15	50.00	CHG
12	9368388	9368605	17	175	8.85	CHH
12	11421434	11422871	117	24	82.98	CG
12	11421434	11422871	18	728	2.41	CHG
12	11421434	11422871	31	2357	1.30	CHH
12	11519644	11519807	6	0	100.00	CG
12	11519644	11519807	4	0	100.00	CHG
12	11519644	11519807	4	20	16.67	CHH
12	12193685	12193957	113	46	71.07	CG
12	12193685	12193957	37	71	34.26	CHG
12	12193685	12193957	12	652	1.81	CHH
12	12596401	12596694	14	0	100.00	CG
12	12596401	12596694	43	22	66.15	CHG
12	12596401	12596694	46	134	25.56	CHH
12	12742760	12743615	136	9	93.79	CG
12	12742760	12743615	94	36	72.31	CHG
12	12742760	12743615	25	401	5.87	CHH
12	13187459	13188652	31	190	14.03	CG
12	13187459	13188652	21	234	8.24	CHG
12	13187459	13188652	72	683	9.54	CHH
12	14284341	14284547	0	33	0.00	CG
12	14284341	14284547	0	7	0.00	CHG
12	14284341	14284547	13	96	11.93	CHH
12	14803452	14803625	8	0	100.00	CG
12	14803452	14803625	4	11	26.67	CHG
12	14803452	14803625	0	164	0.00	CHH
12	15067951	15069074	168	8	95.45	CG
12	15067951	15069074	63	66	48.84	CHG
12	15067951	15069074	60	427	12.32	CHH
12	15348530	15353993	1673	103	94.20	CG
12	15348530	15353993	1411	785	64.25	CHG
12	15348530	15353993	382	8619	4.24	CHH
12	16142723	16142824	28	5	84.85	CG
12	16142723	16142824	22	11	66.67	CHG
12	16142723	16142824	2	90	2.17	CHH
12	16276461	16276731	33	1	97.06	CG
12	16276461	16276731	12	22	35.29	CHG
12	16276461	16276731	40	26	60.61	CHH
12	16529727	16530963	904	69	92.91	CG
12	16529727	16530963	283	273	50.90	CHG
12	16529727	16530963	206	1986	9.40	CHH
12	17830991	17831311	0	11	0.00	CG
12	17830991	17831311	0	64	0.00	CHG
12	17830991	17831311	0	202	0.00	CHH
12	18708202	18708465	11	1	91.67	CG
12	18708202	18708465	4	40	9.09	CHG
12	18708202	18708465	0	229	0.00	CHH
12	18864903	18867127	451	46	90.74	CG
12	18864903	18867127	112	233	32.46	CHG
12	18864903	18867127	219	1246	14.95	CHH
12	19240695	19241251	33	0	100.00	CG
12	19240695	19241251	20	30	40.00	CHG
12	19240695	19241251	13	483	2.62	CHH
12	20271167	20271395	101	0	100.00	CG
12	20271167	20271395	77	45	63.11	CHG
12	20271167	20271395	16	506	3.07	CHH
12	21012743	21013159	38	22	63.33	CG
12	21012743	21013159	16	109	12.80	CHG
12	21012743	21013159	67	251	21.07	CHH
12	21325595	21326775	211	26	89.03	CG
12	21325595	21326775	1	779	0.13	CHG
12	21325595	21326775	22	2119	1.03	CHH
12	21498142	21500190	110	79	58.20	CG
12	21498142	21500190	1	600	0.17	CHG
12	21498142	21500190	20	2413	0.82	CHH
12	21799965	21804009	159	712	18.25	CG
12	21799965	21804009	36	1361	2.58	CHG
12	21799965	21804009	195	4272	4.37	CHH
12	22237684	22237932	5	289	1.70	CG
12	22237684	22237932	5	218	2.24	CHG
12	22237684	22237932	1	237	0.42	CHH
12	22424783	22424873	15	0	100.00	CG
12	22424783	22424873	1	93	1.06	CHG
12	22424783	22424873	3	101	2.88	CHH
12	22599880	22601854	35	872	3.86	CG
12	22599880	22601854	2	744	0.27	CHG
12	22599880	22601854	13	2429	0.53	CHH
12	22827958	22829855	59	28	67.82	CG
12	22827958	22829855	78	68	53.42	CHG
12	22827958	22829855	91	413	18.06	CHH
12	22914184	22914456	14	10	58.33	CG
12	22914184	22914456	36	30	54.55	CHG
12	22914184	22914456	26	159	14.05	CHH
12	23044811	23045065	2	32	5.88	CG
12	23044811	23045065	0	131	0.00	CHG
12	23044811	23045065	0	519	0.00	CHH
12	24286289	24286454	12	7	63.16	CG
12	24286289	24286454	0	18	0.00	CHG
12	24286289	24286454	0	200	0.00	CHH
12	24305556	24308650	396	93	80.98	CG
12	24305556	24308650	80	943	7.82	CHG
12	24305556	24308650	150	3962	3.65	CHH
12	24482972	24483119	0	13	0.00	CG
12	24482972	24483119	9	33	21.43	CHG
12	24482972	24483119	20	92	17.86	CHH
12	25415184	25415420	31	0	100.00	CG
12	25415184	25415420	9	3	75.00	CHG
12	25415184	25415420	7	37	15.91	CHH
12	26429400	26431294	21	1569	1.32	CG
12	26429400	26431294	5	1100	0.45	CHG
12	26429400	26431294	21	3155	0.66	CHH
12	26619179	26619379	3	3	50.00	CG
12	26619179	26619379	0	39	0.00	CHG
12	26619179	26619379	7	194	3.48	CHH
12	26739873	26743547	792	28	96.59	CG
12	26739873	26743547	345	193	64.13	CHG
12	26739873	26743547	258	2067	11.10	CHH
12	26756376	26756465	19	6	76.00	CG
12	26756376	26756465	0	5	0.00	CHG
12	26756376	26756465	0	75	0.00	CHH
