1	2555114	2555411	44	19	69.84	CG
1	2555114	2555411	4	19	17.39	CHG
1	2555114	2555411	11	108	9.24	CHH
1	8143115	8144572	95	610	13.48	CG
1	8143115	8144572	42	435	8.81	CHG
1	8143115	8144572	104	2402	4.15	CHH
1	8856289	8857459	813	84	90.64	CG
1	8856289	8857459	364	294	55.32	CHG
1	8856289	8857459	172	2005	7.90	CHH
1	9440253	9440373	15	3	83.33	CG
1	9440253	9440373	59	26	69.41	CHG
1	9440253	9440373	9	298	2.93	CHH
1	10922927	10924097	681	73	90.32	CG
1	10922927	10924097	196	318	38.13	CHG
1	10922927	10924097	115	1694	6.36	CHH
1	10924272	10925038	106	10	91.38	CG
1	10924272	10925038	81	40	66.94	CHG
1	10924272	10925038	157	438	26.39	CHH
1	10926447	10926494	14	6	70.00	CG
1	10926447	10926494	8	11	42.11	CHG
1	10926447	10926494	3	117	2.50	CHH
1	10927779	10928239	2	326	0.61	CG
1	10927779	10928239	5	414	1.19	CHG
1	10927779	10928239	13	1020	1.26	CHH
1	11194466	11195470	352	79	81.67	CG
1	11194466	11195470	82	89	47.95	CHG
1	11194466	11195470	75	1148	6.13	CHH
1	11195594	11197144	761	34	95.72	CG
1	11195594	11197144	427	268	61.44	CHG
1	11195594	11197144	406	2208	15.53	CHH
1	11469690	11470040	123	11	91.79	CG
1	11469690	11470040	47	52	47.47	CHG
1	11469690	11470040	22	233	8.63	CHH
1	11476217	11476541	43	9	82.69	CG
1	11476217	11476541	10	11	47.62	CHG
1	11476217	11476541	9	202	4.27	CHH
1	11476776	11476980	69	3	95.83	CG
1	11476776	11476980	39	37	51.32	CHG
1	11476776	11476980	9	214	4.04	CHH
1	14960932	14961729	171	27	86.36	CG
1	14960932	14961729	40	118	25.32	CHG
1	14960932	14961729	74	367	16.78	CHH
1	20811581	20812788	136	10	93.15	CG
1	20811581	20812788	101	112	47.42	CHG
1	20811581	20812788	135	1223	9.94	CHH
1	20812987	20814418	703	80	89.78	CG
1	20812987	20814418	354	222	61.46	CHG
1	20812987	20814418	75	1891	3.81	CHH
1	21008974	21009872	146	22	86.90	CG
1	21008974	21009872	97	96	50.26	CHG
1	21008974	21009872	50	1846	2.64	CHH
1	21009973	21014417	2386	326	87.98	CG
1	21009973	21014417	1869	1639	53.28	CHG
1	21009973	21014417	225	10706	2.06	CHH
1	25251599	25253560	669	260	72.01	CG
1	25251599	25253560	171	447	27.67	CHG
1	25251599	25253560	351	2303	13.23	CHH
1	25254184	25254575	26	5	83.87	CG
1	25254184	25254575	8	9	47.06	CHG
1	25254184	25254575	23	91	20.18	CHH
1	26580982	26582392	393	82	82.74	CG
1	26580982	26582392	75	149	33.48	CHG
1	26580982	26582392	65	602	9.75	CHH
1	28208118	28209343	591	53	91.77	CG
1	28208118	28209343	275	152	64.40	CHG
1	28208118	28209343	121	1034	10.48	CHH
1	28209629	28210983	361	73	83.18	CG
1	28209629	28210983	294	259	53.16	CHG
1	28209629	28210983	196	2428	7.47	CHH
1	28211421	28212110	114	5	95.80	CG
1	28211421	28212110	116	72	61.70	CHG
1	28211421	28212110	387	829	31.83	CHH
1	30811371	30812183	321	39	89.17	CG
1	30811371	30812183	94	131	41.78	CHG
1	30811371	30812183	25	654	3.68	CHH
1	36452592	36453218	270	151	64.13	CG
1	36452592	36453218	84	209	28.67	CHG
1	36452592	36453218	94	1119	7.75	CHH
1	38451745	38452887	378	92	80.43	CG
1	38451745	38452887	153	213	41.80	CHG
1	38451745	38452887	166	1084	13.28	CHH
1	41135938	41135972	0	14	0.00	CG
1	41135938	41135972	0	9	0.00	CHG
1	41135938	41135972	0	28	0.00	CHH
2	3701316	3701517	5	15	25.00	CG
2	3701316	3701517	16	10	61.54	CHG
2	3701316	3701517	22	219	9.13	CHH
2	6759920	6761510	361	150	70.65	CG
2	6759920	6761510	182	338	35.00	CHG
2	6759920	6761510	137	1677	7.55	CHH
2	7610238	7610762	270	34	88.82	CG
2	7610238	7610762	44	192	18.64	CHG
2	7610238	7610762	28	384	6.80	CHH
2	8346082	8346522	100	19	84.03	CG
2	8346082	8346522	98	82	54.44	CHG
2	8346082	8346522	49	719	6.38	CHH
2	13582141	13582726	67	5	93.06	CG
2	13582141	13582726	86	99	46.49	CHG
2	13582141	13582726	24	570	4.04	CHH
2	14698488	14698632	35	51	40.70	CG
2	14698488	14698632	47	82	36.43	CHG
2	14698488	14698632	116	148	43.94	CHH
2	16555825	16557101	280	609	31.50	CG
2	16555825	16557101	51	694	6.85	CHG
2	16555825	16557101	101	1713	5.57	CHH
2	16557180	16558295	195	361	35.07	CG
2	16557180	16558295	129	449	22.32	CHG
2	16557180	16558295	184	1264	12.71	CHH
2	29633236	29636111	1354	452	74.97	CG
2	29633236	29636111	931	890	51.13	CHG
2	29633236	29636111	494	8011	5.81	CHH
2	29778535	29779835	623	141	81.54	CG
2	29778535	29779835	244	263	48.13	CHG
2	29778535	29779835	226	2719	7.67	CHH
2	29780404	29782752	402	322	55.52	CG
2	29780404	29782752	138	241	36.41	CHG
2	29780404	29782752	300	3247	8.46	CHH
2	33668330	33668734	60	237	20.20	CG
2	33668330	33668734	52	215	19.48	CHG
2	33668330	33668734	260	684	27.54	CHH
3	7205990	7206396	373	73	83.63	CG
3	7205990	7206396	264	88	75.00	CHG
3	7205990	7206396	65	1008	6.06	CHH
3	7208162	7208468	216	125	63.34	CG
3	7208162	7208468	53	62	46.09	CHG
3	7208162	7208468	123	883	12.23	CHH
3	10131683	10133676	848	197	81.15	CG
3	10131683	10133676	286	443	39.23	CHG
3	10131683	10133676	156	2456	5.97	CHH
3	12711049	12711825	306	63	82.93	CG
3	12711049	12711825	182	189	49.06	CHG
3	12711049	12711825	205	2072	9.00	CHH
3	12711907	12712969	774	101	88.46	CG
3	12711907	12712969	591	281	67.78	CHG
3	12711907	12712969	176	2523	6.52	CHH
3	13925598	13926734	750	95	88.76	CG
3	13925598	13926734	321	223	59.01	CHG
3	13925598	13926734	71	1474	4.60	CHH
3	15610099	15611396	606	38	94.10	CG
3	15610099	15611396	218	174	55.61	CHG
3	15610099	15611396	101	1307	7.17	CHH
3	17446064	17447102	1045	40	96.31	CG
3	17446064	17447102	648	216	75.00	CHG
3	17446064	17447102	133	3164	4.03	CHH
3	19352995	19356617	2258	94	96.00	CG
3	19352995	19356617	1110	438	71.71	CHG
3	19352995	19356617	198	5243	3.64	CHH
3	22294607	22295687	397	34	92.11	CG
3	22294607	22295687	235	88	72.76	CHG
3	22294607	22295687	225	1284	14.91	CHH
3	22295781	22296159	128	7	94.81	CG
3	22295781	22296159	90	10	90.00	CHG
3	22295781	22296159	44	289	13.21	CHH
3	22404232	22405507	995	127	88.68	CG
3	22404232	22405507	272	399	40.54	CHG
3	22404232	22405507	104	1426	6.80	CHH
3	27941138	27942796	413	122	77.20	CG
3	27941138	27942796	323	360	47.29	CHG
3	27941138	27942796	390	2358	14.19	CHH
3	28510179	28510777	161	3	98.17	CG
3	28510179	28510777	74	40	64.91	CHG
3	28510179	28510777	88	482	15.44	CHH
4	2276177	2276551	269	9	96.76	CG
4	2276177	2276551	80	44	64.52	CHG
4	2276177	2276551	81	283	22.25	CHH
4	11651971	11654930	1166	343	77.27	CG
4	11651971	11654930	392	504	43.75	CHG
4	11651971	11654930	95	5835	1.60	CHH
4	27689683	27689829	123	16	88.49	CG
4	27689683	27689829	27	38	41.54	CHG
4	27689683	27689829	68	281	19.48	CHH
4	29141581	29141664	18	1	94.74	CG
4	29141581	29141664	2	8	20.00	CHG
4	29141581	29141664	24	89	21.24	CHH
4	30611394	30612481	181	171	51.42	CG
4	30611394	30612481	95	335	22.09	CHG
4	30611394	30612481	191	1604	10.64	CHH
5	662749	664095	726	80	90.07	CG
5	662749	664095	225	257	46.68	CHG
5	662749	664095	211	1916	9.92	CHH
5	664360	665573	365	142	71.99	CG
5	664360	665573	159	366	30.29	CHG
5	664360	665573	116	1888	5.79	CHH
5	1136684	1139118	873	101	89.63	CG
5	1136684	1139118	506	350	59.11	CHG
5	1136684	1139118	211	3496	5.69	CHH
5	2775738	2775910	6	108	5.26	CG
5	2775738	2775910	8	33	19.51	CHG
5	2775738	2775910	29	187	13.43	CHH
5	11245127	11247429	810	157	83.76	CG
5	11245127	11247429	304	233	56.61	CHG
5	11245127	11247429	440	2068	17.54	CHH
5	13079678	13081153	572	46	92.56	CG
5	13079678	13081153	219	167	56.74	CHG
5	13079678	13081153	97	1327	6.81	CHH
5	19128840	19130154	691	102	87.14	CG
5	19128840	19130154	432	255	62.88	CHG
5	19128840	19130154	536	2381	18.38	CHH
5	19883682	19883838	85	75	53.12	CG
5	19883682	19883838	37	55	40.22	CHG
5	19883682	19883838	0	49	0.00	CHH
5	19884479	19885037	131	100	56.71	CG
5	19884479	19885037	80	159	33.47	CHG
5	19884479	19885037	212	384	35.57	CHH
5	27489055	27489338	61	36	62.89	CG
5	27489055	27489338	28	52	35.00	CHG
5	27489055	27489338	52	189	21.58	CHH
5	27489622	27490471	34	69	33.01	CG
5	27489622	27490471	44	97	31.21	CHG
5	27489622	27490471	85	367	18.81	CHH
6	1051401	1053277	707	148	82.69	CG
6	1051401	1053277	248	583	29.84	CHG
6	1051401	1053277	73	2081	3.39	CHH
6	6075315	6076487	439	46	90.52	CG
6	6075315	6076487	319	172	64.97	CHG
6	6075315	6076487	144	2913	4.71	CHH
6	6076943	6077142	54	1	98.18	CG
6	6076943	6077142	35	10	77.78	CHG
6	6076943	6077142	2	63	3.08	CHH
6	6339071	6340741	933	76	92.47	CG
6	6339071	6340741	373	254	59.49	CHG
6	6339071	6340741	134	2211	5.71	CHH
6	11301673	11302182	25	1	96.15	CG
6	11301673	11302182	20	24	45.45	CHG
6	11301673	11302182	18	218	7.63	CHH
6	12035080	12038531	2478	186	93.02	CG
6	12035080	12038531	1436	839	63.12	CHG
6	12035080	12038531	219	6504	3.26	CHH
6	13426051	13427806	758	42	94.75	CG
6	13426051	13427806	288	264	52.17	CHG
6	13426051	13427806	249	1652	13.10	CHH
6	13432787	13433792	205	47	81.35	CG
6	13432787	13433792	127	126	50.20	CHG
6	13432787	13433792	19	1223	1.53	CHH
6	13434151	13437348	1497	143	91.28	CG
6	13434151	13437348	776	462	62.68	CHG
6	13434151	13437348	248	6383	3.74	CHH
6	17322463	17323417	308	11	96.55	CG
6	17322463	17323417	144	80	64.29	CHG
6	17322463	17323417	110	1296	7.82	CHH
6	17674030	17675910	477	55	89.66	CG
6	17674030	17675910	105	461	18.55	CHG
6	17674030	17675910	80	2560	3.03	CHH
6	21224444	21225486	248	158	61.08	CG
6	21224444	21225486	113	263	30.05	CHG
6	21224444	21225486	49	862	5.38	CHH
6	21225688	21227423	1005	126	88.86	CG
6	21225688	21227423	234	369	38.81	CHG
6	21225688	21227423	140	1492	8.58	CHH
6	21664378	21665467	579	85	87.20	CG
6	21664378	21665467	296	313	48.60	CHG
6	21664378	21665467	142	2371	5.65	CHH
6	27800538	27801418	6	115	4.96	CG
6	27800538	27801418	0	108	0.00	CHG
6	27800538	27801418	20	555	3.48	CHH
6	28515545	28517894	1844	223	89.21	CG
6	28515545	28517894	882	568	60.83	CHG
6	28515545	28517894	453	5784	7.26	CHH
6	29380325	29380583	7	32	17.95	CG
6	29380325	29380583	6	55	9.84	CHG
6	29380325	29380583	21	197	9.63	CHH
7	998065	998596	110	11	90.91	CG
7	998065	998596	60	54	52.63	CHG
7	998065	998596	24	719	3.23	CHH
7	999799	1001396	1274	49	96.30	CG
7	999799	1001396	513	468	52.29	CHG
7	999799	1001396	372	2226	14.32	CHH
7	3900733	3901027	57	38	60.00	CG
7	3900733	3901027	12	70	14.63	CHG
7	3900733	3901027	2	107	1.83	CHH
7	3901161	3901878	179	13	93.23	CG
7	3901161	3901878	55	46	54.46	CHG
7	3901161	3901878	32	400	7.41	CHH
7	3901974	3902422	29	5	85.29	CG
7	3901974	3902422	13	25	34.21	CHG
7	3901974	3902422	34	219	13.44	CHH
7	5720282	5722705	619	197	75.86	CG
7	5720282	5722705	334	592	36.07	CHG
7	5720282	5722705	363	4460	7.53	CHH
7	8298338	8298633	46	2	95.83	CG
7	8298338	8298633	65	47	58.04	CHG
7	8298338	8298633	90	467	16.16	CHH
7	8298718	8299246	163	13	92.61	CG
7	8298718	8299246	86	86	50.00	CHG
7	8298718	8299246	72	745	8.81	CHH
7	8299464	8300327	86	13	86.87	CG
7	8299464	8300327	65	54	54.62	CHG
7	8299464	8300327	40	880	4.35	CHH
7	15317591	15318975	605	93	86.68	CG
7	15317591	15318975	322	301	51.69	CHG
7	15317591	15318975	283	3160	8.22	CHH
7	15677020	15677884	187	14	93.03	CG
7	15677020	15677884	84	128	39.62	CHG
7	15677020	15677884	52	737	6.59	CHH
7	19999746	20001606	583	54	91.52	CG
7	19999746	20001606	218	275	44.22	CHG
7	19999746	20001606	406	1249	24.53	CHH
7	20006322	20006843	605	66	90.16	CG
7	20006322	20006843	202	185	52.20	CHG
7	20006322	20006843	134	1721	7.22	CHH
7	22461243	22461968	213	22	90.64	CG
7	22461243	22461968	105	55	65.62	CHG
7	22461243	22461968	174	601	22.45	CHH
7	27168967	27169484	91	29	75.83	CG
7	27168967	27169484	39	75	34.21	CHG
7	27168967	27169484	109	465	18.99	CHH
8	3956366	3957065	293	75	79.62	CG
8	3956366	3957065	127	247	33.96	CHG
8	3956366	3957065	300	1033	22.51	CHH
8	4051074	4052619	325	298	52.17	CG
8	4051074	4052619	50	303	14.16	CHG
8	4051074	4052619	230	1347	14.58	CHH
8	5776503	5777429	215	398	35.07	CG
8	5776503	5777429	64	344	15.69	CHG
8	5776503	5777429	167	951	14.94	CHH
8	5777523	5777952	294	16	94.84	CG
8	5777523	5777952	144	116	55.38	CHG
8	5777523	5777952	49	518	8.64	CHH
8	7667656	7668635	396	46	89.59	CG
8	7667656	7668635	266	209	56.00	CHG
8	7667656	7668635	97	1978	4.67	CHH
8	7668975	7671382	463	131	77.95	CG
8	7668975	7671382	165	937	14.97	CHG
8	7668975	7671382	155	3339	4.44	CHH
8	7769992	7770862	188	25	88.26	CG
8	7769992	7770862	139	116	54.51	CHG
8	7769992	7770862	42	1003	4.02	CHH
8	8373831	8376092	1762	106	94.33	CG
8	8373831	8376092	982	524	65.21	CHG
8	8373831	8376092	345	5549	5.85	CHH
8	8446534	8449768	1992	268	88.14	CG
8	8446534	8449768	958	625	60.52	CHG
8	8446534	8449768	304	9710	3.04	CHH
8	9446567	9447269	214	17	92.64	CG
8	9446567	9447269	31	115	21.23	CHG
8	9446567	9447269	27	582	4.43	CHH
8	9448173	9449184	308	89	77.58	CG
8	9448173	9449184	146	203	41.83	CHG
8	9448173	9449184	58	1034	5.31	CHH
8	15385469	15386230	299	88	77.26	CG
8	15385469	15386230	148	162	47.74	CHG
8	15385469	15386230	112	1261	8.16	CHH
8	15452051	15454665	1163	119	90.72	CG
8	15452051	15454665	418	418	50.00	CHG
8	15452051	15454665	459	2911	13.62	CHH
8	15462558	15463189	177	3	98.33	CG
8	15462558	15463189	110	71	60.77	CHG
8	15462558	15463189	80	580	12.12	CHH
8	15463325	15463489	31	0	100.00	CG
8	15463325	15463489	53	16	76.81	CHG
8	15463325	15463489	9	71	11.25	CHH
8	15463949	15465412	453	87	83.89	CG
8	15463949	15465412	167	389	30.04	CHG
8	15463949	15465412	165	2836	5.50	CHH
8	19733579	19734538	295	106	73.57	CG
8	19733579	19734538	135	163	45.30	CHG
8	19733579	19734538	23	1447	1.56	CHH
8	19734616	19735488	186	49	79.15	CG
8	19734616	19735488	81	134	37.67	CHG
8	19734616	19735488	101	537	15.83	CHH
8	20981167	20986252	2759	670	80.46	CG
8	20981167	20986252	967	1002	49.11	CHG
8	20981167	20986252	631	5806	9.80	CHH
8	26829088	26830470	798	98	89.06	CG
8	26829088	26830470	400	322	55.40	CHG
8	26829088	26830470	340	1805	15.85	CHH
9	1293289	1296834	1094	146	88.23	CG
9	1293289	1296834	492	312	61.19	CHG
9	1293289	1296834	433	4368	9.02	CHH
9	1297015	1297850	201	50	80.08	CG
9	1297015	1297850	57	61	48.31	CHG
9	1297015	1297850	87	605	12.57	CHH
9	3227798	3229550	793	84	90.42	CG
9	3227798	3229550	494	408	54.77	CHG
9	3227798	3229550	214	3176	6.31	CHH
9	3229897	3231099	517	70	88.07	CG
9	3229897	3231099	260	333	43.84	CHG
9	3229897	3231099	104	3469	2.91	CHH
9	3515363	3516506	308	56	84.62	CG
9	3515363	3516506	88	309	22.17	CHG
9	3515363	3516506	46	1007	4.37	CHH
9	3516815	3517763	410	19	95.57	CG
9	3516815	3517763	145	378	27.72	CHG
9	3516815	3517763	32	1042	2.98	CHH
9	3730715	3731926	144	316	31.30	CG
9	3730715	3731926	42	350	10.71	CHG
9	3730715	3731926	32	1473	2.13	CHH
9	9557293	9558428	468	22	95.51	CG
9	9557293	9558428	220	81	73.09	CHG
9	9557293	9558428	88	1383	5.98	CHH
9	12178127	12181584	963	121	88.84	CG
9	12178127	12181584	733	612	54.50	CHG
9	12178127	12181584	264	4678	5.34	CHH
9	12419030	12419675	97	52	65.10	CG
9	12419030	12419675	106	126	45.69	CHG
9	12419030	12419675	6	330	1.79	CHH
9	12420619	12426858	2276	141	94.17	CG
9	12420619	12426858	2851	1305	68.60	CHG
9	12420619	12426858	644	12395	4.94	CHH
9	15229746	15230319	68	13	83.95	CG
9	15229746	15230319	61	32	65.59	CHG
9	15229746	15230319	53	196	21.29	CHH
9	15230410	15231901	879	154	85.09	CG
9	15230410	15231901	374	306	55.00	CHG
9	15230410	15231901	168	2148	7.25	CHH
9	17429413	17430049	311	34	90.14	CG
9	17429413	17430049	151	114	56.98	CHG
9	17429413	17430049	410	1155	26.20	CHH
10	402636	402987	46	3	93.88	CG
10	402636	402987	23	23	50.00	CHG
10	402636	402987	35	176	16.59	CHH
10	705178	705397	11	0	100.00	CG
10	705178	705397	3	2	60.00	CHG
10	705178	705397	0	3	0.00	CHH
10	706000	706142	112	3	97.39	CG
10	706000	706142	66	41	61.68	CHG
10	706000	706142	14	48	22.58	CHH
10	5925941	5926484	66	6	91.67	CG
10	5925941	5926484	41	44	48.24	CHG
10	5925941	5926484	184	527	25.88	CHH
10	5927422	5928302	224	13	94.51	CG
10	5927422	5928302	91	80	53.22	CHG
10	5927422	5928302	124	1674	6.90	CHH
10	9629597	9630043	78	280	21.79	CG
10	9629597	9630043	113	307	26.90	CHG
10	9629597	9630043	264	631	29.50	CHH
10	11210121	11211317	468	101	82.25	CG
10	11210121	11211317	236	214	52.44	CHG
10	11210121	11211317	208	2223	8.56	CHH
10	16005555	16006259	149	112	57.09	CG
10	16005555	16006259	57	101	36.08	CHG
10	16005555	16006259	199	693	22.31	CHH
11	3230048	3230169	11	2	84.62	CG
11	3230048	3230169	9	11	45.00	CHG
11	3230048	3230169	11	106	9.40	CHH
11	6296560	6298355	597	159	78.97	CG
11	6296560	6298355	382	531	41.84	CHG
11	6296560	6298355	120	3540	3.28	CHH
11	7729318	7730196	260	21	92.53	CG
11	7729318	7730196	231	127	64.53	CHG
11	7729318	7730196	57	981	5.49	CHH
11	7736107	7738642	655	188	77.70	CG
11	7736107	7738642	353	413	46.08	CHG
11	7736107	7738642	160	2866	5.29	CHH
11	7738733	7740049	355	8	97.80	CG
11	7738733	7740049	161	173	48.20	CHG
11	7738733	7740049	202	1389	12.70	CHH
11	8911345	8913282	110	145	43.14	CG
11	8911345	8913282	143	693	17.11	CHG
11	8911345	8913282	196	2803	6.54	CHH
11	11148469	11148552	16	47	25.40	CG
11	11148469	11148552	1	20	4.76	CHG
11	11148469	11148552	1	58	1.69	CHH
11	15466012	15467596	312	1000	23.78	CG
11	15466012	15467596	118	847	12.23	CHG
11	15466012	15467596	187	2310	7.49	CHH
11	17162539	17163796	701	53	92.97	CG
11	17162539	17163796	130	238	35.33	CHG
11	17162539	17163796	62	762	7.52	CHH
11	17164953	17166701	440	63	87.48	CG
11	17164953	17166701	160	283	36.12	CHG
11	17164953	17166701	114	1713	6.24	CHH
11	17166830	17167277	356	34	91.28	CG
11	17166830	17167277	88	336	20.75	CHG
11	17166830	17167277	71	785	8.29	CHH
11	17167358	17167576	13	4	76.47	CG
11	17167358	17167576	0	13	0.00	CHG
11	17167358	17167576	0	81	0.00	CHH
11	17167722	17168412	323	24	93.08	CG
11	17167722	17168412	48	217	18.11	CHG
11	17167722	17168412	33	795	3.99	CHH
11	17168615	17170260	656	32	95.35	CG
11	17168615	17170260	465	414	52.90	CHG
11	17168615	17170260	193	2098	8.42	CHH
11	22338223	22342581	2328	209	91.76	CG
11	22338223	22342581	1275	798	61.51	CHG
11	22338223	22342581	431	6432	6.28	CHH
11	24390111	24390786	55	3	94.83	CG
11	24390111	24390786	164	292	35.96	CHG
11	24390111	24390786	82	1189	6.45	CHH
12	4737413	4737840	12	39	23.53	CG
12	4737413	4737840	4	34	10.53	CHG
12	4737413	4737840	22	186	10.58	CHH
12	4898920	4899775	76	16	82.61	CG
12	4898920	4899775	16	44	26.67	CHG
12	4898920	4899775	40	350	10.26	CHH
12	4902073	4902516	30	8	78.95	CG
12	4902073	4902516	5	17	22.73	CHG
12	4902073	4902516	3	140	2.10	CHH
12	9062972	9063466	376	26	93.53	CG
12	9062972	9063466	171	290	37.09	CHG
12	9062972	9063466	137	690	16.57	CHH
12	9064169	9064334	52	3	94.55	CG
12	9064169	9064334	12	40	23.08	CHG
12	9064169	9064334	21	115	15.44	CHH
12	9064925	9066118	399	192	67.51	CG
12	9064925	9066118	105	451	18.88	CHG
12	9064925	9066118	216	1734	11.08	CHH
12	17504082	17504299	18	3	85.71	CG
12	17504082	17504299	18	8	69.23	CHG
12	17504082	17504299	10	84	10.64	CHH
12	17987554	17988996	595	21	96.59	CG
12	17987554	17988996	235	127	64.92	CHG
12	17987554	17988996	289	1915	13.11	CHH
12	18861738	18863268	44	12	78.57	CG
12	18861738	18863268	16	22	42.11	CHG
12	18861738	18863268	29	663	4.19	CHH
12	18864308	18866205	461	43	91.47	CG
12	18864308	18866205	152	253	37.53	CHG
12	18864308	18866205	67	1346	4.74	CHH
