1	301401	301650	10	0	100.00	CG
1	301401	301650	2	1	66.67	CHG
1	301401	301650	61	36	62.89	CHH
1	751422	751630	56	3	94.92	CG
1	751422	751630	0	4	0.00	CHG
1	751422	751630	55	129	29.89	CHH
1	831964	832562	29	1	96.67	CG
1	831964	832562	22	7	75.86	CHG
1	831964	832562	54	108	33.33	CHH
1	1349307	1349537	1	0	100.00	CHG
1	1349307	1349537	12	65	15.58	CHH
1	1377440	1378052	2	0	100.00	CG
1	1377440	1378052	2	2	50.00	CHG
1	1377440	1378052	147	33	81.67	CHH
1	1788440	1788928	25	1	96.15	CG
1	1788440	1788928	1	2	33.33	CHG
1	1788440	1788928	109	85	56.19	CHH
1	1789091	1789350	3	0	100.00	CG
1	1789091	1789350	2	0	100.00	CHG
1	1789091	1789350	3	24	11.11	CHH
1	2238174	2238281	1	0	100.00	CG
1	2238174	2238281	9	0	100.00	CHG
1	2238174	2238281	51	27	65.38	CHH
1	2260684	2260758	28	18	60.87	CHH
1	4981767	4981906	120	23	83.92	CHH
1	7687746	7687909	1	0	100.00	CG
1	7687746	7687909	69	5	93.24	CHH
1	8431744	8431928	2	0	100.00	CG
1	8431744	8431928	41	6	87.23	CHH
1	9585903	9586147	2	1	66.67	CHG
1	9585903	9586147	8	12	40.00	CHH
1	9767360	9767454	2	0	100.00	CG
1	9767360	9767454	3	0	100.00	CHG
1	9767360	9767454	14	30	31.82	CHH
1	10432345	10432562	35	249	12.32	CG
1	10432345	10432562	8	104	7.14	CHG
1	10432345	10432562	47	218	17.74	CHH
1	10834154	10834494	1	0	100.00	CHG
1	10834154	10834494	33	15	68.75	CHH
1	10926897	10927718	97	34	74.05	CG
1	10926897	10927718	57	46	55.34	CHG
1	10926897	10927718	21	433	4.63	CHH
1	11189069	11189507	59	27	68.60	CG
1	11189069	11189507	14	21	40.00	CHG
1	11189069	11189507	57	344	14.21	CHH
1	11191256	11191497	81	1	98.78	CG
1	11191256	11191497	21	3	87.50	CHG
1	11191256	11191497	44	35	55.70	CHH
1	11796108	11796316	6	0	100.00	CG
1	11796108	11796316	5	8	38.46	CHG
1	11796108	11796316	5	68	6.85	CHH
1	11928347	11928520	23	5	82.14	CHH
1	11940126	11940209	0	59	0.00	CHH
1	12597813	12598048	113	62	64.57	CHH
1	14322168	14322402	22	1	95.65	CG
1	14322168	14322402	4	0	100.00	CHG
1	14322168	14322402	87	7	92.55	CHH
1	14347206	14347429	5	0	100.00	CG
1	14347206	14347429	25	7	78.12	CHG
1	14347206	14347429	51	122	29.48	CHH
1	14358588	14358799	4	0	100.00	CG
1	14358588	14358799	3	0	100.00	CHG
1	14358588	14358799	17	16	51.52	CHH
1	16709412	16710638	112	2	98.25	CG
1	16709412	16710638	59	9	86.76	CHG
1	16709412	16710638	53	259	16.99	CHH
1	17043053	17043218	72	4	94.74	CG
1	17043053	17043218	36	1	97.30	CHG
1	17043053	17043218	200	66	75.19	CHH
1	18600195	18600325	3	0	100.00	CG
1	18600195	18600325	11	73	13.10	CHH
1	18600619	18600880	11	0	100.00	CG
1	18600619	18600880	3	0	100.00	CHG
1	18600619	18600880	66	52	55.93	CHH
1	18984904	18985083	12	0	100.00	CG
1	18984904	18985083	12	0	100.00	CHG
1	18984904	18985083	186	47	79.83	CHH
1	23765099	23765215	0	8	0.00	CG
1	23765099	23765215	0	7	0.00	CHG
1	23765099	23765215	0	30	0.00	CHH
1	24162719	24162945	69	53	56.56	CHH
1	26098395	26098876	3	0	100.00	CG
1	26098395	26098876	1	1	50.00	CHG
1	26098395	26098876	19	10	65.52	CHH
1	26638981	26639111	4	0	100.00	CG
1	26638981	26639111	1	0	100.00	CHG
1	26638981	26639111	11	5	68.75	CHH
1	27335823	27335919	15	1	93.75	CG
1	27335823	27335919	3	3	50.00	CHG
1	27335823	27335919	15	44	25.42	CHH
1	27892634	27893201	3	0	100.00	CG
1	27892634	27893201	8	0	100.00	CHG
1	27892634	27893201	64	66	49.23	CHH
1	28181036	28181173	1	4	20.00	CG
1	28181036	28181173	1	6	14.29	CHG
1	28181036	28181173	23	47	32.86	CHH
1	28494153	28494502	1	0	100.00	CHG
1	28494153	28494502	121	28	81.21	CHH
1	30431887	30432457	10	0	100.00	CG
1	30431887	30432457	3	1	75.00	CHG
1	30431887	30432457	36	48	42.86	CHH
1	31405810	31406074	10	0	100.00	CG
1	31405810	31406074	18	10	64.29	CHG
1	31405810	31406074	75	104	41.90	CHH
1	31589315	31589440	17	37	31.48	CHH
1	31867822	31868209	115	44	72.33	CHH
1	32128407	32128528	50	2	96.15	CHH
1	32850978	32851159	11	0	100.00	CG
1	32850978	32851159	6	0	100.00	CHG
1	32850978	32851159	31	43	41.89	CHH
1	33209708	33209844	5	0	100.00	CG
1	33209708	33209844	28	34	45.16	CHH
1	35537016	35537182	5	10	33.33	CHH
1	37056464	37056585	4	0	100.00	CHG
1	37056464	37056585	19	26	42.22	CHH
1	37328188	37328369	7	0	100.00	CG
1	37328188	37328369	1	0	100.00	CHG
1	37328188	37328369	43	37	53.75	CHH
1	38496092	38496280	10	0	100.00	CG
1	38496092	38496280	3	8	27.27	CHG
1	38496092	38496280	2	36	5.26	CHH
1	38517320	38517498	10	0	100.00	CG
1	38517320	38517498	7	0	100.00	CHG
1	38517320	38517498	168	41	80.38	CHH
1	38671419	38671601	2	0	100.00	CHH
1	40300213	40300335	25	5	83.33	CHH
1	40395626	40395876	3	22	12.00	CHH
1	40617610	40617749	20	30	40.00	CHG
1	40617610	40617749	18	53	25.35	CHH
1	40701980	40702243	6	0	100.00	CHH
1	41145044	41145188	8	18	30.77	CHH
1	41155306	41155562	0	11	0.00	CHG
1	41155306	41155562	40	167	19.32	CHH
1	41890335	41890557	7	0	100.00	CG
1	41890335	41890557	21	0	100.00	CHG
1	41890335	41890557	40	39	50.63	CHH
1	42408453	42409215	54	1	98.18	CG
1	42408453	42409215	79	12	86.81	CHG
1	42408453	42409215	137	115	54.37	CHH
2	109398	109590	18	0	100.00	CG
2	109398	109590	18	1	94.74	CHG
2	109398	109590	31	35	46.97	CHH
2	1869793	1870778	126	8	94.03	CG
2	1869793	1870778	82	35	70.09	CHG
2	1869793	1870778	162	216	42.86	CHH
2	2040558	2041143	77	2	97.47	CG
2	2040558	2041143	38	1	97.44	CHG
2	2040558	2041143	81	272	22.95	CHH
2	2375551	2375771	262	1	99.62	CHH
2	3701574	3702250	61	18	77.22	CG
2	3701574	3702250	35	107	24.65	CHG
2	3701574	3702250	225	767	22.68	CHH
2	4194209	4194385	10	0	100.00	CHG
2	4194209	4194385	15	20	42.86	CHH
2	4474885	4475212	18	1	94.74	CG
2	4474885	4475212	9	7	56.25	CHG
2	4474885	4475212	71	57	55.47	CHH
2	4648186	4648420	0	3	0.00	CHH
2	4947306	4947538	60	34	63.83	CHH
2	5499042	5499299	38	0	100.00	CG
2	5499042	5499299	45	3	93.75	CHG
2	5499042	5499299	15	132	10.20	CHH
2	5521685	5521830	11	6	64.71	CHH
2	6545608	6545822	1	0	100.00	CG
2	6545608	6545822	9	5	64.29	CHH
2	6761735	6762038	1	0	100.00	CG
2	6761735	6762038	1	0	100.00	CHG
2	6761735	6762038	13	16	44.83	CHH
2	6762287	6762792	2	3	40.00	CG
2	6762287	6762792	3	1	75.00	CHG
2	6762287	6762792	3	86	3.37	CHH
2	7605117	7605555	1	1	50.00	CG
2	7605117	7605555	2	0	100.00	CHG
2	7605117	7605555	109	82	57.07	CHH
2	7945618	7946024	5	15	25.00	CHH
2	8190084	8190413	2	0	100.00	CHG
2	8190084	8190413	17	34	33.33	CHH
2	10791440	10791566	295	10	96.72	CHH
2	11873649	11873886	5	0	100.00	CG
2	11873649	11873886	8	41	16.33	CHH
2	12097817	12097953	1	0	100.00	CG
2	12097817	12097953	2	12	14.29	CHH
2	12299222	12299385	4	1	80.00	CHG
2	12299222	12299385	20	26	43.48	CHH
2	12333889	12333999	9	0	100.00	CG
2	12333889	12333999	9	0	100.00	CHG
2	12333889	12333999	47	27	63.51	CHH
2	12582950	12583307	19	0	100.00	CG
2	12582950	12583307	10	3	76.92	CHG
2	12582950	12583307	45	245	15.52	CHH
2	13872268	13872613	12	18	40.00	CG
2	13872268	13872613	5	61	7.58	CHG
2	13872268	13872613	46	179	20.44	CHH
2	13948832	13949084	13	0	100.00	CHG
2	13948832	13949084	313	27	92.06	CHH
2	15589940	15590192	6	0	100.00	CG
2	15589940	15590192	29	13	69.05	CHG
2	15589940	15590192	67	96	41.10	CHH
2	17785746	17785984	94	10	90.38	CHH
2	19211404	19211621	3	0	100.00	CG
2	19211404	19211621	2	0	100.00	CHG
2	19211404	19211621	60	0	100.00	CHH
2	19443247	19443361	9	0	100.00	CG
2	19443247	19443361	0	1	0.00	CHG
2	19443247	19443361	37	15	71.15	CHH
2	19977858	19978135	7	1	87.50	CG
2	19977858	19978135	8	2	80.00	CHG
2	19977858	19978135	14	40	25.93	CHH
2	20745916	20746102	9	0	100.00	CG
2	20745916	20746102	2	5	28.57	CHG
2	20745916	20746102	88	29	75.21	CHH
2	22202087	22202425	70	0	100.00	CG
2	22202087	22202425	12	14	46.15	CHG
2	22202087	22202425	71	132	34.98	CHH
2	22399133	22399342	4	0	100.00	CG
2	22399133	22399342	41	37	52.56	CHH
2	23077446	23077593	25	25	50.00	CHH
2	24094388	24094772	1	1	50.00	CHG
2	24094388	24094772	16	17	48.48	CHH
2	24587774	24587906	8	3	72.73	CG
2	24587774	24587906	4	0	100.00	CHG
2	24587774	24587906	90	83	52.02	CHH
2	24968367	24968732	4	0	100.00	CG
2	24968367	24968732	7	0	100.00	CHG
2	24968367	24968732	9	42	17.65	CHH
2	25258399	25258520	10	0	100.00	CHH
2	25342968	25343092	1	0	100.00	CG
2	25342968	25343092	2	0	100.00	CHG
2	25342968	25343092	1	7	12.50	CHH
2	25971572	25971883	6	0	100.00	CHH
2	27849839	27850325	124	1	99.20	CG
2	27849839	27850325	57	8	87.69	CHG
2	27849839	27850325	205	286	41.75	CHH
2	27969163	27969436	7	0	100.00	CG
2	27969163	27969436	10	0	100.00	CHG
2	27969163	27969436	18	34	34.62	CHH
2	28230238	28230572	1	0	100.00	CHG
2	28230238	28230572	4	9	30.77	CHH
2	28737277	28737416	7	3	70.00	CHH
2	29123726	29123981	123	30	80.39	CHH
2	30949004	30949191	11	3	78.57	CG
2	30949004	30949191	9	2	81.82	CHG
2	30949004	30949191	80	20	80.00	CHH
2	31639383	31639502	24	14	63.16	CHH
2	32251509	32251649	18	0	100.00	CHG
2	32251509	32251649	365	41	89.90	CHH
2	32687570	32687718	36	56	39.13	CG
2	32687570	32687718	31	65	32.29	CHG
2	32687570	32687718	45	106	29.80	CHH
2	32980551	32980821	225	21	91.46	CHH
2	33849781	33850113	19	8	70.37	CG
2	33849781	33850113	29	11	72.50	CHG
2	33849781	33850113	23	323	6.65	CHH
2	33970498	33970631	5	20	20.00	CG
2	33970498	33970631	6	29	17.14	CHG
2	33970498	33970631	23	132	14.84	CHH
2	34234930	34235049	53	12	81.54	CHH
2	34582792	34582911	9	0	100.00	CHG
2	34582792	34582911	34	154	18.09	CHH
2	34952077	34952811	81	28	74.31	CG
2	34952077	34952811	26	30	46.43	CHG
2	34952077	34952811	120	418	22.30	CHH
2	34955560	34955809	29	6	82.86	CHH
3	811663	812098	40	0	100.00	CG
3	811663	812098	11	5	68.75	CHG
3	811663	812098	86	256	25.15	CHH
3	881089	881240	74	5	93.67	CG
3	881089	881240	9	24	27.27	CHG
3	881089	881240	35	95	26.92	CHH
3	1354664	1354914	3	0	100.00	CHG
3	1354664	1354914	15	8	65.22	CHH
3	2169030	2169371	22	2	91.67	CG
3	2169030	2169371	7	1	87.50	CHG
3	2169030	2169371	23	16	58.97	CHH
3	3169366	3169453	10	20	33.33	CHH
3	3832576	3832832	4	0	100.00	CG
3	3832576	3832832	5	0	100.00	CHG
3	3832576	3832832	45	16	73.77	CHH
3	6047207	6047392	65	6	91.55	CG
3	6047207	6047392	29	3	90.62	CHG
3	6047207	6047392	611	74	89.20	CHH
3	6570907	6571273	46	2	95.83	CG
3	6570907	6571273	16	0	100.00	CHG
3	6570907	6571273	84	41	67.20	CHH
3	7246619	7246872	72	3	96.00	CG
3	7246619	7246872	14	2	87.50	CHG
3	7246619	7246872	43	49	46.74	CHH
3	8015940	8016118	3	0	100.00	CHH
3	8409618	8409743	2	5	28.57	CG
3	8409618	8409743	0	14	0.00	CHG
3	8409618	8409743	8	29	21.62	CHH
3	8629457	8629689	1	0	100.00	CG
3	8629457	8629689	3	0	100.00	CHG
3	8629457	8629689	79	5	94.05	CHH
3	8942617	8943063	3	1	75.00	CG
3	8942617	8943063	2	0	100.00	CHG
3	8942617	8943063	3	59	4.84	CHH
3	9319923	9320317	2	0	100.00	CG
3	9319923	9320317	20	10	66.67	CHH
3	11067334	11067625	3	0	100.00	CHG
3	11067334	11067625	38	34	52.78	CHH
3	11642409	11642580	4	3	57.14	CHG
3	11642409	11642580	55	37	59.78	CHH
3	11857284	11857411	2	0	100.00	CHG
3	11857284	11857411	13	4	76.47	CHH
3	12675151	12675358	3	0	100.00	CG
3	12675151	12675358	1	0	100.00	CHG
3	12675151	12675358	5	41	10.87	CHH
3	13124743	13124928	40	0	100.00	CG
3	13124743	13124928	19	1	95.00	CHG
3	13124743	13124928	468	13	97.30	CHH
3	14057905	14058092	30	0	100.00	CG
3	14057905	14058092	8	0	100.00	CHG
3	14057905	14058092	91	48	65.47	CHH
3	14749193	14749460	31	0	100.00	CHH
3	15103668	15103782	1	2	33.33	CHG
3	15103668	15103782	5	17	22.73	CHH
3	15113224	15113412	5	131	3.68	CHH
3	15134383	15134587	4	32	11.11	CHH
3	15613686	15613799	2	9	18.18	CG
3	15613686	15613799	2	8	20.00	CHG
3	15613686	15613799	11	32	25.58	CHH
3	16709783	16710100	15	0	100.00	CG
3	16709783	16710100	9	0	100.00	CHG
3	16709783	16710100	27	45	37.50	CHH
3	16776362	16776567	17	17	50.00	CHH
3	17308009	17308190	3	0	100.00	CG
3	17308009	17308190	5	0	100.00	CHG
3	17308009	17308190	52	73	41.60	CHH
3	17916587	17916910	10	0	100.00	CG
3	17916587	17916910	3	0	100.00	CHG
3	17916587	17916910	113	22	83.70	CHH
3	18637898	18638001	5	0	100.00	CG
3	18637898	18638001	16	26	38.10	CHH
3	20725201	20725339	2	0	100.00	CG
3	20725201	20725339	7	0	100.00	CHG
3	20725201	20725339	23	35	39.66	CHH
3	23359385	23359602	4	0	100.00	CG
3	23359385	23359602	0	2	0.00	CHG
3	23359385	23359602	22	43	33.85	CHH
3	24411908	24412466	13	59	18.06	CG
3	24411908	24412466	5	32	13.51	CHG
3	24411908	24412466	47	370	11.27	CHH
3	24572450	24572571	0	4	0.00	CHH
3	24924369	24924505	16	15	51.61	CHH
3	25320199	25320294	6	2	75.00	CHH
3	26123077	26123398	1	0	100.00	CG
3	26123077	26123398	2	4	33.33	CHG
3	26123077	26123398	2	37	5.13	CHH
3	26143599	26144289	4	38	9.52	CG
3	26143599	26144289	8	52	13.33	CHG
3	26143599	26144289	36	228	13.64	CHH
3	26819731	26819992	1	0	100.00	CHG
3	26819731	26819992	130	47	73.45	CHH
3	27436719	27436866	6	0	100.00	CHG
3	27436719	27436866	82	39	67.77	CHH
3	27617928	27618015	5	30	14.29	CG
3	27617928	27618015	6	11	35.29	CHG
3	27617928	27618015	29	110	20.86	CHH
3	27618313	27618751	2	1	66.67	CG
3	27618313	27618751	4	1	80.00	CHG
3	27618313	27618751	14	32	30.43	CHH
3	27626160	27626452	59	1	98.33	CG
3	27626160	27626452	19	21	47.50	CHG
3	27626160	27626452	209	249	45.63	CHH
3	27785308	27785617	6	13	31.58	CHH
3	28228225	28228487	31	0	100.00	CHH
3	29591935	29592097	3	0	100.00	CG
3	29591935	29592097	32	10	76.19	CHH
3	29675163	29675476	12	0	100.00	CG
3	29675163	29675476	242	50	82.88	CHH
3	29885011	29885181	61	0	100.00	CG
3	29885011	29885181	42	0	100.00	CHG
3	29885011	29885181	854	93	90.18	CHH
3	30100210	30100463	30	13	69.77	CHH
3	30420791	30420983	100	6	94.34	CHH
3	30830679	30830818	93	107	46.50	CHH
3	31089191	31090510	124	1	99.20	CG
3	31089191	31090510	58	27	68.24	CHG
3	31089191	31090510	152	121	55.68	CHH
3	31423977	31424278	91	37	71.09	CHH
3	31722863	31723138	215	297	41.99	CHH
3	32006376	32006716	1	1	50.00	CHG
3	32006376	32006716	89	110	44.72	CHH
3	32110687	32111197	69	0	100.00	CG
3	32110687	32111197	18	10	64.29	CHG
3	32110687	32111197	175	46	79.19	CHH
3	32173553	32173723	5	3	62.50	CHG
3	32173553	32173723	12	62	16.22	CHH
3	32182087	32182430	1	0	100.00	CG
3	32182087	32182430	0	4	0.00	CHG
3	32182087	32182430	10	6	62.50	CHH
3	33684752	33685642	46	1	97.87	CG
3	33684752	33685642	35	5	87.50	CHG
3	33684752	33685642	60	275	17.91	CHH
4	468669	468758	20	19	51.28	CHH
4	4915709	4916399	84	0	100.00	CG
4	4915709	4916399	40	4	90.91	CHG
4	4915709	4916399	115	171	40.21	CHH
4	7381268	7381662	1	1	50.00	CG
4	7381268	7381662	6	2	75.00	CHG
4	7381268	7381662	13	80	13.98	CHH
4	7888722	7888904	12	10	54.55	CHH
4	7955024	7955201	3	0	100.00	CHG
4	7955024	7955201	20	15	57.14	CHH
4	15396846	15397090	32	2	94.12	CG
4	15396846	15397090	33	6	84.62	CHG
4	15396846	15397090	38	92	29.23	CHH
4	19683995	19684552	31	21	59.62	CG
4	19683995	19684552	16	53	23.19	CHG
4	19683995	19684552	3	290	1.02	CHH
4	19744896	19745083	2	3	40.00	CG
4	19744896	19745083	20	100	16.67	CHH
4	20001003	20001260	11	1	91.67	CHG
4	20001003	20001260	106	25	80.92	CHH
4	20595423	20595521	2	0	100.00	CG
4	20595423	20595521	0	2	0.00	CHG
4	20595423	20595521	1	23	4.17	CHH
4	21744228	21744373	20	1	95.24	CG
4	21744228	21744373	58	73	44.27	CHH
4	21934032	21934221	48	11	81.36	CHH
4	21962681	21962889	1	0	100.00	CG
4	21962681	21962889	12	6	66.67	CHH
4	22575513	22575843	2	9	18.18	CHH
4	24030042	24030690	1	0	100.00	CG
4	24030042	24030690	2	0	100.00	CHG
4	24030042	24030690	16	13	55.17	CHH
4	24127511	24127670	18	0	100.00	CG
4	24127511	24127670	10	0	100.00	CHG
4	24127511	24127670	158	29	84.49	CHH
4	25426804	25426964	1	0	100.00	CHG
4	25426804	25426964	12	12	50.00	CHH
4	25457672	25458128	213	0	100.00	CG
4	25457672	25458128	57	21	73.08	CHG
4	25457672	25458128	139	307	31.17	CHH
4	25472006	25472224	0	5	0.00	CHH
4	25475165	25475574	7	0	100.00	CG
4	25475165	25475574	34	8	80.95	CHG
4	25475165	25475574	110	145	43.14	CHH
4	27630370	27630458	3	4	42.86	CHH
4	27903713	27903888	134	110	54.92	CHH
4	27907257	27907388	17	4	80.95	CHH
4	28531802	28532069	22	46	32.35	CHH
4	28847972	28848187	0	5	0.00	CHH
4	29191225	29191443	3	0	100.00	CG
4	29191225	29191443	11	2	84.62	CHG
4	29191225	29191443	5	44	10.20	CHH
4	30022367	30022520	2	0	100.00	CG
4	30022367	30022520	2	16	11.11	CHH
4	30176025	30176485	4	1	80.00	CG
4	30176025	30176485	3	1	75.00	CHG
4	30176025	30176485	78	38	67.24	CHH
4	32693175	32693646	15	2	88.24	CG
4	32693175	32693646	29	1	96.67	CHG
4	32693175	32693646	57	128	30.81	CHH
4	33655119	33655383	1	0	100.00	CG
4	33655119	33655383	60	52	53.57	CHH
4	33656481	33656726	37	0	100.00	CG
4	33656481	33656726	1	3	25.00	CHG
4	33656481	33656726	24	37	39.34	CHH
4	33881401	33881625	5	0	100.00	CG
4	33881401	33881625	6	0	100.00	CHG
4	33881401	33881625	14	2	87.50	CHH
4	35050130	35050413	1	36	2.70	CG
4	35050130	35050413	0	37	0.00	CHG
4	35050130	35050413	4	284	1.39	CHH
5	490310	490462	182	17	91.46	CG
5	490310	490462	165	24	87.30	CHG
5	490310	490462	98	371	20.90	CHH
5	2851958	2852160	31	176	14.98	CHH
5	4894101	4894252	114	11	91.20	CHH
5	5433067	5433323	2	0	100.00	CG
5	5433067	5433323	12	0	100.00	CHG
5	5433067	5433323	46	97	32.17	CHH
5	5754539	5754748	3	1	75.00	CG
5	5754539	5754748	2	1	66.67	CHG
5	5754539	5754748	24	39	38.10	CHH
5	6765407	6765604	4	0	100.00	CG
5	6765407	6765604	9	9	50.00	CHG
5	6765407	6765604	12	113	9.60	CHH
5	6820542	6820679	3	0	100.00	CG
5	6820542	6820679	70	26	72.92	CHH
5	7418842	7418942	237	13	94.80	CHH
5	7972537	7972780	2	0	100.00	CHG
5	7972537	7972780	27	22	55.10	CHH
5	10755227	10755310	14	0	100.00	CG
5	10755227	10755310	12	84	12.50	CHH
5	10919623	10920166	18	1	94.74	CG
5	10919623	10920166	3	2	60.00	CHG
5	10919623	10920166	42	64	39.62	CHH
5	16273063	16273157	7	9	43.75	CHH
5	16311105	16311318	9	0	100.00	CG
5	16311105	16311318	48	98	32.88	CHH
5	16856035	16856371	21	5	80.77	CG
5	16856035	16856371	24	6	80.00	CHG
5	16856035	16856371	51	158	24.40	CHH
5	17137118	17137270	1	2	33.33	CHH
5	17258135	17258245	20	0	100.00	CG
5	17258135	17258245	215	65	76.79	CHH
5	17317435	17317693	9	0	100.00	CG
5	17317435	17317693	9	0	100.00	CHG
5	17317435	17317693	67	15	81.71	CHH
5	19716275	19716490	2	0	100.00	CG
5	19716275	19716490	0	1	0.00	CHG
5	19716275	19716490	30	47	38.96	CHH
5	21149049	21149184	12	31	27.91	CG
5	21149049	21149184	12	34	26.09	CHG
5	21149049	21149184	40	182	18.02	CHH
5	21464548	21464805	8	18	30.77	CHH
5	21857485	21857720	6	0	100.00	CG
5	21857485	21857720	10	0	100.00	CHG
5	21857485	21857720	6	21	22.22	CHH
5	21875509	21875764	28	0	100.00	CG
5	21875509	21875764	36	2	94.74	CHG
5	21875509	21875764	66	106	38.37	CHH
5	22000757	22000964	2	0	100.00	CHG
5	22000757	22000964	47	65	41.96	CHH
5	22219878	22220102	7	14	33.33	CHH
5	22429520	22429752	15	1	93.75	CG
5	22429520	22429752	8	3	72.73	CHG
5	22429520	22429752	45	35	56.25	CHH
5	22973734	22973969	9	19	32.14	CHH
5	23987118	23987584	144	5	96.64	CG
5	23987118	23987584	172	53	76.44	CHG
5	23987118	23987584	34	898	3.65	CHH
5	24142822	24143088	11	0	100.00	CG
5	24142822	24143088	1	3	25.00	CHG
5	24142822	24143088	83	35	70.34	CHH
5	24848633	24848969	10	0	100.00	CHG
5	24848633	24848969	136	49	73.51	CHH
5	25347572	25347835	29	53	35.37	CG
5	25347572	25347835	34	64	34.69	CHG
5	25347572	25347835	118	237	33.24	CHH
5	25348057	25348813	12	5	70.59	CG
5	25348057	25348813	10	79	11.24	CHG
5	25348057	25348813	32	306	9.47	CHH
5	25916465	25916630	31	2	93.94	CHG
5	25916465	25916630	252	159	61.31	CHH
5	26950841	26950938	1	0	100.00	CG
5	26950841	26950938	17	4	80.95	CHH
5	26989629	26989802	5	0	100.00	CHH
6	302524	302830	2	0	100.00	CG
6	302524	302830	49	6	89.09	CHH
6	2377299	2377436	17	0	100.00	CG
6	2377299	2377436	21	10	67.74	CHG
6	2377299	2377436	88	58	60.27	CHH
6	2717082	2717211	299	85	77.86	CHH
6	2924454	2924561	8	0	100.00	CG
6	2924454	2924561	30	15	66.67	CHH
6	3943947	3944133	2	3	40.00	CHH
6	4186290	4186414	20	68	22.73	CHH
6	5151759	5151869	150	25	85.71	CHH
6	5377103	5377226	8	0	100.00	CHG
6	5377103	5377226	43	50	46.24	CHH
6	6081368	6081698	5	42	10.64	CG
6	6081368	6081698	0	37	0.00	CHG
6	6081368	6081698	0	239	0.00	CHH
6	7060562	7060710	5	30	14.29	CHH
6	7540043	7540265	21	0	100.00	CG
6	7540043	7540265	0	7	0.00	CHG
6	7540043	7540265	40	82	32.79	CHH
6	7540556	7540748	17	8	68.00	CG
6	7540556	7540748	56	101	35.67	CHH
6	7725720	7725950	21	0	100.00	CG
6	7725720	7725950	23	11	67.65	CHG
6	7725720	7725950	18	41	30.51	CHH
6	8356414	8356617	36	10	78.26	CHH
6	8927960	8928209	12	0	100.00	CHG
6	8927960	8928209	10	2	83.33	CHH
6	9469938	9470183	2	25	7.41	CHH
6	11300952	11301165	2	0	100.00	CHG
6	11300952	11301165	12	8	60.00	CHH
6	11305250	11305430	0	6	0.00	CG
6	11305250	11305430	0	1	0.00	CHG
6	11305250	11305430	1	75	1.32	CHH
6	11997277	11997419	15	0	100.00	CG
6	11997277	11997419	7	4	63.64	CHG
6	11997277	11997419	13	102	11.30	CHH
6	13738650	13738842	16	0	100.00	CG
6	13738650	13738842	11	26	29.73	CHG
6	13738650	13738842	23	201	10.27	CHH
6	13951510	13951630	8	0	100.00	CG
6	13951510	13951630	12	3	80.00	CHG
6	13951510	13951630	14	80	14.89	CHH
6	14809518	14809915	3	0	100.00	CG
6	14809518	14809915	3	0	100.00	CHG
6	14809518	14809915	55	10	84.62	CHH
6	19710274	19711097	82	8	91.11	CG
6	19710274	19711097	95	39	70.90	CHG
6	19710274	19711097	77	380	16.85	CHH
6	20384125	20384463	55	59	48.25	CG
6	20384125	20384463	50	89	35.97	CHG
6	20384125	20384463	171	705	19.52	CHH
6	22376044	22376666	4	1	80.00	CG
6	22376044	22376666	5	3	62.50	CHG
6	22376044	22376666	12	157	7.10	CHH
6	23395298	23395797	12	0	100.00	CG
6	23395298	23395797	3	0	100.00	CHG
6	23395298	23395797	86	35	71.07	CHH
6	23537611	23537873	87	13	87.00	CHH
6	24030066	24030155	27	1	96.43	CHG
6	24030066	24030155	98	1	98.99	CHH
6	24282820	24282990	39	17	69.64	CHH
6	25073298	25073513	9	0	100.00	CG
6	25073298	25073513	4	10	28.57	CHG
6	25073298	25073513	34	120	22.08	CHH
6	25078471	25078618	1	0	100.00	CHG
6	25078471	25078618	11	33	25.00	CHH
6	25314682	25315364	9	0	100.00	CG
6	25314682	25315364	8	0	100.00	CHG
6	25314682	25315364	14	49	22.22	CHH
6	26183206	26183498	2	0	100.00	CG
6	26183206	26183498	128	36	78.05	CHH
6	26270983	26271153	7	2	77.78	CHH
6	26899910	26900127	88	178	33.08	CHH
6	27022910	27023085	7	0	100.00	CG
6	27022910	27023085	25	23	52.08	CHH
6	29399343	29399607	1	0	100.00	CG
6	29399343	29399607	6	0	100.00	CHG
6	29399343	29399607	72	9	88.89	CHH
6	30191023	30191331	2	0	100.00	CG
6	30191023	30191331	15	0	100.00	CHG
6	30191023	30191331	29	93	23.77	CHH
6	30403805	30404034	30	38	44.12	CHH
6	30913757	30913901	10	0	100.00	CG
6	30913757	30913901	1	0	100.00	CHG
6	30913757	30913901	55	32	63.22	CHH
7	436559	436644	1	0	100.00	CHH
7	553125	553382	3	0	100.00	CHG
7	553125	553382	44	152	22.45	CHH
7	1581483	1581569	6	0	100.00	CHG
7	1581483	1581569	18	29	38.30	CHH
7	2529367	2529520	12	8	60.00	CHH
7	3142735	3143078	7	0	100.00	CG
7	3142735	3143078	10	0	100.00	CHG
7	3142735	3143078	2	57	3.39	CHH
7	3169312	3169590	3	6	33.33	CHG
7	3169312	3169590	252	242	51.01	CHH
7	3220899	3221205	111	0	100.00	CHH
7	3739834	3740067	17	0	100.00	CG
7	3739834	3740067	9	1	90.00	CHG
7	3739834	3740067	49	40	55.06	CHH
7	4348410	4348541	0	11	0.00	CG
7	4348410	4348541	1	8	11.11	CHG
7	4348410	4348541	6	94	6.00	CHH
7	5121301	5121458	5	0	100.00	CG
7	5121301	5121458	3	0	100.00	CHG
7	5121301	5121458	34	25	57.63	CHH
7	6141659	6141862	16	0	100.00	CG
7	6141659	6141862	2	0	100.00	CHG
7	6141659	6141862	27	7	79.41	CHH
7	7806227	7806511	3	0	100.00	CHG
7	7806227	7806511	245	13	94.96	CHH
7	8049142	8049326	14	0	100.00	CG
7	8049142	8049326	3	4	42.86	CHG
7	8049142	8049326	9	42	17.65	CHH
7	8294134	8294483	0	29	0.00	CG
7	8294134	8294483	0	24	0.00	CHG
7	8294134	8294483	4	226	1.74	CHH
7	8334119	8334358	7	0	100.00	CHG
7	8334119	8334358	89	59	60.14	CHH
7	8993394	8993705	6	0	100.00	CG
7	8993394	8993705	83	22	79.05	CHH
7	13286370	13286485	46	15	75.41	CHH
7	15188698	15188829	5	0	100.00	CHG
7	15188698	15188829	5	31	13.89	CHH
7	15431878	15432092	6	0	100.00	CG
7	15431878	15432092	3	0	100.00	CHG
7	15431878	15432092	51	21	70.83	CHH
7	15677983	15678606	25	125	16.67	CG
7	15677983	15678606	35	128	21.47	CHG
7	15677983	15678606	70	443	13.65	CHH
7	16599468	16599909	4	8	33.33	CHG
7	16599468	16599909	8	96	7.69	CHH
7	17099241	17099723	3	0	100.00	CHG
7	17099241	17099723	316	104	75.24	CHH
7	17790357	17790553	20	0	100.00	CG
7	17790357	17790553	35	18	66.04	CHG
7	17790357	17790553	82	137	37.44	CHH
7	18624941	18625154	1	0	100.00	CG
7	18624941	18625154	7	0	100.00	CHG
7	18624941	18625154	29	61	32.22	CHH
7	18712663	18712940	57	206	21.67	CHH
7	19254932	19255653	45	38	54.22	CG
7	19254932	19255653	86	129	40.00	CHG
7	19254932	19255653	171	517	24.85	CHH
7	20129015	20129222	8	19	29.63	CHH
7	20150949	20151108	1	0	100.00	CG
7	20150949	20151108	7	0	100.00	CHG
7	20150949	20151108	119	48	71.26	CHH
7	20424851	20425235	3	0	100.00	CG
7	20424851	20425235	95	66	59.01	CHH
7	21311702	21311873	7	0	100.00	CG
7	21311702	21311873	4	0	100.00	CHG
7	21311702	21311873	12	14	46.15	CHH
7	22392996	22393180	8	0	100.00	CG
7	22392996	22393180	3	0	100.00	CHG
7	22392996	22393180	15	21	41.67	CHH
7	22532503	22532689	65	18	78.31	CHH
7	22933956	22934220	45	1	97.83	CG
7	22933956	22934220	21	7	75.00	CHG
7	22933956	22934220	92	95	49.20	CHH
7	24616760	24617444	68	11	86.08	CG
7	24616760	24617444	43	24	64.18	CHG
7	24616760	24617444	75	196	27.68	CHH
7	24811648	24811977	21	0	100.00	CG
7	24811648	24811977	993	200	83.24	CHH
7	24948880	24949085	36	6	85.71	CHH
7	25909857	25910353	67	1	98.53	CG
7	25909857	25910353	76	27	73.79	CHG
7	25909857	25910353	189	449	29.62	CHH
7	26251607	26251758	86	2	97.73	CHH
7	26258085	26258557	106	2	98.15	CG
7	26258085	26258557	26	5	83.87	CHG
7	26258085	26258557	224	124	64.37	CHH
7	27169621	27169836	0	4	0.00	CG
7	27169621	27169836	17	23	42.50	CHG
7	27169621	27169836	6	69	8.00	CHH
7	27307263	27307688	71	3	95.95	CG
7	27307263	27307688	34	19	64.15	CHG
7	27307263	27307688	102	45	69.39	CHH
7	28376367	28376563	11	0	100.00	CG
7	28376367	28376563	6	2	75.00	CHG
7	28376367	28376563	136	38	78.16	CHH
7	29243799	29244004	1	0	100.00	CHH
7	29311074	29311344	117	43	73.12	CHH
7	29467990	29468204	2	34	5.56	CHH
8	1575049	1575210	0	3	0.00	CHH
8	1623373	1623626	2	0	100.00	CG
8	1623373	1623626	1	0	100.00	CHG
8	1623373	1623626	90	27	76.92	CHH
8	2431336	2431426	6	10	37.50	CG
8	2431336	2431426	15	32	31.91	CHH
8	3073639	3073816	5	10	33.33	CG
8	3073639	3073816	12	26	31.58	CHG
8	3073639	3073816	19	75	20.21	CHH
8	3388417	3388667	6	0	100.00	CG
8	3388417	3388667	1	0	100.00	CHG
8	3388417	3388667	51	25	67.11	CHH
8	3751907	3752073	14	0	100.00	CG
8	3751907	3752073	10	0	100.00	CHG
8	3751907	3752073	56	2	96.55	CHH
8	3958363	3958508	30	44	40.54	CHH
8	5131858	5132029	4	1	80.00	CHH
8	5321619	5321826	1	0	100.00	CG
8	5321619	5321826	158	106	59.85	CHH
8	5680035	5680214	12	0	100.00	CG
8	5680035	5680214	7	1	87.50	CHG
8	5680035	5680214	39	112	25.83	CHH
8	5836841	5837082	11	0	100.00	CG
8	5836841	5837082	79	38	67.52	CHH
8	6111458	6111746	11	2	84.62	CG
8	6111458	6111746	8	4	66.67	CHG
8	6111458	6111746	18	58	23.68	CHH
8	6753823	6754136	2	0	100.00	CG
8	6753823	6754136	21	1	95.45	CHG
8	6753823	6754136	210	88	70.47	CHH
8	7603360	7603612	5	0	100.00	CG
8	7603360	7603612	65	3	95.59	CHH
8	8071926	8072156	16	1	94.12	CG
8	8071926	8072156	4	0	100.00	CHG
8	8071926	8072156	23	49	31.94	CHH
8	10060129	10060270	72	29	71.29	CHH
8	10886885	10887057	1	0	100.00	CG
8	10886885	10887057	0	1	0.00	CHG
8	10886885	10887057	16	117	12.03	CHH
8	11782944	11783090	3	3	50.00	CHG
8	11782944	11783090	16	12	57.14	CHH
8	12350212	12350309	2	0	100.00	CG
8	12350212	12350309	16	28	36.36	CHH
8	15503593	15503835	25	12	67.57	CHH
8	18141156	18141305	42	12	77.78	CHH
8	19423131	19423387	6	0	100.00	CG
8	19423131	19423387	0	1	0.00	CHG
8	19423131	19423387	14	16	46.67	CHH
8	20377385	20377714	96	4	96.00	CG
8	20377385	20377714	25	3	89.29	CHG
8	20377385	20377714	85	93	47.75	CHH
8	20558563	20558824	3	0	100.00	CG
8	20558563	20558824	5	3	62.50	CHG
8	20558563	20558824	120	81	59.70	CHH
8	21654366	21654527	12	3	80.00	CG
8	21654366	21654527	7	7	50.00	CHG
8	21654366	21654527	22	67	24.72	CHH
8	22741998	22742320	3	0	100.00	CHG
8	22741998	22742320	38	93	29.01	CHH
8	22776595	22776863	10	0	100.00	CG
8	22776595	22776863	11	2	84.62	CHG
8	22776595	22776863	165	25	86.84	CHH
8	22948102	22948411	0	1	0.00	CG
8	22948102	22948411	57	34	62.64	CHH
8	23349964	23350100	4	0	100.00	CG
8	23349964	23350100	68	35	66.02	CHH
8	23488434	23488729	13	0	100.00	CG
8	23488434	23488729	2	4	33.33	CHG
8	23488434	23488729	92	58	61.33	CHH
8	24309357	24309533	0	24	0.00	CG
8	24309357	24309533	3	54	5.26	CHG
8	24309357	24309533	20	175	10.26	CHH
8	24422312	24422568	29	0	100.00	CG
8	24422312	24422568	67	17	79.76	CHG
8	24422312	24422568	835	325	71.98	CHH
8	24735337	24736197	37	11	77.08	CG
8	24735337	24736197	38	57	40.00	CHG
8	24735337	24736197	160	441	26.62	CHH
8	24736834	24737078	27	2	93.10	CG
8	24736834	24737078	9	4	69.23	CHG
8	24736834	24737078	9	74	10.84	CHH
8	24750449	24750953	59	3	95.16	CG
8	24750449	24750953	67	24	73.63	CHG
8	24750449	24750953	100	557	15.22	CHH
8	24768225	24768508	21	0	100.00	CG
8	24768225	24768508	11	26	29.73	CHG
8	24768225	24768508	22	152	12.64	CHH
8	24784953	24785097	6	0	100.00	CG
8	24784953	24785097	1	4	20.00	CHG
8	24784953	24785097	16	54	22.86	CHH
8	24834030	24834325	3	0	100.00	CG
8	24834030	24834325	3	0	100.00	CHG
8	24834030	24834325	21	3	87.50	CHH
8	24968997	24969171	9	0	100.00	CG
8	24968997	24969171	10	2	83.33	CHG
8	24968997	24969171	203	69	74.63	CHH
8	26169264	26169435	8	0	100.00	CG
8	26169264	26169435	25	0	100.00	CHH
8	26441035	26441114	2	1	66.67	CHG
8	26441035	26441114	0	39	0.00	CHH
8	26827794	26828034	21	25	45.65	CG
8	26827794	26828034	12	16	42.86	CHG
8	26827794	26828034	61	83	42.36	CHH
8	27623734	27623958	10	0	100.00	CG
8	27623734	27623958	8	1	88.89	CHG
8	27623734	27623958	29	17	63.04	CHH
8	28152674	28152872	112	32	77.78	CHH
8	28409753	28410078	13	0	100.00	CG
8	28409753	28410078	4	0	100.00	CHG
8	28409753	28410078	144	4	97.30	CHH
9	1254705	1254916	30	6	83.33	CHH
9	1884036	1884200	126	26	82.89	CHH
9	3634113	3634220	9	0	100.00	CHG
9	3634113	3634220	1	30	3.23	CHH
9	3933418	3933532	4	0	100.00	CG
9	3933418	3933532	3	1	75.00	CHG
9	3933418	3933532	39	25	60.94	CHH
9	4570159	4570785	41	0	100.00	CG
9	4570159	4570785	50	4	92.59	CHG
9	4570159	4570785	91	219	29.35	CHH
9	7158967	7159348	4	4	50.00	CG
9	7158967	7159348	4	7	36.36	CHG
9	7158967	7159348	16	101	13.68	CHH
9	10378957	10379055	20	7	74.07	CG
9	10378957	10379055	10	15	40.00	CHG
9	10378957	10379055	8	64	11.11	CHH
9	10754150	10754480	10	0	100.00	CG
9	10754150	10754480	25	0	100.00	CHG
9	10754150	10754480	155	192	44.67	CHH
9	11037393	11037551	20	23	46.51	CHH
9	14633566	14633811	34	0	100.00	CG
9	14633566	14633811	16	0	100.00	CHG
9	14633566	14633811	96	6	94.12	CHH
9	16086094	16086273	21	1	95.45	CG
9	16086094	16086273	10	1	90.91	CHG
9	16086094	16086273	223	76	74.58	CHH
9	16215726	16215834	4	8	33.33	CHH
9	16663866	16664244	31	10	75.61	CG
9	16663866	16664244	17	39	30.36	CHG
9	16663866	16664244	58	136	29.90	CHH
9	17420619	17420974	0	2	0.00	CHH
9	19098095	19098253	2	2	50.00	CHH
9	21886164	21886293	6	48	11.11	CHH
10	368179	368447	79	14	84.95	CHH
10	404795	404929	20	0	100.00	CG
10	404795	404929	0	5	0.00	CHG
10	404795	404929	52	6	89.66	CHH
10	1838124	1838526	8	1	88.89	CG
10	1838124	1838526	2	0	100.00	CHG
10	1838124	1838526	142	27	84.02	CHH
10	1890175	1890720	16	0	100.00	CG
10	1890175	1890720	20	2	90.91	CHG
10	1890175	1890720	15	124	10.79	CHH
10	2576261	2576420	48	66	42.11	CHH
10	3444619	3445144	17	20	45.95	CG
10	3444619	3445144	28	31	47.46	CHG
10	3444619	3445144	80	264	23.26	CHH
10	5680298	5680662	81	122	39.90	CG
10	5680298	5680662	90	190	32.14	CHG
10	5680298	5680662	123	440	21.85	CHH
10	6420591	6420748	2	0	100.00	CHG
10	6420591	6420748	0	13	0.00	CHH
10	8506073	8506152	1	3	25.00	CG
10	8506073	8506152	10	16	38.46	CHH
10	9497876	9498140	7	0	100.00	CG
10	9497876	9498140	1	0	100.00	CHG
10	9497876	9498140	50	4	92.59	CHH
10	11192936	11193103	39	0	100.00	CG
10	11192936	11193103	27	8	77.14	CHG
10	11192936	11193103	616	248	71.30	CHH
10	11922949	11923127	12	0	100.00	CG
10	11922949	11923127	33	1	97.06	CHG
10	11922949	11923127	129	44	74.57	CHH
10	12206026	12206233	4	1	80.00	CG
10	12206026	12206233	6	2	75.00	CHG
10	12206026	12206233	75	62	54.74	CHH
10	13147744	13147963	49	3	94.23	CG
10	13147744	13147963	17	3	85.00	CHG
10	13147744	13147963	89	40	68.99	CHH
10	15011394	15011890	92	6	93.88	CG
10	15011394	15011890	85	20	80.95	CHG
10	15011394	15011890	162	596	21.37	CHH
10	15870323	15870605	2	0	100.00	CG
10	15870323	15870605	4	0	100.00	CHG
10	15870323	15870605	16	2	88.89	CHH
10	15986243	15986518	6	7	46.15	CHG
10	15986243	15986518	9	49	15.52	CHH
10	15991567	15992011	7	49	12.50	CG
10	15991567	15992011	12	96	11.11	CHG
10	15991567	15992011	50	317	13.62	CHH
10	16003795	16003950	1	0	100.00	CG
10	16003795	16003950	2	3	40.00	CHG
10	16003795	16003950	3	24	11.11	CHH
10	16208913	16209034	8	0	100.00	CG
10	16208913	16209034	11	0	100.00	CHG
10	16208913	16209034	72	1	98.63	CHH
10	17033161	17033405	32	0	100.00	CG
10	17033161	17033405	17	2	89.47	CHG
10	17033161	17033405	66	23	74.16	CHH
10	18046108	18046282	1	7	12.50	CHH
10	18101624	18101816	33	0	100.00	CG
10	18101624	18101816	19	4	82.61	CHG
10	18101624	18101816	123	66	65.08	CHH
10	18561922	18562175	7	0	100.00	CG
10	18561922	18562175	10	6	62.50	CHG
10	18561922	18562175	47	22	68.12	CHH
10	18632472	18632641	41	30	57.75	CHH
10	19698082	19698409	8	0	100.00	CG
10	19698082	19698409	15	0	100.00	CHG
10	19698082	19698409	192	71	73.00	CHH
10	19941399	19941637	1	0	100.00	CG
10	19941399	19941637	16	31	34.04	CHH
10	20291443	20292459	75	4	94.94	CG
10	20291443	20292459	30	0	100.00	CHG
10	20291443	20292459	99	164	37.64	CHH
10	20762313	20762534	5	34	12.82	CG
10	20762313	20762534	2	90	2.17	CHG
10	20762313	20762534	21	218	8.79	CHH
10	20778820	20779263	12	52	18.75	CG
10	20778820	20779263	14	113	11.02	CHG
10	20778820	20779263	37	295	11.14	CHH
10	21827999	21828272	1	1	50.00	CHG
10	21827999	21828272	17	30	36.17	CHH
10	22689536	22689741	27	5	84.38	CHH
10	22690213	22690439	69	62	52.67	CHH
11	569050	569549	12	0	100.00	CG
11	569050	569549	58	2	96.67	CHG
11	569050	569549	311	172	64.39	CHH
11	1200546	1200636	4	0	100.00	CG
11	1200546	1200636	6	0	100.00	CHG
11	1200546	1200636	18	15	54.55	CHH
11	1713742	1714360	31	1	96.88	CG
11	1713742	1714360	21	1	95.45	CHG
11	1713742	1714360	146	154	48.67	CHH
11	1878755	1878890	1	1	50.00	CG
11	1878755	1878890	2	2	50.00	CHG
11	1878755	1878890	6	13	31.58	CHH
11	1932470	1932979	11	0	100.00	CG
11	1932470	1932979	7	0	100.00	CHG
11	1932470	1932979	278	53	83.99	CHH
11	1947206	1947542	4	0	100.00	CG
11	1947206	1947542	27	21	56.25	CHH
11	2378673	2378944	53	5	91.38	CG
11	2378673	2378944	3	5	37.50	CHG
11	2378673	2378944	232	74	75.82	CHH
11	5554822	5555192	7	0	100.00	CG
11	5554822	5555192	56	6	90.32	CHG
11	5554822	5555192	255	93	73.28	CHH
11	7332863	7333120	7	0	100.00	CG
11	7332863	7333120	1	1	50.00	CHG
11	7332863	7333120	66	64	50.77	CHH
11	7589703	7589963	8	0	100.00	CG
11	7589703	7589963	5	1	83.33	CHG
11	7589703	7589963	154	33	82.35	CHH
11	7735709	7735929	12	1	92.31	CG
11	7735709	7735929	7	6	53.85	CHG
11	7735709	7735929	20	50	28.57	CHH
11	8045721	8046006	116	1	99.15	CG
11	8045721	8046006	10	16	38.46	CHG
11	8045721	8046006	73	283	20.51	CHH
11	9151816	9151968	5	0	100.00	CHG
11	9151816	9151968	39	12	76.47	CHH
11	11662804	11663369	5	0	100.00	CG
11	11662804	11663369	4	0	100.00	CHG
11	11662804	11663369	37	41	47.44	CHH
11	11787143	11787246	30	172	14.85	CHH
11	13632522	13632647	20	36	35.71	CHG
11	13632522	13632647	34	137	19.88	CHH
11	14005572	14005699	69	163	29.74	CHH
11	14006096	14006227	19	13	59.38	CHH
11	14311549	14311878	70	0	100.00	CG
11	14311549	14311878	21	4	84.00	CHG
11	14311549	14311878	92	67	57.86	CHH
11	16006890	16007049	2	0	100.00	CG
11	16006890	16007049	55	30	64.71	CHH
11	16339318	16339504	18	1	94.74	CG
11	16339318	16339504	1	0	100.00	CHG
11	16339318	16339504	71	50	58.68	CHH
11	16884445	16884740	7	0	100.00	CG
11	16884445	16884740	104	16	86.67	CHH
11	16979978	16980123	38	34	52.78	CHH
11	18415594	18415828	72	15	82.76	CHH
11	19478887	19479310	8	0	100.00	CG
11	19478887	19479310	21	2	91.30	CHG
11	19478887	19479310	2	124	1.59	CHH
11	19817539	19817761	18	3	85.71	CHG
11	19817539	19817761	234	108	68.42	CHH
11	21197890	21198236	3	3	50.00	CHG
11	21197890	21198236	113	100	53.05	CHH
11	21255747	21256111	27	0	100.00	CG
11	21255747	21256111	23	5	82.14	CHG
11	21255747	21256111	50	124	28.74	CHH
11	21412886	21413094	35	0	100.00	CG
11	21412886	21413094	4	14	22.22	CHG
11	21412886	21413094	18	82	18.00	CHH
11	22039593	22039763	1	0	100.00	CHG
11	22039593	22039763	5	4	55.56	CHH
11	23435202	23435727	6	5	54.55	CG
11	23435202	23435727	24	12	66.67	CHG
11	23435202	23435727	43	124	25.75	CHH
11	24395075	24395260	12	12	50.00	CG
11	24395075	24395260	11	3	78.57	CHG
11	24395075	24395260	54	150	26.47	CHH
11	24851409	24851658	7	0	100.00	CG
11	24851409	24851658	8	0	100.00	CHG
11	24851409	24851658	18	39	31.58	CHH
11	24991462	24991590	0	9	0.00	CHG
11	24991462	24991590	1	60	1.64	CHH
11	25110396	25110624	1	1	50.00	CG
11	25110396	25110624	0	1	0.00	CHG
11	25110396	25110624	14	6	70.00	CHH
11	25586084	25586542	3	0	100.00	CG
11	25586084	25586542	5	0	100.00	CHG
11	25586084	25586542	18	61	22.78	CHH
11	25784649	25784892	18	2	90.00	CG
11	25784649	25784892	30	6	83.33	CHG
11	25784649	25784892	71	111	39.01	CHH
11	25810584	25810761	1	0	100.00	CHG
11	25810584	25810761	12	0	100.00	CHH
11	25853608	25853790	80	53	60.15	CHH
11	26205598	26205997	3	1	75.00	CG
11	26205598	26205997	0	7	0.00	CHG
11	26205598	26205997	1	72	1.37	CHH
11	27682635	27683583	22	0	100.00	CG
11	27682635	27683583	16	1	94.12	CHG
11	27682635	27683583	71	89	44.38	CHH
11	28181129	28181426	10	0	100.00	CG
11	28181129	28181426	46	24	65.71	CHH
12	217168	217301	2	9	18.18	CHH
12	552916	553122	177	148	54.46	CHH
12	793700	793972	15	0	100.00	CHG
12	793700	793972	288	59	83.00	CHH
12	961100	961336	3	0	100.00	CG
12	961100	961336	3	27	10.00	CHG
12	961100	961336	8	98	7.55	CHH
12	1049649	1049822	27	16	62.79	CHH
12	1548545	1548692	36	19	65.45	CHH
12	1801896	1802216	2	5	28.57	CG
12	1801896	1802216	10	9	52.63	CHG
12	1801896	1802216	29	128	18.47	CHH
12	1816647	1816809	13	0	100.00	CG
12	1816647	1816809	117	23	83.57	CHH
12	2466366	2466538	4	0	100.00	CHG
12	2466366	2466538	61	40	60.40	CHH
12	5021892	5024116	77	4	95.06	CG
12	5021892	5024116	209	58	78.28	CHG
12	5021892	5024116	177	933	15.95	CHH
12	5024498	5027592	107	6	94.69	CG
12	5024498	5027592	190	83	69.60	CHG
12	5024498	5027592	274	1337	17.01	CHH
12	7849278	7849532	45	0	100.00	CG
12	7849278	7849532	1	2	33.33	CHG
12	7849278	7849532	163	205	44.29	CHH
12	10927998	10928435	3	0	100.00	CG
12	10927998	10928435	3	3	50.00	CHG
12	10927998	10928435	12	102	10.53	CHH
12	11362213	11362441	2	0	100.00	CG
12	11362213	11362441	15	12	55.56	CHH
12	12440435	12440631	41	55	42.71	CG
12	12440435	12440631	18	35	33.96	CHG
12	12440435	12440631	19	147	11.45	CHH
12	12966688	12966790	35	6	85.37	CHH
12	15202347	15202507	8	0	100.00	CG
12	15202347	15202507	32	35	47.76	CHH
12	17986589	17987047	13	0	100.00	CG
12	17986589	17987047	11	11	50.00	CHG
12	17986589	17987047	34	154	18.09	CHH
12	18936325	18936741	81	2	97.59	CG
12	18936325	18936741	16	0	100.00	CHG
12	18936325	18936741	70	93	42.94	CHH
12	19120680	19120950	4	3	57.14	CG
12	19120680	19120950	4	0	100.00	CHG
12	19120680	19120950	79	127	38.35	CHH
12	19156150	19156313	2	0	100.00	CG
12	19156150	19156313	3	0	100.00	CHG
12	19156150	19156313	34	1	97.14	CHH
12	21483416	21483688	3	0	100.00	CG
12	21483416	21483688	3	0	100.00	CHG
12	21483416	21483688	7	7	50.00	CHH
12	21831911	21832012	12	23	34.29	CHH
12	22451242	22451490	1	1	50.00	CHG
12	22451242	22451490	13	24	35.14	CHH
12	22462835	22463098	0	7	0.00	CG
12	22462835	22463098	5	7	41.67	CHG
12	22462835	22463098	118	72	62.11	CHH
12	22503691	22503984	14	2	87.50	CG
12	22503691	22503984	4	0	100.00	CHG
12	22503691	22503984	25	46	35.21	CHH
12	23090136	23090406	10	53	15.87	CHH
12	23253874	23254115	5	0	100.00	CG
12	23253874	23254115	0	1	0.00	CHG
12	23253874	23254115	60	60	50.00	CHH
12	23419385	23419484	9	0	100.00	CG
12	23419385	23419484	11	37	22.92	CHH
12	23569460	23569549	6	6	50.00	CG
12	23569460	23569549	2	2	50.00	CHG
12	23569460	23569549	12	43	21.82	CHH
12	24432087	24432276	116	184	38.67	CHH
12	25119408	25119711	8	3	72.73	CG
12	25119408	25119711	11	3	78.57	CHG
12	25119408	25119711	14	30	31.82	CHH
12	25285613	25285813	15	1	93.75	CHH
12	25690213	25690552	2	0	100.00	CG
12	25690213	25690552	0	3	0.00	CHH
12	26052913	26053003	0	6	0.00	CHG
12	26052913	26053003	0	15	0.00	CHH
