1	2555114	2555411	38	1	97.44	CG
1	2555114	2555411	6	14	30.00	CHG
1	2555114	2555411	8	75	9.64	CHH
1	8143115	8144572	135	355	27.55	CG
1	8143115	8144572	109	254	30.03	CHG
1	8143115	8144572	270	1547	14.86	CHH
1	8856289	8857459	707	44	94.14	CG
1	8856289	8857459	446	137	76.50	CHG
1	8856289	8857459	218	1536	12.43	CHH
1	9440253	9440373	4	0	100.00	CG
1	9440253	9440373	20	0	100.00	CHG
1	9440253	9440373	10	44	18.52	CHH
1	10922927	10924097	353	10	97.25	CG
1	10922927	10924097	125	114	52.30	CHG
1	10922927	10924097	57	830	6.43	CHH
1	10924272	10925038	74	0	100.00	CG
1	10924272	10925038	48	6	88.89	CHG
1	10924272	10925038	150	201	42.74	CHH
1	10926447	10926494	6	0	100.00	CG
1	10926447	10926494	3	1	75.00	CHG
1	10926447	10926494	1	31	3.12	CHH
1	10927779	10928239	0	106	0.00	CG
1	10927779	10928239	7	172	3.91	CHG
1	10927779	10928239	21	515	3.92	CHH
1	11194466	11195470	203	38	84.23	CG
1	11194466	11195470	65	36	64.36	CHG
1	11194466	11195470	48	507	8.65	CHH
1	11195594	11197144	530	10	98.15	CG
1	11195594	11197144	509	44	92.04	CHG
1	11195594	11197144	336	1892	15.08	CHH
1	11469690	11470040	112	14	88.89	CG
1	11469690	11470040	36	49	42.35	CHG
1	11469690	11470040	45	209	17.72	CHH
1	11476217	11476541	52	0	100.00	CG
1	11476217	11476541	20	7	74.07	CHG
1	11476217	11476541	2	166	1.19	CHH
1	11476776	11476980	24	0	100.00	CG
1	11476776	11476980	21	6	77.78	CHG
1	11476776	11476980	0	82	0.00	CHH
1	14960932	14961729	122	4	96.83	CG
1	14960932	14961729	54	38	58.70	CHG
1	14960932	14961729	56	197	22.13	CHH
1	20811581	20812788	112	4	96.55	CG
1	20811581	20812788	131	16	89.12	CHG
1	20811581	20812788	179	894	16.68	CHH
1	20812987	20814418	869	46	94.97	CG
1	20812987	20814418	547	118	82.26	CHG
1	20812987	20814418	181	2080	8.01	CHH
1	21008974	21009872	89	0	100.00	CG
1	21008974	21009872	105	29	78.36	CHG
1	21008974	21009872	82	896	8.38	CHH
1	21009973	21014417	2823	59	97.95	CG
1	21009973	21014417	2880	593	82.93	CHG
1	21009973	21014417	616	9630	6.01	CHH
1	25251599	25253560	685	136	83.43	CG
1	25251599	25253560	262	246	51.57	CHG
1	25251599	25253560	473	2012	19.03	CHH
1	25254184	25254575	64	1	98.46	CG
1	25254184	25254575	31	10	75.61	CHG
1	25254184	25254575	35	158	18.13	CHH
1	26580982	26582392	367	9	97.61	CG
1	26580982	26582392	158	50	75.96	CHG
1	26580982	26582392	242	458	34.57	CHH
1	28208118	28209343	578	2	99.66	CG
1	28208118	28209343	225	42	84.27	CHG
1	28208118	28209343	91	649	12.30	CHH
1	28209629	28210983	309	6	98.10	CG
1	28209629	28210983	237	25	90.46	CHG
1	28209629	28210983	190	1219	13.48	CHH
1	28211421	28212110	68	0	100.00	CG
1	28211421	28212110	85	6	93.41	CHG
1	28211421	28212110	88	472	15.71	CHH
1	30811371	30812183	261	9	96.67	CG
1	30811371	30812183	125	54	69.83	CHG
1	30811371	30812183	80	341	19.00	CHH
1	36452592	36453218	447	39	91.98	CG
1	36452592	36453218	217	185	53.98	CHG
1	36452592	36453218	140	1079	11.48	CHH
1	38451745	38452887	397	142	73.65	CG
1	38451745	38452887	234	181	56.39	CHG
1	38451745	38452887	152	1125	11.90	CHH
1	41135938	41135972	0	1	0.00	CHH
2	3701316	3701517	9	0	100.00	CG
2	3701316	3701517	16	4	80.00	CHG
2	3701316	3701517	22	146	13.10	CHH
2	6759920	6761510	230	53	81.27	CG
2	6759920	6761510	200	92	68.49	CHG
2	6759920	6761510	159	898	15.04	CHH
2	7610238	7610762	98	3	97.03	CG
2	7610238	7610762	66	16	80.49	CHG
2	7610238	7610762	49	154	24.14	CHH
2	8346082	8346522	54	3	94.74	CG
2	8346082	8346522	106	5	95.50	CHG
2	8346082	8346522	11	338	3.15	CHH
2	13582141	13582726	17	1	94.44	CG
2	13582141	13582726	52	8	86.67	CHG
2	13582141	13582726	5	154	3.14	CHH
2	14698488	14698632	18	44	29.03	CG
2	14698488	14698632	17	69	19.77	CHG
2	14698488	14698632	62	129	32.46	CHH
2	16555825	16557101	219	551	28.44	CG
2	16555825	16557101	105	632	14.25	CHG
2	16555825	16557101	248	1466	14.47	CHH
2	16557180	16558295	199	212	48.42	CG
2	16557180	16558295	223	212	51.26	CHG
2	16557180	16558295	272	1089	19.99	CHH
2	29633236	29636111	856	247	77.61	CG
2	29633236	29636111	765	262	74.49	CHG
2	29633236	29636111	559	4488	11.08	CHH
2	29778535	29779835	971	25	97.49	CG
2	29778535	29779835	464	55	89.40	CHG
2	29778535	29779835	283	2677	9.56	CHH
2	29780404	29782752	510	4	99.22	CG
2	29780404	29782752	297	40	88.13	CHG
2	29780404	29782752	382	2441	13.53	CHH
2	33668330	33668734	46	365	11.19	CG
2	33668330	33668734	55	321	14.63	CHG
2	33668330	33668734	216	864	20.00	CHH
3	7205990	7206396	185	4	97.88	CG
3	7205990	7206396	195	2	98.98	CHG
3	7205990	7206396	34	424	7.42	CHH
3	7208162	7208468	122	7	94.57	CG
3	7208162	7208468	65	6	91.55	CHG
3	7208162	7208468	181	352	33.96	CHH
3	10131683	10133676	603	39	93.93	CG
3	10131683	10133676	278	197	58.53	CHG
3	10131683	10133676	117	1672	6.54	CHH
3	12711049	12711825	399	18	95.68	CG
3	12711049	12711825	330	74	81.68	CHG
3	12711049	12711825	342	1787	16.06	CHH
3	12711907	12712969	981	52	94.97	CG
3	12711907	12712969	685	270	71.73	CHG
3	12711907	12712969	262	3148	7.68	CHH
3	13925598	13926734	1114	17	98.50	CG
3	13925598	13926734	467	109	81.08	CHG
3	13925598	13926734	85	1685	4.80	CHH
3	15610099	15611396	710	17	97.66	CG
3	15610099	15611396	254	110	69.78	CHG
3	15610099	15611396	191	1318	12.66	CHH
3	17446064	17447102	661	20	97.06	CG
3	17446064	17447102	501	78	86.53	CHG
3	17446064	17447102	133	1770	6.99	CHH
3	19352995	19356617	1827	31	98.33	CG
3	19352995	19356617	1131	183	86.07	CHG
3	19352995	19356617	240	4259	5.33	CHH
3	22294607	22295687	322	6	98.17	CG
3	22294607	22295687	236	17	93.28	CHG
3	22294607	22295687	333	1008	24.83	CHH
3	22295781	22296159	57	0	100.00	CG
3	22295781	22296159	32	3	91.43	CHG
3	22295781	22296159	51	134	27.57	CHH
3	22404232	22405507	1464	38	97.47	CG
3	22404232	22405507	579	221	72.38	CHG
3	22404232	22405507	286	2075	12.11	CHH
3	27941138	27942796	277	89	75.68	CG
3	27941138	27942796	323	157	67.29	CHG
3	27941138	27942796	363	1810	16.71	CHH
3	28510179	28510777	221	8	96.51	CG
3	28510179	28510777	108	17	86.40	CHG
3	28510179	28510777	451	733	38.09	CHH
4	2276177	2276551	221	2	99.10	CG
4	2276177	2276551	75	4	94.94	CHG
4	2276177	2276551	8	256	3.03	CHH
4	11651971	11654930	1035	41	96.19	CG
4	11651971	11654930	637	140	81.98	CHG
4	11651971	11654930	215	4085	5.00	CHH
4	27689683	27689829	75	2	97.40	CG
4	27689683	27689829	14	11	56.00	CHG
4	27689683	27689829	28	221	11.24	CHH
4	29141581	29141664	9	0	100.00	CG
4	29141581	29141664	8	0	100.00	CHG
4	29141581	29141664	5	11	31.25	CHH
4	30611394	30612481	84	64	56.76	CG
4	30611394	30612481	59	139	29.80	CHG
4	30611394	30612481	146	524	21.79	CHH
5	662749	664095	353	2	99.44	CG
5	662749	664095	194	14	93.27	CHG
5	662749	664095	386	735	34.43	CHH
5	664360	665573	326	38	89.56	CG
5	664360	665573	314	105	74.94	CHG
5	664360	665573	366	1482	19.81	CHH
5	1136684	1139118	839	12	98.59	CG
5	1136684	1139118	679	89	88.41	CHG
5	1136684	1139118	373	2725	12.04	CHH
5	2775738	2775910	3	46	6.12	CG
5	2775738	2775910	1	17	5.56	CHG
5	2775738	2775910	10	99	9.17	CHH
5	11245127	11247429	930	302	75.49	CG
5	11245127	11247429	495	277	64.12	CHG
5	11245127	11247429	383	2698	12.43	CHH
5	13079678	13081153	630	20	96.92	CG
5	13079678	13081153	361	75	82.80	CHG
5	13079678	13081153	117	1230	8.69	CHH
5	19128840	19130154	867	24	97.31	CG
5	19128840	19130154	608	73	89.28	CHG
5	19128840	19130154	615	2047	23.10	CHH
5	19883682	19883838	70	0	100.00	CG
5	19883682	19883838	41	2	95.35	CHG
5	19883682	19883838	9	13	40.91	CHH
5	19884479	19885037	101	71	58.72	CG
5	19884479	19885037	88	99	47.06	CHG
5	19884479	19885037	212	224	48.62	CHH
5	27489055	27489338	102	6	94.44	CG
5	27489055	27489338	89	15	85.58	CHG
5	27489055	27489338	68	152	30.91	CHH
5	27489622	27490471	22	60	26.83	CG
5	27489622	27490471	31	37	45.59	CHG
5	27489622	27490471	54	187	22.41	CHH
6	1051401	1053277	864	41	95.47	CG
6	1051401	1053277	437	506	46.34	CHG
6	1051401	1053277	87	1738	4.77	CHH
6	6075315	6076487	196	7	96.55	CG
6	6075315	6076487	130	19	87.25	CHG
6	6075315	6076487	285	1150	19.86	CHH
6	6076943	6077142	19	0	100.00	CG
6	6076943	6077142	10	10	50.00	CHG
6	6076943	6077142	4	42	8.70	CHH
6	6339071	6340741	991	17	98.31	CG
6	6339071	6340741	475	141	77.11	CHG
6	6339071	6340741	132	2156	5.77	CHH
6	11301673	11302182	1	0	100.00	CG
6	11301673	11302182	1	1	50.00	CHG
6	11301673	11302182	0	10	0.00	CHH
6	12035080	12038531	1976	68	96.67	CG
6	12035080	12038531	1493	443	77.12	CHG
6	12035080	12038531	121	5716	2.07	CHH
6	13426051	13427806	412	16	96.26	CG
6	13426051	13427806	244	67	78.46	CHG
6	13426051	13427806	115	895	11.39	CHH
6	13432787	13433792	217	7	96.88	CG
6	13432787	13433792	195	50	79.59	CHG
6	13432787	13433792	43	1141	3.63	CHH
6	13434151	13437348	1559	37	97.68	CG
6	13434151	13437348	1214	151	88.94	CHG
6	13434151	13437348	271	5581	4.63	CHH
6	17322463	17323417	232	3	98.72	CG
6	17322463	17323417	165	17	90.66	CHG
6	17322463	17323417	67	820	7.55	CHH
6	17674030	17675910	393	3	99.24	CG
6	17674030	17675910	190	203	48.35	CHG
6	17674030	17675910	180	2151	7.72	CHH
6	21224444	21225486	383	270	58.65	CG
6	21224444	21225486	190	356	34.80	CHG
6	21224444	21225486	152	1392	9.84	CHH
6	21225688	21227423	672	49	93.20	CG
6	21225688	21227423	240	157	60.45	CHG
6	21225688	21227423	83	1046	7.35	CHH
6	21664378	21665467	654	18	97.32	CG
6	21664378	21665467	382	132	74.32	CHG
6	21664378	21665467	227	2094	9.78	CHH
6	27800538	27801418	2	46	4.17	CG
6	27800538	27801418	0	60	0.00	CHG
6	27800538	27801418	8	249	3.11	CHH
6	28515545	28517894	1977	48	97.63	CG
6	28515545	28517894	1106	221	83.35	CHG
6	28515545	28517894	748	5144	12.70	CHH
6	29380325	29380583	6	4	60.00	CG
6	29380325	29380583	7	4	63.64	CHG
6	29380325	29380583	13	29	30.95	CHH
7	998065	998596	66	5	92.96	CG
7	998065	998596	89	5	94.68	CHG
7	998065	998596	103	501	17.05	CHH
7	999799	1001396	925	32	96.66	CG
7	999799	1001396	593	195	75.25	CHG
7	999799	1001396	140	1536	8.35	CHH
7	3900733	3901027	78	3	96.30	CG
7	3900733	3901027	27	14	65.85	CHG
7	3900733	3901027	0	70	0.00	CHH
7	3901161	3901878	150	1	99.34	CG
7	3901161	3901878	50	42	54.35	CHG
7	3901161	3901878	63	348	15.33	CHH
7	3901974	3902422	36	0	100.00	CG
7	3901974	3902422	37	17	68.52	CHG
7	3901974	3902422	80	239	25.08	CHH
7	5720282	5722705	508	19	96.39	CG
7	5720282	5722705	449	179	71.50	CHG
7	5720282	5722705	279	3242	7.92	CHH
7	8298338	8298633	17	1	94.44	CG
7	8298338	8298633	36	9	80.00	CHG
7	8298338	8298633	49	108	31.21	CHH
7	8298718	8299246	218	14	93.97	CG
7	8298718	8299246	169	35	82.84	CHG
7	8298718	8299246	50	663	7.01	CHH
7	8299464	8300327	108	0	100.00	CG
7	8299464	8300327	138	14	90.79	CHG
7	8299464	8300327	134	802	14.32	CHH
7	15317591	15318975	574	15	97.45	CG
7	15317591	15318975	518	115	81.83	CHG
7	15317591	15318975	413	3292	11.15	CHH
7	15677020	15677884	85	9	90.43	CG
7	15677020	15677884	89	31	74.17	CHG
7	15677020	15677884	62	297	17.27	CHH
7	19999746	20001606	409	17	96.01	CG
7	19999746	20001606	175	151	53.68	CHG
7	19999746	20001606	201	1028	16.35	CHH
7	20006322	20006843	457	18	96.21	CG
7	20006322	20006843	236	156	60.20	CHG
7	20006322	20006843	121	1675	6.74	CHH
7	22461243	22461968	202	13	93.95	CG
7	22461243	22461968	115	31	78.77	CHG
7	22461243	22461968	70	414	14.46	CHH
7	27168967	27169484	55	6	90.16	CG
7	27168967	27169484	34	26	56.67	CHG
7	27168967	27169484	40	291	12.08	CHH
8	3956366	3957065	349	47	88.13	CG
8	3956366	3957065	227	184	55.23	CHG
8	3956366	3957065	411	1416	22.50	CHH
8	4051074	4052619	256	267	48.95	CG
8	4051074	4052619	85	190	30.91	CHG
8	4051074	4052619	196	949	17.12	CHH
8	5776503	5777429	186	365	33.76	CG
8	5776503	5777429	99	247	28.61	CHG
8	5776503	5777429	107	725	12.86	CHH
8	5777523	5777952	228	7	97.02	CG
8	5777523	5777952	147	45	76.56	CHG
8	5777523	5777952	49	343	12.50	CHH
8	7667656	7668635	322	4	98.77	CG
8	7667656	7668635	280	55	83.58	CHG
8	7667656	7668635	123	1446	7.84	CHH
8	7668975	7671382	412	30	93.21	CG
8	7668975	7671382	295	614	32.45	CHG
8	7668975	7671382	163	2813	5.48	CHH
8	7769992	7770862	152	1	99.35	CG
8	7769992	7770862	173	6	96.65	CHG
8	7769992	7770862	97	665	12.73	CHH
8	8373831	8376092	2076	44	97.92	CG
8	8373831	8376092	1593	139	91.97	CHG
8	8373831	8376092	698	6043	10.35	CHH
8	8446534	8449768	1939	138	93.36	CG
8	8446534	8449768	1286	262	83.07	CHG
8	8446534	8449768	520	8219	5.95	CHH
8	9446567	9447269	346	5	98.58	CG
8	9446567	9447269	141	26	84.43	CHG
8	9446567	9447269	96	507	15.92	CHH
8	9448173	9449184	148	22	87.06	CG
8	9448173	9449184	84	67	55.63	CHG
8	9448173	9449184	32	427	6.97	CHH
8	15385469	15386230	163	1	99.39	CG
8	15385469	15386230	87	32	73.11	CHG
8	15385469	15386230	151	538	21.92	CHH
8	15452051	15454665	1123	18	98.42	CG
8	15452051	15454665	644	116	84.74	CHG
8	15452051	15454665	330	2962	10.02	CHH
8	15462558	15463189	101	6	94.39	CG
8	15462558	15463189	85	9	90.43	CHG
8	15462558	15463189	65	363	15.19	CHH
8	15463325	15463489	7	0	100.00	CG
8	15463325	15463489	8	0	100.00	CHG
8	15463325	15463489	0	15	0.00	CHH
8	15463949	15465412	378	31	92.42	CG
8	15463949	15465412	302	141	68.17	CHG
8	15463949	15465412	179	2590	6.46	CHH
8	19733579	19734538	381	28	93.15	CG
8	19733579	19734538	251	101	71.31	CHG
8	19733579	19734538	98	1261	7.21	CHH
8	19734616	19735488	157	7	95.73	CG
8	19734616	19735488	93	29	76.23	CHG
8	19734616	19735488	65	427	13.21	CHH
8	20981167	20986252	1823	262	87.43	CG
8	20981167	20986252	874	338	72.11	CHG
8	20981167	20986252	632	3009	17.36	CHH
8	26829088	26830470	624	29	95.56	CG
8	26829088	26830470	435	133	76.58	CHG
8	26829088	26830470	414	1573	20.84	CHH
9	1293289	1296834	1219	32	97.44	CG
9	1293289	1296834	648	128	83.51	CHG
9	1293289	1296834	713	3537	16.78	CHH
9	1297015	1297850	141	11	92.76	CG
9	1297015	1297850	45	14	76.27	CHG
9	1297015	1297850	19	316	5.67	CHH
9	3227798	3229550	666	12	98.23	CG
9	3227798	3229550	558	92	85.85	CHG
9	3227798	3229550	249	2500	9.06	CHH
9	3229897	3231099	492	6	98.80	CG
9	3229897	3231099	435	134	76.45	CHG
9	3229897	3231099	223	2414	8.46	CHH
9	3515363	3516506	291	14	95.41	CG
9	3515363	3516506	190	40	82.61	CHG
9	3515363	3516506	99	617	13.83	CHH
9	3516815	3517763	417	7	98.35	CG
9	3516815	3517763	183	320	36.38	CHG
9	3516815	3517763	64	657	8.88	CHH
9	3730715	3731926	119	125	48.77	CG
9	3730715	3731926	63	145	30.29	CHG
9	3730715	3731926	47	813	5.47	CHH
9	9557293	9558428	382	17	95.74	CG
9	9557293	9558428	223	63	77.97	CHG
9	9557293	9558428	193	1254	13.34	CHH
9	12178127	12181584	1072	24	97.81	CG
9	12178127	12181584	763	158	82.84	CHG
9	12178127	12181584	307	3395	8.29	CHH
9	12419030	12419675	213	5	97.71	CG
9	12419030	12419675	178	73	70.92	CHG
9	12419030	12419675	156	483	24.41	CHH
9	12420619	12426858	1961	56	97.22	CG
9	12420619	12426858	2933	326	90.00	CHG
9	12420619	12426858	1109	8065	12.09	CHH
9	15229746	15230319	89	0	100.00	CG
9	15229746	15230319	48	5	90.57	CHG
9	15229746	15230319	33	72	31.43	CHH
9	15230410	15231901	694	31	95.72	CG
9	15230410	15231901	379	78	82.93	CHG
9	15230410	15231901	214	1311	14.03	CHH
9	17429413	17430049	166	5	97.08	CG
9	17429413	17430049	145	21	87.35	CHG
9	17429413	17430049	221	540	29.04	CHH
10	402636	402987	49	1	98.00	CG
10	402636	402987	32	7	82.05	CHG
10	402636	402987	61	128	32.28	CHH
10	705178	705397	24	2	92.31	CG
10	705178	705397	22	2	91.67	CHG
10	705178	705397	0	22	0.00	CHH
10	706000	706142	45	0	100.00	CG
10	706000	706142	45	0	100.00	CHG
10	706000	706142	5	17	22.73	CHH
10	5925941	5926484	65	0	100.00	CG
10	5925941	5926484	40	24	62.50	CHG
10	5925941	5926484	99	356	21.76	CHH
10	5927422	5928302	196	3	98.49	CG
10	5927422	5928302	107	19	84.92	CHG
10	5927422	5928302	245	1548	13.66	CHH
10	9629597	9630043	46	265	14.79	CG
10	9629597	9630043	92	380	19.49	CHG
10	9629597	9630043	168	797	17.41	CHH
10	11210121	11211317	361	8	97.83	CG
10	11210121	11211317	255	62	80.44	CHG
10	11210121	11211317	161	2017	7.39	CHH
10	16005555	16006259	62	110	36.05	CG
10	16005555	16006259	35	78	30.97	CHG
10	16005555	16006259	118	592	16.62	CHH
11	3230048	3230169	3	2	60.00	CG
11	3230048	3230169	5	2	71.43	CHG
11	3230048	3230169	28	45	38.36	CHH
11	6296560	6298355	473	56	89.41	CG
11	6296560	6298355	397	234	62.92	CHG
11	6296560	6298355	118	2390	4.70	CHH
11	7729318	7730196	183	3	98.39	CG
11	7729318	7730196	228	29	88.72	CHG
11	7729318	7730196	65	620	9.49	CHH
11	7736107	7738642	338	16	95.48	CG
11	7736107	7738642	220	109	66.87	CHG
11	7736107	7738642	164	1475	10.01	CHH
11	7738733	7740049	259	1	99.62	CG
11	7738733	7740049	194	25	88.58	CHG
11	7738733	7740049	185	1060	14.86	CHH
11	8911345	8913282	52	125	29.38	CG
11	8911345	8913282	95	411	18.77	CHG
11	8911345	8913282	218	1603	11.97	CHH
11	15466012	15467596	331	1015	24.59	CG
11	15466012	15467596	119	651	15.45	CHG
11	15466012	15467596	174	1684	9.36	CHH
11	17162539	17163796	938	38	96.11	CG
11	17162539	17163796	275	184	59.91	CHG
11	17162539	17163796	51	885	5.45	CHH
11	17164953	17166701	321	19	94.41	CG
11	17164953	17166701	297	115	72.09	CHG
11	17164953	17166701	225	1504	13.01	CHH
11	17166830	17167277	246	8	96.85	CG
11	17166830	17167277	132	137	49.07	CHG
11	17166830	17167277	70	580	10.77	CHH
11	17167358	17167576	24	10	70.59	CG
11	17167358	17167576	11	1	91.67	CHG
11	17167358	17167576	4	58	6.45	CHH
11	17167722	17168412	166	7	95.95	CG
11	17167722	17168412	56	106	34.57	CHG
11	17167722	17168412	36	414	8.00	CHH
11	17168615	17170260	437	6	98.65	CG
11	17168615	17170260	528	100	84.08	CHG
11	17168615	17170260	219	1477	12.91	CHH
11	22338223	22342581	2365	59	97.57	CG
11	22338223	22342581	1590	243	86.74	CHG
11	22338223	22342581	707	6335	10.04	CHH
11	24390111	24390786	31	0	100.00	CG
11	24390111	24390786	126	144	46.67	CHG
11	24390111	24390786	79	715	9.95	CHH
12	4737413	4737840	28	20	58.33	CG
12	4737413	4737840	23	15	60.53	CHG
12	4737413	4737840	44	188	18.97	CHH
12	4898920	4899775	94	7	93.07	CG
12	4898920	4899775	83	18	82.18	CHG
12	4898920	4899775	129	404	24.20	CHH
12	4902073	4902516	45	2	95.74	CG
12	4902073	4902516	14	13	51.85	CHG
12	4902073	4902516	33	98	25.19	CHH
12	9062972	9063466	253	5	98.06	CG
12	9062972	9063466	132	120	52.38	CHG
12	9062972	9063466	43	304	12.39	CHH
12	9064169	9064334	12	0	100.00	CG
12	9064169	9064334	4	4	50.00	CHG
12	9064169	9064334	4	37	9.76	CHH
12	9064925	9066118	505	114	81.58	CG
12	9064925	9066118	196	420	31.82	CHG
12	9064925	9066118	250	1767	12.39	CHH
12	17987554	17988996	463	11	97.68	CG
12	17987554	17988996	229	72	76.08	CHG
12	17987554	17988996	179	1369	11.56	CHH
12	18861738	18863268	31	8	79.49	CG
12	18861738	18863268	18	15	54.55	CHG
12	18861738	18863268	160	484	24.84	CHH
12	18864308	18866205	474	8	98.34	CG
12	18864308	18866205	288	91	75.99	CHG
12	18864308	18866205	120	1131	9.59	CHH
