1	521199	522723	246	414	37.27	CG
1	521199	522723	12	608	1.94	CHG
1	521199	522723	35	2228	1.55	CHH
1	718927	719135	0	29	0.00	CG
1	718927	719135	0	50	0.00	CHG
1	718927	719135	1	164	0.61	CHH
1	1687637	1688991	1	213	0.47	CG
1	1687637	1688991	1	245	0.41	CHG
1	1687637	1688991	5	1140	0.44	CHH
1	1781116	1781366	1	452	0.22	CG
1	1781116	1781366	3	164	1.80	CHG
1	1781116	1781366	4	314	1.26	CHH
1	2137510	2140455	111	2160	4.89	CG
1	2137510	2140455	56	1334	4.03	CHG
1	2137510	2140455	184	4275	4.13	CHH
1	2172488	2172625	2	1	66.67	CG
1	2172488	2172625	0	11	0.00	CHH
1	2198640	2199644	54	6	90.00	CG
1	2198640	2199644	19	27	41.30	CHG
1	2198640	2199644	1	65	1.52	CHH
1	2541454	2541598	8	25	24.24	CG
1	2541454	2541598	5	14	26.32	CHG
1	2541454	2541598	14	155	8.28	CHH
1	2579778	2580676	191	67	74.03	CG
1	2579778	2580676	12	351	3.31	CHG
1	2579778	2580676	12	699	1.69	CHH
1	3016827	3017062	1	485	0.21	CG
1	3016827	3017062	1	252	0.40	CHG
1	3016827	3017062	2	669	0.30	CHH
1	4122738	4127182	234	1653	12.40	CG
1	4122738	4127182	24	2009	1.18	CHG
1	4122738	4127182	120	4486	2.61	CHH
1	4510347	4510477	0	1	0.00	CHG
1	4510347	4510477	0	42	0.00	CHH
1	4702022	4702256	0	58	0.00	CG
1	4702022	4702256	2	32	5.88	CHG
1	4702022	4702256	0	35	0.00	CHH
1	5814441	5815039	1	22	4.35	CG
1	5814441	5815039	0	57	0.00	CHG
1	5814441	5815039	8	228	3.39	CHH
1	6934697	6934863	14	0	100.00	CG
1	6934697	6934863	6	0	100.00	CHG
1	6934697	6934863	43	71	37.72	CHH
1	7198017	7199243	257	6	97.72	CG
1	7198017	7199243	3	332	0.90	CHG
1	7198017	7199243	7	1390	0.50	CHH
1	7302410	7302594	5	151	3.21	CG
1	7302410	7302594	3	62	4.62	CHG
1	7302410	7302594	0	353	0.00	CHH
1	7518469	7519081	1	85	1.16	CG
1	7518469	7519081	1	94	1.05	CHG
1	7518469	7519081	13	391	3.22	CHH
1	7690448	7691550	4	306	1.29	CG
1	7690448	7691550	1	270	0.37	CHG
1	7690448	7691550	4	1022	0.39	CHH
1	8124136	8124703	218	7	96.89	CG
1	8124136	8124703	117	40	74.52	CHG
1	8124136	8124703	22	742	2.88	CHH
1	8426975	8427236	24	3	88.89	CG
1	8426975	8427236	0	121	0.00	CHG
1	8426975	8427236	2	449	0.44	CHH
1	8831214	8831605	43	0	100.00	CG
1	8831214	8831605	35	2	94.59	CHG
1	8831214	8831605	35	181	16.20	CHH
1	9124022	9124118	7	2	77.78	CG
1	9124022	9124118	18	2	90.00	CHG
1	9124022	9124118	35	7	83.33	CHH
1	9260960	9261224	4	0	100.00	CG
1	9260960	9261224	1	19	5.00	CHG
1	9260960	9261224	4	140	2.78	CHH
1	9681083	9681232	3	1	75.00	CG
1	9681083	9681232	5	12	29.41	CHH
1	9734291	9734532	1	27	3.57	CG
1	9734291	9734532	0	10	0.00	CHG
1	9734291	9734532	3	146	2.01	CHH
1	10263106	10263294	3	342	0.87	CG
1	10263106	10263294	2	217	0.91	CHG
1	10263106	10263294	3	437	0.68	CHH
1	10401973	10403052	6	237	2.47	CG
1	10401973	10403052	4	160	2.44	CHG
1	10401973	10403052	23	807	2.77	CHH
1	10417094	10417664	16	0	100.00	CG
1	10417094	10417664	35	3	92.11	CHG
1	10417094	10417664	14	121	10.37	CHH
1	10590568	10590704	0	7	0.00	CG
1	10590568	10590704	0	9	0.00	CHG
1	10590568	10590704	0	21	0.00	CHH
1	10793800	10794970	0	8	0.00	CHH
1	11027002	11027352	14	1	93.33	CG
1	11027002	11027352	0	67	0.00	CHG
1	11027002	11027352	1	202	0.49	CHH
1	11745247	11745281	0	47	0.00	CG
1	11745247	11745281	0	20	0.00	CHG
1	11745247	11745281	0	31	0.00	CHH
1	11861007	11861467	202	4	98.06	CG
1	11861007	11861467	83	12	87.37	CHG
1	11861007	11861467	30	361	7.67	CHH
1	11988203	11988342	8	389	2.02	CG
1	11988203	11988342	0	213	0.00	CHG
1	11988203	11988342	3	240	1.23	CHH
1	12157565	12159139	65	4046	1.58	CG
1	12157565	12159139	5	2216	0.23	CHG
1	12157565	12159139	30	3991	0.75	CHH
1	12279664	12280353	7	704	0.98	CG
1	12279664	12280353	2	337	0.59	CHG
1	12279664	12280353	7	629	1.10	CHH
1	12444629	12444759	6	0	100.00	CG
1	12444629	12444759	2	0	100.00	CHG
1	12444629	12444759	4	20	16.67	CHH
1	12851686	12853647	20	57	25.97	CG
1	12851686	12853647	24	315	7.08	CHG
1	12851686	12853647	30	1290	2.27	CHH
1	12977793	12977914	10	0	100.00	CG
1	12977793	12977914	0	46	0.00	CHH
1	14747584	14748346	0	297	0.00	CG
1	14747584	14748346	2	502	0.40	CHG
1	14747584	14748346	1	1115	0.09	CHH
1	15208882	15210074	65	2	97.01	CG
1	15208882	15210074	15	10	60.00	CHG
1	15208882	15210074	57	232	19.72	CHH
1	15318812	15319293	163	3	98.19	CG
1	15318812	15319293	182	16	91.92	CHG
1	15318812	15319293	18	369	4.65	CHH
1	15355785	15357554	220	127	63.40	CG
1	15355785	15357554	107	255	29.56	CHG
1	15355785	15357554	187	889	17.38	CHH
1	16453284	16453501	9	0	100.00	CHH
1	16722902	16723067	9	34	20.93	CG
1	16722902	16723067	0	12	0.00	CHG
1	16722902	16723067	1	140	0.71	CHH
1	17385639	17385733	0	14	0.00	CHG
1	17385639	17385733	4	49	7.55	CHH
1	17522237	17522624	190	3	98.45	CG
1	17522237	17522624	181	15	92.35	CHG
1	17522237	17522624	77	440	14.89	CHH
1	17762690	17767322	136	815	14.30	CG
1	17762690	17767322	196	849	18.76	CHG
1	17762690	17767322	635	3813	14.28	CHH
1	17768299	17768525	0	25	0.00	CG
1	17768299	17768525	0	23	0.00	CHG
1	17768299	17768525	2	96	2.04	CHH
1	17915233	17918918	605	404	59.96	CG
1	17915233	17918918	236	498	32.15	CHG
1	17915233	17918918	371	2671	12.20	CHH
1	18479814	18481021	27	52	34.18	CG
1	18479814	18481021	6	80	6.98	CHG
1	18479814	18481021	20	408	4.67	CHH
1	18515221	18516018	5	1	83.33	CG
1	18515221	18516018	7	2	77.78	CHG
1	18515221	18516018	2	11	15.38	CHH
1	18605306	18605413	0	8	0.00	CHG
1	18605306	18605413	0	46	0.00	CHH
1	18679398	18679609	12	2	85.71	CG
1	18679398	18679609	12	4	75.00	CHG
1	18679398	18679609	20	37	35.09	CHH
1	18781271	18781897	1	81	1.22	CG
1	18781271	18781897	2	132	1.49	CHG
1	18781271	18781897	19	245	7.20	CHH
1	19418149	19418371	18	0	100.00	CG
1	19418149	19418371	19	10	65.52	CHG
1	19418149	19418371	9	84	9.68	CHH
1	19807993	19809436	60	13	82.19	CG
1	19807993	19809436	32	13	71.11	CHG
1	19807993	19809436	60	259	18.81	CHH
1	20220915	20221138	128	0	100.00	CG
1	20220915	20221138	45	23	66.18	CHG
1	20220915	20221138	26	181	12.56	CHH
1	20351135	20352592	185	73	71.71	CG
1	20351135	20352592	1	631	0.16	CHG
1	20351135	20352592	15	1844	0.81	CHH
1	20353735	20353818	4	0	100.00	CG
1	20353735	20353818	0	18	0.00	CHG
1	20353735	20353818	0	32	0.00	CHH
1	20699332	20703291	869	917	48.66	CG
1	20699332	20703291	416	920	31.14	CHG
1	20699332	20703291	262	3876	6.33	CHH
1	20759940	20760412	151	7	95.57	CG
1	20759940	20760412	116	17	87.22	CHG
1	20759940	20760412	60	319	15.83	CHH
1	22217602	22218470	27	126	17.65	CG
1	22217602	22218470	2	169	1.17	CHG
1	22217602	22218470	31	438	6.61	CHH
1	22349537	22349928	2	123	1.60	CG
1	22349537	22349928	0	85	0.00	CHG
1	22349537	22349928	2	209	0.95	CHH
1	22963853	22963900	0	4	0.00	CHG
1	22963853	22963900	0	8	0.00	CHH
1	23088705	23088935	0	20	0.00	CG
1	23088705	23088935	0	23	0.00	CHG
1	23088705	23088935	0	122	0.00	CHH
1	23190581	23192012	53	9	85.48	CG
1	23190581	23192012	4	241	1.63	CHG
1	23190581	23192012	7	1091	0.64	CHH
1	23334619	23337433	205	278	42.44	CG
1	23334619	23337433	31	872	3.43	CHG
1	23334619	23337433	27	2476	1.08	CHH
1	23865834	23867004	243	61	79.93	CG
1	23865834	23867004	93	212	30.49	CHG
1	23865834	23867004	52	659	7.31	CHH
1	24056015	24058047	13	423	2.98	CG
1	24056015	24058047	8	279	2.79	CHG
1	24056015	24058047	29	1093	2.58	CHH
1	24127473	24127717	17	1	94.44	CG
1	24127473	24127717	0	21	0.00	CHG
1	24127473	24127717	0	101	0.00	CHH
1	24218590	24218768	24	52	31.58	CG
1	24218590	24218768	10	38	20.83	CHG
1	24218590	24218768	10	303	3.19	CHH
1	24367289	24368699	28	558	4.78	CG
1	24367289	24368699	5	631	0.79	CHG
1	24367289	24368699	34	1628	2.05	CHH
1	24540618	24541036	7	1	87.50	CG
1	24540618	24541036	0	14	0.00	CHG
1	24540618	24541036	0	58	0.00	CHH
1	25075086	25078372	31	2759	1.11	CG
1	25075086	25078372	8	2074	0.38	CHG
1	25075086	25078372	31	4460	0.69	CHH
1	26189136	26189851	57	165	25.68	CG
1	26189136	26189851	5	565	0.88	CHG
1	26189136	26189851	3	1179	0.25	CHH
1	27455091	27455579	87	2	97.75	CG
1	27455091	27455579	108	8	93.10	CHG
1	27455091	27455579	35	318	9.92	CHH
1	27505658	27505866	0	7	0.00	CG
1	27505658	27505866	0	45	0.00	CHG
1	27505658	27505866	0	162	0.00	CHH
1	27576543	27577893	908	30	96.80	CG
1	27576543	27577893	691	56	92.50	CHG
1	27576543	27577893	507	4969	9.26	CHH
1	28118813	28118935	0	16	0.00	CG
1	28118813	28118935	0	41	0.00	CHG
1	28118813	28118935	0	141	0.00	CHH
1	29188109	29189334	8	1344	0.59	CG
1	29188109	29189334	10	732	1.35	CHG
1	29188109	29189334	56	2307	2.37	CHH
1	29223726	29224697	34	870	3.76	CG
1	29223726	29224697	3	480	0.62	CHG
1	29223726	29224697	72	1242	5.48	CHH
1	29881105	29881917	12	5	70.59	CG
1	29881105	29881917	2	8	20.00	CHG
1	29881105	29881917	1	69	1.43	CHH
1	29892038	29892362	0	1	0.00	CG
1	29892038	29892362	0	3	0.00	CHG
1	29892038	29892362	0	36	0.00	CHH
1	30396534	30396644	0	11	0.00	CG
1	30396534	30396644	0	10	0.00	CHG
1	30396534	30396644	0	27	0.00	CHH
1	30947617	30952229	575	147	79.64	CG
1	30947617	30952229	322	702	31.45	CHG
1	30947617	30952229	69	4399	1.54	CHH
1	30988314	30988439	4	0	100.00	CG
1	30988314	30988439	16	8	66.67	CHG
1	30988314	30988439	0	69	0.00	CHH
1	31131639	31132785	279	801	25.83	CG
1	31131639	31132785	22	1111	1.94	CHG
1	31131639	31132785	70	2478	2.75	CHH
1	32136432	32136605	20	15	57.14	CG
1	32136432	32136605	0	112	0.00	CHG
1	32136432	32136605	0	308	0.00	CHH
1	33466485	33466748	61	1	98.39	CG
1	33466485	33466748	33	0	100.00	CHG
1	33466485	33466748	6	104	5.45	CHH
1	34289798	34291348	211	283	42.71	CG
1	34289798	34291348	282	513	35.47	CHG
1	34289798	34291348	557	2524	18.08	CHH
1	34550341	34550600	0	63	0.00	CG
1	34550341	34550600	0	96	0.00	CHG
1	34550341	34550600	2	463	0.43	CHH
1	34749495	34752244	80	36	68.97	CG
1	34749495	34752244	90	91	49.72	CHG
1	34749495	34752244	126	530	19.21	CHH
1	34928206	34928387	4	1	80.00	CG
1	34928206	34928387	16	0	100.00	CHG
1	34928206	34928387	28	24	53.85	CHH
1	34990120	34992796	227	77	74.67	CG
1	34990120	34992796	117	107	52.23	CHG
1	34990120	34992796	177	663	21.07	CHH
1	35760612	35760952	35	26	57.38	CG
1	35760612	35760952	0	46	0.00	CHG
1	35760612	35760952	0	309	0.00	CHH
1	35959231	35959351	0	23	0.00	CG
1	35959231	35959351	0	31	0.00	CHG
1	35959231	35959351	0	195	0.00	CHH
1	36112505	36112684	32	10	76.19	CG
1	36112505	36112684	10	16	38.46	CHG
1	36112505	36112684	13	51	20.31	CHH
1	36163384	36164022	1	80	1.23	CG
1	36163384	36164022	6	63	8.70	CHG
1	36163384	36164022	22	284	7.19	CHH
1	36208524	36209666	32	1	96.97	CG
1	36208524	36209666	30	11	73.17	CHG
1	36208524	36209666	31	142	17.92	CHH
1	36479686	36479935	3	73	3.95	CG
1	36479686	36479935	0	23	0.00	CHG
1	36479686	36479935	0	149	0.00	CHH
1	36890844	36891048	2	4	33.33	CG
1	36890844	36891048	9	2	81.82	CHG
1	36890844	36891048	10	43	18.87	CHH
1	37118562	37118725	0	13	0.00	CG
1	37118562	37118725	0	42	0.00	CHG
1	37118562	37118725	0	182	0.00	CHH
1	37253827	37256063	29	0	100.00	CG
1	37253827	37256063	33	3	91.67	CHG
1	37253827	37256063	18	67	21.18	CHH
1	37757198	37758019	29	249	10.43	CG
1	37757198	37758019	17	102	14.29	CHG
1	37757198	37758019	91	471	16.19	CHH
1	39603253	39603550	18	0	100.00	CG
1	39603253	39603550	0	27	0.00	CHG
1	39603253	39603550	0	108	0.00	CHH
1	40609311	40609427	9	0	100.00	CG
1	40609311	40609427	0	44	0.00	CHG
1	40609311	40609427	1	146	0.68	CHH
1	40785754	40786192	49	16	75.38	CG
1	40785754	40786192	3	221	1.34	CHG
1	40785754	40786192	2	510	0.39	CHH
1	41209454	41212661	136	1175	10.37	CG
1	41209454	41212661	71	689	9.34	CHG
1	41209454	41212661	190	2100	8.30	CHH
2	38468	38578	3	0	100.00	CG
2	38468	38578	0	18	0.00	CHG
2	38468	38578	0	67	0.00	CHH
2	578331	578545	3	0	100.00	CG
2	578331	578545	0	92	0.00	CHG
2	578331	578545	0	241	0.00	CHH
2	1736612	1736996	49	4	92.45	CG
2	1736612	1736996	1	118	0.84	CHG
2	1736612	1736996	0	303	0.00	CHH
2	2004107	2004464	0	13	0.00	CG
2	2004107	2004464	0	108	0.00	CHG
2	2004107	2004464	1	298	0.33	CHH
2	2225031	2228646	474	28	94.42	CG
2	2225031	2228646	331	167	66.47	CHG
2	2225031	2228646	200	1815	9.93	CHH
2	2448881	2450073	35	5	87.50	CG
2	2448881	2450073	59	82	41.84	CHG
2	2448881	2450073	151	362	29.43	CHH
2	2455636	2457226	42	0	100.00	CG
2	2455636	2457226	27	15	64.29	CHG
2	2455636	2457226	1	70	1.41	CHH
2	2916264	2916496	8	0	100.00	CG
2	2916264	2916496	0	46	0.00	CHG
2	2916264	2916496	3	191	1.55	CHH
2	3153141	3153726	139	0	100.00	CG
2	3153141	3153726	189	28	87.10	CHG
2	3153141	3153726	105	822	11.33	CHH
2	3584767	3584907	46	0	100.00	CG
2	3584767	3584907	31	2	93.94	CHG
2	3584767	3584907	94	80	54.02	CHH
2	3668130	3671654	719	793	47.55	CG
2	3668130	3671654	366	682	34.92	CHG
2	3668130	3671654	253	2831	8.20	CHH
2	4394475	4394720	0	15	0.00	CG
2	4394475	4394720	0	37	0.00	CHG
2	4394475	4394720	0	83	0.00	CHH
2	4735326	4735671	0	65	0.00	CG
2	4735326	4735671	1	79	1.25	CHG
2	4735326	4735671	0	260	0.00	CHH
2	4930376	4930562	5	0	100.00	CG
2	4930376	4930562	0	3	0.00	CHG
2	4930376	4930562	0	36	0.00	CHH
2	6097195	6097472	3	92	3.16	CG
2	6097195	6097472	1	250	0.40	CHG
2	6097195	6097472	3	465	0.64	CHH
2	6194639	6194966	0	44	0.00	CG
2	6194639	6194966	0	46	0.00	CHG
2	6194639	6194966	0	153	0.00	CHH
2	6477169	6477370	38	1	97.44	CG
2	6477169	6477370	0	82	0.00	CHG
2	6477169	6477370	0	317	0.00	CHH
2	6479819	6479943	2	126	1.56	CHG
2	6479819	6479943	1	348	0.29	CHH
2	7634883	7634997	1	162	0.61	CG
2	7634883	7634997	0	58	0.00	CHG
2	7634883	7634997	0	178	0.00	CHH
2	9263789	9264764	45	0	100.00	CG
2	9263789	9264764	34	1	97.14	CHG
2	9263789	9264764	2	75	2.60	CHH
2	10881944	10882136	0	25	0.00	CG
2	10881944	10882136	0	44	0.00	CHG
2	10881944	10882136	0	198	0.00	CHH
2	11520851	11521291	2	0	100.00	CG
2	11520851	11521291	1	1	50.00	CHG
2	11520851	11521291	2	17	10.53	CHH
2	11599189	11600489	33	111	22.92	CG
2	11599189	11600489	7	97	6.73	CHG
2	11599189	11600489	28	445	5.92	CHH
2	11939679	11939936	3	0	100.00	CG
2	11939679	11939936	0	16	0.00	CHG
2	11939679	11939936	0	46	0.00	CHH
2	12352060	12352584	40	4	90.91	CG
2	12352060	12352584	63	6	91.30	CHG
2	12352060	12352584	5	225	2.17	CHH
2	12492889	12493008	4	548	0.72	CG
2	12492889	12493008	1	316	0.32	CHG
2	12492889	12493008	0	597	0.00	CHH
2	12583382	12585233	117	65	64.29	CG
2	12583382	12585233	23	550	4.01	CHG
2	12583382	12585233	13	1608	0.80	CHH
2	14258242	14258497	0	52	0.00	CG
2	14258242	14258497	0	2	0.00	CHG
2	14258242	14258497	3	131	2.24	CHH
2	14381584	14382260	102	5	95.33	CG
2	14381584	14382260	67	115	36.81	CHG
2	14381584	14382260	24	849	2.75	CHH
2	14883666	14884152	119	2	98.35	CG
2	14883666	14884152	101	8	92.66	CHG
2	14883666	14884152	100	484	17.12	CHH
2	15077160	15080035	349	37	90.41	CG
2	15077160	15080035	277	55	83.43	CHG
2	15077160	15080035	166	1091	13.21	CHH
2	15300768	15301020	32	0	100.00	CG
2	15300768	15301020	135	19	87.66	CHG
2	15300768	15301020	36	326	9.94	CHH
2	16462100	16462683	258	30	89.58	CG
2	16462100	16462683	156	163	48.90	CHG
2	16462100	16462683	74	1188	5.86	CHH
2	16469340	16469527	46	16	74.19	CG
2	16469340	16469527	32	14	69.57	CHG
2	16469340	16469527	8	127	5.93	CHH
2	16575455	16575576	18	20	47.37	CG
2	16575455	16575576	4	9	30.77	CHG
2	16575455	16575576	9	73	10.98	CHH
2	16909276	16909402	1	0	100.00	CG
2	16909276	16909402	1	0	100.00	CHG
2	16909276	16909402	2	3	40.00	CHH
2	17470250	17470459	24	0	100.00	CG
2	17470250	17470459	28	2	93.33	CHG
2	17470250	17470459	24	170	12.37	CHH
2	17693456	17694041	71	73	49.31	CG
2	17693456	17694041	15	134	10.07	CHG
2	17693456	17694041	62	515	10.75	CHH
2	17846367	17846587	3	224	1.32	CG
2	17846367	17846587	0	82	0.00	CHG
2	17846367	17846587	0	271	0.00	CHH
2	18156897	18157229	46	5	90.20	CG
2	18156897	18157229	29	4	87.88	CHG
2	18156897	18157229	7	98	6.67	CHH
2	19262811	19262974	31	0	100.00	CG
2	19262811	19262974	0	20	0.00	CHG
2	19262811	19262974	1	212	0.47	CHH
2	19369504	19369623	66	1	98.51	CG
2	19369504	19369623	38	3	92.68	CHG
2	19369504	19369623	7	61	10.29	CHH
2	19649757	19649896	0	419	0.00	CG
2	19649757	19649896	0	187	0.00	CHG
2	19649757	19649896	0	394	0.00	CHH
2	20077988	20078291	28	3	90.32	CG
2	20077988	20078291	17	6	73.91	CHG
2	20077988	20078291	26	38	40.62	CHH
2	22210158	22210334	0	86	0.00	CG
2	22210158	22210334	1	41	2.38	CHG
2	22210158	22210334	6	204	2.86	CHH
2	22275294	22275439	0	16	0.00	CG
2	22275294	22275439	0	44	0.00	CHG
2	22275294	22275439	0	216	0.00	CHH
2	22587752	22588156	53	1	98.15	CG
2	22587752	22588156	31	36	46.27	CHG
2	22587752	22588156	15	239	5.91	CHH
2	22836225	22836730	2	282	0.70	CG
2	22836225	22836730	0	318	0.00	CHG
2	22836225	22836730	1	1112	0.09	CHH
2	22982677	22982914	0	12	0.00	CG
2	22982677	22982914	0	79	0.00	CHG
2	22982677	22982914	2	289	0.69	CHH
2	23033077	23033411	24	70	25.53	CG
2	23033077	23033411	20	154	11.49	CHG
2	23033077	23033411	23	445	4.91	CHH
2	23394395	23395510	364	60	85.85	CG
2	23394395	23395510	37	422	8.06	CHG
2	23394395	23395510	6	947	0.63	CHH
2	23471507	23472492	15	0	100.00	CG
2	23471507	23472492	10	5	66.67	CHG
2	23471507	23472492	1	72	1.37	CHH
2	24044095	24044460	42	5	89.36	CG
2	24044095	24044460	18	2	90.00	CHG
2	24044095	24044460	2	61	3.17	CHH
2	24717341	24717558	0	45	0.00	CG
2	24717341	24717558	0	64	0.00	CHG
2	24717341	24717558	0	181	0.00	CHH
2	25574998	25576239	133	0	100.00	CG
2	25574998	25576239	80	46	63.49	CHG
2	25574998	25576239	38	727	4.97	CHH
2	25830725	25831459	0	235	0.00	CG
2	25830725	25831459	0	202	0.00	CHG
2	25830725	25831459	5	585	0.85	CHH
2	25835047	25835296	2	393	0.51	CG
2	25835047	25835296	0	245	0.00	CHG
2	25835047	25835296	6	636	0.93	CHH
2	26548831	26549237	33	0	100.00	CG
2	26548831	26549237	7	1	87.50	CHG
2	26548831	26549237	29	19	60.42	CHH
2	26659388	26659535	1	0	100.00	CG
2	26659388	26659535	0	12	0.00	CHH
2	26689413	26692203	51	3660	1.37	CG
2	26689413	26692203	36	2198	1.61	CHG
2	26689413	26692203	44	4523	0.96	CHH
2	28199306	28199617	48	3	94.12	CG
2	28199306	28199617	117	14	89.31	CHG
2	28199306	28199617	13	161	7.47	CHH
2	29852698	29852922	15	45	25.00	CG
2	29852698	29852922	1	82	1.20	CHG
2	29852698	29852922	11	194	5.37	CHH
2	30157272	30157610	22	10	68.75	CG
2	30157272	30157610	7	31	18.42	CHG
2	30157272	30157610	35	175	16.67	CHH
2	30823979	30824112	0	44	0.00	CG
2	30823979	30824112	0	46	0.00	CHG
2	30823979	30824112	1	184	0.54	CHH
2	30983625	30984901	0	637	0.00	CG
2	30983625	30984901	6	810	0.74	CHG
2	30983625	30984901	8	1792	0.44	CHH
2	31445301	31445449	0	14	0.00	CG
2	31445301	31445449	7	102	6.42	CHG
2	31445301	31445449	2	465	0.43	CHH
2	31855152	31855271	0	5	0.00	CHH
2	32524707	32526194	110	89	55.28	CG
2	32524707	32526194	24	255	8.60	CHG
2	32524707	32526194	19	839	2.21	CHH
2	33158169	33158313	0	9	0.00	CHH
2	33431516	33431954	4	0	100.00	CG
2	33431516	33431954	2	36	5.26	CHG
2	33431516	33431954	6	196	2.97	CHH
2	33711999	33712328	0	30	0.00	CHG
2	33711999	33712328	0	134	0.00	CHH
2	33834944	33835662	27	65	29.35	CG
2	33834944	33835662	0	178	0.00	CHG
2	33834944	33835662	5	1015	0.49	CHH
2	33936933	33937065	0	6	0.00	CHH
2	34687871	34690219	23	2810	0.81	CG
2	34687871	34690219	53	1905	2.71	CHG
2	34687871	34690219	44	3994	1.09	CHH
2	34772462	34772598	2	31	6.06	CHG
2	34772462	34772598	1	177	0.56	CHH
2	35300370	35300604	11	0	100.00	CG
2	35300370	35300604	0	76	0.00	CHG
2	35300370	35300604	2	286	0.69	CHH
2	35388799	35389069	0	36	0.00	CG
2	35388799	35389069	0	47	0.00	CHG
2	35388799	35389069	3	173	1.70	CHH
3	480369	480630	46	1	97.87	CG
3	480369	480630	0	52	0.00	CHG
3	480369	480630	3	173	1.70	CHH
3	615186	620505	295	873	25.26	CG
3	615186	620505	131	853	13.31	CHG
3	615186	620505	244	3231	7.02	CHH
3	1097994	1098400	284	8	97.26	CG
3	1097994	1098400	239	57	80.74	CHG
3	1097994	1098400	49	1048	4.47	CHH
3	2922253	2922366	0	6	0.00	CG
3	2922253	2922366	0	6	0.00	CHG
3	2922253	2922366	0	73	0.00	CHH
3	2924923	2926581	42	17	71.19	CG
3	2924923	2926581	2	270	0.74	CHG
3	2924923	2926581	5	858	0.58	CHH
3	3101473	3101729	58	133	30.37	CG
3	3101473	3101729	1	173	0.57	CHG
3	3101473	3101729	2	379	0.52	CHH
3	3782983	3787490	54	3226	1.65	CG
3	3782983	3787490	61	2156	2.75	CHG
3	3782983	3787490	30	4603	0.65	CHH
3	4471611	4471796	3	391	0.76	CG
3	4471611	4471796	1	244	0.41	CHG
3	4471611	4471796	3	631	0.47	CHH
3	4501942	4502163	20	39	33.90	CG
3	4501942	4502163	13	23	36.11	CHG
3	4501942	4502163	66	58	53.23	CHH
3	4735915	4736042	6	13	31.58	CG
3	4735915	4736042	0	17	0.00	CHG
3	4735915	4736042	4	92	4.17	CHH
3	5786527	5786697	6	0	100.00	CG
3	5786527	5786697	0	51	0.00	CHG
3	5786527	5786697	0	209	0.00	CHH
3	5790733	5792052	233	4	98.31	CG
3	5790733	5792052	112	41	73.20	CHG
3	5790733	5792052	102	461	18.12	CHH
3	5852144	5852325	108	0	100.00	CG
3	5852144	5852325	96	17	84.96	CHG
3	5852144	5852325	153	511	23.04	CHH
3	5861909	5862252	60	1	98.36	CG
3	5861909	5862252	2	170	1.16	CHG
3	5861909	5862252	3	307	0.97	CHH
3	5863529	5863616	0	25	0.00	CG
3	5863529	5863616	1	47	2.08	CHG
3	5863529	5863616	0	139	0.00	CHH
3	6119207	6119385	5	520	0.95	CG
3	6119207	6119385	1	424	0.24	CHG
3	6119207	6119385	0	534	0.00	CHH
3	6727333	6727471	1	50	1.96	CG
3	6727333	6727471	0	36	0.00	CHG
3	6727333	6727471	0	207	0.00	CHH
3	7815881	7816020	4	587	0.68	CG
3	7815881	7816020	2	285	0.70	CHG
3	7815881	7816020	0	232	0.00	CHH
3	8124800	8125238	0	276	0.00	CG
3	8124800	8125238	2	172	1.15	CHG
3	8124800	8125238	7	589	1.17	CHH
3	8292358	8296069	249	144	63.36	CG
3	8292358	8296069	173	493	25.98	CHG
3	8292358	8296069	298	3010	9.01	CHH
3	8918282	8919468	187	832	18.35	CG
3	8918282	8919468	53	415	11.32	CHG
3	8918282	8919468	153	1701	8.25	CHH
3	8932042	8933228	80	26	75.47	CG
3	8932042	8933228	43	49	46.74	CHG
3	8932042	8933228	19	549	3.35	CHH
3	9007060	9007495	20	1	95.24	CG
3	9007060	9007495	19	1	95.00	CHG
3	9007060	9007495	9	57	13.64	CHH
3	9615393	9615681	0	245	0.00	CG
3	9615393	9615681	4	162	2.41	CHG
3	9615393	9615681	4	947	0.42	CHH
3	9647322	9647514	3	19	13.64	CG
3	9647322	9647514	0	38	0.00	CHG
3	9647322	9647514	0	170	0.00	CHH
3	9661238	9663204	76	406	15.77	CG
3	9661238	9663204	26	376	6.47	CHG
3	9661238	9663204	638	1694	27.36	CHH
3	9703524	9703645	0	62	0.00	CG
3	9703524	9703645	0	44	0.00	CHG
3	9703524	9703645	0	389	0.00	CHH
3	9741411	9741728	29	5	85.29	CG
3	9741411	9741728	27	10	72.97	CHG
3	9741411	9741728	85	60	58.62	CHH
3	9772110	9773385	106	16	86.89	CG
3	9772110	9773385	34	31	52.31	CHG
3	9772110	9773385	196	298	39.68	CHH
3	9970758	9972750	48	1781	2.62	CG
3	9970758	9972750	33	1366	2.36	CHG
3	9970758	9972750	31	2491	1.23	CHH
3	11318102	11319164	10	61	14.08	CG
3	11318102	11319164	12	79	13.19	CHG
3	11318102	11319164	12	516	2.27	CHH
3	11624874	11625180	1	0	100.00	CG
3	11624874	11625180	0	45	0.00	CHG
3	11624874	11625180	2	133	1.48	CHH
3	12013674	12014450	75	4	94.94	CG
3	12013674	12014450	168	16	91.30	CHG
3	12013674	12014450	30	892	3.25	CHH
3	13326106	13326294	1	15	6.25	CG
3	13326106	13326294	0	33	0.00	CHG
3	13326106	13326294	0	101	0.00	CHH
3	14484188	14484405	15	0	100.00	CG
3	14484188	14484405	10	3	76.92	CHG
3	14484188	14484405	5	222	2.20	CHH
3	14495901	14496241	6	782	0.76	CG
3	14495901	14496241	2	332	0.60	CHG
3	14495901	14496241	7	758	0.92	CHH
3	14633392	14633990	5	2	71.43	CG
3	14633392	14633990	15	0	100.00	CHG
3	14633392	14633990	4	59	6.35	CHH
3	14886695	14886945	0	4	0.00	CG
3	14886695	14886945	2	5	28.57	CHG
3	14886695	14886945	16	44	26.67	CHH
3	15238637	15238822	29	1	96.67	CG
3	15238637	15238822	57	8	87.69	CHG
3	15238637	15238822	13	355	3.53	CHH
3	15348429	15348696	6	0	100.00	CG
3	15348429	15348696	9	1	90.00	CHG
3	15348429	15348696	7	42	14.29	CHH
3	15968990	15969281	8	488	1.61	CG
3	15968990	15969281	4	278	1.42	CHG
3	15968990	15969281	6	514	1.15	CHH
3	16691128	16691290	10	0	100.00	CG
3	16691128	16691290	2	4	33.33	CHG
3	16691128	16691290	7	31	18.42	CHH
3	18086982	18087169	0	49	0.00	CG
3	18086982	18087169	1	40	2.44	CHG
3	18086982	18087169	0	308	0.00	CHH
3	18671229	18673244	147	350	29.58	CG
3	18671229	18673244	89	411	17.80	CHG
3	18671229	18673244	115	1588	6.75	CHH
3	19066610	19066885	7	1	87.50	CG
3	19066610	19066885	1	0	100.00	CHG
3	19066610	19066885	0	1	0.00	CHH
3	19477758	19477853	42	2	95.45	CG
3	19477758	19477853	43	16	72.88	CHG
3	19477758	19477853	1	200	0.50	CHH
3	20211561	20212451	284	20	93.42	CG
3	20211561	20212451	188	54	77.69	CHG
3	20211561	20212451	33	939	3.40	CHH
3	20300032	20301332	216	25	89.63	CG
3	20300032	20301332	244	34	87.77	CHG
3	20300032	20301332	45	871	4.91	CHH
3	20506153	20506547	18	0	100.00	CG
3	20506153	20506547	13	1	92.86	CHG
3	20506153	20506547	1	93	1.06	CHH
3	20529596	20530676	432	1691	20.35	CG
3	20529596	20530676	40	1077	3.58	CHG
3	20529596	20530676	44	1822	2.36	CHH
3	20609274	20609784	24	1	96.00	CG
3	20609274	20609784	27	7	79.41	CHG
3	20609274	20609784	52	149	25.87	CHH
3	21045714	21046037	4	0	100.00	CG
3	21045714	21046037	5	0	100.00	CHG
3	21045714	21046037	0	16	0.00	CHH
3	21053301	21054404	20	22	47.62	CG
3	21053301	21054404	3	87	3.33	CHG
3	21053301	21054404	4	445	0.89	CHH
3	21477968	21478334	12	1	92.31	CG
3	21477968	21478334	1	5	16.67	CHG
3	21477968	21478334	6	46	11.54	CHH
3	21805912	21806253	55	3	94.83	CG
3	21805912	21806253	12	4	75.00	CHG
3	21805912	21806253	8	52	13.33	CHH
3	22443304	22443897	6	1067	0.56	CG
3	22443304	22443897	3	584	0.51	CHG
3	22443304	22443897	2	1298	0.15	CHH
3	22930322	22932315	35	758	4.41	CG
3	22930322	22932315	10	663	1.49	CHG
3	22930322	22932315	97	1892	4.88	CHH
3	22977964	22978503	14	4	77.78	CG
3	22977964	22978503	15	30	33.33	CHG
3	22977964	22978503	23	172	11.79	CHH
3	23158824	23162446	156	1573	9.02	CG
3	23158824	23162446	63	990	5.98	CHG
3	23158824	23162446	135	2517	5.09	CHH
3	23440227	23440314	0	6	0.00	CHG
3	23440227	23440314	0	51	0.00	CHH
3	23502337	23503127	8	2	80.00	CG
3	23502337	23503127	1	12	7.69	CHG
3	23502337	23503127	69	134	33.99	CHH
3	24402381	24402506	5	413	1.20	CG
3	24402381	24402506	1	129	0.77	CHG
3	24402381	24402506	1	262	0.38	CHH
3	24697252	24697403	0	3	0.00	CG
3	24697252	24697403	0	10	0.00	CHG
3	24697252	24697403	0	48	0.00	CHH
3	25124576	25125712	14	43	24.56	CG
3	25124576	25125712	20	51	28.17	CHG
3	25124576	25125712	84	279	23.14	CHH
3	25238096	25238349	26	2	92.86	CG
3	25238096	25238349	0	59	0.00	CHG
3	25238096	25238349	0	271	0.00	CHH
3	26463242	26463534	13	47	21.67	CG
3	26463242	26463534	2	54	3.57	CHG
3	26463242	26463534	0	112	0.00	CHH
3	28036385	28036532	2	41	4.65	CG
3	28036385	28036532	0	55	0.00	CHG
3	28036385	28036532	0	130	0.00	CHH
3	28421210	28421588	0	76	0.00	CG
3	28421210	28421588	0	104	0.00	CHG
3	28421210	28421588	2	491	0.41	CHH
3	28828352	28828674	5	2	71.43	CG
3	28828352	28828674	0	3	0.00	CHG
3	28828352	28828674	39	28	58.21	CHH
3	28883667	28884002	4	6	40.00	CG
3	28883667	28884002	1	13	7.14	CHG
3	28883667	28884002	0	125	0.00	CHH
3	28999678	28999814	3	0	100.00	CG
3	28999678	28999814	3	0	100.00	CHG
3	28999678	28999814	11	16	40.74	CHH
3	29036320	29036527	18	0	100.00	CG
3	29036320	29036527	0	1	0.00	CHG
3	29036320	29036527	0	17	0.00	CHH
3	29048284	29048488	232	2	99.15	CG
3	29048284	29048488	182	59	75.52	CHG
3	29048284	29048488	18	175	9.33	CHH
3	29804060	29804313	0	51	0.00	CG
3	29804060	29804313	0	88	0.00	CHG
3	29804060	29804313	0	334	0.00	CHH
3	31550060	31550292	79	84	48.47	CG
3	31550060	31550292	14	43	24.56	CHG
3	31550060	31550292	9	324	2.70	CHH
3	32992420	32993458	11	34	24.44	CG
3	32992420	32993458	3	37	7.50	CHG
3	32992420	32993458	6	323	1.82	CHH
3	33907932	33908490	3	13	18.75	CG
3	33907932	33908490	0	128	0.00	CHG
3	33907932	33908490	2	422	0.47	CHH
3	34241449	34241654	0	30	0.00	CG
3	34241449	34241654	4	84	4.55	CHG
3	34241449	34241654	2	211	0.94	CHH
3	34254363	34255907	78	254	23.49	CG
3	34254363	34255907	11	468	2.30	CHG
3	34254363	34255907	27	1086	2.43	CHH
3	34833000	34833309	6	1	85.71	CG
3	34833000	34833309	2	2	50.00	CHG
3	34833000	34833309	7	24	22.58	CHH
3	35110086	35110256	4	0	100.00	CG
3	35110086	35110256	0	6	0.00	CHG
3	35110086	35110256	0	76	0.00	CHH
3	35180241	35180554	69	1	98.57	CG
3	35180241	35180554	0	219	0.00	CHG
3	35180241	35180554	0	778	0.00	CHH
3	35917041	35917731	32	24	57.14	CG
3	35917041	35917731	24	47	33.80	CHG
3	35917041	35917731	18	267	6.32	CHH
3	36390761	36392058	18	1423	1.25	CG
3	36390761	36392058	9	1017	0.88	CHG
3	36390761	36392058	22	2417	0.90	CHH
4	2128481	2128855	22	2	91.67	CG
4	2128481	2128855	3	9	25.00	CHG
4	2128481	2128855	116	133	46.59	CHH
4	2540394	2540485	40	0	100.00	CG
4	2540394	2540485	28	15	65.12	CHG
4	2540394	2540485	0	159	0.00	CHH
4	3036997	3037085	80	1	98.77	CG
4	3036997	3037085	18	1	94.74	CHG
4	3036997	3037085	5	26	16.13	CHH
4	4049820	4050064	50	6	89.29	CG
4	4049820	4050064	30	17	63.83	CHG
4	4049820	4050064	2	202	0.98	CHH
4	4695559	4695777	12	0	100.00	CG
4	4695559	4695777	3	0	100.00	CHG
4	4695559	4695777	0	3	0.00	CHH
4	5205473	5206792	331	5	98.51	CG
4	5205473	5206792	241	25	90.60	CHG
4	5205473	5206792	290	1040	21.80	CHH
4	7250146	7253105	312	4079	7.11	CG
4	7250146	7253105	153	2036	6.99	CHG
4	7250146	7253105	142	4448	3.09	CHH
4	7946934	7947116	60	0	100.00	CG
4	7946934	7947116	28	38	42.42	CHG
4	7946934	7947116	21	213	8.97	CHH
4	7976120	7976768	0	5	0.00	CG
4	7976120	7976768	0	20	0.00	CHG
4	7976120	7976768	1	57	1.72	CHH
4	7998972	7999131	0	1	0.00	CHG
4	7998972	7999131	0	9	0.00	CHH
4	9504426	9506750	564	36	94.00	CG
4	9504426	9506750	391	136	74.19	CHG
4	9504426	9506750	186	2434	7.10	CHH
4	10597218	10597775	104	3	97.20	CG
4	10597218	10597775	118	30	79.73	CHG
4	10597218	10597775	10	247	3.89	CHH
4	11254426	11254603	0	2	0.00	CHG
4	11254426	11254603	0	10	0.00	CHH
4	11479976	11481063	51	46	52.58	CG
4	11479976	11481063	0	84	0.00	CHG
4	11479976	11481063	87	490	15.08	CHH
4	12511724	12511877	7	0	100.00	CG
4	12511724	12511877	28	9	75.68	CHG
4	12511724	12511877	0	74	0.00	CHH
4	12570254	12573173	462	22	95.45	CG
4	12570254	12573173	625	117	84.23	CHG
4	12570254	12573173	202	2266	8.18	CHH
4	14336636	14336825	7	0	100.00	CG
4	14336636	14336825	4	3	57.14	CHG
4	14336636	14336825	13	18	41.94	CHH
4	15422154	15422563	2	0	100.00	CG
4	15422154	15422563	22	33	40.00	CHH
4	15927777	15928107	0	37	0.00	CG
4	15927777	15928107	0	48	0.00	CHG
4	15927777	15928107	6	153	3.77	CHH
4	16377949	16378038	37	2	94.87	CG
4	16377949	16378038	28	5	84.85	CHG
4	16377949	16378038	1	92	1.08	CHH
4	16429861	16430118	12	0	100.00	CG
4	16429861	16430118	32	4	88.89	CHG
4	16429861	16430118	9	106	7.83	CHH
4	16739824	16740091	45	2	95.74	CG
4	16739824	16740091	16	4	80.00	CHG
4	16739824	16740091	6	98	5.77	CHH
4	16870850	16871033	22	0	100.00	CG
4	16870850	16871033	0	10	0.00	CHG
4	16870850	16871033	1	163	0.61	CHH
4	16929303	16929386	1	3	25.00	CG
4	16929303	16929386	0	3	0.00	CHG
4	16929303	16929386	0	37	0.00	CHH
4	18861290	18861421	4	2	66.67	CG
4	18861290	18861421	0	2	0.00	CHG
4	18861290	18861421	15	14	51.72	CHH
4	18879559	18879953	122	0	100.00	CG
4	18879559	18879953	62	40	60.78	CHG
4	18879559	18879953	16	191	7.73	CHH
4	19594453	19594613	0	13	0.00	CG
4	19594453	19594613	0	56	0.00	CHG
4	19594453	19594613	29	82	26.13	CHH
4	21836525	21836740	0	45	0.00	CG
4	21836525	21836740	0	79	0.00	CHG
4	21836525	21836740	0	221	0.00	CHH
4	22149701	22149888	5	229	2.14	CG
4	22149701	22149888	3	94	3.09	CHG
4	22149701	22149888	15	304	4.70	CHH
4	24463582	24463728	2	50	3.85	CG
4	24463582	24463728	0	31	0.00	CHG
4	24463582	24463728	0	214	0.00	CHH
4	24879051	24879296	1	13	7.14	CG
4	24879051	24879296	2	151	1.31	CHG
4	24879051	24879296	0	216	0.00	CHH
4	25700367	25700823	373	29	92.79	CG
4	25700367	25700823	134	98	57.76	CHG
4	25700367	25700823	33	860	3.70	CHH
4	26025305	26025523	5	0	100.00	CG
4	26025305	26025523	0	13	0.00	CHG
4	26025305	26025523	0	51	0.00	CHH
4	26125746	26125921	25	5	83.33	CG
4	26125746	26125921	18	5	78.26	CHG
4	26125746	26125921	22	215	9.28	CHH
4	28854448	28854672	0	168	0.00	CG
4	28854448	28854672	2	62	3.12	CHG
4	28854448	28854672	3	264	1.12	CHH
4	31600862	31601333	197	2	98.99	CG
4	31600862	31601333	184	67	73.31	CHG
4	31600862	31601333	13	753	1.70	CHH
4	32665225	32665685	2	532	0.37	CG
4	32665225	32665685	3	366	0.81	CHG
4	32665225	32665685	2	787	0.25	CHH
4	32845260	32845468	8	0	100.00	CG
4	32845260	32845468	2	24	7.69	CHG
4	32845260	32845468	2	112	1.75	CHH
4	32907649	32907913	0	2	0.00	CHH
4	32976630	32976775	0	13	0.00	CG
4	32976630	32976775	0	15	0.00	CHG
4	32976630	32976775	0	89	0.00	CHH
4	33538001	33538284	3	1	75.00	CG
4	33538001	33538284	4	2	66.67	CHG
4	33538001	33538284	0	17	0.00	CHH
5	22552	22704	65	3	95.59	CG
5	22552	22704	40	0	100.00	CHG
5	22552	22704	17	197	7.94	CHH
5	167915	169390	9	40	18.37	CG
5	167915	169390	1	35	2.78	CHG
5	167915	169390	37	288	11.38	CHH
5	802197	802307	0	21	0.00	CG
5	802197	802307	0	41	0.00	CHG
5	802197	802307	0	167	0.00	CHH
5	1555477	1555743	24	0	100.00	CG
5	1555477	1555743	1	69	1.43	CHG
5	1555477	1555743	4	215	1.83	CHH
5	1649481	1650024	524	20	96.32	CG
5	1649481	1650024	231	151	60.47	CHG
5	1649481	1650024	33	965	3.31	CHH
5	2535968	2537410	124	1464	7.81	CG
5	2535968	2537410	32	1005	3.09	CHG
5	2535968	2537410	37	2838	1.29	CHH
5	3201536	3202094	4	33	10.81	CG
5	3201536	3202094	0	31	0.00	CHG
5	3201536	3202094	41	188	17.90	CHH
5	3642042	3642277	65	1	98.48	CG
5	3642042	3642277	6	17	26.09	CHG
5	3642042	3642277	7	97	6.73	CHH
5	4042346	4043559	6	0	100.00	CG
5	4042346	4043559	0	2	0.00	CHG
5	4042346	4043559	0	5	0.00	CHH
5	6697788	6698020	48	0	100.00	CG
5	6697788	6698020	1	41	2.38	CHG
5	6697788	6698020	12	486	2.41	CHH
5	8888812	8888977	17	0	100.00	CG
5	8888812	8888977	82	12	87.23	CHG
5	8888812	8888977	94	144	39.50	CHH
5	9364313	9364413	121	7	94.53	CG
5	9364313	9364413	86	20	81.13	CHG
5	9364313	9364413	2	118	1.67	CHH
5	12549332	12549415	2	0	100.00	CG
5	12549332	12549415	0	5	0.00	CHH
5	12809268	12809477	189	1	99.47	CG
5	12809268	12809477	68	17	80.00	CHG
5	12809268	12809477	56	54	50.91	CHH
5	13857407	13857542	91	1	98.91	CG
5	13857407	13857542	20	6	76.92	CHG
5	13857407	13857542	4	121	3.20	CHH
5	14246535	14246708	0	16	0.00	CG
5	14246535	14246708	0	5	0.00	CHG
5	14246535	14246708	0	200	0.00	CHH
5	15249273	15249609	124	2	98.41	CG
5	15249273	15249609	96	7	93.20	CHG
5	15249273	15249609	14	445	3.05	CHH
5	15263881	15264136	110	5	95.65	CG
5	15263881	15264136	76	23	76.77	CHG
5	15263881	15264136	2	72	2.70	CHH
5	16141049	16142222	107	1	99.07	CG
5	16141049	16142222	104	5	95.41	CHG
5	16141049	16142222	126	425	22.87	CHH
5	16604726	16607053	391	10	97.51	CG
5	16604726	16607053	198	52	79.20	CHG
5	16604726	16607053	337	1651	16.95	CHH
5	16695358	16697204	47	351	11.81	CG
5	16695358	16697204	62	256	19.50	CHG
5	16695358	16697204	30	877	3.31	CHH
5	17145149	17145240	2	0	100.00	CHH
5	17275880	17277194	130	188	40.88	CG
5	17275880	17277194	4	334	1.18	CHG
5	17275880	17277194	8	889	0.89	CHH
5	18555974	18556911	394	27	93.59	CG
5	18555974	18556911	221	116	65.58	CHG
5	18555974	18556911	592	1036	36.36	CHH
5	18614365	18615227	338	9	97.41	CG
5	18614365	18615227	132	27	83.02	CHG
5	18614365	18615227	113	485	18.90	CHH
5	19082868	19087589	305	1035	22.76	CG
5	19082868	19087589	14	1481	0.94	CHG
5	19082868	19087589	65	4858	1.32	CHH
5	19475239	19475452	0	17	0.00	CG
5	19475239	19475452	0	39	0.00	CHG
5	19475239	19475452	0	47	0.00	CHH
5	19550564	19550779	4	14	22.22	CHH
5	19686229	19688559	42	849	4.71	CG
5	19686229	19688559	18	584	2.99	CHG
5	19686229	19688559	96	6298	1.50	CHH
5	20197683	20197907	9	394	2.23	CG
5	20197683	20197907	3	236	1.26	CHG
5	20197683	20197907	3	360	0.83	CHH
5	20639725	20640817	62	1	98.41	CG
5	20639725	20640817	18	159	10.17	CHG
5	20639725	20640817	2	686	0.29	CHH
5	21196473	21196736	6	2	75.00	CG
5	21196473	21196736	13	0	100.00	CHG
5	21196473	21196736	14	86	14.00	CHH
5	21222554	21222810	5	9	35.71	CHG
5	21222554	21222810	10	104	8.77	CHH
5	21231311	21231463	0	110	0.00	CG
5	21231311	21231463	0	101	0.00	CHG
5	21231311	21231463	1	200	0.50	CHH
5	21771662	21772418	34	14	70.83	CG
5	21771662	21772418	36	21	63.16	CHG
5	21771662	21772418	43	144	22.99	CHH
5	22632027	22632224	1	279	0.36	CG
5	22632027	22632224	0	227	0.00	CHG
5	22632027	22632224	0	394	0.00	CHH
5	23498602	23498699	19	0	100.00	CG
5	23498602	23498699	3	0	100.00	CHG
5	23498602	23498699	100	52	65.79	CHH
5	23589096	23589233	0	7	0.00	CHG
5	23589096	23589233	0	56	0.00	CHH
5	23597717	23597952	0	2	0.00	CG
5	23597717	23597952	0	12	0.00	CHG
5	23597717	23597952	0	28	0.00	CHH
5	23799970	23800819	1	535	0.19	CG
5	23799970	23800819	3	381	0.78	CHG
5	23799970	23800819	4	869	0.46	CHH
5	24767463	24767619	14	556	2.46	CG
5	24767463	24767619	1	168	0.59	CHG
5	24767463	24767619	11	783	1.39	CHH
5	24958493	24960927	70	114	38.04	CG
5	24958493	24960927	6	257	2.28	CHG
5	24958493	24960927	6	997	0.60	CHH
5	25117789	25118255	5	1078	0.46	CG
5	25117789	25118255	6	407	1.45	CHG
5	25117789	25118255	8	806	0.98	CHH
5	25683760	25686062	64	2348	2.65	CG
5	25683760	25686062	49	1804	2.64	CHG
5	25683760	25686062	147	2675	5.21	CHH
5	25916431	25917101	123	251	32.89	CG
5	25916431	25917101	98	158	38.28	CHG
5	25916431	25917101	364	1728	17.40	CHH
5	26920490	26922938	1	410	0.24	CG
5	26920490	26922938	4	625	0.64	CHG
5	26920490	26922938	6	1830	0.33	CHH
5	27294148	27294484	11	185	5.61	CG
5	27294148	27294484	0	140	0.00	CHG
5	27294148	27294484	18	508	3.42	CHH
5	27692643	27692794	0	69	0.00	CG
5	27692643	27692794	3	87	3.33	CHG
5	27692643	27692794	9	168	5.08	CHH
5	28353397	28355104	90	15	85.71	CG
5	28353397	28355104	7	164	4.09	CHG
5	28353397	28355104	15	840	1.75	CHH
5	28438764	28438936	8	0	100.00	CG
5	28438764	28438936	8	0	100.00	CHG
5	28438764	28438936	8	8	50.00	CHH
5	29368004	29368261	5	0	100.00	CG
5	29368004	29368261	21	0	100.00	CHG
5	29368004	29368261	5	76	6.17	CHH
5	29485227	29485510	77	41	65.25	CG
5	29485227	29485510	14	74	15.91	CHG
5	29485227	29485510	4	323	1.22	CHH
6	247291	247913	4	237	1.66	CG
6	247291	247913	1	159	0.62	CHG
6	247291	247913	5	442	1.12	CHH
6	368015	368245	0	28	0.00	CG
6	368015	368245	0	25	0.00	CHG
6	368015	368245	0	99	0.00	CHH
6	521167	522087	3	60	4.76	CG
6	521167	522087	0	59	0.00	CHG
6	521167	522087	16	290	5.23	CHH
6	813527	813697	29	0	100.00	CG
6	813527	813697	5	50	9.09	CHG
6	813527	813697	2	254	0.78	CHH
6	958185	960061	76	237	24.28	CG
6	958185	960061	18	161	10.06	CHG
6	958185	960061	19	473	3.86	CHH
6	1267865	1268035	86	13	86.87	CG
6	1267865	1268035	66	50	56.90	CHG
6	1267865	1268035	1	79	1.25	CHH
6	2300838	2300945	0	16	0.00	CG
6	2300838	2300945	0	27	0.00	CHG
6	2300838	2300945	0	78	0.00	CHH
6	3639180	3639309	0	36	0.00	CG
6	3639180	3639309	1	43	2.27	CHG
6	3639180	3639309	0	137	0.00	CHH
6	3944739	3945664	25	21	54.35	CG
6	3944739	3945664	41	36	53.25	CHG
6	3944739	3945664	142	369	27.79	CHH
6	4300749	4300941	179	5	97.28	CG
6	4300749	4300941	80	46	63.49	CHG
6	4300749	4300941	19	713	2.60	CHH
6	4553472	4553595	4	0	100.00	CG
6	4553472	4553595	2	0	100.00	CHG
6	4553472	4553595	0	4	0.00	CHH
6	4806070	4806315	0	103	0.00	CG
6	4806070	4806315	0	39	0.00	CHG
6	4806070	4806315	0	120	0.00	CHH
6	5243918	5246329	168	433	27.95	CG
6	5243918	5246329	7	1081	0.64	CHG
6	5243918	5246329	9	2874	0.31	CHH
6	5335954	5337126	48	200	19.35	CG
6	5335954	5337126	26	122	17.57	CHG
6	5335954	5337126	174	599	22.51	CHH
6	6556692	6557000	7	382	1.80	CG
6	6556692	6557000	1	206	0.48	CHG
6	6556692	6557000	8	355	2.20	CHH
6	7262284	7262394	0	3	0.00	CHG
6	7262284	7262394	0	9	0.00	CHH
6	7296360	7297580	5	1	83.33	CG
6	7296360	7297580	2	1	66.67	CHG
6	7296360	7297580	0	4	0.00	CHH
6	7450229	7452500	183	31	85.51	CG
6	7450229	7452500	163	50	76.53	CHG
6	7450229	7452500	81	703	10.33	CHH
6	8010667	8010997	89	2	97.80	CG
6	8010667	8010997	96	33	74.42	CHG
6	8010667	8010997	12	270	4.26	CHH
6	8383109	8385458	495	2518	16.43	CG
6	8383109	8385458	274	1181	18.83	CHG
6	8383109	8385458	156	4227	3.56	CHH
6	8415805	8416695	330	5	98.51	CG
6	8415805	8416695	236	52	81.94	CHG
6	8415805	8416695	49	1346	3.51	CHH
6	8434419	8434622	2	0	100.00	CG
6	8434419	8434622	2	0	100.00	CHG
6	8434419	8434622	4	5	44.44	CHH
6	9748876	9749062	51	9	85.00	CG
6	9748876	9749062	0	3	0.00	CHG
6	9748876	9749062	1	68	1.45	CHH
6	10075237	10075575	173	2	98.86	CG
6	10075237	10075575	224	27	89.24	CHG
6	10075237	10075575	86	546	13.61	CHH
6	10093461	10093858	55	2	96.49	CG
6	10093461	10093858	23	29	44.23	CHG
6	10093461	10093858	9	222	3.90	CHH
6	10113029	10113177	12	0	100.00	CG
6	10113029	10113177	6	0	100.00	CHG
6	10113029	10113177	70	36	66.04	CHH
6	10217891	10218933	14	0	100.00	CG
6	10217891	10218933	18	2	90.00	CHG
6	10217891	10218933	5	52	8.77	CHH
6	11173234	11173456	0	3	0.00	CG
6	11173234	11173456	3	18	14.29	CHH
6	11608473	11613132	552	126	81.42	CG
6	11608473	11613132	224	350	39.02	CHG
6	11608473	11613132	170	1605	9.58	CHH
6	11851633	11851862	3	0	100.00	CG
6	11851633	11851862	3	0	100.00	CHG
6	11851633	11851862	0	3	0.00	CHH
6	14122214	14122520	25	5	83.33	CG
6	14122214	14122520	69	6	92.00	CHG
6	14122214	14122520	26	182	12.50	CHH
6	14227883	14228030	17	0	100.00	CG
6	14227883	14228030	11	0	100.00	CHG
6	14227883	14228030	9	67	11.84	CHH
6	14470606	14472078	121	0	100.00	CG
6	14470606	14472078	187	11	94.44	CHG
6	14470606	14472078	174	291	37.42	CHH
6	14807254	14809068	471	174	73.02	CG
6	14807254	14809068	383	283	57.51	CHG
6	14807254	14809068	313	2415	11.47	CHH
6	14821713	14821802	8	0	100.00	CG
6	14821713	14821802	14	1	93.33	CHG
6	14821713	14821802	3	36	7.69	CHH
6	14830897	14831902	90	0	100.00	CG
6	14830897	14831902	158	20	88.76	CHG
6	14830897	14831902	37	659	5.32	CHH
6	14905971	14906794	31	0	100.00	CG
6	14905971	14906794	54	5	91.53	CHG
6	14905971	14906794	9	138	6.12	CHH
6	15103747	15105627	176	3	98.32	CG
6	15103747	15105627	176	20	89.80	CHG
6	15103747	15105627	259	875	22.84	CHH
6	15441362	15441506	3	1	75.00	CG
6	15441362	15441506	0	1	0.00	CHG
6	15441362	15441506	1	6	14.29	CHH
6	15563454	15563591	1	2	33.33	CHH
6	16686020	16686529	44	4	91.67	CG
6	16686020	16686529	29	0	100.00	CHG
6	16686020	16686529	10	118	7.81	CHH
6	17158669	17158861	7	0	100.00	CG
6	17158669	17158861	0	7	0.00	CHG
6	17158669	17158861	2	47	4.08	CHH
6	17199198	17199462	10	0	100.00	CG
6	17199198	17199462	4	0	100.00	CHG
6	17199198	17199462	23	57	28.75	CHH
6	17345586	17347256	580	8	98.64	CG
6	17345586	17347256	378	94	80.08	CHG
6	17345586	17347256	97	1383	6.55	CHH
6	17660877	17661057	56	0	100.00	CG
6	17660877	17661057	81	7	92.05	CHG
6	17660877	17661057	50	232	17.73	CHH
6	18643334	18643833	0	84	0.00	CG
6	18643334	18643833	0	70	0.00	CHG
6	18643334	18643833	0	40	0.00	CHH
6	18777954	18779043	51	2	96.23	CG
6	18777954	18779043	39	9	81.25	CHG
6	18777954	18779043	45	243	15.62	CHH
6	18810122	18813496	887	77	92.01	CG
6	18810122	18813496	489	396	55.25	CHG
6	18810122	18813496	216	3189	6.34	CHH
6	19312818	19314797	585	674	46.47	CG
6	19312818	19314797	328	593	35.61	CHG
6	19312818	19314797	112	3435	3.16	CHH
6	20357482	20357681	27	0	100.00	CG
6	20357482	20357681	13	4	76.47	CHG
6	20357482	20357681	0	85	0.00	CHH
6	20439044	20439654	0	82	0.00	CG
6	20439044	20439654	1	125	0.79	CHG
6	20439044	20439654	3	336	0.88	CHH
6	21127919	21128043	3	0	100.00	CG
6	21127919	21128043	1	11	8.33	CHH
6	21587628	21587841	29	2	93.55	CG
6	21587628	21587841	8	0	100.00	CHG
6	21587628	21587841	74	46	61.67	CHH
6	22156671	22156886	2	184	1.08	CG
6	22156671	22156886	4	111	3.48	CHG
6	22156671	22156886	5	617	0.80	CHH
6	22194216	22196915	554	113	83.06	CG
6	22194216	22196915	266	466	36.34	CHG
6	22194216	22196915	41	2822	1.43	CHH
6	22609287	22612484	381	313	54.90	CG
6	22609287	22612484	173	295	36.97	CHG
6	22609287	22612484	629	1398	31.03	CHH
6	22611980	22612934	67	311	17.72	CG
6	22611980	22612934	46	214	17.69	CHG
6	22611980	22612934	277	819	25.27	CHH
6	23257492	23257741	5	0	100.00	CG
6	23257492	23257741	4	0	100.00	CHG
6	23257492	23257741	0	9	0.00	CHH
6	23764410	23764702	3	0	100.00	CG
6	23764410	23764702	50	167	23.04	CHH
6	23867262	23869017	28	2638	1.05	CG
6	23867262	23869017	36	1130	3.09	CHG
6	23867262	23869017	119	2237	5.05	CHH
6	24469529	24469704	6	0	100.00	CHG
6	24469529	24469704	0	35	0.00	CHH
6	26027042	26027922	24	69	25.81	CG
6	26027042	26027922	4	73	5.19	CHG
6	26027042	26027922	6	364	1.62	CHH
6	27428621	27432072	113	776	12.71	CG
6	27428621	27432072	17	1001	1.67	CHG
6	27428621	27432072	45	2803	1.58	CHH
6	27581080	27581338	41	0	100.00	CG
6	27581080	27581338	18	0	100.00	CHG
6	27581080	27581338	49	63	43.75	CHH
6	27924772	27924989	9	0	100.00	CG
6	27924772	27924989	0	30	0.00	CHG
6	27924772	27924989	0	80	0.00	CHH
6	28789509	28791244	26	70	27.08	CG
6	28789509	28791244	7	233	2.92	CHG
6	28789509	28791244	13	820	1.56	CHH
6	28955148	28955268	0	4	0.00	CHG
6	28955148	28955268	0	9	0.00	CHH
6	29172271	29175087	144	167	46.30	CG
6	29172271	29175087	11	874	1.24	CHG
6	29172271	29175087	10	3291	0.30	CHH
6	30516258	30516520	15	37	28.85	CG
6	30516258	30516520	2	20	9.09	CHG
6	30516258	30516520	25	208	10.73	CHH
6	31188015	31188697	12	0	100.00	CG
6	31188015	31188697	1	83	1.19	CHG
6	31188015	31188697	0	446	0.00	CHH
6	31222643	31224540	192	10	95.05	CG
6	31222643	31224540	10	338	2.87	CHG
6	31222643	31224540	15	1438	1.03	CHH
7	411438	411715	89	2	97.80	CG
7	411438	411715	30	92	24.59	CHG
7	411438	411715	9	391	2.25	CHH
7	993029	993215	0	8	0.00	CG
7	993029	993215	0	14	0.00	CHG
7	993029	993215	0	55	0.00	CHH
7	1846760	1848970	198	68	74.44	CG
7	1846760	1848970	5	560	0.88	CHG
7	1846760	1848970	10	2131	0.47	CHH
7	2224488	2225213	5	484	1.02	CG
7	2224488	2225213	0	322	0.00	CHG
7	2224488	2225213	7	1214	0.57	CHH
7	2447769	2451203	278	1957	12.44	CG
7	2447769	2451203	81	1658	4.66	CHG
7	2447769	2451203	181	4703	3.71	CHH
7	2483423	2483554	15	4	78.95	CG
7	2483423	2483554	6	0	100.00	CHG
7	2483423	2483554	26	11	70.27	CHH
7	2618288	2618484	17	0	100.00	CG
7	2618288	2618484	0	10	0.00	CHG
7	2618288	2618484	8	178	4.30	CHH
7	2946799	2949545	231	1920	10.74	CG
7	2946799	2949545	5	1750	0.28	CHG
7	2946799	2949545	40	4272	0.93	CHH
7	3992526	3992733	14	0	100.00	CG
7	3992526	3992733	0	85	0.00	CHG
7	3992526	3992733	0	256	0.00	CHH
7	4299561	4299774	36	9	80.00	CG
7	4299561	4299774	9	30	23.08	CHG
7	4299561	4299774	2	95	2.06	CHH
7	4594741	4595750	49	555	8.11	CG
7	4594741	4595750	1	658	0.15	CHG
7	4594741	4595750	32	2117	1.49	CHH
7	4802020	4804153	3	103	2.83	CG
7	4802020	4804153	1	59	1.67	CHG
7	4802020	4804153	8	577	1.37	CHH
7	5473306	5473520	4	0	100.00	CG
7	5473306	5473520	3	0	100.00	CHG
7	5473306	5473520	4	41	8.89	CHH
7	6327476	6328339	66	4	94.29	CG
7	6327476	6328339	31	6	83.78	CHG
7	6327476	6328339	18	100	15.25	CHH
7	6575263	6575711	0	10	0.00	CG
7	6575263	6575711	0	3	0.00	CHG
7	6575263	6575711	2	239	0.83	CHH
7	6605103	6605624	411	22	94.92	CG
7	6605103	6605624	91	129	41.36	CHG
7	6605103	6605624	15	504	2.89	CHH
7	6829453	6829599	4	12	25.00	CHG
7	6829453	6829599	0	86	0.00	CHH
7	6919655	6920441	279	28	90.88	CG
7	6919655	6920441	203	111	64.65	CHG
7	6919655	6920441	31	748	3.98	CHH
7	7348687	7348951	6	0	100.00	CG
7	7348687	7348951	0	27	0.00	CHG
7	7348687	7348951	0	191	0.00	CHH
7	7538627	7540224	54	5	91.53	CG
7	7538627	7540224	26	11	70.27	CHG
7	7538627	7540224	19	269	6.60	CHH
7	7676619	7677136	16	2	88.89	CG
7	7676619	7677136	13	3	81.25	CHG
7	7676619	7677136	1	61	1.61	CHH
7	7868604	7868899	203	4	98.07	CG
7	7868604	7868899	165	25	86.84	CHG
7	7868604	7868899	47	377	11.08	CHH
7	7896981	7897138	33	0	100.00	CHG
7	7896981	7897138	4	113	3.42	CHH
7	7950410	7951127	28	1155	2.37	CG
7	7950410	7951127	7	560	1.23	CHG
7	7950410	7951127	24	1267	1.86	CHH
7	8994834	8994985	42	2	95.45	CG
7	8994834	8994985	1	73	1.35	CHG
7	8994834	8994985	1	216	0.46	CHH
7	9688947	9691039	55	1041	5.02	CG
7	9688947	9691039	62	455	11.99	CHG
7	9688947	9691039	38	1212	3.04	CHH
7	10365529	10365796	32	1	96.97	CG
7	10365529	10365796	5	0	100.00	CHG
7	10365529	10365796	3	41	6.82	CHH
7	10449611	10449795	23	0	100.00	CG
7	10449611	10449795	20	2	90.91	CHG
7	10449611	10449795	25	60	29.41	CHH
7	10549868	10550083	21	0	100.00	CG
7	10549868	10550083	34	2	94.44	CHG
7	10549868	10550083	10	184	5.15	CHH
7	10635123	10635434	29	143	16.86	CG
7	10635123	10635434	42	37	53.16	CHG
7	10635123	10635434	98	345	22.12	CHH
7	10877526	10878054	312	5	98.42	CG
7	10877526	10878054	74	11	87.06	CHG
7	10877526	10878054	15	255	5.56	CHH
7	11466967	11467449	120	0	100.00	CG
7	11466967	11467449	93	4	95.88	CHG
7	11466967	11467449	68	173	28.22	CHH
7	11601703	11602144	32	0	100.00	CG
7	11601703	11602144	23	5	82.14	CHG
7	11601703	11602144	30	187	13.82	CHH
7	11983577	11984979	47	2	95.92	CG
7	11983577	11984979	53	10	84.13	CHG
7	11983577	11984979	22	382	5.45	CHH
7	12792717	12792888	2	0	100.00	CG
7	12792717	12792888	2	1	66.67	CHG
7	12792717	12792888	0	11	0.00	CHH
7	12807464	12807960	77	5	93.90	CG
7	12807464	12807960	139	53	72.40	CHG
7	12807464	12807960	24	850	2.75	CHH
7	13460211	13460326	77	0	100.00	CG
7	13460211	13460326	11	9	55.00	CHG
7	13460211	13460326	0	42	0.00	CHH
7	15065372	15067232	400	23	94.56	CG
7	15065372	15067232	519	95	84.53	CHG
7	15065372	15067232	79	2116	3.60	CHH
7	15194897	15195154	0	3	0.00	CG
7	15194897	15195154	0	13	0.00	CHG
7	15194897	15195154	0	140	0.00	CHH
7	15838174	15840597	119	225	34.59	CG
7	15838174	15840597	48	226	17.52	CHG
7	15838174	15840597	120	976	10.95	CHH
7	16417756	16417995	8	0	100.00	CG
7	16417756	16417995	9	0	100.00	CHG
7	16417756	16417995	16	54	22.86	CHH
7	17006268	17006989	156	11	93.41	CG
7	17006268	17006989	48	10	82.76	CHG
7	17006268	17006989	30	234	11.36	CHH
7	17339592	17339751	0	18	0.00	CG
7	17339592	17339751	1	80	1.23	CHG
7	17339592	17339751	1	257	0.39	CHH
7	17913342	17913726	72	0	100.00	CG
7	17913342	17913726	46	13	77.97	CHG
7	17913342	17913726	99	152	39.44	CHH
7	18987148	18987233	0	2	0.00	CG
7	18987148	18987233	0	2	0.00	CHG
7	18987148	18987233	0	25	0.00	CHH
7	19215021	19215291	118	1	99.16	CG
7	19215021	19215291	52	4	92.86	CHG
7	19215021	19215291	8	109	6.84	CHH
7	19560035	19560566	11	0	100.00	CG
7	19560035	19560566	6	0	100.00	CHG
7	19560035	19560566	6	9	40.00	CHH
7	19560091	19560385	1	0	100.00	CG
7	19560091	19560385	1	0	100.00	CHG
7	19560091	19560385	2	1	66.67	CHH
7	19831953	19832039	3	38	7.32	CHG
7	19831953	19832039	0	101	0.00	CHH
7	19834434	19835298	127	4	96.95	CG
7	19834434	19835298	63	33	65.62	CHG
7	19834434	19835298	82	275	22.97	CHH
7	21131054	21131268	0	2	0.00	CG
7	21131054	21131268	0	23	0.00	CHG
7	21131054	21131268	3	119	2.46	CHH
7	21474944	21475222	10	12	45.45	CG
7	21474944	21475222	3	5	37.50	CHG
7	21474944	21475222	28	90	23.73	CHH
7	21913503	21914249	0	97	0.00	CG
7	21913503	21914249	0	95	0.00	CHG
7	21913503	21914249	5	361	1.37	CHH
7	22120429	22120613	60	6	90.91	CG
7	22120429	22120613	1	126	0.79	CHG
7	22120429	22120613	2	346	0.57	CHH
7	22386510	22386982	8	743	1.07	CG
7	22386510	22386982	0	253	0.00	CHG
7	22386510	22386982	3	486	0.61	CHH
7	22569423	22569628	58	0	100.00	CG
7	22569423	22569628	3	99	2.94	CHG
7	22569423	22569628	5	381	1.30	CHH
7	23187122	23187806	8	169	4.52	CG
7	23187122	23187806	3	290	1.02	CHG
7	23187122	23187806	12	910	1.30	CHH
7	23391649	23391802	5	0	100.00	CG
7	23391649	23391802	0	13	0.00	CHG
7	23391649	23391802	0	40	0.00	CHH
7	24132747	24133053	8	2	80.00	CG
7	24132747	24133053	0	22	0.00	CHG
7	24132747	24133053	3	172	1.71	CHH
7	24196787	24197173	174	9	95.08	CG
7	24196787	24197173	170	11	93.92	CHG
7	24196787	24197173	23	997	2.25	CHH
7	24296352	24296548	3	0	100.00	CG
7	24296352	24296548	0	9	0.00	CHG
7	24296352	24296548	0	60	0.00	CHH
7	24747117	24747542	157	5	96.91	CG
7	24747117	24747542	79	15	84.04	CHG
7	24747117	24747542	7	136	4.90	CHH
7	25222041	25223348	9	770	1.16	CG
7	25222041	25223348	19	389	4.66	CHG
7	25222041	25223348	28	1185	2.31	CHH
7	25256522	25256725	0	76	0.00	CG
7	25256522	25256725	0	54	0.00	CHG
7	25256522	25256725	0	177	0.00	CHH
7	25908465	25908808	0	101	0.00	CG
7	25908465	25908808	0	139	0.00	CHG
7	25908465	25908808	3	343	0.87	CHH
7	25983000	25983349	28	16	63.64	CG
7	25983000	25983349	0	127	0.00	CHG
7	25983000	25983349	0	342	0.00	CHH
7	26184639	26186023	29	1	96.67	CG
7	26184639	26186023	23	4	85.19	CHG
7	26184639	26186023	3	51	5.56	CHH
7	26456564	26456769	0	21	0.00	CG
7	26456564	26456769	1	5	16.67	CHG
7	26456564	26456769	0	42	0.00	CHH
7	27118237	27118566	2	0	100.00	CG
7	27118237	27118566	12	2	85.71	CHG
7	27118237	27118566	24	107	18.32	CHH
7	28429839	28434200	264	89	74.79	CG
7	28429839	28434200	30	1060	2.75	CHG
7	28429839	28434200	71	3986	1.75	CHH
7	28561953	28562576	11	1828	0.60	CG
7	28561953	28562576	13	961	1.33	CHG
7	28561953	28562576	3	1211	0.25	CHH
7	29086695	29086979	68	5	93.15	CG
7	29086695	29086979	20	4	83.33	CHG
7	29086695	29086979	1	56	1.75	CHH
8	178569	180215	11	871	1.25	CG
8	178569	180215	10	607	1.62	CHG
8	178569	180215	31	1874	1.63	CHH
8	236935	237112	33	2	94.29	CG
8	236935	237112	49	6	89.09	CHG
8	236935	237112	12	136	8.11	CHH
8	451101	451275	0	214	0.00	CG
8	451101	451275	1	80	1.23	CHG
8	451101	451275	3	166	1.78	CHH
8	700792	701075	0	204	0.00	CG
8	700792	701075	0	154	0.00	CHG
8	700792	701075	3	285	1.04	CHH
8	1029191	1029915	44	128	25.58	CG
8	1029191	1029915	28	82	25.45	CHG
8	1029191	1029915	161	437	26.92	CHH
8	1151684	1151850	71	1	98.61	CG
8	1151684	1151850	79	9	89.77	CHG
8	1151684	1151850	19	456	4.00	CHH
8	1315995	1316283	51	0	100.00	CG
8	1315995	1316283	55	20	73.33	CHG
8	1315995	1316283	8	373	2.10	CHH
8	1392517	1392770	168	4	97.67	CG
8	1392517	1392770	23	37	38.33	CHG
8	1392517	1392770	8	344	2.27	CHH
8	1864926	1865852	114	8	93.44	CG
8	1864926	1865852	23	33	41.07	CHG
8	1864926	1865852	53	465	10.23	CHH
8	1952801	1953130	33	49	40.24	CG
8	1952801	1953130	5	36	12.20	CHG
8	1952801	1953130	2	290	0.68	CHH
8	2740500	2740929	36	0	100.00	CG
8	2740500	2740929	95	8	92.23	CHG
8	2740500	2740929	59	164	26.46	CHH
8	2874093	2874334	82	0	100.00	CG
8	2874093	2874334	59	14	80.82	CHG
8	2874093	2874334	43	303	12.43	CHH
8	3055231	3055410	0	261	0.00	CHG
8	3055231	3055410	2	884	0.23	CHH
8	3463082	3465280	43	317	11.94	CG
8	3463082	3465280	4	537	0.74	CHG
8	3463082	3465280	92	1964	4.47	CHH
8	4272689	4273002	9	0	100.00	CG
8	4272689	4273002	16	8	66.67	CHG
8	4272689	4273002	11	73	13.10	CHH
8	4312136	4312445	236	5	97.93	CG
8	4312136	4312445	130	77	62.80	CHG
8	4312136	4312445	62	787	7.30	CHH
8	4545475	4545770	1	73	1.35	CHG
8	4545475	4545770	0	187	0.00	CHH
8	4853217	4853848	15	1598	0.93	CG
8	4853217	4853848	11	744	1.46	CHG
8	4853217	4853848	18	1453	1.22	CHH
8	5467560	5467758	37	55	40.22	CG
8	5467560	5467758	0	67	0.00	CHG
8	5467560	5467758	0	378	0.00	CHH
8	6450044	6451003	437	16	96.47	CG
8	6450044	6451003	345	52	86.90	CHG
8	6450044	6451003	240	1158	17.17	CHH
8	6675950	6676096	12	0	100.00	CG
8	6675950	6676096	0	30	0.00	CHH
8	6874782	6875032	108	0	100.00	CG
8	6874782	6875032	19	8	70.37	CHG
8	6874782	6875032	3	251	1.18	CHH
8	7337780	7340351	297	212	58.35	CG
8	7337780	7340351	19	777	2.39	CHG
8	7337780	7340351	52	2452	2.08	CHH
8	7485595	7487184	216	1	99.54	CG
8	7485595	7487184	242	48	83.45	CHG
8	7485595	7487184	161	690	18.92	CHH
8	7660052	7660308	6	0	100.00	CG
8	7660052	7660308	4	5	44.44	CHG
8	7660052	7660308	5	100	4.76	CHH
8	8117875	8118747	13	0	100.00	CG
8	8117875	8118747	0	38	0.00	CHG
8	8117875	8118747	0	193	0.00	CHH
8	8283116	8289954	1494	256	85.37	CG
8	8283116	8289954	1089	1249	46.58	CHG
8	8283116	8289954	360	7342	4.67	CHH
8	8625179	8626724	101	0	100.00	CG
8	8625179	8626724	89	12	88.12	CHG
8	8625179	8626724	38	106	26.39	CHH
8	10263592	10264820	81	1	98.78	CG
8	10263592	10264820	1	300	0.33	CHG
8	10263592	10264820	18	888	1.99	CHH
8	10859005	10859704	11	0	100.00	CG
8	10859005	10859704	13	0	100.00	CHG
8	10859005	10859704	15	108	12.20	CHH
8	10992041	10993699	91	1	98.91	CG
8	10992041	10993699	60	22	73.17	CHG
8	10992041	10993699	36	356	9.18	CHH
8	11166235	11167095	6	0	100.00	CHG
8	11166235	11167095	0	29	0.00	CHH
8	12256460	12256704	0	51	0.00	CG
8	12256460	12256704	0	73	0.00	CHG
8	12256460	12256704	2	202	0.98	CHH
8	12629860	12629996	4	0	100.00	CG
8	12629860	12629996	49	2	96.08	CHG
8	12629860	12629996	74	184	28.68	CHH
8	13407105	13408116	155	41	79.08	CG
8	13407105	13408116	45	48	48.39	CHG
8	13407105	13408116	8	172	4.44	CHH
8	13545344	13545711	50	0	100.00	CG
8	13545344	13545711	12	14	46.15	CHG
8	13545344	13545711	18	166	9.78	CHH
8	13637622	13639004	233	13	94.72	CG
8	13637622	13639004	175	60	74.47	CHG
8	13637622	13639004	21	445	4.51	CHH
8	13952461	13953924	498	91	84.55	CG
8	13952461	13953924	299	139	68.26	CHG
8	13952461	13953924	105	1190	8.11	CHH
8	14213510	14213752	24	48	33.33	CG
8	14213510	14213752	0	55	0.00	CHG
8	14213510	14213752	6	207	2.82	CHH
8	14298148	14298652	28	2	93.33	CG
8	14298148	14298652	36	10	78.26	CHG
8	14298148	14298652	7	206	3.29	CHH
8	14597668	14597929	105	0	100.00	CG
8	14597668	14597929	44	11	80.00	CHG
8	14597668	14597929	19	118	13.87	CHH
8	15580207	15580529	22	0	100.00	CG
8	15580207	15580529	33	2	94.29	CHG
8	15580207	15580529	27	148	15.43	CHH
8	15967015	15970249	350	9	97.49	CG
8	15967015	15970249	270	55	83.08	CHG
8	15967015	15970249	243	1657	12.79	CHH
8	16012976	16013846	631	11	98.29	CG
8	16012976	16013846	365	58	86.29	CHG
8	16012976	16013846	69	1150	5.66	CHH
8	16216197	16216404	12	0	100.00	CG
8	16216197	16216404	1	100	0.99	CHH
8	16538923	16541131	115	22	83.94	CG
8	16538923	16541131	3	282	1.05	CHG
8	16538923	16541131	19	1223	1.53	CHH
8	16974676	16975655	19	65	22.62	CG
8	16974676	16975655	19	96	16.52	CHG
8	16974676	16975655	23	611	3.63	CHH
8	16994050	16994211	0	24	0.00	CG
8	16994050	16994211	0	15	0.00	CHG
8	16994050	16994211	0	124	0.00	CHH
8	17403203	17403300	9	0	100.00	CG
8	17403203	17403300	8	0	100.00	CHG
8	17403203	17403300	0	8	0.00	CHH
8	17719178	17719322	10	0	100.00	CG
8	17719178	17719322	2	2	50.00	CHG
8	17719178	17719322	0	61	0.00	CHH
8	18550794	18553306	316	50	86.34	CG
8	18550794	18553306	126	167	43.00	CHG
8	18550794	18553306	289	815	26.18	CHH
8	20514928	20517189	81	0	100.00	CG
8	20514928	20517189	34	14	70.83	CHG
8	20514928	20517189	89	792	10.10	CHH
8	21734995	21740080	605	15	97.58	CG
8	21734995	21740080	348	68	83.65	CHG
8	21734995	21740080	138	1133	10.86	CHH
8	21758849	21759020	15	0	100.00	CG
8	21758849	21759020	0	54	0.00	CHG
8	21758849	21759020	0	197	0.00	CHH
8	22561294	22561443	2	5	28.57	CG
8	22561294	22561443	0	10	0.00	CHG
8	22561294	22561443	0	42	0.00	CHH
8	22681154	22681244	2	2	50.00	CHG
8	22681154	22681244	13	6	68.42	CHH
8	22949183	22951590	116	88	56.86	CG
8	22949183	22951590	42	218	16.15	CHG
8	22949183	22951590	70	954	6.84	CHH
8	23384652	23384882	0	133	0.00	CG
8	23384652	23384882	0	71	0.00	CHG
8	23384652	23384882	0	118	0.00	CHH
8	23517672	23517817	9	0	100.00	CG
8	23517672	23517817	14	1	93.33	CHG
8	23517672	23517817	44	154	22.22	CHH
8	23675662	23675914	30	0	100.00	CG
8	23675662	23675914	18	1	94.74	CHG
8	23675662	23675914	19	7	73.08	CHH
8	24239866	24240191	28	0	100.00	CG
8	24239866	24240191	0	139	0.00	CHG
8	24239866	24240191	19	640	2.88	CHH
8	24632914	24633182	4	6	40.00	CG
8	24632914	24633182	1	32	3.03	CHG
8	24632914	24633182	0	97	0.00	CHH
8	25281178	25281350	167	0	100.00	CG
8	25281178	25281350	23	16	58.97	CHG
8	25281178	25281350	22	299	6.85	CHH
8	25598370	25598449	7	3	70.00	CHH
8	25696600	25696771	0	206	0.00	CG
8	25696600	25696771	0	141	0.00	CHG
8	25696600	25696771	0	302	0.00	CHH
8	25733898	25741720	582	562	50.87	CG
8	25733898	25741720	548	1115	32.95	CHG
8	25733898	25741720	419	5650	6.90	CHH
8	26671848	26672550	17	0	100.00	CG
8	26671848	26672550	5	0	100.00	CHG
8	26671848	26672550	12	50	19.35	CHH
8	26851572	26851796	0	106	0.00	CG
8	26851572	26851796	0	57	0.00	CHG
8	26851572	26851796	1	278	0.36	CHH
8	27327904	27330518	192	3463	5.25	CG
8	27327904	27330518	77	1964	3.77	CHG
8	27327904	27330518	88	4057	2.12	CHH
9	899505	900078	78	2	97.50	CG
9	899505	900078	9	14	39.13	CHG
9	899505	900078	37	340	9.81	CHH
9	1708905	1710116	313	8	97.51	CG
9	1708905	1710116	189	44	81.12	CHG
9	1708905	1710116	43	636	6.33	CHH
9	2262231	2262612	35	5	87.50	CG
9	2262231	2262612	56	3	94.92	CHG
9	2262231	2262612	11	99	10.00	CHH
9	2463009	2464211	732	32	95.81	CG
9	2463009	2464211	535	93	85.19	CHG
9	2463009	2464211	125	2635	4.53	CHH
9	2545349	2545704	29	0	100.00	CG
9	2545349	2545704	30	4	88.24	CHG
9	2545349	2545704	3	81	3.57	CHH
9	2775400	2775730	3	2	60.00	CG
9	2775400	2775730	0	12	0.00	CHH
9	2854868	2855786	103	5	95.37	CG
9	2854868	2855786	30	35	46.15	CHG
9	2854868	2855786	10	247	3.89	CHH
9	2911646	2912272	200	2	99.01	CG
9	2911646	2912272	288	20	93.51	CHG
9	2911646	2912272	32	659	4.63	CHH
9	3112245	3115702	2088	47	97.80	CG
9	3112245	3115702	1005	176	85.10	CHG
9	3112245	3115702	293	3830	7.11	CHH
9	3214717	3216020	17	9	65.38	CG
9	3214717	3216020	16	12	57.14	CHG
9	3214717	3216020	16	166	8.79	CHH
9	3330884	3331520	1	0	100.00	CHG
9	3330884	3331520	0	37	0.00	CHH
9	4739227	4745466	152	160	48.72	CG
9	4739227	4745466	81	194	29.45	CHG
9	4739227	4745466	113	940	10.73	CHH
9	6631347	6632182	19	9	67.86	CG
9	6631347	6632182	99	50	66.44	CHG
9	6631347	6632182	90	466	16.19	CHH
9	7230219	7230464	125	11	91.91	CG
9	7230219	7230464	23	15	60.53	CHG
9	7230219	7230464	34	171	16.59	CHH
9	7430897	7432040	6	2	75.00	CG
9	7430897	7432040	0	8	0.00	CHG
9	7430897	7432040	14	121	10.37	CHH
9	8393668	8393832	0	14	0.00	CHH
9	9923428	9925180	20	16	55.56	CG
9	9923428	9925180	3	35	7.89	CHG
9	9923428	9925180	70	325	17.72	CHH
9	10766786	10767301	74	7	91.36	CG
9	10766786	10767301	2	187	1.06	CHG
9	10766786	10767301	5	872	0.57	CHH
9	12030840	12031218	2	605	0.33	CG
9	12030840	12031218	1	386	0.26	CHG
9	12030840	12031218	2	567	0.35	CHH
9	12595903	12596851	0	203	0.00	CG
9	12595903	12596851	0	364	0.00	CHG
9	12595903	12596851	2	1009	0.20	CHH
9	13404977	13406112	362	10	97.31	CG
9	13404977	13406112	186	50	78.81	CHG
9	13404977	13406112	167	535	23.79	CHH
9	16489222	16490713	196	112	63.64	CG
9	16489222	16490713	28	237	10.57	CHG
9	16489222	16490713	11	720	1.50	CHH
9	16577282	16577396	7	0	100.00	CG
9	16577282	16577396	6	0	100.00	CHG
9	16577282	16577396	23	15	60.53	CHH
9	17604144	17604323	6	0	100.00	CG
9	17604144	17604323	0	6	0.00	CHG
9	17604144	17604323	0	47	0.00	CHH
9	19383868	19383934	0	9	0.00	CHG
9	19383868	19383934	0	39	0.00	CHH
9	19469244	19469889	7	73	8.75	CG
9	19469244	19469889	3	153	1.92	CHG
9	19469244	19469889	20	315	5.97	CHH
9	19529704	19533249	230	860	21.10	CG
9	19529704	19533249	113	492	18.68	CHG
9	19529704	19533249	132	2156	5.77	CHH
9	20512179	20515947	152	281	35.10	CG
9	20512179	20515947	62	498	11.07	CHG
9	20512179	20515947	281	1857	13.14	CHH
9	20811988	20812086	3	161	1.83	CG
9	20811988	20812086	2	28	6.67	CHG
9	20811988	20812086	0	277	0.00	CHH
9	21917576	21917684	0	81	0.00	CG
9	21917576	21917684	0	64	0.00	CHG
9	21917576	21917684	0	118	0.00	CHH
9	22507907	22508014	0	27	0.00	CHG
9	22507907	22508014	0	75	0.00	CHH
9	22587586	22587797	22	1	95.65	CG
9	22587586	22587797	9	3	75.00	CHG
9	22587586	22587797	1	41	2.38	CHH
10	76063	76767	331	10	97.07	CG
10	76063	76767	139	212	39.60	CHG
10	76063	76767	18	1228	1.44	CHH
10	1070598	1072595	297	608	32.82	CG
10	1070598	1072595	168	446	27.36	CHG
10	1070598	1072595	191	2029	8.60	CHH
10	1391746	1391999	100	0	100.00	CG
10	1391746	1391999	18	30	37.50	CHG
10	1391746	1391999	2	94	2.08	CHH
10	1614261	1614403	0	3	0.00	CG
10	1614261	1614403	0	26	0.00	CHG
10	1614261	1614403	1	109	0.91	CHH
10	1803629	1804504	89	6	93.68	CG
10	1803629	1804504	49	21	70.00	CHG
10	1803629	1804504	84	231	26.67	CHH
10	1803768	1804170	86	5	94.51	CG
10	1803768	1804170	31	12	72.09	CHG
10	1803768	1804170	33	150	18.03	CHH
10	1840873	1840994	0	5	0.00	CG
10	1840873	1840994	0	3	0.00	CHG
10	1840873	1840994	0	3	0.00	CHH
10	2764274	2764493	0	52	0.00	CG
10	2764274	2764493	0	106	0.00	CHG
10	2764274	2764493	2	210	0.94	CHH
10	3411205	3411730	30	0	100.00	CG
10	3411205	3411730	1	117	0.85	CHG
10	3411205	3411730	3	332	0.90	CHH
10	3555583	3556236	11	0	100.00	CG
10	3555583	3556236	3	0	100.00	CHG
10	3555583	3556236	0	13	0.00	CHH
10	4747418	4747782	1	1	50.00	CG
10	4747418	4747782	7	19	26.92	CHG
10	4747418	4747782	1	85	1.16	CHH
10	6032495	6032662	10	2	83.33	CG
10	6032495	6032662	25	0	100.00	CHG
10	6032495	6032662	11	78	12.36	CHH
10	6484932	6485158	2	49	3.92	CG
10	6484932	6485158	0	28	0.00	CHG
10	6484932	6485158	0	117	0.00	CHH
10	6965382	6965620	47	3	94.00	CG
10	6965382	6965620	15	8	65.22	CHG
10	6965382	6965620	5	27	15.62	CHH
10	7289884	7290427	4	0	100.00	CG
10	7289884	7290427	15	1	93.75	CHG
10	7289884	7290427	2	47	4.08	CHH
10	8713513	8713687	8	0	100.00	CG
10	8713513	8713687	4	0	100.00	CHG
10	8784304	8784496	27	0	100.00	CG
10	8784304	8784496	8	9	47.06	CHG
10	8784304	8784496	21	138	13.21	CHH
10	9339792	9339997	3	0	100.00	CG
10	9339792	9339997	6	6	50.00	CHH
10	9455216	9455761	1	0	100.00	CG
10	9455216	9455761	2	0	100.00	CHG
10	9455216	9455761	4	8	33.33	CHH
10	10070366	10073354	1512	59	96.24	CG
10	10070366	10073354	654	111	85.49	CHG
10	10070366	10073354	150	1845	7.52	CHH
10	10893887	10894383	7	1241	0.56	CG
10	10893887	10894383	21	1495	1.39	CHG
10	10893887	10894383	90	11685	0.76	CHH
10	10994069	10994203	6	2	75.00	CG
10	10994069	10994203	0	9	0.00	CHG
10	10994069	10994203	2	34	5.56	CHH
10	11956236	11956518	3	0	100.00	CG
10	11956236	11956518	27	13	67.50	CHH
10	11967788	11968023	6	0	100.00	CG
10	11967788	11968023	1	0	100.00	CHG
10	11967788	11968023	80	189	29.74	CHH
10	12041078	12041429	0	1	0.00	CG
10	12041078	12041429	4	10	28.57	CHG
10	12041078	12041429	15	58	20.55	CHH
10	12398331	12398410	11	4	73.33	CHG
10	12398331	12398410	11	100	9.91	CHH
10	12783731	12784747	130	1481	8.07	CG
10	12783731	12784747	46	730	5.93	CHG
10	12783731	12784747	139	1631	7.85	CHH
10	13030461	13031711	27	700	3.71	CG
10	13030461	13031711	23	432	5.05	CHG
10	13030461	13031711	51	829	5.80	CHH
10	13134013	13134625	13	4	76.47	CG
10	13134013	13134625	4	7	36.36	CHG
10	13134013	13134625	10	109	8.40	CHH
10	14312781	14312940	25	0	100.00	CG
10	14312781	14312940	11	1	91.67	CHG
10	14312781	14312940	10	154	6.10	CHH
10	14415032	14415475	0	47	0.00	CG
10	14415032	14415475	1	34	2.86	CHG
10	14415032	14415475	7	154	4.35	CHH
10	14939572	14939779	0	141	0.00	CG
10	14939572	14939779	1	77	1.28	CHG
10	14939572	14939779	1	416	0.24	CHH
10	15358024	15358297	1	1	50.00	CHG
10	15358024	15358297	0	29	0.00	CHH
10	15388115	15388379	20	0	100.00	CG
10	15388115	15388379	21	8	72.41	CHG
10	15388115	15388379	0	115	0.00	CHH
10	15623066	15624262	9	629	1.41	CG
10	15623066	15624262	11	712	1.52	CHG
10	15623066	15624262	45	1739	2.52	CHH
10	16649407	16649853	0	252	0.00	CG
10	16649407	16649853	1	225	0.44	CHG
10	16649407	16649853	10	456	2.15	CHH
10	17917117	17917361	0	89	0.00	CG
10	17917117	17917361	0	151	0.00	CHG
10	17917117	17917361	1	400	0.25	CHH
10	18118300	18118455	1	0	100.00	CG
10	18118300	18118455	2	0	100.00	CHG
10	18118300	18118455	5	14	26.32	CHH
10	18249061	18249336	95	2	97.94	CG
10	18249061	18249336	27	48	36.00	CHG
10	18249061	18249336	5	349	1.41	CHH
10	18629501	18629720	0	17	0.00	CG
10	18629501	18629720	0	18	0.00	CHG
10	18629501	18629720	1	146	0.68	CHH
10	18709862	18710680	142	454	23.83	CG
10	18709862	18710680	28	598	4.47	CHG
10	18709862	18710680	44	1281	3.32	CHH
10	19071669	19072430	5	515	0.96	CG
10	19071669	19072430	2	477	0.42	CHG
10	19071669	19072430	2	732	0.27	CHH
10	19727438	19727659	1	0	100.00	CG
10	19727438	19727659	2	0	100.00	CHG
10	19727438	19727659	13	8	61.90	CHH
10	20621568	20621746	2	0	100.00	CG
10	20621568	20621746	2	0	100.00	CHG
10	20621568	20621746	0	12	0.00	CHH
10	20684185	20684453	36	4	90.00	CG
10	20684185	20684453	1	196	0.51	CHG
10	20684185	20684453	8	570	1.38	CHH
10	20758072	20758229	9	0	100.00	CG
10	20758072	20758229	1	61	1.61	CHG
10	20758072	20758229	0	187	0.00	CHH
10	20876029	20876473	10	5	66.67	CG
10	20876029	20876473	3	2	60.00	CHG
10	20876029	20876473	9	23	28.12	CHH
10	21433314	21437604	277	861	24.34	CG
10	21433314	21437604	22	792	2.70	CHG
10	21433314	21437604	74	2820	2.56	CHH
10	21560604	21561484	53	35	60.23	CG
10	21560604	21561484	3	410	0.73	CHG
10	21560604	21561484	1	1184	0.08	CHH
10	22597491	22597660	0	39	0.00	CG
10	22597491	22597660	0	13	0.00	CHG
10	22597491	22597660	1	92	1.08	CHH
10	22692035	22692362	37	24	60.66	CG
10	22692035	22692362	2	149	1.32	CHG
10	22692035	22692362	0	517	0.00	CHH
10	22860787	22861438	0	84	0.00	CG
10	22860787	22861438	0	113	0.00	CHG
10	22860787	22861438	2	365	0.54	CHH
11	505296	505455	37	1	97.37	CG
11	505296	505455	28	3	90.32	CHG
11	505296	505455	16	56	22.22	CHH
11	797708	798586	9	8	52.94	CG
11	797708	798586	10	36	21.74	CHG
11	797708	798586	46	252	15.44	CHH
11	1050852	1052789	242	946	20.37	CG
11	1050852	1052789	46	1214	3.65	CHG
11	1050852	1052789	121	3273	3.57	CHH
11	1432574	1432751	0	93	0.00	CG
11	1432574	1432751	1	50	1.96	CHG
11	1432574	1432751	0	161	0.00	CHH
11	1858041	1858566	26	0	100.00	CG
11	1858041	1858566	40	0	100.00	CHG
11	1858041	1858566	63	27	70.00	CHH
11	2504811	2504939	1	48	2.04	CG
11	2504811	2504939	0	60	0.00	CHG
11	2504811	2504939	0	175	0.00	CHH
11	2669596	2669853	1	182	0.55	CG
11	2669596	2669853	1	49	2.00	CHG
11	2669596	2669853	2	313	0.63	CHH
11	2802873	2804621	220	91	70.74	CG
11	2802873	2804621	643	159	80.17	CHG
11	2802873	2804621	792	1359	36.82	CHH
11	3466044	3470402	232	154	60.10	CG
11	3466044	3470402	173	204	45.89	CHG
11	3466044	3470402	276	1445	16.04	CHH
11	3810954	3811089	8	1	88.89	CG
11	3810954	3811089	0	19	0.00	CHG
11	3810954	3811089	0	51	0.00	CHH
11	4224826	4225123	3	0	100.00	CG
11	4224826	4225123	0	48	0.00	CHG
11	4224826	4225123	2	276	0.72	CHH
11	4595255	4598721	407	1191	25.47	CG
11	4595255	4598721	196	469	29.47	CHG
11	4595255	4598721	483	2154	18.32	CHH
11	6038088	6038424	39	773	4.80	CG
11	6038088	6038424	8	331	2.36	CHG
11	6038088	6038424	7	527	1.31	CHH
11	6091835	6093414	751	125	85.73	CG
11	6091835	6093414	280	122	69.65	CHG
11	6091835	6093414	294	2238	11.61	CHH
11	7821028	7821214	3	55	5.17	CG
11	7821028	7821214	3	70	4.11	CHG
11	7821028	7821214	9	136	6.21	CHH
11	9435946	9436636	56	0	100.00	CG
11	9435946	9436636	56	15	78.87	CHG
11	9435946	9436636	66	250	20.89	CHH
11	9479627	9479991	4	508	0.78	CG
11	9479627	9479991	1	450	0.22	CHG
11	9479627	9479991	2	1091	0.18	CHH
11	9728388	9728616	5	0	100.00	CG
11	9728388	9728616	0	3	0.00	CHG
11	9728388	9728616	2	31	6.06	CHH
11	9810706	9815080	1459	278	84.00	CG
11	9810706	9815080	908	749	54.80	CHG
11	9810706	9815080	527	4329	10.85	CHH
11	9969448	9969633	0	12	0.00	CG
11	9969448	9969633	3	8	27.27	CHG
11	9969448	9969633	2	65	2.99	CHH
11	10502651	10503109	2	0	100.00	CG
11	10502651	10503109	5	0	100.00	CHG
11	10502651	10503109	8	43	15.69	CHH
11	11632517	11632735	274	8	97.16	CG
11	11632517	11632735	103	45	69.59	CHG
11	11632517	11632735	66	481	12.07	CHH
11	13907112	13907730	222	10	95.69	CG
11	13907112	13907730	229	16	93.47	CHG
11	13907112	13907730	111	826	11.85	CHH
11	14199127	14199230	5	0	100.00	CG
11	14199127	14199230	4	1	80.00	CHG
11	14199127	14199230	0	9	0.00	CHH
11	14246634	14246765	13	1	92.86	CG
11	14246634	14246765	7	49	12.50	CHH
11	14953985	14954432	12	2	85.71	CG
11	14953985	14954432	2	5	28.57	CHG
11	14953985	14954432	18	100	15.25	CHH
11	15162648	15162882	10	0	100.00	CG
11	15162648	15162882	73	8	90.12	CHG
11	15162648	15162882	23	442	4.95	CHH
11	15516587	15517994	161	369	30.38	CG
11	15516587	15517994	50	238	17.36	CHG
11	15516587	15517994	65	1240	4.98	CHH
11	15595496	15598031	329	85	79.47	CG
11	15595496	15598031	201	175	53.46	CHG
11	15595496	15598031	289	1822	13.69	CHH
11	15629573	15629919	12	2	85.71	CG
11	15629573	15629919	29	5	85.29	CHG
11	15629573	15629919	86	207	29.35	CHH
11	15784095	15784518	1	538	0.19	CG
11	15784095	15784518	0	334	0.00	CHG
11	15784095	15784518	4	654	0.61	CHH
11	16587225	16588700	82	61	57.34	CG
11	16587225	16588700	31	70	30.69	CHG
11	16587225	16588700	69	384	15.23	CHH
11	16590106	16591882	135	3	97.83	CG
11	16590106	16591882	232	14	94.31	CHG
11	16590106	16591882	51	675	7.02	CHH
11	17024541	17024749	44	57	43.56	CG
11	17024541	17024749	104	33	75.91	CHG
11	17024541	17024749	575	517	52.66	CHH
11	17437801	17439859	43	360	10.67	CG
11	17437801	17439859	10	389	2.51	CHG
11	17437801	17439859	10	1720	0.58	CHH
11	17734944	17735193	1	296	0.34	CG
11	17734944	17735193	0	142	0.00	CHG
11	17734944	17735193	1	219	0.45	CHH
11	17903585	17906300	216	41	84.05	CG
11	17903585	17906300	126	67	65.28	CHG
11	17903585	17906300	200	635	23.95	CHH
11	17974571	17974900	20	137	12.74	CG
11	17974571	17974900	8	152	5.00	CHG
11	17974571	17974900	32	424	7.02	CHH
11	18325064	18325191	0	8	0.00	CG
11	18325064	18325191	0	18	0.00	CHG
11	18325064	18325191	0	77	0.00	CHH
11	18373844	18373989	0	3	0.00	CG
11	18373844	18373989	0	12	0.00	CHG
11	18373844	18373989	0	57	0.00	CHH
11	18718793	18720377	255	116	68.73	CG
11	18718793	18720377	63	417	13.12	CHG
11	18718793	18720377	130	1524	7.86	CHH
11	18909482	18909881	0	152	0.00	CG
11	18909482	18909881	0	168	0.00	CHG
11	18909482	18909881	1	286	0.35	CHH
11	19311606	19314032	544	40	93.15	CG
11	19311606	19314032	446	233	65.68	CHG
11	19311606	19314032	637	1783	26.32	CHH
11	20219224	20220414	108	13	89.26	CG
11	20219224	20220414	194	8	96.04	CHG
11	20219224	20220414	67	625	9.68	CHH
11	20319451	20320865	56	1	98.25	CG
11	20319451	20320865	65	11	85.53	CHG
11	20319451	20320865	157	308	33.76	CHH
11	20346784	20346867	0	3	0.00	CHG
11	20346784	20346867	0	26	0.00	CHH
11	20686170	20686465	0	4	0.00	CG
11	20686170	20686465	0	65	0.00	CHH
11	20872306	20872476	56	4	93.33	CG
11	20872306	20872476	29	7	80.56	CHG
11	20872306	20872476	2	53	3.64	CHH
11	20903615	20904114	27	4	87.10	CG
11	20903615	20904114	0	57	0.00	CHG
11	20903615	20904114	0	220	0.00	CHH
11	21540161	21540670	9	0	100.00	CG
11	21540161	21540670	7	0	100.00	CHG
11	21540161	21540670	12	42	22.22	CHH
11	22251376	22252471	25	25	50.00	CG
11	22251376	22252471	19	143	11.73	CHG
11	22251376	22252471	52	911	5.40	CHH
11	22442650	22442893	73	0	100.00	CG
11	22442650	22442893	9	0	100.00	CHG
11	22442650	22442893	28	458	5.76	CHH
11	22611185	22611456	0	66	0.00	CG
11	22611185	22611456	0	100	0.00	CHG
11	22611185	22611456	9	438	2.01	CHH
11	22898553	22899482	17	58	22.67	CG
11	22898553	22899482	9	69	11.54	CHG
11	22898553	22899482	10	364	2.67	CHH
11	23917291	23918354	51	14	78.46	CG
11	23917291	23918354	15	16	48.39	CHG
11	23917291	23918354	32	217	12.85	CHH
11	23924021	23924111	0	19	0.00	CG
11	23924021	23924111	2	64	3.03	CHG
11	23924021	23924111	0	123	0.00	CHH
11	24143197	24143872	17	0	100.00	CG
11	24143197	24143872	16	0	100.00	CHG
11	24143197	24143872	5	47	9.62	CHH
11	24518104	24518669	2	0	100.00	CG
11	24518104	24518669	12	0	100.00	CHG
11	24518104	24518669	2	42	4.55	CHH
11	25340157	25340679	36	0	100.00	CG
11	25340157	25340679	32	15	68.09	CHG
11	25340157	25340679	18	476	3.64	CHH
11	25356991	25357939	34	3	91.89	CG
11	25356991	25357939	36	31	53.73	CHG
11	25356991	25357939	35	386	8.31	CHH
11	26018351	26019667	37	0	100.00	CG
11	26018351	26019667	32	11	74.42	CHG
11	26018351	26019667	1	93	1.06	CHH
11	26557615	26559410	106	22	82.81	CG
11	26557615	26559410	5	207	2.36	CHG
11	26557615	26559410	10	1054	0.94	CHH
11	26733617	26733799	4	27	12.90	CHH
11	26897318	26898575	166	6	96.51	CG
11	26897318	26898575	51	29	63.75	CHG
11	26897318	26898575	180	326	35.57	CHH
11	27142723	27144368	99	129	43.42	CG
11	27142723	27144368	48	126	27.59	CHG
11	27142723	27144368	31	694	4.28	CHH
11	27188061	27188431	10	0	100.00	CG
11	27188061	27188431	3	3	50.00	CHG
11	27188061	27188431	10	96	9.43	CHH
11	27296398	27296914	16	50	24.24	CG
11	27296398	27296914	1	20	4.76	CHG
11	27296398	27296914	44	83	34.65	CHH
11	28581984	28582206	2	87	2.25	CHH
12	1158418	1158578	0	16	0.00	CG
12	1158418	1158578	0	4	0.00	CHG
12	1158418	1158578	0	55	0.00	CHH
12	1177184	1177765	0	11	0.00	CG
12	1177184	1177765	1	39	2.50	CHG
12	1177184	1177765	1	270	0.37	CHH
12	1270256	1270750	8	3	72.73	CG
12	1270256	1270750	0	92	0.00	CHG
12	1270256	1270750	0	144	0.00	CHH
12	2005465	2005735	33	2	94.29	CG
12	2005465	2005735	3	3	50.00	CHG
12	2005465	2005735	5	56	8.20	CHH
12	2376872	2377309	17	28	37.78	CG
12	2376872	2377309	0	42	0.00	CHG
12	2376872	2377309	13	229	5.37	CHH
12	3807299	3807471	0	3	0.00	CG
12	3807299	3807471	0	54	0.00	CHG
12	3807299	3807471	0	167	0.00	CHH
12	3811143	3811601	17	0	100.00	CG
12	3811143	3811601	0	16	0.00	CHG
12	3811143	3811601	34	122	21.79	CHH
12	4083553	4083794	11	10	52.38	CG
12	4083553	4083794	0	92	0.00	CHG
12	4083553	4083794	2	138	1.43	CHH
12	5174512	5176042	1045	582	64.23	CG
12	5174512	5176042	379	548	40.88	CHG
12	5174512	5176042	136	2890	4.49	CHH
12	5728433	5728876	72	2	97.30	CG
12	5728433	5728876	35	8	81.40	CHG
12	5728433	5728876	6	94	6.00	CHH
12	6323100	6323289	0	3	0.00	CG
12	6323100	6323289	3	11	21.43	CHG
12	6323100	6323289	0	44	0.00	CHH
12	6480645	6481828	250	6	97.66	CG
12	6480645	6481828	124	24	83.78	CHG
12	6480645	6481828	73	506	12.61	CHH
12	6550600	6551475	61	2	96.83	CG
12	6550600	6551475	41	5	89.13	CHG
12	6550600	6551475	21	91	18.75	CHH
12	7855054	7855393	3	0	100.00	CG
12	7855054	7855393	2	2	50.00	CHG
12	7855054	7855393	3	2	60.00	CHH
12	8497520	8497653	25	146	14.62	CG
12	8497520	8497653	5	87	5.43	CHG
12	8497520	8497653	18	149	10.78	CHH
12	8555821	8555983	41	213	16.14	CG
12	8555821	8555983	18	176	9.28	CHG
12	8555821	8555983	10	539	1.82	CHH
12	8783105	8783207	2	0	100.00	CG
12	8783105	8783207	0	15	0.00	CHH
12	8846726	8847029	3	5	37.50	CG
12	8846726	8847029	0	4	0.00	CHG
12	8846726	8847029	19	26	42.22	CHH
12	9326878	9327074	39	3	92.86	CG
12	9326878	9327074	20	8	71.43	CHG
12	9326878	9327074	29	190	13.24	CHH
12	9368388	9368605	6	0	100.00	CG
12	9368388	9368605	1	1	50.00	CHG
12	9368388	9368605	0	39	0.00	CHH
12	11421434	11422871	91	5	94.79	CG
12	11421434	11422871	3	438	0.68	CHG
12	11421434	11422871	10	1119	0.89	CHH
12	11519644	11519807	3	0	100.00	CG
12	11519644	11519807	2	0	100.00	CHG
12	11519644	11519807	4	14	22.22	CHH
12	12193685	12193957	134	5	96.40	CG
12	12193685	12193957	72	31	69.90	CHG
12	12193685	12193957	17	454	3.61	CHH
12	12596401	12596694	10	0	100.00	CG
12	12596401	12596694	26	4	86.67	CHG
12	12596401	12596694	28	52	35.00	CHH
12	12742760	12743615	57	0	100.00	CG
12	12742760	12743615	42	12	77.78	CHG
12	12742760	12743615	25	123	16.89	CHH
12	13187459	13188652	62	125	33.16	CG
12	13187459	13188652	19	175	9.79	CHG
12	13187459	13188652	68	614	9.97	CHH
12	14284341	14284547	0	6	0.00	CG
12	14284341	14284547	0	3	0.00	CHG
12	14284341	14284547	0	26	0.00	CHH
12	14803452	14803625	6	0	100.00	CHG
12	14803452	14803625	26	52	33.33	CHH
12	15067951	15069074	114	0	100.00	CG
12	15067951	15069074	93	17	84.55	CHG
12	15067951	15069074	56	525	9.64	CHH
12	15348530	15353993	1269	23	98.22	CG
12	15348530	15353993	1334	157	89.47	CHG
12	15348530	15353993	727	5594	11.50	CHH
12	16142723	16142824	75	1	98.68	CG
12	16142723	16142824	52	5	91.23	CHG
12	16142723	16142824	9	169	5.06	CHH
12	16276461	16276731	3	0	100.00	CG
12	16276461	16276731	6	3	66.67	CHG
12	16276461	16276731	5	23	17.86	CHH
12	16529727	16530963	821	23	97.27	CG
12	16529727	16530963	330	155	68.04	CHG
12	16529727	16530963	77	2089	3.55	CHH
12	17830991	17831311	0	2	0.00	CG
12	17830991	17831311	0	42	0.00	CHG
12	17830991	17831311	3	97	3.00	CHH
12	18708202	18708465	16	0	100.00	CG
12	18708202	18708465	14	55	20.29	CHG
12	18708202	18708465	2	248	0.80	CHH
12	18864903	18867127	481	41	92.15	CG
12	18864903	18867127	284	142	66.67	CHG
12	18864903	18867127	195	1494	11.55	CHH
12	19240695	19241251	13	0	100.00	CG
12	19240695	19241251	20	9	68.97	CHG
12	19240695	19241251	10	365	2.67	CHH
12	20271167	20271395	58	1	98.31	CG
12	20271167	20271395	47	0	100.00	CHG
12	20271167	20271395	43	272	13.65	CHH
12	21012743	21013159	12	17	41.38	CG
12	21012743	21013159	8	56	12.50	CHG
12	21012743	21013159	15	109	12.10	CHH
12	21325595	21326775	99	10	90.83	CG
12	21325595	21326775	2	361	0.55	CHG
12	21325595	21326775	1	1162	0.09	CHH
12	21498142	21500190	169	57	74.78	CG
12	21498142	21500190	1	461	0.22	CHG
12	21498142	21500190	7	1860	0.37	CHH
12	21799965	21804009	120	480	20.00	CG
12	21799965	21804009	18	801	2.20	CHG
12	21799965	21804009	96	2680	3.46	CHH
12	22237684	22237932	1	318	0.31	CG
12	22237684	22237932	1	259	0.38	CHG
12	22237684	22237932	0	363	0.00	CHH
12	22424783	22424873	3	2	60.00	CG
12	22424783	22424873	1	36	2.70	CHG
12	22424783	22424873	0	40	0.00	CHH
12	22599880	22601854	44	514	7.89	CG
12	22599880	22601854	5	535	0.93	CHG
12	22599880	22601854	8	1908	0.42	CHH
12	22827958	22829855	58	0	100.00	CG
12	22827958	22829855	65	5	92.86	CHG
12	22827958	22829855	58	176	24.79	CHH
12	22914184	22914456	20	0	100.00	CG
12	22914184	22914456	33	0	100.00	CHG
12	22914184	22914456	15	83	15.31	CHH
12	23044811	23045065	0	15	0.00	CG
12	23044811	23045065	0	77	0.00	CHG
12	23044811	23045065	1	290	0.34	CHH
12	24286289	24286454	25	1	96.15	CG
12	24286289	24286454	2	14	12.50	CHG
12	24286289	24286454	2	268	0.74	CHH
12	24305556	24308650	309	3	99.04	CG
12	24305556	24308650	96	660	12.70	CHG
12	24305556	24308650	54	2966	1.79	CHH
12	24482972	24483119	1	17	5.56	CG
12	24482972	24483119	6	37	13.95	CHG
12	24482972	24483119	13	86	13.13	CHH
12	25415184	25415420	28	1	96.55	CG
12	25415184	25415420	4	7	36.36	CHG
12	25415184	25415420	18	57	24.00	CHH
12	26429400	26431294	22	1612	1.35	CG
12	26429400	26431294	12	1030	1.15	CHG
12	26429400	26431294	8	2400	0.33	CHH
12	26619179	26619379	5	0	100.00	CG
12	26619179	26619379	0	36	0.00	CHG
12	26619179	26619379	1	156	0.64	CHH
12	26739873	26743547	298	6	98.03	CG
12	26739873	26743547	198	28	87.61	CHG
12	26739873	26743547	97	975	9.05	CHH
12	26756376	26756465	29	1	96.67	CG
12	26756376	26756465	4	5	44.44	CHG
12	26756376	26756465	0	92	0.00	CHH
