1	521199	522723	237	260	47.69	CG
1	521199	522723	0	448	0.00	CHG
1	521199	522723	5	2267	0.22	CHH
1	718927	719135	0	71	0.00	CG
1	718927	719135	0	96	0.00	CHG
1	718927	719135	0	433	0.00	CHH
1	1687637	1688991	0	476	0.00	CG
1	1687637	1688991	0	474	0.00	CHG
1	1687637	1688991	0	1413	0.00	CHH
1	1781116	1781366	1	359	0.28	CG
1	1781116	1781366	0	135	0.00	CHG
1	1781116	1781366	0	232	0.00	CHH
1	2137510	2140455	166	1578	9.52	CG
1	2137510	2140455	84	1299	6.07	CHG
1	2137510	2140455	104	3948	2.57	CHH
1	2172488	2172625	0	29	0.00	CG
1	2172488	2172625	0	168	0.00	CHH
1	2198640	2199644	116	8	93.55	CG
1	2198640	2199644	32	38	45.71	CHG
1	2198640	2199644	10	105	8.70	CHH
1	2541454	2541598	14	20	41.18	CG
1	2541454	2541598	3	12	20.00	CHG
1	2541454	2541598	2	134	1.47	CHH
1	2579778	2580676	331	39	89.46	CG
1	2579778	2580676	2	463	0.43	CHG
1	2579778	2580676	0	1249	0.00	CHH
1	3016827	3017062	0	380	0.00	CG
1	3016827	3017062	0	190	0.00	CHG
1	3016827	3017062	0	512	0.00	CHH
1	4122738	4127182	255	930	21.52	CG
1	4122738	4127182	13	1500	0.86	CHG
1	4122738	4127182	206	3480	5.59	CHH
1	4510347	4510477	3	0	100.00	CG
1	4510347	4510477	1	5	16.67	CHG
1	4510347	4510477	8	26	23.53	CHH
1	4702022	4702256	17	128	11.72	CG
1	4702022	4702256	2	82	2.38	CHG
1	4702022	4702256	16	121	11.68	CHH
1	5814441	5815039	0	41	0.00	CG
1	5814441	5815039	0	118	0.00	CHG
1	5814441	5815039	0	470	0.00	CHH
1	6934697	6934863	30	0	100.00	CG
1	6934697	6934863	12	1	92.31	CHG
1	6934697	6934863	3	49	5.77	CHH
1	7198017	7199243	104	10	91.23	CG
1	7198017	7199243	0	185	0.00	CHG
1	7198017	7199243	1	576	0.17	CHH
1	7302410	7302594	0	161	0.00	CG
1	7302410	7302594	0	64	0.00	CHG
1	7302410	7302594	0	312	0.00	CHH
1	7518469	7519081	0	106	0.00	CG
1	7518469	7519081	0	82	0.00	CHG
1	7518469	7519081	0	330	0.00	CHH
1	7690448	7691550	2	617	0.32	CG
1	7690448	7691550	0	459	0.00	CHG
1	7690448	7691550	1	1642	0.06	CHH
1	8124136	8124703	186	18	91.18	CG
1	8124136	8124703	41	78	34.45	CHG
1	8124136	8124703	55	584	8.61	CHH
1	8426975	8427236	47	3	94.00	CG
1	8426975	8427236	0	187	0.00	CHG
1	8426975	8427236	0	344	0.00	CHH
1	8831214	8831605	73	9	89.02	CG
1	8831214	8831605	23	37	38.33	CHG
1	8831214	8831605	5	320	1.54	CHH
1	9124022	9124118	18	1	94.74	CG
1	9124022	9124118	36	15	70.59	CHG
1	9124022	9124118	8	42	16.00	CHH
1	9260960	9261224	29	0	100.00	CG
1	9260960	9261224	0	74	0.00	CHG
1	9260960	9261224	0	333	0.00	CHH
1	9681083	9681232	6	6	50.00	CG
1	9681083	9681232	11	16	40.74	CHH
1	9734291	9734532	0	59	0.00	CG
1	9734291	9734532	0	14	0.00	CHG
1	9734291	9734532	4	260	1.52	CHH
1	10263106	10263294	1	131	0.76	CG
1	10263106	10263294	0	75	0.00	CHG
1	10263106	10263294	0	190	0.00	CHH
1	10401973	10403052	11	422	2.54	CG
1	10401973	10403052	6	280	2.10	CHG
1	10401973	10403052	19	1131	1.65	CHH
1	10417094	10417664	53	3	94.64	CG
1	10417094	10417664	86	17	83.50	CHG
1	10417094	10417664	3	310	0.96	CHH
1	10590568	10590704	0	28	0.00	CG
1	10590568	10590704	0	20	0.00	CHG
1	10590568	10590704	0	79	0.00	CHH
1	10793800	10794970	77	21	78.57	CG
1	10793800	10794970	8	22	26.67	CHG
1	10793800	10794970	0	55	0.00	CHH
1	11027002	11027352	51	1	98.08	CG
1	11027002	11027352	0	176	0.00	CHG
1	11027002	11027352	0	506	0.00	CHH
1	11745247	11745281	0	80	0.00	CG
1	11745247	11745281	0	35	0.00	CHG
1	11745247	11745281	0	62	0.00	CHH
1	11861007	11861467	109	13	89.34	CG
1	11861007	11861467	28	32	46.67	CHG
1	11861007	11861467	19	378	4.79	CHH
1	11988203	11988342	1	195	0.51	CG
1	11988203	11988342	0	118	0.00	CHG
1	11988203	11988342	0	161	0.00	CHH
1	12157565	12159139	16	2467	0.64	CG
1	12157565	12159139	3	1233	0.24	CHG
1	12157565	12159139	9	2094	0.43	CHH
1	12279664	12280353	0	557	0.00	CG
1	12279664	12280353	0	293	0.00	CHG
1	12279664	12280353	0	729	0.00	CHH
1	12444629	12444759	6	0	100.00	CG
1	12444629	12444759	3	2	60.00	CHG
1	12444629	12444759	0	34	0.00	CHH
1	12851686	12853647	78	141	35.62	CG
1	12851686	12853647	6	870	0.68	CHG
1	12851686	12853647	11	3257	0.34	CHH
1	12977793	12977914	2	1	66.67	CG
1	12977793	12977914	0	15	0.00	CHH
1	14747584	14748346	5	200	2.44	CG
1	14747584	14748346	1	383	0.26	CHG
1	14747584	14748346	0	968	0.00	CHH
1	15208882	15210074	77	12	86.52	CG
1	15208882	15210074	23	23	50.00	CHG
1	15208882	15210074	3	262	1.13	CHH
1	15318812	15319293	171	8	95.53	CG
1	15318812	15319293	120	34	77.92	CHG
1	15318812	15319293	11	370	2.89	CHH
1	15355785	15357554	118	436	21.30	CG
1	15355785	15357554	81	586	12.14	CHG
1	15355785	15357554	87	1990	4.19	CHH
1	16453284	16453501	0	2	0.00	CG
1	16453284	16453501	0	3	0.00	CHG
1	16453284	16453501	3	20	13.04	CHH
1	16722902	16723067	69	11	86.25	CG
1	16722902	16723067	3	29	9.38	CHG
1	16722902	16723067	11	288	3.68	CHH
1	17385639	17385733	0	12	0.00	CHG
1	17385639	17385733	0	40	0.00	CHH
1	17522237	17522624	228	29	88.72	CG
1	17522237	17522624	134	79	62.91	CHG
1	17522237	17522624	8	503	1.57	CHH
1	17762690	17767322	146	1183	10.99	CG
1	17762690	17767322	140	1101	11.28	CHG
1	17762690	17767322	446	4037	9.95	CHH
1	17768299	17768525	0	80	0.00	CG
1	17768299	17768525	0	56	0.00	CHG
1	17768299	17768525	0	294	0.00	CHH
1	17915233	17918918	270	457	37.14	CG
1	17915233	17918918	127	404	23.92	CHG
1	17915233	17918918	196	2145	8.37	CHH
1	18479814	18481021	59	93	38.82	CG
1	18479814	18481021	8	133	5.67	CHG
1	18479814	18481021	30	771	3.75	CHH
1	18515221	18516018	10	4	71.43	CG
1	18515221	18516018	6	2	75.00	CHG
1	18515221	18516018	1	10	9.09	CHH
1	18605306	18605413	10	0	100.00	CG
1	18605306	18605413	0	22	0.00	CHG
1	18605306	18605413	0	119	0.00	CHH
1	18679398	18679609	19	3	86.36	CG
1	18679398	18679609	25	8	75.76	CHG
1	18679398	18679609	17	170	9.09	CHH
1	18781271	18781897	13	176	6.88	CG
1	18781271	18781897	8	303	2.57	CHG
1	18781271	18781897	33	664	4.73	CHH
1	19418149	19418371	10	1	90.91	CG
1	19418149	19418371	10	4	71.43	CHG
1	19418149	19418371	3	42	6.67	CHH
1	19588801	19588982	10	0	100.00	CG
1	19588801	19588982	3	5	37.50	CHG
1	19588801	19588982	0	10	0.00	CHH
1	19807993	19809436	82	10	89.13	CG
1	19807993	19809436	27	28	49.09	CHG
1	19807993	19809436	41	303	11.92	CHH
1	20220915	20221138	115	6	95.04	CG
1	20220915	20221138	29	23	55.77	CHG
1	20220915	20221138	4	224	1.75	CHH
1	20351135	20352592	281	89	75.95	CG
1	20351135	20352592	0	842	0.00	CHG
1	20351135	20352592	1	2221	0.05	CHH
1	20353735	20353818	13	0	100.00	CG
1	20353735	20353818	1	38	2.56	CHG
1	20353735	20353818	0	104	0.00	CHH
1	20699332	20703291	472	1024	31.55	CG
1	20699332	20703291	115	1313	8.05	CHG
1	20699332	20703291	126	3924	3.11	CHH
1	20759940	20760412	120	4	96.77	CG
1	20759940	20760412	99	25	79.84	CHG
1	20759940	20760412	12	319	3.63	CHH
1	22217602	22218470	87	211	29.19	CG
1	22217602	22218470	19	307	5.83	CHG
1	22217602	22218470	53	762	6.50	CHH
1	22349537	22349928	3	197	1.50	CG
1	22349537	22349928	0	161	0.00	CHG
1	22349537	22349928	3	352	0.85	CHH
1	22963853	22963900	0	12	0.00	CHG
1	22963853	22963900	0	29	0.00	CHH
1	23088705	23088935	0	62	0.00	CG
1	23088705	23088935	0	45	0.00	CHG
1	23088705	23088935	0	175	0.00	CHH
1	23190581	23192012	107	13	89.17	CG
1	23190581	23192012	4	364	1.09	CHG
1	23190581	23192012	1	1525	0.07	CHH
1	23334619	23337433	263	439	37.46	CG
1	23334619	23337433	15	1180	1.26	CHG
1	23334619	23337433	2	3003	0.07	CHH
1	23865834	23867004	271	191	58.66	CG
1	23865834	23867004	101	341	22.85	CHG
1	23865834	23867004	99	906	9.85	CHH
1	24056015	24058047	49	768	6.00	CG
1	24056015	24058047	22	519	4.07	CHG
1	24056015	24058047	32	1946	1.62	CHH
1	24127473	24127717	32	6	84.21	CG
1	24127473	24127717	0	53	0.00	CHG
1	24127473	24127717	0	274	0.00	CHH
1	24218590	24218768	3	56	5.08	CG
1	24218590	24218768	1	49	2.00	CHG
1	24218590	24218768	1	257	0.39	CHH
1	24367289	24368699	61	611	9.08	CG
1	24367289	24368699	3	748	0.40	CHG
1	24367289	24368699	37	1892	1.92	CHH
1	24540618	24541036	27	5	84.38	CG
1	24540618	24541036	1	65	1.52	CHG
1	24540618	24541036	0	263	0.00	CHH
1	25075086	25078372	19	2475	0.76	CG
1	25075086	25078372	2	1941	0.10	CHG
1	25075086	25078372	3	4486	0.07	CHH
1	26189136	26189851	38	87	30.40	CG
1	26189136	26189851	0	452	0.00	CHG
1	26189136	26189851	0	882	0.00	CHH
1	27455091	27455579	73	7	91.25	CG
1	27455091	27455579	85	23	78.70	CHG
1	27455091	27455579	6	301	1.95	CHH
1	27505658	27505866	1	24	4.00	CG
1	27505658	27505866	0	94	0.00	CHG
1	27505658	27505866	0	254	0.00	CHH
1	27576543	27577893	415	32	92.84	CG
1	27576543	27577893	210	41	83.67	CHG
1	27576543	27577893	124	1590	7.23	CHH
1	28118813	28118935	0	28	0.00	CG
1	28118813	28118935	0	73	0.00	CHG
1	28118813	28118935	0	276	0.00	CHH
1	29188109	29189334	2	861	0.23	CG
1	29188109	29189334	5	514	0.96	CHG
1	29188109	29189334	125	1442	7.98	CHH
1	29223726	29224697	23	812	2.75	CG
1	29223726	29224697	3	409	0.73	CHG
1	29223726	29224697	76	1148	6.21	CHH
1	29881105	29881917	45	6	88.24	CG
1	29881105	29881917	16	14	53.33	CHG
1	29881105	29881917	11	164	6.29	CHH
1	29892038	29892362	0	1	0.00	CG
1	29892038	29892362	0	28	0.00	CHG
1	29892038	29892362	0	131	0.00	CHH
1	30396534	30396644	0	100	0.00	CG
1	30396534	30396644	0	124	0.00	CHG
1	30396534	30396644	0	168	0.00	CHH
1	30947617	30952229	682	399	63.09	CG
1	30947617	30952229	334	1197	21.82	CHG
1	30947617	30952229	95	5783	1.62	CHH
1	30988314	30988439	6	0	100.00	CG
1	30988314	30988439	17	16	51.52	CHG
1	30988314	30988439	10	18	35.71	CHH
1	31131639	31132785	137	641	17.61	CG
1	31131639	31132785	1	751	0.13	CHG
1	31131639	31132785	0	1598	0.00	CHH
1	32136432	32136605	15	10	60.00	CG
1	32136432	32136605	0	80	0.00	CHG
1	32136432	32136605	0	221	0.00	CHH
1	33466485	33466748	77	5	93.90	CG
1	33466485	33466748	31	22	58.49	CHG
1	33466485	33466748	17	108	13.60	CHH
1	34289798	34291348	156	231	40.31	CG
1	34289798	34291348	74	452	14.07	CHG
1	34289798	34291348	123	1559	7.31	CHH
1	34550341	34550600	0	65	0.00	CG
1	34550341	34550600	0	119	0.00	CHG
1	34550341	34550600	0	400	0.00	CHH
1	34749495	34752244	61	60	50.41	CG
1	34749495	34752244	45	174	20.55	CHG
1	34749495	34752244	25	524	4.55	CHH
1	34928206	34928387	6	0	100.00	CG
1	34928206	34928387	9	1	90.00	CHG
1	34928206	34928387	0	17	0.00	CHH
1	34990120	34992796	384	216	64.00	CG
1	34990120	34992796	116	298	28.02	CHG
1	34990120	34992796	152	1312	10.38	CHH
1	35760612	35760952	28	9	75.68	CG
1	35760612	35760952	0	8	0.00	CHG
1	35760612	35760952	0	108	0.00	CHH
1	35959231	35959351	0	30	0.00	CG
1	35959231	35959351	0	41	0.00	CHG
1	35959231	35959351	1	164	0.61	CHH
1	36112505	36112684	46	13	77.97	CG
1	36112505	36112684	13	17	43.33	CHG
1	36112505	36112684	10	109	8.40	CHH
1	36163384	36164022	3	201	1.47	CG
1	36163384	36164022	4	164	2.38	CHG
1	36163384	36164022	31	686	4.32	CHH
1	36208524	36209666	96	13	88.07	CG
1	36208524	36209666	99	50	66.44	CHG
1	36208524	36209666	8	593	1.33	CHH
1	36479686	36479935	27	107	20.15	CG
1	36479686	36479935	1	37	2.63	CHG
1	36479686	36479935	5	209	2.34	CHH
1	36890844	36891048	17	16	51.52	CG
1	36890844	36891048	13	18	41.94	CHG
1	36890844	36891048	38	119	24.20	CHH
1	37118562	37118725	0	34	0.00	CG
1	37118562	37118725	0	74	0.00	CHG
1	37118562	37118725	0	322	0.00	CHH
1	37253827	37256063	114	7	94.21	CG
1	37253827	37256063	62	49	55.86	CHG
1	37253827	37256063	53	498	9.62	CHH
1	37757198	37758019	75	326	18.70	CG
1	37757198	37758019	40	137	22.60	CHG
1	37757198	37758019	121	361	25.10	CHH
1	39603253	39603550	12	0	100.00	CG
1	39603253	39603550	0	75	0.00	CHG
1	39603253	39603550	0	152	0.00	CHH
1	40609311	40609427	6	0	100.00	CG
1	40609311	40609427	0	49	0.00	CHG
1	40609311	40609427	0	112	0.00	CHH
1	40785754	40786192	11	23	32.35	CG
1	40785754	40786192	0	292	0.00	CHG
1	40785754	40786192	0	654	0.00	CHH
1	41209454	41212661	252	1139	18.12	CG
1	41209454	41212661	90	753	10.68	CHG
1	41209454	41212661	223	2412	8.46	CHH
2	38468	38578	5	0	100.00	CG
2	38468	38578	0	19	0.00	CHG
2	38468	38578	0	37	0.00	CHH
2	578331	578545	9	1	90.00	CG
2	578331	578545	0	163	0.00	CHG
2	578331	578545	0	458	0.00	CHH
2	1736612	1736996	80	18	81.63	CG
2	1736612	1736996	0	207	0.00	CHG
2	1736612	1736996	1	497	0.20	CHH
2	2004107	2004464	0	30	0.00	CG
2	2004107	2004464	0	203	0.00	CHG
2	2004107	2004464	1	521	0.19	CHH
2	2225031	2228646	488	117	80.66	CG
2	2225031	2228646	283	453	38.45	CHG
2	2225031	2228646	229	2640	7.98	CHH
2	2448881	2450073	42	9	82.35	CG
2	2448881	2450073	37	236	13.55	CHG
2	2448881	2450073	67	779	7.92	CHH
2	2455636	2457226	35	4	89.74	CG
2	2455636	2457226	34	15	69.39	CHG
2	2455636	2457226	0	71	0.00	CHH
2	2916264	2916496	16	1	94.12	CG
2	2916264	2916496	0	68	0.00	CHG
2	2916264	2916496	0	253	0.00	CHH
2	3153141	3153726	97	8	92.38	CG
2	3153141	3153726	112	42	72.73	CHG
2	3153141	3153726	23	479	4.58	CHH
2	3584767	3584907	35	12	74.47	CG
2	3584767	3584907	25	15	62.50	CHG
2	3584767	3584907	111	78	58.73	CHH
2	3668130	3671654	818	666	55.12	CG
2	3668130	3671654	352	866	28.90	CHG
2	3668130	3671654	252	3214	7.27	CHH
2	4394475	4394720	0	12	0.00	CG
2	4394475	4394720	0	64	0.00	CHG
2	4394475	4394720	0	154	0.00	CHH
2	4735326	4735671	0	122	0.00	CG
2	4735326	4735671	0	139	0.00	CHG
2	4735326	4735671	1	372	0.27	CHH
2	4930376	4930562	43	2	95.56	CG
2	4930376	4930562	1	7	12.50	CHG
2	4930376	4930562	0	69	0.00	CHH
2	6097195	6097472	2	41	4.65	CG
2	6097195	6097472	0	89	0.00	CHG
2	6097195	6097472	0	243	0.00	CHH
2	6194639	6194966	0	64	0.00	CG
2	6194639	6194966	0	76	0.00	CHG
2	6194639	6194966	0	339	0.00	CHH
2	6477169	6477370	43	4	91.49	CG
2	6477169	6477370	0	65	0.00	CHG
2	6477169	6477370	1	269	0.37	CHH
2	6479819	6479943	0	120	0.00	CHG
2	6479819	6479943	1	317	0.31	CHH
2	7634883	7634997	0	204	0.00	CG
2	7634883	7634997	0	97	0.00	CHG
2	7634883	7634997	0	234	0.00	CHH
2	9263789	9264764	33	0	100.00	CG
2	9263789	9264764	16	13	55.17	CHG
2	9263789	9264764	0	60	0.00	CHH
2	10881944	10882136	0	22	0.00	CG
2	10881944	10882136	0	31	0.00	CHG
2	10881944	10882136	0	135	0.00	CHH
2	11520851	11521291	12	17	41.38	CG
2	11520851	11521291	1	6	14.29	CHG
2	11520851	11521291	17	94	15.32	CHH
2	11599189	11600489	72	170	29.75	CG
2	11599189	11600489	25	195	11.36	CHG
2	11599189	11600489	84	768	9.86	CHH
2	11939679	11939936	13	1	92.86	CG
2	11939679	11939936	0	40	0.00	CHG
2	11939679	11939936	0	220	0.00	CHH
2	12352060	12352584	102	10	91.07	CG
2	12352060	12352584	68	54	55.74	CHG
2	12352060	12352584	5	205	2.38	CHH
2	12492889	12493008	0	177	0.00	CG
2	12492889	12493008	0	91	0.00	CHG
2	12492889	12493008	0	107	0.00	CHH
2	12583382	12585233	248	77	76.31	CG
2	12583382	12585233	21	675	3.02	CHG
2	12583382	12585233	9	2077	0.43	CHH
2	14258242	14258497	8	9	47.06	CG
2	14258242	14258497	4	5	44.44	CHG
2	14258242	14258497	0	58	0.00	CHH
2	14381584	14382260	133	6	95.68	CG
2	14381584	14382260	94	72	56.63	CHG
2	14381584	14382260	21	783	2.61	CHH
2	14883666	14884152	128	8	94.12	CG
2	14883666	14884152	109	37	74.66	CHG
2	14883666	14884152	10	409	2.39	CHH
2	15077160	15080035	626	42	93.71	CG
2	15077160	15080035	446	216	67.37	CHG
2	15077160	15080035	35	2039	1.69	CHH
2	15300768	15301020	61	8	88.41	CG
2	15300768	15301020	81	32	71.68	CHG
2	15300768	15301020	2	396	0.50	CHH
2	16462100	16462683	194	48	80.17	CG
2	16462100	16462683	82	242	25.31	CHG
2	16462100	16462683	68	779	8.03	CHH
2	16469340	16469527	62	3	95.38	CG
2	16469340	16469527	21	23	47.73	CHG
2	16469340	16469527	2	88	2.22	CHH
2	16575455	16575576	8	40	16.67	CG
2	16575455	16575576	0	14	0.00	CHG
2	16575455	16575576	24	122	16.44	CHH
2	16909276	16909402	3	0	100.00	CG
2	16909276	16909402	7	13	35.00	CHH
2	17470250	17470459	34	4	89.47	CG
2	17470250	17470459	30	11	73.17	CHG
2	17470250	17470459	2	223	0.89	CHH
2	17693456	17694041	62	159	28.05	CG
2	17693456	17694041	14	201	6.51	CHG
2	17693456	17694041	22	512	4.12	CHH
2	17846367	17846587	1	191	0.52	CG
2	17846367	17846587	0	72	0.00	CHG
2	17846367	17846587	0	202	0.00	CHH
2	18156897	18157229	77	4	95.06	CG
2	18156897	18157229	29	7	80.56	CHG
2	18156897	18157229	4	132	2.94	CHH
2	19262811	19262974	28	2	93.33	CG
2	19262811	19262974	4	6	40.00	CHG
2	19262811	19262974	0	197	0.00	CHH
2	19369504	19369623	63	10	86.30	CG
2	19369504	19369623	34	8	80.95	CHG
2	19369504	19369623	2	94	2.08	CHH
2	19649757	19649896	0	150	0.00	CG
2	19649757	19649896	0	72	0.00	CHG
2	19649757	19649896	0	178	0.00	CHH
2	20077988	20078291	54	5	91.53	CG
2	20077988	20078291	27	13	67.50	CHG
2	20077988	20078291	52	189	21.58	CHH
2	22210158	22210334	5	80	5.88	CG
2	22210158	22210334	1	32	3.03	CHG
2	22210158	22210334	3	140	2.10	CHH
2	22275294	22275439	0	10	0.00	CG
2	22275294	22275439	0	50	0.00	CHG
2	22275294	22275439	0	242	0.00	CHH
2	22587752	22588156	109	14	88.62	CG
2	22587752	22588156	46	71	39.32	CHG
2	22587752	22588156	54	470	10.31	CHH
2	22836225	22836730	0	215	0.00	CG
2	22836225	22836730	0	202	0.00	CHG
2	22836225	22836730	1	698	0.14	CHH
2	22982677	22982914	0	10	0.00	CG
2	22982677	22982914	0	109	0.00	CHG
2	22982677	22982914	1	318	0.31	CHH
2	23033077	23033411	16	74	17.78	CG
2	23033077	23033411	21	161	11.54	CHG
2	23033077	23033411	18	402	4.29	CHH
2	23394395	23395510	191	56	77.33	CG
2	23394395	23395510	52	278	15.76	CHG
2	23394395	23395510	4	847	0.47	CHH
2	23471507	23472492	4	1	80.00	CG
2	23471507	23472492	5	4	55.56	CHG
2	23471507	23472492	1	31	3.12	CHH
2	24044095	24044460	106	7	93.81	CG
2	24044095	24044460	43	27	61.43	CHG
2	24044095	24044460	16	148	9.76	CHH
2	24717341	24717558	0	68	0.00	CG
2	24717341	24717558	0	123	0.00	CHG
2	24717341	24717558	0	393	0.00	CHH
2	25574998	25576239	253	32	88.77	CG
2	25574998	25576239	213	157	57.57	CHG
2	25574998	25576239	223	1445	13.37	CHH
2	25830725	25831459	0	351	0.00	CG
2	25830725	25831459	0	314	0.00	CHG
2	25830725	25831459	0	638	0.00	CHH
2	25835047	25835296	0	147	0.00	CG
2	25835047	25835296	0	94	0.00	CHG
2	25835047	25835296	0	259	0.00	CHH
2	26548831	26549237	71	5	93.42	CG
2	26548831	26549237	5	10	33.33	CHG
2	26548831	26549237	23	169	11.98	CHH
2	26659388	26659535	3	0	100.00	CG
2	26659388	26659535	0	17	0.00	CHH
2	26689413	26692203	65	2242	2.82	CG
2	26689413	26692203	16	1547	1.02	CHG
2	26689413	26692203	209	3384	5.82	CHH
2	28199306	28199617	31	1	96.88	CG
2	28199306	28199617	43	22	66.15	CHG
2	28199306	28199617	1	87	1.14	CHH
2	29852698	29852922	5	64	7.25	CG
2	29852698	29852922	0	105	0.00	CHG
2	29852698	29852922	8	281	2.77	CHH
2	30157272	30157610	50	26	65.79	CG
2	30157272	30157610	11	64	14.67	CHG
2	30157272	30157610	38	251	13.15	CHH
2	30823979	30824112	0	24	0.00	CG
2	30823979	30824112	0	32	0.00	CHG
2	30823979	30824112	0	148	0.00	CHH
2	30983625	30984901	0	692	0.00	CG
2	30983625	30984901	1	1052	0.09	CHG
2	30983625	30984901	8	2030	0.39	CHH
2	31445301	31445449	0	16	0.00	CG
2	31445301	31445449	0	67	0.00	CHG
2	31445301	31445449	0	248	0.00	CHH
2	31855152	31855271	1	25	3.85	CHH
2	32524707	32526194	237	170	58.23	CG
2	32524707	32526194	24	463	4.93	CHG
2	32524707	32526194	28	1263	2.17	CHH
2	33158169	33158313	39	0	100.00	CG
2	33158169	33158313	43	15	74.14	CHG
2	33158169	33158313	0	257	0.00	CHH
2	33431516	33431954	20	0	100.00	CG
2	33431516	33431954	0	101	0.00	CHG
2	33431516	33431954	5	458	1.08	CHH
2	33711999	33712328	8	0	100.00	CG
2	33711999	33712328	1	107	0.93	CHG
2	33711999	33712328	0	367	0.00	CHH
2	33834944	33835662	10	86	10.42	CG
2	33834944	33835662	0	158	0.00	CHG
2	33834944	33835662	0	754	0.00	CHH
2	33936933	33937065	1	19	5.00	CG
2	33936933	33937065	0	100	0.00	CHG
2	33936933	33937065	3	298	1.00	CHH
2	34687871	34690219	26	1394	1.83	CG
2	34687871	34690219	31	1181	2.56	CHG
2	34687871	34690219	98	2424	3.89	CHH
2	34772462	34772598	0	33	0.00	CHG
2	34772462	34772598	0	133	0.00	CHH
2	35300370	35300604	10	0	100.00	CG
2	35300370	35300604	0	86	0.00	CHG
2	35300370	35300604	1	392	0.25	CHH
2	35388799	35389069	0	26	0.00	CG
2	35388799	35389069	0	76	0.00	CHG
2	35388799	35389069	0	160	0.00	CHH
3	480369	480630	116	5	95.87	CG
3	480369	480630	0	125	0.00	CHG
3	480369	480630	0	480	0.00	CHH
3	615186	620505	313	1260	19.90	CG
3	615186	620505	81	1570	4.91	CHG
3	615186	620505	191	4789	3.84	CHH
3	1097994	1098400	162	7	95.86	CG
3	1097994	1098400	94	40	70.15	CHG
3	1097994	1098400	31	473	6.15	CHH
3	2922253	2922366	0	4	0.00	CG
3	2922253	2922366	0	9	0.00	CHG
3	2922253	2922366	0	105	0.00	CHH
3	2924923	2926581	129	32	80.12	CG
3	2924923	2926581	4	453	0.88	CHG
3	2924923	2926581	19	1628	1.15	CHH
3	3101473	3101729	153	189	44.74	CG
3	3101473	3101729	3	244	1.21	CHG
3	3101473	3101729	2	445	0.45	CHH
3	3782983	3787490	12	2635	0.45	CG
3	3782983	3787490	16	1841	0.86	CHG
3	3782983	3787490	60	5016	1.18	CHH
3	4471611	4471796	2	261	0.76	CG
3	4471611	4471796	0	161	0.00	CHG
3	4471611	4471796	0	380	0.00	CHH
3	4501942	4502163	25	100	20.00	CG
3	4501942	4502163	16	73	17.98	CHG
3	4501942	4502163	102	85	54.55	CHH
3	4735915	4736042	1	9	10.00	CG
3	4735915	4736042	1	13	7.14	CHG
3	4735915	4736042	0	38	0.00	CHH
3	5786527	5786697	23	1	95.83	CG
3	5786527	5786697	0	96	0.00	CHG
3	5786527	5786697	2	396	0.50	CHH
3	5790733	5792052	202	47	81.12	CG
3	5790733	5792052	171	94	64.53	CHG
3	5790733	5792052	47	846	5.26	CHH
3	5852144	5852325	68	3	95.77	CG
3	5852144	5852325	51	13	79.69	CHG
3	5852144	5852325	24	257	8.54	CHH
3	5861909	5862252	68	14	82.93	CG
3	5861909	5862252	0	208	0.00	CHG
3	5861909	5862252	0	424	0.00	CHH
3	5863529	5863616	0	48	0.00	CG
3	5863529	5863616	0	89	0.00	CHG
3	5863529	5863616	0	205	0.00	CHH
3	6119207	6119385	0	296	0.00	CG
3	6119207	6119385	0	223	0.00	CHG
3	6119207	6119385	0	348	0.00	CHH
3	6727333	6727471	0	45	0.00	CG
3	6727333	6727471	0	35	0.00	CHG
3	6727333	6727471	0	228	0.00	CHH
3	7815881	7816020	0	333	0.00	CG
3	7815881	7816020	0	150	0.00	CHG
3	7815881	7816020	0	131	0.00	CHH
3	8124800	8125238	1	396	0.25	CG
3	8124800	8125238	0	235	0.00	CHG
3	8124800	8125238	0	786	0.00	CHH
3	8292358	8296069	220	277	44.27	CG
3	8292358	8296069	94	774	10.83	CHG
3	8292358	8296069	55	3382	1.60	CHH
3	8918282	8919468	58	765	7.05	CG
3	8918282	8919468	13	459	2.75	CHG
3	8918282	8919468	65	1485	4.19	CHH
3	8932042	8933228	99	115	46.26	CG
3	8932042	8933228	42	87	32.56	CHG
3	8932042	8933228	69	603	10.27	CHH
3	9007060	9007495	42	4	91.30	CG
3	9007060	9007495	33	11	75.00	CHG
3	9007060	9007495	4	95	4.04	CHH
3	9615393	9615681	0	269	0.00	CG
3	9615393	9615681	0	138	0.00	CHG
3	9615393	9615681	0	581	0.00	CHH
3	9647322	9647514	3	41	6.82	CG
3	9647322	9647514	0	89	0.00	CHG
3	9647322	9647514	0	253	0.00	CHH
3	9661238	9663204	57	586	8.86	CG
3	9661238	9663204	24	555	4.15	CHG
3	9661238	9663204	145	1664	8.02	CHH
3	9703524	9703645	0	25	0.00	CG
3	9703524	9703645	0	36	0.00	CHG
3	9703524	9703645	0	379	0.00	CHH
3	9741411	9741728	18	2	90.00	CG
3	9741411	9741728	9	5	64.29	CHG
3	9741411	9741728	5	90	5.26	CHH
3	9772110	9773385	387	78	83.23	CG
3	9772110	9773385	177	154	53.47	CHG
3	9772110	9773385	176	1424	11.00	CHH
3	9970758	9972750	33	1205	2.67	CG
3	9970758	9972750	5	1055	0.47	CHG
3	9970758	9972750	28	1832	1.51	CHH
3	11318102	11319164	31	48	39.24	CG
3	11318102	11319164	11	115	8.73	CHG
3	11318102	11319164	31	477	6.10	CHH
3	11624874	11625180	11	2	84.62	CG
3	11624874	11625180	0	84	0.00	CHG
3	11624874	11625180	0	288	0.00	CHH
3	11762654	11762757	22	4	84.62	CG
3	11762654	11762757	0	5	0.00	CHG
3	11762654	11762757	1	73	1.35	CHH
3	12013674	12014450	71	5	93.42	CG
3	12013674	12014450	131	45	74.43	CHG
3	12013674	12014450	23	914	2.45	CHH
3	13326106	13326294	9	54	14.29	CG
3	13326106	13326294	0	98	0.00	CHG
3	13326106	13326294	0	192	0.00	CHH
3	14484188	14484405	4	1	80.00	CG
3	14484188	14484405	46	8	85.19	CHG
3	14484188	14484405	0	194	0.00	CHH
3	14495901	14496241	7	618	1.12	CG
3	14495901	14496241	0	240	0.00	CHG
3	14495901	14496241	0	618	0.00	CHH
3	14633392	14633990	18	1	94.74	CG
3	14633392	14633990	8	1	88.89	CHG
3	14633392	14633990	5	120	4.00	CHH
3	14886695	14886945	1	53	1.85	CG
3	14886695	14886945	15	48	23.81	CHG
3	14886695	14886945	157	313	33.40	CHH
3	15238637	15238822	45	5	90.00	CG
3	15238637	15238822	42	26	61.76	CHG
3	15238637	15238822	4	375	1.06	CHH
3	15348429	15348696	37	11	77.08	CG
3	15348429	15348696	37	35	51.39	CHG
3	15348429	15348696	7	290	2.36	CHH
3	15968990	15969281	0	155	0.00	CG
3	15968990	15969281	0	142	0.00	CHG
3	15968990	15969281	0	172	0.00	CHH
3	16545195	16545366	4	2	66.67	CG
3	16545195	16545366	0	3	0.00	CHG
3	16545195	16545366	0	18	0.00	CHH
3	16691128	16691290	5	1	83.33	CG
3	16691128	16691290	0	13	0.00	CHG
3	16691128	16691290	12	60	16.67	CHH
3	18086982	18087169	0	39	0.00	CG
3	18086982	18087169	0	49	0.00	CHG
3	18086982	18087169	0	144	0.00	CHH
3	18671229	18673244	141	189	42.73	CG
3	18671229	18673244	41	300	12.02	CHG
3	18671229	18673244	46	1250	3.55	CHH
3	19066610	19066885	81	6	93.10	CG
3	19066610	19066885	14	11	56.00	CHG
3	19066610	19066885	3	40	6.98	CHH
3	19477758	19477853	31	8	79.49	CG
3	19477758	19477853	20	28	41.67	CHG
3	19477758	19477853	5	128	3.76	CHH
3	20211561	20212451	203	24	89.43	CG
3	20211561	20212451	120	86	58.25	CHG
3	20211561	20212451	46	806	5.40	CHH
3	20300032	20301332	274	25	91.64	CG
3	20300032	20301332	394	148	72.69	CHG
3	20300032	20301332	23	1818	1.25	CHH
3	20506153	20506547	42	2	95.45	CG
3	20506153	20506547	27	16	62.79	CHG
3	20506153	20506547	3	174	1.69	CHH
3	20529596	20530676	152	690	18.05	CG
3	20529596	20530676	5	382	1.29	CHG
3	20529596	20530676	5	586	0.85	CHH
3	20609274	20609784	41	1	97.62	CG
3	20609274	20609784	31	20	60.78	CHG
3	20609274	20609784	9	150	5.66	CHH
3	21045714	21046037	26	2	92.86	CG
3	21045714	21046037	6	10	37.50	CHG
3	21045714	21046037	3	173	1.70	CHH
3	21053301	21054404	30	16	65.22	CG
3	21053301	21054404	1	133	0.75	CHG
3	21053301	21054404	0	823	0.00	CHH
3	21477968	21478334	30	47	38.96	CG
3	21477968	21478334	1	53	1.85	CHG
3	21477968	21478334	24	231	9.41	CHH
3	21805912	21806253	70	13	84.34	CG
3	21805912	21806253	8	7	53.33	CHG
3	21805912	21806253	0	36	0.00	CHH
3	22443304	22443897	0	594	0.00	CG
3	22443304	22443897	0	400	0.00	CHG
3	22443304	22443897	0	735	0.00	CHH
3	22930322	22932315	77	657	10.49	CG
3	22930322	22932315	2	644	0.31	CHG
3	22930322	22932315	6	2413	0.25	CHH
3	22977964	22978503	63	22	74.12	CG
3	22977964	22978503	50	107	31.85	CHG
3	22977964	22978503	88	451	16.33	CHH
3	23158824	23162446	163	1565	9.43	CG
3	23158824	23162446	39	827	4.50	CHG
3	23158824	23162446	116	2877	3.88	CHH
3	23440227	23440314	0	17	0.00	CHG
3	23440227	23440314	0	123	0.00	CHH
3	23502337	23503127	51	16	76.12	CG
3	23502337	23503127	4	71	5.33	CHG
3	23502337	23503127	66	669	8.98	CHH
3	24402381	24402506	0	366	0.00	CG
3	24402381	24402506	0	101	0.00	CHG
3	24402381	24402506	0	148	0.00	CHH
3	24697252	24697403	0	19	0.00	CG
3	24697252	24697403	0	24	0.00	CHG
3	24697252	24697403	0	119	0.00	CHH
3	25124576	25125712	177	107	62.32	CG
3	25124576	25125712	52	135	27.81	CHG
3	25124576	25125712	360	675	34.78	CHH
3	25238096	25238349	22	13	62.86	CG
3	25238096	25238349	0	99	0.00	CHG
3	25238096	25238349	1	324	0.31	CHH
3	26463242	26463534	15	151	9.04	CG
3	26463242	26463534	0	138	0.00	CHG
3	26463242	26463534	5	303	1.62	CHH
3	28036385	28036532	0	59	0.00	CG
3	28036385	28036532	0	57	0.00	CHG
3	28036385	28036532	0	168	0.00	CHH
3	28421210	28421588	1	116	0.85	CG
3	28421210	28421588	0	199	0.00	CHG
3	28421210	28421588	0	656	0.00	CHH
3	28828352	28828674	31	20	60.78	CG
3	28828352	28828674	0	15	0.00	CHG
3	28828352	28828674	86	351	19.68	CHH
3	28883667	28884002	3	5	37.50	CG
3	28883667	28884002	2	15	11.76	CHG
3	28883667	28884002	0	131	0.00	CHH
3	28999678	28999814	10	3	76.92	CG
3	28999678	28999814	5	5	50.00	CHG
3	28999678	28999814	12	39	23.53	CHH
3	29036320	29036527	56	13	81.16	CG
3	29036320	29036527	5	6	45.45	CHG
3	29036320	29036527	6	32	15.79	CHH
3	29048284	29048488	76	8	90.48	CG
3	29048284	29048488	49	41	54.44	CHG
3	29048284	29048488	2	63	3.08	CHH
3	29804060	29804313	0	62	0.00	CG
3	29804060	29804313	1	144	0.69	CHG
3	29804060	29804313	0	460	0.00	CHH
3	31242980	31243426	0	1	0.00	CHH
3	31550060	31550292	77	17	81.91	CG
3	31550060	31550292	12	23	34.29	CHG
3	31550060	31550292	15	115	11.54	CHH
3	32992420	32993458	63	57	52.50	CG
3	32992420	32993458	9	102	8.11	CHG
3	32992420	32993458	41	522	7.28	CHH
3	33907932	33908490	0	42	0.00	CG
3	33907932	33908490	0	289	0.00	CHG
3	33907932	33908490	4	1009	0.39	CHH
3	34241449	34241654	0	45	0.00	CG
3	34241449	34241654	0	114	0.00	CHG
3	34241449	34241654	0	233	0.00	CHH
3	34254363	34255907	109	512	17.55	CG
3	34254363	34255907	11	789	1.38	CHG
3	34254363	34255907	117	1719	6.37	CHH
3	34833000	34833309	39	7	84.78	CG
3	34833000	34833309	22	19	53.66	CHG
3	34833000	34833309	8	82	8.89	CHH
3	35110086	35110256	2	0	100.00	CG
3	35110086	35110256	0	23	0.00	CHG
3	35110086	35110256	0	122	0.00	CHH
3	35180241	35180554	59	2	96.72	CG
3	35180241	35180554	0	173	0.00	CHG
3	35180241	35180554	0	518	0.00	CHH
3	35917041	35917731	161	105	60.53	CG
3	35917041	35917731	31	161	16.15	CHG
3	35917041	35917731	67	757	8.13	CHH
3	36048993	36049255	3	54	5.26	CG
3	36048993	36049255	1	83	1.19	CHG
3	36048993	36049255	11	185	5.61	CHH
3	36390761	36392058	5	1152	0.43	CG
3	36390761	36392058	0	645	0.00	CHG
3	36390761	36392058	4	1373	0.29	CHH
4	2128481	2128855	20	13	60.61	CG
4	2128481	2128855	1	12	7.69	CHG
4	2128481	2128855	26	105	19.85	CHH
4	2540394	2540485	44	3	93.62	CG
4	2540394	2540485	12	26	31.58	CHG
4	2540394	2540485	0	118	0.00	CHH
4	3036997	3037085	12	0	100.00	CG
4	3036997	3037085	3	5	37.50	CHG
4	3036997	3037085	0	10	0.00	CHH
4	4049820	4050064	56	2	96.55	CG
4	4049820	4050064	15	28	34.88	CHG
4	4049820	4050064	12	177	6.35	CHH
4	4695559	4695777	34	3	91.89	CG
4	4695559	4695777	13	13	50.00	CHG
4	4695559	4695777	6	71	7.79	CHH
4	5205473	5206792	439	44	90.89	CG
4	5205473	5206792	215	131	62.14	CHG
4	5205473	5206792	41	1410	2.83	CHH
4	5370300	5370990	7	0	100.00	CG
4	5370300	5370990	4	1	80.00	CHG
4	5370300	5370990	0	15	0.00	CHH
4	7250146	7253105	151	2154	6.55	CG
4	7250146	7253105	99	1154	7.90	CHG
4	7250146	7253105	83	3007	2.69	CHH
4	7946934	7947116	54	4	93.10	CG
4	7946934	7947116	21	25	45.65	CHG
4	7946934	7947116	10	165	5.71	CHH
4	7976120	7976768	11	65	14.47	CG
4	7976120	7976768	1	168	0.59	CHG
4	7976120	7976768	0	419	0.00	CHH
4	7998972	7999131	0	1	0.00	CG
4	7998972	7999131	0	2	0.00	CHG
4	7998972	7999131	0	10	0.00	CHH
4	9504426	9506750	522	81	86.57	CG
4	9504426	9506750	269	364	42.50	CHG
4	9504426	9506750	23	2782	0.82	CHH
4	10597218	10597775	138	10	93.24	CG
4	10597218	10597775	155	64	70.78	CHG
4	10597218	10597775	6	542	1.09	CHH
4	11254426	11254603	0	27	0.00	CG
4	11254426	11254603	0	43	0.00	CHG
4	11254426	11254603	0	189	0.00	CHH
4	11479976	11481063	4	98	3.92	CG
4	11479976	11481063	1	137	0.72	CHG
4	11479976	11481063	1	882	0.11	CHH
4	12511724	12511877	22	1	95.65	CG
4	12511724	12511877	61	24	71.76	CHG
4	12511724	12511877	0	221	0.00	CHH
4	12570254	12573173	500	32	93.98	CG
4	12570254	12573173	526	267	66.33	CHG
4	12570254	12573173	36	2857	1.24	CHH
4	14336636	14336825	20	0	100.00	CG
4	14336636	14336825	20	11	64.52	CHG
4	14336636	14336825	0	23	0.00	CHH
4	15422154	15422563	16	1	94.12	CG
4	15422154	15422563	20	6	76.92	CHG
4	15422154	15422563	47	138	25.41	CHH
4	15927777	15928107	1	159	0.62	CG
4	15927777	15928107	0	156	0.00	CHG
4	15927777	15928107	0	509	0.00	CHH
4	16377949	16378038	48	5	90.57	CG
4	16377949	16378038	38	19	66.67	CHG
4	16377949	16378038	4	154	2.53	CHH
4	16429861	16430118	19	1	95.00	CG
4	16429861	16430118	64	7	90.14	CHG
4	16429861	16430118	18	186	8.82	CHH
4	16739824	16740091	112	3	97.39	CG
4	16739824	16740091	34	18	65.38	CHG
4	16739824	16740091	3	143	2.05	CHH
4	16870850	16871033	20	1	95.24	CG
4	16870850	16871033	0	3	0.00	CHG
4	16870850	16871033	0	141	0.00	CHH
4	16929303	16929386	10	0	100.00	CG
4	16929303	16929386	0	1	0.00	CHG
4	16929303	16929386	0	36	0.00	CHH
4	18861290	18861421	9	0	100.00	CG
4	18861290	18861421	5	4	55.56	CHG
4	18861290	18861421	28	55	33.73	CHH
4	18879559	18879953	183	28	86.73	CG
4	18879559	18879953	84	83	50.30	CHG
4	18879559	18879953	15	242	5.84	CHH
4	19594453	19594613	0	24	0.00	CG
4	19594453	19594613	0	70	0.00	CHG
4	19594453	19594613	0	83	0.00	CHH
4	21836525	21836740	0	85	0.00	CG
4	21836525	21836740	0	158	0.00	CHG
4	21836525	21836740	0	449	0.00	CHH
4	22149701	22149888	0	189	0.00	CG
4	22149701	22149888	0	88	0.00	CHG
4	22149701	22149888	0	174	0.00	CHH
4	24463582	24463728	0	49	0.00	CG
4	24463582	24463728	0	43	0.00	CHG
4	24463582	24463728	0	203	0.00	CHH
4	24879051	24879296	0	15	0.00	CG
4	24879051	24879296	0	196	0.00	CHG
4	24879051	24879296	0	294	0.00	CHH
4	25700367	25700823	212	18	92.17	CG
4	25700367	25700823	57	52	52.29	CHG
4	25700367	25700823	92	323	22.17	CHH
4	26025305	26025523	30	5	85.71	CG
4	26025305	26025523	0	79	0.00	CHG
4	26025305	26025523	2	257	0.77	CHH
4	26125746	26125921	12	2	85.71	CG
4	26125746	26125921	9	1	90.00	CHG
4	26125746	26125921	2	89	2.20	CHH
4	28854448	28854672	0	184	0.00	CG
4	28854448	28854672	0	73	0.00	CHG
4	28854448	28854672	5	343	1.44	CHH
4	31600862	31601333	228	14	94.21	CG
4	31600862	31601333	131	172	43.23	CHG
4	31600862	31601333	16	789	1.99	CHH
4	32665225	32665685	2	590	0.34	CG
4	32665225	32665685	0	414	0.00	CHG
4	32665225	32665685	0	846	0.00	CHH
4	32845260	32845468	29	5	85.29	CG
4	32845260	32845468	0	112	0.00	CHG
4	32845260	32845468	0	306	0.00	CHH
4	32907649	32907913	6	0	100.00	CG
4	32907649	32907913	17	6	73.91	CHG
4	32907649	32907913	0	60	0.00	CHH
4	32976630	32976775	0	32	0.00	CG
4	32976630	32976775	0	45	0.00	CHG
4	32976630	32976775	1	232	0.43	CHH
5	22552	22704	40	5	88.89	CG
5	22552	22704	27	12	69.23	CHG
5	22552	22704	2	167	1.18	CHH
5	167915	169390	42	105	28.57	CG
5	167915	169390	1	80	1.23	CHG
5	167915	169390	24	539	4.26	CHH
5	802197	802307	0	22	0.00	CG
5	802197	802307	0	29	0.00	CHG
5	802197	802307	0	182	0.00	CHH
5	1555477	1555743	26	1	96.30	CG
5	1555477	1555743	0	97	0.00	CHG
5	1555477	1555743	0	334	0.00	CHH
5	1623822	1624065	10	4	71.43	CG
5	1623822	1624065	1	3	25.00	CHG
5	1623822	1624065	0	6	0.00	CHH
5	1649481	1650024	223	21	91.39	CG
5	1649481	1650024	67	117	36.41	CHG
5	1649481	1650024	34	429	7.34	CHH
5	2535968	2537410	58	1138	4.85	CG
5	2535968	2537410	2	825	0.24	CHG
5	2535968	2537410	3	2241	0.13	CHH
5	3201536	3202094	27	35	43.55	CG
5	3201536	3202094	22	85	20.56	CHG
5	3201536	3202094	81	483	14.36	CHH
5	3642042	3642277	34	6	85.00	CG
5	3642042	3642277	2	13	13.33	CHG
5	3642042	3642277	10	113	8.13	CHH
5	4042346	4043559	19	0	100.00	CG
5	4042346	4043559	9	3	75.00	CHG
5	4042346	4043559	0	29	0.00	CHH
5	6697788	6698020	33	2	94.29	CG
5	6697788	6698020	2	49	3.92	CHG
5	6697788	6698020	0	290	0.00	CHH
5	8888812	8888977	12	4	75.00	CG
5	8888812	8888977	37	13	74.00	CHG
5	8888812	8888977	1	126	0.79	CHH
5	9364313	9364413	89	3	96.74	CG
5	9364313	9364413	48	32	60.00	CHG
5	9364313	9364413	3	134	2.19	CHH
5	12549332	12549415	4	1	80.00	CG
5	12549332	12549415	0	8	0.00	CHH
5	12809268	12809477	29	2	93.55	CG
5	12809268	12809477	7	13	35.00	CHG
5	12809268	12809477	4	52	7.14	CHH
5	13857407	13857542	79	8	90.80	CG
5	13857407	13857542	18	17	51.43	CHG
5	13857407	13857542	0	119	0.00	CHH
5	14246535	14246708	0	8	0.00	CG
5	14246535	14246708	0	3	0.00	CHG
5	14246535	14246708	0	134	0.00	CHH
5	15249273	15249609	139	5	96.53	CG
5	15249273	15249609	79	38	67.52	CHG
5	15249273	15249609	9	505	1.75	CHH
5	15263881	15264136	40	1	97.56	CG
5	15263881	15264136	14	14	50.00	CHG
5	15263881	15264136	0	47	0.00	CHH
5	16141049	16142222	145	10	93.55	CG
5	16141049	16142222	95	32	74.80	CHG
5	16141049	16142222	17	592	2.79	CHH
5	16604726	16607053	460	78	85.50	CG
5	16604726	16607053	229	229	50.00	CHG
5	16604726	16607053	157	2329	6.32	CHH
5	16695358	16697204	140	425	24.78	CG
5	16695358	16697204	129	302	29.93	CHG
5	16695358	16697204	74	1112	6.24	CHH
5	17145149	17145240	0	12	0.00	CG
5	17145149	17145240	0	90	0.00	CHH
5	17275880	17277194	125	151	45.29	CG
5	17275880	17277194	3	323	0.92	CHG
5	17275880	17277194	18	1102	1.61	CHH
5	18555974	18556911	203	26	88.65	CG
5	18555974	18556911	85	77	52.47	CHG
5	18555974	18556911	3	590	0.51	CHH
5	18614365	18615227	384	21	94.81	CG
5	18614365	18615227	155	86	64.32	CHG
5	18614365	18615227	111	560	16.54	CHH
5	19082868	19087589	276	914	23.19	CG
5	19082868	19087589	7	1505	0.46	CHG
5	19082868	19087589	24	4754	0.50	CHH
5	19475239	19475452	0	58	0.00	CG
5	19475239	19475452	0	81	0.00	CHG
5	19475239	19475452	0	280	0.00	CHH
5	19550564	19550779	2	9	18.18	CHG
5	19550564	19550779	6	73	7.59	CHH
5	19686229	19688559	98	956	9.30	CG
5	19686229	19688559	66	603	9.87	CHG
5	19686229	19688559	82	2183	3.62	CHH
5	20197683	20197907	0	390	0.00	CG
5	20197683	20197907	0	215	0.00	CHG
5	20197683	20197907	0	368	0.00	CHH
5	20639725	20640817	157	8	95.15	CG
5	20639725	20640817	19	379	4.77	CHG
5	20639725	20640817	1	1173	0.09	CHH
5	21196473	21196736	17	3	85.00	CG
5	21196473	21196736	40	11	78.43	CHG
5	21196473	21196736	19	210	8.30	CHH
5	21222554	21222810	6	9	40.00	CHG
5	21222554	21222810	4	137	2.84	CHH
5	21231311	21231463	1	132	0.75	CG
5	21231311	21231463	0	83	0.00	CHG
5	21231311	21231463	0	142	0.00	CHH
5	21771662	21772418	104	27	79.39	CG
5	21771662	21772418	54	78	40.91	CHG
5	21771662	21772418	15	514	2.84	CHH
5	22632027	22632224	1	337	0.30	CG
5	22632027	22632224	0	233	0.00	CHG
5	22632027	22632224	0	445	0.00	CHH
5	23446330	23446424	1	0	100.00	CG
5	23446330	23446424	0	5	0.00	CHH
5	23498602	23498699	17	0	100.00	CG
5	23498602	23498699	8	1	88.89	CHG
5	23498602	23498699	86	43	66.67	CHH
5	23589096	23589233	0	29	0.00	CHG
5	23589096	23589233	1	110	0.90	CHH
5	23597717	23597952	0	24	0.00	CG
5	23597717	23597952	0	64	0.00	CHG
5	23597717	23597952	0	266	0.00	CHH
5	23799970	23800819	1	715	0.14	CG
5	23799970	23800819	0	552	0.00	CHG
5	23799970	23800819	6	1183	0.50	CHH
5	24767463	24767619	0	179	0.00	CG
5	24767463	24767619	1	64	1.54	CHG
5	24767463	24767619	0	186	0.00	CHH
5	24958493	24960927	103	241	29.94	CG
5	24958493	24960927	2	392	0.51	CHG
5	24958493	24960927	8	1684	0.47	CHH
5	25117789	25118255	0	490	0.00	CG
5	25117789	25118255	0	201	0.00	CHG
5	25117789	25118255	1	498	0.20	CHH
5	25683760	25686062	73	1846	3.80	CG
5	25683760	25686062	40	1437	2.71	CHG
5	25683760	25686062	168	2297	6.82	CHH
5	25916431	25917101	159	58	73.27	CG
5	25916431	25917101	93	83	52.84	CHG
5	25916431	25917101	115	750	13.29	CHH
5	26920490	26922938	0	582	0.00	CG
5	26920490	26922938	1	1257	0.08	CHG
5	26920490	26922938	1	2851	0.04	CHH
5	27294148	27294484	0	255	0.00	CG
5	27294148	27294484	0	186	0.00	CHG
5	27294148	27294484	1	628	0.16	CHH
5	27692643	27692794	0	128	0.00	CG
5	27692643	27692794	0	119	0.00	CHG
5	27692643	27692794	0	261	0.00	CHH
5	28353397	28355104	173	53	76.55	CG
5	28353397	28355104	4	367	1.08	CHG
5	28353397	28355104	13	1388	0.93	CHH
5	29368004	29368261	21	0	100.00	CG
5	29368004	29368261	56	11	83.58	CHG
5	29368004	29368261	10	227	4.22	CHH
5	29485227	29485510	3	35	7.89	CG
5	29485227	29485510	0	74	0.00	CHG
5	29485227	29485510	1	281	0.35	CHH
6	247291	247913	0	258	0.00	CG
6	247291	247913	0	188	0.00	CHG
6	247291	247913	0	443	0.00	CHH
6	368015	368245	0	69	0.00	CG
6	368015	368245	0	80	0.00	CHG
6	368015	368245	0	279	0.00	CHH
6	521167	522087	21	170	10.99	CG
6	521167	522087	1	138	0.72	CHG
6	521167	522087	28	622	4.31	CHH
6	813527	813697	24	2	92.31	CG
6	813527	813697	0	60	0.00	CHG
6	813527	813697	3	344	0.86	CHH
6	958185	960061	194	38	83.62	CG
6	958185	960061	40	83	32.52	CHG
6	958185	960061	21	362	5.48	CHH
6	1267865	1268035	53	1	98.15	CG
6	1267865	1268035	17	20	45.95	CHG
6	1267865	1268035	3	96	3.03	CHH
6	2300838	2300945	0	43	0.00	CG
6	2300838	2300945	0	68	0.00	CHG
6	2300838	2300945	0	193	0.00	CHH
6	3639180	3639309	0	69	0.00	CG
6	3639180	3639309	0	79	0.00	CHG
6	3639180	3639309	0	214	0.00	CHH
6	3944739	3945664	52	64	44.83	CG
6	3944739	3945664	36	87	29.27	CHG
6	3944739	3945664	51	591	7.94	CHH
6	4300749	4300941	47	2	95.92	CG
6	4300749	4300941	17	27	38.64	CHG
6	4300749	4300941	4	153	2.55	CHH
6	4553472	4553595	6	1	85.71	CG
6	4553472	4553595	2	2	50.00	CHG
6	4553472	4553595	0	8	0.00	CHH
6	4806070	4806315	3	197	1.50	CG
6	4806070	4806315	0	82	0.00	CHG
6	4806070	4806315	0	333	0.00	CHH
6	5243918	5246329	222	567	28.14	CG
6	5243918	5246329	4	1402	0.28	CHG
6	5243918	5246329	16	3868	0.41	CHH
6	5335954	5337126	130	225	36.62	CG
6	5335954	5337126	39	223	14.89	CHG
6	5335954	5337126	82	765	9.68	CHH
6	6556692	6557000	7	364	1.89	CG
6	6556692	6557000	0	183	0.00	CHG
6	6556692	6557000	1	402	0.25	CHH
6	7262284	7262394	0	62	0.00	CHG
6	7262284	7262394	0	193	0.00	CHH
6	7296360	7297580	26	0	100.00	CG
6	7296360	7297580	12	3	80.00	CHG
6	7296360	7297580	0	57	0.00	CHH
6	7450229	7452500	318	62	83.68	CG
6	7450229	7452500	165	157	51.24	CHG
6	7450229	7452500	66	1114	5.59	CHH
6	8010667	8010997	210	13	94.17	CG
6	8010667	8010997	77	98	44.00	CHG
6	8010667	8010997	7	559	1.24	CHH
6	8383109	8385458	186	2124	8.05	CG
6	8383109	8385458	46	1073	4.11	CHG
6	8383109	8385458	37	2931	1.25	CHH
6	8415805	8416695	272	40	87.18	CG
6	8415805	8416695	170	129	56.86	CHG
6	8415805	8416695	73	1373	5.05	CHH
6	8434419	8434622	14	2	87.50	CG
6	8434419	8434622	13	13	50.00	CHG
6	8434419	8434622	0	30	0.00	CHH
6	9748876	9749062	0	67	0.00	CG
6	9748876	9749062	0	15	0.00	CHG
6	9748876	9749062	1	127	0.78	CHH
6	10075237	10075575	75	3	96.15	CG
6	10075237	10075575	92	40	69.70	CHG
6	10075237	10075575	8	283	2.75	CHH
6	10093461	10093858	70	11	86.42	CG
6	10093461	10093858	34	44	43.59	CHG
6	10093461	10093858	1	325	0.31	CHH
6	10113029	10113177	21	7	75.00	CG
6	10113029	10113177	7	10	41.18	CHG
6	10113029	10113177	17	62	21.52	CHH
6	10217891	10218933	44	4	91.67	CG
6	10217891	10218933	35	17	67.31	CHG
6	10217891	10218933	0	177	0.00	CHH
6	11173234	11173456	2	9	18.18	CG
6	11173234	11173456	32	61	34.41	CHH
6	11608473	11613132	325	161	66.87	CG
6	11608473	11613132	172	467	26.92	CHG
6	11608473	11613132	177	1995	8.15	CHH
6	11851633	11851862	9	1	90.00	CG
6	11851633	11851862	13	14	48.15	CHG
6	11851633	11851862	1	114	0.87	CHH
6	14122214	14122520	73	2	97.33	CG
6	14122214	14122520	74	46	61.67	CHG
6	14122214	14122520	52	340	13.27	CHH
6	14227883	14228030	36	3	92.31	CG
6	14227883	14228030	13	10	56.52	CHG
6	14227883	14228030	3	143	2.05	CHH
6	14470606	14472078	127	8	94.07	CG
6	14470606	14472078	158	40	79.80	CHG
6	14470606	14472078	40	681	5.55	CHH
6	14807254	14809068	367	174	67.84	CG
6	14807254	14809068	359	316	53.19	CHG
6	14807254	14809068	213	2139	9.06	CHH
6	14821713	14821802	5	0	100.00	CG
6	14821713	14821802	11	4	73.33	CHG
6	14821713	14821802	0	49	0.00	CHH
6	14830897	14831902	86	7	92.47	CG
6	14830897	14831902	153	37	80.53	CHG
6	14830897	14831902	11	609	1.77	CHH
6	14905971	14906794	91	5	94.79	CG
6	14905971	14906794	89	21	80.91	CHG
6	14905971	14906794	11	206	5.07	CHH
6	15103747	15105627	196	10	95.15	CG
6	15103747	15105627	184	68	73.02	CHG
6	15103747	15105627	20	1494	1.32	CHH
6	15563454	15563591	12	1	92.31	CG
6	15563454	15563591	16	6	72.73	CHG
6	15563454	15563591	0	73	0.00	CHH
6	16686020	16686529	164	12	93.18	CG
6	16686020	16686529	56	42	57.14	CHG
6	16686020	16686529	6	551	1.08	CHH
6	17158669	17158861	37	21	63.79	CG
6	17158669	17158861	0	48	0.00	CHG
6	17158669	17158861	1	186	0.53	CHH
6	17199198	17199462	18	0	100.00	CG
6	17199198	17199462	2	5	28.57	CHG
6	17199198	17199462	6	67	8.22	CHH
6	17345586	17347256	422	21	95.26	CG
6	17345586	17347256	189	108	63.64	CHG
6	17345586	17347256	48	1213	3.81	CHH
6	17660877	17661057	39	4	90.70	CG
6	17660877	17661057	55	13	80.88	CHG
6	17660877	17661057	3	167	1.76	CHH
6	18643334	18643833	26	16	61.90	CG
6	18643334	18643833	4	26	13.33	CHG
6	18643334	18643833	0	26	0.00	CHH
6	18777954	18779043	135	7	95.07	CG
6	18777954	18779043	76	41	64.96	CHG
6	18777954	18779043	10	790	1.25	CHH
6	18810122	18813496	653	187	77.74	CG
6	18810122	18813496	238	530	30.99	CHG
6	18810122	18813496	52	3269	1.57	CHH
6	19312818	19314797	538	395	57.66	CG
6	19312818	19314797	192	495	27.95	CHG
6	19312818	19314797	162	2803	5.46	CHH
6	20357482	20357681	64	6	91.43	CG
6	20357482	20357681	26	22	54.17	CHG
6	20357482	20357681	4	290	1.36	CHH
6	20439044	20439654	1	192	0.52	CG
6	20439044	20439654	0	351	0.00	CHG
6	20439044	20439654	0	711	0.00	CHH
6	21127919	21128043	58	4	93.55	CG
6	21127919	21128043	0	7	0.00	CHG
6	21127919	21128043	5	158	3.07	CHH
6	21587628	21587841	28	1	96.55	CG
6	21587628	21587841	19	7	73.08	CHG
6	21587628	21587841	12	183	6.15	CHH
6	22156671	22156886	1	182	0.55	CG
6	22156671	22156886	0	113	0.00	CHG
6	22156671	22156886	0	496	0.00	CHH
6	22194216	22196915	464	189	71.06	CG
6	22194216	22196915	155	548	22.05	CHG
6	22194216	22196915	62	2703	2.24	CHH
6	22609287	22612484	415	595	41.09	CG
6	22609287	22612484	184	579	24.12	CHG
6	22609287	22612484	359	2214	13.95	CHH
6	22611980	22612934	70	444	13.62	CG
6	22611980	22612934	64	366	14.88	CHG
6	22611980	22612934	230	1163	16.51	CHH
6	23257492	23257741	48	6	88.89	CG
6	23257492	23257741	16	12	57.14	CHG
6	23257492	23257741	2	60	3.23	CHH
6	23764410	23764702	0	100	0.00	CHH
6	23867262	23869017	32	1698	1.85	CG
6	23867262	23869017	82	852	8.78	CHG
6	23867262	23869017	168	2121	7.34	CHH
6	24469529	24469704	2	0	100.00	CG
6	24469529	24469704	11	1	91.67	CHG
6	24469529	24469704	2	52	3.70	CHH
6	26027042	26027922	86	50	63.24	CG
6	26027042	26027922	6	125	4.58	CHG
6	26027042	26027922	31	504	5.79	CHH
6	27428621	27432072	251	905	21.71	CG
6	27428621	27432072	27	1418	1.87	CHG
6	27428621	27432072	44	3269	1.33	CHH
6	27581080	27581338	59	2	96.72	CG
6	27581080	27581338	24	14	63.16	CHG
6	27581080	27581338	15	152	8.98	CHH
6	27924772	27924989	32	2	94.12	CG
6	27924772	27924989	3	120	2.44	CHG
6	27924772	27924989	7	213	3.18	CHH
6	28789509	28791244	73	157	31.74	CG
6	28789509	28791244	3	556	0.54	CHG
6	28789509	28791244	20	1587	1.24	CHH
6	28955148	28955268	0	46	0.00	CHG
6	28955148	28955268	1	128	0.78	CHH
6	29172271	29175087	213	97	68.71	CG
6	29172271	29175087	3	1215	0.25	CHG
6	29172271	29175087	4	4000	0.10	CHH
6	30516258	30516520	11	82	11.83	CG
6	30516258	30516520	2	41	4.65	CHG
6	30516258	30516520	29	231	11.15	CHH
6	31188015	31188697	33	9	78.57	CG
6	31188015	31188697	1	231	0.43	CHG
6	31188015	31188697	1	886	0.11	CHH
6	31222643	31224540	202	17	92.24	CG
6	31222643	31224540	2	410	0.49	CHG
6	31222643	31224540	7	1386	0.50	CHH
7	411438	411715	75	7	91.46	CG
7	411438	411715	60	99	37.74	CHG
7	411438	411715	11	325	3.27	CHH
7	993029	993215	0	30	0.00	CG
7	993029	993215	1	58	1.69	CHG
7	993029	993215	3	152	1.94	CHH
7	1846760	1848970	310	68	82.01	CG
7	1846760	1848970	1	716	0.14	CHG
7	1846760	1848970	4	2745	0.15	CHH
7	2224488	2225213	3	412	0.72	CG
7	2224488	2225213	2	341	0.58	CHG
7	2224488	2225213	5	727	0.68	CHH
7	2447769	2451203	281	1950	12.60	CG
7	2447769	2451203	96	1597	5.67	CHG
7	2447769	2451203	276	4474	5.81	CHH
7	2483423	2483554	29	26	52.73	CG
7	2483423	2483554	10	6	62.50	CHG
7	2483423	2483554	30	61	32.97	CHH
7	2618288	2618484	11	0	100.00	CG
7	2618288	2618484	0	7	0.00	CHG
7	2618288	2618484	0	84	0.00	CHH
7	2946799	2949545	200	1143	14.89	CG
7	2946799	2949545	3	1514	0.20	CHG
7	2946799	2949545	6	4086	0.15	CHH
7	3992526	3992733	31	5	86.11	CG
7	3992526	3992733	0	100	0.00	CHG
7	3992526	3992733	0	232	0.00	CHH
7	4299561	4299774	14	22	38.89	CG
7	4299561	4299774	1	19	5.00	CHG
7	4299561	4299774	5	130	3.70	CHH
7	4594741	4595750	71	275	20.52	CG
7	4594741	4595750	1	405	0.25	CHG
7	4594741	4595750	2	1689	0.12	CHH
7	4802020	4804153	8	340	2.30	CG
7	4802020	4804153	7	295	2.32	CHG
7	4802020	4804153	34	1866	1.79	CHH
7	5473306	5473520	8	0	100.00	CG
7	5473306	5473520	7	2	77.78	CHG
7	5473306	5473520	0	39	0.00	CHH
7	6327476	6328339	105	11	90.52	CG
7	6327476	6328339	35	26	57.38	CHG
7	6327476	6328339	5	209	2.34	CHH
7	6575263	6575711	0	20	0.00	CG
7	6575263	6575711	0	361	0.00	CHH
7	6605103	6605624	200	14	93.46	CG
7	6605103	6605624	53	90	37.06	CHG
7	6605103	6605624	12	316	3.66	CHH
7	6829453	6829599	3	34	8.11	CHG
7	6829453	6829599	0	179	0.00	CHH
7	6919655	6920441	134	57	70.16	CG
7	6919655	6920441	69	153	31.08	CHG
7	6919655	6920441	24	710	3.27	CHH
7	7348687	7348951	12	1	92.31	CG
7	7348687	7348951	0	43	0.00	CHG
7	7348687	7348951	0	325	0.00	CHH
7	7538627	7540224	123	65	65.43	CG
7	7538627	7540224	49	102	32.45	CHG
7	7538627	7540224	115	942	10.88	CHH
7	7676619	7677136	34	5	87.18	CG
7	7676619	7677136	20	17	54.05	CHG
7	7676619	7677136	3	240	1.23	CHH
7	7868604	7868899	119	8	93.70	CG
7	7868604	7868899	57	40	58.76	CHG
7	7868604	7868899	4	284	1.39	CHH
7	7896981	7897138	12	5	70.59	CHG
7	7896981	7897138	2	75	2.60	CHH
7	7950410	7951127	48	676	6.63	CG
7	7950410	7951127	27	344	7.28	CHG
7	7950410	7951127	118	751	13.58	CHH
7	8994834	8994985	66	1	98.51	CG
7	8994834	8994985	0	84	0.00	CHG
7	8994834	8994985	0	153	0.00	CHH
7	9688947	9691039	95	688	12.13	CG
7	9688947	9691039	88	332	20.95	CHG
7	9688947	9691039	14	1015	1.36	CHH
7	10365529	10365796	83	3	96.51	CG
7	10365529	10365796	16	4	80.00	CHG
7	10365529	10365796	0	124	0.00	CHH
7	10449611	10449795	14	1	93.33	CG
7	10449611	10449795	22	6	78.57	CHG
7	10449611	10449795	4	122	3.17	CHH
7	10549868	10550083	48	5	90.57	CG
7	10549868	10550083	30	18	62.50	CHG
7	10549868	10550083	1	174	0.57	CHH
7	10635123	10635434	38	89	29.92	CG
7	10635123	10635434	38	43	46.91	CHG
7	10635123	10635434	122	276	30.65	CHH
7	10877526	10878054	144	4	97.30	CG
7	10877526	10878054	23	18	56.10	CHG
7	10877526	10878054	14	161	8.00	CHH
7	11466967	11467449	122	6	95.31	CG
7	11466967	11467449	57	21	73.08	CHG
7	11466967	11467449	7	240	2.83	CHH
7	11601703	11602144	14	1	93.33	CG
7	11601703	11602144	12	6	66.67	CHG
7	11601703	11602144	3	101	2.88	CHH
7	11983577	11984979	55	12	82.09	CG
7	11983577	11984979	21	53	28.38	CHG
7	11983577	11984979	7	550	1.26	CHH
7	12792717	12792888	7	2	77.78	CG
7	12792717	12792888	14	4	77.78	CHG
7	12792717	12792888	15	73	17.05	CHH
7	12807464	12807960	92	4	95.83	CG
7	12807464	12807960	107	98	52.20	CHG
7	12807464	12807960	20	859	2.28	CHH
7	13460211	13460326	30	6	83.33	CG
7	13460211	13460326	1	7	12.50	CHG
7	13460211	13460326	0	14	0.00	CHH
7	15065372	15067232	332	16	95.40	CG
7	15065372	15067232	282	113	71.39	CHG
7	15065372	15067232	31	1645	1.85	CHH
7	15194897	15195154	0	17	0.00	CG
7	15194897	15195154	0	21	0.00	CHG
7	15194897	15195154	0	186	0.00	CHH
7	15838174	15840597	182	365	33.27	CG
7	15838174	15840597	28	422	6.22	CHG
7	15838174	15840597	173	1884	8.41	CHH
7	16417756	16417995	21	3	87.50	CG
7	16417756	16417995	6	11	35.29	CHG
7	16417756	16417995	33	145	18.54	CHH
7	17006268	17006989	443	26	94.46	CG
7	17006268	17006989	108	94	53.47	CHG
7	17006268	17006989	20	864	2.26	CHH
7	17339592	17339751	0	14	0.00	CG
7	17339592	17339751	0	77	0.00	CHG
7	17339592	17339751	0	198	0.00	CHH
7	17913342	17913726	114	5	95.80	CG
7	17913342	17913726	65	38	63.11	CHG
7	17913342	17913726	16	451	3.43	CHH
7	18987148	18987233	6	0	100.00	CG
7	18987148	18987233	3	1	75.00	CHG
7	18987148	18987233	2	13	13.33	CHH
7	19215021	19215291	70	0	100.00	CG
7	19215021	19215291	49	8	85.96	CHG
7	19215021	19215291	5	106	4.50	CHH
7	19560035	19560566	140	21	86.96	CG
7	19560035	19560566	54	68	44.26	CHG
7	19560035	19560566	12	341	3.40	CHH
7	19560091	19560385	85	12	87.63	CG
7	19560091	19560385	37	23	61.67	CHG
7	19560091	19560385	5	165	2.94	CHH
7	19831953	19832039	1	57	1.72	CHG
7	19831953	19832039	0	215	0.00	CHH
7	19834434	19835298	162	40	80.20	CG
7	19834434	19835298	53	92	36.55	CHG
7	19834434	19835298	32	417	7.13	CHH
7	21131054	21131268	0	27	0.00	CG
7	21131054	21131268	0	50	0.00	CHG
7	21131054	21131268	0	297	0.00	CHH
7	21474944	21475222	16	15	51.61	CG
7	21474944	21475222	1	7	12.50	CHG
7	21474944	21475222	30	111	21.28	CHH
7	21913503	21914249	2	168	1.18	CG
7	21913503	21914249	0	205	0.00	CHG
7	21913503	21914249	7	702	0.99	CHH
7	22120429	22120613	79	4	95.18	CG
7	22120429	22120613	0	143	0.00	CHG
7	22120429	22120613	1	379	0.26	CHH
7	22386510	22386982	2	454	0.44	CG
7	22386510	22386982	0	127	0.00	CHG
7	22386510	22386982	0	216	0.00	CHH
7	22569423	22569628	26	6	81.25	CG
7	22569423	22569628	0	93	0.00	CHG
7	22569423	22569628	0	301	0.00	CHH
7	23187122	23187806	2	227	0.87	CG
7	23187122	23187806	1	270	0.37	CHG
7	23187122	23187806	1	939	0.11	CHH
7	23391649	23391802	29	1	96.67	CG
7	23391649	23391802	0	65	0.00	CHG
7	23391649	23391802	0	192	0.00	CHH
7	24132747	24133053	22	1	95.65	CG
7	24132747	24133053	0	49	0.00	CHG
7	24132747	24133053	0	281	0.00	CHH
7	24196787	24197173	111	9	92.50	CG
7	24196787	24197173	147	23	86.47	CHG
7	24196787	24197173	24	905	2.58	CHH
7	24296352	24296548	23	1	95.83	CG
7	24296352	24296548	0	87	0.00	CHG
7	24296352	24296548	0	239	0.00	CHH
7	24747117	24747542	174	10	94.57	CG
7	24747117	24747542	67	54	55.37	CHG
7	24747117	24747542	33	164	16.75	CHH
7	25222041	25223348	40	722	5.25	CG
7	25222041	25223348	43	375	10.29	CHG
7	25222041	25223348	143	1539	8.50	CHH
7	25256522	25256725	3	165	1.79	CG
7	25256522	25256725	0	87	0.00	CHG
7	25256522	25256725	0	184	0.00	CHH
7	25908465	25908808	0	130	0.00	CG
7	25908465	25908808	0	188	0.00	CHG
7	25908465	25908808	1	556	0.18	CHH
7	25983000	25983349	42	13	76.36	CG
7	25983000	25983349	1	157	0.63	CHG
7	25983000	25983349	4	413	0.96	CHH
7	26184639	26186023	89	8	91.75	CG
7	26184639	26186023	38	14	73.08	CHG
7	26184639	26186023	4	112	3.45	CHH
7	26456564	26456769	1	42	2.33	CG
7	26456564	26456769	0	15	0.00	CHG
7	26456564	26456769	0	126	0.00	CHH
7	27118237	27118566	0	28	0.00	CHH
7	28429839	28434200	352	119	74.73	CG
7	28429839	28434200	0	1429	0.00	CHG
7	28429839	28434200	0	4764	0.00	CHH
7	28561953	28562576	1	1231	0.08	CG
7	28561953	28562576	1	635	0.16	CHG
7	28561953	28562576	0	739	0.00	CHH
7	29086695	29086979	71	3	95.95	CG
7	29086695	29086979	19	10	65.52	CHG
7	29086695	29086979	1	66	1.49	CHH
8	178569	180215	10	814	1.21	CG
8	178569	180215	9	538	1.65	CHG
8	178569	180215	31	1756	1.73	CHH
8	236935	237112	28	0	100.00	CG
8	236935	237112	39	6	86.67	CHG
8	236935	237112	13	91	12.50	CHH
8	451101	451275	0	183	0.00	CG
8	451101	451275	0	81	0.00	CHG
8	451101	451275	0	92	0.00	CHH
8	700792	701075	0	180	0.00	CG
8	700792	701075	0	101	0.00	CHG
8	700792	701075	0	269	0.00	CHH
8	1029191	1029915	36	240	13.04	CG
8	1029191	1029915	13	114	10.24	CHG
8	1029191	1029915	131	811	13.91	CHH
8	1151684	1151850	27	2	93.10	CG
8	1151684	1151850	54	12	81.82	CHG
8	1151684	1151850	7	279	2.45	CHH
8	1263064	1263825	5	0	100.00	CG
8	1263064	1263825	1	1	50.00	CHG
8	1263064	1263825	0	15	0.00	CHH
8	1315995	1316283	46	7	86.79	CG
8	1315995	1316283	36	32	52.94	CHG
8	1315995	1316283	17	283	5.67	CHH
8	1392517	1392770	156	13	92.31	CG
8	1392517	1392770	14	76	15.56	CHG
8	1392517	1392770	0	320	0.00	CHH
8	1864926	1865852	238	18	92.97	CG
8	1864926	1865852	23	93	19.83	CHG
8	1864926	1865852	10	862	1.15	CHH
8	1952801	1953130	1	109	0.91	CG
8	1952801	1953130	0	63	0.00	CHG
8	1952801	1953130	0	545	0.00	CHH
8	2740500	2740929	102	5	95.33	CG
8	2740500	2740929	51	34	60.00	CHG
8	2740500	2740929	4	322	1.23	CHH
8	2874093	2874334	29	2	93.55	CG
8	2874093	2874334	21	3	87.50	CHG
8	2874093	2874334	2	212	0.93	CHH
8	3055231	3055410	2	163	1.21	CHG
8	3055231	3055410	2	484	0.41	CHH
8	3463082	3465280	74	501	12.87	CG
8	3463082	3465280	27	767	3.40	CHG
8	3463082	3465280	125	2545	4.68	CHH
8	4272689	4273002	10	1	90.91	CG
8	4272689	4273002	11	6	64.71	CHG
8	4272689	4273002	6	155	3.73	CHH
8	4312136	4312445	130	20	86.67	CG
8	4312136	4312445	78	71	52.35	CHG
8	4312136	4312445	36	644	5.29	CHH
8	4545475	4545770	14	2	87.50	CG
8	4545475	4545770	1	84	1.18	CHG
8	4545475	4545770	11	279	3.79	CHH
8	4853217	4853848	1	810	0.12	CG
8	4853217	4853848	0	411	0.00	CHG
8	4853217	4853848	0	881	0.00	CHH
8	5467560	5467758	55	107	33.95	CG
8	5467560	5467758	1	136	0.73	CHG
8	5467560	5467758	3	508	0.59	CHH
8	6450044	6451003	349	17	95.36	CG
8	6450044	6451003	161	79	67.08	CHG
8	6450044	6451003	12	927	1.28	CHH
8	6675950	6676096	8	1	88.89	CG
8	6675950	6676096	3	0	100.00	CHG
8	6675950	6676096	0	13	0.00	CHH
8	6874782	6875032	29	4	87.88	CG
8	6874782	6875032	12	8	60.00	CHG
8	6874782	6875032	7	198	3.41	CHH
8	7337780	7340351	344	339	50.37	CG
8	7337780	7340351	13	957	1.34	CHG
8	7337780	7340351	108	3143	3.32	CHH
8	7485595	7487184	390	28	93.30	CG
8	7485595	7487184	404	94	81.12	CHG
8	7485595	7487184	58	1558	3.59	CHH
8	7660052	7660308	21	0	100.00	CG
8	7660052	7660308	5	37	11.90	CHG
8	7660052	7660308	2	227	0.87	CHH
8	8117875	8118747	39	6	86.67	CG
8	8117875	8118747	0	175	0.00	CHG
8	8117875	8118747	0	662	0.00	CHH
8	8283116	8289954	1383	497	73.56	CG
8	8283116	8289954	789	1935	28.96	CHG
8	8283116	8289954	179	8432	2.08	CHH
8	8625179	8626724	208	17	92.44	CG
8	8625179	8626724	161	90	64.14	CHG
8	8625179	8626724	10	421	2.32	CHH
8	10263592	10264820	128	9	93.43	CG
8	10263592	10264820	0	400	0.00	CHG
8	10263592	10264820	0	1179	0.00	CHH
8	10859005	10859704	33	3	91.67	CG
8	10859005	10859704	30	14	68.18	CHG
8	10859005	10859704	48	299	13.83	CHH
8	10992041	10993699	149	13	91.98	CG
8	10992041	10993699	80	75	51.61	CHG
8	10992041	10993699	7	621	1.11	CHH
8	11166235	11167095	5	0	100.00	CG
8	11166235	11167095	6	5	54.55	CHG
8	11166235	11167095	0	56	0.00	CHH
8	11203659	11203915	0	5	0.00	CHH
8	12256460	12256704	0	75	0.00	CG
8	12256460	12256704	0	126	0.00	CHG
8	12256460	12256704	0	393	0.00	CHH
8	12629860	12629996	3	0	100.00	CG
8	12629860	12629996	16	5	76.19	CHG
8	12629860	12629996	0	90	0.00	CHH
8	13407105	13408116	106	45	70.20	CG
8	13407105	13408116	46	63	42.20	CHG
8	13407105	13408116	2	131	1.50	CHH
8	13545344	13545711	79	12	86.81	CG
8	13545344	13545711	13	15	46.43	CHG
8	13545344	13545711	13	378	3.32	CHH
8	13637622	13639004	221	14	94.04	CG
8	13637622	13639004	124	100	55.36	CHG
8	13637622	13639004	30	529	5.37	CHH
8	13952461	13953924	281	100	73.75	CG
8	13952461	13953924	132	150	46.81	CHG
8	13952461	13953924	138	1024	11.88	CHH
8	14213510	14213752	6	52	10.34	CG
8	14213510	14213752	0	40	0.00	CHG
8	14213510	14213752	12	131	8.39	CHH
8	14298148	14298652	44	3	93.62	CG
8	14298148	14298652	61	19	76.25	CHG
8	14298148	14298652	2	334	0.60	CHH
8	14597668	14597929	186	15	92.54	CG
8	14597668	14597929	60	81	42.55	CHG
8	14597668	14597929	14	277	4.81	CHH
8	14657412	14657652	1	0	100.00	CG
8	14657412	14657652	0	3	0.00	CHG
8	14657412	14657652	0	15	0.00	CHH
8	15580207	15580529	30	1	96.77	CG
8	15580207	15580529	61	12	83.56	CHG
8	15580207	15580529	8	212	3.64	CHH
8	15967015	15970249	483	54	89.94	CG
8	15967015	15970249	263	250	51.27	CHG
8	15967015	15970249	60	2353	2.49	CHH
8	16012976	16013846	420	32	92.92	CG
8	16012976	16013846	218	108	66.87	CHG
8	16012976	16013846	63	836	7.01	CHH
8	16216197	16216404	15	3	83.33	CG
8	16216197	16216404	0	96	0.00	CHH
8	16538923	16541131	213	43	83.20	CG
8	16538923	16541131	1	476	0.21	CHG
8	16538923	16541131	4	2203	0.18	CHH
8	16974676	16975655	63	215	22.66	CG
8	16974676	16975655	20	228	8.06	CHG
8	16974676	16975655	29	950	2.96	CHH
8	16994050	16994211	28	24	53.85	CG
8	16994050	16994211	0	36	0.00	CHG
8	16994050	16994211	0	179	0.00	CHH
8	17403203	17403300	11	0	100.00	CG
8	17403203	17403300	7	3	70.00	CHG
8	17403203	17403300	0	12	0.00	CHH
8	17719178	17719322	22	1	95.65	CG
8	17719178	17719322	3	8	27.27	CHG
8	17719178	17719322	1	99	1.00	CHH
8	18550794	18553306	442	221	66.67	CG
8	18550794	18553306	140	398	26.02	CHG
8	18550794	18553306	196	1471	11.76	CHH
8	20514928	20517189	222	28	88.80	CG
8	20514928	20517189	53	64	45.30	CHG
8	20514928	20517189	34	1801	1.85	CHH
8	21734995	21740080	1258	87	93.53	CG
8	21734995	21740080	415	244	62.97	CHG
8	21734995	21740080	81	1770	4.38	CHH
8	21758849	21759020	18	1	94.74	CG
8	21758849	21759020	0	55	0.00	CHG
8	21758849	21759020	0	278	0.00	CHH
8	22561294	22561443	0	9	0.00	CG
8	22561294	22561443	0	7	0.00	CHG
8	22561294	22561443	0	25	0.00	CHH
8	22681154	22681244	11	3	78.57	CHG
8	22681154	22681244	1	61	1.61	CHH
8	22949183	22951590	139	219	38.83	CG
8	22949183	22951590	79	578	12.02	CHG
8	22949183	22951590	264	1993	11.70	CHH
8	23384652	23384882	3	269	1.10	CG
8	23384652	23384882	0	130	0.00	CHG
8	23384652	23384882	2	269	0.74	CHH
8	23517672	23517817	2	0	100.00	CG
8	23517672	23517817	4	1	80.00	CHG
8	23517672	23517817	1	43	2.27	CHH
8	23675662	23675914	35	4	89.74	CG
8	23675662	23675914	15	10	60.00	CHG
8	23675662	23675914	31	16	65.96	CHH
8	24239866	24240191	25	1	96.15	CG
8	24239866	24240191	0	82	0.00	CHG
8	24239866	24240191	1	310	0.32	CHH
8	24632914	24633182	15	19	44.12	CG
8	24632914	24633182	4	30	11.76	CHG
8	24632914	24633182	13	127	9.29	CHH
8	25281178	25281350	53	7	88.33	CG
8	25281178	25281350	6	5	54.55	CHG
8	25281178	25281350	13	199	6.13	CHH
8	25696600	25696771	1	181	0.55	CG
8	25696600	25696771	0	105	0.00	CHG
8	25696600	25696771	0	248	0.00	CHH
8	25733898	25741720	641	1309	32.87	CG
8	25733898	25741720	332	2533	11.59	CHG
8	25733898	25741720	155	8750	1.74	CHH
8	26671848	26672550	46	3	93.88	CG
8	26671848	26672550	21	6	77.78	CHG
8	26671848	26672550	0	160	0.00	CHH
8	26851572	26851796	0	121	0.00	CG
8	26851572	26851796	0	65	0.00	CHG
8	26851572	26851796	0	358	0.00	CHH
8	27327904	27330518	99	2638	3.62	CG
8	27327904	27330518	36	1519	2.32	CHG
8	27327904	27330518	43	3030	1.40	CHH
9	899505	900078	159	13	92.44	CG
9	899505	900078	36	41	46.75	CHG
9	899505	900078	27	536	4.80	CHH
9	1708905	1710116	668	67	90.88	CG
9	1708905	1710116	338	215	61.12	CHG
9	1708905	1710116	90	1304	6.46	CHH
9	2262231	2262612	66	7	90.41	CG
9	2262231	2262612	98	30	76.56	CHG
9	2262231	2262612	1	217	0.46	CHH
9	2463009	2464211	406	35	92.06	CG
9	2463009	2464211	214	192	52.71	CHG
9	2463009	2464211	28	1527	1.80	CHH
9	2545349	2545704	51	5	91.07	CG
9	2545349	2545704	84	25	77.06	CHG
9	2545349	2545704	22	248	8.15	CHH
9	2854868	2855786	117	21	84.78	CG
9	2854868	2855786	32	64	33.33	CHG
9	2854868	2855786	7	304	2.25	CHH
9	2911646	2912272	146	9	94.19	CG
9	2911646	2912272	185	51	78.39	CHG
9	2911646	2912272	15	650	2.26	CHH
9	3112245	3115702	1444	117	92.50	CG
9	3112245	3115702	585	347	62.77	CHG
9	3112245	3115702	175	2680	6.13	CHH
9	3214717	3216020	75	19	79.79	CG
9	3214717	3216020	40	40	50.00	CHG
9	3214717	3216020	27	596	4.33	CHH
9	3330884	3331520	6	1	85.71	CG
9	3330884	3331520	14	5	73.68	CHG
9	3330884	3331520	1	71	1.39	CHH
9	4739227	4745466	466	262	64.01	CG
9	4739227	4745466	108	522	17.14	CHG
9	4739227	4745466	117	2354	4.73	CHH
9	6631347	6632182	18	19	48.65	CG
9	6631347	6632182	70	110	38.89	CHG
9	6631347	6632182	53	647	7.57	CHH
9	7230219	7230464	48	11	81.36	CG
9	7230219	7230464	2	26	7.14	CHG
9	7230219	7230464	6	86	6.52	CHH
9	7430897	7432040	59	17	77.63	CG
9	7430897	7432040	0	51	0.00	CHG
9	7430897	7432040	7	453	1.52	CHH
9	8393668	8393832	21	0	100.00	CG
9	8393668	8393832	4	3	57.14	CHG
9	8393668	8393832	0	8	0.00	CHH
9	9923428	9925180	28	81	25.69	CG
9	9923428	9925180	4	201	1.95	CHG
9	9923428	9925180	96	990	8.84	CHH
9	10766786	10767301	60	2	96.77	CG
9	10766786	10767301	0	231	0.00	CHG
9	10766786	10767301	0	797	0.00	CHH
9	12030840	12031218	1	437	0.23	CG
9	12030840	12031218	0	230	0.00	CHG
9	12030840	12031218	0	367	0.00	CHH
9	12595903	12596851	0	186	0.00	CG
9	12595903	12596851	0	409	0.00	CHG
9	12595903	12596851	0	1115	0.00	CHH
9	13404977	13406112	241	18	93.05	CG
9	13404977	13406112	60	72	45.45	CHG
9	13404977	13406112	31	647	4.57	CHH
9	16489222	16490713	115	194	37.22	CG
9	16489222	16490713	24	275	8.03	CHG
9	16489222	16490713	14	1066	1.30	CHH
9	16577282	16577396	16	0	100.00	CG
9	16577282	16577396	2	3	40.00	CHG
9	16577282	16577396	109	60	64.50	CHH
9	17604144	17604323	25	4	86.21	CG
9	17604144	17604323	1	46	2.13	CHG
9	17604144	17604323	0	140	0.00	CHH
9	19383868	19383934	0	10	0.00	CHG
9	19383868	19383934	0	31	0.00	CHH
9	19469244	19469889	10	137	6.80	CG
9	19469244	19469889	6	223	2.62	CHG
9	19469244	19469889	83	449	15.60	CHH
9	19529704	19533249	276	906	23.35	CG
9	19529704	19533249	109	496	18.02	CHG
9	19529704	19533249	97	2978	3.15	CHH
9	20512179	20515947	193	579	25.00	CG
9	20512179	20515947	54	1047	4.90	CHG
9	20512179	20515947	228	3316	6.43	CHH
9	20811988	20812086	0	146	0.00	CG
9	20811988	20812086	0	13	0.00	CHG
9	20811988	20812086	1	130	0.76	CHH
9	21917576	21917684	0	76	0.00	CG
9	21917576	21917684	0	55	0.00	CHG
9	21917576	21917684	0	107	0.00	CHH
9	22507907	22508014	0	18	0.00	CHG
9	22507907	22508014	0	74	0.00	CHH
9	22587586	22587797	33	12	73.33	CG
9	22587586	22587797	10	11	47.62	CHG
9	22587586	22587797	4	89	4.30	CHH
10	76063	76767	126	14	90.00	CG
10	76063	76767	143	102	58.37	CHG
10	76063	76767	8	690	1.15	CHH
10	1070598	1072595	178	789	18.41	CG
10	1070598	1072595	59	614	8.77	CHG
10	1070598	1072595	75	1945	3.71	CHH
10	1391746	1391999	192	8	96.00	CG
10	1391746	1391999	26	60	30.23	CHG
10	1391746	1391999	3	150	1.96	CHH
10	1614261	1614403	0	12	0.00	CG
10	1614261	1614403	0	86	0.00	CHG
10	1614261	1614403	0	303	0.00	CHH
10	1803629	1804504	107	8	93.04	CG
10	1803629	1804504	87	95	47.80	CHG
10	1803629	1804504	169	694	19.58	CHH
10	1803768	1804170	90	4	95.74	CG
10	1803768	1804170	27	28	49.09	CHG
10	1803768	1804170	26	230	10.16	CHH
10	1840873	1840994	1	48	2.04	CG
10	1840873	1840994	0	31	0.00	CHG
10	1840873	1840994	0	119	0.00	CHH
10	2764274	2764493	0	57	0.00	CG
10	2764274	2764493	0	167	0.00	CHG
10	2764274	2764493	1	386	0.26	CHH
10	3411205	3411730	57	2	96.61	CG
10	3411205	3411730	1	209	0.48	CHG
10	3411205	3411730	2	690	0.29	CHH
10	3555583	3556236	16	15	51.61	CG
10	3555583	3556236	3	4	42.86	CHG
10	3555583	3556236	1	25	3.85	CHH
10	4747418	4747782	6	12	33.33	CG
10	4747418	4747782	15	78	16.13	CHG
10	4747418	4747782	0	283	0.00	CHH
10	6032495	6032662	6	0	100.00	CG
10	6032495	6032662	25	1	96.15	CHG
10	6032495	6032662	3	71	4.05	CHH
10	6484932	6485158	5	84	5.62	CG
10	6484932	6485158	0	55	0.00	CHG
10	6484932	6485158	4	197	1.99	CHH
10	6965382	6965620	27	5	84.38	CG
10	6965382	6965620	3	3	50.00	CHG
10	6965382	6965620	2	16	11.11	CHH
10	7289884	7290427	36	0	100.00	CG
10	7289884	7290427	17	4	80.95	CHG
10	7289884	7290427	4	72	5.26	CHH
10	8713513	8713687	15	2	88.24	CG
10	8713513	8713687	13	4	76.47	CHG
10	8713513	8713687	1	40	2.44	CHH
10	8784304	8784496	22	0	100.00	CG
10	8784304	8784496	10	5	66.67	CHG
10	8784304	8784496	6	88	6.38	CHH
10	9339792	9339997	8	1	88.89	CG
10	9339792	9339997	1	1	50.00	CHG
10	9339792	9339997	21	27	43.75	CHH
10	9455216	9455761	11	0	100.00	CG
10	9455216	9455761	8	3	72.73	CHG
10	9455216	9455761	3	60	4.76	CHH
10	10070366	10073354	470	22	95.53	CG
10	10070366	10073354	201	135	59.82	CHG
10	10070366	10073354	39	815	4.57	CHH
10	10893887	10894383	11	17	39.29	CG
10	10893887	10894383	11	31	26.19	CHG
10	10893887	10894383	7	322	2.13	CHH
10	10994069	10994203	30	0	100.00	CG
10	10994069	10994203	0	38	0.00	CHG
10	10994069	10994203	0	131	0.00	CHH
10	11956236	11956518	67	10	87.01	CG
10	11956236	11956518	20	33	37.74	CHG
10	11956236	11956518	24	184	11.54	CHH
10	11967788	11968023	6	2	75.00	CG
10	11967788	11968023	3	4	42.86	CHG
10	11967788	11968023	50	196	20.33	CHH
10	12041078	12041429	0	15	0.00	CG
10	12041078	12041429	20	27	42.55	CHG
10	12041078	12041429	60	127	32.09	CHH
10	12398331	12398410	9	3	75.00	CHG
10	12398331	12398410	0	70	0.00	CHH
10	12783731	12784747	113	911	11.04	CG
10	12783731	12784747	45	527	7.87	CHG
10	12783731	12784747	66	1030	6.02	CHH
10	13030461	13031711	74	752	8.96	CG
10	13030461	13031711	34	513	6.22	CHG
10	13030461	13031711	125	1083	10.35	CHH
10	13134013	13134625	54	19	73.97	CG
10	13134013	13134625	5	21	19.23	CHG
10	13134013	13134625	91	394	18.76	CHH
10	14312781	14312940	11	0	100.00	CG
10	14312781	14312940	2	3	40.00	CHG
10	14312781	14312940	0	16	0.00	CHH
10	14415032	14415475	0	119	0.00	CG
10	14415032	14415475	0	88	0.00	CHG
10	14415032	14415475	0	372	0.00	CHH
10	14939572	14939779	0	169	0.00	CG
10	14939572	14939779	0	101	0.00	CHG
10	14939572	14939779	1	490	0.20	CHH
10	15358024	15358297	10	9	52.63	CHG
10	15358024	15358297	7	455	1.52	CHH
10	15388115	15388379	38	2	95.00	CG
10	15388115	15388379	44	10	81.48	CHG
10	15388115	15388379	6	153	3.77	CHH
10	15623066	15624262	0	682	0.00	CG
10	15623066	15624262	0	748	0.00	CHG
10	15623066	15624262	3	1505	0.20	CHH
10	16649407	16649853	1	488	0.20	CG
10	16649407	16649853	1	409	0.24	CHG
10	16649407	16649853	0	931	0.00	CHH
10	17917117	17917361	5	67	6.94	CG
10	17917117	17917361	0	115	0.00	CHG
10	17917117	17917361	0	287	0.00	CHH
10	18118300	18118455	34	3	91.89	CG
10	18118300	18118455	11	6	64.71	CHG
10	18118300	18118455	39	125	23.78	CHH
10	18249061	18249336	140	13	91.50	CG
10	18249061	18249336	25	58	30.12	CHG
10	18249061	18249336	53	281	15.87	CHH
10	18629501	18629720	0	23	0.00	CG
10	18629501	18629720	0	30	0.00	CHG
10	18629501	18629720	0	188	0.00	CHH
10	18709862	18710680	18	506	3.44	CG
10	18709862	18710680	5	474	1.04	CHG
10	18709862	18710680	26	862	2.93	CHH
10	19071669	19072430	6	593	1.00	CG
10	19071669	19072430	0	606	0.00	CHG
10	19071669	19072430	0	978	0.00	CHH
10	19727438	19727659	10	1	90.91	CG
10	19727438	19727659	5	10	33.33	CHG
10	19727438	19727659	105	132	44.30	CHH
10	20621568	20621746	45	7	86.54	CG
10	20621568	20621746	15	29	34.09	CHG
10	20621568	20621746	9	138	6.12	CHH
10	20684185	20684453	41	3	93.18	CG
10	20684185	20684453	0	165	0.00	CHG
10	20684185	20684453	0	387	0.00	CHH
10	20758072	20758229	9	1	90.00	CG
10	20758072	20758229	0	105	0.00	CHG
10	20758072	20758229	0	266	0.00	CHH
10	20876029	20876473	9	70	11.39	CG
10	20876029	20876473	11	90	10.89	CHG
10	20876029	20876473	46	282	14.02	CHH
10	21433314	21437604	361	543	39.93	CG
10	21433314	21437604	10	1038	0.95	CHG
10	21433314	21437604	24	3764	0.63	CHH
10	21560604	21561484	50	25	66.67	CG
10	21560604	21561484	0	357	0.00	CHG
10	21560604	21561484	1	1130	0.09	CHH
10	22597491	22597660	0	14	0.00	CG
10	22597491	22597660	0	5	0.00	CHG
10	22597491	22597660	0	70	0.00	CHH
10	22692035	22692362	33	6	84.62	CG
10	22692035	22692362	0	121	0.00	CHG
10	22692035	22692362	0	469	0.00	CHH
10	22860787	22861438	0	266	0.00	CG
10	22860787	22861438	0	306	0.00	CHG
10	22860787	22861438	0	780	0.00	CHH
11	505296	505455	41	4	91.11	CG
11	505296	505455	27	8	77.14	CHG
11	505296	505455	0	92	0.00	CHH
11	797708	798586	26	27	49.06	CG
11	797708	798586	15	61	19.74	CHG
11	797708	798586	53	419	11.23	CHH
11	1050852	1052789	17	745	2.23	CG
11	1050852	1052789	1	886	0.11	CHG
11	1050852	1052789	3	1965	0.15	CHH
11	1432574	1432751	1	125	0.79	CG
11	1432574	1432751	0	55	0.00	CHG
11	1432574	1432751	0	224	0.00	CHH
11	1858041	1858566	89	2	97.80	CG
11	1858041	1858566	84	33	71.79	CHG
11	1858041	1858566	140	178	44.03	CHH
11	2504811	2504939	0	69	0.00	CG
11	2504811	2504939	1	87	1.14	CHG
11	2504811	2504939	0	207	0.00	CHH
11	2669596	2669853	0	271	0.00	CG
11	2669596	2669853	0	30	0.00	CHG
11	2669596	2669853	1	376	0.27	CHH
11	2802873	2804621	95	272	25.89	CG
11	2802873	2804621	113	253	30.87	CHG
11	2802873	2804621	125	1145	9.84	CHH
11	3466044	3470402	361	433	45.47	CG
11	3466044	3470402	244	560	30.35	CHG
11	3466044	3470402	214	3064	6.53	CHH
11	3810954	3811089	26	2	92.86	CG
11	3810954	3811089	0	79	0.00	CHG
11	3810954	3811089	0	161	0.00	CHH
11	4224826	4225123	6	0	100.00	CG
11	4224826	4225123	4	78	4.88	CHG
11	4224826	4225123	0	370	0.00	CHH
11	4595255	4598721	196	887	18.10	CG
11	4595255	4598721	57	464	10.94	CHG
11	4595255	4598721	248	1660	13.00	CHH
11	6038088	6038424	30	305	8.96	CG
11	6038088	6038424	0	184	0.00	CHG
11	6038088	6038424	1	219	0.45	CHH
11	6091835	6093414	345	151	69.56	CG
11	6091835	6093414	106	160	39.85	CHG
11	6091835	6093414	93	1233	7.01	CHH
11	7821028	7821214	4	102	3.77	CG
11	7821028	7821214	0	115	0.00	CHG
11	7821028	7821214	2	211	0.94	CHH
11	9435946	9436636	97	10	90.65	CG
11	9435946	9436636	55	43	56.12	CHG
11	9435946	9436636	46	330	12.23	CHH
11	9479627	9479991	1	303	0.33	CG
11	9479627	9479991	0	268	0.00	CHG
11	9479627	9479991	0	629	0.00	CHH
11	9728388	9728616	6	2	75.00	CG
11	9728388	9728616	0	13	0.00	CHG
11	9728388	9728616	8	50	13.79	CHH
11	9810706	9815080	768	204	79.01	CG
11	9810706	9815080	340	646	34.48	CHG
11	9810706	9815080	113	2991	3.64	CHH
11	9969448	9969633	23	6	79.31	CG
11	9969448	9969633	11	19	36.67	CHG
11	9969448	9969633	15	178	7.77	CHH
11	10499987	10500272	5	0	100.00	CG
11	10499987	10500272	6	3	66.67	CHG
11	10499987	10500272	0	66	0.00	CHH
11	10502651	10503109	4	0	100.00	CG
11	10502651	10503109	33	3	91.67	CHG
11	10502651	10503109	7	124	5.34	CHH
11	11632517	11632735	23	5	82.14	CG
11	11632517	11632735	8	9	47.06	CHG
11	11632517	11632735	1	44	2.22	CHH
11	13907112	13907730	180	9	95.24	CG
11	13907112	13907730	182	38	82.73	CHG
11	13907112	13907730	19	729	2.54	CHH
11	14199127	14199230	32	3	91.43	CG
11	14199127	14199230	13	18	41.94	CHG
11	14199127	14199230	1	55	1.79	CHH
11	14246634	14246765	28	3	90.32	CG
11	14246634	14246765	2	99	1.98	CHH
11	14953985	14954432	66	8	89.19	CG
11	14953985	14954432	32	14	69.57	CHG
11	14953985	14954432	2	196	1.01	CHH
11	15162648	15162882	11	0	100.00	CG
11	15162648	15162882	55	27	67.07	CHG
11	15162648	15162882	1	231	0.43	CHH
11	15516587	15517994	169	369	31.41	CG
11	15516587	15517994	38	312	10.86	CHG
11	15516587	15517994	127	1125	10.14	CHH
11	15595496	15598031	518	167	75.62	CG
11	15595496	15598031	181	399	31.21	CHG
11	15595496	15598031	98	2528	3.73	CHH
11	15629573	15629919	56	5	91.80	CG
11	15629573	15629919	73	30	70.87	CHG
11	15629573	15629919	23	463	4.73	CHH
11	15784095	15784518	1	430	0.23	CG
11	15784095	15784518	0	243	0.00	CHG
11	15784095	15784518	0	418	0.00	CHH
11	16587225	16588700	67	123	35.26	CG
11	16587225	16588700	6	115	4.96	CHG
11	16587225	16588700	27	524	4.90	CHH
11	16590106	16591882	137	8	94.48	CG
11	16590106	16591882	224	45	83.27	CHG
11	16590106	16591882	10	754	1.31	CHH
11	17024541	17024749	37	4	90.24	CG
11	17024541	17024749	27	9	75.00	CHG
11	17024541	17024749	30	150	16.67	CHH
11	17437801	17439859	107	573	15.74	CG
11	17437801	17439859	40	682	5.54	CHG
11	17437801	17439859	81	2618	3.00	CHH
11	17734944	17735193	0	256	0.00	CG
11	17734944	17735193	0	128	0.00	CHG
11	17734944	17735193	0	178	0.00	CHH
11	17903585	17906300	359	114	75.90	CG
11	17903585	17906300	261	217	54.60	CHG
11	17903585	17906300	97	1615	5.67	CHH
11	17974571	17974900	18	155	10.40	CG
11	17974571	17974900	10	178	5.32	CHG
11	17974571	17974900	39	441	8.12	CHH
11	18221483	18221608	15	0	100.00	CG
11	18221483	18221608	13	1	92.86	CHG
11	18221483	18221608	3	27	10.00	CHH
11	18325064	18325191	0	4	0.00	CG
11	18325064	18325191	0	13	0.00	CHG
11	18325064	18325191	0	55	0.00	CHH
11	18373844	18373989	0	9	0.00	CG
11	18373844	18373989	0	39	0.00	CHG
11	18373844	18373989	0	248	0.00	CHH
11	18718793	18720377	291	182	61.52	CG
11	18718793	18720377	35	409	7.88	CHG
11	18718793	18720377	35	1490	2.30	CHH
11	18909482	18909881	1	153	0.65	CG
11	18909482	18909881	2	123	1.60	CHG
11	18909482	18909881	2	207	0.96	CHH
11	19311606	19314032	554	83	86.97	CG
11	19311606	19314032	319	466	40.64	CHG
11	19311606	19314032	152	2018	7.00	CHH
11	20219224	20220414	160	21	88.40	CG
11	20219224	20220414	211	49	81.15	CHG
11	20219224	20220414	11	863	1.26	CHH
11	20319451	20320865	185	25	88.10	CG
11	20319451	20320865	167	59	73.89	CHG
11	20319451	20320865	95	1021	8.51	CHH
11	20346784	20346867	0	14	0.00	CG
11	20346784	20346867	0	15	0.00	CHG
11	20346784	20346867	0	139	0.00	CHH
11	20686170	20686465	0	16	0.00	CG
11	20686170	20686465	0	24	0.00	CHG
11	20686170	20686465	0	199	0.00	CHH
11	20872306	20872476	44	5	89.80	CG
11	20872306	20872476	16	13	55.17	CHG
11	20872306	20872476	0	53	0.00	CHH
11	20903615	20904114	41	17	70.69	CG
11	20903615	20904114	0	150	0.00	CHG
11	20903615	20904114	0	727	0.00	CHH
11	21540161	21540670	86	8	91.49	CG
11	21540161	21540670	18	33	35.29	CHG
11	21540161	21540670	6	322	1.83	CHH
11	22251376	22252471	65	161	28.76	CG
11	22251376	22252471	30	283	9.58	CHG
11	22251376	22252471	70	1436	4.65	CHH
11	22442650	22442893	62	4	93.94	CG
11	22442650	22442893	8	5	61.54	CHG
11	22442650	22442893	8	425	1.85	CHH
11	22611185	22611456	0	39	0.00	CG
11	22611185	22611456	0	59	0.00	CHG
11	22611185	22611456	0	481	0.00	CHH
11	22898553	22899482	20	126	13.70	CG
11	22898553	22899482	20	138	12.66	CHG
11	22898553	22899482	5	548	0.90	CHH
11	23917291	23918354	69	72	48.94	CG
11	23917291	23918354	25	68	26.88	CHG
11	23917291	23918354	76	532	12.50	CHH
11	23924021	23924111	0	20	0.00	CG
11	23924021	23924111	0	80	0.00	CHG
11	23924021	23924111	0	129	0.00	CHH
11	24143197	24143872	67	0	100.00	CG
11	24143197	24143872	15	13	53.57	CHG
11	24143197	24143872	0	83	0.00	CHH
11	24518104	24518669	6	0	100.00	CG
11	24518104	24518669	6	0	100.00	CHG
11	24518104	24518669	0	23	0.00	CHH
11	25340157	25340679	39	4	90.70	CG
11	25340157	25340679	20	41	32.79	CHG
11	25340157	25340679	18	546	3.19	CHH
11	25356991	25357939	72	22	76.60	CG
11	25356991	25357939	65	106	38.01	CHG
11	25356991	25357939	18	818	2.15	CHH
11	26018351	26019667	208	18	92.04	CG
11	26018351	26019667	141	87	61.84	CHG
11	26018351	26019667	9	529	1.67	CHH
11	26557615	26559410	203	26	88.65	CG
11	26557615	26559410	2	338	0.59	CHG
11	26557615	26559410	2	1475	0.14	CHH
11	26733617	26733799	0	5	0.00	CHH
11	26897318	26898575	312	41	88.39	CG
11	26897318	26898575	88	112	44.00	CHG
11	26897318	26898575	99	455	17.87	CHH
11	27142723	27144368	105	211	33.23	CG
11	27142723	27144368	32	258	11.03	CHG
11	27142723	27144368	50	805	5.85	CHH
11	27188061	27188431	26	0	100.00	CG
11	27188061	27188431	9	5	64.29	CHG
11	27188061	27188431	88	229	27.76	CHH
11	27296398	27296914	38	93	29.01	CG
11	27296398	27296914	2	40	4.76	CHG
11	27296398	27296914	84	234	26.42	CHH
11	28581984	28582206	0	12	0.00	CHH
12	1158418	1158578	2	156	1.27	CG
12	1158418	1158578	0	60	0.00	CHG
12	1158418	1158578	0	396	0.00	CHH
12	1177184	1177765	0	41	0.00	CG
12	1177184	1177765	0	151	0.00	CHG
12	1177184	1177765	0	848	0.00	CHH
12	1270256	1270750	18	13	58.06	CG
12	1270256	1270750	0	99	0.00	CHG
12	1270256	1270750	1	236	0.42	CHH
12	2005465	2005735	129	7	94.85	CG
12	2005465	2005735	10	33	23.26	CHG
12	2005465	2005735	2	60	3.23	CHH
12	2376872	2377309	41	26	61.19	CG
12	2376872	2377309	0	82	0.00	CHG
12	2376872	2377309	2	410	0.49	CHH
12	3807299	3807471	0	28	0.00	CG
12	3807299	3807471	0	98	0.00	CHG
12	3807299	3807471	0	321	0.00	CHH
12	3811143	3811601	75	9	89.29	CG
12	3811143	3811601	15	47	24.19	CHG
12	3811143	3811601	59	346	14.57	CHH
12	4083553	4083794	44	47	48.35	CG
12	4083553	4083794	0	267	0.00	CHG
12	4083553	4083794	0	454	0.00	CHH
12	5174512	5176042	483	203	70.41	CG
12	5174512	5176042	138	310	30.80	CHG
12	5174512	5176042	13	1167	1.10	CHH
12	5728433	5728876	115	4	96.64	CG
12	5728433	5728876	62	15	80.52	CHG
12	5728433	5728876	6	126	4.55	CHH
12	6323100	6323289	10	15	40.00	CG
12	6323100	6323289	0	45	0.00	CHG
12	6323100	6323289	0	146	0.00	CHH
12	6480645	6481828	403	26	93.94	CG
12	6480645	6481828	227	87	72.29	CHG
12	6480645	6481828	21	1093	1.89	CHH
12	6550600	6551475	55	4	93.22	CG
12	6550600	6551475	31	25	55.36	CHG
12	6550600	6551475	11	174	5.95	CHH
12	7855054	7855393	11	0	100.00	CG
12	7855054	7855393	0	7	0.00	CHG
12	7855054	7855393	0	28	0.00	CHH
12	8497520	8497653	0	69	0.00	CG
12	8497520	8497653	0	28	0.00	CHG
12	8497520	8497653	0	42	0.00	CHH
12	8555821	8555983	67	7	90.54	CG
12	8555821	8555983	26	38	40.62	CHG
12	8555821	8555983	2	171	1.16	CHH
12	8783105	8783207	1	0	100.00	CG
12	8783105	8783207	0	7	0.00	CHH
12	8846726	8847029	1	31	3.12	CG
12	8846726	8847029	0	7	0.00	CHG
12	8846726	8847029	3	112	2.61	CHH
12	9326878	9327074	43	3	93.48	CG
12	9326878	9327074	15	17	46.88	CHG
12	9326878	9327074	7	74	8.64	CHH
12	9368388	9368605	70	8	89.74	CG
12	9368388	9368605	20	10	66.67	CHG
12	9368388	9368605	22	392	5.31	CHH
12	11421434	11422871	121	9	93.08	CG
12	11421434	11422871	1	528	0.19	CHG
12	11421434	11422871	1	1663	0.06	CHH
12	11519644	11519807	5	0	100.00	CG
12	11519644	11519807	3	1	75.00	CHG
12	11519644	11519807	0	27	0.00	CHH
12	12193685	12193957	132	13	91.03	CG
12	12193685	12193957	80	65	55.17	CHG
12	12193685	12193957	16	474	3.27	CHH
12	12596401	12596694	26	7	78.79	CG
12	12596401	12596694	36	26	58.06	CHG
12	12596401	12596694	8	182	4.21	CHH
12	12742760	12743615	143	30	82.66	CG
12	12742760	12743615	70	54	56.45	CHG
12	12742760	12743615	14	460	2.95	CHH
12	13187459	13188652	71	321	18.11	CG
12	13187459	13188652	15	324	4.42	CHG
12	13187459	13188652	146	781	15.75	CHH
12	14284341	14284547	0	58	0.00	CG
12	14284341	14284547	0	17	0.00	CHG
12	14284341	14284547	0	124	0.00	CHH
12	14803452	14803625	5	0	100.00	CG
12	14803452	14803625	13	1	92.86	CHG
12	14803452	14803625	4	156	2.50	CHH
12	15067951	15069074	126	9	93.33	CG
12	15067951	15069074	83	38	68.60	CHG
12	15067951	15069074	20	464	4.13	CHH
12	15348530	15353993	875	68	92.79	CG
12	15348530	15353993	948	386	71.06	CHG
12	15348530	15353993	78	4889	1.57	CHH
12	16142723	16142824	74	2	97.37	CG
12	16142723	16142824	38	33	53.52	CHG
12	16142723	16142824	4	175	2.23	CHH
12	16276461	16276731	13	2	86.67	CG
12	16276461	16276731	10	7	58.82	CHG
12	16276461	16276731	0	22	0.00	CHH
12	16529727	16530963	423	42	90.97	CG
12	16529727	16530963	148	165	47.28	CHG
12	16529727	16530963	30	1217	2.41	CHH
12	17830991	17831311	0	10	0.00	CG
12	17830991	17831311	0	73	0.00	CHG
12	17830991	17831311	0	165	0.00	CHH
12	18708202	18708465	17	1	94.44	CG
12	18708202	18708465	1	65	1.52	CHG
12	18708202	18708465	0	266	0.00	CHH
12	18864903	18867127	484	90	84.32	CG
12	18864903	18867127	240	212	53.10	CHG
12	18864903	18867127	144	1820	7.33	CHH
12	19240695	19241251	19	4	82.61	CG
12	19240695	19241251	16	32	33.33	CHG
12	19240695	19241251	20	512	3.76	CHH
12	20271167	20271395	57	2	96.61	CG
12	20271167	20271395	60	22	73.17	CHG
12	20271167	20271395	6	423	1.40	CHH
12	21012743	21013159	34	34	50.00	CG
12	21012743	21013159	3	126	2.33	CHG
12	21012743	21013159	9	296	2.95	CHH
12	21325595	21326775	167	34	83.08	CG
12	21325595	21326775	1	645	0.15	CHG
12	21325595	21326775	4	1644	0.24	CHH
12	21498142	21500190	275	60	82.09	CG
12	21498142	21500190	2	794	0.25	CHG
12	21498142	21500190	1	2603	0.04	CHH
12	21799965	21804009	222	942	19.07	CG
12	21799965	21804009	3	1553	0.19	CHG
12	21799965	21804009	37	5067	0.72	CHH
12	22237684	22237932	0	241	0.00	CG
12	22237684	22237932	0	183	0.00	CHG
12	22237684	22237932	0	285	0.00	CHH
12	22424783	22424873	9	0	100.00	CG
12	22424783	22424873	0	62	0.00	CHG
12	22424783	22424873	0	52	0.00	CHH
12	22599880	22601854	150	792	15.92	CG
12	22599880	22601854	9	784	1.13	CHG
12	22599880	22601854	72	2567	2.73	CHH
12	22827958	22829855	174	64	73.11	CG
12	22827958	22829855	254	138	64.80	CHG
12	22827958	22829855	49	1309	3.61	CHH
12	22914184	22914456	3	1	75.00	CG
12	22914184	22914456	10	0	100.00	CHG
12	22914184	22914456	1	27	3.57	CHH
12	23044811	23045065	0	24	0.00	CG
12	23044811	23045065	0	75	0.00	CHG
12	23044811	23045065	0	221	0.00	CHH
12	24286289	24286454	49	3	94.23	CG
12	24286289	24286454	5	38	11.63	CHG
12	24286289	24286454	2	571	0.35	CHH
12	24305556	24308650	487	39	92.59	CG
12	24305556	24308650	89	1092	7.54	CHG
12	24305556	24308650	22	3994	0.55	CHH
12	24482972	24483119	2	52	3.70	CG
12	24482972	24483119	13	97	11.82	CHG
12	24482972	24483119	50	335	12.99	CHH
12	25415184	25415420	41	10	80.39	CG
12	25415184	25415420	2	17	10.53	CHG
12	25415184	25415420	20	63	24.10	CHH
12	26429400	26431294	2	1261	0.16	CG
12	26429400	26431294	6	920	0.65	CHG
12	26429400	26431294	6	2046	0.29	CHH
12	26619179	26619379	12	0	100.00	CG
12	26619179	26619379	0	76	0.00	CHG
12	26619179	26619379	2	320	0.62	CHH
12	26739873	26743547	475	34	93.32	CG
12	26739873	26743547	249	151	62.25	CHG
12	26739873	26743547	51	1701	2.91	CHH
12	26756376	26756465	23	2	92.00	CG
12	26756376	26756465	2	11	15.38	CHG
12	26756376	26756465	2	96	2.04	CHH
