1	2555114	2555411	117	21	84.78	CG
1	2555114	2555411	9	63	12.50	CHG
1	2555114	2555411	7	246	2.77	CHH
1	8143115	8144572	164	499	24.74	CG
1	8143115	8144572	95	373	20.30	CHG
1	8143115	8144572	281	1975	12.46	CHH
1	8856289	8857459	300	73	80.43	CG
1	8856289	8857459	126	218	36.63	CHG
1	8856289	8857459	35	705	4.73	CHH
1	9440253	9440373	10	1	90.91	CG
1	9440253	9440373	30	12	71.43	CHG
1	9440253	9440373	8	164	4.65	CHH
1	10922927	10924097	698	60	92.08	CG
1	10922927	10924097	121	269	31.03	CHG
1	10922927	10924097	20	1389	1.42	CHH
1	10924272	10925038	98	17	85.22	CG
1	10924272	10925038	73	45	61.86	CHG
1	10924272	10925038	65	417	13.49	CHH
1	10926447	10926494	4	0	100.00	CG
1	10926447	10926494	1	3	25.00	CHG
1	10926447	10926494	2	17	10.53	CHH
1	10927779	10928239	0	263	0.00	CG
1	10927779	10928239	0	329	0.00	CHG
1	10927779	10928239	0	871	0.00	CHH
1	11194466	11195470	523	532	49.57	CG
1	11194466	11195470	117	402	22.54	CHG
1	11194466	11195470	61	3253	1.84	CHH
1	11195594	11197144	494	24	95.37	CG
1	11195594	11197144	255	122	67.64	CHG
1	11195594	11197144	82	1327	5.82	CHH
1	11469690	11470040	148	21	87.57	CG
1	11469690	11470040	23	70	24.73	CHG
1	11469690	11470040	10	215	4.44	CHH
1	11476217	11476541	131	19	87.33	CG
1	11476217	11476541	48	38	55.81	CHG
1	11476217	11476541	15	418	3.46	CHH
1	11476776	11476980	88	11	88.89	CG
1	11476776	11476980	60	41	59.41	CHG
1	11476776	11476980	3	238	1.24	CHH
1	14960932	14961729	256	27	90.46	CG
1	14960932	14961729	70	142	33.02	CHG
1	14960932	14961729	36	795	4.33	CHH
1	20811581	20812788	132	9	93.62	CG
1	20811581	20812788	124	75	62.31	CHG
1	20811581	20812788	80	888	8.26	CHH
1	20812987	20814418	652	60	91.57	CG
1	20812987	20814418	388	177	68.67	CHG
1	20812987	20814418	61	1875	3.15	CHH
1	21008974	21009872	115	16	87.79	CG
1	21008974	21009872	126	49	72.00	CHG
1	21008974	21009872	7	1131	0.62	CHH
1	21009973	21014417	1426	96	93.69	CG
1	21009973	21014417	1251	1067	53.97	CHG
1	21009973	21014417	50	6470	0.77	CHH
1	25251599	25253560	569	323	63.79	CG
1	25251599	25253560	148	400	27.01	CHG
1	25251599	25253560	216	1838	10.52	CHH
1	25254184	25254575	132	9	93.62	CG
1	25254184	25254575	41	35	53.95	CHG
1	25254184	25254575	74	270	21.51	CHH
1	26580982	26582392	468	32	93.60	CG
1	26580982	26582392	170	181	48.43	CHG
1	26580982	26582392	66	809	7.54	CHH
1	28208118	28209343	291	35	89.26	CG
1	28208118	28209343	72	113	38.92	CHG
1	28208118	28209343	49	417	10.52	CHH
1	28209629	28210983	437	45	90.66	CG
1	28209629	28210983	308	205	60.04	CHG
1	28209629	28210983	81	2130	3.66	CHH
1	28211421	28212110	119	9	92.97	CG
1	28211421	28212110	147	35	80.77	CHG
1	28211421	28212110	13	893	1.43	CHH
1	30811371	30812183	252	22	91.97	CG
1	30811371	30812183	152	132	53.52	CHG
1	30811371	30812183	96	767	11.12	CHH
1	36452592	36453218	176	14	92.63	CG
1	36452592	36453218	77	91	45.83	CHG
1	36452592	36453218	56	452	11.02	CHH
1	38451745	38452887	278	148	65.26	CG
1	38451745	38452887	97	169	36.47	CHG
1	38451745	38452887	126	775	13.98	CHH
1	41135938	41135972	0	34	0.00	CG
1	41135938	41135972	0	16	0.00	CHG
1	41135938	41135972	0	68	0.00	CHH
2	3701316	3701517	18	3	85.71	CG
2	3701316	3701517	18	15	54.55	CHG
2	3701316	3701517	3	181	1.63	CHH
2	6759920	6761510	308	48	86.52	CG
2	6759920	6761510	270	124	68.53	CHG
2	6759920	6761510	35	1237	2.75	CHH
2	7610238	7610762	168	20	89.36	CG
2	7610238	7610762	57	79	41.91	CHG
2	7610238	7610762	47	340	12.14	CHH
2	8346082	8346522	153	14	91.62	CG
2	8346082	8346522	178	73	70.92	CHG
2	8346082	8346522	21	846	2.42	CHH
2	13582141	13582726	107	4	96.40	CG
2	13582141	13582726	111	36	75.51	CHG
2	13582141	13582726	9	653	1.36	CHH
2	14698488	14698632	47	51	47.96	CG
2	14698488	14698632	51	85	37.50	CHG
2	14698488	14698632	82	117	41.21	CHH
2	16555825	16557101	202	747	21.29	CG
2	16555825	16557101	53	737	6.71	CHG
2	16555825	16557101	88	1587	5.25	CHH
2	16557180	16558295	160	327	32.85	CG
2	16557180	16558295	104	391	21.01	CHG
2	16557180	16558295	177	1368	11.46	CHH
2	29633236	29636111	636	386	62.23	CG
2	29633236	29636111	512	431	54.29	CHG
2	29633236	29636111	161	2952	5.17	CHH
2	29778535	29779835	422	67	86.30	CG
2	29778535	29779835	263	83	76.01	CHG
2	29778535	29779835	82	1940	4.06	CHH
2	29780404	29782752	728	46	94.06	CG
2	29780404	29782752	281	136	67.39	CHG
2	29780404	29782752	291	2832	9.32	CHH
2	33668330	33668734	22	280	7.28	CG
2	33668330	33668734	3	297	1.00	CHG
2	33668330	33668734	56	528	9.59	CHH
3	7205990	7206396	138	13	91.39	CG
3	7205990	7206396	96	33	74.42	CHG
3	7205990	7206396	9	298	2.93	CHH
3	7208162	7208468	71	5	93.42	CG
3	7208162	7208468	25	13	65.79	CHG
3	7208162	7208468	22	295	6.94	CHH
3	10131683	10133676	701	137	83.65	CG
3	10131683	10133676	232	317	42.26	CHG
3	10131683	10133676	93	2044	4.35	CHH
3	12711049	12711825	161	14	92.00	CG
3	12711049	12711825	71	39	64.55	CHG
3	12711049	12711825	31	738	4.03	CHH
3	12711907	12712969	390	41	90.49	CG
3	12711907	12712969	239	140	63.06	CHG
3	12711907	12712969	44	1185	3.58	CHH
3	13925598	13926734	486	68	87.73	CG
3	13925598	13926734	195	187	51.05	CHG
3	13925598	13926734	32	1174	2.65	CHH
3	15610099	15611396	492	29	94.43	CG
3	15610099	15611396	167	100	62.55	CHG
3	15610099	15611396	129	1203	9.68	CHH
3	17446064	17447102	317	15	95.48	CG
3	17446064	17447102	241	82	74.61	CHG
3	17446064	17447102	72	1098	6.15	CHH
3	19352995	19356617	1480	126	92.15	CG
3	19352995	19356617	739	421	63.71	CHG
3	19352995	19356617	87	4005	2.13	CHH
3	22294607	22295687	431	19	95.78	CG
3	22294607	22295687	258	78	76.79	CHG
3	22294607	22295687	97	1306	6.91	CHH
3	22295781	22296159	171	6	96.61	CG
3	22295781	22296159	106	20	84.13	CHG
3	22295781	22296159	18	323	5.28	CHH
3	22404232	22405507	643	61	91.34	CG
3	22404232	22405507	196	220	47.12	CHG
3	22404232	22405507	34	913	3.59	CHH
3	27941138	27942796	368	57	86.59	CG
3	27941138	27942796	235	352	40.03	CHG
3	27941138	27942796	136	1985	6.41	CHH
3	28510179	28510777	139	8	94.56	CG
3	28510179	28510777	71	59	54.62	CHG
3	28510179	28510777	32	661	4.62	CHH
4	2276177	2276551	155	29	84.24	CG
4	2276177	2276551	44	25	63.77	CHG
4	2276177	2276551	9	220	3.93	CHH
4	11651971	11654930	1044	117	89.92	CG
4	11651971	11654930	388	441	46.80	CHG
4	11651971	11654930	41	4342	0.94	CHH
4	27689683	27689829	42	15	73.68	CG
4	27689683	27689829	7	24	22.58	CHG
4	27689683	27689829	55	99	35.71	CHH
4	29141581	29141664	20	0	100.00	CG
4	29141581	29141664	12	7	63.16	CHG
4	29141581	29141664	22	52	29.73	CHH
4	30611394	30612481	135	163	45.30	CG
4	30611394	30612481	104	259	28.65	CHG
4	30611394	30612481	256	1072	19.28	CHH
5	662749	664095	639	30	95.52	CG
5	662749	664095	253	171	59.67	CHG
5	662749	664095	170	1405	10.79	CHH
5	664360	665573	333	82	80.24	CG
5	664360	665573	158	259	37.89	CHG
5	664360	665573	72	1363	5.02	CHH
5	1136684	1139118	778	48	94.19	CG
5	1136684	1139118	574	276	67.53	CHG
5	1136684	1139118	64	3021	2.07	CHH
5	2775738	2775910	3	66	4.35	CG
5	2775738	2775910	7	25	21.88	CHG
5	2775738	2775910	20	160	11.11	CHH
5	11245127	11247429	643	190	77.19	CG
5	11245127	11247429	332	209	61.37	CHG
5	11245127	11247429	223	1784	11.11	CHH
5	13079678	13081153	487	40	92.41	CG
5	13079678	13081153	212	135	61.10	CHG
5	13079678	13081153	115	1230	8.55	CHH
5	19128840	19130154	454	20	95.78	CG
5	19128840	19130154	247	99	71.39	CHG
5	19128840	19130154	230	1236	15.69	CHH
5	19883682	19883838	34	1	97.14	CG
5	19883682	19883838	31	13	70.45	CHG
5	19883682	19883838	3	18	14.29	CHH
5	19884479	19885037	135	105	56.25	CG
5	19884479	19885037	70	168	29.41	CHG
5	19884479	19885037	55	238	18.77	CHH
5	27489055	27489338	111	5	95.69	CG
5	27489055	27489338	69	20	77.53	CHG
5	27489055	27489338	52	176	22.81	CHH
5	27489622	27490471	46	178	20.54	CG
5	27489622	27490471	67	179	27.24	CHG
5	27489622	27490471	46	824	5.29	CHH
6	1051401	1053277	437	68	86.53	CG
6	1051401	1053277	165	351	31.98	CHG
6	1051401	1053277	32	1261	2.47	CHH
6	6075315	6076487	213	20	91.42	CG
6	6075315	6076487	233	83	73.73	CHG
6	6075315	6076487	38	1722	2.16	CHH
6	6076943	6077142	58	13	81.69	CG
6	6076943	6077142	49	45	52.13	CHG
6	6076943	6077142	1	85	1.16	CHH
6	6339071	6340741	720	46	93.99	CG
6	6339071	6340741	259	186	58.20	CHG
6	6339071	6340741	100	1745	5.42	CHH
6	11301673	11302182	46	19	70.77	CG
6	11301673	11302182	66	65	50.38	CHG
6	11301673	11302182	27	258	9.47	CHH
6	12035080	12038531	1533	98	93.99	CG
6	12035080	12038531	906	669	57.52	CHG
6	12035080	12038531	53	3930	1.33	CHH
6	13426051	13427806	460	37	92.56	CG
6	13426051	13427806	218	171	56.04	CHG
6	13426051	13427806	21	1623	1.28	CHH
6	13432787	13433792	275	24	91.97	CG
6	13432787	13433792	183	103	63.99	CHG
6	13432787	13433792	19	1357	1.38	CHH
6	13434151	13437348	1210	92	92.93	CG
6	13434151	13437348	843	306	73.37	CHG
6	13434151	13437348	114	4883	2.28	CHH
6	17322463	17323417	249	23	91.54	CG
6	17322463	17323417	111	63	63.79	CHG
6	17322463	17323417	62	946	6.15	CHH
6	17674030	17675910	430	31	93.28	CG
6	17674030	17675910	116	355	24.63	CHG
6	17674030	17675910	27	2539	1.05	CHH
6	21224444	21225486	278	367	43.10	CG
6	21224444	21225486	113	439	20.47	CHG
6	21224444	21225486	25	1149	2.13	CHH
6	21225688	21227423	681	181	79.00	CG
6	21225688	21227423	192	412	31.79	CHG
6	21225688	21227423	58	1388	4.01	CHH
6	21664378	21665467	365	43	89.46	CG
6	21664378	21665467	240	160	60.00	CHG
6	21664378	21665467	222	1481	13.04	CHH
6	27800538	27801418	0	131	0.00	CG
6	27800538	27801418	0	233	0.00	CHG
6	27800538	27801418	0	814	0.00	CHH
6	28515545	28517894	1051	87	92.36	CG
6	28515545	28517894	451	311	59.19	CHG
6	28515545	28517894	78	3208	2.37	CHH
6	29380325	29380583	14	55	20.29	CG
6	29380325	29380583	3	95	3.06	CHG
6	29380325	29380583	13	291	4.28	CHH
7	998065	998596	119	10	92.25	CG
7	998065	998596	117	43	73.12	CHG
7	998065	998596	24	786	2.96	CHH
7	999799	1001396	592	37	94.12	CG
7	999799	1001396	234	195	54.55	CHG
7	999799	1001396	144	1312	9.89	CHH
7	3900733	3901027	135	16	89.40	CG
7	3900733	3901027	9	110	7.56	CHG
7	3900733	3901027	2	216	0.92	CHH
7	3901161	3901878	183	25	87.98	CG
7	3901161	3901878	67	61	52.34	CHG
7	3901161	3901878	99	447	18.13	CHH
7	3901974	3902422	61	8	88.41	CG
7	3901974	3902422	38	42	47.50	CHG
7	3901974	3902422	41	324	11.23	CHH
7	5720282	5722705	573	68	89.39	CG
7	5720282	5722705	383	503	43.23	CHG
7	5720282	5722705	47	3016	1.53	CHH
7	8298338	8298633	26	4	86.67	CG
7	8298338	8298633	37	73	33.64	CHG
7	8298338	8298633	0	285	0.00	CHH
7	8298718	8299246	168	8	95.45	CG
7	8298718	8299246	108	45	70.59	CHG
7	8298718	8299246	19	673	2.75	CHH
7	8299464	8300327	155	13	92.26	CG
7	8299464	8300327	154	96	61.60	CHG
7	8299464	8300327	39	1553	2.45	CHH
7	15317591	15318975	389	22	94.65	CG
7	15317591	15318975	284	142	66.67	CHG
7	15317591	15318975	61	1782	3.31	CHH
7	15677020	15677884	120	8	93.75	CG
7	15677020	15677884	153	144	51.52	CHG
7	15677020	15677884	64	520	10.96	CHH
7	19999746	20001606	564	56	90.97	CG
7	19999746	20001606	119	365	24.59	CHG
7	19999746	20001606	125	1127	9.98	CHH
7	20006322	20006843	169	9	94.94	CG
7	20006322	20006843	76	93	44.97	CHG
7	20006322	20006843	28	803	3.37	CHH
7	22461243	22461968	367	25	93.62	CG
7	22461243	22461968	208	91	69.57	CHG
7	22461243	22461968	101	923	9.86	CHH
7	27168967	27169484	90	15	85.71	CG
7	27168967	27169484	46	47	49.46	CHG
7	27168967	27169484	79	467	14.47	CHH
8	3956366	3957065	168	45	78.87	CG
8	3956366	3957065	89	145	38.03	CHG
8	3956366	3957065	199	588	25.29	CHH
8	4051074	4052619	248	651	27.59	CG
8	4051074	4052619	57	516	9.95	CHG
8	4051074	4052619	182	1368	11.74	CHH
8	5776503	5777429	206	418	33.01	CG
8	5776503	5777429	57	324	14.96	CHG
8	5776503	5777429	21	937	2.19	CHH
8	5777523	5777952	122	11	91.73	CG
8	5777523	5777952	81	49	62.31	CHG
8	5777523	5777952	35	266	11.63	CHH
8	7667656	7668635	343	19	94.75	CG
8	7667656	7668635	179	241	42.62	CHG
8	7667656	7668635	21	1682	1.23	CHH
8	7668975	7671382	500	68	88.03	CG
8	7668975	7671382	183	948	16.18	CHG
8	7668975	7671382	31	3483	0.88	CHH
8	7769992	7770862	185	17	91.58	CG
8	7769992	7770862	204	82	71.33	CHG
8	7769992	7770862	7	943	0.74	CHH
8	8373831	8376092	757	78	90.66	CG
8	8373831	8376092	493	240	67.26	CHG
8	8373831	8376092	106	2637	3.86	CHH
8	8446534	8449768	1269	225	84.94	CG
8	8446534	8449768	508	522	49.32	CHG
8	8446534	8449768	97	5331	1.79	CHH
8	9446567	9447269	323	15	95.56	CG
8	9446567	9447269	83	105	44.15	CHG
8	9446567	9447269	65	548	10.60	CHH
8	9448173	9449184	558	71	88.71	CG
8	9448173	9449184	101	239	29.71	CHG
8	9448173	9449184	25	1251	1.96	CHH
8	15385469	15386230	237	14	94.42	CG
8	15385469	15386230	118	85	58.13	CHG
8	15385469	15386230	56	959	5.52	CHH
8	15452051	15454665	888	80	91.74	CG
8	15452051	15454665	425	248	63.15	CHG
8	15452051	15454665	152	2727	5.28	CHH
8	15462558	15463189	205	16	92.76	CG
8	15462558	15463189	108	74	59.34	CHG
8	15462558	15463189	17	609	2.72	CHH
8	15463325	15463489	50	5	90.91	CG
8	15463325	15463489	57	46	55.34	CHG
8	15463325	15463489	2	153	1.29	CHH
8	15463949	15465412	233	106	68.73	CG
8	15463949	15465412	127	210	37.69	CHG
8	15463949	15465412	61	1639	3.59	CHH
8	19733579	19734538	329	28	92.16	CG
8	19733579	19734538	125	112	52.74	CHG
8	19733579	19734538	31	572	5.14	CHH
8	19734616	19735488	200	18	91.74	CG
8	19734616	19735488	148	121	55.02	CHG
8	19734616	19735488	140	787	15.10	CHH
8	20981167	20986252	2815	524	84.31	CG
8	20981167	20986252	1070	966	52.55	CHG
8	20981167	20986252	156	5655	2.68	CHH
8	26829088	26830470	337	84	80.05	CG
8	26829088	26830470	203	177	53.42	CHG
8	26829088	26830470	120	847	12.41	CHH
9	1293289	1296834	1327	139	90.52	CG
9	1293289	1296834	625	381	62.13	CHG
9	1293289	1296834	183	4105	4.27	CHH
9	1297015	1297850	312	30	91.23	CG
9	1297015	1297850	110	63	63.58	CHG
9	1297015	1297850	37	890	3.99	CHH
9	3227798	3229550	416	32	92.86	CG
9	3227798	3229550	131	240	35.31	CHG
9	3227798	3229550	24	1566	1.51	CHH
9	3229897	3231099	389	72	84.38	CG
9	3229897	3231099	118	391	23.18	CHG
9	3229897	3231099	25	2005	1.23	CHH
9	3515363	3516506	330	16	95.38	CG
9	3515363	3516506	136	197	40.84	CHG
9	3515363	3516506	12	938	1.26	CHH
9	3516815	3517763	277	40	87.38	CG
9	3516815	3517763	76	333	18.58	CHG
9	3516815	3517763	8	725	1.09	CHH
9	3730715	3731926	184	219	45.66	CG
9	3730715	3731926	73	235	23.70	CHG
9	3730715	3731926	83	1089	7.08	CHH
9	9557293	9558428	354	22	94.15	CG
9	9557293	9558428	182	109	62.54	CHG
9	9557293	9558428	55	1221	4.31	CHH
9	12178127	12181584	571	41	93.30	CG
9	12178127	12181584	635	320	66.49	CHG
9	12178127	12181584	91	3595	2.47	CHH
9	12419030	12419675	204	35	85.36	CG
9	12419030	12419675	93	218	29.90	CHG
9	12419030	12419675	12	455	2.57	CHH
9	12420619	12426858	1722	108	94.10	CG
9	12420619	12426858	2530	738	77.42	CHG
9	12420619	12426858	248	8408	2.87	CHH
9	15229746	15230319	120	7	94.49	CG
9	15229746	15230319	55	46	54.46	CHG
9	15229746	15230319	9	144	5.88	CHH
9	15230410	15231901	371	31	92.29	CG
9	15230410	15231901	166	116	58.87	CHG
9	15230410	15231901	51	883	5.46	CHH
9	17429413	17430049	178	23	88.56	CG
9	17429413	17430049	90	69	56.60	CHG
9	17429413	17430049	165	513	24.34	CHH
10	402636	402987	76	3	96.20	CG
10	402636	402987	26	40	39.39	CHG
10	402636	402987	49	244	16.72	CHH
10	705178	705397	86	4	95.56	CG
10	705178	705397	44	34	56.41	CHG
10	705178	705397	1	78	1.27	CHH
10	706000	706142	109	7	93.97	CG
10	706000	706142	49	58	45.79	CHG
10	706000	706142	0	88	0.00	CHH
10	5925941	5926484	122	12	91.04	CG
10	5925941	5926484	73	88	45.34	CHG
10	5925941	5926484	61	905	6.31	CHH
10	5927422	5928302	155	6	96.27	CG
10	5927422	5928302	84	63	57.14	CHG
10	5927422	5928302	34	1202	2.75	CHH
10	9629597	9630043	6	417	1.42	CG
10	9629597	9630043	0	501	0.00	CHG
10	9629597	9630043	1	947	0.11	CHH
10	11210121	11211317	327	25	92.90	CG
10	11210121	11211317	176	67	72.43	CHG
10	11210121	11211317	42	1202	3.38	CHH
10	16005555	16006259	131	7	94.93	CG
10	16005555	16006259	31	78	28.44	CHG
10	16005555	16006259	44	387	10.21	CHH
11	3230048	3230169	17	2	89.47	CG
11	3230048	3230169	13	16	44.83	CHG
11	3230048	3230169	1	99	1.00	CHH
11	6296560	6298355	469	92	83.60	CG
11	6296560	6298355	327	384	45.99	CHG
11	6296560	6298355	61	2518	2.37	CHH
11	7729318	7730196	237	23	91.15	CG
11	7729318	7730196	273	121	69.29	CHG
11	7729318	7730196	13	1166	1.10	CHH
11	7736107	7738642	762	96	88.81	CG
11	7736107	7738642	229	589	28.00	CHG
11	7736107	7738642	25	2495	0.99	CHH
11	7738733	7740049	370	26	93.43	CG
11	7738733	7740049	219	112	66.16	CHG
11	7738733	7740049	40	1746	2.24	CHH
11	8911345	8913282	121	203	37.35	CG
11	8911345	8913282	52	724	6.70	CHG
11	8911345	8913282	224	2205	9.22	CHH
11	11148469	11148552	0	124	0.00	CG
11	11148469	11148552	0	44	0.00	CHG
11	11148469	11148552	0	116	0.00	CHH
11	15466012	15467596	275	977	21.96	CG
11	15466012	15467596	78	739	9.55	CHG
11	15466012	15467596	50	1796	2.71	CHH
11	17162539	17163796	575	45	92.74	CG
11	17162539	17163796	84	220	27.63	CHG
11	17162539	17163796	7	812	0.85	CHH
11	17164953	17166701	421	35	92.32	CG
11	17164953	17166701	158	262	37.62	CHG
11	17164953	17166701	19	1681	1.12	CHH
11	17166830	17167277	180	13	93.26	CG
11	17166830	17167277	70	115	37.84	CHG
11	17166830	17167277	3	384	0.78	CHH
11	17167358	17167576	97	8	92.38	CG
11	17167358	17167576	13	38	25.49	CHG
11	17167358	17167576	2	270	0.74	CHH
11	17167722	17168412	233	26	89.96	CG
11	17167722	17168412	62	154	28.70	CHG
11	17167722	17168412	7	755	0.92	CHH
11	17168615	17170260	414	33	92.62	CG
11	17168615	17170260	456	267	63.07	CHG
11	17168615	17170260	41	1794	2.23	CHH
11	22338223	22342581	1265	85	93.70	CG
11	22338223	22342581	765	406	65.33	CHG
11	22338223	22342581	158	3705	4.09	CHH
11	24390111	24390786	61	4	93.85	CG
11	24390111	24390786	109	288	27.46	CHG
11	24390111	24390786	26	1102	2.30	CHH
12	4737413	4737840	130	12	91.55	CG
12	4737413	4737840	58	106	35.37	CHG
12	4737413	4737840	31	698	4.25	CHH
12	4898920	4899775	169	10	94.41	CG
12	4898920	4899775	29	103	21.97	CHG
12	4898920	4899775	17	547	3.01	CHH
12	4902073	4902516	74	10	88.10	CG
12	4902073	4902516	4	46	8.00	CHG
12	4902073	4902516	1	286	0.35	CHH
12	9062972	9063466	143	12	92.26	CG
12	9062972	9063466	55	97	36.18	CHG
12	9062972	9063466	19	349	5.16	CHH
12	9064169	9064334	36	3	92.31	CG
12	9064169	9064334	12	32	27.27	CHG
12	9064169	9064334	4	132	2.94	CHH
12	9064925	9066118	445	53	89.36	CG
12	9064925	9066118	52	275	15.90	CHG
12	9064925	9066118	30	994	2.93	CHH
12	17504082	17504299	47	4	92.16	CG
12	17504082	17504299	37	20	64.91	CHG
12	17504082	17504299	2	160	1.23	CHH
12	17987554	17988996	387	11	97.24	CG
12	17987554	17988996	164	107	60.52	CHG
12	17987554	17988996	63	1147	5.21	CHH
12	18861738	18863268	89	22	80.18	CG
12	18861738	18863268	37	64	36.63	CHG
12	18861738	18863268	12	1431	0.83	CHH
12	18864308	18866205	508	32	94.07	CG
12	18864308	18866205	302	132	69.59	CHG
12	18864308	18866205	81	1697	4.56	CHH
