1	301401	301650	25	0	100.00	CG
1	301401	301650	3	2	60.00	CHG
1	301401	301650	143	73	66.20	CHH
1	751422	751630	20	0	100.00	CG
1	751422	751630	3	2	60.00	CHG
1	751422	751630	4	64	5.88	CHH
1	831964	832562	68	4	94.44	CG
1	831964	832562	50	18	73.53	CHG
1	831964	832562	28	246	10.22	CHH
1	1349307	1349537	6	2	75.00	CHG
1	1349307	1349537	26	226	10.32	CHH
1	1377440	1378052	11	1	91.67	CG
1	1377440	1378052	13	6	68.42	CHG
1	1377440	1378052	203	217	48.33	CHH
1	1788440	1788928	18	0	100.00	CG
1	1788440	1788928	0	2	0.00	CHG
1	1788440	1788928	3	140	2.10	CHH
1	1789091	1789350	7	0	100.00	CG
1	1789091	1789350	3	9	25.00	CHG
1	1789091	1789350	9	106	7.83	CHH
1	2238174	2238281	7	0	100.00	CG
1	2238174	2238281	4	2	66.67	CHG
1	2238174	2238281	10	134	6.94	CHH
1	2260684	2260758	15	41	26.79	CHH
1	4981767	4981906	35	6	85.37	CHH
1	7687746	7687909	4	1	80.00	CG
1	7687746	7687909	0	1	0.00	CHG
1	7687746	7687909	18	75	19.35	CHH
1	8431744	8431928	5	0	100.00	CG
1	8431744	8431928	102	120	45.95	CHH
1	9585903	9586147	15	18	45.45	CHG
1	9585903	9586147	121	202	37.46	CHH
1	9767360	9767454	14	1	93.33	CG
1	9767360	9767454	6	6	50.00	CHG
1	9767360	9767454	49	150	24.62	CHH
1	10432345	10432562	110	101	52.13	CG
1	10432345	10432562	3	100	2.91	CHG
1	10432345	10432562	2	221	0.90	CHH
1	10834154	10834494	2	3	40.00	CHG
1	10834154	10834494	82	169	32.67	CHH
1	10926897	10927718	83	20	80.58	CG
1	10926897	10927718	69	75	47.92	CHG
1	10926897	10927718	2	363	0.55	CHH
1	11189069	11189507	171	86	66.54	CG
1	11189069	11189507	28	112	20.00	CHG
1	11189069	11189507	13	711	1.80	CHH
1	11191256	11191497	64	14	82.05	CG
1	11191256	11191497	19	21	47.50	CHG
1	11191256	11191497	21	113	15.67	CHH
1	11796108	11796316	13	7	65.00	CG
1	11796108	11796316	6	40	13.04	CHG
1	11796108	11796316	11	193	5.39	CHH
1	11928347	11928520	16	72	18.18	CHH
1	11940126	11940209	1	42	2.33	CHH
1	12597813	12598048	78	123	38.81	CHH
1	14322168	14322402	29	5	85.29	CG
1	14322168	14322402	10	1	90.91	CHG
1	14322168	14322402	90	136	39.82	CHH
1	14347206	14347429	12	2	85.71	CG
1	14347206	14347429	11	70	13.58	CHG
1	14347206	14347429	15	345	4.17	CHH
1	14358588	14358799	22	1	95.65	CG
1	14358588	14358799	19	7	73.08	CHG
1	14358588	14358799	130	99	56.77	CHH
1	16709412	16710638	170	6	96.59	CG
1	16709412	16710638	70	78	47.30	CHG
1	16709412	16710638	54	551	8.93	CHH
1	17043053	17043218	89	4	95.70	CG
1	17043053	17043218	20	19	51.28	CHG
1	17043053	17043218	42	170	19.81	CHH
1	18600195	18600325	8	0	100.00	CG
1	18600195	18600325	2	0	100.00	CHG
1	18600195	18600325	16	101	13.68	CHH
1	18600619	18600880	9	1	90.00	CG
1	18600619	18600880	4	0	100.00	CHG
1	18600619	18600880	17	197	7.94	CHH
1	18984904	18985083	12	1	92.31	CG
1	18984904	18985083	2	18	10.00	CHG
1	18984904	18985083	4	56	6.67	CHH
1	23765099	23765215	2	19	9.52	CG
1	23765099	23765215	1	21	4.55	CHG
1	23765099	23765215	0	53	0.00	CHH
1	24162719	24162945	57	126	31.15	CHH
1	26098395	26098876	14	4	77.78	CG
1	26098395	26098876	19	11	63.33	CHG
1	26098395	26098876	225	255	46.88	CHH
1	26638981	26639111	3	2	60.00	CG
1	26638981	26639111	7	5	58.33	CHG
1	26638981	26639111	9	39	18.75	CHH
1	27335823	27335919	9	0	100.00	CG
1	27335823	27335919	0	3	0.00	CHG
1	27335823	27335919	22	29	43.14	CHH
1	27892634	27893201	1	0	100.00	CG
1	27892634	27893201	24	12	66.67	CHG
1	27892634	27893201	199	264	42.98	CHH
1	28104533	28104643	8	0	100.00	CG
1	28104533	28104643	38	47	44.71	CHH
1	28181036	28181173	3	0	100.00	CG
1	28181036	28181173	0	13	0.00	CHG
1	28181036	28181173	0	67	0.00	CHH
1	28494153	28494502	3	0	100.00	CG
1	28494153	28494502	4	2	66.67	CHG
1	28494153	28494502	121	149	44.81	CHH
1	30431887	30432457	37	7	84.09	CG
1	30431887	30432457	12	7	63.16	CHG
1	30431887	30432457	198	347	36.33	CHH
1	31405810	31406074	12	1	92.31	CG
1	31405810	31406074	8	9	47.06	CHG
1	31405810	31406074	79	145	35.27	CHH
1	31589315	31589440	172	210	45.03	CHH
1	31867822	31868209	11	0	100.00	CG
1	31867822	31868209	260	224	53.72	CHH
1	32128407	32128528	8	1	88.89	CG
1	32128407	32128528	93	98	48.69	CHH
1	32850978	32851159	5	0	100.00	CG
1	32850978	32851159	3	9	25.00	CHG
1	32850978	32851159	33	59	35.87	CHH
1	33209708	33209844	11	1	91.67	CG
1	33209708	33209844	0	3	0.00	CHG
1	33209708	33209844	88	73	54.66	CHH
1	35537016	35537182	43	89	32.58	CHH
1	37056464	37056585	6	5	54.55	CHG
1	37056464	37056585	34	41	45.33	CHH
1	37328188	37328369	12	2	85.71	CG
1	37328188	37328369	8	0	100.00	CHG
1	37328188	37328369	116	69	62.70	CHH
1	38496092	38496280	36	3	92.31	CG
1	38496092	38496280	4	11	26.67	CHG
1	38496092	38496280	28	248	10.14	CHH
1	38517320	38517498	2	1	66.67	CG
1	38517320	38517498	4	2	66.67	CHG
1	38517320	38517498	47	28	62.67	CHH
1	38671419	38671601	12	0	100.00	CG
1	38671419	38671601	45	92	32.85	CHH
1	40300213	40300335	22	28	44.00	CHH
1	40395626	40395876	0	1	0.00	CG
1	40395626	40395876	21	136	13.38	CHH
1	40617610	40617749	1	100	0.99	CHG
1	40617610	40617749	1	163	0.61	CHH
1	40701980	40702243	5	1	83.33	CG
1	40701980	40702243	138	42	76.67	CHH
1	41145044	41145188	44	74	37.29	CHH
1	41155306	41155562	0	12	0.00	CHG
1	41155306	41155562	52	208	20.00	CHH
1	41890335	41890557	5	0	100.00	CG
1	41890335	41890557	20	20	50.00	CHG
1	41890335	41890557	23	62	27.06	CHH
1	42087976	42088125	2	64	3.03	CHH
1	42408453	42409215	138	16	89.61	CG
1	42408453	42409215	65	62	51.18	CHG
1	42408453	42409215	123	401	23.47	CHH
2	109398	109590	48	3	94.12	CG
2	109398	109590	37	30	55.22	CHG
2	109398	109590	65	131	33.16	CHH
2	1869793	1870778	227	23	90.80	CG
2	1869793	1870778	143	90	61.37	CHG
2	1869793	1870778	145	643	18.40	CHH
2	2040558	2041143	123	8	93.89	CG
2	2040558	2041143	123	56	68.72	CHG
2	2040558	2041143	23	725	3.07	CHH
2	2375551	2375771	203	178	53.28	CHH
2	3701574	3702250	65	5	92.86	CG
2	3701574	3702250	56	56	50.00	CHG
2	3701574	3702250	57	691	7.62	CHH
2	4194209	4194385	8	5	61.54	CHG
2	4194209	4194385	81	108	42.86	CHH
2	4474885	4475212	40	1	97.56	CG
2	4474885	4475212	11	11	50.00	CHG
2	4474885	4475212	99	90	52.38	CHH
2	4648186	4648420	20	0	100.00	CG
2	4648186	4648420	5	3	62.50	CHG
2	4648186	4648420	56	45	55.45	CHH
2	4947306	4947538	2	0	100.00	CG
2	4947306	4947538	43	87	33.08	CHH
2	5499042	5499299	63	7	90.00	CG
2	5499042	5499299	37	21	63.79	CHG
2	5499042	5499299	51	268	15.99	CHH
2	5521685	5521830	9	5	64.29	CHG
2	5521685	5521830	50	54	48.08	CHH
2	6545608	6545822	9	1	90.00	CG
2	6545608	6545822	175	314	35.79	CHH
2	6761735	6762038	16	3	84.21	CG
2	6761735	6762038	13	7	65.00	CHG
2	6761735	6762038	3	245	1.21	CHH
2	6762287	6762792	40	4	90.91	CG
2	6762287	6762792	20	17	54.05	CHG
2	6762287	6762792	5	499	0.99	CHH
2	7605117	7605555	12	1	92.31	CG
2	7605117	7605555	11	4	73.33	CHG
2	7605117	7605555	86	224	27.74	CHH
2	7945618	7946024	5	1	83.33	CG
2	7945618	7946024	1	2	33.33	CHG
2	7945618	7946024	18	214	7.76	CHH
2	8190084	8190413	3	2	60.00	CHG
2	8190084	8190413	93	247	27.35	CHH
2	10791440	10791566	26	20	56.52	CHH
2	11873649	11873886	6	0	100.00	CG
2	11873649	11873886	108	68	61.36	CHH
2	12097817	12097953	14	0	100.00	CG
2	12097817	12097953	7	153	4.38	CHH
2	12299222	12299385	5	4	55.56	CHG
2	12299222	12299385	49	74	39.84	CHH
2	12333889	12333999	1	0	100.00	CG
2	12333889	12333999	0	4	0.00	CHH
2	12582950	12583307	13	0	100.00	CG
2	12582950	12583307	3	7	30.00	CHG
2	12582950	12583307	7	294	2.33	CHH
2	13872268	13872613	0	68	0.00	CG
2	13872268	13872613	0	95	0.00	CHG
2	13872268	13872613	2	468	0.43	CHH
2	13948832	13949084	13	3	81.25	CHG
2	13948832	13949084	189	74	71.86	CHH
2	15589940	15590192	13	0	100.00	CG
2	15589940	15590192	12	47	20.34	CHG
2	15589940	15590192	30	117	20.41	CHH
2	17785746	17785984	1	0	100.00	CG
2	17785746	17785984	82	95	46.33	CHH
2	19211404	19211621	14	0	100.00	CG
2	19211404	19211621	147	77	65.62	CHH
2	19443247	19443361	5	1	83.33	CG
2	19443247	19443361	0	2	0.00	CHG
2	19443247	19443361	10	13	43.48	CHH
2	19977858	19978135	49	6	89.09	CG
2	19977858	19978135	43	82	34.40	CHG
2	19977858	19978135	40	366	9.85	CHH
2	20745916	20746102	13	0	100.00	CG
2	20745916	20746102	5	5	50.00	CHG
2	20745916	20746102	33	85	27.97	CHH
2	22202087	22202425	56	13	81.16	CG
2	22202087	22202425	4	23	14.81	CHG
2	22202087	22202425	62	263	19.08	CHH
2	22399133	22399342	14	1	93.33	CG
2	22399133	22399342	67	117	36.41	CHH
2	23077446	23077593	121	46	72.46	CHH
2	23988341	23988565	3	5	37.50	CHG
2	23988341	23988565	203	143	58.67	CHH
2	24094388	24094772	7	1	87.50	CG
2	24094388	24094772	4	23	14.81	CHG
2	24094388	24094772	110	317	25.76	CHH
2	24587774	24587906	21	2	91.30	CG
2	24587774	24587906	0	1	0.00	CHG
2	24587774	24587906	28	93	23.14	CHH
2	24968367	24968732	14	1	93.33	CG
2	24968367	24968732	11	14	44.00	CHG
2	24968367	24968732	33	129	20.37	CHH
2	25258399	25258520	54	98	35.53	CHH
2	25342968	25343092	4	0	100.00	CG
2	25342968	25343092	3	3	50.00	CHG
2	25342968	25343092	10	55	15.38	CHH
2	25971572	25971883	12	10	54.55	CHH
2	27849839	27850325	147	12	92.45	CG
2	27849839	27850325	28	46	37.84	CHG
2	27849839	27850325	160	395	28.83	CHH
2	27969163	27969436	19	6	76.00	CG
2	27969163	27969436	15	19	44.12	CHG
2	27969163	27969436	192	162	54.24	CHH
2	28230238	28230572	29	3	90.62	CHG
2	28230238	28230572	134	119	52.96	CHH
2	28737277	28737416	16	54	22.86	CHH
2	28787543	28787788	4	0	100.00	CG
2	28787543	28787788	1	1	50.00	CHG
2	28787543	28787788	16	11	59.26	CHH
2	29123726	29123981	44	125	26.04	CHH
2	30949004	30949191	17	1	94.44	CG
2	30949004	30949191	9	4	69.23	CHG
2	30949004	30949191	114	114	50.00	CHH
2	31639383	31639502	4	0	100.00	CG
2	31639383	31639502	20	61	24.69	CHH
2	32251509	32251649	7	2	77.78	CHG
2	32251509	32251649	27	62	30.34	CHH
2	32687570	32687718	30	24	55.56	CG
2	32687570	32687718	0	61	0.00	CHG
2	32687570	32687718	0	76	0.00	CHH
2	32980551	32980821	55	107	33.95	CHH
2	33849781	33850113	33	3	91.67	CG
2	33849781	33850113	19	24	44.19	CHG
2	33849781	33850113	10	313	3.10	CHH
2	33970498	33970631	2	38	5.00	CG
2	33970498	33970631	0	59	0.00	CHG
2	33970498	33970631	1	204	0.49	CHH
2	34234930	34235049	27	62	30.34	CHH
2	34582792	34582911	6	5	54.55	CHG
2	34582792	34582911	91	79	53.53	CHH
2	34952077	34952811	104	31	77.04	CG
2	34952077	34952811	32	55	36.78	CHG
2	34952077	34952811	64	476	11.85	CHH
2	34955560	34955809	91	94	49.19	CHH
3	811663	812098	53	3	94.64	CG
3	811663	812098	8	9	47.06	CHG
3	811663	812098	22	227	8.84	CHH
3	881089	881240	82	9	90.11	CG
3	881089	881240	5	32	13.51	CHG
3	881089	881240	3	144	2.04	CHH
3	1354664	1354914	14	0	100.00	CG
3	1354664	1354914	12	12	50.00	CHG
3	1354664	1354914	27	149	15.34	CHH
3	2169030	2169371	22	3	88.00	CG
3	2169030	2169371	3	1	75.00	CHG
3	2169030	2169371	24	62	27.91	CHH
3	3169366	3169453	0	34	0.00	CHH
3	3832576	3832832	11	0	100.00	CG
3	3832576	3832832	12	3	80.00	CHG
3	3832576	3832832	159	103	60.69	CHH
3	6047207	6047392	20	1	95.24	CG
3	6047207	6047392	5	5	50.00	CHG
3	6047207	6047392	73	62	54.07	CHH
3	6570907	6571273	42	4	91.30	CG
3	6570907	6571273	9	8	52.94	CHG
3	6570907	6571273	43	151	22.16	CHH
3	7246619	7246872	49	3	94.23	CG
3	7246619	7246872	14	7	66.67	CHG
3	7246619	7246872	13	88	12.87	CHH
3	8015940	8016118	34	100	25.37	CHH
3	8409618	8409743	0	12	0.00	CG
3	8409618	8409743	0	14	0.00	CHG
3	8409618	8409743	0	48	0.00	CHH
3	8629457	8629689	5	0	100.00	CG
3	8629457	8629689	9	2	81.82	CHG
3	8629457	8629689	139	93	59.91	CHH
3	8942617	8943063	28	0	100.00	CG
3	8942617	8943063	12	6	66.67	CHG
3	8942617	8943063	42	180	18.92	CHH
3	9319923	9320317	8	0	100.00	CG
3	9319923	9320317	2	97	2.02	CHH
3	11067334	11067625	1	0	100.00	CG
3	11067334	11067625	17	0	100.00	CHG
3	11067334	11067625	70	180	28.00	CHH
3	11642409	11642580	15	8	65.22	CHG
3	11642409	11642580	172	117	59.52	CHH
3	11857284	11857411	32	38	45.71	CHH
3	12675151	12675358	3	0	100.00	CG
3	12675151	12675358	0	1	0.00	CHG
3	12675151	12675358	55	182	23.21	CHH
3	13124743	13124928	11	1	91.67	CG
3	13124743	13124928	3	1	75.00	CHG
3	13124743	13124928	96	29	76.80	CHH
3	13748697	13748918	5	2	71.43	CHG
3	13748697	13748918	52	160	24.53	CHH
3	14057905	14058092	31	1	96.88	CG
3	14057905	14058092	9	5	64.29	CHG
3	14057905	14058092	25	133	15.82	CHH
3	14749193	14749460	9	0	100.00	CG
3	14749193	14749460	124	70	63.92	CHH
3	15103668	15103782	5	0	100.00	CHG
3	15103668	15103782	26	110	19.12	CHH
3	15113224	15113412	9	44	16.98	CHH
3	15134383	15134587	34	150	18.48	CHH
3	15613686	15613799	0	23	0.00	CG
3	15613686	15613799	1	20	4.76	CHG
3	15613686	15613799	0	82	0.00	CHH
3	16709783	16710100	82	3	96.47	CG
3	16709783	16710100	47	35	57.32	CHG
3	16709783	16710100	23	379	5.72	CHH
3	16776362	16776567	17	174	8.90	CHH
3	17308009	17308190	12	2	85.71	CG
3	17308009	17308190	7	3	70.00	CHG
3	17308009	17308190	52	174	23.01	CHH
3	17916587	17916910	17	6	73.91	CG
3	17916587	17916910	7	5	58.33	CHG
3	17916587	17916910	57	106	34.97	CHH
3	18637898	18638001	8	0	100.00	CG
3	18637898	18638001	0	7	0.00	CHH
3	20725201	20725339	3	0	100.00	CG
3	20725201	20725339	1	2	33.33	CHG
3	20725201	20725339	14	34	29.17	CHH
3	23359385	23359602	16	2	88.89	CG
3	23359385	23359602	1	8	11.11	CHG
3	23359385	23359602	44	114	27.85	CHH
3	24411908	24412466	4	115	3.36	CG
3	24411908	24412466	0	150	0.00	CHG
3	24411908	24412466	12	649	1.82	CHH
3	24572450	24572571	0	55	0.00	CHH
3	24924369	24924505	10	1	90.91	CG
3	24924369	24924505	78	53	59.54	CHH
3	25320199	25320294	13	57	18.57	CHH
3	26123077	26123398	32	5	86.49	CG
3	26123077	26123398	47	53	47.00	CHG
3	26123077	26123398	21	295	6.65	CHH
3	26143599	26144289	30	99	23.26	CG
3	26143599	26144289	4	186	2.11	CHG
3	26143599	26144289	4	757	0.53	CHH
3	26819731	26819992	0	5	0.00	CHG
3	26819731	26819992	75	162	31.65	CHH
3	27436719	27436866	1	1	50.00	CHG
3	27436719	27436866	23	63	26.74	CHH
3	27617928	27618015	3	25	10.71	CG
3	27617928	27618015	1	19	5.00	CHG
3	27617928	27618015	0	133	0.00	CHH
3	27618313	27618751	16	11	59.26	CG
3	27618313	27618751	5	51	8.93	CHG
3	27618313	27618751	1	228	0.44	CHH
3	27626160	27626452	32	4	88.89	CG
3	27626160	27626452	0	18	0.00	CHG
3	27626160	27626452	40	146	21.51	CHH
3	27785308	27785617	2	0	100.00	CG
3	27785308	27785617	45	26	63.38	CHH
3	28228225	28228487	70	181	27.89	CHH
3	29591935	29592097	4	0	100.00	CG
3	29591935	29592097	10	10	50.00	CHH
3	29675163	29675476	1	0	100.00	CG
3	29675163	29675476	24	31	43.64	CHH
3	29885011	29885181	7	0	100.00	CG
3	29885011	29885181	3	3	50.00	CHG
3	29885011	29885181	12	15	44.44	CHH
3	30100210	30100463	1	0	100.00	CG
3	30100210	30100463	46	79	36.80	CHH
3	30420791	30420983	145	97	59.92	CHH
3	30830679	30830818	207	230	47.37	CHH
3	31089191	31090510	235	20	92.16	CG
3	31089191	31090510	157	93	62.80	CHG
3	31089191	31090510	169	622	21.37	CHH
3	31423977	31424278	37	24	60.66	CHH
3	31722863	31723138	152	182	45.51	CHH
3	32006376	32006716	2	4	33.33	CHG
3	32006376	32006716	82	141	36.77	CHH
3	32110687	32111197	114	5	95.80	CG
3	32110687	32111197	62	32	65.96	CHG
3	32110687	32111197	184	264	41.07	CHH
3	32173553	32173723	7	12	36.84	CHG
3	32173553	32173723	5	150	3.23	CHH
3	32182087	32182430	5	0	100.00	CG
3	32182087	32182430	0	8	0.00	CHG
3	32182087	32182430	62	86	41.89	CHH
3	33684752	33685642	126	6	95.45	CG
3	33684752	33685642	53	82	39.26	CHG
3	33684752	33685642	70	616	10.20	CHH
4	468669	468758	15	50	23.08	CHH
4	4915709	4916399	86	5	94.51	CG
4	4915709	4916399	33	23	58.93	CHG
4	4915709	4916399	72	297	19.51	CHH
4	7381268	7381662	5	2	71.43	CG
4	7381268	7381662	21	17	55.26	CHG
4	7381268	7381662	123	298	29.22	CHH
4	7888722	7888904	4	0	100.00	CG
4	7888722	7888904	3	3	50.00	CHG
4	7888722	7888904	33	32	50.77	CHH
4	7955024	7955201	7	0	100.00	CG
4	7955024	7955201	2	4	33.33	CHG
4	7955024	7955201	19	52	26.76	CHH
4	15396846	15397090	30	4	88.24	CG
4	15396846	15397090	11	23	32.35	CHG
4	15396846	15397090	29	83	25.89	CHH
4	19683995	19684552	54	115	31.95	CG
4	19683995	19684552	10	224	4.27	CHG
4	19683995	19684552	17	685	2.42	CHH
4	19744896	19745083	3	2	60.00	CG
4	19744896	19745083	47	86	35.34	CHH
4	20001003	20001260	4	0	100.00	CHG
4	20001003	20001260	112	123	47.66	CHH
4	20595423	20595521	6	1	85.71	CG
4	20595423	20595521	1	0	100.00	CHG
4	20595423	20595521	67	47	58.77	CHH
4	21627729	21627912	8	0	100.00	CG
4	21627729	21627912	9	3	75.00	CHG
4	21627729	21627912	92	79	53.80	CHH
4	21744228	21744373	12	0	100.00	CG
4	21744228	21744373	0	2	0.00	CHG
4	21744228	21744373	10	47	17.54	CHH
4	21934032	21934221	72	21	77.42	CHH
4	21962681	21962889	15	2	88.24	CG
4	21962681	21962889	5	1	83.33	CHG
4	21962681	21962889	78	128	37.86	CHH
4	22575513	22575843	13	303	4.11	CHH
4	24030042	24030690	9	0	100.00	CG
4	24030042	24030690	11	9	55.00	CHG
4	24030042	24030690	77	101	43.26	CHH
4	24127511	24127670	10	2	83.33	CG
4	24127511	24127670	11	1	91.67	CHG
4	24127511	24127670	92	70	56.79	CHH
4	25426804	25426964	1	3	25.00	CHG
4	25426804	25426964	16	161	9.04	CHH
4	25457672	25458128	131	9	93.57	CG
4	25457672	25458128	21	24	46.67	CHG
4	25457672	25458128	32	364	8.08	CHH
4	25472006	25472224	1	2	33.33	CHG
4	25472006	25472224	36	62	36.73	CHH
4	25475165	25475574	17	0	100.00	CG
4	25475165	25475574	26	74	26.00	CHG
4	25475165	25475574	88	256	25.58	CHH
4	26530153	26530244	3	11	21.43	CHH
4	27630370	27630458	11	46	19.30	CHH
4	27903713	27903888	44	84	34.38	CHH
4	27907257	27907388	10	0	100.00	CG
4	27907257	27907388	0	7	0.00	CHG
4	27907257	27907388	48	185	20.60	CHH
4	28531802	28532069	10	1	90.91	CG
4	28531802	28532069	4	1	80.00	CHG
4	28531802	28532069	59	163	26.58	CHH
4	28847972	28848187	0	15	0.00	CHH
4	29191225	29191443	7	0	100.00	CG
4	29191225	29191443	9	7	56.25	CHG
4	29191225	29191443	35	36	49.30	CHH
4	30022367	30022520	13	3	81.25	CG
4	30022367	30022520	103	164	38.58	CHH
4	30176025	30176485	21	1	95.45	CG
4	30176025	30176485	2	9	18.18	CHG
4	30176025	30176485	212	204	50.96	CHH
4	32693175	32693646	39	3	92.86	CG
4	32693175	32693646	30	13	69.77	CHG
4	32693175	32693646	41	146	21.93	CHH
4	33655119	33655383	16	0	100.00	CG
4	33655119	33655383	56	174	24.35	CHH
4	33656481	33656726	98	2	98.00	CG
4	33656481	33656726	1	7	12.50	CHG
4	33656481	33656726	6	146	3.95	CHH
4	33881401	33881625	47	2	95.92	CG
4	33881401	33881625	45	27	62.50	CHG
4	33881401	33881625	62	106	36.90	CHH
4	35050130	35050413	0	34	0.00	CG
4	35050130	35050413	0	38	0.00	CHG
4	35050130	35050413	3	242	1.22	CHH
5	490310	490462	64	3	95.52	CG
5	490310	490462	57	21	73.08	CHG
5	490310	490462	12	219	5.19	CHH
5	1679699	1679790	14	57	19.72	CHH
5	2851958	2852160	52	93	35.86	CHH
5	4894101	4894252	101	106	48.79	CHH
5	5433067	5433323	12	1	92.31	CG
5	5433067	5433323	6	15	28.57	CHG
5	5433067	5433323	56	124	31.11	CHH
5	5754539	5754748	3	4	42.86	CG
5	5754539	5754748	2	10	16.67	CHG
5	5754539	5754748	30	190	13.64	CHH
5	6765407	6765604	6	0	100.00	CG
5	6765407	6765604	7	9	43.75	CHG
5	6765407	6765604	23	75	23.47	CHH
5	6820542	6820679	6	0	100.00	CG
5	6820542	6820679	1	0	100.00	CHG
5	6820542	6820679	63	38	62.38	CHH
5	7418842	7418942	0	2	0.00	CHH
5	7972537	7972780	4	0	100.00	CG
5	7972537	7972780	2	0	100.00	CHG
5	7972537	7972780	40	45	47.06	CHH
5	10755227	10755310	11	0	100.00	CG
5	10755227	10755310	0	51	0.00	CHH
5	10919623	10920166	96	5	95.05	CG
5	10919623	10920166	10	16	38.46	CHG
5	10919623	10920166	11	395	2.71	CHH
5	16273063	16273157	0	12	0.00	CHH
5	16311105	16311318	12	0	100.00	CG
5	16311105	16311318	6	10	37.50	CHG
5	16311105	16311318	85	141	37.61	CHH
5	16856035	16856371	69	5	93.24	CG
5	16856035	16856371	72	21	77.42	CHG
5	16856035	16856371	54	447	10.78	CHH
5	17137118	17137270	6	1	85.71	CG
5	17137118	17137270	104	89	53.89	CHH
5	17258135	17258245	8	0	100.00	CG
5	17258135	17258245	31	34	47.69	CHH
5	17317435	17317693	15	1	93.75	CG
5	17317435	17317693	10	7	58.82	CHG
5	17317435	17317693	24	118	16.90	CHH
5	19716275	19716490	6	0	100.00	CG
5	19716275	19716490	1	1	50.00	CHG
5	19716275	19716490	40	140	22.22	CHH
5	21149049	21149184	0	66	0.00	CG
5	21149049	21149184	0	72	0.00	CHG
5	21149049	21149184	0	232	0.00	CHH
5	21464548	21464805	95	174	35.32	CHH
5	21857485	21857720	6	0	100.00	CG
5	21857485	21857720	5	3	62.50	CHG
5	21857485	21857720	6	32	15.79	CHH
5	21875509	21875764	34	1	97.14	CG
5	21875509	21875764	39	6	86.67	CHG
5	21875509	21875764	106	257	29.20	CHH
5	22000757	22000964	9	6	60.00	CHG
5	22000757	22000964	116	124	48.33	CHH
5	22219878	22220102	193	60	76.28	CHH
5	22429520	22429752	10	3	76.92	CG
5	22429520	22429752	2	5	28.57	CHG
5	22429520	22429752	26	175	12.94	CHH
5	22973734	22973969	34	125	21.38	CHH
5	23987118	23987584	89	3	96.74	CG
5	23987118	23987584	116	85	57.71	CHG
5	23987118	23987584	26	553	4.49	CHH
5	24142822	24143088	33	0	100.00	CG
5	24142822	24143088	5	3	62.50	CHG
5	24142822	24143088	137	144	48.75	CHH
5	24848633	24848969	14	15	48.28	CHG
5	24848633	24848969	207	252	45.10	CHH
5	25347572	25347835	17	43	28.33	CG
5	25347572	25347835	0	48	0.00	CHG
5	25347572	25347835	1	194	0.51	CHH
5	25348057	25348813	31	32	49.21	CG
5	25348057	25348813	44	254	14.77	CHG
5	25348057	25348813	1	969	0.10	CHH
5	25916465	25916630	10	4	71.43	CHG
5	25916465	25916630	81	43	65.32	CHH
5	26950841	26950938	7	0	100.00	CG
5	26950841	26950938	26	54	32.50	CHH
5	26989629	26989802	1	2	33.33	CHG
5	26989629	26989802	89	129	40.83	CHH
6	302524	302830	1	0	100.00	CG
6	302524	302830	84	60	58.33	CHH
6	2377299	2377436	15	1	93.75	CG
6	2377299	2377436	3	15	16.67	CHG
6	2377299	2377436	8	79	9.20	CHH
6	2717082	2717211	6	19	24.00	CHH
6	2924454	2924561	12	2	85.71	CG
6	2924454	2924561	22	30	42.31	CHH
6	3943947	3944133	5	17	22.73	CHH
6	4186290	4186414	39	66	37.14	CHH
6	5151759	5151869	50	24	67.57	CHH
6	5377103	5377226	0	12	0.00	CHG
6	5377103	5377226	78	128	37.86	CHH
6	6081368	6081698	0	176	0.00	CG
6	6081368	6081698	1	108	0.92	CHG
6	6081368	6081698	4	586	0.68	CHH
6	7060562	7060710	60	77	43.80	CHH
6	7540043	7540265	7	0	100.00	CG
6	7540043	7540265	0	1	0.00	CHG
6	7540043	7540265	8	72	10.00	CHH
6	7540556	7540748	28	6	82.35	CG
6	7540556	7540748	44	100	30.56	CHH
6	7725720	7725950	43	4	91.49	CG
6	7725720	7725950	18	40	31.03	CHG
6	7725720	7725950	16	235	6.37	CHH
6	8356414	8356617	151	95	61.38	CHH
6	8927960	8928209	4	0	100.00	CG
6	8927960	8928209	19	10	65.52	CHG
6	8927960	8928209	21	50	29.58	CHH
6	9469938	9470183	77	62	55.40	CHH
6	11300952	11301165	0	1	0.00	CG
6	11300952	11301165	3	15	16.67	CHG
6	11300952	11301165	2	151	1.31	CHH
6	11305250	11305430	0	47	0.00	CG
6	11305250	11305430	0	7	0.00	CHG
6	11305250	11305430	5	109	4.39	CHH
6	11997277	11997419	21	2	91.30	CG
6	11997277	11997419	4	5	44.44	CHG
6	11997277	11997419	8	121	6.20	CHH
6	13738650	13738842	7	1	87.50	CG
6	13738650	13738842	2	29	6.45	CHG
6	13738650	13738842	0	194	0.00	CHH
6	13951510	13951630	28	0	100.00	CG
6	13951510	13951630	18	31	36.73	CHG
6	13951510	13951630	30	159	15.87	CHH
6	14809518	14809915	28	1	96.55	CG
6	14809518	14809915	16	22	42.11	CHG
6	14809518	14809915	155	298	34.22	CHH
6	19710274	19711097	102	12	89.47	CG
6	19710274	19711097	82	152	35.04	CHG
6	19710274	19711097	67	623	9.71	CHH
6	20384125	20384463	11	43	20.37	CG
6	20384125	20384463	5	65	7.14	CHG
6	20384125	20384463	8	319	2.45	CHH
6	22376044	22376666	28	8	77.78	CG
6	22376044	22376666	2	15	11.76	CHG
6	22376044	22376666	58	336	14.72	CHH
6	23395298	23395797	11	0	100.00	CG
6	23395298	23395797	6	6	50.00	CHG
6	23395298	23395797	96	141	40.51	CHH
6	23537611	23537873	7	13	35.00	CHG
6	23537611	23537873	56	159	26.05	CHH
6	24030066	24030155	7	6	53.85	CHG
6	24030066	24030155	22	11	66.67	CHH
6	24282820	24282990	11	2	84.62	CHG
6	24282820	24282990	96	104	48.00	CHH
6	25073298	25073513	10	3	76.92	CG
6	25073298	25073513	1	13	7.14	CHG
6	25073298	25073513	27	98	21.60	CHH
6	25078471	25078618	2	8	20.00	CHG
6	25078471	25078618	45	261	14.71	CHH
6	25314682	25315364	22	2	91.67	CG
6	25314682	25315364	15	6	71.43	CHG
6	25314682	25315364	166	360	31.56	CHH
6	26183206	26183498	3	1	75.00	CG
6	26183206	26183498	28	52	35.00	CHH
6	26270983	26271153	3	0	100.00	CG
6	26270983	26271153	1	2	33.33	CHG
6	26270983	26271153	57	36	61.29	CHH
6	26899910	26900127	55	95	36.67	CHH
6	27022910	27023085	9	0	100.00	CG
6	27022910	27023085	9	49	15.52	CHH
6	29399343	29399607	5	0	100.00	CG
6	29399343	29399607	1	2	33.33	CHG
6	29399343	29399607	3	59	4.84	CHH
6	30191023	30191331	11	4	73.33	CG
6	30191023	30191331	35	9	79.55	CHG
6	30191023	30191331	55	169	24.55	CHH
6	30403805	30404034	26	83	23.85	CHH
6	30913757	30913901	7	1	87.50	CG
6	30913757	30913901	17	30	36.17	CHH
7	553125	553382	0	2	0.00	CHG
7	553125	553382	0	142	0.00	CHH
7	1581483	1581569	0	7	0.00	CHG
7	1581483	1581569	6	36	14.29	CHH
7	2236802	2236948	20	3	86.96	CG
7	2236802	2236948	2	1	66.67	CHG
7	2236802	2236948	14	263	5.05	CHH
7	2529367	2529520	106	72	59.55	CHH
7	3142735	3143078	52	3	94.55	CG
7	3142735	3143078	34	25	57.63	CHG
7	3142735	3143078	54	212	20.30	CHH
7	3169312	3169590	0	3	0.00	CHG
7	3169312	3169590	76	207	26.86	CHH
7	3220899	3221205	1	0	100.00	CG
7	3220899	3221205	82	37	68.91	CHH
7	3739834	3740067	28	1	96.55	CG
7	3739834	3740067	10	5	66.67	CHG
7	3739834	3740067	143	116	55.21	CHH
7	4348410	4348541	33	4	89.19	CG
7	4348410	4348541	1	22	4.35	CHG
7	4348410	4348541	0	141	0.00	CHH
7	5121301	5121458	16	2	88.89	CG
7	5121301	5121458	8	2	80.00	CHG
7	5121301	5121458	66	98	40.24	CHH
7	6141659	6141862	68	3	95.77	CG
7	6141659	6141862	31	19	62.00	CHG
7	6141659	6141862	51	158	24.40	CHH
7	7806227	7806511	0	6	0.00	CHG
7	7806227	7806511	129	142	47.60	CHH
7	8049142	8049326	83	4	95.40	CG
7	8049142	8049326	13	24	35.14	CHG
7	8049142	8049326	69	187	26.95	CHH
7	8294134	8294483	0	71	0.00	CG
7	8294134	8294483	0	82	0.00	CHG
7	8294134	8294483	0	466	0.00	CHH
7	8334119	8334358	2	5	28.57	CHG
7	8334119	8334358	143	148	49.14	CHH
7	8993394	8993705	9	0	100.00	CG
7	8993394	8993705	48	105	31.37	CHH
7	13286370	13286485	60	148	28.85	CHH
7	15188698	15188829	4	3	57.14	CHG
7	15188698	15188829	1	137	0.72	CHH
7	15431878	15432092	21	0	100.00	CG
7	15431878	15432092	5	0	100.00	CHG
7	15431878	15432092	104	76	57.78	CHH
7	15677983	15678606	47	151	23.74	CG
7	15677983	15678606	16	194	7.62	CHG
7	15677983	15678606	12	708	1.67	CHH
7	16599468	16599909	22	4	84.62	CG
7	16599468	16599909	10	96	9.43	CHG
7	16599468	16599909	5	443	1.12	CHH
7	17099241	17099723	11	3	78.57	CHG
7	17099241	17099723	278	383	42.06	CHH
7	17790357	17790553	13	1	92.86	CG
7	17790357	17790553	17	18	48.57	CHG
7	17790357	17790553	151	204	42.54	CHH
7	18624941	18625154	5	0	100.00	CG
7	18624941	18625154	1	12	7.69	CHG
7	18624941	18625154	32	146	17.98	CHH
7	18712663	18712940	177	158	52.84	CHH
7	19254932	19255653	66	61	51.97	CG
7	19254932	19255653	11	324	3.28	CHG
7	19254932	19255653	0	806	0.00	CHH
7	20129015	20129222	27	122	18.12	CHH
7	20150949	20151108	4	1	80.00	CG
7	20150949	20151108	6	8	42.86	CHG
7	20150949	20151108	7	201	3.37	CHH
7	20424851	20425235	10	1	90.91	CG
7	20424851	20425235	96	225	29.91	CHH
7	21311702	21311873	15	2	88.24	CG
7	21311702	21311873	14	12	53.85	CHG
7	21311702	21311873	48	119	28.74	CHH
7	22392996	22393180	34	2	94.44	CG
7	22392996	22393180	36	17	67.92	CHG
7	22392996	22393180	53	237	18.28	CHH
7	22532503	22532689	91	91	50.00	CHH
7	22933956	22934220	104	11	90.43	CG
7	22933956	22934220	25	28	47.17	CHG
7	22933956	22934220	70	258	21.34	CHH
7	24616760	24617444	108	24	81.82	CG
7	24616760	24617444	66	64	50.77	CHG
7	24616760	24617444	90	471	16.04	CHH
7	24811648	24811977	9	2	81.82	CG
7	24811648	24811977	2	3	40.00	CHG
7	24811648	24811977	229	186	55.18	CHH
7	24948880	24949085	121	185	39.54	CHH
7	25909857	25910353	54	5	91.53	CG
7	25909857	25910353	49	43	53.26	CHG
7	25909857	25910353	141	384	26.86	CHH
7	26251607	26251758	43	21	67.19	CHH
7	26258085	26258557	81	2	97.59	CG
7	26258085	26258557	12	14	46.15	CHG
7	26258085	26258557	77	119	39.29	CHH
7	27119822	27120089	5	3	62.50	CG
7	27119822	27120089	0	8	0.00	CHG
7	27119822	27120089	48	131	26.82	CHH
7	27169621	27169836	0	7	0.00	CG
7	27169621	27169836	7	74	8.64	CHG
7	27169621	27169836	8	345	2.27	CHH
7	27307263	27307688	38	3	92.68	CG
7	27307263	27307688	9	19	32.14	CHG
7	27307263	27307688	31	124	20.00	CHH
7	28376367	28376563	5	1	83.33	CG
7	28376367	28376563	4	5	44.44	CHG
7	28376367	28376563	52	78	40.00	CHH
7	29243799	29244004	66	140	32.04	CHH
7	29311074	29311344	115	100	53.49	CHH
7	29467990	29468204	53	63	45.69	CHH
8	1575049	1575210	11	57	16.18	CHH
8	1623373	1623626	8	0	100.00	CG
8	1623373	1623626	0	2	0.00	CHG
8	1623373	1623626	70	98	41.67	CHH
8	2431336	2431426	10	22	31.25	CG
8	2431336	2431426	1	3	25.00	CHG
8	2431336	2431426	16	154	9.41	CHH
8	3073639	3073816	2	13	13.33	CG
8	3073639	3073816	7	39	15.22	CHG
8	3073639	3073816	17	84	16.83	CHH
8	3388417	3388667	14	3	82.35	CG
8	3388417	3388667	7	3	70.00	CHG
8	3388417	3388667	121	187	39.29	CHH
8	3751907	3752073	19	3	86.36	CG
8	3751907	3752073	16	16	50.00	CHG
8	3751907	3752073	2	140	1.41	CHH
8	3958363	3958508	27	51	34.62	CHH
8	5131858	5132029	5	0	100.00	CHG
8	5131858	5132029	27	12	69.23	CHH
8	5321619	5321826	13	0	100.00	CG
8	5321619	5321826	0	2	0.00	CHG
8	5321619	5321826	82	82	50.00	CHH
8	5680035	5680214	17	0	100.00	CG
8	5680035	5680214	16	3	84.21	CHG
8	5680035	5680214	44	211	17.25	CHH
8	5836841	5837082	31	2	93.94	CG
8	5836841	5837082	157	201	43.85	CHH
8	6111458	6111746	18	2	90.00	CG
8	6111458	6111746	16	14	53.33	CHG
8	6111458	6111746	30	159	15.87	CHH
8	6753823	6754136	3	1	75.00	CG
8	6753823	6754136	13	6	68.42	CHG
8	6753823	6754136	137	103	57.08	CHH
8	7603360	7603612	12	0	100.00	CG
8	7603360	7603612	57	149	27.67	CHH
8	8071926	8072156	21	1	95.45	CG
8	8071926	8072156	4	9	30.77	CHG
8	8071926	8072156	38	139	21.47	CHH
8	10060129	10060270	80	48	62.50	CHH
8	10886885	10887057	8	1	88.89	CG
8	10886885	10887057	10	70	12.50	CHH
8	11782944	11783090	9	4	69.23	CHG
8	11782944	11783090	96	145	39.83	CHH
8	12350212	12350309	3	3	50.00	CG
8	12350212	12350309	0	3	0.00	CHG
8	12350212	12350309	31	63	32.98	CHH
8	15503593	15503835	12	3	80.00	CG
8	15503593	15503835	197	266	42.55	CHH
8	18141156	18141305	97	119	44.91	CHH
8	19423131	19423387	4	0	100.00	CG
8	19423131	19423387	82	73	52.90	CHH
8	20377385	20377714	79	2	97.53	CG
8	20377385	20377714	12	13	48.00	CHG
8	20377385	20377714	38	145	20.77	CHH
8	20558563	20558824	6	3	66.67	CG
8	20558563	20558824	6	4	60.00	CHG
8	20558563	20558824	104	90	53.61	CHH
8	21654366	21654527	23	2	92.00	CG
8	21654366	21654527	10	8	55.56	CHG
8	21654366	21654527	62	80	43.66	CHH
8	22741998	22742320	0	2	0.00	CHG
8	22741998	22742320	52	258	16.77	CHH
8	22776595	22776863	3	0	100.00	CG
8	22776595	22776863	15	2	88.24	CHG
8	22776595	22776863	40	72	35.71	CHH
8	22948102	22948411	3	0	100.00	CG
8	22948102	22948411	54	127	29.83	CHH
8	23349964	23350100	17	8	68.00	CG
8	23349964	23350100	7	143	4.67	CHH
8	23488434	23488729	13	2	86.67	CG
8	23488434	23488729	3	3	50.00	CHG
8	23488434	23488729	17	84	16.83	CHH
8	24309357	24309533	2	46	4.17	CG
8	24309357	24309533	3	103	2.83	CHG
8	24309357	24309533	2	338	0.59	CHH
8	24422312	24422568	10	0	100.00	CG
8	24422312	24422568	11	12	47.83	CHG
8	24422312	24422568	130	166	43.92	CHH
8	24735337	24736197	121	6	95.28	CG
8	24735337	24736197	33	169	16.34	CHG
8	24735337	24736197	17	1341	1.25	CHH
8	24736834	24737078	108	14	88.52	CG
8	24736834	24737078	9	33	21.43	CHG
8	24736834	24737078	0	328	0.00	CHH
8	24750449	24750953	69	11	86.25	CG
8	24750449	24750953	71	57	55.47	CHG
8	24750449	24750953	26	767	3.28	CHH
8	24768225	24768508	28	5	84.85	CG
8	24768225	24768508	0	68	0.00	CHG
8	24768225	24768508	0	508	0.00	CHH
8	24784953	24785097	19	3	86.36	CG
8	24784953	24785097	12	13	48.00	CHG
8	24784953	24785097	35	197	15.09	CHH
8	24834030	24834325	12	0	100.00	CG
8	24834030	24834325	1	6	14.29	CHG
8	24834030	24834325	119	176	40.34	CHH
8	24968997	24969171	2	1	66.67	CG
8	24968997	24969171	1	0	100.00	CHG
8	24968997	24969171	6	9	40.00	CHH
8	26169264	26169435	20	1	95.24	CG
8	26169264	26169435	2	1	66.67	CHG
8	26169264	26169435	37	12	75.51	CHH
8	26441035	26441114	4	9	30.77	CHG
8	26441035	26441114	18	78	18.75	CHH
8	26827794	26828034	28	82	25.45	CG
8	26827794	26828034	5	74	6.33	CHG
8	26827794	26828034	28	233	10.73	CHH
8	27623734	27623958	37	1	97.37	CG
8	27623734	27623958	11	17	39.29	CHG
8	27623734	27623958	28	51	35.44	CHH
8	28152674	28152872	79	20	79.80	CHH
8	28409753	28410078	11	0	100.00	CG
8	28409753	28410078	12	1	92.31	CHG
8	28409753	28410078	106	194	35.33	CHH
9	1254705	1254916	46	8	85.19	CG
9	1254705	1254916	2	2	50.00	CHG
9	1254705	1254916	38	177	17.67	CHH
9	1884036	1884200	10	28	26.32	CHH
9	3634113	3634220	6	2	75.00	CHG
9	3634113	3634220	54	98	35.53	CHH
9	3933418	3933532	10	0	100.00	CG
9	3933418	3933532	7	3	70.00	CHG
9	3933418	3933532	35	47	42.68	CHH
9	4570159	4570785	133	16	89.26	CG
9	4570159	4570785	109	76	58.92	CHG
9	4570159	4570785	81	661	10.92	CHH
9	7158967	7159348	15	6	71.43	CG
9	7158967	7159348	4	19	17.39	CHG
9	7158967	7159348	13	266	4.66	CHH
9	10378957	10379055	43	14	75.44	CG
9	10378957	10379055	4	38	9.52	CHG
9	10378957	10379055	11	144	7.10	CHH
9	10754150	10754480	8	0	100.00	CG
9	10754150	10754480	5	10	33.33	CHG
9	10754150	10754480	72	168	30.00	CHH
9	11037393	11037551	27	90	23.08	CHH
9	14633566	14633811	43	2	95.56	CG
9	14633566	14633811	21	11	65.62	CHG
9	14633566	14633811	110	162	40.44	CHH
9	16086094	16086273	16	3	84.21	CG
9	16086094	16086273	4	6	40.00	CHG
9	16086094	16086273	13	48	21.31	CHH
9	16215726	16215834	0	96	0.00	CHH
9	16663866	16664244	50	48	51.02	CG
9	16663866	16664244	4	153	2.55	CHG
9	16663866	16664244	21	635	3.20	CHH
9	16928122	16928188	0	101	0.00	CHH
9	17420619	17420974	11	0	100.00	CG
9	17420619	17420974	13	4	76.47	CHG
9	17420619	17420974	44	91	32.59	CHH
9	19098095	19098253	2	7	22.22	CHG
9	19098095	19098253	52	44	54.17	CHH
9	21886164	21886293	6	87	6.45	CHH
10	368179	368447	9	4	69.23	CHG
10	368179	368447	121	219	35.59	CHH
10	404795	404929	20	5	80.00	CG
10	404795	404929	0	5	0.00	CHG
10	404795	404929	3	32	8.57	CHH
10	1838124	1838526	16	4	80.00	CG
10	1838124	1838526	2	2	50.00	CHG
10	1838124	1838526	188	200	48.45	CHH
10	1890175	1890720	18	1	94.74	CG
10	1890175	1890720	10	14	41.67	CHG
10	1890175	1890720	15	113	11.72	CHH
10	2576261	2576420	132	190	40.99	CHH
10	3444619	3445144	94	24	79.66	CG
10	3444619	3445144	34	108	23.94	CHG
10	3444619	3445144	17	560	2.95	CHH
10	5680298	5680662	174	214	44.85	CG
10	5680298	5680662	11	432	2.48	CHG
10	5680298	5680662	8	689	1.15	CHH
10	6420591	6420748	0	28	0.00	CHG
10	6420591	6420748	0	84	0.00	CHH
10	7535391	7535626	150	129	53.76	CHH
10	8506073	8506152	20	3	86.96	CG
10	8506073	8506152	14	105	11.76	CHH
10	9497876	9498140	38	8	82.61	CG
10	9497876	9498140	3	2	60.00	CHG
10	9497876	9498140	149	168	47.00	CHH
10	11192936	11193103	24	0	100.00	CG
10	11192936	11193103	5	15	25.00	CHG
10	11192936	11193103	25	36	40.98	CHH
10	11922949	11923127	4	4	50.00	CG
10	11922949	11923127	11	14	44.00	CHG
10	11922949	11923127	27	35	43.55	CHH
10	12206026	12206233	5	5	50.00	CG
10	12206026	12206233	1	8	11.11	CHG
10	12206026	12206233	109	159	40.67	CHH
10	13147744	13147963	9	0	100.00	CG
10	13147744	13147963	3	0	100.00	CHG
10	13147744	13147963	2	37	5.13	CHH
10	15011394	15011890	111	27	80.43	CG
10	15011394	15011890	18	67	21.18	CHG
10	15011394	15011890	57	453	11.18	CHH
10	15870323	15870605	4	1	80.00	CG
10	15870323	15870605	4	24	14.29	CHG
10	15870323	15870605	8	78	9.30	CHH
10	15986243	15986518	8	0	100.00	CG
10	15986243	15986518	1	47	2.08	CHG
10	15986243	15986518	3	229	1.29	CHH
10	15991567	15992011	1	166	0.60	CG
10	15991567	15992011	0	287	0.00	CHG
10	15991567	15992011	0	835	0.00	CHH
10	16003795	16003950	0	6	0.00	CG
10	16003795	16003950	0	40	0.00	CHG
10	16003795	16003950	0	102	0.00	CHH
10	16208913	16209034	8	1	88.89	CG
10	16208913	16209034	7	12	36.84	CHG
10	16208913	16209034	119	38	75.80	CHH
10	17033161	17033405	95	6	94.06	CG
10	17033161	17033405	26	15	63.41	CHG
10	17033161	17033405	34	258	11.64	CHH
10	18046108	18046282	53	20	72.60	CHH
10	18101624	18101816	55	9	85.94	CG
10	18101624	18101816	17	37	31.48	CHG
10	18101624	18101816	124	131	48.63	CHH
10	18561922	18562175	24	4	85.71	CG
10	18561922	18562175	51	15	77.27	CHG
10	18561922	18562175	74	118	38.54	CHH
10	18632472	18632641	58	97	37.42	CHH
10	19698082	19698409	22	0	100.00	CG
10	19698082	19698409	22	10	68.75	CHG
10	19698082	19698409	227	264	46.23	CHH
10	19941399	19941637	16	1	94.12	CG
10	19941399	19941637	72	229	23.92	CHH
10	20291443	20292459	138	14	90.79	CG
10	20291443	20292459	77	39	66.38	CHG
10	20291443	20292459	43	496	7.98	CHH
10	20762313	20762534	2	41	4.65	CG
10	20762313	20762534	0	82	0.00	CHG
10	20762313	20762534	2	236	0.84	CHH
10	20778820	20779263	2	75	2.60	CG
10	20778820	20779263	0	140	0.00	CHG
10	20778820	20779263	2	374	0.53	CHH
10	21827999	21828272	7	8	46.67	CHG
10	21827999	21828272	114	157	42.07	CHH
10	22689536	22689741	85	147	36.64	CHH
10	22690213	22690439	69	80	46.31	CHH
11	569050	569549	22	1	95.65	CG
11	569050	569549	64	48	57.14	CHG
11	569050	569549	253	311	44.86	CHH
11	1200546	1200636	8	0	100.00	CG
11	1200546	1200636	3	4	42.86	CHG
11	1200546	1200636	5	94	5.05	CHH
11	1713742	1714360	133	15	89.86	CG
11	1713742	1714360	94	60	61.04	CHG
11	1713742	1714360	65	889	6.81	CHH
11	1878755	1878890	3	25	10.71	CG
11	1878755	1878890	0	42	0.00	CHG
11	1878755	1878890	0	168	0.00	CHH
11	1932470	1932979	7	0	100.00	CG
11	1932470	1932979	23	13	63.89	CHG
11	1932470	1932979	210	280	42.86	CHH
11	1947206	1947542	7	0	100.00	CG
11	1947206	1947542	24	71	25.26	CHH
11	2378673	2378944	16	1	94.12	CG
11	2378673	2378944	1	5	16.67	CHG
11	2378673	2378944	117	81	59.09	CHH
11	5554822	5555192	23	1	95.83	CG
11	5554822	5555192	68	19	78.16	CHG
11	5554822	5555192	163	117	58.21	CHH
11	7332863	7333120	12	4	75.00	CG
11	7332863	7333120	8	6	57.14	CHG
11	7332863	7333120	87	130	40.09	CHH
11	7589703	7589963	4	0	100.00	CG
11	7589703	7589963	3	2	60.00	CHG
11	7589703	7589963	75	98	43.35	CHH
11	7735709	7735929	15	3	83.33	CG
11	7735709	7735929	1	24	4.00	CHG
11	7735709	7735929	0	142	0.00	CHH
11	8045721	8046006	50	15	76.92	CG
11	8045721	8046006	0	32	0.00	CHG
11	8045721	8046006	21	151	12.21	CHH
11	9151816	9151968	1	1	50.00	CHG
11	9151816	9151968	13	14	48.15	CHH
11	11662804	11663369	17	2	89.47	CG
11	11662804	11663369	22	6	78.57	CHG
11	11662804	11663369	48	267	15.24	CHH
11	11787143	11787246	72	132	35.29	CHH
11	13632522	13632647	1	56	1.75	CHG
11	13632522	13632647	0	217	0.00	CHH
11	14005572	14005699	7	243	2.80	CHH
11	14006096	14006227	4	118	3.28	CHH
11	14311549	14311878	64	2	96.97	CG
11	14311549	14311878	17	9	65.38	CHG
11	14311549	14311878	25	141	15.06	CHH
11	16006890	16007049	5	0	100.00	CG
11	16006890	16007049	4	1	80.00	CHG
11	16006890	16007049	94	64	59.49	CHH
11	16339318	16339504	21	3	87.50	CG
11	16339318	16339504	0	4	0.00	CHG
11	16339318	16339504	46	124	27.06	CHH
11	16884445	16884740	21	1	95.45	CG
11	16884445	16884740	105	68	60.69	CHH
11	16979978	16980123	3	0	100.00	CG
11	16979978	16980123	40	72	35.71	CHH
11	18415594	18415828	1	40	2.44	CHH
11	19478887	19479310	21	1	95.45	CG
11	19478887	19479310	15	51	22.73	CHG
11	19478887	19479310	9	251	3.46	CHH
11	19817539	19817761	2	13	13.33	CHG
11	19817539	19817761	89	129	40.83	CHH
11	21197890	21198236	0	10	0.00	CHG
11	21197890	21198236	8	194	3.96	CHH
11	21255747	21256111	82	3	96.47	CG
11	21255747	21256111	76	23	76.77	CHG
11	21255747	21256111	26	366	6.63	CHH
11	21412886	21413094	42	4	91.30	CG
11	21412886	21413094	1	28	3.45	CHG
11	21412886	21413094	12	101	10.62	CHH
11	22039593	22039763	16	6	72.73	CHG
11	22039593	22039763	75	88	46.01	CHH
11	23435202	23435727	7	9	43.75	CG
11	23435202	23435727	5	76	6.17	CHG
11	23435202	23435727	7	313	2.19	CHH
11	24395075	24395260	1	39	2.50	CG
11	24395075	24395260	1	16	5.88	CHG
11	24395075	24395260	0	221	0.00	CHH
11	24851409	24851658	33	5	86.84	CG
11	24851409	24851658	50	16	75.76	CHG
11	24851409	24851658	13	210	5.83	CHH
11	24991462	24991590	6	1	85.71	CG
11	24991462	24991590	11	20	35.48	CHG
11	24991462	24991590	50	35	58.82	CHH
11	25110396	25110624	11	1	91.67	CG
11	25110396	25110624	2	3	40.00	CHG
11	25110396	25110624	45	127	26.16	CHH
11	25586084	25586542	31	2	93.94	CG
11	25586084	25586542	40	12	76.92	CHG
11	25586084	25586542	139	401	25.74	CHH
11	25784649	25784892	16	2	88.89	CG
11	25784649	25784892	17	12	58.62	CHG
11	25784649	25784892	45	166	21.33	CHH
11	25810584	25810761	0	4	0.00	CHG
11	25810584	25810761	20	135	12.90	CHH
11	25853608	25853790	8	1	88.89	CG
11	25853608	25853790	83	215	27.85	CHH
11	26205598	26205997	51	4	92.73	CG
11	26205598	26205997	1	101	0.98	CHG
11	26205598	26205997	0	780	0.00	CHH
11	27682635	27683583	208	20	91.23	CG
11	27682635	27683583	95	89	51.63	CHG
11	27682635	27683583	66	492	11.83	CHH
11	28181129	28181426	6	0	100.00	CG
11	28181129	28181426	15	42	26.32	CHH
12	217168	217301	21	3	87.50	CG
12	217168	217301	4	8	33.33	CHG
12	217168	217301	83	156	34.73	CHH
12	552916	553122	100	119	45.66	CHH
12	793700	793972	9	3	75.00	CHG
12	793700	793972	171	128	57.19	CHH
12	961100	961336	9	0	100.00	CG
12	961100	961336	10	54	15.62	CHG
12	961100	961336	8	227	3.40	CHH
12	1049649	1049822	61	60	50.41	CHH
12	1548545	1548692	12	5	70.59	CHG
12	1548545	1548692	88	71	55.35	CHH
12	1801896	1802216	16	10	61.54	CG
12	1801896	1802216	19	12	61.29	CHG
12	1801896	1802216	3	209	1.42	CHH
12	1816647	1816809	14	0	100.00	CG
12	1816647	1816809	91	99	47.89	CHH
12	2466366	2466538	9	4	69.23	CHG
12	2466366	2466538	116	177	39.59	CHH
12	5021892	5024116	173	17	91.05	CG
12	5021892	5024116	284	319	47.10	CHG
12	5021892	5024116	18	2334	0.77	CHH
12	5024498	5027592	207	19	91.59	CG
12	5024498	5027592	337	354	48.77	CHG
12	5024498	5027592	21	3272	0.64	CHH
12	7849278	7849532	47	1	97.92	CG
12	7849278	7849532	0	4	0.00	CHG
12	7849278	7849532	31	246	11.19	CHH
12	10927998	10928435	11	0	100.00	CG
12	10927998	10928435	3	12	20.00	CHG
12	10927998	10928435	20	401	4.75	CHH
12	11362213	11362441	2	1	66.67	CG
12	11362213	11362441	0	5	0.00	CHG
12	11362213	11362441	31	81	27.68	CHH
12	12440435	12440631	43	21	67.19	CG
12	12440435	12440631	4	23	14.81	CHG
12	12440435	12440631	9	87	9.38	CHH
12	12966688	12966790	15	14	51.72	CHH
12	15202347	15202507	12	1	92.31	CG
12	15202347	15202507	0	5	0.00	CHG
12	15202347	15202507	15	110	12.00	CHH
12	17986589	17987047	75	2	97.40	CG
12	17986589	17987047	37	30	55.22	CHG
12	17986589	17987047	16	657	2.38	CHH
12	18936325	18936741	30	1	96.77	CG
12	18936325	18936741	3	9	25.00	CHG
12	18936325	18936741	10	104	8.77	CHH
12	19120680	19120950	4	5	44.44	CG
12	19120680	19120950	2	0	100.00	CHG
12	19120680	19120950	90	251	26.39	CHH
12	19156150	19156313	6	0	100.00	CG
12	19156150	19156313	10	6	62.50	CHG
12	19156150	19156313	38	64	37.25	CHH
12	21483416	21483688	2	0	100.00	CG
12	21483416	21483688	21	3	87.50	CHG
12	21483416	21483688	51	112	31.29	CHH
12	21831911	21832012	46	68	40.35	CHH
12	22451242	22451490	2	5	28.57	CHG
12	22451242	22451490	52	78	40.00	CHH
12	22462835	22463098	2	58	3.33	CG
12	22462835	22463098	6	62	8.82	CHG
12	22462835	22463098	90	336	21.13	CHH
12	22503691	22503984	27	2	93.10	CG
12	22503691	22503984	22	9	70.97	CHG
12	22503691	22503984	123	138	47.13	CHH
12	23090136	23090406	3	0	100.00	CG
12	23090136	23090406	66	132	33.33	CHH
12	23253874	23254115	7	0	100.00	CG
12	23253874	23254115	0	2	0.00	CHG
12	23253874	23254115	30	47	38.96	CHH
12	23419385	23419484	5	2	71.43	CG
12	23419385	23419484	14	67	17.28	CHH
12	23569460	23569549	33	8	80.49	CG
12	23569460	23569549	2	10	16.67	CHG
12	23569460	23569549	13	143	8.33	CHH
12	24432087	24432276	20	70	22.22	CHH
12	25119408	25119711	32	13	71.11	CG
12	25119408	25119711	24	30	44.44	CHG
12	25119408	25119711	39	184	17.49	CHH
12	25285613	25285813	5	0	100.00	CG
12	25285613	25285813	141	165	46.08	CHH
12	25690213	25690552	16	23	41.03	CG
12	25690213	25690552	1	15	6.25	CHG
12	25690213	25690552	22	105	17.32	CHH
12	26052913	26053003	1	47	2.08	CHG
12	26052913	26053003	11	120	8.40	CHH
