1	521199	522723	71	407	14.85	CG
1	521199	522723	0	435	0.00	CHG
1	521199	522723	1	1889	0.05	CHH
1	718927	719135	0	58	0.00	CG
1	718927	719135	0	92	0.00	CHG
1	718927	719135	0	367	0.00	CHH
1	1687637	1688991	0	337	0.00	CG
1	1687637	1688991	1	359	0.28	CHG
1	1687637	1688991	0	1156	0.00	CHH
1	1781116	1781366	4	253	1.56	CG
1	1781116	1781366	0	94	0.00	CHG
1	1781116	1781366	2	180	1.10	CHH
1	2137510	2140455	123	1189	9.38	CG
1	2137510	2140455	44	997	4.23	CHG
1	2137510	2140455	17	3209	0.53	CHH
1	2172488	2172625	0	24	0.00	CG
1	2172488	2172625	0	129	0.00	CHH
1	2198640	2199644	115	23	83.33	CG
1	2198640	2199644	37	56	39.78	CHG
1	2198640	2199644	1	160	0.62	CHH
1	2541454	2541598	10	9	52.63	CG
1	2541454	2541598	1	10	9.09	CHG
1	2541454	2541598	0	57	0.00	CHH
1	2579778	2580676	207	22	90.39	CG
1	2579778	2580676	0	283	0.00	CHG
1	2579778	2580676	0	770	0.00	CHH
1	3016827	3017062	0	282	0.00	CG
1	3016827	3017062	0	151	0.00	CHG
1	3016827	3017062	0	443	0.00	CHH
1	4122738	4127182	150	890	14.42	CG
1	4122738	4127182	4	1283	0.31	CHG
1	4122738	4127182	49	2959	1.63	CHH
1	4510347	4510477	1	0	100.00	CG
1	4510347	4510477	0	2	0.00	CHG
1	4510347	4510477	0	23	0.00	CHH
1	4702022	4702256	5	69	6.76	CG
1	4702022	4702256	0	48	0.00	CHG
1	4702022	4702256	0	73	0.00	CHH
1	5814441	5815039	0	45	0.00	CG
1	5814441	5815039	0	84	0.00	CHG
1	5814441	5815039	0	416	0.00	CHH
1	6934697	6934863	20	0	100.00	CG
1	6934697	6934863	5	1	83.33	CHG
1	6934697	6934863	3	26	10.34	CHH
1	7198017	7199243	48	65	42.48	CG
1	7198017	7199243	3	223	1.33	CHG
1	7198017	7199243	6	671	0.89	CHH
1	7302410	7302594	0	125	0.00	CG
1	7302410	7302594	0	47	0.00	CHG
1	7302410	7302594	0	244	0.00	CHH
1	7518469	7519081	0	58	0.00	CG
1	7518469	7519081	0	66	0.00	CHG
1	7518469	7519081	1	224	0.44	CHH
1	7690448	7691550	0	467	0.00	CG
1	7690448	7691550	0	392	0.00	CHG
1	7690448	7691550	0	1173	0.00	CHH
1	8124136	8124703	219	32	87.25	CG
1	8124136	8124703	50	118	29.76	CHG
1	8124136	8124703	11	697	1.55	CHH
1	8426975	8427236	30	7	81.08	CG
1	8426975	8427236	0	145	0.00	CHG
1	8426975	8427236	0	249	0.00	CHH
1	8831214	8831605	49	5	90.74	CG
1	8831214	8831605	1	44	2.22	CHG
1	8831214	8831605	1	250	0.40	CHH
1	9124022	9124118	11	0	100.00	CG
1	9124022	9124118	14	16	46.67	CHG
1	9124022	9124118	2	31	6.06	CHH
1	9260960	9261224	20	1	95.24	CG
1	9260960	9261224	0	53	0.00	CHG
1	9260960	9261224	0	269	0.00	CHH
1	9681083	9681232	4	3	57.14	CG
1	9681083	9681232	0	13	0.00	CHH
1	9734291	9734532	0	65	0.00	CG
1	9734291	9734532	0	17	0.00	CHG
1	9734291	9734532	0	246	0.00	CHH
1	10263106	10263294	0	83	0.00	CG
1	10263106	10263294	0	47	0.00	CHG
1	10263106	10263294	0	101	0.00	CHH
1	10401973	10403052	3	285	1.04	CG
1	10401973	10403052	0	189	0.00	CHG
1	10401973	10403052	0	785	0.00	CHH
1	10417094	10417664	75	10	88.24	CG
1	10417094	10417664	39	73	34.82	CHG
1	10417094	10417664	0	429	0.00	CHH
1	10590568	10590704	1	18	5.26	CG
1	10590568	10590704	0	16	0.00	CHG
1	10590568	10590704	2	49	3.92	CHH
1	10793800	10794970	128	8	94.12	CG
1	10793800	10794970	27	31	46.55	CHG
1	10793800	10794970	1	63	1.56	CHH
1	11027002	11027352	46	1	97.87	CG
1	11027002	11027352	0	117	0.00	CHG
1	11027002	11027352	0	377	0.00	CHH
1	11745247	11745281	0	93	0.00	CG
1	11745247	11745281	0	44	0.00	CHG
1	11745247	11745281	0	92	0.00	CHH
1	11861007	11861467	83	32	72.17	CG
1	11861007	11861467	17	50	25.37	CHG
1	11861007	11861467	4	273	1.44	CHH
1	11988203	11988342	0	170	0.00	CG
1	11988203	11988342	0	118	0.00	CHG
1	11988203	11988342	0	207	0.00	CHH
1	12157565	12159139	8	1814	0.44	CG
1	12157565	12159139	1	890	0.11	CHG
1	12157565	12159139	0	1591	0.00	CHH
1	12279664	12280353	0	473	0.00	CG
1	12279664	12280353	1	239	0.42	CHG
1	12279664	12280353	1	654	0.15	CHH
1	12444629	12444759	6	1	85.71	CG
1	12444629	12444759	0	1	0.00	CHG
1	12444629	12444759	1	20	4.76	CHH
1	12851686	12853647	58	95	37.91	CG
1	12851686	12853647	9	674	1.32	CHG
1	12851686	12853647	3	2431	0.12	CHH
1	12977793	12977914	10	3	76.92	CG
1	12977793	12977914	0	39	0.00	CHH
1	14112270	14112409	0	19	0.00	CHH
1	14747584	14748346	10	154	6.10	CG
1	14747584	14748346	1	331	0.30	CHG
1	14747584	14748346	2	782	0.26	CHH
1	15208882	15210074	77	9	89.53	CG
1	15208882	15210074	8	36	18.18	CHG
1	15208882	15210074	4	247	1.59	CHH
1	15318812	15319293	220	28	88.71	CG
1	15318812	15319293	91	121	42.92	CHG
1	15318812	15319293	3	456	0.65	CHH
1	15355785	15357554	132	309	29.93	CG
1	15355785	15357554	29	491	5.58	CHG
1	15355785	15357554	2	1570	0.13	CHH
1	16453284	16453501	0	1	0.00	CG
1	16453284	16453501	0	2	0.00	CHG
1	16453284	16453501	0	12	0.00	CHH
1	16722902	16723067	24	47	33.80	CG
1	16722902	16723067	0	31	0.00	CHG
1	16722902	16723067	0	270	0.00	CHH
1	17385639	17385733	0	3	0.00	CHG
1	17385639	17385733	0	11	0.00	CHH
1	17522237	17522624	191	21	90.09	CG
1	17522237	17522624	70	107	39.55	CHG
1	17522237	17522624	4	425	0.93	CHH
1	17762690	17767322	109	982	9.99	CG
1	17762690	17767322	46	973	4.51	CHG
1	17762690	17767322	111	3591	3.00	CHH
1	17768299	17768525	0	45	0.00	CG
1	17768299	17768525	0	29	0.00	CHG
1	17768299	17768525	1	148	0.67	CHH
1	17915233	17918918	315	314	50.08	CG
1	17915233	17918918	67	409	14.08	CHG
1	17915233	17918918	52	1929	2.62	CHH
1	18479814	18481021	18	136	11.69	CG
1	18479814	18481021	1	160	0.62	CHG
1	18479814	18481021	1	832	0.12	CHH
1	18515221	18516018	30	6	83.33	CG
1	18515221	18516018	11	10	52.38	CHG
1	18515221	18516018	0	26	0.00	CHH
1	18605306	18605413	13	0	100.00	CG
1	18605306	18605413	0	34	0.00	CHG
1	18605306	18605413	0	153	0.00	CHH
1	18679398	18679609	19	2	90.48	CG
1	18679398	18679609	25	5	83.33	CHG
1	18679398	18679609	6	159	3.64	CHH
1	18781271	18781897	3	130	2.26	CG
1	18781271	18781897	0	234	0.00	CHG
1	18781271	18781897	1	490	0.20	CHH
1	19418149	19418371	11	6	64.71	CG
1	19418149	19418371	2	13	13.33	CHG
1	19418149	19418371	0	68	0.00	CHH
1	19588801	19588982	13	1	92.86	CG
1	19588801	19588982	0	9	0.00	CHG
1	19588801	19588982	0	15	0.00	CHH
1	19807993	19809436	154	6	96.25	CG
1	19807993	19809436	13	42	23.64	CHG
1	19807993	19809436	4	241	1.63	CHH
1	20220915	20221138	85	8	91.40	CG
1	20220915	20221138	9	35	20.45	CHG
1	20220915	20221138	0	186	0.00	CHH
1	20351135	20352592	136	140	49.28	CG
1	20351135	20352592	2	657	0.30	CHG
1	20351135	20352592	2	1829	0.11	CHH
1	20353735	20353818	2	3	40.00	CG
1	20353735	20353818	0	30	0.00	CHG
1	20353735	20353818	0	61	0.00	CHH
1	20699332	20703291	587	803	42.23	CG
1	20699332	20703291	124	1125	9.93	CHG
1	20699332	20703291	42	3659	1.13	CHH
1	20759940	20760412	107	3	97.27	CG
1	20759940	20760412	65	50	56.52	CHG
1	20759940	20760412	8	329	2.37	CHH
1	22217602	22218470	67	137	32.84	CG
1	22217602	22218470	5	188	2.59	CHG
1	22217602	22218470	3	620	0.48	CHH
1	22349537	22349928	1	85	1.16	CG
1	22349537	22349928	0	108	0.00	CHG
1	22349537	22349928	0	223	0.00	CHH
1	22963853	22963900	0	13	0.00	CHG
1	22963853	22963900	0	34	0.00	CHH
1	23088705	23088935	0	98	0.00	CG
1	23088705	23088935	0	62	0.00	CHG
1	23088705	23088935	0	293	0.00	CHH
1	23190581	23192012	55	47	53.92	CG
1	23190581	23192012	1	268	0.37	CHG
1	23190581	23192012	3	1057	0.28	CHH
1	23334619	23337433	227	270	45.67	CG
1	23334619	23337433	5	836	0.59	CHG
1	23334619	23337433	1	2191	0.05	CHH
1	23865834	23867004	181	259	41.14	CG
1	23865834	23867004	31	375	7.64	CHG
1	23865834	23867004	13	1050	1.22	CHH
1	24056015	24058047	41	550	6.94	CG
1	24056015	24058047	11	457	2.35	CHG
1	24056015	24058047	2	1665	0.12	CHH
1	24127473	24127717	27	10	72.97	CG
1	24127473	24127717	0	55	0.00	CHG
1	24127473	24127717	0	303	0.00	CHH
1	24218590	24218768	6	56	9.68	CG
1	24218590	24218768	0	46	0.00	CHG
1	24218590	24218768	0	294	0.00	CHH
1	24367289	24368699	96	462	17.20	CG
1	24367289	24368699	1	517	0.19	CHG
1	24367289	24368699	14	1546	0.90	CHH
1	24540618	24541036	21	33	38.89	CG
1	24540618	24541036	0	87	0.00	CHG
1	24540618	24541036	1	280	0.36	CHH
1	25075086	25078372	23	1816	1.25	CG
1	25075086	25078372	2	1466	0.14	CHG
1	25075086	25078372	1	3386	0.03	CHH
1	26189136	26189851	63	85	42.57	CG
1	26189136	26189851	0	449	0.00	CHG
1	26189136	26189851	0	884	0.00	CHH
1	27455091	27455579	43	3	93.48	CG
1	27455091	27455579	42	32	56.76	CHG
1	27455091	27455579	1	224	0.44	CHH
1	27505658	27505866	0	23	0.00	CG
1	27505658	27505866	0	91	0.00	CHG
1	27505658	27505866	0	284	0.00	CHH
1	27576543	27577893	316	39	89.01	CG
1	27576543	27577893	80	146	35.40	CHG
1	27576543	27577893	11	1356	0.80	CHH
1	28118813	28118935	0	28	0.00	CG
1	28118813	28118935	0	74	0.00	CHG
1	28118813	28118935	0	240	0.00	CHH
1	29188109	29189334	0	620	0.00	CG
1	29188109	29189334	0	379	0.00	CHG
1	29188109	29189334	0	1004	0.00	CHH
1	29223726	29224697	21	583	3.48	CG
1	29223726	29224697	0	269	0.00	CHG
1	29223726	29224697	12	905	1.31	CHH
1	29881105	29881917	37	8	82.22	CG
1	29881105	29881917	10	24	29.41	CHG
1	29881105	29881917	4	158	2.47	CHH
1	29892038	29892362	1	0	100.00	CG
1	29892038	29892362	0	21	0.00	CHG
1	29892038	29892362	0	95	0.00	CHH
1	30396534	30396644	0	41	0.00	CG
1	30396534	30396644	0	51	0.00	CHG
1	30396534	30396644	0	87	0.00	CHH
1	30947617	30952229	649	312	67.53	CG
1	30947617	30952229	167	1131	12.87	CHG
1	30947617	30952229	24	4895	0.49	CHH
1	30988314	30988439	4	0	100.00	CG
1	30988314	30988439	11	14	44.00	CHG
1	30988314	30988439	2	24	7.69	CHH
1	31131639	31132785	81	453	15.17	CG
1	31131639	31132785	0	513	0.00	CHG
1	31131639	31132785	1	1269	0.08	CHH
1	32136432	32136605	5	25	16.67	CG
1	32136432	32136605	0	87	0.00	CHG
1	32136432	32136605	0	187	0.00	CHH
1	33466485	33466748	77	4	95.06	CG
1	33466485	33466748	20	34	37.04	CHG
1	33466485	33466748	5	161	3.01	CHH
1	34289798	34291348	155	194	44.41	CG
1	34289798	34291348	17	429	3.81	CHG
1	34289798	34291348	5	1429	0.35	CHH
1	34550341	34550600	0	54	0.00	CG
1	34550341	34550600	0	95	0.00	CHG
1	34550341	34550600	0	306	0.00	CHH
1	34749495	34752244	53	39	57.61	CG
1	34749495	34752244	43	127	25.29	CHG
1	34749495	34752244	2	425	0.47	CHH
1	34928206	34928387	4	0	100.00	CG
1	34928206	34928387	3	3	50.00	CHG
1	34928206	34928387	0	17	0.00	CHH
1	34990120	34992796	455	178	71.88	CG
1	34990120	34992796	54	317	14.56	CHG
1	34990120	34992796	15	1392	1.07	CHH
1	35760612	35760952	35	14	71.43	CG
1	35760612	35760952	0	33	0.00	CHG
1	35760612	35760952	0	159	0.00	CHH
1	35959231	35959351	0	11	0.00	CG
1	35959231	35959351	0	16	0.00	CHG
1	35959231	35959351	0	83	0.00	CHH
1	36112505	36112684	30	24	55.56	CG
1	36112505	36112684	10	29	25.64	CHG
1	36112505	36112684	0	73	0.00	CHH
1	36163384	36164022	1	171	0.58	CG
1	36163384	36164022	0	160	0.00	CHG
1	36163384	36164022	4	620	0.64	CHH
1	36208524	36209666	126	16	88.73	CG
1	36208524	36209666	48	187	20.43	CHG
1	36208524	36209666	1	642	0.16	CHH
1	36479686	36479935	6	118	4.84	CG
1	36479686	36479935	0	45	0.00	CHG
1	36479686	36479935	0	206	0.00	CHH
1	36890844	36891048	7	8	46.67	CG
1	36890844	36891048	2	17	10.53	CHG
1	36890844	36891048	0	98	0.00	CHH
1	37118562	37118725	0	40	0.00	CG
1	37118562	37118725	0	68	0.00	CHG
1	37118562	37118725	0	311	0.00	CHH
1	37253827	37256063	158	12	92.94	CG
1	37253827	37256063	39	86	31.20	CHG
1	37253827	37256063	4	556	0.71	CHH
1	37757198	37758019	61	200	23.37	CG
1	37757198	37758019	15	127	10.56	CHG
1	37757198	37758019	9	435	2.03	CHH
1	39603253	39603550	14	0	100.00	CG
1	39603253	39603550	0	79	0.00	CHG
1	39603253	39603550	0	166	0.00	CHH
1	40609311	40609427	12	0	100.00	CG
1	40609311	40609427	0	57	0.00	CHG
1	40609311	40609427	0	159	0.00	CHH
1	40785754	40786192	27	12	69.23	CG
1	40785754	40786192	2	241	0.82	CHG
1	40785754	40786192	0	530	0.00	CHH
1	41209454	41212661	145	956	13.17	CG
1	41209454	41212661	18	607	2.88	CHG
1	41209454	41212661	40	1915	2.05	CHH
2	38468	38578	6	1	85.71	CG
2	38468	38578	0	13	0.00	CHG
2	38468	38578	0	29	0.00	CHH
2	578331	578545	12	2	85.71	CG
2	578331	578545	0	149	0.00	CHG
2	578331	578545	0	406	0.00	CHH
2	1736612	1736996	19	68	21.84	CG
2	1736612	1736996	0	188	0.00	CHG
2	1736612	1736996	0	463	0.00	CHH
2	2004107	2004464	0	36	0.00	CG
2	2004107	2004464	1	176	0.56	CHG
2	2004107	2004464	0	415	0.00	CHH
2	2225031	2228646	344	135	71.82	CG
2	2225031	2228646	74	439	14.42	CHG
2	2225031	2228646	10	1880	0.53	CHH
2	2448881	2450073	28	31	47.46	CG
2	2448881	2450073	4	259	1.52	CHG
2	2448881	2450073	18	826	2.13	CHH
2	2455636	2457226	47	4	92.16	CG
2	2455636	2457226	29	39	42.65	CHG
2	2455636	2457226	2	91	2.15	CHH
2	2916264	2916496	9	16	36.00	CG
2	2916264	2916496	4	104	3.70	CHG
2	2916264	2916496	2	375	0.53	CHH
2	3153141	3153726	110	32	77.46	CG
2	3153141	3153726	34	122	21.79	CHG
2	3153141	3153726	7	502	1.38	CHH
2	3584767	3584907	15	19	44.12	CG
2	3584767	3584907	1	32	3.03	CHG
2	3584767	3584907	2	168	1.18	CHH
2	3668130	3671654	820	725	53.07	CG
2	3668130	3671654	207	1009	17.02	CHG
2	3668130	3671654	38	3227	1.16	CHH
2	4394475	4394720	0	6	0.00	CG
2	4394475	4394720	0	34	0.00	CHG
2	4394475	4394720	0	86	0.00	CHH
2	4735326	4735671	0	92	0.00	CG
2	4735326	4735671	0	119	0.00	CHG
2	4735326	4735671	2	346	0.57	CHH
2	4930376	4930562	51	6	89.47	CG
2	4930376	4930562	0	15	0.00	CHG
2	4930376	4930562	0	106	0.00	CHH
2	6097195	6097472	1	62	1.59	CG
2	6097195	6097472	0	90	0.00	CHG
2	6097195	6097472	0	216	0.00	CHH
2	6194639	6194966	0	38	0.00	CG
2	6194639	6194966	1	62	1.59	CHG
2	6194639	6194966	1	277	0.36	CHH
2	6477169	6477370	25	3	89.29	CG
2	6477169	6477370	0	41	0.00	CHG
2	6477169	6477370	0	165	0.00	CHH
2	6479819	6479943	0	51	0.00	CHG
2	6479819	6479943	0	111	0.00	CHH
2	7634883	7634997	0	130	0.00	CG
2	7634883	7634997	0	49	0.00	CHG
2	7634883	7634997	0	143	0.00	CHH
2	9263789	9264764	7	0	100.00	CG
2	9263789	9264764	3	2	60.00	CHG
2	9263789	9264764	0	12	0.00	CHH
2	10881944	10882136	0	14	0.00	CG
2	10881944	10882136	0	25	0.00	CHG
2	10881944	10882136	0	96	0.00	CHH
2	11520851	11521291	0	8	0.00	CG
2	11520851	11521291	0	4	0.00	CHG
2	11520851	11521291	0	37	0.00	CHH
2	11599189	11600489	58	115	33.53	CG
2	11599189	11600489	0	144	0.00	CHG
2	11599189	11600489	1	602	0.17	CHH
2	11939679	11939936	5	0	100.00	CG
2	11939679	11939936	0	28	0.00	CHG
2	11939679	11939936	0	130	0.00	CHH
2	12352060	12352584	70	14	83.33	CG
2	12352060	12352584	19	49	27.94	CHG
2	12352060	12352584	0	124	0.00	CHH
2	12492889	12493008	0	139	0.00	CG
2	12492889	12493008	0	76	0.00	CHG
2	12492889	12493008	0	107	0.00	CHH
2	12583382	12585233	248	82	75.15	CG
2	12583382	12585233	11	626	1.73	CHG
2	12583382	12585233	2	1868	0.11	CHH
2	14258242	14258497	7	0	100.00	CG
2	14258242	14258497	0	2	0.00	CHG
2	14258242	14258497	0	25	0.00	CHH
2	14381584	14382260	80	19	80.81	CG
2	14381584	14382260	14	125	10.07	CHG
2	14381584	14382260	0	649	0.00	CHH
2	14883666	14884152	123	9	93.18	CG
2	14883666	14884152	63	88	41.72	CHG
2	14883666	14884152	4	427	0.93	CHH
2	15077160	15080035	586	48	92.43	CG
2	15077160	15080035	175	388	31.08	CHG
2	15077160	15080035	16	1812	0.88	CHH
2	15300768	15301020	38	5	88.37	CG
2	15300768	15301020	32	57	35.96	CHG
2	15300768	15301020	1	314	0.32	CHH
2	16462100	16462683	153	37	80.53	CG
2	16462100	16462683	51	181	21.98	CHG
2	16462100	16462683	5	660	0.75	CHH
2	16469340	16469527	57	18	76.00	CG
2	16469340	16469527	14	39	26.42	CHG
2	16469340	16469527	0	113	0.00	CHH
2	16575455	16575576	2	16	11.11	CG
2	16575455	16575576	0	6	0.00	CHG
2	16575455	16575576	0	76	0.00	CHH
2	16909276	16909402	2	0	100.00	CG
2	16909276	16909402	0	17	0.00	CHH
2	17470250	17470459	15	7	68.18	CG
2	17470250	17470459	10	20	33.33	CHG
2	17470250	17470459	1	194	0.51	CHH
2	17693456	17694041	65	112	36.72	CG
2	17693456	17694041	6	164	3.53	CHG
2	17693456	17694041	6	503	1.18	CHH
2	17846367	17846587	0	172	0.00	CG
2	17846367	17846587	0	112	0.00	CHG
2	17846367	17846587	0	264	0.00	CHH
2	18156897	18157229	104	6	94.55	CG
2	18156897	18157229	26	26	50.00	CHG
2	18156897	18157229	1	181	0.55	CHH
2	19262811	19262974	22	1	95.65	CG
2	19262811	19262974	2	15	11.76	CHG
2	19262811	19262974	0	158	0.00	CHH
2	19369504	19369623	65	3	95.59	CG
2	19369504	19369623	13	29	30.95	CHG
2	19369504	19369623	0	69	0.00	CHH
2	19649757	19649896	0	88	0.00	CG
2	19649757	19649896	0	44	0.00	CHG
2	19649757	19649896	0	140	0.00	CHH
2	20077988	20078291	35	19	64.81	CG
2	20077988	20078291	6	40	13.04	CHG
2	20077988	20078291	11	199	5.24	CHH
2	22210158	22210334	0	113	0.00	CG
2	22210158	22210334	0	37	0.00	CHG
2	22210158	22210334	0	163	0.00	CHH
2	22275294	22275439	0	4	0.00	CG
2	22275294	22275439	0	25	0.00	CHG
2	22275294	22275439	0	100	0.00	CHH
2	22587752	22588156	48	75	39.02	CG
2	22587752	22588156	4	94	4.08	CHG
2	22587752	22588156	2	384	0.52	CHH
2	22836225	22836730	0	168	0.00	CG
2	22836225	22836730	0	163	0.00	CHG
2	22836225	22836730	0	548	0.00	CHH
2	22982677	22982914	0	11	0.00	CG
2	22982677	22982914	0	98	0.00	CHG
2	22982677	22982914	2	387	0.51	CHH
2	23033077	23033411	15	71	17.44	CG
2	23033077	23033411	1	232	0.43	CHG
2	23033077	23033411	0	460	0.00	CHH
2	23394395	23395510	311	66	82.49	CG
2	23394395	23395510	20	360	5.26	CHG
2	23394395	23395510	1	907	0.11	CHH
2	23471507	23472492	6	0	100.00	CG
2	23471507	23472492	2	8	20.00	CHG
2	23471507	23472492	0	27	0.00	CHH
2	24044095	24044460	113	6	94.96	CG
2	24044095	24044460	22	53	29.33	CHG
2	24044095	24044460	3	186	1.59	CHH
2	24717341	24717558	0	38	0.00	CG
2	24717341	24717558	0	107	0.00	CHG
2	24717341	24717558	0	352	0.00	CHH
2	25574998	25576239	160	19	89.39	CG
2	25574998	25576239	90	209	30.10	CHG
2	25574998	25576239	3	1159	0.26	CHH
2	25830725	25831459	1	297	0.34	CG
2	25830725	25831459	0	239	0.00	CHG
2	25830725	25831459	3	582	0.51	CHH
2	25835047	25835296	0	114	0.00	CG
2	25835047	25835296	0	82	0.00	CHG
2	25835047	25835296	0	179	0.00	CHH
2	26548831	26549237	82	15	84.54	CG
2	26548831	26549237	2	27	6.90	CHG
2	26548831	26549237	17	203	7.73	CHH
2	26689413	26692203	14	1790	0.78	CG
2	26689413	26692203	1	1174	0.09	CHG
2	26689413	26692203	44	2734	1.58	CHH
2	28199306	28199617	24	3	88.89	CG
2	28199306	28199617	27	33	45.00	CHG
2	28199306	28199617	0	82	0.00	CHH
2	29852698	29852922	0	40	0.00	CG
2	29852698	29852922	0	64	0.00	CHG
2	29852698	29852922	0	207	0.00	CHH
2	30157272	30157610	59	24	71.08	CG
2	30157272	30157610	1	78	1.27	CHG
2	30157272	30157610	0	299	0.00	CHH
2	30823979	30824112	0	14	0.00	CG
2	30823979	30824112	1	33	2.94	CHG
2	30823979	30824112	0	97	0.00	CHH
2	30983625	30984901	2	620	0.32	CG
2	30983625	30984901	0	918	0.00	CHG
2	30983625	30984901	1	1833	0.05	CHH
2	31445301	31445449	0	5	0.00	CG
2	31445301	31445449	0	25	0.00	CHG
2	31445301	31445449	0	111	0.00	CHH
2	31855152	31855271	0	1	0.00	CHH
2	32524707	32526194	373	152	71.05	CG
2	32524707	32526194	38	353	9.72	CHG
2	32524707	32526194	22	1080	2.00	CHH
2	33158169	33158313	24	0	100.00	CG
2	33158169	33158313	22	19	53.66	CHG
2	33158169	33158313	1	240	0.41	CHH
2	33431516	33431954	11	11	50.00	CG
2	33431516	33431954	1	78	1.27	CHG
2	33431516	33431954	0	308	0.00	CHH
2	33711999	33712328	8	0	100.00	CG
2	33711999	33712328	0	81	0.00	CHG
2	33711999	33712328	0	306	0.00	CHH
2	33834944	33835662	14	47	22.95	CG
2	33834944	33835662	0	127	0.00	CHG
2	33834944	33835662	1	572	0.17	CHH
2	33936933	33937065	0	9	0.00	CG
2	33936933	33937065	0	66	0.00	CHG
2	33936933	33937065	0	240	0.00	CHH
2	34687871	34690219	20	1420	1.39	CG
2	34687871	34690219	2	1015	0.20	CHG
2	34687871	34690219	4	2061	0.19	CHH
2	34772462	34772598	0	19	0.00	CHG
2	34772462	34772598	0	96	0.00	CHH
2	35300370	35300604	10	0	100.00	CG
2	35300370	35300604	0	93	0.00	CHG
2	35300370	35300604	2	372	0.53	CHH
2	35388799	35389069	0	31	0.00	CG
2	35388799	35389069	0	74	0.00	CHG
2	35388799	35389069	1	154	0.65	CHH
3	480369	480630	127	16	88.81	CG
3	480369	480630	1	144	0.69	CHG
3	480369	480630	1	512	0.19	CHH
3	615186	620505	352	945	27.14	CG
3	615186	620505	69	1207	5.41	CHG
3	615186	620505	48	3717	1.27	CHH
3	1097994	1098400	147	9	94.23	CG
3	1097994	1098400	85	57	59.86	CHG
3	1097994	1098400	10	524	1.87	CHH
3	2922253	2922366	0	10	0.00	CG
3	2922253	2922366	0	12	0.00	CHG
3	2922253	2922366	0	117	0.00	CHH
3	2924923	2926581	98	71	57.99	CG
3	2924923	2926581	0	418	0.00	CHG
3	2924923	2926581	22	1488	1.46	CHH
3	3101473	3101729	76	106	41.76	CG
3	3101473	3101729	0	134	0.00	CHG
3	3101473	3101729	0	259	0.00	CHH
3	3782983	3787490	19	2019	0.93	CG
3	3782983	3787490	3	1416	0.21	CHG
3	3782983	3787490	12	3840	0.31	CHH
3	4471611	4471796	0	129	0.00	CG
3	4471611	4471796	0	88	0.00	CHG
3	4471611	4471796	0	159	0.00	CHH
3	4501942	4502163	9	56	13.85	CG
3	4501942	4502163	0	49	0.00	CHG
3	4501942	4502163	2	83	2.35	CHH
3	4735915	4736042	1	8	11.11	CG
3	4735915	4736042	0	13	0.00	CHG
3	4735915	4736042	0	55	0.00	CHH
3	5786527	5786697	10	0	100.00	CG
3	5786527	5786697	0	50	0.00	CHG
3	5786527	5786697	0	181	0.00	CHH
3	5790733	5792052	169	58	74.45	CG
3	5790733	5792052	47	165	22.17	CHG
3	5790733	5792052	15	711	2.07	CHH
3	5852144	5852325	53	3	94.64	CG
3	5852144	5852325	23	31	42.59	CHG
3	5852144	5852325	12	260	4.41	CHH
3	5861909	5862252	41	11	78.85	CG
3	5861909	5862252	0	129	0.00	CHG
3	5861909	5862252	0	314	0.00	CHH
3	5863529	5863616	0	32	0.00	CG
3	5863529	5863616	0	41	0.00	CHG
3	5863529	5863616	0	103	0.00	CHH
3	6119207	6119385	0	208	0.00	CG
3	6119207	6119385	0	183	0.00	CHG
3	6119207	6119385	0	209	0.00	CHH
3	6727333	6727471	0	21	0.00	CG
3	6727333	6727471	0	21	0.00	CHG
3	6727333	6727471	0	102	0.00	CHH
3	7815881	7816020	0	320	0.00	CG
3	7815881	7816020	0	152	0.00	CHG
3	7815881	7816020	0	131	0.00	CHH
3	8124800	8125238	1	313	0.32	CG
3	8124800	8125238	0	183	0.00	CHG
3	8124800	8125238	0	533	0.00	CHH
3	8292358	8296069	233	228	50.54	CG
3	8292358	8296069	39	702	5.26	CHG
3	8292358	8296069	9	2975	0.30	CHH
3	8918282	8919468	70	613	10.25	CG
3	8918282	8919468	2	383	0.52	CHG
3	8918282	8919468	4	1304	0.31	CHH
3	8932042	8933228	54	84	39.13	CG
3	8932042	8933228	3	81	3.57	CHG
3	8932042	8933228	3	422	0.71	CHH
3	9007060	9007495	58	14	80.56	CG
3	9007060	9007495	22	31	41.51	CHG
3	9007060	9007495	4	144	2.70	CHH
3	9615393	9615681	0	218	0.00	CG
3	9615393	9615681	0	99	0.00	CHG
3	9615393	9615681	0	430	0.00	CHH
3	9647322	9647514	4	21	16.00	CG
3	9647322	9647514	0	51	0.00	CHG
3	9647322	9647514	0	187	0.00	CHH
3	9661238	9663204	26	489	5.05	CG
3	9661238	9663204	8	487	1.62	CHG
3	9661238	9663204	30	1452	2.02	CHH
3	9703524	9703645	0	42	0.00	CG
3	9703524	9703645	0	28	0.00	CHG
3	9703524	9703645	0	233	0.00	CHH
3	9741411	9741728	30	2	93.75	CG
3	9741411	9741728	7	14	33.33	CHG
3	9741411	9741728	0	104	0.00	CHH
3	9772110	9773385	283	63	81.79	CG
3	9772110	9773385	68	180	27.42	CHG
3	9772110	9773385	8	1099	0.72	CHH
3	9970758	9972750	12	992	1.20	CG
3	9970758	9972750	1	824	0.12	CHG
3	9970758	9972750	1	1367	0.07	CHH
3	11318102	11319164	5	77	6.10	CG
3	11318102	11319164	0	123	0.00	CHG
3	11318102	11319164	0	471	0.00	CHH
3	11624874	11625180	3	13	18.75	CG
3	11624874	11625180	2	95	2.06	CHG
3	11624874	11625180	3	277	1.07	CHH
3	11762654	11762757	19	1	95.00	CG
3	11762654	11762757	0	5	0.00	CHG
3	11762654	11762757	0	75	0.00	CHH
3	12013674	12014450	81	9	90.00	CG
3	12013674	12014450	49	141	25.79	CHG
3	12013674	12014450	2	873	0.23	CHH
3	13326106	13326294	5	34	12.82	CG
3	13326106	13326294	0	85	0.00	CHG
3	13326106	13326294	0	238	0.00	CHH
3	14484188	14484405	7	2	77.78	CG
3	14484188	14484405	14	31	31.11	CHG
3	14484188	14484405	3	155	1.90	CHH
3	14495901	14496241	3	437	0.68	CG
3	14495901	14496241	0	191	0.00	CHG
3	14495901	14496241	0	412	0.00	CHH
3	14633392	14633990	9	0	100.00	CG
3	14633392	14633990	2	0	100.00	CHG
3	14633392	14633990	0	51	0.00	CHH
3	14886695	14886945	2	26	7.14	CG
3	14886695	14886945	1	24	4.00	CHG
3	14886695	14886945	15	180	7.69	CHH
3	15238637	15238822	26	2	92.86	CG
3	15238637	15238822	15	44	25.42	CHG
3	15238637	15238822	0	306	0.00	CHH
3	15348429	15348696	52	5	91.23	CG
3	15348429	15348696	14	56	20.00	CHG
3	15348429	15348696	0	314	0.00	CHH
3	15968990	15969281	1	160	0.62	CG
3	15968990	15969281	0	127	0.00	CHG
3	15968990	15969281	0	217	0.00	CHH
3	16545195	16545366	3	0	100.00	CG
3	16545195	16545366	1	0	100.00	CHG
3	16545195	16545366	0	12	0.00	CHH
3	16691128	16691290	21	1	95.45	CG
3	16691128	16691290	1	15	6.25	CHG
3	16691128	16691290	1	115	0.86	CHH
3	18086982	18087169	0	27	0.00	CG
3	18086982	18087169	0	39	0.00	CHG
3	18086982	18087169	0	116	0.00	CHH
3	18671229	18673244	124	188	39.74	CG
3	18671229	18673244	6	368	1.60	CHG
3	18671229	18673244	2	1145	0.17	CHH
3	19066610	19066885	84	6	93.33	CG
3	19066610	19066885	10	12	45.45	CHG
3	19066610	19066885	1	44	2.22	CHH
3	19477758	19477853	37	3	92.50	CG
3	19477758	19477853	4	41	8.89	CHG
3	19477758	19477853	0	168	0.00	CHH
3	20211561	20212451	269	26	91.19	CG
3	20211561	20212451	69	168	29.11	CHG
3	20211561	20212451	1	785	0.13	CHH
3	20300032	20301332	197	86	69.61	CG
3	20300032	20301332	109	357	23.39	CHG
3	20300032	20301332	4	1561	0.26	CHH
3	20506153	20506547	38	19	66.67	CG
3	20506153	20506547	9	51	15.00	CHG
3	20506153	20506547	1	222	0.45	CHH
3	20529596	20530676	113	769	12.81	CG
3	20529596	20530676	2	376	0.53	CHG
3	20529596	20530676	0	606	0.00	CHH
3	20609274	20609784	41	2	95.35	CG
3	20609274	20609784	4	33	10.81	CHG
3	20609274	20609784	1	182	0.55	CHH
3	21045714	21046037	38	1	97.44	CG
3	21045714	21046037	1	20	4.76	CHG
3	21045714	21046037	3	129	2.27	CHH
3	21053301	21054404	21	13	61.76	CG
3	21053301	21054404	1	133	0.75	CHG
3	21053301	21054404	1	729	0.14	CHH
3	21477968	21478334	30	49	37.97	CG
3	21477968	21478334	0	54	0.00	CHG
3	21477968	21478334	4	238	1.65	CHH
3	21805912	21806253	200	10	95.24	CG
3	21805912	21806253	13	26	33.33	CHG
3	21805912	21806253	10	169	5.59	CHH
3	22443304	22443897	1	485	0.21	CG
3	22443304	22443897	0	326	0.00	CHG
3	22443304	22443897	1	718	0.14	CHH
3	22930322	22932315	20	559	3.45	CG
3	22930322	22932315	2	485	0.41	CHG
3	22930322	22932315	9	1728	0.52	CHH
3	22977964	22978503	43	39	52.44	CG
3	22977964	22978503	5	120	4.00	CHG
3	22977964	22978503	3	515	0.58	CHH
3	23158824	23162446	73	1255	5.50	CG
3	23158824	23162446	8	742	1.07	CHG
3	23158824	23162446	11	2626	0.42	CHH
3	23440227	23440314	0	5	0.00	CHG
3	23440227	23440314	0	73	0.00	CHH
3	23502337	23503127	31	13	70.45	CG
3	23502337	23503127	0	46	0.00	CHG
3	23502337	23503127	12	443	2.64	CHH
3	24402381	24402506	0	131	0.00	CG
3	24402381	24402506	0	39	0.00	CHG
3	24402381	24402506	0	21	0.00	CHH
3	24697252	24697403	0	8	0.00	CG
3	24697252	24697403	0	20	0.00	CHG
3	24697252	24697403	0	67	0.00	CHH
3	25124576	25125712	103	96	51.76	CG
3	25124576	25125712	12	128	8.57	CHG
3	25124576	25125712	20	570	3.39	CHH
3	25238096	25238349	18	7	72.00	CG
3	25238096	25238349	0	84	0.00	CHG
3	25238096	25238349	1	241	0.41	CHH
3	26463242	26463534	32	61	34.41	CG
3	26463242	26463534	1	89	1.11	CHG
3	26463242	26463534	4	163	2.40	CHH
3	28036385	28036532	0	55	0.00	CG
3	28036385	28036532	0	45	0.00	CHG
3	28036385	28036532	0	177	0.00	CHH
3	28421210	28421588	0	88	0.00	CG
3	28421210	28421588	0	192	0.00	CHG
3	28421210	28421588	0	565	0.00	CHH
3	28828352	28828674	2	19	9.52	CG
3	28828352	28828674	0	10	0.00	CHG
3	28828352	28828674	9	205	4.21	CHH
3	28883667	28884002	0	1	0.00	CG
3	28883667	28884002	1	9	10.00	CHG
3	28883667	28884002	0	122	0.00	CHH
3	28999678	28999814	6	3	66.67	CG
3	28999678	28999814	1	9	10.00	CHG
3	28999678	28999814	0	37	0.00	CHH
3	29036320	29036527	41	1	97.62	CG
3	29036320	29036527	0	5	0.00	CHG
3	29036320	29036527	0	32	0.00	CHH
3	29048284	29048488	135	6	95.74	CG
3	29048284	29048488	68	67	50.37	CHG
3	29048284	29048488	3	159	1.85	CHH
3	29804060	29804313	0	55	0.00	CG
3	29804060	29804313	0	111	0.00	CHG
3	29804060	29804313	1	410	0.24	CHH
3	31242980	31243426	6	0	100.00	CG
3	31242980	31243426	4	2	66.67	CHG
3	31242980	31243426	2	9	18.18	CHH
3	31550060	31550292	30	59	33.71	CG
3	31550060	31550292	2	34	5.56	CHG
3	31550060	31550292	0	116	0.00	CHH
3	32992420	32993458	54	66	45.00	CG
3	32992420	32993458	3	88	3.30	CHG
3	32992420	32993458	8	501	1.57	CHH
3	33907932	33908490	0	28	0.00	CG
3	33907932	33908490	0	193	0.00	CHG
3	33907932	33908490	0	818	0.00	CHH
3	34241449	34241654	0	36	0.00	CG
3	34241449	34241654	0	95	0.00	CHG
3	34241449	34241654	0	176	0.00	CHH
3	34254363	34255907	53	416	11.30	CG
3	34254363	34255907	2	628	0.32	CHG
3	34254363	34255907	3	1330	0.23	CHH
3	34833000	34833309	44	3	93.62	CG
3	34833000	34833309	5	27	15.62	CHG
3	34833000	34833309	6	66	8.33	CHH
3	35110086	35110256	1	0	100.00	CG
3	35110086	35110256	1	11	8.33	CHG
3	35110086	35110256	0	72	0.00	CHH
3	35180241	35180554	21	4	84.00	CG
3	35180241	35180554	0	63	0.00	CHG
3	35180241	35180554	0	252	0.00	CHH
3	35917041	35917731	120	110	52.17	CG
3	35917041	35917731	14	145	8.81	CHG
3	35917041	35917731	7	643	1.08	CHH
3	36048993	36049255	1	28	3.45	CG
3	36048993	36049255	0	58	0.00	CHG
3	36048993	36049255	0	169	0.00	CHH
3	36390761	36392058	5	731	0.68	CG
3	36390761	36392058	3	470	0.63	CHG
3	36390761	36392058	0	1120	0.00	CHH
4	2128481	2128855	5	20	20.00	CG
4	2128481	2128855	0	13	0.00	CHG
4	2128481	2128855	0	101	0.00	CHH
4	2540394	2540485	32	4	88.89	CG
4	2540394	2540485	9	21	30.00	CHG
4	2540394	2540485	0	113	0.00	CHH
4	3036997	3037085	44	5	89.80	CG
4	3036997	3037085	5	18	21.74	CHG
4	3036997	3037085	1	42	2.33	CHH
4	4049820	4050064	82	2	97.62	CG
4	4049820	4050064	15	47	24.19	CHG
4	4049820	4050064	2	261	0.76	CHH
4	4695559	4695777	67	5	93.06	CG
4	4695559	4695777	11	34	24.44	CHG
4	4695559	4695777	1	132	0.75	CHH
4	5205473	5206792	325	27	92.33	CG
4	5205473	5206792	100	222	31.06	CHG
4	5205473	5206792	6	1305	0.46	CHH
4	5370300	5370990	4	0	100.00	CG
4	5370300	5370990	3	0	100.00	CHG
4	5370300	5370990	0	15	0.00	CHH
4	7250146	7253105	44	1433	2.98	CG
4	7250146	7253105	19	782	2.37	CHG
4	7250146	7253105	0	2042	0.00	CHH
4	7946934	7947116	23	2	92.00	CG
4	7946934	7947116	7	8	46.67	CHG
4	7946934	7947116	0	83	0.00	CHH
4	7976120	7976768	7	36	16.28	CG
4	7976120	7976768	0	96	0.00	CHG
4	7976120	7976768	0	282	0.00	CHH
4	7998972	7999131	0	3	0.00	CG
4	7998972	7999131	0	9	0.00	CHG
4	7998972	7999131	0	51	0.00	CHH
4	9504426	9506750	423	70	85.80	CG
4	9504426	9506750	97	400	19.52	CHG
4	9504426	9506750	4	2049	0.19	CHH
4	10597218	10597775	106	19	84.80	CG
4	10597218	10597775	71	109	39.44	CHG
4	10597218	10597775	1	389	0.26	CHH
4	11254426	11254603	0	19	0.00	CG
4	11254426	11254603	0	40	0.00	CHG
4	11254426	11254603	0	137	0.00	CHH
4	11479976	11481063	1	133	0.75	CG
4	11479976	11481063	4	191	2.05	CHG
4	11479976	11481063	1	1080	0.09	CHH
4	12511724	12511877	17	6	73.91	CG
4	12511724	12511877	6	71	7.79	CHG
4	12511724	12511877	2	223	0.89	CHH
4	12570254	12573173	449	24	94.93	CG
4	12570254	12573173	217	453	32.39	CHG
4	12570254	12573173	11	2511	0.44	CHH
4	14336636	14336825	14	1	93.33	CG
4	14336636	14336825	5	8	38.46	CHG
4	14336636	14336825	0	20	0.00	CHH
4	15422154	15422563	19	2	90.48	CG
4	15422154	15422563	4	16	20.00	CHG
4	15422154	15422563	1	134	0.74	CHH
4	15927777	15928107	1	98	1.01	CG
4	15927777	15928107	0	99	0.00	CHG
4	15927777	15928107	0	323	0.00	CHH
4	16377949	16378038	18	0	100.00	CG
4	16377949	16378038	13	13	50.00	CHG
4	16377949	16378038	0	85	0.00	CHH
4	16429861	16430118	24	1	96.00	CG
4	16429861	16430118	31	27	53.45	CHG
4	16429861	16430118	6	157	3.68	CHH
4	16739824	16740091	78	14	84.78	CG
4	16739824	16740091	5	35	12.50	CHG
4	16739824	16740091	0	114	0.00	CHH
4	16870850	16871033	5	7	41.67	CG
4	16870850	16871033	0	5	0.00	CHG
4	16870850	16871033	0	92	0.00	CHH
4	16929303	16929386	5	9	35.71	CG
4	16929303	16929386	0	4	0.00	CHG
4	16929303	16929386	0	46	0.00	CHH
4	18861290	18861421	3	0	100.00	CG
4	18861290	18861421	0	2	0.00	CHG
4	18861290	18861421	0	27	0.00	CHH
4	18879559	18879953	137	36	79.19	CG
4	18879559	18879953	43	91	32.09	CHG
4	18879559	18879953	0	220	0.00	CHH
4	19594453	19594613	0	27	0.00	CG
4	19594453	19594613	0	58	0.00	CHG
4	19594453	19594613	0	70	0.00	CHH
4	21836525	21836740	0	53	0.00	CG
4	21836525	21836740	0	100	0.00	CHG
4	21836525	21836740	0	286	0.00	CHH
4	22149701	22149888	0	99	0.00	CG
4	22149701	22149888	0	44	0.00	CHG
4	22149701	22149888	0	38	0.00	CHH
4	24463582	24463728	0	45	0.00	CG
4	24463582	24463728	0	35	0.00	CHG
4	24463582	24463728	0	195	0.00	CHH
4	24879051	24879296	0	15	0.00	CG
4	24879051	24879296	0	183	0.00	CHG
4	24879051	24879296	0	241	0.00	CHH
4	25700367	25700823	250	29	89.61	CG
4	25700367	25700823	62	73	45.93	CHG
4	25700367	25700823	8	446	1.76	CHH
4	26025305	26025523	25	1	96.15	CG
4	26025305	26025523	0	65	0.00	CHG
4	26025305	26025523	0	222	0.00	CHH
4	26125746	26125921	11	2	84.62	CG
4	26125746	26125921	5	9	35.71	CHG
4	26125746	26125921	0	90	0.00	CHH
4	28854448	28854672	0	154	0.00	CG
4	28854448	28854672	0	64	0.00	CHG
4	28854448	28854672	0	293	0.00	CHH
4	31600862	31601333	145	19	88.41	CG
4	31600862	31601333	46	153	23.12	CHG
4	31600862	31601333	1	519	0.19	CHH
4	32665225	32665685	0	500	0.00	CG
4	32665225	32665685	0	402	0.00	CHG
4	32665225	32665685	0	756	0.00	CHH
4	32845260	32845468	24	5	82.76	CG
4	32845260	32845468	0	103	0.00	CHG
4	32845260	32845468	0	327	0.00	CHH
4	32907649	32907913	5	0	100.00	CG
4	32907649	32907913	5	8	38.46	CHG
4	32907649	32907913	0	43	0.00	CHH
4	32976630	32976775	0	27	0.00	CG
4	32976630	32976775	0	35	0.00	CHG
4	32976630	32976775	0	189	0.00	CHH
5	22552	22704	65	4	94.20	CG
5	22552	22704	24	31	43.64	CHG
5	22552	22704	1	209	0.48	CHH
5	167915	169390	10	113	8.13	CG
5	167915	169390	1	70	1.41	CHG
5	167915	169390	4	457	0.87	CHH
5	802197	802307	0	10	0.00	CG
5	802197	802307	0	12	0.00	CHG
5	802197	802307	0	49	0.00	CHH
5	1555477	1555743	6	11	35.29	CG
5	1555477	1555743	1	58	1.69	CHG
5	1555477	1555743	0	228	0.00	CHH
5	1623822	1624065	25	5	83.33	CG
5	1623822	1624065	4	11	26.67	CHG
5	1623822	1624065	0	8	0.00	CHH
5	1649481	1650024	79	133	37.26	CG
5	1649481	1650024	22	124	15.07	CHG
5	1649481	1650024	2	385	0.52	CHH
5	2535968	2537410	64	905	6.60	CG
5	2535968	2537410	0	646	0.00	CHG
5	2535968	2537410	1	1709	0.06	CHH
5	3201536	3202094	11	24	31.43	CG
5	3201536	3202094	4	87	4.40	CHG
5	3201536	3202094	4	319	1.24	CHH
5	3642042	3642277	64	7	90.14	CG
5	3642042	3642277	1	21	4.55	CHG
5	3642042	3642277	4	144	2.70	CHH
5	4042346	4043559	38	4	90.48	CG
5	4042346	4043559	0	18	0.00	CHG
5	4042346	4043559	0	35	0.00	CHH
5	6697788	6698020	8	18	30.77	CG
5	6697788	6698020	0	45	0.00	CHG
5	6697788	6698020	0	165	0.00	CHH
5	8888812	8888977	27	1	96.43	CG
5	8888812	8888977	38	49	43.68	CHG
5	8888812	8888977	1	229	0.43	CHH
5	9364313	9364413	93	2	97.89	CG
5	9364313	9364413	39	51	43.33	CHG
5	9364313	9364413	0	107	0.00	CHH
5	12549332	12549415	13	2	86.67	CG
5	12549332	12549415	3	27	10.00	CHH
5	12809268	12809477	93	5	94.90	CG
5	12809268	12809477	9	36	20.00	CHG
5	12809268	12809477	1	55	1.79	CHH
5	13857407	13857542	113	7	94.17	CG
5	13857407	13857542	17	31	35.42	CHG
5	13857407	13857542	2	160	1.23	CHH
5	14246535	14246708	0	9	0.00	CG
5	14246535	14246708	0	2	0.00	CHG
5	14246535	14246708	2	73	2.67	CHH
5	15249273	15249609	138	8	94.52	CG
5	15249273	15249609	52	72	41.94	CHG
5	15249273	15249609	7	450	1.53	CHH
5	15263881	15264136	78	6	92.86	CG
5	15263881	15264136	13	54	19.40	CHG
5	15263881	15264136	2	101	1.94	CHH
5	16141049	16142222	137	17	88.96	CG
5	16141049	16142222	40	80	33.33	CHG
5	16141049	16142222	3	558	0.53	CHH
5	16604726	16607053	336	118	74.01	CG
5	16604726	16607053	48	313	13.30	CHG
5	16604726	16607053	11	1798	0.61	CHH
5	16695358	16697204	52	442	10.53	CG
5	16695358	16697204	20	351	5.39	CHG
5	16695358	16697204	13	1082	1.19	CHH
5	17145149	17145240	0	7	0.00	CG
5	17145149	17145240	0	70	0.00	CHH
5	17275880	17277194	69	137	33.50	CG
5	17275880	17277194	2	246	0.81	CHG
5	17275880	17277194	0	834	0.00	CHH
5	18555974	18556911	142	25	85.03	CG
5	18555974	18556911	30	83	26.55	CHG
5	18555974	18556911	0	482	0.00	CHH
5	18614365	18615227	322	24	93.06	CG
5	18614365	18615227	69	115	37.50	CHG
5	18614365	18615227	9	445	1.98	CHH
5	19082868	19087589	273	706	27.89	CG
5	19082868	19087589	0	1315	0.00	CHG
5	19082868	19087589	5	4278	0.12	CHH
5	19475239	19475452	0	54	0.00	CG
5	19475239	19475452	0	72	0.00	CHG
5	19475239	19475452	2	207	0.96	CHH
5	19550564	19550779	1	8	11.11	CHG
5	19550564	19550779	0	70	0.00	CHH
5	19686229	19688559	70	722	8.84	CG
5	19686229	19688559	29	501	5.47	CHG
5	19686229	19688559	12	1758	0.68	CHH
5	20197683	20197907	0	207	0.00	CG
5	20197683	20197907	0	108	0.00	CHG
5	20197683	20197907	0	200	0.00	CHH
5	20639725	20640817	108	22	83.08	CG
5	20639725	20640817	3	329	0.90	CHG
5	20639725	20640817	0	1030	0.00	CHH
5	21196473	21196736	10	2	83.33	CG
5	21196473	21196736	15	27	35.71	CHG
5	21196473	21196736	1	91	1.09	CHH
5	21222554	21222810	0	8	0.00	CHG
5	21222554	21222810	0	62	0.00	CHH
5	21231311	21231463	0	103	0.00	CG
5	21231311	21231463	0	95	0.00	CHG
5	21231311	21231463	0	149	0.00	CHH
5	21771662	21772418	79	47	62.70	CG
5	21771662	21772418	24	111	17.78	CHG
5	21771662	21772418	0	455	0.00	CHH
5	22632027	22632224	0	145	0.00	CG
5	22632027	22632224	0	113	0.00	CHG
5	22632027	22632224	0	236	0.00	CHH
5	23446330	23446424	4	0	100.00	CG
5	23446330	23446424	0	20	0.00	CHH
5	23498602	23498699	16	0	100.00	CG
5	23498602	23498699	2	5	28.57	CHG
5	23498602	23498699	18	98	15.52	CHH
5	23589096	23589233	0	8	0.00	CHG
5	23589096	23589233	0	27	0.00	CHH
5	23597717	23597952	1	14	6.67	CG
5	23597717	23597952	0	41	0.00	CHG
5	23597717	23597952	0	161	0.00	CHH
5	23799970	23800819	0	450	0.00	CG
5	23799970	23800819	0	409	0.00	CHG
5	23799970	23800819	0	909	0.00	CHH
5	24767463	24767619	0	173	0.00	CG
5	24767463	24767619	0	61	0.00	CHG
5	24767463	24767619	0	229	0.00	CHH
5	24958493	24960927	130	204	38.92	CG
5	24958493	24960927	5	325	1.52	CHG
5	24958493	24960927	0	1377	0.00	CHH
5	25117789	25118255	0	351	0.00	CG
5	25117789	25118255	0	150	0.00	CHG
5	25117789	25118255	0	365	0.00	CHH
5	25683760	25686062	60	1323	4.34	CG
5	25683760	25686062	1	1090	0.09	CHG
5	25683760	25686062	1	1606	0.06	CHH
5	25916431	25917101	74	111	40.00	CG
5	25916431	25917101	17	122	12.23	CHG
5	25916431	25917101	4	624	0.64	CHH
5	26920490	26922938	0	473	0.00	CG
5	26920490	26922938	1	1060	0.09	CHG
5	26920490	26922938	0	2367	0.00	CHH
5	27294148	27294484	0	150	0.00	CG
5	27294148	27294484	0	110	0.00	CHG
5	27294148	27294484	0	335	0.00	CHH
5	27692643	27692794	0	72	0.00	CG
5	27692643	27692794	0	85	0.00	CHG
5	27692643	27692794	0	156	0.00	CHH
5	28353397	28355104	171	28	85.93	CG
5	28353397	28355104	3	327	0.91	CHG
5	28353397	28355104	2	1165	0.17	CHH
5	28438764	28438936	14	1	93.33	CG
5	28438764	28438936	10	5	66.67	CHG
5	28438764	28438936	2	34	5.56	CHH
5	29368004	29368261	13	2	86.67	CG
5	29368004	29368261	21	27	43.75	CHG
5	29368004	29368261	0	196	0.00	CHH
5	29393677	29395023	3	1	75.00	CG
5	29393677	29395023	0	3	0.00	CHG
5	29393677	29395023	0	8	0.00	CHH
5	29485227	29485510	63	29	68.48	CG
5	29485227	29485510	3	77	3.75	CHG
5	29485227	29485510	0	254	0.00	CHH
6	247291	247913	0	232	0.00	CG
6	247291	247913	0	137	0.00	CHG
6	247291	247913	1	311	0.32	CHH
6	368015	368245	0	79	0.00	CG
6	368015	368245	0	90	0.00	CHG
6	368015	368245	1	304	0.33	CHH
6	521167	522087	14	150	8.54	CG
6	521167	522087	0	153	0.00	CHG
6	521167	522087	4	531	0.75	CHH
6	813527	813697	9	2	81.82	CG
6	813527	813697	0	34	0.00	CHG
6	813527	813697	0	214	0.00	CHH
6	958185	960061	208	28	88.14	CG
6	958185	960061	31	108	22.30	CHG
6	958185	960061	2	299	0.66	CHH
6	1267865	1268035	73	1	98.65	CG
6	1267865	1268035	13	31	29.55	CHG
6	1267865	1268035	0	71	0.00	CHH
6	2300838	2300945	0	29	0.00	CG
6	2300838	2300945	0	47	0.00	CHG
6	2300838	2300945	0	164	0.00	CHH
6	3639180	3639309	0	44	0.00	CG
6	3639180	3639309	0	43	0.00	CHG
6	3639180	3639309	0	140	0.00	CHH
6	3944739	3945664	37	59	38.54	CG
6	3944739	3945664	5	75	6.25	CHG
6	3944739	3945664	0	598	0.00	CHH
6	4300749	4300941	51	11	82.26	CG
6	4300749	4300941	4	50	7.41	CHG
6	4300749	4300941	1	200	0.50	CHH
6	4553472	4553595	28	0	100.00	CG
6	4553472	4553595	4	7	36.36	CHG
6	4553472	4553595	0	24	0.00	CHH
6	4806070	4806315	2	154	1.28	CG
6	4806070	4806315	0	66	0.00	CHG
6	4806070	4806315	0	264	0.00	CHH
6	5243918	5246329	216	504	30.00	CG
6	5243918	5246329	1	1285	0.08	CHG
6	5243918	5246329	2	3577	0.06	CHH
6	5335954	5337126	99	207	32.35	CG
6	5335954	5337126	29	199	12.72	CHG
6	5335954	5337126	13	776	1.65	CHH
6	6556692	6557000	12	228	5.00	CG
6	6556692	6557000	0	120	0.00	CHG
6	6556692	6557000	0	241	0.00	CHH
6	7262284	7262394	0	57	0.00	CHG
6	7262284	7262394	0	155	0.00	CHH
6	7296360	7297580	31	3	91.18	CG
6	7296360	7297580	5	20	20.00	CHG
6	7296360	7297580	0	113	0.00	CHH
6	7450229	7452500	322	89	78.35	CG
6	7450229	7452500	65	291	18.26	CHG
6	7450229	7452500	4	1364	0.29	CHH
6	8010667	8010997	134	34	79.76	CG
6	8010667	8010997	73	93	43.98	CHG
6	8010667	8010997	6	367	1.61	CHH
6	8383109	8385458	107	1558	6.43	CG
6	8383109	8385458	23	708	3.15	CHG
6	8383109	8385458	10	2029	0.49	CHH
6	8415805	8416695	173	154	52.91	CG
6	8415805	8416695	53	251	17.43	CHG
6	8415805	8416695	29	1227	2.31	CHH
6	8434419	8434622	22	3	88.00	CG
6	8434419	8434622	7	40	14.89	CHG
6	8434419	8434622	1	33	2.94	CHH
6	9748876	9749062	1	79	1.25	CG
6	9748876	9749062	0	21	0.00	CHG
6	9748876	9749062	2	140	1.41	CHH
6	10075237	10075575	95	9	91.35	CG
6	10075237	10075575	66	125	34.55	CHG
6	10075237	10075575	3	371	0.80	CHH
6	10093461	10093858	23	30	43.40	CG
6	10093461	10093858	6	33	15.38	CHG
6	10093461	10093858	1	172	0.58	CHH
6	10113029	10113177	22	3	88.00	CG
6	10113029	10113177	9	10	47.37	CHG
6	10113029	10113177	2	69	2.82	CHH
6	10217891	10218933	50	5	90.91	CG
6	10217891	10218933	20	37	35.09	CHG
6	10217891	10218933	0	194	0.00	CHH
6	11173234	11173456	1	7	12.50	CG
6	11173234	11173456	1	67	1.47	CHH
6	11608473	11613132	405	152	72.71	CG
6	11608473	11613132	80	510	13.56	CHG
6	11608473	11613132	17	1713	0.98	CHH
6	11851633	11851862	6	1	85.71	CG
6	11851633	11851862	5	11	31.25	CHG
6	11851633	11851862	0	57	0.00	CHH
6	14122214	14122520	71	3	95.95	CG
6	14122214	14122520	64	67	48.85	CHG
6	14122214	14122520	13	354	3.54	CHH
6	14227883	14228030	27	1	96.43	CG
6	14227883	14228030	0	22	0.00	CHG
6	14227883	14228030	0	102	0.00	CHH
6	14470606	14472078	168	14	92.31	CG
6	14470606	14472078	110	103	51.64	CHG
6	14470606	14472078	6	632	0.94	CHH
6	14807254	14809068	351	212	62.34	CG
6	14807254	14809068	177	378	31.89	CHG
6	14807254	14809068	18	1814	0.98	CHH
6	14821713	14821802	4	0	100.00	CG
6	14821713	14821802	5	6	45.45	CHG
6	14821713	14821802	0	42	0.00	CHH
6	14830897	14831902	97	6	94.17	CG
6	14830897	14831902	88	148	37.29	CHG
6	14830897	14831902	2	746	0.27	CHH
6	14905971	14906794	129	10	92.81	CG
6	14905971	14906794	94	74	55.95	CHG
6	14905971	14906794	8	302	2.58	CHH
6	15103747	15105627	152	14	91.57	CG
6	15103747	15105627	67	151	30.73	CHG
6	15103747	15105627	5	1130	0.44	CHH
6	15563454	15563591	6	1	85.71	CG
6	15563454	15563591	3	7	30.00	CHG
6	15563454	15563591	0	50	0.00	CHH
6	16686020	16686529	95	86	52.49	CG
6	16686020	16686529	13	104	11.11	CHG
6	16686020	16686529	1	605	0.17	CHH
6	17158669	17158861	13	22	37.14	CG
6	17158669	17158861	0	57	0.00	CHG
6	17158669	17158861	0	165	0.00	CHH
6	17199198	17199462	19	11	63.33	CG
6	17199198	17199462	0	7	0.00	CHG
6	17199198	17199462	0	119	0.00	CHH
6	17345586	17347256	486	46	91.35	CG
6	17345586	17347256	134	231	36.71	CHG
6	17345586	17347256	14	1293	1.07	CHH
6	17660877	17661057	37	1	97.37	CG
6	17660877	17661057	26	39	40.00	CHG
6	17660877	17661057	3	164	1.80	CHH
6	18643334	18643833	100	6	94.34	CG
6	18643334	18643833	27	47	36.49	CHG
6	18643334	18643833	1	60	1.64	CHH
6	18777954	18779043	104	10	91.23	CG
6	18777954	18779043	8	66	10.81	CHG
6	18777954	18779043	0	484	0.00	CHH
6	18810122	18813496	725	329	68.79	CG
6	18810122	18813496	98	673	12.71	CHG
6	18810122	18813496	18	3324	0.54	CHH
6	19312818	19314797	174	605	22.34	CG
6	19312818	19314797	42	469	8.22	CHG
6	19312818	19314797	21	2132	0.98	CHH
6	20357482	20357681	36	15	70.59	CG
6	20357482	20357681	3	34	8.11	CHG
6	20357482	20357681	1	195	0.51	CHH
6	20439044	20439654	0	135	0.00	CG
6	20439044	20439654	0	241	0.00	CHG
6	20439044	20439654	0	454	0.00	CHH
6	21127919	21128043	17	20	45.95	CG
6	21127919	21128043	0	1	0.00	CHG
6	21127919	21128043	2	70	2.78	CHH
6	21587628	21587841	24	5	82.76	CG
6	21587628	21587841	5	21	19.23	CHG
6	21587628	21587841	2	164	1.20	CHH
6	22156671	22156886	0	192	0.00	CG
6	22156671	22156886	0	127	0.00	CHG
6	22156671	22156886	0	535	0.00	CHH
6	22194216	22196915	499	144	77.60	CG
6	22194216	22196915	106	531	16.64	CHG
6	22194216	22196915	8	2420	0.33	CHH
6	22609287	22612484	492	404	54.91	CG
6	22609287	22612484	107	589	15.37	CHG
6	22609287	22612484	25	1966	1.26	CHH
6	22611980	22612934	46	270	14.56	CG
6	22611980	22612934	11	245	4.30	CHG
6	22611980	22612934	22	771	2.77	CHH
6	23257492	23257741	32	0	100.00	CG
6	23257492	23257741	10	15	40.00	CHG
6	23257492	23257741	0	51	0.00	CHH
6	23764410	23764702	0	77	0.00	CHH
6	23867262	23869017	28	1228	2.23	CG
6	23867262	23869017	14	654	2.10	CHG
6	23867262	23869017	4	1378	0.29	CHH
6	24469529	24469704	4	4	50.00	CHG
6	24469529	24469704	0	54	0.00	CHH
6	26027042	26027922	40	81	33.06	CG
6	26027042	26027922	0	111	0.00	CHG
6	26027042	26027922	1	479	0.21	CHH
6	27428621	27432072	195	845	18.75	CG
6	27428621	27432072	10	1171	0.85	CHG
6	27428621	27432072	1	3024	0.03	CHH
6	27581080	27581338	90	2	97.83	CG
6	27581080	27581338	23	32	41.82	CHG
6	27581080	27581338	11	204	5.12	CHH
6	27924772	27924989	21	4	84.00	CG
6	27924772	27924989	0	81	0.00	CHG
6	27924772	27924989	0	151	0.00	CHH
6	28789509	28791244	62	125	33.16	CG
6	28789509	28791244	1	432	0.23	CHG
6	28789509	28791244	5	1340	0.37	CHH
6	28955148	28955268	0	33	0.00	CHG
6	28955148	28955268	0	69	0.00	CHH
6	29172271	29175087	190	91	67.62	CG
6	29172271	29175087	0	987	0.00	CHG
6	29172271	29175087	2	3371	0.06	CHH
6	30516258	30516520	10	95	9.52	CG
6	30516258	30516520	0	51	0.00	CHG
6	30516258	30516520	0	277	0.00	CHH
6	31188015	31188697	17	8	68.00	CG
6	31188015	31188697	0	163	0.00	CHG
6	31188015	31188697	0	647	0.00	CHH
6	31222643	31224540	173	33	83.98	CG
6	31222643	31224540	5	417	1.18	CHG
6	31222643	31224540	7	1408	0.49	CHH
7	411438	411715	52	6	89.66	CG
7	411438	411715	19	80	19.19	CHG
7	411438	411715	0	257	0.00	CHH
7	993029	993215	0	33	0.00	CG
7	993029	993215	0	56	0.00	CHG
7	993029	993215	0	185	0.00	CHH
7	1846760	1848970	181	156	53.71	CG
7	1846760	1848970	4	628	0.63	CHG
7	1846760	1848970	11	2295	0.48	CHH
7	2224488	2225213	1	343	0.29	CG
7	2224488	2225213	0	281	0.00	CHG
7	2224488	2225213	1	541	0.18	CHH
7	2447769	2451203	228	1547	12.85	CG
7	2447769	2451203	49	1224	3.85	CHG
7	2447769	2451203	9	3727	0.24	CHH
7	2483423	2483554	21	14	60.00	CG
7	2483423	2483554	2	6	25.00	CHG
7	2483423	2483554	0	47	0.00	CHH
7	2618288	2618484	6	3	66.67	CG
7	2618288	2618484	0	6	0.00	CHG
7	2618288	2618484	0	79	0.00	CHH
7	2946799	2949545	138	913	13.13	CG
7	2946799	2949545	0	1090	0.00	CHG
7	2946799	2949545	1	2994	0.03	CHH
7	3992526	3992733	16	1	94.12	CG
7	3992526	3992733	0	57	0.00	CHG
7	3992526	3992733	0	190	0.00	CHH
7	4299561	4299774	4	17	19.05	CG
7	4299561	4299774	0	10	0.00	CHG
7	4299561	4299774	0	68	0.00	CHH
7	4594741	4595750	75	295	20.27	CG
7	4594741	4595750	0	341	0.00	CHG
7	4594741	4595750	0	1444	0.00	CHH
7	4802020	4804153	5	298	1.65	CG
7	4802020	4804153	1	231	0.43	CHG
7	4802020	4804153	0	1484	0.00	CHH
7	5473306	5473520	5	0	100.00	CG
7	5473306	5473520	4	4	50.00	CHG
7	5473306	5473520	1	17	5.56	CHH
7	6327476	6328339	63	7	90.00	CG
7	6327476	6328339	15	23	39.47	CHG
7	6327476	6328339	0	120	0.00	CHH
7	6575263	6575711	0	9	0.00	CG
7	6575263	6575711	0	161	0.00	CHH
7	6605103	6605624	232	35	86.89	CG
7	6605103	6605624	54	125	30.17	CHG
7	6605103	6605624	3	392	0.76	CHH
7	6829453	6829599	1	20	4.76	CHG
7	6829453	6829599	0	106	0.00	CHH
7	6919655	6920441	121	138	46.72	CG
7	6919655	6920441	37	217	14.57	CHG
7	6919655	6920441	2	733	0.27	CHH
7	7348687	7348951	8	1	88.89	CG
7	7348687	7348951	0	48	0.00	CHG
7	7348687	7348951	0	336	0.00	CHH
7	7538627	7540224	104	46	69.33	CG
7	7538627	7540224	12	111	9.76	CHG
7	7538627	7540224	13	765	1.67	CHH
7	7676619	7677136	10	1	90.91	CG
7	7676619	7677136	5	18	21.74	CHG
7	7676619	7677136	0	121	0.00	CHH
7	7868604	7868899	139	6	95.86	CG
7	7868604	7868899	36	83	30.25	CHG
7	7868604	7868899	2	312	0.64	CHH
7	7896981	7897138	1	0	100.00	CG
7	7896981	7897138	24	15	61.54	CHG
7	7896981	7897138	2	139	1.42	CHH
7	7950410	7951127	16	676	2.31	CG
7	7950410	7951127	5	322	1.53	CHG
7	7950410	7951127	2	770	0.26	CHH
7	8994834	8994985	58	5	92.06	CG
7	8994834	8994985	0	86	0.00	CHG
7	8994834	8994985	0	153	0.00	CHH
7	9688947	9691039	104	549	15.93	CG
7	9688947	9691039	34	310	9.88	CHG
7	9688947	9691039	4	820	0.49	CHH
7	10365529	10365796	130	6	95.59	CG
7	10365529	10365796	9	25	26.47	CHG
7	10365529	10365796	0	175	0.00	CHH
7	10449611	10449795	15	2	88.24	CG
7	10449611	10449795	14	11	56.00	CHG
7	10449611	10449795	3	109	2.68	CHH
7	10549868	10550083	53	8	86.89	CG
7	10549868	10550083	9	41	18.00	CHG
7	10549868	10550083	0	158	0.00	CHH
7	10635123	10635434	27	45	37.50	CG
7	10635123	10635434	13	52	20.00	CHG
7	10635123	10635434	12	242	4.72	CHH
7	10877526	10878054	129	9	93.48	CG
7	10877526	10878054	21	26	44.68	CHG
7	10877526	10878054	1	112	0.88	CHH
7	11466967	11467449	123	8	93.89	CG
7	11466967	11467449	29	54	34.94	CHG
7	11466967	11467449	2	252	0.79	CHH
7	11601703	11602144	13	14	48.15	CG
7	11601703	11602144	0	23	0.00	CHG
7	11601703	11602144	0	160	0.00	CHH
7	11983577	11984979	42	8	84.00	CG
7	11983577	11984979	9	54	14.29	CHG
7	11983577	11984979	2	470	0.42	CHH
7	12792717	12792888	8	8	50.00	CG
7	12792717	12792888	0	27	0.00	CHG
7	12792717	12792888	1	114	0.87	CHH
7	12807464	12807960	20	73	21.51	CG
7	12807464	12807960	9	153	5.56	CHG
7	12807464	12807960	1	664	0.15	CHH
7	13460211	13460326	89	30	74.79	CG
7	13460211	13460326	7	15	31.82	CHG
7	13460211	13460326	5	44	10.20	CHH
7	15065372	15067232	300	21	93.46	CG
7	15065372	15067232	144	195	42.48	CHG
7	15065372	15067232	2	1645	0.12	CHH
7	15194897	15195154	0	2	0.00	CG
7	15194897	15195154	0	13	0.00	CHG
7	15194897	15195154	0	88	0.00	CHH
7	15838174	15840597	92	348	20.91	CG
7	15838174	15840597	18	312	5.45	CHG
7	15838174	15840597	4	1558	0.26	CHH
7	16417756	16417995	13	0	100.00	CG
7	16417756	16417995	1	11	8.33	CHG
7	16417756	16417995	1	99	1.00	CHH
7	17006268	17006989	396	30	92.96	CG
7	17006268	17006989	62	107	36.69	CHG
7	17006268	17006989	3	747	0.40	CHH
7	17339592	17339751	0	13	0.00	CG
7	17339592	17339751	0	69	0.00	CHG
7	17339592	17339751	0	197	0.00	CHH
7	17913342	17913726	198	11	94.74	CG
7	17913342	17913726	48	91	34.53	CHG
7	17913342	17913726	14	440	3.08	CHH
7	18987148	18987233	4	0	100.00	CG
7	18987148	18987233	2	1	66.67	CHG
7	18987148	18987233	0	13	0.00	CHH
7	19215021	19215291	87	13	87.00	CG
7	19215021	19215291	50	43	53.76	CHG
7	19215021	19215291	5	177	2.75	CHH
7	19560035	19560566	120	6	95.24	CG
7	19560035	19560566	40	56	41.67	CHG
7	19560035	19560566	3	264	1.12	CHH
7	19560091	19560385	63	3	95.45	CG
7	19560091	19560385	24	13	64.86	CHG
7	19560091	19560385	1	105	0.94	CHH
7	19831953	19832039	0	46	0.00	CHG
7	19831953	19832039	0	162	0.00	CHH
7	19834434	19835298	134	59	69.43	CG
7	19834434	19835298	13	130	9.09	CHG
7	19834434	19835298	1	422	0.24	CHH
7	21131054	21131268	0	21	0.00	CG
7	21131054	21131268	0	44	0.00	CHG
7	21131054	21131268	0	234	0.00	CHH
7	21474944	21475222	15	22	40.54	CG
7	21474944	21475222	0	12	0.00	CHG
7	21474944	21475222	12	178	6.32	CHH
7	21913503	21914249	21	117	15.22	CG
7	21913503	21914249	1	127	0.78	CHG
7	21913503	21914249	6	470	1.26	CHH
7	22120429	22120613	68	2	97.14	CG
7	22120429	22120613	1	129	0.77	CHG
7	22120429	22120613	0	377	0.00	CHH
7	22386510	22386982	0	421	0.00	CG
7	22386510	22386982	1	132	0.75	CHG
7	22386510	22386982	1	153	0.65	CHH
7	22569423	22569628	46	1	97.87	CG
7	22569423	22569628	1	95	1.04	CHG
7	22569423	22569628	1	362	0.28	CHH
7	23187122	23187806	3	182	1.62	CG
7	23187122	23187806	0	232	0.00	CHG
7	23187122	23187806	0	828	0.00	CHH
7	23391649	23391802	28	6	82.35	CG
7	23391649	23391802	0	77	0.00	CHG
7	23391649	23391802	0	151	0.00	CHH
7	24132747	24133053	20	8	71.43	CG
7	24132747	24133053	0	45	0.00	CHG
7	24132747	24133053	0	281	0.00	CHH
7	24196787	24197173	116	13	89.92	CG
7	24196787	24197173	36	82	30.51	CHG
7	24196787	24197173	4	757	0.53	CHH
7	24296352	24296548	11	5	68.75	CG
7	24296352	24296548	1	54	1.82	CHG
7	24296352	24296548	1	166	0.60	CHH
7	24747117	24747542	247	22	91.82	CG
7	24747117	24747542	100	53	65.36	CHG
7	24747117	24747542	10	275	3.51	CHH
7	25222041	25223348	11	530	2.03	CG
7	25222041	25223348	2	277	0.72	CHG
7	25222041	25223348	7	1080	0.64	CHH
7	25256522	25256725	2	137	1.44	CG
7	25256522	25256725	1	71	1.39	CHG
7	25256522	25256725	0	137	0.00	CHH
7	25908465	25908808	0	125	0.00	CG
7	25908465	25908808	0	215	0.00	CHG
7	25908465	25908808	0	573	0.00	CHH
7	25983000	25983349	17	5	77.27	CG
7	25983000	25983349	3	101	2.88	CHG
7	25983000	25983349	2	265	0.75	CHH
7	26184639	26186023	70	8	89.74	CG
7	26184639	26186023	38	18	67.86	CHG
7	26184639	26186023	4	120	3.23	CHH
7	26456564	26456769	0	24	0.00	CG
7	26456564	26456769	0	13	0.00	CHG
7	26456564	26456769	0	73	0.00	CHH
7	27118237	27118566	1	0	100.00	CG
7	27118237	27118566	0	3	0.00	CHG
7	27118237	27118566	1	52	1.89	CHH
7	28429839	28434200	287	81	77.99	CG
7	28429839	28434200	4	1170	0.34	CHG
7	28429839	28434200	2	4142	0.05	CHH
7	28561953	28562576	0	810	0.00	CG
7	28561953	28562576	2	348	0.57	CHG
7	28561953	28562576	0	385	0.00	CHH
7	29086695	29086979	116	10	92.06	CG
7	29086695	29086979	30	26	53.57	CHG
7	29086695	29086979	14	117	10.69	CHH
8	178569	180215	5	590	0.84	CG
8	178569	180215	5	398	1.24	CHG
8	178569	180215	12	1145	1.04	CHH
8	236935	237112	34	3	91.89	CG
8	236935	237112	39	13	75.00	CHG
8	236935	237112	0	97	0.00	CHH
8	451101	451275	1	211	0.47	CG
8	451101	451275	0	84	0.00	CHG
8	451101	451275	0	147	0.00	CHH
8	700792	701075	0	147	0.00	CG
8	700792	701075	0	103	0.00	CHG
8	700792	701075	0	232	0.00	CHH
8	1029191	1029915	17	110	13.39	CG
8	1029191	1029915	0	86	0.00	CHG
8	1029191	1029915	20	438	4.37	CHH
8	1151684	1151850	34	2	94.44	CG
8	1151684	1151850	17	40	29.82	CHG
8	1151684	1151850	4	224	1.75	CHH
8	1315995	1316283	57	5	91.94	CG
8	1315995	1316283	24	60	28.57	CHG
8	1315995	1316283	3	343	0.87	CHH
8	1392517	1392770	201	15	93.06	CG
8	1392517	1392770	14	81	14.74	CHG
8	1392517	1392770	3	428	0.70	CHH
8	1864926	1865852	194	28	87.39	CG
8	1864926	1865852	5	99	4.81	CHG
8	1864926	1865852	3	835	0.36	CHH
8	1952801	1953130	0	88	0.00	CG
8	1952801	1953130	0	50	0.00	CHG
8	1952801	1953130	1	414	0.24	CHH
8	2740500	2740929	45	2	95.74	CG
8	2740500	2740929	13	41	24.07	CHG
8	2740500	2740929	1	185	0.54	CHH
8	2874093	2874334	32	1	96.97	CG
8	2874093	2874334	9	18	33.33	CHG
8	2874093	2874334	0	156	0.00	CHH
8	3055231	3055410	0	131	0.00	CHG
8	3055231	3055410	0	379	0.00	CHH
8	3463082	3465280	51	342	12.98	CG
8	3463082	3465280	2	638	0.31	CHG
8	3463082	3465280	12	2088	0.57	CHH
8	4272689	4273002	11	0	100.00	CG
8	4272689	4273002	9	10	47.37	CHG
8	4272689	4273002	0	177	0.00	CHH
8	4312136	4312445	53	122	30.29	CG
8	4312136	4312445	17	112	13.18	CHG
8	4312136	4312445	3	600	0.50	CHH
8	4545475	4545770	23	1	95.83	CG
8	4545475	4545770	3	75	3.85	CHG
8	4545475	4545770	0	254	0.00	CHH
8	4853217	4853848	0	723	0.00	CG
8	4853217	4853848	0	335	0.00	CHG
8	4853217	4853848	0	637	0.00	CHH
8	5467560	5467758	45	46	49.45	CG
8	5467560	5467758	0	74	0.00	CHG
8	5467560	5467758	1	311	0.32	CHH
8	6450044	6451003	232	26	89.92	CG
8	6450044	6451003	53	139	27.60	CHG
8	6450044	6451003	3	656	0.46	CHH
8	6675950	6676096	14	3	82.35	CG
8	6675950	6676096	3	4	42.86	CHG
8	6675950	6676096	0	27	0.00	CHH
8	6874782	6875032	43	5	89.58	CG
8	6874782	6875032	7	17	29.17	CHG
8	6874782	6875032	0	218	0.00	CHH
8	7337780	7340351	291	241	54.70	CG
8	7337780	7340351	0	790	0.00	CHG
8	7337780	7340351	2	2744	0.07	CHH
8	7485595	7487184	350	34	91.15	CG
8	7485595	7487184	169	253	40.05	CHG
8	7485595	7487184	17	1353	1.24	CHH
8	7660052	7660308	17	8	68.00	CG
8	7660052	7660308	2	30	6.25	CHG
8	7660052	7660308	0	231	0.00	CHH
8	8117875	8118747	17	33	34.00	CG
8	8117875	8118747	0	171	0.00	CHG
8	8117875	8118747	3	667	0.45	CHH
8	8283116	8289954	1282	514	71.38	CG
8	8283116	8289954	405	1836	18.07	CHG
8	8283116	8289954	34	6965	0.49	CHH
8	8625179	8626724	280	23	92.41	CG
8	8625179	8626724	110	156	41.35	CHG
8	8625179	8626724	7	495	1.39	CHH
8	10263592	10264820	105	14	88.24	CG
8	10263592	10264820	2	338	0.59	CHG
8	10263592	10264820	0	1011	0.00	CHH
8	10859005	10859704	17	4	80.95	CG
8	10859005	10859704	19	31	38.00	CHG
8	10859005	10859704	1	344	0.29	CHH
8	10992041	10993699	115	10	92.00	CG
8	10992041	10993699	19	95	16.67	CHG
8	10992041	10993699	2	515	0.39	CHH
8	11166235	11167095	1	0	100.00	CG
8	11166235	11167095	1	4	20.00	CHG
8	11166235	11167095	0	27	0.00	CHH
8	12256460	12256704	2	54	3.57	CG
8	12256460	12256704	0	105	0.00	CHG
8	12256460	12256704	1	294	0.34	CHH
8	12629860	12629996	9	0	100.00	CG
8	12629860	12629996	20	13	60.61	CHG
8	12629860	12629996	0	141	0.00	CHH
8	13407105	13408116	149	27	84.66	CG
8	13407105	13408116	43	49	46.74	CHG
8	13407105	13408116	10	243	3.95	CHH
8	13545344	13545711	53	10	84.13	CG
8	13545344	13545711	2	25	7.41	CHG
8	13545344	13545711	1	268	0.37	CHH
8	13637622	13639004	236	24	90.77	CG
8	13637622	13639004	85	157	35.12	CHG
8	13637622	13639004	3	536	0.56	CHH
8	13952461	13953924	200	78	71.94	CG
8	13952461	13953924	45	169	21.03	CHG
8	13952461	13953924	19	777	2.39	CHH
8	14213510	14213752	3	41	6.82	CG
8	14213510	14213752	0	40	0.00	CHG
8	14213510	14213752	0	139	0.00	CHH
8	14298148	14298652	27	2	93.10	CG
8	14298148	14298652	16	44	26.67	CHG
8	14298148	14298652	5	190	2.56	CHH
8	14597668	14597929	204	7	96.68	CG
8	14597668	14597929	63	74	45.99	CHG
8	14597668	14597929	6	319	1.85	CHH
8	14657412	14657652	3	0	100.00	CG
8	14657412	14657652	0	1	0.00	CHG
8	14657412	14657652	0	26	0.00	CHH
8	15580207	15580529	22	4	84.62	CG
8	15580207	15580529	20	37	35.09	CHG
8	15580207	15580529	2	197	1.01	CHH
8	15967015	15970249	438	67	86.73	CG
8	15967015	15970249	122	356	25.52	CHG
8	15967015	15970249	8	2141	0.37	CHH
8	16012976	16013846	499	67	88.16	CG
8	16012976	16013846	235	169	58.17	CHG
8	16012976	16013846	34	1118	2.95	CHH
8	16216197	16216404	3	15	16.67	CG
8	16216197	16216404	0	105	0.00	CHH
8	16538923	16541131	171	23	88.14	CG
8	16538923	16541131	1	374	0.27	CHG
8	16538923	16541131	0	1742	0.00	CHH
8	16974676	16975655	40	182	18.02	CG
8	16974676	16975655	9	185	4.64	CHG
8	16974676	16975655	4	825	0.48	CHH
8	16994050	16994211	9	64	12.33	CG
8	16994050	16994211	0	57	0.00	CHG
8	16994050	16994211	0	304	0.00	CHH
8	17403203	17403300	7	0	100.00	CG
8	17403203	17403300	3	3	50.00	CHG
8	17403203	17403300	0	7	0.00	CHH
8	17719178	17719322	17	2	89.47	CG
8	17719178	17719322	1	9	10.00	CHG
8	17719178	17719322	5	73	6.41	CHH
8	18550794	18553306	450	168	72.82	CG
8	18550794	18553306	57	397	12.56	CHG
8	18550794	18553306	2	1572	0.13	CHH
8	20514928	20517189	201	21	90.54	CG
8	20514928	20517189	4	116	3.33	CHG
8	20514928	20517189	3	1343	0.22	CHH
8	21734995	21740080	1513	116	92.88	CG
8	21734995	21740080	314	510	38.11	CHG
8	21734995	21740080	23	2038	1.12	CHH
8	21758849	21759020	10	16	38.46	CG
8	21758849	21759020	1	97	1.02	CHG
8	21758849	21759020	1	365	0.27	CHH
8	22561294	22561443	0	12	0.00	CG
8	22561294	22561443	0	11	0.00	CHG
8	22561294	22561443	0	41	0.00	CHH
8	22681154	22681244	1	5	16.67	CHG
8	22681154	22681244	0	36	0.00	CHH
8	22949183	22951590	124	217	36.36	CG
8	22949183	22951590	22	487	4.32	CHG
8	22949183	22951590	21	1782	1.16	CHH
8	23384652	23384882	0	147	0.00	CG
8	23384652	23384882	0	74	0.00	CHG
8	23384652	23384882	0	147	0.00	CHH
8	23517672	23517817	5	0	100.00	CG
8	23517672	23517817	5	6	45.45	CHG
8	23517672	23517817	0	98	0.00	CHH
8	23675662	23675914	12	0	100.00	CG
8	23675662	23675914	0	4	0.00	CHG
8	23675662	23675914	0	24	0.00	CHH
8	24239866	24240191	28	1	96.55	CG
8	24239866	24240191	0	91	0.00	CHG
8	24239866	24240191	0	345	0.00	CHH
8	24632914	24633182	18	11	62.07	CG
8	24632914	24633182	0	31	0.00	CHG
8	24632914	24633182	0	121	0.00	CHH
8	25281178	25281350	23	70	24.73	CG
8	25281178	25281350	2	22	8.33	CHG
8	25281178	25281350	1	219	0.45	CHH
8	25598370	25598449	0	8	0.00	CHH
8	25696600	25696771	0	137	0.00	CG
8	25696600	25696771	0	79	0.00	CHG
8	25696600	25696771	0	175	0.00	CHH
8	25733898	25741720	703	940	42.79	CG
8	25733898	25741720	173	2167	7.39	CHG
8	25733898	25741720	26	7110	0.36	CHH
8	26671848	26672550	28	8	77.78	CG
8	26671848	26672550	5	13	27.78	CHG
8	26671848	26672550	0	123	0.00	CHH
8	26851572	26851796	0	114	0.00	CG
8	26851572	26851796	0	34	0.00	CHG
8	26851572	26851796	0	152	0.00	CHH
8	27327904	27330518	19	1586	1.18	CG
8	27327904	27330518	6	960	0.62	CHG
8	27327904	27330518	3	1979	0.15	CHH
9	899505	900078	114	9	92.68	CG
9	899505	900078	11	35	23.91	CHG
9	899505	900078	3	560	0.53	CHH
9	1708905	1710116	687	49	93.34	CG
9	1708905	1710116	168	349	32.50	CHG
9	1708905	1710116	9	1431	0.62	CHH
9	2262231	2262612	50	2	96.15	CG
9	2262231	2262612	19	60	24.05	CHG
9	2262231	2262612	2	180	1.10	CHH
9	2463009	2464211	310	70	81.58	CG
9	2463009	2464211	78	244	24.22	CHG
9	2463009	2464211	10	1208	0.82	CHH
9	2545349	2545704	44	2	95.65	CG
9	2545349	2545704	21	47	30.88	CHG
9	2545349	2545704	1	194	0.51	CHH
9	2854868	2855786	118	25	82.52	CG
9	2854868	2855786	17	82	17.17	CHG
9	2854868	2855786	1	306	0.33	CHH
9	2911646	2912272	163	16	91.06	CG
9	2911646	2912272	179	91	66.30	CHG
9	2911646	2912272	10	717	1.38	CHH
9	3112245	3115702	1843	206	89.95	CG
9	3112245	3115702	552	605	47.71	CHG
9	3112245	3115702	78	3378	2.26	CHH
9	3214717	3216020	46	35	56.79	CG
9	3214717	3216020	2	61	3.17	CHG
9	3214717	3216020	3	427	0.70	CHH
9	3330884	3331520	1	3	25.00	CG
9	3330884	3331520	0	13	0.00	CHG
9	3330884	3331520	0	37	0.00	CHH
9	4739227	4745466	428	266	61.67	CG
9	4739227	4745466	34	548	5.84	CHG
9	4739227	4745466	21	2481	0.84	CHH
9	6631347	6632182	6	31	16.22	CG
9	6631347	6632182	5	141	3.42	CHG
9	6631347	6632182	0	559	0.00	CHH
9	7230219	7230464	49	5	90.74	CG
9	7230219	7230464	1	30	3.23	CHG
9	7230219	7230464	0	79	0.00	CHH
9	7430897	7432040	39	15	72.22	CG
9	7430897	7432040	0	53	0.00	CHG
9	7430897	7432040	0	385	0.00	CHH
9	8393668	8393832	54	3	94.74	CG
9	8393668	8393832	9	19	32.14	CHG
9	8393668	8393832	2	50	3.85	CHH
9	9923428	9925180	20	91	18.02	CG
9	9923428	9925180	0	164	0.00	CHG
9	9923428	9925180	2	1076	0.19	CHH
9	10766786	10767301	66	3	95.65	CG
9	10766786	10767301	0	202	0.00	CHG
9	10766786	10767301	0	591	0.00	CHH
9	12030840	12031218	0	263	0.00	CG
9	12030840	12031218	0	144	0.00	CHG
9	12030840	12031218	0	245	0.00	CHH
9	12595903	12596851	0	149	0.00	CG
9	12595903	12596851	0	340	0.00	CHG
9	12595903	12596851	0	886	0.00	CHH
9	13404977	13406112	250	106	70.22	CG
9	13404977	13406112	29	149	16.29	CHG
9	13404977	13406112	2	786	0.25	CHH
9	16489222	16490713	134	226	37.22	CG
9	16489222	16490713	6	311	1.89	CHG
9	16489222	16490713	6	1000	0.60	CHH
9	16577282	16577396	10	0	100.00	CG
9	16577282	16577396	0	3	0.00	CHG
9	16577282	16577396	1	66	1.49	CHH
9	17604144	17604323	9	6	60.00	CG
9	17604144	17604323	0	22	0.00	CHG
9	17604144	17604323	0	109	0.00	CHH
9	19383868	19383934	0	7	0.00	CHG
9	19383868	19383934	0	21	0.00	CHH
9	19469244	19469889	11	92	10.68	CG
9	19469244	19469889	1	175	0.57	CHG
9	19469244	19469889	15	377	3.83	CHH
9	19529704	19533249	167	899	15.67	CG
9	19529704	19533249	58	460	11.20	CHG
9	19529704	19533249	23	2426	0.94	CHH
9	20512179	20515947	138	509	21.33	CG
9	20512179	20515947	16	858	1.83	CHG
9	20512179	20515947	16	3002	0.53	CHH
9	20811988	20812086	0	139	0.00	CG
9	20811988	20812086	0	19	0.00	CHG
9	20811988	20812086	0	100	0.00	CHH
9	21917576	21917684	0	46	0.00	CG
9	21917576	21917684	0	32	0.00	CHG
9	21917576	21917684	0	63	0.00	CHH
9	22507907	22508014	0	8	0.00	CHG
9	22507907	22508014	0	33	0.00	CHH
9	22587586	22587797	46	0	100.00	CG
9	22587586	22587797	1	16	5.88	CHG
9	22587586	22587797	4	80	4.76	CHH
10	76063	76767	129	18	87.76	CG
10	76063	76767	36	148	19.57	CHG
10	76063	76767	0	626	0.00	CHH
10	1070598	1072595	234	596	28.19	CG
10	1070598	1072595	41	566	6.75	CHG
10	1070598	1072595	13	1792	0.72	CHH
10	1391746	1391999	133	4	97.08	CG
10	1391746	1391999	12	54	18.18	CHG
10	1391746	1391999	1	141	0.70	CHH
10	1614261	1614403	0	10	0.00	CG
10	1614261	1614403	0	59	0.00	CHG
10	1614261	1614403	0	168	0.00	CHH
10	1803629	1804504	88	11	88.89	CG
10	1803629	1804504	28	132	17.50	CHG
10	1803629	1804504	16	635	2.46	CHH
10	1803768	1804170	80	4	95.24	CG
10	1803768	1804170	19	40	32.20	CHG
10	1803768	1804170	7	232	2.93	CHH
10	1840873	1840994	0	43	0.00	CG
10	1840873	1840994	0	30	0.00	CHG
10	1840873	1840994	0	110	0.00	CHH
10	2764274	2764493	0	56	0.00	CG
10	2764274	2764493	0	184	0.00	CHG
10	2764274	2764493	0	410	0.00	CHH
10	3411205	3411730	36	16	69.23	CG
10	3411205	3411730	0	173	0.00	CHG
10	3411205	3411730	1	536	0.19	CHH
10	3555583	3556236	96	7	93.20	CG
10	3555583	3556236	20	30	40.00	CHG
10	3555583	3556236	7	100	6.54	CHH
10	4747418	4747782	4	6	40.00	CG
10	4747418	4747782	7	45	13.46	CHG
10	4747418	4747782	1	162	0.61	CHH
10	6032495	6032662	1	1	50.00	CG
10	6032495	6032662	6	4	60.00	CHG
10	6032495	6032662	0	42	0.00	CHH
10	6484932	6485158	5	94	5.05	CG
10	6484932	6485158	0	63	0.00	CHG
10	6484932	6485158	0	239	0.00	CHH
10	6965382	6965620	183	8	95.81	CG
10	6965382	6965620	16	34	32.00	CHG
10	6965382	6965620	1	74	1.33	CHH
10	7289884	7290427	20	5	80.00	CG
10	7289884	7290427	16	11	59.26	CHG
10	7289884	7290427	1	76	1.30	CHH
10	8713513	8713687	12	2	85.71	CG
10	8713513	8713687	8	7	53.33	CHG
10	8713513	8713687	0	29	0.00	CHH
10	8784304	8784496	29	1	96.67	CG
10	8784304	8784496	17	5	77.27	CHG
10	8784304	8784496	3	182	1.62	CHH
10	9339792	9339997	14	1	93.33	CG
10	9339792	9339997	0	2	0.00	CHG
10	9339792	9339997	8	55	12.70	CHH
10	9455216	9455761	16	3	84.21	CG
10	9455216	9455761	8	12	40.00	CHG
10	9455216	9455761	0	126	0.00	CHH
10	10070366	10073354	572	68	89.38	CG
10	10070366	10073354	152	235	39.28	CHG
10	10070366	10073354	25	919	2.65	CHH
10	10893887	10894383	8	8	50.00	CG
10	10893887	10894383	8	16	33.33	CHG
10	10893887	10894383	0	192	0.00	CHH
10	10994069	10994203	2	21	8.70	CG
10	10994069	10994203	1	37	2.63	CHG
10	10994069	10994203	2	111	1.77	CHH
10	11956236	11956518	22	23	48.89	CG
10	11956236	11956518	2	32	5.88	CHG
10	11956236	11956518	0	104	0.00	CHH
10	11967788	11968023	3	7	30.00	CG
10	11967788	11968023	2	2	50.00	CHG
10	11967788	11968023	47	116	28.83	CHH
10	12041078	12041429	0	18	0.00	CG
10	12041078	12041429	0	43	0.00	CHG
10	12041078	12041429	1	215	0.46	CHH
10	12398331	12398410	3	8	27.27	CHG
10	12398331	12398410	0	41	0.00	CHH
10	12783731	12784747	90	450	16.67	CG
10	12783731	12784747	4	293	1.35	CHG
10	12783731	12784747	3	633	0.47	CHH
10	13030461	13031711	29	509	5.39	CG
10	13030461	13031711	5	379	1.30	CHG
10	13030461	13031711	23	916	2.45	CHH
10	13134013	13134625	31	34	47.69	CG
10	13134013	13134625	0	23	0.00	CHG
10	13134013	13134625	6	350	1.69	CHH
10	14312781	14312940	11	1	91.67	CG
10	14312781	14312940	0	4	0.00	CHG
10	14312781	14312940	0	46	0.00	CHH
10	14415032	14415475	0	96	0.00	CG
10	14415032	14415475	0	90	0.00	CHG
10	14415032	14415475	0	285	0.00	CHH
10	14939572	14939779	0	106	0.00	CG
10	14939572	14939779	0	76	0.00	CHG
10	14939572	14939779	0	422	0.00	CHH
10	15358024	15358297	0	13	0.00	CHG
10	15358024	15358297	0	405	0.00	CHH
10	15388115	15388379	13	0	100.00	CG
10	15388115	15388379	5	22	18.52	CHG
10	15388115	15388379	0	63	0.00	CHH
10	15623066	15624262	5	481	1.03	CG
10	15623066	15624262	1	512	0.19	CHG
10	15623066	15624262	1	1069	0.09	CHH
10	16649407	16649853	0	302	0.00	CG
10	16649407	16649853	0	265	0.00	CHG
10	16649407	16649853	1	574	0.17	CHH
10	17917117	17917361	7	53	11.67	CG
10	17917117	17917361	0	106	0.00	CHG
10	17917117	17917361	0	321	0.00	CHH
10	18118300	18118455	32	2	94.12	CG
10	18118300	18118455	8	11	42.11	CHG
10	18118300	18118455	0	146	0.00	CHH
10	18249061	18249336	93	84	52.54	CG
10	18249061	18249336	11	87	11.22	CHG
10	18249061	18249336	2	336	0.59	CHH
10	18629501	18629720	0	25	0.00	CG
10	18629501	18629720	0	30	0.00	CHG
10	18629501	18629720	0	258	0.00	CHH
10	18709862	18710680	52	452	10.32	CG
10	18709862	18710680	2	448	0.44	CHG
10	18709862	18710680	3	815	0.37	CHH
10	19071669	19072430	4	380	1.04	CG
10	19071669	19072430	0	427	0.00	CHG
10	19071669	19072430	0	777	0.00	CHH
10	19727438	19727659	7	1	87.50	CG
10	19727438	19727659	2	9	18.18	CHG
10	19727438	19727659	11	106	9.40	CHH
10	20621568	20621746	33	5	86.84	CG
10	20621568	20621746	3	30	9.09	CHG
10	20621568	20621746	0	86	0.00	CHH
10	20684185	20684453	34	7	82.93	CG
10	20684185	20684453	1	147	0.68	CHG
10	20684185	20684453	1	349	0.29	CHH
10	20758072	20758229	9	3	75.00	CG
10	20758072	20758229	0	98	0.00	CHG
10	20758072	20758229	0	241	0.00	CHH
10	20876029	20876473	3	27	10.00	CG
10	20876029	20876473	0	39	0.00	CHG
10	20876029	20876473	0	149	0.00	CHH
10	21433314	21437604	226	492	31.48	CG
10	21433314	21437604	4	782	0.51	CHG
10	21433314	21437604	3	2873	0.10	CHH
10	21560604	21561484	14	37	27.45	CG
10	21560604	21561484	1	304	0.33	CHG
10	21560604	21561484	0	918	0.00	CHH
10	22597491	22597660	0	32	0.00	CG
10	22597491	22597660	0	15	0.00	CHG
10	22597491	22597660	0	55	0.00	CHH
10	22692035	22692362	18	23	43.90	CG
10	22692035	22692362	1	140	0.71	CHG
10	22692035	22692362	0	512	0.00	CHH
10	22860787	22861438	0	174	0.00	CG
10	22860787	22861438	0	227	0.00	CHG
10	22860787	22861438	0	647	0.00	CHH
11	505296	505455	33	2	94.29	CG
11	505296	505455	16	14	53.33	CHG
11	505296	505455	1	62	1.59	CHH
11	797708	798586	20	21	48.78	CG
11	797708	798586	5	43	10.42	CHG
11	797708	798586	4	326	1.21	CHH
11	1050852	1052789	6	636	0.93	CG
11	1050852	1052789	3	701	0.43	CHG
11	1050852	1052789	1	1603	0.06	CHH
11	1432574	1432751	0	89	0.00	CG
11	1432574	1432751	0	31	0.00	CHG
11	1432574	1432751	0	162	0.00	CHH
11	1858041	1858566	30	4	88.24	CG
11	1858041	1858566	16	37	30.19	CHG
11	1858041	1858566	35	101	25.74	CHH
11	2504811	2504939	0	74	0.00	CG
11	2504811	2504939	0	88	0.00	CHG
11	2504811	2504939	2	240	0.83	CHH
11	2669596	2669853	0	283	0.00	CG
11	2669596	2669853	0	30	0.00	CHG
11	2669596	2669853	0	356	0.00	CHH
11	2802873	2804621	62	290	17.61	CG
11	2802873	2804621	42	269	13.50	CHG
11	2802873	2804621	15	1125	1.32	CHH
11	3466044	3470402	304	444	40.64	CG
11	3466044	3470402	86	656	11.59	CHG
11	3466044	3470402	19	2892	0.65	CHH
11	3810954	3811089	18	2	90.00	CG
11	3810954	3811089	0	54	0.00	CHG
11	3810954	3811089	0	118	0.00	CHH
11	4224826	4225123	7	0	100.00	CG
11	4224826	4225123	2	58	3.33	CHG
11	4224826	4225123	0	232	0.00	CHH
11	4595255	4598721	143	1123	11.30	CG
11	4595255	4598721	8	531	1.48	CHG
11	4595255	4598721	7	1716	0.41	CHH
11	6038088	6038424	15	182	7.61	CG
11	6038088	6038424	1	79	1.25	CHG
11	6038088	6038424	0	131	0.00	CHH
11	6091835	6093414	526	178	74.72	CG
11	6091835	6093414	141	237	37.30	CHG
11	6091835	6093414	20	1485	1.33	CHH
11	7821028	7821214	6	88	6.38	CG
11	7821028	7821214	0	96	0.00	CHG
11	7821028	7821214	0	232	0.00	CHH
11	9435946	9436636	70	21	76.92	CG
11	9435946	9436636	26	65	28.57	CHG
11	9435946	9436636	2	366	0.54	CHH
11	9479627	9479991	0	273	0.00	CG
11	9479627	9479991	0	246	0.00	CHG
11	9479627	9479991	0	560	0.00	CHH
11	9728388	9728616	3	1	75.00	CG
11	9728388	9728616	0	5	0.00	CHG
11	9728388	9728616	0	35	0.00	CHH
11	9810706	9815080	966	166	85.34	CG
11	9810706	9815080	242	716	25.26	CHG
11	9810706	9815080	40	2846	1.39	CHH
11	9969448	9969633	12	32	27.27	CG
11	9969448	9969633	4	26	13.33	CHG
11	9969448	9969633	0	221	0.00	CHH
11	10499987	10500272	10	0	100.00	CG
11	10499987	10500272	3	13	18.75	CHG
11	10499987	10500272	0	139	0.00	CHH
11	10502651	10503109	14	1	93.33	CG
11	10502651	10503109	10	22	31.25	CHG
11	10502651	10503109	2	225	0.88	CHH
11	11632517	11632735	83	16	83.84	CG
11	11632517	11632735	9	26	25.71	CHG
11	11632517	11632735	0	106	0.00	CHH
11	13907112	13907730	123	10	92.48	CG
11	13907112	13907730	91	61	59.87	CHG
11	13907112	13907730	4	597	0.67	CHH
11	14199127	14199230	26	2	92.86	CG
11	14199127	14199230	5	18	21.74	CHG
11	14199127	14199230	0	47	0.00	CHH
11	14246634	14246765	19	0	100.00	CG
11	14246634	14246765	0	59	0.00	CHH
11	14953985	14954432	56	4	93.33	CG
11	14953985	14954432	10	30	25.00	CHG
11	14953985	14954432	2	184	1.08	CHH
11	15162648	15162882	16	1	94.12	CG
11	15162648	15162882	15	58	20.55	CHG
11	15162648	15162882	1	318	0.31	CHH
11	15516587	15517994	156	393	28.42	CG
11	15516587	15517994	9	288	3.03	CHG
11	15516587	15517994	9	1149	0.78	CHH
11	15595496	15598031	473	142	76.91	CG
11	15595496	15598031	81	456	15.08	CHG
11	15595496	15598031	1	2233	0.04	CHH
11	15629573	15629919	37	11	77.08	CG
11	15629573	15629919	16	76	17.39	CHG
11	15629573	15629919	1	409	0.24	CHH
11	15784095	15784518	0	316	0.00	CG
11	15784095	15784518	0	175	0.00	CHG
11	15784095	15784518	0	305	0.00	CHH
11	16587225	16588700	69	117	37.10	CG
11	16587225	16588700	4	114	3.39	CHG
11	16587225	16588700	0	451	0.00	CHH
11	16590106	16591882	154	9	94.48	CG
11	16590106	16591882	152	140	52.05	CHG
11	16590106	16591882	6	706	0.84	CHH
11	17024541	17024749	23	0	100.00	CG
11	17024541	17024749	8	15	34.78	CHG
11	17024541	17024749	1	97	1.02	CHH
11	17437801	17439859	24	555	4.15	CG
11	17437801	17439859	0	573	0.00	CHG
11	17437801	17439859	2	2138	0.09	CHH
11	17734944	17735193	0	230	0.00	CG
11	17734944	17735193	0	108	0.00	CHG
11	17734944	17735193	0	187	0.00	CHH
11	17903585	17906300	311	93	76.98	CG
11	17903585	17906300	153	263	36.78	CHG
11	17903585	17906300	21	1358	1.52	CHH
11	17974571	17974900	6	124	4.62	CG
11	17974571	17974900	2	147	1.34	CHG
11	17974571	17974900	8	468	1.68	CHH
11	18221483	18221608	8	0	100.00	CG
11	18221483	18221608	4	7	36.36	CHG
11	18221483	18221608	0	23	0.00	CHH
11	18325064	18325191	0	2	0.00	CG
11	18325064	18325191	0	7	0.00	CHG
11	18325064	18325191	0	27	0.00	CHH
11	18373844	18373989	0	9	0.00	CG
11	18373844	18373989	0	26	0.00	CHG
11	18373844	18373989	0	164	0.00	CHH
11	18718793	18720377	216	257	45.67	CG
11	18718793	18720377	9	378	2.33	CHG
11	18718793	18720377	2	1483	0.13	CHH
11	18909482	18909881	2	200	0.99	CG
11	18909482	18909881	0	141	0.00	CHG
11	18909482	18909881	0	288	0.00	CHH
11	19311606	19314032	558	113	83.16	CG
11	19311606	19314032	184	616	23.00	CHG
11	19311606	19314032	9	2134	0.42	CHH
11	20219224	20220414	94	10	90.38	CG
11	20219224	20220414	59	64	47.97	CHG
11	20219224	20220414	5	523	0.95	CHH
11	20319451	20320865	173	56	75.55	CG
11	20319451	20320865	74	190	28.03	CHG
11	20319451	20320865	10	982	1.01	CHH
11	20346784	20346867	0	3	0.00	CG
11	20346784	20346867	0	9	0.00	CHG
11	20346784	20346867	0	62	0.00	CHH
11	20686170	20686465	0	13	0.00	CG
11	20686170	20686465	0	12	0.00	CHG
11	20686170	20686465	3	171	1.72	CHH
11	20872306	20872476	43	0	100.00	CG
11	20872306	20872476	4	19	17.39	CHG
11	20872306	20872476	0	42	0.00	CHH
11	20903615	20904114	29	19	60.42	CG
11	20903615	20904114	0	119	0.00	CHG
11	20903615	20904114	0	463	0.00	CHH
11	21540161	21540670	59	3	95.16	CG
11	21540161	21540670	5	28	15.15	CHG
11	21540161	21540670	2	219	0.90	CHH
11	22251376	22252471	20	90	18.18	CG
11	22251376	22252471	5	182	2.67	CHG
11	22251376	22252471	10	867	1.14	CHH
11	22442650	22442893	7	40	14.89	CG
11	22442650	22442893	0	9	0.00	CHG
11	22442650	22442893	0	307	0.00	CHH
11	22611185	22611456	1	26	3.70	CG
11	22611185	22611456	1	59	1.67	CHG
11	22611185	22611456	0	380	0.00	CHH
11	22898553	22899482	13	87	13.00	CG
11	22898553	22899482	4	111	3.48	CHG
11	22898553	22899482	1	409	0.24	CHH
11	23917291	23918354	43	69	38.39	CG
11	23917291	23918354	7	70	9.09	CHG
11	23917291	23918354	4	443	0.89	CHH
11	23924021	23924111	0	16	0.00	CG
11	23924021	23924111	0	49	0.00	CHG
11	23924021	23924111	0	81	0.00	CHH
11	24143197	24143872	58	4	93.55	CG
11	24143197	24143872	10	15	40.00	CHG
11	24143197	24143872	0	82	0.00	CHH
11	24518104	24518669	17	1	94.44	CG
11	24518104	24518669	1	16	5.88	CHG
11	24518104	24518669	0	60	0.00	CHH
11	25340157	25340679	29	13	69.05	CG
11	25340157	25340679	5	44	10.20	CHG
11	25340157	25340679	0	426	0.00	CHH
11	25356991	25357939	40	50	44.44	CG
11	25356991	25357939	5	137	3.52	CHG
11	25356991	25357939	1	795	0.13	CHH
11	26018351	26019667	293	27	91.56	CG
11	26018351	26019667	123	215	36.39	CHG
11	26018351	26019667	4	693	0.57	CHH
11	26557615	26559410	144	29	83.24	CG
11	26557615	26559410	3	260	1.14	CHG
11	26557615	26559410	0	1278	0.00	CHH
11	26733617	26733799	0	11	0.00	CHH
11	26897318	26898575	274	67	80.35	CG
11	26897318	26898575	72	147	32.88	CHG
11	26897318	26898575	8	434	1.81	CHH
11	27142723	27144368	78	247	24.00	CG
11	27142723	27144368	10	285	3.39	CHG
11	27142723	27144368	2	838	0.24	CHH
11	27188061	27188431	24	3	88.89	CG
11	27188061	27188431	2	15	11.76	CHG
11	27188061	27188431	6	239	2.45	CHH
11	27296398	27296914	27	66	29.03	CG
11	27296398	27296914	0	29	0.00	CHG
11	27296398	27296914	4	217	1.81	CHH
11	28581984	28582206	0	1	0.00	CHG
11	28581984	28582206	0	7	0.00	CHH
12	1158418	1158578	0	101	0.00	CG
12	1158418	1158578	0	35	0.00	CHG
12	1158418	1158578	0	250	0.00	CHH
12	1177184	1177765	0	40	0.00	CG
12	1177184	1177765	1	117	0.85	CHG
12	1177184	1177765	0	683	0.00	CHH
12	1270256	1270750	4	5	44.44	CG
12	1270256	1270750	0	55	0.00	CHG
12	1270256	1270750	0	129	0.00	CHH
12	2005465	2005735	78	4	95.12	CG
12	2005465	2005735	8	25	24.24	CHG
12	2005465	2005735	0	41	0.00	CHH
12	2376872	2377309	32	35	47.76	CG
12	2376872	2377309	0	73	0.00	CHG
12	2376872	2377309	0	363	0.00	CHH
12	3807299	3807471	0	17	0.00	CG
12	3807299	3807471	0	69	0.00	CHG
12	3807299	3807471	0	209	0.00	CHH
12	3811143	3811601	62	17	78.48	CG
12	3811143	3811601	1	47	2.08	CHG
12	3811143	3811601	0	300	0.00	CHH
12	4083553	4083794	16	41	28.07	CG
12	4083553	4083794	0	184	0.00	CHG
12	4083553	4083794	3	365	0.82	CHH
12	5174512	5176042	576	133	81.24	CG
12	5174512	5176042	104	304	25.49	CHG
12	5174512	5176042	8	1043	0.76	CHH
12	5728433	5728876	148	14	91.36	CG
12	5728433	5728876	82	62	56.94	CHG
12	5728433	5728876	1	199	0.50	CHH
12	6323100	6323289	7	26	21.21	CG
12	6323100	6323289	0	26	0.00	CHG
12	6323100	6323289	0	124	0.00	CHH
12	6480645	6481828	401	49	89.11	CG
12	6480645	6481828	119	180	39.80	CHG
12	6480645	6481828	4	958	0.42	CHH
12	6550600	6551475	49	5	90.74	CG
12	6550600	6551475	12	34	26.09	CHG
12	6550600	6551475	1	148	0.67	CHH
12	7855054	7855393	10	0	100.00	CG
12	7855054	7855393	2	4	33.33	CHG
12	7855054	7855393	0	22	0.00	CHH
12	8497520	8497653	0	89	0.00	CG
12	8497520	8497653	0	38	0.00	CHG
12	8497520	8497653	1	62	1.59	CHH
12	8555821	8555983	22	28	44.00	CG
12	8555821	8555983	4	46	8.00	CHG
12	8555821	8555983	0	166	0.00	CHH
12	8783105	8783207	4	0	100.00	CG
12	8783105	8783207	0	1	0.00	CHG
12	8783105	8783207	0	20	0.00	CHH
12	8846726	8847029	0	41	0.00	CG
12	8846726	8847029	0	25	0.00	CHG
12	8846726	8847029	0	200	0.00	CHH
12	9326878	9327074	64	1	98.46	CG
12	9326878	9327074	17	45	27.42	CHG
12	9326878	9327074	2	144	1.37	CHH
12	9368388	9368605	40	7	85.11	CG
12	9368388	9368605	15	13	53.57	CHG
12	9368388	9368605	2	221	0.90	CHH
12	11421434	11422871	37	56	39.78	CG
12	11421434	11422871	3	389	0.77	CHG
12	11421434	11422871	1	1358	0.07	CHH
12	11519644	11519807	1	0	100.00	CG
12	11519644	11519807	0	2	0.00	CHG
12	11519644	11519807	1	16	5.88	CHH
12	12193685	12193957	40	82	32.79	CG
12	12193685	12193957	8	105	7.08	CHG
12	12193685	12193957	1	384	0.26	CHH
12	12596401	12596694	22	4	84.62	CG
12	12596401	12596694	15	37	28.85	CHG
12	12596401	12596694	0	145	0.00	CHH
12	12742760	12743615	105	42	71.43	CG
12	12742760	12743615	20	83	19.42	CHG
12	12742760	12743615	9	387	2.27	CHH
12	13187459	13188652	86	272	24.02	CG
12	13187459	13188652	2	294	0.68	CHG
12	13187459	13188652	6	855	0.70	CHH
12	14284341	14284547	1	83	1.19	CG
12	14284341	14284547	0	24	0.00	CHG
12	14284341	14284547	3	126	2.33	CHH
12	14803452	14803625	1	0	100.00	CG
12	14803452	14803625	7	2	77.78	CHG
12	14803452	14803625	1	92	1.08	CHH
12	15067951	15069074	165	22	88.24	CG
12	15067951	15069074	71	78	47.65	CHG
12	15067951	15069074	8	559	1.41	CHH
12	15348530	15353993	971	114	89.49	CG
12	15348530	15353993	567	844	40.18	CHG
12	15348530	15353993	27	4602	0.58	CHH
12	16142723	16142824	83	2	97.65	CG
12	16142723	16142824	23	52	30.67	CHG
12	16142723	16142824	1	208	0.48	CHH
12	16276461	16276731	45	1	97.83	CG
12	16276461	16276731	11	29	27.50	CHG
12	16276461	16276731	0	33	0.00	CHH
12	16529727	16530963	383	42	90.12	CG
12	16529727	16530963	67	206	24.54	CHG
12	16529727	16530963	5	932	0.53	CHH
12	17830991	17831311	0	6	0.00	CG
12	17830991	17831311	0	59	0.00	CHG
12	17830991	17831311	0	129	0.00	CHH
12	18708202	18708465	5	4	55.56	CG
12	18708202	18708465	0	72	0.00	CHG
12	18708202	18708465	0	250	0.00	CHH
12	18864903	18867127	725	139	83.91	CG
12	18864903	18867127	193	417	31.64	CHG
12	18864903	18867127	33	2493	1.31	CHH
12	19240695	19241251	9	23	28.12	CG
12	19240695	19241251	3	42	6.67	CHG
12	19240695	19241251	2	461	0.43	CHH
12	20271167	20271395	39	1	97.50	CG
12	20271167	20271395	25	36	40.98	CHG
12	20271167	20271395	1	247	0.40	CHH
12	21012743	21013159	27	40	40.30	CG
12	21012743	21013159	1	122	0.81	CHG
12	21012743	21013159	1	237	0.42	CHH
12	21325595	21326775	108	39	73.47	CG
12	21325595	21326775	0	507	0.00	CHG
12	21325595	21326775	0	1478	0.00	CHH
12	21498142	21500190	77	196	28.21	CG
12	21498142	21500190	3	581	0.51	CHG
12	21498142	21500190	4	1798	0.22	CHH
12	21799965	21804009	165	685	19.41	CG
12	21799965	21804009	2	1187	0.17	CHG
12	21799965	21804009	4	3932	0.10	CHH
12	22237684	22237932	0	134	0.00	CG
12	22237684	22237932	0	104	0.00	CHG
12	22237684	22237932	0	119	0.00	CHH
12	22424783	22424873	4	0	100.00	CG
12	22424783	22424873	0	28	0.00	CHG
12	22424783	22424873	0	23	0.00	CHH
12	22599880	22601854	80	517	13.40	CG
12	22599880	22601854	2	642	0.31	CHG
12	22599880	22601854	6	2038	0.29	CHH
12	22827958	22829855	195	33	85.53	CG
12	22827958	22829855	86	276	23.76	CHG
12	22827958	22829855	12	1159	1.02	CHH
12	22914184	22914456	3	0	100.00	CG
12	22914184	22914456	5	0	100.00	CHG
12	22914184	22914456	1	10	9.09	CHH
12	23044811	23045065	0	14	0.00	CG
12	23044811	23045065	0	69	0.00	CHG
12	23044811	23045065	0	220	0.00	CHH
12	24286289	24286454	22	5	81.48	CG
12	24286289	24286454	3	12	20.00	CHG
12	24286289	24286454	0	228	0.00	CHH
12	24305556	24308650	336	46	87.96	CG
12	24305556	24308650	29	839	3.34	CHG
12	24305556	24308650	1	2820	0.04	CHH
12	24482972	24483119	3	42	6.67	CG
12	24482972	24483119	0	80	0.00	CHG
12	24482972	24483119	5	343	1.44	CHH
12	25415184	25415420	19	1	95.00	CG
12	25415184	25415420	0	7	0.00	CHG
12	25415184	25415420	0	28	0.00	CHH
12	26429400	26431294	1	1066	0.09	CG
12	26429400	26431294	2	774	0.26	CHG
12	26429400	26431294	6	1729	0.35	CHH
12	26619179	26619379	7	3	70.00	CG
12	26619179	26619379	0	61	0.00	CHG
12	26619179	26619379	0	246	0.00	CHH
12	26739873	26743547	501	39	92.78	CG
12	26739873	26743547	130	326	28.51	CHG
12	26739873	26743547	14	1840	0.76	CHH
12	26756376	26756465	7	12	36.84	CG
12	26756376	26756465	1	7	12.50	CHG
12	26756376	26756465	0	60	0.00	CHH
