1	301401	301650	270	16	94.41	CG
1	301401	301650	47	89	34.56	CHG
1	301401	301650	1391	1782	43.84	CHH
1	751422	751630	544	25	95.61	CG
1	751422	751630	58	81	41.73	CHG
1	751422	751630	690	2892	19.26	CHH
1	831964	832562	1412	60	95.92	CG
1	831964	832562	1204	186	86.62	CHG
1	831964	832562	1211	3720	24.56	CHH
1	1349307	1349537	83	9	90.22	CHG
1	1349307	1349537	318	2249	12.39	CHH
1	1377440	1378052	266	19	93.33	CG
1	1377440	1378052	326	116	73.76	CHG
1	1377440	1378052	2432	5767	29.66	CHH
1	1788440	1788928	737	29	96.21	CG
1	1788440	1788928	7	42	14.29	CHG
1	1788440	1788928	1070	5956	15.23	CHH
1	1789091	1789350	172	9	95.03	CG
1	1789091	1789350	144	88	62.07	CHG
1	1789091	1789350	1524	2575	37.18	CHH
1	2238174	2238281	76	3	96.20	CG
1	2238174	2238281	73	10	87.95	CHG
1	2238174	2238281	275	1613	14.57	CHH
1	2260684	2260758	133	930	12.51	CHH
1	4981767	4981906	657	584	52.94	CHH
1	7687746	7687909	85	7	92.39	CG
1	7687746	7687909	11	43	20.37	CHG
1	7687746	7687909	356	2001	15.10	CHH
1	8431744	8431928	68	5	93.15	CG
1	8431744	8431928	635	1543	29.16	CHH
1	9585903	9586147	118	108	52.21	CHG
1	9585903	9586147	1023	1884	35.19	CHH
1	9767360	9767454	59	4	93.65	CG
1	9767360	9767454	50	16	75.76	CHG
1	9767360	9767454	298	811	26.87	CHH
1	10432345	10432562	617	1231	33.39	CG
1	10432345	10432562	222	672	24.83	CHG
1	10432345	10432562	460	1542	22.98	CHH
1	10834154	10834494	64	26	71.11	CHG
1	10834154	10834494	686	3379	16.88	CHH
1	10926897	10927718	2770	132	95.45	CG
1	10926897	10927718	2397	696	77.50	CHG
1	10926897	10927718	808	6532	11.01	CHH
1	11189069	11189507	987	278	78.02	CG
1	11189069	11189507	431	165	72.32	CHG
1	11189069	11189507	714	3790	15.85	CHH
1	11191256	11191497	899	49	94.83	CG
1	11191256	11191497	231	372	38.31	CHG
1	11191256	11191497	323	2042	13.66	CHH
1	11796108	11796316	216	34	86.40	CG
1	11796108	11796316	208	393	34.61	CHG
1	11796108	11796316	339	2010	14.43	CHH
1	11928347	11928520	302	2442	11.01	CHH
1	11940126	11940209	190	1311	12.66	CHH
1	12597813	12598048	1053	1858	36.17	CHH
1	14322168	14322402	297	22	93.10	CG
1	14322168	14322402	114	46	71.25	CHG
1	14322168	14322402	743	1939	27.70	CHH
1	14347206	14347429	69	20	77.53	CG
1	14347206	14347429	157	505	23.72	CHG
1	14347206	14347429	315	2676	10.53	CHH
1	14358588	14358799	170	9	94.97	CG
1	14358588	14358799	167	50	76.96	CHG
1	14358588	14358799	1031	1617	38.94	CHH
1	16709412	16710638	3259	102	96.97	CG
1	16709412	16710638	1900	816	69.96	CHG
1	16709412	16710638	1342	9803	12.04	CHH
1	17043053	17043218	634	19	97.09	CG
1	17043053	17043218	194	52	78.86	CHG
1	17043053	17043218	442	1287	25.56	CHH
1	18600195	18600325	198	10	95.19	CG
1	18600195	18600325	41	25	62.12	CHG
1	18600195	18600325	190	1441	11.65	CHH
1	18600619	18600880	132	6	95.65	CG
1	18600619	18600880	67	8	89.33	CHG
1	18600619	18600880	272	2731	9.06	CHH
1	18984904	18985083	88	2	97.78	CG
1	18984904	18985083	86	42	67.19	CHG
1	18984904	18985083	601	2743	17.97	CHH
1	23765099	23765215	8	455	1.73	CG
1	23765099	23765215	31	332	8.54	CHG
1	23765099	23765215	100	1330	6.99	CHH
1	24162719	24162945	667	1798	27.06	CHH
1	26098395	26098876	298	12	96.13	CG
1	26098395	26098876	173	71	70.90	CHG
1	26098395	26098876	1944	4484	30.24	CHH
1	26638981	26639111	70	6	92.11	CG
1	26638981	26639111	135	15	90.00	CHG
1	26638981	26639111	195	1249	13.50	CHH
1	27335823	27335919	237	30	88.76	CG
1	27335823	27335919	57	87	39.58	CHG
1	27335823	27335919	268	1085	19.81	CHH
1	27892634	27893201	338	20	94.41	CG
1	27892634	27893201	518	152	77.31	CHG
1	27892634	27893201	1624	6488	20.02	CHH
1	28104533	28104643	89	3	96.74	CG
1	28104533	28104643	462	967	32.33	CHH
1	28181036	28181173	87	12	87.88	CG
1	28181036	28181173	64	120	34.78	CHG
1	28181036	28181173	386	1670	18.77	CHH
1	28494153	28494502	80	3	96.39	CG
1	28494153	28494502	164	13	92.66	CHG
1	28494153	28494502	2156	2622	45.12	CHH
1	30431887	30432457	799	25	96.97	CG
1	30431887	30432457	164	101	61.89	CHG
1	30431887	30432457	1999	5251	27.57	CHH
1	31405810	31406074	152	14	91.57	CG
1	31405810	31406074	154	136	53.10	CHG
1	31405810	31406074	1205	2351	33.89	CHH
1	31589315	31589440	290	1757	14.17	CHH
1	31867822	31868209	156	5	96.89	CG
1	31867822	31868209	1310	3554	26.93	CHH
1	32128407	32128528	91	2	97.85	CG
1	32128407	32128528	681	1305	34.29	CHH
1	32850978	32851159	155	7	95.68	CG
1	32850978	32851159	131	76	63.29	CHG
1	32850978	32851159	1010	1319	43.37	CHH
1	33209708	33209844	68	5	93.15	CG
1	33209708	33209844	4	47	7.84	CHG
1	33209708	33209844	156	1586	8.96	CHH
1	35537016	35537182	562	2288	19.72	CHH
1	37056464	37056585	117	38	75.48	CHG
1	37056464	37056585	366	1275	22.30	CHH
1	37328188	37328369	160	10	94.12	CG
1	37328188	37328369	61	26	70.11	CHG
1	37328188	37328369	1088	1243	46.68	CHH
1	38496092	38496280	356	13	96.48	CG
1	38496092	38496280	56	103	35.22	CHG
1	38496092	38496280	241	2413	9.08	CHH
1	38517320	38517498	75	19	79.79	CG
1	38517320	38517498	55	85	39.29	CHG
1	38517320	38517498	618	1988	23.71	CHH
1	38671419	38671601	253	11	95.83	CG
1	38671419	38671601	621	1727	26.45	CHH
1	40300213	40300335	302	1223	19.80	CHH
1	40395626	40395876	75	4	94.94	CG
1	40395626	40395876	718	2529	22.11	CHH
1	40617610	40617749	69	792	8.01	CHG
1	40617610	40617749	138	1426	8.82	CHH
1	40701980	40702243	80	4	95.24	CG
1	40701980	40702243	1911	1304	59.44	CHH
1	41145044	41145188	579	1196	32.62	CHH
1	41155306	41155562	28	52	35.00	CHG
1	41155306	41155562	1319	2049	39.16	CHH
1	41890335	41890557	103	4	96.26	CG
1	41890335	41890557	529	234	69.33	CHG
1	41890335	41890557	824	2430	25.32	CHH
1	42087976	42088125	344	1697	16.85	CHH
1	42408453	42409215	1931	77	96.17	CG
1	42408453	42409215	1162	502	69.83	CHG
1	42408453	42409215	1039	5522	15.84	CHH
2	109398	109590	550	24	95.82	CG
2	109398	109590	466	194	70.61	CHG
2	109398	109590	366	1652	18.14	CHH
2	1869793	1870778	2811	106	96.37	CG
2	1869793	1870778	2048	608	77.11	CHG
2	1869793	1870778	2171	8092	21.15	CHH
2	2040558	2041143	1201	52	95.85	CG
2	2040558	2041143	958	175	84.55	CHG
2	2040558	2041143	1105	6135	15.26	CHH
2	2375551	2375771	1208	1938	38.40	CHH
2	3701574	3702250	618	125	83.18	CG
2	3701574	3702250	410	796	34.00	CHG
2	3701574	3702250	1263	8362	13.12	CHH
2	4194209	4194385	147	22	86.98	CHG
2	4194209	4194385	680	1782	27.62	CHH
2	4474885	4475212	791	31	96.23	CG
2	4474885	4475212	299	155	65.86	CHG
2	4474885	4475212	1690	2967	36.29	CHH
2	4648186	4648420	312	12	96.30	CG
2	4648186	4648420	105	46	69.54	CHG
2	4648186	4648420	893	2524	26.13	CHH
2	4947306	4947538	88	4	95.65	CG
2	4947306	4947538	315	2672	10.55	CHH
2	5499042	5499299	659	33	95.23	CG
2	5499042	5499299	408	66	86.08	CHG
2	5499042	5499299	372	2899	11.37	CHH
2	5521685	5521830	123	12	91.11	CHG
2	5521685	5521830	653	1053	38.28	CHH
2	6545608	6545822	79	5	94.05	CG
2	6545608	6545822	923	2233	29.25	CHH
2	6761735	6762038	123	15	89.13	CG
2	6761735	6762038	126	67	65.28	CHG
2	6761735	6762038	359	2560	12.30	CHH
2	6762287	6762792	538	33	94.22	CG
2	6762287	6762792	496	198	71.47	CHG
2	6762287	6762792	594	6080	8.90	CHH
2	7605117	7605555	161	9	94.71	CG
2	7605117	7605555	145	28	83.82	CHG
2	7605117	7605555	1193	5902	16.81	CHH
2	7945618	7946024	160	7	95.81	CG
2	7945618	7946024	16	30	34.78	CHG
2	7945618	7946024	602	4209	12.51	CHH
2	8190084	8190413	68	6	91.89	CHG
2	8190084	8190413	968	3644	20.99	CHH
2	10791440	10791566	463	1590	22.55	CHH
2	11873649	11873886	76	15	83.52	CG
2	11873649	11873886	894	2158	29.29	CHH
2	12097817	12097953	163	6	96.45	CG
2	12097817	12097953	116	1577	6.85	CHH
2	12299222	12299385	49	37	56.98	CHG
2	12299222	12299385	323	1734	15.70	CHH
2	12333889	12333999	149	5	96.75	CG
2	12333889	12333999	78	78	50.00	CHG
2	12333889	12333999	191	1029	15.66	CHH
2	12582950	12583307	385	15	96.25	CG
2	12582950	12583307	148	54	73.27	CHG
2	12582950	12583307	520	4395	10.58	CHH
2	13872268	13872613	94	421	18.25	CG
2	13872268	13872613	67	710	8.62	CHG
2	13872268	13872613	174	3973	4.20	CHH
2	13948832	13949084	133	18	88.08	CHG
2	13948832	13949084	1303	1605	44.81	CHH
2	15589940	15590192	89	4	95.70	CG
2	15589940	15590192	390	315	55.32	CHG
2	15589940	15590192	1501	1938	43.65	CHH
2	17785746	17785984	186	7	96.37	CG
2	17785746	17785984	1512	1848	45.00	CHH
2	19211404	19211621	147	11	93.04	CG
2	19211404	19211621	16	16	50.00	CHG
2	19211404	19211621	1490	1134	56.78	CHH
2	19443247	19443361	193	7	96.50	CG
2	19443247	19443361	24	28	46.15	CHG
2	19443247	19443361	136	1535	8.14	CHH
2	19977858	19978135	440	20	95.65	CG
2	19977858	19978135	571	274	67.57	CHG
2	19977858	19978135	321	2998	9.67	CHH
2	20745916	20746102	163	9	94.77	CG
2	20745916	20746102	93	36	72.09	CHG
2	20745916	20746102	374	2044	15.47	CHH
2	22202087	22202425	839	86	90.70	CG
2	22202087	22202425	62	228	21.38	CHG
2	22202087	22202425	825	3007	21.53	CHH
2	22399133	22399342	175	9	95.11	CG
2	22399133	22399342	1140	2224	33.89	CHH
2	23077446	23077593	772	1207	39.01	CHH
2	23988341	23988565	39	45	46.43	CHG
2	23988341	23988565	810	1850	30.45	CHH
2	24094388	24094772	100	4	96.15	CG
2	24094388	24094772	271	152	64.07	CHG
2	24094388	24094772	1361	3558	27.67	CHH
2	24587774	24587906	129	10	92.81	CG
2	24587774	24587906	67	8	89.33	CHG
2	24587774	24587906	550	1322	29.38	CHH
2	24968367	24968732	286	9	96.95	CG
2	24968367	24968732	315	112	73.77	CHG
2	24968367	24968732	548	3101	15.02	CHH
2	25258399	25258520	414	1379	23.09	CHH
2	25342968	25343092	54	3	94.74	CG
2	25342968	25343092	48	13	78.69	CHG
2	25342968	25343092	182	1067	14.57	CHH
2	25971572	25971883	284	1097	20.56	CHH
2	27849839	27850325	1331	50	96.38	CG
2	27849839	27850325	329	273	54.65	CHG
2	27849839	27850325	1387	4538	23.41	CHH
2	27969163	27969436	153	21	87.93	CG
2	27969163	27969436	139	75	64.95	CHG
2	27969163	27969436	1325	1942	40.56	CHH
2	28230238	28230572	406	53	88.45	CHG
2	28230238	28230572	898	4016	18.27	CHH
2	28737277	28737416	444	1692	20.79	CHH
2	28787543	28787788	233	5	97.90	CG
2	28787543	28787788	58	49	54.21	CHG
2	28787543	28787788	651	2067	23.95	CHH
2	29123726	29123981	485	3075	13.62	CHH
2	30949004	30949191	170	10	94.44	CG
2	30949004	30949191	59	40	59.60	CHG
2	30949004	30949191	676	1827	27.01	CHH
2	31639383	31639502	85	4	95.51	CG
2	31639383	31639502	400	1182	25.28	CHH
2	32251509	32251649	74	12	86.05	CHG
2	32251509	32251649	1116	1643	40.45	CHH
2	32687570	32687718	259	351	42.46	CG
2	32687570	32687718	112	461	19.55	CHG
2	32687570	32687718	422	1684	20.04	CHH
2	32980551	32980821	1578	2848	35.65	CHH
2	33849781	33850113	373	32	92.10	CG
2	33849781	33850113	211	126	62.61	CHG
2	33849781	33850113	295	3677	7.43	CHH
2	33970498	33970631	12	268	4.29	CG
2	33970498	33970631	28	459	5.75	CHG
2	33970498	33970631	147	1892	7.21	CHH
2	34234930	34235049	151	1146	11.64	CHH
2	34582792	34582911	48	15	76.19	CHG
2	34582792	34582911	711	788	47.43	CHH
2	34952077	34952811	1348	418	76.33	CG
2	34952077	34952811	613	650	48.54	CHG
2	34952077	34952811	966	8755	9.94	CHH
2	34955560	34955809	1210	2186	35.63	CHH
3	811663	812098	1312	62	95.49	CG
3	811663	812098	221	232	48.79	CHG
3	811663	812098	576	4217	12.02	CHH
3	881089	881240	1027	34	96.80	CG
3	881089	881240	85	336	20.19	CHG
3	881089	881240	211	1403	13.07	CHH
3	1354664	1354914	337	16	95.47	CG
3	1354664	1354914	346	136	71.78	CHG
3	1354664	1354914	510	2270	18.35	CHH
3	2169030	2169371	1033	74	93.32	CG
3	2169030	2169371	236	201	54.00	CHG
3	2169030	2169371	667	3666	15.39	CHH
3	3169366	3169453	156	977	13.77	CHH
3	3832576	3832832	66	2	97.06	CG
3	3832576	3832832	104	40	72.22	CHG
3	3832576	3832832	1062	1799	37.12	CHH
3	6047207	6047392	181	6	96.79	CG
3	6047207	6047392	26	62	29.55	CHG
3	6047207	6047392	928	1583	36.96	CHH
3	6570907	6571273	1168	26	97.82	CG
3	6570907	6571273	238	185	56.26	CHG
3	6570907	6571273	1108	3536	23.86	CHH
3	7246619	7246872	820	28	96.70	CG
3	7246619	7246872	204	97	67.77	CHG
3	7246619	7246872	808	2664	23.27	CHH
3	8015940	8016118	575	2171	20.94	CHH
3	8409618	8409743	3	380	0.78	CG
3	8409618	8409743	28	283	9.00	CHG
3	8409618	8409743	78	1481	5.00	CHH
3	8629457	8629689	84	5	94.38	CG
3	8629457	8629689	77	5	93.90	CHG
3	8629457	8629689	1069	2065	34.11	CHH
3	8942617	8943063	588	19	96.87	CG
3	8942617	8943063	619	102	85.85	CHG
3	8942617	8943063	1406	6055	18.84	CHH
3	9319923	9320317	423	36	92.16	CG
3	9319923	9320317	86	40	68.25	CHG
3	9319923	9320317	545	3575	13.23	CHH
3	11067334	11067625	89	5	94.68	CG
3	11067334	11067625	99	1	99.00	CHG
3	11067334	11067625	1275	2735	31.80	CHH
3	11642409	11642580	116	72	61.70	CHG
3	11642409	11642580	1223	1035	54.16	CHH
3	11857284	11857411	55	37	59.78	CHG
3	11857284	11857411	247	1210	16.95	CHH
3	12675151	12675358	79	2	97.53	CG
3	12675151	12675358	18	27	40.00	CHG
3	12675151	12675358	1091	2096	34.23	CHH
3	13124743	13124928	212	8	96.36	CG
3	13124743	13124928	68	38	64.15	CHG
3	13124743	13124928	1697	1226	58.06	CHH
3	13748697	13748918	93	3	96.88	CHG
3	13748697	13748918	923	2523	26.78	CHH
3	14057905	14058092	356	22	94.18	CG
3	14057905	14058092	78	34	69.64	CHG
3	14057905	14058092	198	2096	8.63	CHH
3	14749193	14749460	172	12	93.48	CG
3	14749193	14749460	1619	2160	42.84	CHH
3	15103668	15103782	83	4	95.40	CHG
3	15103668	15103782	314	1271	19.81	CHH
3	15113224	15113412	609	1971	23.60	CHH
3	15134383	15134587	295	2411	10.90	CHH
3	15613686	15613799	11	277	3.82	CG
3	15613686	15613799	25	262	8.71	CHG
3	15613686	15613799	136	1168	10.43	CHH
3	16709783	16710100	687	18	97.45	CG
3	16709783	16710100	474	150	75.96	CHG
3	16709783	16710100	611	2912	17.34	CHH
3	16776362	16776567	272	2292	10.61	CHH
3	17308009	17308190	61	3	95.31	CG
3	17308009	17308190	60	6	90.91	CHG
3	17308009	17308190	352	1801	16.35	CHH
3	17916587	17916910	321	46	87.47	CG
3	17916587	17916910	84	10	89.36	CHG
3	17916587	17916910	724	2625	21.62	CHH
3	18637898	18638001	95	8	92.23	CG
3	18637898	18638001	259	1400	15.61	CHH
3	20725201	20725339	84	3	96.55	CG
3	20725201	20725339	73	10	87.95	CHG
3	20725201	20725339	316	1816	14.82	CHH
3	23359385	23359602	150	7	95.54	CG
3	23359385	23359602	5	30	14.29	CHG
3	23359385	23359602	640	2084	23.49	CHH
3	24411908	24412466	367	616	37.33	CG
3	24411908	24412466	137	710	16.17	CHG
3	24411908	24412466	525	6549	7.42	CHH
3	24572450	24572571	152	1981	7.13	CHH
3	24924369	24924505	144	4	97.30	CG
3	24924369	24924505	11	26	29.73	CHG
3	24924369	24924505	676	980	40.82	CHH
3	25320199	25320294	154	1300	10.59	CHH
3	26123077	26123398	350	27	92.84	CG
3	26123077	26123398	398	419	48.71	CHG
3	26123077	26123398	379	3079	10.96	CHH
3	26143599	26144289	601	772	43.77	CG
3	26143599	26144289	295	1373	17.69	CHG
3	26143599	26144289	964	8836	9.84	CHH
3	26819731	26819992	84	13	86.60	CHG
3	26819731	26819992	783	2899	21.27	CHH
3	27436719	27436866	80	3	96.39	CHG
3	27436719	27436866	182	1485	10.92	CHH
3	27617928	27618015	16	222	6.72	CG
3	27617928	27618015	28	134	17.28	CHG
3	27617928	27618015	95	770	10.98	CHH
3	27618313	27618751	237	96	71.17	CG
3	27618313	27618751	257	657	28.12	CHG
3	27618313	27618751	429	4538	8.64	CHH
3	27626160	27626452	340	40	89.47	CG
3	27626160	27626452	61	220	21.71	CHG
3	27626160	27626452	596	2717	17.99	CHH
3	27785308	27785617	93	14	86.92	CG
3	27785308	27785617	1812	2834	39.00	CHH
3	28228225	28228487	1073	3162	25.34	CHH
3	29591935	29592097	91	0	100.00	CG
3	29591935	29592097	8	34	19.05	CHG
3	29591935	29592097	291	1848	13.60	CHH
3	29675163	29675476	68	2	97.14	CG
3	29675163	29675476	1094	2912	27.31	CHH
3	29885011	29885181	83	4	95.40	CG
3	29885011	29885181	95	27	77.87	CHG
3	29885011	29885181	936	1547	37.70	CHH
3	30100210	30100463	100	5	95.24	CG
3	30100210	30100463	742	3058	19.53	CHH
3	30420791	30420983	1483	2022	42.31	CHH
3	30830679	30830818	538	1247	30.14	CHH
3	31089191	31090510	4101	147	96.54	CG
3	31089191	31090510	2721	648	80.77	CHG
3	31089191	31090510	2762	9928	21.77	CHH
3	31423977	31424278	966	3240	22.97	CHH
3	31722863	31723138	2079	3385	38.05	CHH
3	32006376	32006716	77	6	92.77	CHG
3	32006376	32006716	1498	2843	34.51	CHH
3	32110687	32111197	1374	62	95.68	CG
3	32110687	32111197	844	380	68.95	CHG
3	32110687	32111197	2065	4039	33.83	CHH
3	32173553	32173723	137	98	58.30	CHG
3	32173553	32173723	173	1767	8.92	CHH
3	32182087	32182430	78	12	86.67	CG
3	32182087	32182430	26	75	25.74	CHG
3	32182087	32182430	697	3768	15.61	CHH
3	33684752	33685642	1755	98	94.71	CG
3	33684752	33685642	1090	573	65.54	CHG
3	33684752	33685642	1326	9527	12.22	CHH
4	468669	468758	232	1271	15.44	CHH
4	4915709	4916399	1819	70	96.29	CG
4	4915709	4916399	797	251	76.05	CHG
4	4915709	4916399	1107	6396	14.75	CHH
4	7381268	7381662	224	7	96.97	CG
4	7381268	7381662	412	144	74.10	CHG
4	7381268	7381662	880	4533	16.26	CHH
4	7888722	7888904	183	9	95.31	CG
4	7888722	7888904	77	10	88.51	CHG
4	7888722	7888904	713	1575	31.16	CHH
4	7955024	7955201	164	3	98.20	CG
4	7955024	7955201	73	8	90.12	CHG
4	7955024	7955201	684	1234	35.66	CHH
4	15396846	15397090	754	21	97.29	CG
4	15396846	15397090	640	154	80.60	CHG
4	15396846	15397090	513	2493	17.07	CHH
4	19683995	19684552	615	607	50.33	CG
4	19683995	19684552	310	1192	20.64	CHG
4	19683995	19684552	512	5786	8.13	CHH
4	19744896	19745083	155	28	84.70	CG
4	19744896	19745083	594	2458	19.46	CHH
4	20001003	20001260	149	13	91.98	CHG
4	20001003	20001260	1515	2049	42.51	CHH
4	20595423	20595521	69	6	92.00	CG
4	20595423	20595521	9	27	25.00	CHG
4	20595423	20595521	189	1349	12.29	CHH
4	21627729	21627912	160	4	97.56	CG
4	21627729	21627912	103	26	79.84	CHG
4	21627729	21627912	802	1411	36.24	CHH
4	21744228	21744373	126	51	71.19	CG
4	21744228	21744373	9	41	18.00	CHG
4	21744228	21744373	335	1730	16.22	CHH
4	21934032	21934221	1054	1999	34.52	CHH
4	21962681	21962889	263	13	95.29	CG
4	21962681	21962889	160	58	73.39	CHG
4	21962681	21962889	623	2316	21.20	CHH
4	22575513	22575843	744	4123	15.29	CHH
4	24030042	24030690	492	29	94.43	CG
4	24030042	24030690	575	186	75.56	CHG
4	24030042	24030690	1435	7440	16.17	CHH
4	24127511	24127670	162	3	98.18	CG
4	24127511	24127670	72	5	93.51	CHG
4	24127511	24127670	752	1244	37.68	CHH
4	25426804	25426964	31	64	32.63	CHG
4	25426804	25426964	425	2258	15.84	CHH
4	25457672	25458128	1452	69	95.46	CG
4	25457672	25458128	351	232	60.21	CHG
4	25457672	25458128	1161	5726	16.86	CHH
4	25472006	25472224	21	64	24.71	CHG
4	25472006	25472224	272	2167	11.15	CHH
4	25475165	25475574	235	9	96.31	CG
4	25475165	25475574	464	325	58.81	CHG
4	25475165	25475574	1777	2701	39.68	CHH
4	26530153	26530244	159	1157	12.08	CHH
4	27630370	27630458	250	1413	15.03	CHH
4	27903713	27903888	597	2141	21.80	CHH
4	27907257	27907388	94	8	92.16	CG
4	27907257	27907388	8	32	20.00	CHG
4	27907257	27907388	509	1473	25.68	CHH
4	28531802	28532069	102	10	91.07	CG
4	28531802	28532069	11	35	23.91	CHG
4	28531802	28532069	1047	3381	23.64	CHH
4	28847972	28848187	68	3	95.77	CG
4	28847972	28848187	18	17	51.43	CHG
4	28847972	28848187	549	2410	18.55	CHH
4	29191225	29191443	91	4	95.79	CG
4	29191225	29191443	157	88	64.08	CHG
4	29191225	29191443	827	2850	22.49	CHH
4	30022367	30022520	155	14	91.72	CG
4	30022367	30022520	605	1474	29.10	CHH
4	30176025	30176485	337	33	91.08	CG
4	30176025	30176485	88	91	49.16	CHG
4	30176025	30176485	1655	4855	25.42	CHH
4	32693175	32693646	1084	48	95.76	CG
4	32693175	32693646	759	235	76.36	CHG
4	32693175	32693646	592	3734	13.68	CHH
4	33655119	33655383	316	17	94.89	CG
4	33655119	33655383	418	3000	12.23	CHH
4	33656481	33656726	1140	30	97.44	CG
4	33656481	33656726	80	130	38.10	CHG
4	33656481	33656726	224	2326	8.78	CHH
4	33881401	33881625	703	37	95.00	CG
4	33881401	33881625	621	270	69.70	CHG
4	33881401	33881625	718	2044	26.00	CHH
4	35050130	35050413	2	383	0.52	CG
4	35050130	35050413	29	547	5.03	CHG
4	35050130	35050413	169	3494	4.61	CHH
5	490310	490462	487	16	96.82	CG
5	490310	490462	426	125	77.31	CHG
5	490310	490462	274	1435	16.03	CHH
5	1679699	1679790	336	1272	20.90	CHH
5	2851958	2852160	761	1910	28.49	CHH
5	4894101	4894252	719	1581	31.26	CHH
5	5433067	5433323	174	1	99.43	CG
5	5433067	5433323	224	60	78.87	CHG
5	5433067	5433323	1153	2456	31.95	CHH
5	5754539	5754748	148	44	77.08	CG
5	5754539	5754748	82	59	58.16	CHG
5	5754539	5754748	1008	2113	32.30	CHH
5	6765407	6765604	181	8	95.77	CG
5	6765407	6765604	154	120	56.20	CHG
5	6765407	6765604	185	2086	8.15	CHH
5	6820542	6820679	85	5	94.44	CG
5	6820542	6820679	3	40	6.98	CHG
5	6820542	6820679	317	1795	15.01	CHH
5	7418842	7418942	635	1527	29.37	CHH
5	7972537	7972780	72	5	93.51	CG
5	7972537	7972780	46	37	55.42	CHG
5	7972537	7972780	1197	2303	34.20	CHH
5	10755227	10755310	222	10	95.69	CG
5	10755227	10755310	221	821	21.21	CHH
5	10919623	10920166	928	208	81.69	CG
5	10919623	10920166	174	203	46.15	CHG
5	10919623	10920166	619	5640	9.89	CHH
5	16273063	16273157	276	995	21.72	CHH
5	16311105	16311318	157	4	97.52	CG
5	16311105	16311318	133	45	74.72	CHG
5	16311105	16311318	1137	1960	36.71	CHH
5	16856035	16856371	392	19	95.38	CG
5	16856035	16856371	524	68	88.51	CHG
5	16856035	16856371	824	3089	21.06	CHH
5	17137118	17137270	62	3	95.38	CG
5	17137118	17137270	690	1206	36.39	CHH
5	17258135	17258245	78	5	93.98	CG
5	17258135	17258245	668	658	50.38	CHH
5	17317435	17317693	156	10	93.98	CG
5	17317435	17317693	229	71	76.33	CHG
5	17317435	17317693	1420	2192	39.31	CHH
5	19716275	19716490	88	2	97.78	CG
5	19716275	19716490	9	43	17.31	CHG
5	19716275	19716490	744	2317	24.31	CHH
5	21149049	21149184	4	465	0.85	CG
5	21149049	21149184	36	447	7.45	CHG
5	21149049	21149184	76	1889	3.87	CHH
5	21464548	21464805	820	2063	28.44	CHH
5	21857485	21857720	390	11	97.26	CG
5	21857485	21857720	410	134	75.37	CHG
5	21857485	21857720	396	2642	13.03	CHH
5	21875509	21875764	323	11	96.71	CG
5	21875509	21875764	304	72	80.85	CHG
5	21875509	21875764	525	2362	18.18	CHH
5	22000757	22000964	51	30	62.96	CHG
5	22000757	22000964	912	1330	40.68	CHH
5	22219878	22220102	1171	1726	40.42	CHH
5	22429520	22429752	163	7	95.88	CG
5	22429520	22429752	70	65	51.85	CHG
5	22429520	22429752	1158	2293	33.56	CHH
5	22973734	22973969	633	2705	18.96	CHH
5	23987118	23987584	749	29	96.27	CG
5	23987118	23987584	1112	311	78.14	CHG
5	23987118	23987584	427	4994	7.88	CHH
5	24142822	24143088	349	18	95.10	CG
5	24142822	24143088	32	101	24.06	CHG
5	24142822	24143088	779	2537	23.49	CHH
5	24848633	24848969	187	40	82.38	CHG
5	24848633	24848969	1603	2716	37.12	CHH
5	25347572	25347835	183	661	21.68	CG
5	25347572	25347835	47	806	5.51	CHG
5	25347572	25347835	239	3808	5.91	CHH
5	25348057	25348813	458	28	94.24	CG
5	25348057	25348813	404	1847	17.95	CHG
5	25348057	25348813	674	7750	8.00	CHH
5	25916465	25916630	80	10	88.89	CHG
5	25916465	25916630	745	1779	29.52	CHH
5	26950841	26950938	81	3	96.43	CG
5	26950841	26950938	351	1084	24.46	CHH
5	26989629	26989802	58	17	77.33	CHG
5	26989629	26989802	818	2237	26.78	CHH
6	302524	302830	70	4	94.59	CG
6	302524	302830	1329	2246	37.17	CHH
6	2377299	2377436	127	8	94.07	CG
6	2377299	2377436	26	71	26.80	CHG
6	2377299	2377436	197	974	16.82	CHH
6	2717082	2717211	628	1188	34.58	CHH
6	2924454	2924561	157	9	94.58	CG
6	2924454	2924561	230	759	23.26	CHH
6	3943947	3944133	530	1952	21.35	CHH
6	4186290	4186414	284	1660	14.61	CHH
6	5151759	5151869	809	905	47.20	CHH
6	5377103	5377226	36	52	40.91	CHG
6	5377103	5377226	559	1147	32.77	CHH
6	6081368	6081698	78	1038	6.99	CG
6	6081368	6081698	25	532	4.49	CHG
6	6081368	6081698	289	4004	6.73	CHH
6	7060562	7060710	926	1205	43.45	CHH
6	7540043	7540265	226	7	97.00	CG
6	7540043	7540265	74	44	62.71	CHG
6	7540043	7540265	620	2944	17.40	CHH
6	7540556	7540748	140	29	82.84	CG
6	7540556	7540748	550	1421	27.90	CHH
6	7725720	7725950	425	22	95.08	CG
6	7725720	7725950	471	189	71.36	CHG
6	7725720	7725950	170	1752	8.84	CHH
6	8356414	8356617	1101	1850	37.31	CHH
6	8927960	8928209	62	4	93.94	CG
6	8927960	8928209	367	178	67.34	CHG
6	8927960	8928209	608	1730	26.01	CHH
6	9469938	9470183	701	1996	25.99	CHH
6	11300952	11301165	6	65	8.45	CG
6	11300952	11301165	74	157	32.03	CHG
6	11300952	11301165	166	2583	6.04	CHH
6	11305250	11305430	25	420	5.62	CG
6	11305250	11305430	4	70	5.41	CHG
6	11305250	11305430	155	1625	8.71	CHH
6	11997277	11997419	230	31	88.12	CG
6	11997277	11997419	80	49	62.02	CHG
6	11997277	11997419	151	1654	8.37	CHH
6	13738650	13738842	116	12	90.62	CG
6	13738650	13738842	38	256	12.93	CHG
6	13738650	13738842	111	1747	5.97	CHH
6	13951510	13951630	155	8	95.09	CG
6	13951510	13951630	257	99	72.19	CHG
6	13951510	13951630	184	1222	13.09	CHH
6	14809518	14809915	325	17	95.03	CG
6	14809518	14809915	212	246	46.29	CHG
6	14809518	14809915	1138	3882	22.67	CHH
6	19710274	19711097	1006	144	87.48	CG
6	19710274	19711097	1012	1114	47.60	CHG
6	19710274	19711097	1209	7663	13.63	CHH
6	20384125	20384463	58	350	14.22	CG
6	20384125	20384463	102	523	16.32	CHG
6	20384125	20384463	344	3103	9.98	CHH
6	22376044	22376666	531	37	93.49	CG
6	22376044	22376666	93	218	29.90	CHG
6	22376044	22376666	1190	7001	14.53	CHH
6	23395298	23395797	321	13	96.11	CG
6	23395298	23395797	147	25	85.47	CHG
6	23395298	23395797	2088	4170	33.37	CHH
6	23537611	23537873	151	30	83.43	CHG
6	23537611	23537873	502	2839	15.03	CHH
6	24030066	24030155	151	28	84.36	CHG
6	24030066	24030155	543	608	47.18	CHH
6	24282820	24282990	153	15	91.07	CHG
6	24282820	24282990	1375	1762	43.83	CHH
6	25073298	25073513	132	6	95.65	CG
6	25073298	25073513	64	122	34.41	CHG
6	25073298	25073513	418	2085	16.70	CHH
6	25078471	25078618	38	54	41.30	CHG
6	25078471	25078618	327	1755	15.71	CHH
6	25314682	25315364	466	11	97.69	CG
6	25314682	25315364	389	154	71.64	CHG
6	25314682	25315364	1271	7319	14.80	CHH
6	26183206	26183498	87	3	96.67	CG
6	26183206	26183498	1690	2479	40.54	CHH
6	26270983	26271153	76	5	93.83	CG
6	26270983	26271153	47	34	58.02	CHG
6	26270983	26271153	1103	1081	50.50	CHH
6	26899910	26900127	84	3	96.55	CG
6	26899910	26900127	879	2076	29.75	CHH
6	27022910	27023085	350	26	93.09	CG
6	27022910	27023085	329	1922	14.62	CHH
6	29399343	29399607	170	11	93.92	CG
6	29399343	29399607	53	87	37.86	CHG
6	29399343	29399607	1116	3101	26.46	CHH
6	30191023	30191331	365	18	95.30	CG
6	30191023	30191331	658	102	86.58	CHG
6	30191023	30191331	1078	2798	27.81	CHH
6	30403805	30404034	584	2377	19.72	CHH
6	30913757	30913901	108	1	99.08	CG
6	30913757	30913901	28	31	47.46	CHG
6	30913757	30913901	1101	1368	44.59	CHH
7	436559	436644	313	1281	19.64	CHH
7	553125	553382	38	36	51.35	CHG
7	553125	553382	475	3151	13.10	CHH
7	1581483	1581569	35	42	45.45	CHG
7	1581483	1581569	154	987	13.50	CHH
7	2236802	2236948	204	6	97.14	CG
7	2236802	2236948	32	14	69.57	CHG
7	2236802	2236948	421	1926	17.94	CHH
7	2529367	2529520	738	966	43.31	CHH
7	3142735	3143078	614	30	95.34	CG
7	3142735	3143078	496	221	69.18	CHG
7	3142735	3143078	939	2794	25.15	CHH
7	3169312	3169590	30	52	36.59	CHG
7	3169312	3169590	1386	2408	36.53	CHH
7	3220899	3221205	78	5	93.98	CG
7	3220899	3221205	1604	3256	33.00	CHH
7	3739834	3740067	207	10	95.39	CG
7	3739834	3740067	106	41	72.11	CHG
7	3739834	3740067	781	1835	29.85	CHH
7	4348410	4348541	16	169	8.65	CG
7	4348410	4348541	7	151	4.43	CHG
7	4348410	4348541	52	1028	4.81	CHH
7	5121301	5121458	123	3	97.62	CG
7	5121301	5121458	56	11	83.58	CHG
7	5121301	5121458	537	1093	32.94	CHH
7	6141659	6141862	757	50	93.80	CG
7	6141659	6141862	371	95	79.61	CHG
7	6141659	6141862	451	2429	15.66	CHH
7	7806227	7806511	48	30	61.54	CHG
7	7806227	7806511	1795	2022	47.03	CHH
7	8049142	8049326	730	27	96.43	CG
7	8049142	8049326	156	196	44.32	CHG
7	8049142	8049326	416	2301	15.31	CHH
7	8294134	8294483	17	666	2.49	CG
7	8294134	8294483	44	798	5.23	CHG
7	8294134	8294483	274	4574	5.65	CHH
7	8334119	8334358	38	48	44.19	CHG
7	8334119	8334358	1470	2096	41.22	CHH
7	8993394	8993705	171	6	96.61	CG
7	8993394	8993705	1115	2969	27.30	CHH
7	13286370	13286485	249	1521	14.07	CHH
7	15188698	15188829	57	41	58.16	CHG
7	15188698	15188829	237	2164	9.87	CHH
7	15431878	15432092	207	11	94.95	CG
7	15431878	15432092	76	39	66.09	CHG
7	15431878	15432092	1207	1259	48.95	CHH
7	15677983	15678606	509	782	39.43	CG
7	15677983	15678606	338	977	25.70	CHG
7	15677983	15678606	504	5453	8.46	CHH
7	16599468	16599909	256	14	94.81	CG
7	16599468	16599909	204	901	18.46	CHG
7	16599468	16599909	361	5215	6.47	CHH
7	17099241	17099723	63	4	94.03	CHG
7	17099241	17099723	2702	3529	43.36	CHH
7	17790357	17790553	82	5	94.25	CG
7	17790357	17790553	203	61	76.89	CHG
7	17790357	17790553	1243	2216	35.94	CHH
7	18624941	18625154	63	3	95.45	CG
7	18624941	18625154	80	45	64.00	CHG
7	18624941	18625154	810	2194	26.96	CHH
7	18712663	18712940	587	3712	13.65	CHH
7	19254932	19255653	489	701	41.09	CG
7	19254932	19255653	244	3056	7.39	CHG
7	19254932	19255653	899	8533	9.53	CHH
7	20129015	20129222	906	1936	31.88	CHH
7	20150949	20151108	74	4	94.87	CG
7	20150949	20151108	141	61	69.80	CHG
7	20150949	20151108	277	2113	11.59	CHH
7	20424851	20425235	76	8	90.48	CG
7	20424851	20425235	939	3978	19.10	CHH
7	21311702	21311873	157	10	94.01	CG
7	21311702	21311873	200	52	79.37	CHG
7	21311702	21311873	737	1286	36.43	CHH
7	22392996	22393180	289	20	93.53	CG
7	22392996	22393180	269	44	85.94	CHG
7	22392996	22393180	236	1976	10.67	CHH
7	22532503	22532689	798	1694	32.02	CHH
7	22933956	22934220	898	28	96.98	CG
7	22933956	22934220	296	161	64.77	CHG
7	22933956	22934220	506	2252	18.35	CHH
7	24616760	24617444	1217	155	88.70	CG
7	24616760	24617444	795	377	67.83	CHG
7	24616760	24617444	789	4970	13.70	CHH
7	24811648	24811977	74	3	96.10	CG
7	24811648	24811977	69	15	82.14	CHG
7	24811648	24811977	1332	3273	28.93	CHH
7	24948880	24949085	976	2221	30.53	CHH
7	25909857	25910353	676	46	93.63	CG
7	25909857	25910353	761	455	62.58	CHG
7	25909857	25910353	1332	5562	19.32	CHH
7	26251607	26251758	800	1234	39.33	CHH
7	26258085	26258557	1268	36	97.24	CG
7	26258085	26258557	393	222	63.90	CHG
7	26258085	26258557	1413	4176	25.28	CHH
7	27119822	27120089	77	8	90.59	CG
7	27119822	27120089	15	69	17.86	CHG
7	27119822	27120089	759	2587	22.68	CHH
7	27169621	27169836	1	76	1.30	CG
7	27169621	27169836	39	533	6.82	CHG
7	27169621	27169836	185	2345	7.31	CHH
7	27307263	27307688	718	34	95.48	CG
7	27307263	27307688	564	212	72.68	CHG
7	27307263	27307688	1178	2718	30.24	CHH
7	28376367	28376563	92	5	94.85	CG
7	28376367	28376563	68	27	71.58	CHG
7	28376367	28376563	982	2331	29.64	CHH
7	29243799	29244004	725	1858	28.07	CHH
7	29311074	29311344	1191	2939	28.84	CHH
7	29467990	29468204	1446	1732	45.50	CHH
8	1575049	1575210	463	1268	26.75	CHH
8	1623373	1623626	83	3	96.51	CG
8	1623373	1623626	10	38	20.83	CHG
8	1623373	1623626	1275	2380	34.88	CHH
8	2431336	2431426	143	172	45.40	CG
8	2431336	2431426	19	19	50.00	CHG
8	2431336	2431426	250	1326	15.86	CHH
8	3073639	3073816	63	87	42.00	CG
8	3073639	3073816	155	332	31.83	CHG
8	3073639	3073816	256	1821	12.33	CHH
8	3388417	3388667	156	6	96.30	CG
8	3388417	3388667	83	71	53.90	CHG
8	3388417	3388667	1305	2217	37.05	CHH
8	3751907	3752073	606	16	97.43	CG
8	3751907	3752073	323	163	66.46	CHG
8	3751907	3752073	274	2094	11.57	CHH
8	3958363	3958508	483	1345	26.42	CHH
8	5131858	5132029	133	20	86.93	CHG
8	5131858	5132029	638	1549	29.17	CHH
8	5321619	5321826	88	3	96.70	CG
8	5321619	5321826	29	20	59.18	CHG
8	5321619	5321826	1450	2681	35.10	CHH
8	5680035	5680214	168	4	97.67	CG
8	5680035	5680214	165	15	91.67	CHG
8	5680035	5680214	494	2492	16.54	CHH
8	5836841	5837082	246	13	94.98	CG
8	5836841	5837082	938	2197	29.92	CHH
8	6111458	6111746	411	11	97.39	CG
8	6111458	6111746	248	163	60.34	CHG
8	6111458	6111746	660	3379	16.34	CHH
8	6753823	6754136	79	0	100.00	CG
8	6753823	6754136	205	31	86.86	CHG
8	6753823	6754136	1064	2529	29.61	CHH
8	7603360	7603612	179	6	96.76	CG
8	7603360	7603612	672	2298	22.63	CHH
8	8071926	8072156	461	17	96.44	CG
8	8071926	8072156	81	75	51.92	CHG
8	8071926	8072156	781	2375	24.75	CHH
8	10060129	10060270	961	1329	41.97	CHH
8	10886885	10887057	166	10	94.32	CG
8	10886885	10887057	4	33	10.81	CHG
8	10886885	10887057	134	1909	6.56	CHH
8	11782944	11783090	140	28	83.33	CHG
8	11782944	11783090	535	1931	21.70	CHH
8	12350212	12350309	100	1	99.01	CG
8	12350212	12350309	20	32	38.46	CHG
8	12350212	12350309	235	1395	14.42	CHH
8	15503593	15503835	78	5	93.98	CG
8	15503593	15503835	1283	2022	38.82	CHH
8	18141156	18141305	396	2062	16.11	CHH
8	19423131	19423387	88	8	91.67	CG
8	19423131	19423387	10	45	18.18	CHG
8	19423131	19423387	861	2627	24.68	CHH
8	20377385	20377714	1149	54	95.51	CG
8	20377385	20377714	234	208	52.94	CHG
8	20377385	20377714	805	4088	16.45	CHH
8	20558563	20558824	68	17	80.00	CG
8	20558563	20558824	75	50	60.00	CHG
8	20558563	20558824	907	2470	26.86	CHH
8	21654366	21654527	165	27	85.94	CG
8	21654366	21654527	104	96	52.00	CHG
8	21654366	21654527	319	775	29.16	CHH
8	22741998	22742320	34	58	36.96	CHG
8	22741998	22742320	926	3578	20.56	CHH
8	22776595	22776863	67	2	97.10	CG
8	22776595	22776863	253	148	63.09	CHG
8	22776595	22776863	888	2028	30.45	CHH
8	22948102	22948411	70	6	92.11	CG
8	22948102	22948411	940	3075	23.41	CHH
8	23349964	23350100	165	9	94.83	CG
8	23349964	23350100	370	2224	14.26	CHH
8	23488434	23488729	482	22	95.63	CG
8	23488434	23488729	196	106	64.90	CHG
8	23488434	23488729	596	3231	15.57	CHH
8	24309357	24309533	5	251	1.95	CG
8	24309357	24309533	51	638	7.40	CHG
8	24309357	24309533	209	2313	8.29	CHH
8	24422312	24422568	81	4	95.29	CG
8	24422312	24422568	130	86	60.19	CHG
8	24422312	24422568	1044	2454	29.85	CHH
8	24735337	24736197	862	47	94.83	CG
8	24735337	24736197	879	581	60.21	CHG
8	24735337	24736197	1039	10056	9.36	CHH
8	24736834	24737078	982	48	95.34	CG
8	24736834	24737078	184	162	53.18	CHG
8	24736834	24737078	195	2876	6.35	CHH
8	24750449	24750953	533	36	93.67	CG
8	24750449	24750953	562	191	74.63	CHG
8	24750449	24750953	714	5569	11.36	CHH
8	24768225	24768508	149	99	60.08	CG
8	24768225	24768508	52	393	11.69	CHG
8	24768225	24768508	266	3774	6.58	CHH
8	24784953	24785097	182	6	96.81	CG
8	24784953	24785097	100	48	67.57	CHG
8	24784953	24785097	250	1844	11.94	CHH
8	24834030	24834325	204	10	95.33	CG
8	24834030	24834325	100	6	94.34	CHG
8	24834030	24834325	1581	3130	33.56	CHH
8	24968997	24969171	83	3	96.51	CG
8	24968997	24969171	97	20	82.91	CHG
8	24968997	24969171	583	1965	22.88	CHH
8	26169264	26169435	557	22	96.20	CG
8	26169264	26169435	108	56	65.85	CHG
8	26169264	26169435	716	845	45.87	CHH
8	26441035	26441114	34	115	22.82	CHG
8	26441035	26441114	160	955	14.35	CHH
8	26827794	26828034	244	527	31.65	CG
8	26827794	26828034	116	457	20.24	CHG
8	26827794	26828034	342	2287	13.01	CHH
8	27623734	27623958	723	33	95.63	CG
8	27623734	27623958	367	257	58.81	CHG
8	27623734	27623958	401	2468	13.98	CHH
8	28152674	28152872	1293	1293	50.00	CHH
8	28409753	28410078	142	6	95.95	CG
8	28409753	28410078	204	7	96.68	CHG
8	28409753	28410078	1488	2664	35.84	CHH
9	1254705	1254916	266	7	97.44	CG
9	1254705	1254916	15	29	34.09	CHG
9	1254705	1254916	227	1190	16.02	CHH
9	1884036	1884200	678	1993	25.38	CHH
9	3634113	3634220	85	19	81.73	CHG
9	3634113	3634220	617	1544	28.55	CHH
9	3933418	3933532	66	2	97.06	CG
9	3933418	3933532	58	10	85.29	CHG
9	3933418	3933532	482	701	40.74	CHH
9	4570159	4570785	1123	57	95.17	CG
9	4570159	4570785	975	309	75.93	CHG
9	4570159	4570785	1584	5347	22.85	CHH
9	7158967	7159348	91	149	37.92	CG
9	7158967	7159348	86	342	20.09	CHG
9	7158967	7159348	625	3500	15.15	CHH
9	10378957	10379055	387	13	96.75	CG
9	10378957	10379055	147	222	39.84	CHG
9	10378957	10379055	85	985	7.94	CHH
9	10754150	10754480	82	4	95.35	CG
9	10754150	10754480	112	56	66.67	CHG
9	10754150	10754480	1418	2949	32.47	CHH
9	11037393	11037551	529	2348	18.39	CHH
9	14633566	14633811	522	12	97.75	CG
9	14633566	14633811	364	88	80.53	CHG
9	14633566	14633811	1744	1677	50.98	CHH
9	16086094	16086273	126	13	90.65	CG
9	16086094	16086273	67	28	70.53	CHG
9	16086094	16086273	663	1750	27.48	CHH
9	16215726	16215834	331	1325	19.99	CHH
9	16663866	16664244	402	159	71.66	CG
9	16663866	16664244	181	669	21.29	CHG
9	16663866	16664244	456	3993	10.25	CHH
9	16928122	16928188	193	1074	15.23	CHH
9	17420619	17420974	95	6	94.06	CG
9	17420619	17420974	226	71	76.09	CHG
9	17420619	17420974	212	2686	7.32	CHH
9	19098095	19098253	74	3	96.10	CG
9	19098095	19098253	87	72	54.72	CHG
9	19098095	19098253	484	1603	23.19	CHH
9	21886164	21886293	277	1774	13.51	CHH
10	368179	368447	120	27	81.63	CHG
10	368179	368447	797	3538	18.39	CHH
10	404795	404929	424	18	95.93	CG
10	404795	404929	16	55	22.54	CHG
10	404795	404929	267	1209	18.09	CHH
10	1838124	1838526	145	7	95.39	CG
10	1838124	1838526	82	7	92.13	CHG
10	1838124	1838526	1903	2672	41.60	CHH
10	1890175	1890720	820	29	96.58	CG
10	1890175	1890720	683	463	59.60	CHG
10	1890175	1890720	950	6681	12.45	CHH
10	2576261	2576420	674	1732	28.01	CHH
10	3444619	3445144	194	589	24.78	CG
10	3444619	3445144	155	928	14.31	CHG
10	3444619	3445144	607	5611	9.76	CHH
10	5680298	5680662	886	634	58.29	CG
10	5680298	5680662	337	1461	18.74	CHG
10	5680298	5680662	434	2912	12.97	CHH
10	6420591	6420748	24	401	5.65	CHG
10	6420591	6420748	116	1610	6.72	CHH
10	7535391	7535626	364	1910	16.01	CHH
10	8506073	8506152	102	89	53.40	CG
10	8506073	8506152	261	906	22.37	CHH
10	9497876	9498140	280	20	93.33	CG
10	9497876	9498140	21	57	26.92	CHG
10	9497876	9498140	1045	2025	34.04	CHH
10	11192936	11193103	165	7	95.93	CG
10	11192936	11193103	60	101	37.27	CHG
10	11192936	11193103	578	2164	21.08	CHH
10	11922949	11923127	76	4	95.00	CG
10	11922949	11923127	170	25	87.18	CHG
10	11922949	11923127	875	1761	33.19	CHH
10	12206026	12206233	57	12	82.61	CG
10	12206026	12206233	20	59	25.32	CHG
10	12206026	12206233	987	2395	29.18	CHH
10	13147744	13147963	360	10	97.30	CG
10	13147744	13147963	139	40	77.65	CHG
10	13147744	13147963	687	2249	23.40	CHH
10	15011394	15011890	988	122	89.01	CG
10	15011394	15011890	373	308	54.77	CHG
10	15011394	15011890	1088	4575	19.21	CHH
10	15870323	15870605	103	6	94.50	CG
10	15870323	15870605	158	281	35.99	CHG
10	15870323	15870605	404	1558	20.59	CHH
10	15986243	15986518	29	57	33.72	CG
10	15986243	15986518	42	414	9.21	CHG
10	15986243	15986518	180	3052	5.57	CHH
10	15991567	15992011	42	1070	3.78	CG
10	15991567	15992011	90	1348	6.26	CHG
10	15991567	15992011	389	4438	8.06	CHH
10	16003795	16003950	16	63	20.25	CG
10	16003795	16003950	40	515	7.21	CHG
10	16003795	16003950	73	1846	3.80	CHH
10	16208913	16209034	80	4	95.24	CG
10	16208913	16209034	86	38	69.35	CHG
10	16208913	16209034	671	892	42.93	CHH
10	17033161	17033405	940	71	92.98	CG
10	17033161	17033405	268	110	70.90	CHG
10	17033161	17033405	853	1718	33.18	CHH
10	18046108	18046282	1125	1258	47.21	CHH
10	18101624	18101816	540	32	94.41	CG
10	18101624	18101816	266	223	54.40	CHG
10	18101624	18101816	1034	1641	38.65	CHH
10	18561922	18562175	400	18	95.69	CG
10	18561922	18562175	594	182	76.55	CHG
10	18561922	18562175	558	2078	21.17	CHH
10	18632472	18632641	492	1809	21.38	CHH
10	19698082	19698409	157	4	97.52	CG
10	19698082	19698409	229	15	93.85	CHG
10	19698082	19698409	1570	3049	33.99	CHH
10	19941399	19941637	96	3	96.97	CG
10	19941399	19941637	637	2660	19.32	CHH
10	20291443	20292459	2983	122	96.07	CG
10	20291443	20292459	1570	371	80.89	CHG
10	20291443	20292459	1585	9248	14.63	CHH
10	20762313	20762534	14	405	3.34	CG
10	20762313	20762534	32	838	3.68	CHG
10	20762313	20762534	93	2702	3.33	CHH
10	20778820	20779263	66	603	9.87	CG
10	20778820	20779263	60	1344	4.27	CHG
10	20778820	20779263	329	4501	6.81	CHH
10	21827999	21828272	97	52	65.10	CHG
10	21827999	21828272	1370	2580	34.68	CHH
10	22689536	22689741	1250	1644	43.19	CHH
10	22690213	22690439	870	1941	30.95	CHH
11	569050	569549	126	4	96.92	CG
11	569050	569549	520	127	80.37	CHG
11	569050	569549	1953	3440	36.21	CHH
11	1200546	1200636	74	1	98.67	CG
11	1200546	1200636	64	13	83.12	CHG
11	1200546	1200636	178	1003	15.07	CHH
11	1713742	1714360	1149	36	96.96	CG
11	1713742	1714360	881	197	81.73	CHG
11	1713742	1714360	1997	6666	23.05	CHH
11	1878755	1878890	32	126	20.25	CG
11	1878755	1878890	51	210	19.54	CHG
11	1878755	1878890	165	1334	11.01	CHH
11	1932470	1932979	84	1	98.82	CG
11	1932470	1932979	198	104	65.56	CHG
11	1932470	1932979	2177	4290	33.66	CHH
11	1947206	1947542	76	6	92.68	CG
11	1947206	1947542	456	3770	10.79	CHH
11	2378673	2378944	304	18	94.41	CG
11	2378673	2378944	12	56	17.65	CHG
11	2378673	2378944	1187	1730	40.69	CHH
11	5554822	5555192	133	7	95.00	CG
11	5554822	5555192	619	93	86.94	CHG
11	5554822	5555192	1495	2372	38.66	CHH
11	7332863	7333120	125	8	93.98	CG
11	7332863	7333120	68	82	45.33	CHG
11	7332863	7333120	473	2025	18.94	CHH
11	7589703	7589963	75	5	93.75	CG
11	7589703	7589963	81	9	90.00	CHG
11	7589703	7589963	988	1804	35.39	CHH
11	7735709	7735929	295	19	93.95	CG
11	7735709	7735929	85	265	24.29	CHG
11	7735709	7735929	143	2189	6.13	CHH
11	8045721	8046006	861	280	75.46	CG
11	8045721	8046006	65	303	17.66	CHG
11	8045721	8046006	330	3804	7.98	CHH
11	9151816	9151968	40	42	48.78	CHG
11	9151816	9151968	539	1757	23.48	CHH
11	11662804	11663369	380	22	94.53	CG
11	11662804	11663369	538	98	84.59	CHG
11	11662804	11663369	1008	5761	14.89	CHH
11	11787143	11787246	928	1559	37.31	CHH
11	13632522	13632647	28	353	7.35	CHG
11	13632522	13632647	87	1251	6.50	CHH
11	14005572	14005699	179	1594	10.10	CHH
11	14006096	14006227	198	1548	11.34	CHH
11	14311549	14311878	916	20	97.86	CG
11	14311549	14311878	306	92	76.88	CHG
11	14311549	14311878	818	3180	20.46	CHH
11	16006890	16007049	63	5	92.65	CG
11	16006890	16007049	27	12	69.23	CHG
11	16006890	16007049	703	1287	35.33	CHH
11	16339318	16339504	457	18	96.21	CG
11	16339318	16339504	23	74	23.71	CHG
11	16339318	16339504	407	2082	16.35	CHH
11	16884445	16884740	135	12	91.84	CG
11	16884445	16884740	1440	1984	42.06	CHH
11	16979978	16980123	92	6	93.88	CG
11	16979978	16980123	239	2151	10.00	CHH
11	18415594	18415828	66	6	91.67	CG
11	18415594	18415828	522	2293	18.54	CHH
11	19478887	19479310	620	23	96.42	CG
11	19478887	19479310	504	804	38.53	CHG
11	19478887	19479310	1070	4180	20.38	CHH
11	19817539	19817761	44	41	51.76	CHG
11	19817539	19817761	734	1153	38.90	CHH
11	21197890	21198236	94	76	55.29	CHG
11	21197890	21198236	1776	3961	30.96	CHH
11	21255747	21256111	556	16	97.20	CG
11	21255747	21256111	769	110	87.49	CHG
11	21255747	21256111	653	3322	16.43	CHH
11	21412886	21413094	513	64	88.91	CG
11	21412886	21413094	115	321	26.38	CHG
11	21412886	21413094	153	1808	7.80	CHH
11	22039593	22039763	161	31	83.85	CHG
11	22039593	22039763	819	1606	33.77	CHH
11	23435202	23435727	83	176	32.05	CG
11	23435202	23435727	239	1419	14.41	CHG
11	23435202	23435727	664	5482	10.80	CHH
11	24395075	24395260	31	340	8.36	CG
11	24395075	24395260	16	113	12.40	CHG
11	24395075	24395260	168	2148	7.25	CHH
11	24851409	24851658	452	15	96.79	CG
11	24851409	24851658	559	42	93.01	CHG
11	24851409	24851658	431	2033	17.49	CHH
11	24991462	24991590	81	2	97.59	CG
11	24991462	24991590	146	204	41.71	CHG
11	24991462	24991590	464	909	33.79	CHH
11	25110396	25110624	170	9	94.97	CG
11	25110396	25110624	13	31	29.55	CHG
11	25110396	25110624	694	2149	24.41	CHH
11	25586084	25586542	464	31	93.74	CG
11	25586084	25586542	485	73	86.92	CHG
11	25586084	25586542	950	6660	12.48	CHH
11	25784649	25784892	211	6	97.24	CG
11	25784649	25784892	271	164	62.30	CHG
11	25784649	25784892	652	3732	14.87	CHH
11	25810584	25810761	67	20	77.01	CHG
11	25810584	25810761	590	1899	23.70	CHH
11	25853608	25853790	73	3	96.05	CG
11	25853608	25853790	753	1789	29.62	CHH
11	26205598	26205997	237	88	72.92	CG
11	26205598	26205997	34	565	5.68	CHG
11	26205598	26205997	166	4523	3.54	CHH
11	27682635	27683583	2847	130	95.63	CG
11	27682635	27683583	1820	624	74.47	CHG
11	27682635	27683583	1287	7169	15.22	CHH
11	28181129	28181426	109	4	96.46	CG
11	28181129	28181426	515	1950	20.89	CHH
12	217168	217301	182	2	98.91	CG
12	217168	217301	64	26	71.11	CHG
12	217168	217301	872	1148	43.17	CHH
12	552916	553122	419	2340	15.19	CHH
12	793700	793972	73	8	90.12	CHG
12	793700	793972	1446	2171	39.98	CHH
12	961100	961336	153	13	92.17	CG
12	961100	961336	291	503	36.65	CHG
12	961100	961336	289	2323	11.06	CHH
12	1049649	1049822	1138	1298	46.72	CHH
12	1548545	1548692	142	22	86.59	CHG
12	1548545	1548692	398	1390	22.26	CHH
12	1801896	1802216	173	56	75.55	CG
12	1801896	1802216	244	119	67.22	CHG
12	1801896	1802216	523	2746	16.00	CHH
12	1816647	1816809	79	5	94.05	CG
12	1816647	1816809	710	1705	29.40	CHH
12	2466366	2466538	129	16	88.97	CHG
12	2466366	2466538	809	1828	30.68	CHH
12	5021892	5024116	1749	64	96.47	CG
12	5021892	5024116	3382	1950	63.43	CHG
12	5021892	5024116	2058	23255	8.13	CHH
12	5024498	5027592	2306	131	94.62	CG
12	5024498	5027592	3877	2852	57.62	CHG
12	5024498	5027592	3989	36765	9.79	CHH
12	7849278	7849532	614	27	95.79	CG
12	7849278	7849532	32	33	49.23	CHG
12	7849278	7849532	452	3163	12.50	CHH
12	10927998	10928435	76	6	92.68	CG
12	10927998	10928435	89	207	30.07	CHG
12	10927998	10928435	360	6078	5.59	CHH
12	11362213	11362441	81	3	96.43	CG
12	11362213	11362441	60	25	70.59	CHG
12	11362213	11362441	1244	1987	38.50	CHH
12	12440435	12440631	732	291	71.55	CG
12	12440435	12440631	147	325	31.14	CHG
12	12440435	12440631	222	2057	9.74	CHH
12	12966688	12966790	524	1185	30.66	CHH
12	15202347	15202507	172	11	93.99	CG
12	15202347	15202507	54	39	58.06	CHG
12	15202347	15202507	211	1779	10.60	CHH
12	17986589	17987047	386	23	94.38	CG
12	17986589	17987047	474	162	74.53	CHG
12	17986589	17987047	929	5168	15.24	CHH
12	18936325	18936741	1137	56	95.31	CG
12	18936325	18936741	153	185	45.27	CHG
12	18936325	18936741	926	4471	17.16	CHH
12	19120680	19120950	73	73	50.00	CG
12	19120680	19120950	46	16	74.19	CHG
12	19120680	19120950	509	2591	16.42	CHH
12	19156150	19156313	83	7	92.22	CG
12	19156150	19156313	260	28	90.28	CHG
12	19156150	19156313	985	1078	47.75	CHH
12	21483416	21483688	259	14	94.87	CG
12	21483416	21483688	477	72	86.89	CHG
12	21483416	21483688	547	3867	12.39	CHH
12	21831911	21832012	102	1082	8.61	CHH
12	22451242	22451490	24	72	25.00	CHG
12	22451242	22451490	1258	2501	33.47	CHH
12	22462835	22463098	27	251	9.71	CG
12	22462835	22463098	113	365	23.64	CHG
12	22462835	22463098	697	2235	23.77	CHH
12	22503691	22503984	307	7	97.77	CG
12	22503691	22503984	205	81	71.68	CHG
12	22503691	22503984	1022	2262	31.12	CHH
12	23090136	23090406	89	6	93.68	CG
12	23090136	23090406	1388	2929	32.15	CHH
12	23253874	23254115	171	3	98.28	CG
12	23253874	23254115	9	82	9.89	CHG
12	23253874	23254115	693	2165	24.25	CHH
12	23419385	23419484	71	11	86.59	CG
12	23419385	23419484	169	995	14.52	CHH
12	23569460	23569549	222	20	91.74	CG
12	23569460	23569549	67	12	84.81	CHG
12	23569460	23569549	187	998	15.78	CHH
12	24432087	24432276	494	2526	16.36	CHH
12	25119408	25119711	540	24	95.74	CG
12	25119408	25119711	319	274	53.79	CHG
12	25119408	25119711	405	3057	11.70	CHH
12	25285613	25285813	81	5	94.19	CG
12	25285613	25285813	755	1800	29.55	CHH
12	25690213	25690552	393	123	76.16	CG
12	25690213	25690552	109	262	29.38	CHG
12	25690213	25690552	279	3179	8.07	CHH
12	26052913	26053003	61	283	17.73	CHG
12	26052913	26053003	118	915	11.42	CHH
