1	104478	104599	30	3	90.91	CG
1	104478	104599	27	15	64.29	CHG
1	104478	104599	74	342	17.79	CHH
1	521199	522723	2385	2811	45.90	CG
1	521199	522723	454	4186	9.78	CHG
1	521199	522723	1040	19380	5.09	CHH
1	718927	719135	5	370	1.33	CG
1	718927	719135	22	529	3.99	CHG
1	718927	719135	178	2199	7.49	CHH
1	1687637	1688991	77	2550	2.93	CG
1	1687637	1688991	229	2985	7.13	CHG
1	1687637	1688991	760	13479	5.34	CHH
1	1781116	1781366	136	1966	6.47	CG
1	1781116	1781366	77	695	9.97	CHG
1	1781116	1781366	114	1885	5.70	CHH
1	2137510	2140455	1439	10134	12.43	CG
1	2137510	2140455	1333	8597	13.42	CHG
1	2137510	2140455	2892	32685	8.13	CHH
1	2172488	2172625	2	211	0.94	CG
1	2172488	2172625	106	1568	6.33	CHH
1	2198640	2199644	3256	177	94.84	CG
1	2198640	2199644	1355	735	64.83	CHG
1	2198640	2199644	350	2875	10.85	CHH
1	2541454	2541598	212	216	49.53	CG
1	2541454	2541598	30	187	13.82	CHG
1	2541454	2541598	135	1323	9.26	CHH
1	2579778	2580676	2455	352	87.46	CG
1	2579778	2580676	242	3128	7.18	CHG
1	2579778	2580676	712	11224	5.97	CHH
1	3016827	3017062	64	2155	2.88	CG
1	3016827	3017062	64	1041	5.79	CHG
1	3016827	3017062	170	3106	5.19	CHH
1	4122738	4127182	3037	9188	24.84	CG
1	4122738	4127182	1042	13983	6.94	CHG
1	4122738	4127182	4707	46738	9.15	CHH
1	4510347	4510477	87	4	95.60	CG
1	4510347	4510477	17	118	12.59	CHG
1	4510347	4510477	161	1436	10.08	CHH
1	4702022	4702256	216	441	32.88	CG
1	4702022	4702256	32	301	9.61	CHG
1	4702022	4702256	206	1345	13.28	CHH
1	5814441	5815039	8	688	1.15	CG
1	5814441	5815039	44	1512	2.83	CHG
1	5814441	5815039	359	7715	4.45	CHH
1	6934697	6934863	597	19	96.92	CG
1	6934697	6934863	256	45	85.05	CHG
1	6934697	6934863	192	1044	15.53	CHH
1	7198017	7199243	1950	54	97.31	CG
1	7198017	7199243	169	2822	5.65	CHG
1	7198017	7199243	512	12101	4.06	CHH
1	7302410	7302594	13	916	1.40	CG
1	7302410	7302594	24	360	6.25	CHG
1	7302410	7302594	99	1934	4.87	CHH
1	7518469	7519081	31	1354	2.24	CG
1	7518469	7519081	92	1566	5.55	CHG
1	7518469	7519081	300	6680	4.30	CHH
1	7690448	7691550	224	4280	4.97	CG
1	7690448	7691550	315	3451	8.36	CHG
1	7690448	7691550	877	12821	6.40	CHH
1	8124136	8124703	2477	90	96.49	CG
1	8124136	8124703	1187	491	70.74	CHG
1	8124136	8124703	746	5830	11.34	CHH
1	8426975	8427236	267	94	73.96	CG
1	8426975	8427236	52	1082	4.59	CHG
1	8426975	8427236	117	2854	3.94	CHH
1	8831214	8831605	1014	44	95.84	CG
1	8831214	8831605	596	242	71.12	CHG
1	8831214	8831605	362	4620	7.27	CHH
1	8866192	8866541	1126	43	96.32	CG
1	8866192	8866541	493	169	74.47	CHG
1	8866192	8866541	295	2135	12.14	CHH
1	9124022	9124118	158	6	96.34	CG
1	9124022	9124118	422	75	84.91	CHG
1	9124022	9124118	193	566	25.43	CHH
1	9260960	9261224	157	6	96.32	CG
1	9260960	9261224	21	538	3.76	CHG
1	9260960	9261224	199	2929	6.36	CHH
1	9681083	9681232	145	77	65.32	CG
1	9681083	9681232	195	498	28.14	CHH
1	9734291	9734532	3	369	0.81	CG
1	9734291	9734532	9	101	8.18	CHG
1	9734291	9734532	107	1871	5.41	CHH
1	10263106	10263294	42	1136	3.57	CG
1	10263106	10263294	31	619	4.77	CHG
1	10263106	10263294	212	1998	9.59	CHH
1	10401973	10403052	272	2876	8.64	CG
1	10401973	10403052	223	1788	11.09	CHG
1	10401973	10403052	800	9809	7.54	CHH
1	10417094	10417664	1187	72	94.28	CG
1	10417094	10417664	1667	294	85.01	CHG
1	10417094	10417664	468	6208	7.01	CHH
1	10590568	10590704	7	357	1.92	CG
1	10590568	10590704	26	340	7.10	CHG
1	10590568	10590704	218	857	20.28	CHH
1	10793800	10794970	1905	103	94.87	CG
1	10793800	10794970	444	548	44.76	CHG
1	10793800	10794970	516	3358	13.32	CHH
1	11027002	11027352	357	17	95.45	CG
1	11027002	11027352	32	743	4.13	CHG
1	11027002	11027352	236	3637	6.09	CHH
1	11745247	11745281	11	259	4.07	CG
1	11745247	11745281	3	111	2.63	CHG
1	11745247	11745281	8	197	3.90	CHH
1	11861007	11861467	1402	74	94.99	CG
1	11861007	11861467	616	443	58.17	CHG
1	11861007	11861467	574	4524	11.26	CHH
1	11988203	11988342	39	1202	3.14	CG
1	11988203	11988342	67	703	8.70	CHG
1	11988203	11988342	76	1111	6.40	CHH
1	12157565	12159139	939	14345	6.14	CG
1	12157565	12159139	626	7349	7.85	CHG
1	12157565	12159139	822	14710	5.29	CHH
1	12279664	12280353	236	3623	6.12	CG
1	12279664	12280353	182	2053	8.14	CHG
1	12279664	12280353	342	6287	5.16	CHH
1	12444629	12444759	292	19	93.89	CG
1	12444629	12444759	238	38	86.23	CHG
1	12444629	12444759	78	1335	5.52	CHH
1	12851686	12853647	465	983	32.11	CG
1	12851686	12853647	395	5705	6.48	CHG
1	12851686	12853647	1501	22772	6.18	CHH
1	12977793	12977914	151	10	93.79	CG
1	12977793	12977914	93	1061	8.06	CHH
1	14112270	14112409	64	634	9.17	CHH
1	14747584	14748346	27	1554	1.71	CG
1	14747584	14748346	188	3304	5.38	CHG
1	14747584	14748346	539	11103	4.63	CHH
1	15010958	15011724	3	0	100.00	CG
1	15010958	15011724	0	63	0.00	CHG
1	15010958	15011724	15	187	7.43	CHH
1	15208882	15210074	1536	175	89.77	CG
1	15208882	15210074	618	469	56.85	CHG
1	15208882	15210074	985	10975	8.24	CHH
1	15318812	15319293	2168	109	95.21	CG
1	15318812	15319293	1520	360	80.85	CHG
1	15318812	15319293	480	4205	10.25	CHH
1	15355785	15357554	1789	2481	41.90	CG
1	15355785	15357554	1159	4083	22.11	CHG
1	15355785	15357554	1725	18537	8.51	CHH
1	16453284	16453501	3	85	3.41	CG
1	16453284	16453501	27	161	14.36	CHG
1	16453284	16453501	172	1697	9.20	CHH
1	16722902	16723067	478	48	90.87	CG
1	16722902	16723067	43	169	20.28	CHG
1	16722902	16723067	81	2092	3.73	CHH
1	17385639	17385733	19	235	7.48	CHG
1	17385639	17385733	80	830	8.79	CHH
1	17522237	17522624	1380	47	96.71	CG
1	17522237	17522624	996	219	81.98	CHG
1	17522237	17522624	240	3031	7.34	CHH
1	17762690	17767322	2521	7884	24.23	CG
1	17762690	17767322	2349	7839	23.06	CHG
1	17762690	17767322	7853	43297	15.35	CHH
1	17768299	17768525	4	473	0.84	CG
1	17768299	17768525	17	353	4.59	CHG
1	17768299	17768525	95	2005	4.52	CHH
1	17915233	17918918	4016	3263	55.17	CG
1	17915233	17918918	2107	3403	38.24	CHG
1	17915233	17918918	4650	25787	15.28	CHH
1	18479814	18481021	863	1133	43.24	CG
1	18479814	18481021	184	1520	10.80	CHG
1	18479814	18481021	762	11495	6.22	CHH
1	18515221	18516018	903	27	97.10	CG
1	18515221	18516018	577	102	84.98	CHG
1	18515221	18516018	233	2228	9.47	CHH
1	18605306	18605413	95	5	95.00	CG
1	18605306	18605413	2	308	0.65	CHG
1	18605306	18605413	119	1580	7.00	CHH
1	18679398	18679609	340	5	98.55	CG
1	18679398	18679609	534	35	93.85	CHG
1	18679398	18679609	263	2513	9.47	CHH
1	18781271	18781897	66	1029	6.03	CG
1	18781271	18781897	114	1404	7.51	CHG
1	18781271	18781897	390	5402	6.73	CHH
1	19418149	19418371	450	21	95.54	CG
1	19418149	19418371	323	114	73.91	CHG
1	19418149	19418371	182	2496	6.80	CHH
1	19588801	19588982	296	12	96.10	CG
1	19588801	19588982	113	37	75.33	CHG
1	19588801	19588982	80	869	8.43	CHH
1	19807993	19809436	3859	199	95.10	CG
1	19807993	19809436	1131	588	65.79	CHG
1	19807993	19809436	913	10167	8.24	CHH
1	20220915	20221138	948	22	97.73	CG
1	20220915	20221138	312	115	73.07	CHG
1	20220915	20221138	201	1840	9.85	CHH
1	20351135	20352592	1782	706	71.62	CG
1	20351135	20352592	215	5458	3.79	CHG
1	20351135	20352592	913	16990	5.10	CHH
1	20353735	20353818	81	5	94.19	CG
1	20353735	20353818	12	338	3.43	CHG
1	20353735	20353818	45	769	5.53	CHH
1	20699332	20703291	5155	5230	49.64	CG
1	20699332	20703291	2498	9213	21.33	CHG
1	20699332	20703291	4160	38902	9.66	CHH
1	20759940	20760412	1242	48	96.28	CG
1	20759940	20760412	1260	195	86.60	CHG
1	20759940	20760412	615	4541	11.93	CHH
1	22217602	22218470	1008	1668	37.67	CG
1	22217602	22218470	437	2101	17.22	CHG
1	22217602	22218470	937	8139	10.32	CHH
1	22349537	22349928	91	1688	5.12	CG
1	22349537	22349928	52	1281	3.90	CHG
1	22349537	22349928	180	3240	5.26	CHH
1	22963853	22963900	18	146	10.98	CHG
1	22963853	22963900	8	389	2.02	CHH
1	23088705	23088935	7	712	0.97	CG
1	23088705	23088935	28	433	6.07	CHG
1	23088705	23088935	120	2449	4.67	CHH
1	23190581	23192012	1083	146	88.12	CG
1	23190581	23192012	259	3527	6.84	CHG
1	23190581	23192012	1168	17213	6.35	CHH
1	23334619	23337433	3215	3193	50.17	CG
1	23334619	23337433	855	9135	8.56	CHG
1	23334619	23337433	2341	33404	6.55	CHH
1	23865834	23867004	2873	1076	72.75	CG
1	23865834	23867004	1506	2157	41.11	CHG
1	23865834	23867004	2062	9734	17.48	CHH
1	24056015	24058047	449	5599	7.42	CG
1	24056015	24058047	649	4234	13.29	CHG
1	24056015	24058047	1303	19317	6.32	CHH
1	24127473	24127717	397	132	75.05	CG
1	24127473	24127717	34	637	5.07	CHG
1	24127473	24127717	96	3404	2.74	CHH
1	24218590	24218768	84	384	17.95	CG
1	24218590	24218768	52	303	14.65	CHG
1	24218590	24218768	132	2166	5.74	CHH
1	24367289	24368699	1351	3004	31.02	CG
1	24367289	24368699	517	4245	10.86	CHG
1	24367289	24368699	1460	13873	9.52	CHH
1	24540618	24541036	505	20	96.19	CG
1	24540618	24541036	38	988	3.70	CHG
1	24540618	24541036	225	4234	5.05	CHH
1	25075086	25078372	436	14028	3.01	CG
1	25075086	25078372	619	11685	5.03	CHG
1	25075086	25078372	1878	33032	5.38	CHH
1	26189136	26189851	234	804	22.54	CG
1	26189136	26189851	189	2856	6.21	CHG
1	26189136	26189851	475	6646	6.67	CHH
1	27455091	27455579	3321	146	95.79	CG
1	27455091	27455579	2479	682	78.42	CHG
1	27455091	27455579	811	8031	9.17	CHH
1	27505658	27505866	15	170	8.11	CG
1	27505658	27505866	33	661	4.76	CHG
1	27505658	27505866	176	2148	7.57	CHH
1	27576543	27577893	3325	141	95.93	CG
1	27576543	27577893	1979	342	85.26	CHG
1	27576543	27577893	1920	15823	10.82	CHH
1	28118813	28118935	18	148	10.84	CG
1	28118813	28118935	17	483	3.40	CHG
1	28118813	28118935	51	1673	2.96	CHH
1	29188109	29189334	174	6374	2.66	CG
1	29188109	29189334	278	3696	7.00	CHG
1	29188109	29189334	1432	12809	10.06	CHH
1	29223726	29224697	607	4701	11.44	CG
1	29223726	29224697	140	2221	5.93	CHG
1	29223726	29224697	1663	8569	16.25	CHH
1	29881105	29881917	1154	241	82.72	CG
1	29881105	29881917	1105	287	79.38	CHG
1	29881105	29881917	350	4726	6.90	CHH
1	29892038	29892362	10	81	10.99	CG
1	29892038	29892362	15	325	4.41	CHG
1	29892038	29892362	284	3155	8.26	CHH
1	30396534	30396644	31	548	5.35	CG
1	30396534	30396644	64	708	8.29	CHG
1	30396534	30396644	90	949	8.66	CHH
1	30947617	30952229	7295	2443	74.91	CG
1	30947617	30952229	3497	10488	25.01	CHG
1	30947617	30952229	3711	54813	6.34	CHH
1	30988314	30988439	71	4	94.67	CG
1	30988314	30988439	249	146	63.04	CHG
1	30988314	30988439	62	795	7.23	CHH
1	31131639	31132785	923	2914	24.06	CG
1	31131639	31132785	289	4052	6.66	CHG
1	31131639	31132785	699	11821	5.58	CHH
1	32136432	32136605	96	163	37.07	CG
1	32136432	32136605	21	826	2.48	CHG
1	32136432	32136605	139	2059	6.32	CHH
1	33466485	33466748	978	33	96.74	CG
1	33466485	33466748	456	130	77.82	CHG
1	33466485	33466748	326	2547	11.35	CHH
1	34289798	34291348	1911	1567	54.95	CG
1	34289798	34291348	1100	3031	26.63	CHG
1	34289798	34291348	2330	15823	12.84	CHH
1	34550341	34550600	4	424	0.93	CG
1	34550341	34550600	26	692	3.62	CHG
1	34550341	34550600	113	2927	3.72	CHH
1	34749495	34752244	3774	536	87.56	CG
1	34749495	34752244	3547	1640	68.38	CHG
1	34749495	34752244	2932	18162	13.90	CHH
1	34928206	34928387	208	6	97.20	CG
1	34928206	34928387	749	66	91.90	CHG
1	34928206	34928387	187	1634	10.27	CHH
1	34990120	34992796	6040	2158	73.68	CG
1	34990120	34992796	3022	2722	52.61	CHG
1	34990120	34992796	4228	23463	15.27	CHH
1	35760612	35760952	389	223	63.56	CG
1	35760612	35760952	51	737	6.47	CHG
1	35760612	35760952	349	4603	7.05	CHH
1	35959231	35959351	9	139	6.08	CG
1	35959231	35959351	12	217	5.24	CHG
1	35959231	35959351	131	1411	8.50	CHH
1	36112505	36112684	506	156	76.44	CG
1	36112505	36112684	164	220	42.71	CHG
1	36112505	36112684	221	1482	12.98	CHH
1	36163384	36164022	249	1342	15.65	CG
1	36163384	36164022	261	1288	16.85	CHG
1	36163384	36164022	553	6545	7.79	CHH
1	36208524	36209666	1718	118	93.57	CG
1	36208524	36209666	2336	556	80.77	CHG
1	36208524	36209666	838	12719	6.18	CHH
1	36479686	36479935	86	1369	5.91	CG
1	36479686	36479935	15	543	2.69	CHG
1	36479686	36479935	158	2786	5.37	CHH
1	36890844	36891048	246	99	71.30	CG
1	36890844	36891048	263	147	64.15	CHG
1	36890844	36891048	510	1861	21.51	CHH
1	37118562	37118725	4	137	2.84	CG
1	37118562	37118725	26	402	6.07	CHG
1	37118562	37118725	83	1904	4.18	CHH
1	37253827	37256063	4060	293	93.27	CG
1	37253827	37256063	3325	801	80.59	CHG
1	37253827	37256063	2129	14426	12.86	CHH
1	37757198	37758019	829	2405	25.63	CG
1	37757198	37758019	489	1168	29.51	CHG
1	37757198	37758019	1490	6189	19.40	CHH
1	39603253	39603550	258	12	95.56	CG
1	39603253	39603550	27	1036	2.54	CHG
1	39603253	39603550	176	3093	5.38	CHH
1	40609311	40609427	75	5	93.75	CG
1	40609311	40609427	45	446	9.16	CHG
1	40609311	40609427	89	1435	5.84	CHH
1	40785754	40786192	108	137	44.08	CG
1	40785754	40786192	80	2070	3.72	CHG
1	40785754	40786192	265	5839	4.34	CHH
1	41209454	41212661	3347	8215	28.95	CG
1	41209454	41212661	1694	5878	22.37	CHG
1	41209454	41212661	4016	26704	13.07	CHH
1	42990884	42991140	158	0	100.00	CG
1	42990884	42991140	139	8	94.56	CHG
1	42990884	42991140	45	525	7.89	CHH
2	38468	38578	82	3	96.47	CG
2	38468	38578	22	232	8.66	CHG
2	38468	38578	32	1092	2.85	CHH
2	578331	578545	82	2	97.62	CG
2	578331	578545	43	969	4.25	CHG
2	578331	578545	118	2652	4.26	CHH
2	1736612	1736996	773	53	93.58	CG
2	1736612	1736996	111	1585	6.54	CHG
2	1736612	1736996	310	4249	6.80	CHH
2	2004107	2004464	4	306	1.29	CG
2	2004107	2004464	72	1475	4.65	CHG
2	2004107	2004464	247	4395	5.32	CHH
2	2225031	2228646	7197	899	88.90	CG
2	2225031	2228646	5346	3071	63.51	CHG
2	2225031	2228646	5887	32680	15.26	CHH
2	2448881	2450073	368	223	62.27	CG
2	2448881	2450073	653	2871	18.53	CHG
2	2448881	2450073	1386	11326	10.90	CHH
2	2455636	2457226	5561	174	96.97	CG
2	2455636	2457226	3778	1177	76.25	CHG
2	2455636	2457226	870	8956	8.85	CHH
2	2916264	2916496	171	8	95.53	CG
2	2916264	2916496	18	604	2.89	CHG
2	2916264	2916496	140	2776	4.80	CHH
2	3153141	3153726	1364	78	94.59	CG
2	3153141	3153726	1475	321	82.13	CHG
2	3153141	3153726	704	6654	9.57	CHH
2	3584767	3584907	306	19	94.15	CG
2	3584767	3584907	193	86	69.18	CHG
2	3584767	3584907	621	741	45.59	CHH
2	3668130	3671654	9683	3809	71.77	CG
2	3668130	3671654	4958	5776	46.19	CHG
2	3668130	3671654	4274	30334	12.35	CHH
2	4394475	4394720	0	186	0.00	CG
2	4394475	4394720	37	592	5.88	CHG
2	4394475	4394720	189	2969	5.98	CHH
2	4735326	4735671	37	1312	2.74	CG
2	4735326	4735671	88	1286	6.40	CHG
2	4735326	4735671	261	3667	6.64	CHH
2	4930376	4930562	365	31	92.17	CG
2	4930376	4930562	22	59	27.16	CHG
2	4930376	4930562	76	1257	5.70	CHH
2	6097195	6097472	7	461	1.50	CG
2	6097195	6097472	96	996	8.79	CHG
2	6097195	6097472	176	2388	6.86	CHH
2	6194639	6194966	17	432	3.79	CG
2	6194639	6194966	24	735	3.16	CHG
2	6194639	6194966	350	3981	8.08	CHH
2	6477169	6477370	307	128	70.57	CG
2	6477169	6477370	26	704	3.56	CHG
2	6477169	6477370	157	3093	4.83	CHH
2	6479819	6479943	24	673	3.44	CHG
2	6479819	6479943	80	1726	4.43	CHH
2	7634883	7634997	22	1062	2.03	CG
2	7634883	7634997	40	518	7.17	CHG
2	7634883	7634997	77	1124	6.41	CHH
2	9263789	9264764	783	38	95.37	CG
2	9263789	9264764	496	132	78.98	CHG
2	9263789	9264764	150	2027	6.89	CHH
2	10881944	10882136	9	330	2.65	CG
2	10881944	10882136	22	342	6.04	CHG
2	10881944	10882136	128	2035	5.92	CHH
2	11520851	11521291	368	293	55.67	CG
2	11520851	11521291	111	216	33.94	CHG
2	11520851	11521291	528	3694	12.51	CHH
2	11599189	11600489	935	1714	35.30	CG
2	11599189	11600489	437	2123	17.07	CHG
2	11599189	11600489	1293	11598	10.03	CHH
2	11939679	11939936	83	1	98.81	CG
2	11939679	11939936	28	495	5.35	CHG
2	11939679	11939936	94	2742	3.31	CHH
2	12352060	12352584	2143	81	96.36	CG
2	12352060	12352584	1386	538	72.04	CHG
2	12352060	12352584	417	4934	7.79	CHH
2	12492889	12493008	28	1131	2.42	CG
2	12492889	12493008	27	611	4.23	CHG
2	12492889	12493008	63	1025	5.79	CHH
2	12583382	12585233	2285	624	78.55	CG
2	12583382	12585233	927	5292	14.91	CHG
2	12583382	12585233	1198	21704	5.23	CHH
2	13724770	13725043	27	4	87.10	CG
2	13724770	13725043	9	3	75.00	CHG
2	13724770	13725043	12	92	11.54	CHH
2	14258242	14258497	423	45	90.38	CG
2	14258242	14258497	339	114	74.83	CHG
2	14258242	14258497	165	1884	8.05	CHH
2	14381584	14382260	1082	45	96.01	CG
2	14381584	14382260	733	301	70.89	CHG
2	14381584	14382260	622	6001	9.39	CHH
2	14883666	14884152	1270	36	97.24	CG
2	14883666	14884152	1212	201	85.77	CHG
2	14883666	14884152	424	4086	9.40	CHH
2	15077160	15080035	8999	350	96.26	CG
2	15077160	15080035	6026	1641	78.60	CHG
2	15077160	15080035	2602	27598	8.62	CHH
2	15300768	15301020	360	14	96.26	CG
2	15300768	15301020	810	160	83.51	CHG
2	15300768	15301020	216	2837	7.08	CHH
2	16462100	16462683	1409	343	80.42	CG
2	16462100	16462683	883	1250	41.40	CHG
2	16462100	16462683	608	6912	8.09	CHH
2	16469340	16469527	771	22	97.23	CG
2	16469340	16469527	332	310	51.71	CHG
2	16469340	16469527	99	1414	6.54	CHH
2	16575455	16575576	142	361	28.23	CG
2	16575455	16575576	44	104	29.73	CHG
2	16575455	16575576	241	1221	16.48	CHH
2	16909276	16909402	90	8	91.84	CG
2	16909276	16909402	2	41	4.65	CHG
2	16909276	16909402	230	821	21.88	CHH
2	17470250	17470459	278	17	94.24	CG
2	17470250	17470459	280	54	83.83	CHG
2	17470250	17470459	202	2198	8.42	CHH
2	17693456	17694041	771	704	52.27	CG
2	17693456	17694041	299	1013	22.79	CHG
2	17693456	17694041	474	5275	8.24	CHH
2	17846367	17846587	203	1162	14.87	CG
2	17846367	17846587	51	546	8.54	CHG
2	17846367	17846587	135	1709	7.32	CHH
2	18156897	18157229	1808	79	95.81	CG
2	18156897	18157229	862	220	79.67	CHG
2	18156897	18157229	292	2499	10.46	CHH
2	19262811	19262974	225	3	98.68	CG
2	19262811	19262974	43	110	28.10	CHG
2	19262811	19262974	124	1664	6.94	CHH
2	19369504	19369623	901	53	94.44	CG
2	19369504	19369623	466	117	79.93	CHG
2	19369504	19369623	143	959	12.98	CHH
2	19649757	19649896	26	1024	2.48	CG
2	19649757	19649896	40	445	8.25	CHG
2	19649757	19649896	71	975	6.79	CHH
2	20077988	20078291	679	32	95.50	CG
2	20077988	20078291	245	126	66.04	CHG
2	20077988	20078291	272	1928	12.36	CHH
2	22210158	22210334	40	657	5.74	CG
2	22210158	22210334	17	254	6.27	CHG
2	22210158	22210334	67	1738	3.71	CHH
2	22275294	22275439	1	85	1.16	CG
2	22275294	22275439	13	434	2.91	CHG
2	22275294	22275439	66	1968	3.24	CHH
2	22587752	22588156	816	88	90.27	CG
2	22587752	22588156	463	398	53.77	CHG
2	22587752	22588156	365	3950	8.46	CHH
2	22836225	22836730	36	1439	2.44	CG
2	22836225	22836730	81	1512	5.08	CHG
2	22836225	22836730	284	5847	4.63	CHH
2	22982677	22982914	4	89	4.30	CG
2	22982677	22982914	30	830	3.49	CHG
2	22982677	22982914	198	3841	4.90	CHH
2	23033077	23033411	236	606	28.03	CG
2	23033077	23033411	284	1398	16.88	CHG
2	23033077	23033411	612	3715	14.14	CHH
2	23394395	23395510	3033	335	90.05	CG
2	23394395	23395510	1030	3325	23.65	CHG
2	23394395	23395510	867	17197	4.80	CHH
2	23471507	23472492	769	25	96.85	CG
2	23471507	23472492	750	188	79.96	CHG
2	23471507	23472492	506	4124	10.93	CHH
2	24044095	24044460	1583	129	92.46	CG
2	24044095	24044460	768	208	78.69	CHG
2	24044095	24044460	435	2835	13.30	CHH
2	24717341	24717558	5	301	1.63	CG
2	24717341	24717558	27	677	3.84	CHG
2	24717341	24717558	216	2350	8.42	CHH
2	25574998	25576239	2189	114	95.05	CG
2	25574998	25576239	2246	693	76.42	CHG
2	25574998	25576239	1862	13965	11.76	CHH
2	25830725	25831459	42	2428	1.70	CG
2	25830725	25831459	70	2075	3.26	CHG
2	25830725	25831459	252	6603	3.68	CHH
2	25835047	25835296	24	1031	2.27	CG
2	25835047	25835296	51	730	6.53	CHG
2	25835047	25835296	70	2105	3.22	CHH
2	26548831	26549237	1009	44	95.82	CG
2	26548831	26549237	132	136	49.25	CHG
2	26548831	26549237	755	2565	22.74	CHH
2	26659388	26659535	94	6	94.00	CG
2	26659388	26659535	153	1376	10.01	CHH
2	26689413	26692203	1529	14097	9.78	CG
2	26689413	26692203	975	9119	9.66	CHG
2	26689413	26692203	3239	23206	12.25	CHH
2	28199306	28199617	939	55	94.47	CG
2	28199306	28199617	1182	202	85.40	CHG
2	28199306	28199617	344	3055	10.12	CHH
2	29852698	29852922	64	396	13.91	CG
2	29852698	29852922	55	641	7.90	CHG
2	29852698	29852922	181	2026	8.20	CHH
2	30157272	30157610	631	179	77.90	CG
2	30157272	30157610	215	461	31.80	CHG
2	30157272	30157610	567	2365	19.34	CHH
2	30823979	30824112	10	251	3.83	CG
2	30823979	30824112	24	404	5.61	CHG
2	30823979	30824112	165	1752	8.61	CHH
2	30983625	30984901	126	4256	2.88	CG
2	30983625	30984901	423	6315	6.28	CHG
2	30983625	30984901	940	12965	6.76	CHH
2	31445301	31445449	2	101	1.94	CG
2	31445301	31445449	17	510	3.23	CHG
2	31445301	31445449	105	2399	4.19	CHH
2	31855152	31855271	241	7	97.18	CG
2	31855152	31855271	63	18	77.78	CHG
2	31855152	31855271	125	1980	5.94	CHH
2	32524707	32526194	3052	1369	69.03	CG
2	32524707	32526194	810	3721	17.88	CHG
2	32524707	32526194	1034	11325	8.37	CHH
2	33158169	33158313	250	14	94.70	CG
2	33158169	33158313	328	82	80.00	CHG
2	33158169	33158313	234	1704	12.07	CHH
2	33431516	33431954	281	20	93.36	CG
2	33431516	33431954	37	965	3.69	CHG
2	33431516	33431954	272	5367	4.82	CHH
2	33711999	33712328	91	5	94.79	CG
2	33711999	33712328	34	1139	2.90	CHG
2	33711999	33712328	329	4346	7.04	CHH
2	33834944	33835662	246	694	26.17	CG
2	33834944	33835662	74	1765	4.02	CHG
2	33834944	33835662	499	10486	4.54	CHH
2	33936933	33937065	0	80	0.00	CG
2	33936933	33937065	10	465	2.11	CHG
2	33936933	33937065	82	1761	4.45	CHH
2	34687871	34690219	1053	10541	9.08	CG
2	34687871	34690219	1175	7447	13.63	CHG
2	34687871	34690219	2118	23149	8.38	CHH
2	34747509	34747747	1	0	100.00	CHG
2	34747509	34747747	0	2	0.00	CHH
2	34772462	34772598	6	278	2.11	CHG
2	34772462	34772598	77	1256	5.78	CHH
2	35300370	35300604	100	4	96.15	CG
2	35300370	35300604	14	824	1.67	CHG
2	35300370	35300604	207	3373	5.78	CHH
2	35388799	35389069	9	483	1.83	CG
2	35388799	35389069	35	906	3.72	CHG
2	35388799	35389069	128	2559	4.76	CHH
3	480369	480630	1033	45	95.83	CG
3	480369	480630	22	1087	1.98	CHG
3	480369	480630	199	4044	4.69	CHH
3	615186	620505	6200	8752	41.47	CG
3	615186	620505	3002	11409	20.83	CHG
3	615186	620505	5118	47431	9.74	CHH
3	1097994	1098400	1501	36	97.66	CG
3	1097994	1098400	951	215	81.56	CHG
3	1097994	1098400	708	4251	14.28	CHH
3	2922253	2922366	0	91	0.00	CG
3	2922253	2922366	0	192	0.00	CHG
3	2922253	2922366	59	1885	3.03	CHH
3	2924923	2926581	1372	286	82.75	CG
3	2924923	2926581	365	4106	8.16	CHG
3	2924923	2926581	1323	19055	6.49	CHH
3	3101473	3101729	769	1108	40.97	CG
3	3101473	3101729	49	1163	4.04	CHG
3	3101473	3101729	155	2471	5.90	CHH
3	3782983	3787490	1650	17105	8.80	CG
3	3782983	3787490	1415	13304	9.61	CHG
3	3782983	3787490	3175	45712	6.49	CHH
3	4471611	4471796	41	1080	3.66	CG
3	4471611	4471796	39	658	5.60	CHG
3	4471611	4471796	95	1608	5.58	CHH
3	4501942	4502163	363	438	45.32	CG
3	4501942	4502163	234	348	40.21	CHG
3	4501942	4502163	779	756	50.75	CHH
3	4735915	4736042	16	304	5.00	CG
3	4735915	4736042	28	287	8.89	CHG
3	4735915	4736042	50	1826	2.67	CHH
3	5786527	5786697	139	8	94.56	CG
3	5786527	5786697	9	427	2.06	CHG
3	5786527	5786697	94	1799	4.97	CHH
3	5790733	5792052	2737	155	94.64	CG
3	5790733	5792052	1928	638	75.14	CHG
3	5790733	5792052	1739	11125	13.52	CHH
3	5852144	5852325	465	29	94.13	CG
3	5852144	5852325	422	85	83.23	CHG
3	5852144	5852325	483	2047	19.09	CHH
3	5861909	5862252	399	94	80.93	CG
3	5861909	5862252	60	1215	4.71	CHG
3	5861909	5862252	140	3297	4.07	CHH
3	5863529	5863616	9	235	3.69	CG
3	5863529	5863616	28	394	6.64	CHG
3	5863529	5863616	37	1137	3.15	CHH
3	6119207	6119385	156	1613	8.82	CG
3	6119207	6119385	102	1336	7.09	CHG
3	6119207	6119385	150	1719	8.03	CHH
3	6727333	6727471	3	342	0.87	CG
3	6727333	6727471	8	254	3.05	CHG
3	6727333	6727471	100	1704	5.54	CHH
3	7815881	7816020	109	1859	5.54	CG
3	7815881	7816020	38	831	4.37	CHG
3	7815881	7816020	41	665	5.81	CHH
3	8124800	8125238	58	2765	2.05	CG
3	8124800	8125238	78	1603	4.64	CHG
3	8124800	8125238	249	5829	4.10	CHH
3	8292358	8296069	3988	1848	68.33	CG
3	8292358	8296069	2891	5969	32.63	CHG
3	8292358	8296069	3949	41637	8.66	CHH
3	8918282	8919468	1300	4538	22.27	CG
3	8918282	8919468	493	2930	14.40	CHG
3	8918282	8919468	1618	10874	12.95	CHH
3	8932042	8933228	951	1489	38.98	CG
3	8932042	8933228	503	1057	32.24	CHG
3	8932042	8933228	978	10792	8.31	CHH
3	9007060	9007495	1977	58	97.15	CG
3	9007060	9007495	948	309	75.42	CHG
3	9007060	9007495	360	2562	12.32	CHH
3	9615393	9615681	301	1410	17.59	CG
3	9615393	9615681	72	654	9.92	CHG
3	9615393	9615681	348	3560	8.90	CHH
3	9647322	9647514	40	268	12.99	CG
3	9647322	9647514	25	611	3.93	CHG
3	9647322	9647514	164	2179	7.00	CHH
3	9661238	9663204	682	3944	14.74	CG
3	9661238	9663204	504	4115	10.91	CHG
3	9661238	9663204	1755	18930	8.48	CHH
3	9703524	9703645	15	174	7.94	CG
3	9703524	9703645	25	133	15.82	CHG
3	9703524	9703645	167	1242	11.85	CHH
3	9741411	9741728	489	97	83.45	CG
3	9741411	9741728	243	140	63.45	CHG
3	9741411	9741728	246	2108	10.45	CHH
3	9772110	9773385	2976	474	86.26	CG
3	9772110	9773385	1591	930	63.11	CHG
3	9772110	9773385	1747	11333	13.36	CHH
3	9970758	9972750	804	9642	7.70	CG
3	9970758	9972750	752	7455	9.16	CHG
3	9970758	9972750	1251	20166	5.84	CHH
3	11318102	11319164	689	716	49.04	CG
3	11318102	11319164	296	1620	15.45	CHG
3	11318102	11319164	725	9073	7.40	CHH
3	11624874	11625180	168	6	96.55	CG
3	11624874	11625180	25	979	2.49	CHG
3	11624874	11625180	181	3088	5.54	CHH
3	11762654	11762757	9	182	4.71	CG
3	11762654	11762757	4	91	4.21	CHG
3	11762654	11762757	48	1003	4.57	CHH
3	12013674	12014450	763	40	95.02	CG
3	12013674	12014450	1647	236	87.47	CHG
3	12013674	12014450	791	8863	8.19	CHH
3	13326106	13326294	16	477	3.25	CG
3	13326106	13326294	57	765	6.93	CHG
3	13326106	13326294	129	1763	6.82	CHH
3	14484188	14484405	78	6	92.86	CG
3	14484188	14484405	447	66	87.13	CHG
3	14484188	14484405	225	1793	11.15	CHH
3	14495901	14496241	233	3217	6.75	CG
3	14495901	14496241	113	1451	7.23	CHG
3	14495901	14496241	264	3467	7.08	CHH
3	14633392	14633990	930	30	96.88	CG
3	14633392	14633990	444	103	81.17	CHG
3	14633392	14633990	499	6444	7.19	CHH
3	14886695	14886945	25	238	9.51	CG
3	14886695	14886945	171	149	53.44	CHG
3	14886695	14886945	1094	1271	46.26	CHH
3	15238637	15238822	282	10	96.58	CG
3	15238637	15238822	442	70	86.33	CHG
3	15238637	15238822	191	2260	7.79	CHH
3	15348429	15348696	397	14	96.59	CG
3	15348429	15348696	383	143	72.81	CHG
3	15348429	15348696	237	2627	8.28	CHH
3	15968990	15969281	39	1875	2.04	CG
3	15968990	15969281	68	1517	4.29	CHG
3	15968990	15969281	127	3480	3.52	CHH
3	16545195	16545366	155	6	96.27	CG
3	16545195	16545366	145	33	81.46	CHG
3	16545195	16545366	53	968	5.19	CHH
3	16691128	16691290	219	7	96.90	CG
3	16691128	16691290	53	155	25.48	CHG
3	16691128	16691290	315	1131	21.78	CHH
3	18086982	18087169	6	330	1.79	CG
3	18086982	18087169	15	455	3.19	CHG
3	18086982	18087169	85	2094	3.90	CHH
3	18671229	18673244	2483	1682	59.62	CG
3	18671229	18673244	1195	3080	27.95	CHG
3	18671229	18673244	2447	23012	9.61	CHH
3	19066610	19066885	1038	43	96.02	CG
3	19066610	19066885	233	209	52.71	CHG
3	19066610	19066885	155	1433	9.76	CHH
3	19477758	19477853	186	10	94.90	CG
3	19477758	19477853	118	146	44.70	CHG
3	19477758	19477853	78	753	9.39	CHH
3	20211561	20212451	2314	68	97.15	CG
3	20211561	20212451	1841	294	86.23	CHG
3	20211561	20212451	1235	8522	12.66	CHH
3	20300032	20301332	2659	85	96.90	CG
3	20300032	20301332	3415	506	87.10	CHG
3	20300032	20301332	1341	14378	8.53	CHH
3	20506153	20506547	1078	57	94.98	CG
3	20506153	20506547	837	333	71.54	CHG
3	20506153	20506547	351	4712	6.93	CHH
3	20529596	20530676	2793	5014	35.78	CG
3	20529596	20530676	612	3469	15.00	CHG
3	20529596	20530676	631	8051	7.27	CHH
3	20609274	20609784	779	34	95.82	CG
3	20609274	20609784	531	161	76.73	CHG
3	20609274	20609784	546	4235	11.42	CHH
3	21045714	21046037	605	43	93.36	CG
3	21045714	21046037	277	71	79.60	CHG
3	21045714	21046037	225	4153	5.14	CHH
3	21053301	21054404	528	362	59.33	CG
3	21053301	21054404	109	2115	4.90	CHG
3	21053301	21054404	634	13540	4.47	CHH
3	21477968	21478334	625	217	74.23	CG
3	21477968	21478334	197	496	28.43	CHG
3	21477968	21478334	455	3001	13.17	CHH
3	21805912	21806253	1665	63	96.35	CG
3	21805912	21806253	257	222	53.65	CHG
3	21805912	21806253	283	1883	13.07	CHH
3	22443304	22443897	75	3489	2.10	CG
3	22443304	22443897	168	2327	6.73	CHG
3	22443304	22443897	302	6368	4.53	CHH
3	22930322	22932315	844	4806	14.94	CG
3	22930322	22932315	261	5268	4.72	CHG
3	22930322	22932315	1092	23067	4.52	CHH
3	22977964	22978503	478	292	62.08	CG
3	22977964	22978503	488	749	39.45	CHG
3	22977964	22978503	1067	3509	23.32	CHH
3	23158824	23162446	2741	10443	20.79	CG
3	23158824	23162446	1236	7257	14.55	CHG
3	23158824	23162446	2919	32950	8.14	CHH
3	23440227	23440314	13	157	7.65	CHG
3	23440227	23440314	37	851	4.17	CHH
3	23502337	23503127	586	136	81.16	CG
3	23502337	23503127	103	578	15.12	CHG
3	23502337	23503127	1123	7233	13.44	CHH
3	24402381	24402506	72	1661	4.15	CG
3	24402381	24402506	58	495	10.49	CHG
3	24402381	24402506	48	1015	4.52	CHH
3	24697252	24697403	3	188	1.57	CG
3	24697252	24697403	14	380	3.55	CHG
3	24697252	24697403	50	1677	2.90	CHH
3	25124576	25125712	1649	646	71.85	CG
3	25124576	25125712	822	722	53.24	CHG
3	25124576	25125712	3431	7861	30.38	CHH
3	25238096	25238349	254	83	75.37	CG
3	25238096	25238349	11	781	1.39	CHG
3	25238096	25238349	99	2575	3.70	CHH
3	26463242	26463534	230	671	25.53	CG
3	26463242	26463534	60	831	6.73	CHG
3	26463242	26463534	181	1884	8.77	CHH
3	28036385	28036532	15	619	2.37	CG
3	28036385	28036532	34	555	5.77	CHG
3	28036385	28036532	71	1573	4.32	CHH
3	28421210	28421588	20	696	2.79	CG
3	28421210	28421588	89	1139	7.25	CHG
3	28421210	28421588	249	3821	6.12	CHH
3	28828352	28828674	205	223	47.90	CG
3	28828352	28828674	6	109	5.22	CHG
3	28828352	28828674	662	3333	16.57	CHH
3	28883667	28884002	116	68	63.04	CG
3	28883667	28884002	59	399	12.88	CHG
3	28883667	28884002	187	3346	5.29	CHH
3	28999678	28999814	94	88	51.65	CG
3	28999678	28999814	101	86	54.01	CHG
3	28999678	28999814	309	926	25.02	CHH
3	29036320	29036527	1661	66	96.18	CG
3	29036320	29036527	123	368	25.05	CHG
3	29036320	29036527	274	1035	20.93	CHH
3	29048284	29048488	1407	53	96.37	CG
3	29048284	29048488	937	307	75.32	CHG
3	29048284	29048488	207	1219	14.52	CHH
3	29804060	29804313	6	399	1.48	CG
3	29804060	29804313	40	842	4.54	CHG
3	29804060	29804313	115	2770	3.99	CHH
3	31242980	31243426	2066	79	96.32	CG
3	31242980	31243426	1045	296	77.93	CHG
3	31242980	31243426	275	2321	10.59	CHH
3	31550060	31550292	742	195	79.19	CG
3	31550060	31550292	250	212	54.11	CHG
3	31550060	31550292	368	2452	13.05	CHH
3	32992420	32993458	868	1154	42.93	CG
3	32992420	32993458	365	1268	22.35	CHG
3	32992420	32993458	951	10777	8.11	CHH
3	33907932	33908490	60	246	19.61	CG
3	33907932	33908490	82	1661	4.70	CHG
3	33907932	33908490	311	6110	4.84	CHH
3	34241449	34241654	13	335	3.74	CG
3	34241449	34241654	65	900	6.74	CHG
3	34241449	34241654	114	2139	5.06	CHH
3	34254363	34255907	1003	3195	23.89	CG
3	34254363	34255907	437	4947	8.12	CHG
3	34254363	34255907	2051	15483	11.70	CHH
3	34833000	34833309	1009	37	96.46	CG
3	34833000	34833309	606	149	80.26	CHG
3	34833000	34833309	371	1359	21.45	CHH
3	35110086	35110256	92	4	95.83	CG
3	35110086	35110256	0	301	0.00	CHG
3	35110086	35110256	117	2160	5.14	CHH
3	35180241	35180554	280	24	92.11	CG
3	35180241	35180554	48	1109	4.15	CHG
3	35180241	35180554	213	4129	4.91	CHH
3	35917041	35917731	1342	581	69.79	CG
3	35917041	35917731	537	877	37.98	CHG
3	35917041	35917731	905	6034	13.04	CHH
3	36048993	36049255	4	355	1.11	CG
3	36048993	36049255	34	597	5.39	CHG
3	36048993	36049255	118	2088	5.35	CHH
3	36390761	36392058	296	6556	4.32	CG
3	36390761	36392058	335	4610	6.77	CHG
3	36390761	36392058	897	13642	6.17	CHH
4	2128481	2128855	350	43	89.06	CG
4	2128481	2128855	101	284	26.23	CHG
4	2128481	2128855	370	3141	10.54	CHH
4	2540394	2540485	222	49	81.92	CG
4	2540394	2540485	214	76	73.79	CHG
4	2540394	2540485	55	788	6.52	CHH
4	3036997	3037085	410	12	97.16	CG
4	3036997	3037085	121	85	58.74	CHG
4	3036997	3037085	32	339	8.63	CHH
4	3390058	3390156	1	0	100.00	CG
4	3390058	3390156	0	1	0.00	CHG
4	3390058	3390156	0	1	0.00	CHH
4	4049820	4050064	598	23	96.30	CG
4	4049820	4050064	366	159	69.71	CHG
4	4049820	4050064	231	2333	9.01	CHH
4	4695559	4695777	757	42	94.74	CG
4	4695559	4695777	235	225	51.09	CHG
4	4695559	4695777	92	1313	6.55	CHH
4	5205473	5206792	4165	175	95.97	CG
4	5205473	5206792	2454	886	73.47	CHG
4	5205473	5206792	1422	14056	9.19	CHH
4	5370300	5370990	1031	46	95.73	CG
4	5370300	5370990	666	200	76.91	CHG
4	5370300	5370990	170	1773	8.75	CHH
4	7250146	7253105	2908	14199	17.00	CG
4	7250146	7253105	2200	7681	22.26	CHG
4	7250146	7253105	2230	28618	7.23	CHH
4	7946934	7947116	374	12	96.89	CG
4	7946934	7947116	242	108	69.14	CHG
4	7946934	7947116	100	1532	6.13	CHH
4	7976120	7976768	20	354	5.35	CG
4	7976120	7976768	49	810	5.70	CHG
4	7976120	7976768	105	3285	3.10	CHH
4	7998972	7999131	0	88	0.00	CG
4	7998972	7999131	30	182	14.15	CHG
4	7998972	7999131	94	1238	7.06	CHH
4	9504426	9506750	4683	322	93.57	CG
4	9504426	9506750	3466	1885	64.77	CHG
4	9504426	9506750	1742	26664	6.13	CHH
4	10597218	10597775	1693	45	97.41	CG
4	10597218	10597775	2280	421	84.41	CHG
4	10597218	10597775	430	5627	7.10	CHH
4	11254426	11254603	12	265	4.33	CG
4	11254426	11254603	27	502	5.10	CHG
4	11254426	11254603	136	2237	5.73	CHH
4	11479976	11481063	162	1054	13.32	CG
4	11479976	11481063	101	2107	4.57	CHG
4	11479976	11481063	662	12454	5.05	CHH
4	12511724	12511877	145	8	94.77	CG
4	12511724	12511877	425	131	76.44	CHG
4	12511724	12511877	181	1490	10.83	CHH
4	12570254	12573173	6020	244	96.10	CG
4	12570254	12573173	7663	1813	80.87	CHG
4	12570254	12573173	2868	33971	7.79	CHH
4	14336636	14336825	483	19	96.22	CG
4	14336636	14336825	421	202	67.58	CHG
4	14336636	14336825	74	1578	4.48	CHH
4	15422154	15422563	408	17	96.00	CG
4	15422154	15422563	395	154	71.95	CHG
4	15422154	15422563	597	3388	14.98	CHH
4	15927777	15928107	35	1026	3.30	CG
4	15927777	15928107	55	931	5.58	CHG
4	15927777	15928107	204	3320	5.79	CHH
4	16377949	16378038	355	13	96.47	CG
4	16377949	16378038	265	100	72.60	CHG
4	16377949	16378038	106	1113	8.70	CHH
4	16429861	16430118	398	14	96.60	CG
4	16429861	16430118	644	91	87.62	CHG
4	16429861	16430118	308	2646	10.43	CHH
4	16739824	16740091	795	45	94.64	CG
4	16739824	16740091	205	125	62.12	CHG
4	16739824	16740091	129	1983	6.11	CHH
4	16870850	16871033	232	15	93.93	CG
4	16870850	16871033	6	82	6.82	CHG
4	16870850	16871033	127	2110	5.68	CHH
4	16929303	16929386	16	128	11.11	CG
4	16929303	16929386	0	37	0.00	CHG
4	16929303	16929386	42	731	5.43	CHH
4	18861290	18861421	134	7	95.04	CG
4	18861290	18861421	82	25	76.64	CHG
4	18861290	18861421	641	569	52.98	CHH
4	18879559	18879953	2747	98	96.56	CG
4	18879559	18879953	1665	548	75.24	CHG
4	18879559	18879953	423	3511	10.75	CHH
4	19594453	19594613	4	191	2.05	CG
4	19594453	19594613	8	518	1.52	CHG
4	19594453	19594613	153	974	13.58	CHH
4	21836525	21836740	4	648	0.61	CG
4	21836525	21836740	33	1125	2.85	CHG
4	21836525	21836740	135	3162	4.09	CHH
4	22149701	22149888	67	1415	4.52	CG
4	22149701	22149888	42	565	6.92	CHG
4	22149701	22149888	128	1968	6.11	CHH
4	24463582	24463728	8	293	2.66	CG
4	24463582	24463728	10	222	4.31	CHG
4	24463582	24463728	86	1443	5.62	CHH
4	24879051	24879296	1	80	1.23	CG
4	24879051	24879296	40	1424	2.73	CHG
4	24879051	24879296	142	2549	5.28	CHH
4	25700367	25700823	2523	113	95.71	CG
4	25700367	25700823	877	626	58.35	CHG
4	25700367	25700823	605	4054	12.99	CHH
4	26025305	26025523	152	10	93.83	CG
4	26025305	26025523	22	644	3.30	CHG
4	26025305	26025523	68	2309	2.86	CHH
4	26125746	26125921	175	9	95.11	CG
4	26125746	26125921	131	44	74.86	CHG
4	26125746	26125921	163	1475	9.95	CHH
4	28854448	28854672	47	797	5.57	CG
4	28854448	28854672	25	351	6.65	CHG
4	28854448	28854672	107	1637	6.14	CHH
4	31600862	31601333	1475	56	96.34	CG
4	31600862	31601333	1227	522	70.15	CHG
4	31600862	31601333	503	4880	9.34	CHH
4	32665225	32665685	99	3333	2.88	CG
4	32665225	32665685	142	2431	5.52	CHG
4	32665225	32665685	342	5580	5.78	CHH
4	32845260	32845468	230	17	93.12	CG
4	32845260	32845468	22	735	2.91	CHG
4	32845260	32845468	107	2289	4.47	CHH
4	32907649	32907913	893	32	96.54	CG
4	32907649	32907913	1112	149	88.18	CHG
4	32907649	32907913	301	3312	8.33	CHH
4	32976630	32976775	4	315	1.25	CG
4	32976630	32976775	18	365	4.70	CHG
4	32976630	32976775	63	2012	3.04	CHH
4	33538001	33538284	343	13	96.35	CG
4	33538001	33538284	409	76	84.33	CHG
4	33538001	33538284	114	1289	8.13	CHH
5	22552	22704	333	12	96.52	CG
5	22552	22704	199	40	83.26	CHG
5	22552	22704	93	1070	8.00	CHH
5	167915	169390	1212	366	76.81	CG
5	167915	169390	345	652	34.60	CHG
5	167915	169390	1191	12005	9.03	CHH
5	802197	802307	2	141	1.40	CG
5	802197	802307	5	247	1.98	CHG
5	802197	802307	38	1419	2.61	CHH
5	1555477	1555743	239	11	95.60	CG
5	1555477	1555743	27	828	3.16	CHG
5	1555477	1555743	191	3478	5.21	CHH
5	1623822	1624065	1303	58	95.74	CG
5	1623822	1624065	545	252	68.38	CHG
5	1623822	1624065	174	797	17.92	CHH
5	1649481	1650024	2596	152	94.47	CG
5	1649481	1650024	1253	754	62.43	CHG
5	1649481	1650024	659	6541	9.15	CHH
5	2535968	2537410	426	7216	5.57	CG
5	2535968	2537410	327	5278	5.83	CHG
5	2535968	2537410	853	16134	5.02	CHH
5	3201536	3202094	123	383	24.31	CG
5	3201536	3202094	225	680	24.86	CHG
5	3201536	3202094	1112	4584	19.52	CHH
5	3642042	3642277	1112	53	95.45	CG
5	3642042	3642277	190	253	42.89	CHG
5	3642042	3642277	204	2096	8.87	CHH
5	4042346	4043559	1808	86	95.46	CG
5	4042346	4043559	1187	371	76.19	CHG
5	4042346	4043559	551	5400	9.26	CHH
5	5042999	5043643	174	2	98.86	CG
5	5042999	5043643	77	23	77.00	CHG
5	5042999	5043643	81	950	7.86	CHH
5	6697788	6698020	334	17	95.16	CG
5	6697788	6698020	40	583	6.42	CHG
5	6697788	6698020	163	2597	5.91	CHH
5	8888812	8888977	189	3	98.44	CG
5	8888812	8888977	556	48	92.05	CHG
5	8888812	8888977	193	1483	11.52	CHH
5	9364313	9364413	632	27	95.90	CG
5	9364313	9364413	414	170	70.89	CHG
5	9364313	9364413	88	694	11.25	CHH
5	12549332	12549415	5	0	100.00	CG
5	12549332	12549415	0	1	0.00	CHG
5	12549332	12549415	0	11	0.00	CHH
5	12809268	12809477	959	63	93.84	CG
5	12809268	12809477	350	241	59.22	CHG
5	12809268	12809477	165	1249	11.67	CHH
5	13857407	13857542	928	31	96.77	CG
5	13857407	13857542	212	122	63.47	CHG
5	13857407	13857542	112	1020	9.89	CHH
5	14246535	14246708	8	159	4.79	CG
5	14246535	14246708	3	82	3.53	CHG
5	14246535	14246708	140	2444	5.42	CHH
5	15249273	15249609	936	48	95.12	CG
5	15249273	15249609	547	217	71.60	CHG
5	15249273	15249609	307	3344	8.41	CHH
5	15263881	15264136	1534	40	97.46	CG
5	15263881	15264136	732	315	69.91	CHG
5	15263881	15264136	245	1784	12.07	CHH
5	15295856	15296058	659	32	95.37	CG
5	15295856	15296058	245	138	63.97	CHG
5	15295856	15296058	53	964	5.21	CHH
5	15380224	15380482	99	6	94.29	CG
5	15380224	15380482	132	21	86.27	CHG
5	15380224	15380482	17	251	6.34	CHH
5	16141049	16142222	3034	115	96.35	CG
5	16141049	16142222	2032	401	83.52	CHG
5	16141049	16142222	1035	12077	7.89	CHH
5	16604726	16607053	4419	439	90.96	CG
5	16604726	16607053	2411	1591	60.24	CHG
5	16604726	16607053	2395	24877	8.78	CHH
5	16695358	16697204	2054	1997	50.70	CG
5	16695358	16697204	2041	1671	54.98	CHG
5	16695358	16697204	1682	14311	10.52	CHH
5	17145149	17145240	1	89	1.11	CG
5	17145149	17145240	34	991	3.32	CHH
5	17275880	17277194	1432	1581	47.53	CG
5	17275880	17277194	311	3386	8.41	CHG
5	17275880	17277194	1293	14722	8.07	CHH
5	18555974	18556911	2289	461	83.24	CG
5	18555974	18556911	927	880	51.30	CHG
5	18555974	18556911	979	13560	6.73	CHH
5	18614365	18615227	3309	90	97.35	CG
5	18614365	18615227	1433	570	71.54	CHG
5	18614365	18615227	1664	7931	17.34	CHH
5	19082868	19087589	3128	5654	35.62	CG
5	19082868	19087589	880	13260	6.22	CHG
5	19082868	19087589	3549	49669	6.67	CHH
5	19475239	19475452	11	514	2.10	CG
5	19475239	19475452	27	823	3.18	CHG
5	19475239	19475452	133	2380	5.29	CHH
5	19550564	19550779	45	133	25.28	CHG
5	19550564	19550779	256	2161	10.59	CHH
5	19686229	19688559	2286	5256	30.31	CG
5	19686229	19688559	1500	3728	28.69	CHG
5	19686229	19688559	2079	23035	8.28	CHH
5	20197683	20197907	76	1952	3.75	CG
5	20197683	20197907	88	1052	7.72	CHG
5	20197683	20197907	89	2008	4.24	CHH
5	20639725	20640817	1421	135	91.32	CG
5	20639725	20640817	274	3197	7.89	CHG
5	20639725	20640817	621	11291	5.21	CHH
5	21196473	21196736	215	4	98.17	CG
5	21196473	21196736	327	23	93.43	CHG
5	21196473	21196736	357	2726	11.58	CHH
5	21222554	21222810	170	93	64.64	CHG
5	21222554	21222810	127	2447	4.93	CHH
5	21231311	21231463	29	945	2.98	CG
5	21231311	21231463	47	753	5.88	CHG
5	21231311	21231463	57	1409	3.89	CHH
5	21771662	21772418	1208	442	73.21	CG
5	21771662	21772418	966	773	55.55	CHG
5	21771662	21772418	466	6462	6.73	CHH
5	22632027	22632224	18	1216	1.46	CG
5	22632027	22632224	34	1018	3.23	CHG
5	22632027	22632224	115	1796	6.02	CHH
5	23446330	23446424	14	3	82.35	CG
5	23446330	23446424	22	81	21.36	CHH
5	23498602	23498699	138	5	96.50	CG
5	23498602	23498699	64	5	92.75	CHG
5	23498602	23498699	783	407	65.80	CHH
5	23589096	23589233	6	336	1.75	CHG
5	23589096	23589233	79	1831	4.14	CHH
5	23597717	23597952	3	127	2.31	CG
5	23597717	23597952	14	308	4.35	CHG
5	23597717	23597952	113	1928	5.54	CHH
5	23799970	23800819	167	4033	3.98	CG
5	23799970	23800819	219	3170	6.46	CHG
5	23799970	23800819	377	9132	3.96	CHH
5	24767463	24767619	25	1279	1.92	CG
5	24767463	24767619	18	404	4.27	CHG
5	24767463	24767619	69	1778	3.74	CHH
5	24958493	24960927	1910	2203	46.44	CG
5	24958493	24960927	443	5828	7.06	CHG
5	24958493	24960927	1538	26970	5.39	CHH
5	25117789	25118255	245	3302	6.91	CG
5	25117789	25118255	131	1364	8.76	CHG
5	25117789	25118255	196	3138	5.88	CHH
5	25683760	25686062	1918	10815	15.06	CG
5	25683760	25686062	1355	8276	14.07	CHG
5	25683760	25686062	2624	17307	13.17	CHH
5	25916431	25917101	1386	46	96.79	CG
5	25916431	25917101	867	433	66.69	CHG
5	25916431	25917101	1503	7638	16.44	CHH
5	26920490	26922938	154	4668	3.19	CG
5	26920490	26922938	462	9022	4.87	CHG
5	26920490	26922938	1597	26575	5.67	CHH
5	27294148	27294484	37	1242	2.89	CG
5	27294148	27294484	57	929	5.78	CHG
5	27294148	27294484	174	3318	4.98	CHH
5	27692643	27692794	18	773	2.28	CG
5	27692643	27692794	19	777	2.39	CHG
5	27692643	27692794	95	1773	5.09	CHH
5	28353397	28355104	2480	406	85.93	CG
5	28353397	28355104	310	4374	6.62	CHG
5	28353397	28355104	1004	18640	5.11	CHH
5	28438764	28438936	324	8	97.59	CG
5	28438764	28438936	400	42	90.50	CHG
5	28438764	28438936	110	1351	7.53	CHH
5	29278792	29278999	141	11	92.76	CG
5	29278792	29278999	80	9	89.89	CHG
5	29278792	29278999	41	600	6.40	CHH
5	29368004	29368261	237	12	95.18	CG
5	29368004	29368261	535	22	96.05	CHG
5	29368004	29368261	345	3161	9.84	CHH
5	29393677	29395023	553	48	92.01	CG
5	29393677	29395023	497	97	83.67	CHG
5	29393677	29395023	156	1450	9.71	CHH
5	29485227	29485510	546	449	54.87	CG
5	29485227	29485510	228	771	22.82	CHG
5	29485227	29485510	354	3414	9.39	CHH
6	247291	247913	54	1971	2.67	CG
6	247291	247913	88	1546	5.39	CHG
6	247291	247913	269	5361	4.78	CHH
6	368015	368245	7	573	1.21	CG
6	368015	368245	34	677	4.78	CHG
6	368015	368245	140	2464	5.38	CHH
6	521167	522087	318	1859	14.61	CG
6	521167	522087	160	1666	8.76	CHG
6	521167	522087	1065	9554	10.03	CHH
6	813527	813697	168	4	97.67	CG
6	813527	813697	21	441	4.55	CHG
6	813527	813697	196	2434	7.45	CHH
6	958185	960061	3832	1838	67.58	CG
6	958185	960061	1404	1660	45.82	CHG
6	958185	960061	1513	13494	10.08	CHH
6	1267865	1268035	1244	17	98.65	CG
6	1267865	1268035	596	200	74.87	CHG
6	1267865	1268035	135	1660	7.52	CHH
6	2300838	2300945	0	265	0.00	CG
6	2300838	2300945	32	447	6.68	CHG
6	2300838	2300945	76	1349	5.33	CHH
6	3639180	3639309	9	378	2.33	CG
6	3639180	3639309	8	430	1.83	CHG
6	3639180	3639309	92	1567	5.55	CHH
6	3944739	3945664	513	826	38.31	CG
6	3944739	3945664	629	1032	37.87	CHG
6	3944739	3945664	955	9943	8.76	CHH
6	4300749	4300941	510	29	94.62	CG
6	4300749	4300941	196	197	49.87	CHG
6	4300749	4300941	139	2373	5.53	CHH
6	4553472	4553595	649	25	96.29	CG
6	4553472	4553595	127	104	54.98	CHG
6	4553472	4553595	111	685	13.94	CHH
6	4806070	4806315	92	1127	7.55	CG
6	4806070	4806315	58	526	9.93	CHG
6	4806070	4806315	136	1989	6.40	CHH
6	5243918	5246329	2617	3136	45.49	CG
6	5243918	5246329	540	9522	5.37	CHG
6	5243918	5246329	1530	30011	4.85	CHH
6	5335954	5337126	977	1373	41.57	CG
6	5335954	5337126	614	1321	31.73	CHG
6	5335954	5337126	1903	6966	21.46	CHH
6	6556692	6557000	29	1808	1.58	CG
6	6556692	6557000	53	927	5.41	CHG
6	6556692	6557000	130	3045	4.09	CHH
6	7262284	7262394	27	293	8.44	CHG
6	7262284	7262394	61	1130	5.12	CHH
6	7296360	7297580	1094	26	97.68	CG
6	7296360	7297580	838	161	83.88	CHG
6	7296360	7297580	348	3630	8.75	CHH
6	7450229	7452500	3982	653	85.91	CG
6	7450229	7452500	2855	1363	67.69	CHG
6	7450229	7452500	2801	19449	12.59	CHH
6	8010667	8010997	1401	58	96.02	CG
6	8010667	8010997	827	382	68.40	CHG
6	8010667	8010997	351	3452	9.23	CHH
6	8383109	8385458	2180	10407	17.32	CG
6	8383109	8385458	1184	5122	18.78	CHG
6	8383109	8385458	1699	20962	7.50	CHH
6	8415805	8416695	2274	88	96.27	CG
6	8415805	8416695	1798	660	73.15	CHG
6	8415805	8416695	1070	10002	9.66	CHH
6	8434419	8434622	445	26	94.48	CG
6	8434419	8434622	483	124	79.57	CHG
6	8434419	8434622	307	969	24.06	CHH
6	9748876	9749062	625	254	71.10	CG
6	9748876	9749062	33	271	10.86	CHG
6	9748876	9749062	229	1729	11.70	CHH
6	9753551	9753693	103	1	99.04	CG
6	9753551	9753693	130	30	81.25	CHG
6	9753551	9753693	51	497	9.31	CHH
6	10075237	10075575	1031	38	96.45	CG
6	10075237	10075575	1554	342	81.96	CHG
6	10075237	10075575	417	3852	9.77	CHH
6	10093461	10093858	824	47	94.60	CG
6	10093461	10093858	374	370	50.27	CHG
6	10093461	10093858	335	4274	7.27	CHH
6	10113029	10113177	319	6	98.15	CG
6	10113029	10113177	161	59	73.18	CHG
6	10113029	10113177	397	1201	24.84	CHH
6	10217891	10218933	2367	83	96.61	CG
6	10217891	10218933	2693	404	86.96	CHG
6	10217891	10218933	886	10268	7.94	CHH
6	11173234	11173456	87	111	43.94	CG
6	11173234	11173456	1079	1401	43.51	CHH
6	11608473	11613132	9038	1946	82.28	CG
6	11608473	11613132	6272	4622	57.57	CHG
6	11608473	11613132	4710	36792	11.35	CHH
6	11851633	11851862	204	10	95.33	CG
6	11851633	11851862	535	135	79.85	CHG
6	11851633	11851862	164	2354	6.51	CHH
6	14122214	14122520	705	13	98.19	CG
6	14122214	14122520	770	138	84.80	CHG
6	14122214	14122520	536	2187	19.68	CHH
6	14227883	14228030	292	16	94.81	CG
6	14227883	14228030	153	51	75.00	CHG
6	14227883	14228030	97	1208	7.43	CHH
6	14470606	14472078	3397	168	95.29	CG
6	14470606	14472078	3394	597	85.04	CHG
6	14470606	14472078	1526	11704	11.53	CHH
6	14807254	14809068	3837	972	79.79	CG
6	14807254	14809068	3426	1862	64.79	CHG
6	14807254	14809068	2804	18588	13.11	CHH
6	14821713	14821802	130	5	96.30	CG
6	14821713	14821802	249	31	88.93	CHG
6	14821713	14821802	70	690	9.21	CHH
6	14830897	14831902	1710	59	96.66	CG
6	14830897	14831902	2393	391	85.96	CHG
6	14830897	14831902	804	9986	7.45	CHH
6	14905971	14906794	2411	70	97.18	CG
6	14905971	14906794	2350	220	91.44	CHG
6	14905971	14906794	917	7362	11.08	CHH
6	15103747	15105627	3380	126	96.41	CG
6	15103747	15105627	2883	669	81.17	CHG
6	15103747	15105627	1732	23084	6.98	CHH
6	15441362	15441506	6867	450	93.85	CG
6	15441362	15441506	679	466	59.30	CHG
6	15441362	15441506	1140	8584	11.72	CHH
6	15563454	15563591	153	5	96.84	CG
6	15563454	15563591	246	40	86.01	CHG
6	15563454	15563591	62	1142	5.15	CHH
6	16686020	16686529	1344	94	93.46	CG
6	16686020	16686529	584	220	72.64	CHG
6	16686020	16686529	248	4361	5.38	CHH
6	17158669	17158861	410	127	76.35	CG
6	17158669	17158861	26	422	5.80	CHG
6	17158669	17158861	160	2164	6.88	CHH
6	17199198	17199462	181	28	86.60	CG
6	17199198	17199462	24	33	42.11	CHG
6	17199198	17199462	108	1622	6.24	CHH
6	17345586	17347256	7232	276	96.32	CG
6	17345586	17347256	3754	1244	75.11	CHG
6	17345586	17347256	2163	18746	10.34	CHH
6	17660877	17661057	364	27	93.09	CG
6	17660877	17661057	475	119	79.97	CHG
6	17660877	17661057	106	1603	6.20	CHH
6	18643334	18643833	620	44	93.37	CG
6	18643334	18643833	196	222	46.89	CHG
6	18643334	18643833	46	386	10.65	CHH
6	18777954	18779043	2216	103	95.56	CG
6	18777954	18779043	1228	387	76.04	CHG
6	18777954	18779043	1018	13155	7.18	CHH
6	18810122	18813496	7831	1270	86.05	CG
6	18810122	18813496	3649	4459	45.00	CHG
6	18810122	18813496	2687	34499	7.23	CHH
6	19312818	19314797	4789	2851	62.68	CG
6	19312818	19314797	2162	2930	42.46	CHG
6	19312818	19314797	3125	21211	12.84	CHH
6	20357482	20357681	603	31	95.11	CG
6	20357482	20357681	256	140	64.65	CHG
6	20357482	20357681	189	2284	7.64	CHH
6	20439044	20439654	40	927	4.14	CG
6	20439044	20439654	129	2015	6.02	CHG
6	20439044	20439654	311	5962	4.96	CHH
6	21127919	21128043	449	14	96.98	CG
6	21127919	21128043	16	26	38.10	CHG
6	21127919	21128043	189	1043	15.34	CHH
6	21587628	21587841	283	20	93.40	CG
6	21587628	21587841	236	22	91.47	CHG
6	21587628	21587841	313	1913	14.06	CHH
6	22156671	22156886	23	922	2.43	CG
6	22156671	22156886	32	666	4.58	CHG
6	22156671	22156886	145	2950	4.68	CHH
6	22194216	22196915	4534	1542	74.62	CG
6	22194216	22196915	2231	5098	30.44	CHG
6	22194216	22196915	2180	32712	6.25	CHH
6	22609287	22612484	5850	4082	58.90	CG
6	22609287	22612484	3356	4730	41.50	CHG
6	22609287	22612484	6891	27389	20.10	CHH
6	22611980	22612934	976	2242	30.33	CG
6	22611980	22612934	833	2050	28.89	CHG
6	22611980	22612934	3462	8492	28.96	CHH
6	23257492	23257741	1368	71	95.07	CG
6	23257492	23257741	537	165	76.50	CHG
6	23257492	23257741	225	1161	16.23	CHH
6	23764410	23764702	74	2	97.37	CG
6	23764410	23764702	26	22	54.17	CHG
6	23764410	23764702	200	4093	4.66	CHH
6	23867262	23869017	762	8978	7.82	CG
6	23867262	23869017	1067	4682	18.56	CHG
6	23867262	23869017	1698	16423	9.37	CHH
6	24469529	24469704	128	11	92.09	CG
6	24469529	24469704	477	37	92.80	CHG
6	24469529	24469704	202	1824	9.97	CHH
6	26027042	26027922	1197	127	90.41	CG
6	26027042	26027922	302	865	25.88	CHG
6	26027042	26027922	541	9044	5.64	CHH
6	27428621	27432072	2821	6376	30.67	CG
6	27428621	27432072	1185	9886	10.70	CHG
6	27428621	27432072	2820	33067	7.86	CHH
6	27581080	27581338	997	29	97.17	CG
6	27581080	27581338	575	141	80.31	CHG
6	27581080	27581338	463	2442	15.94	CHH
6	27924772	27924989	222	13	94.47	CG
6	27924772	27924989	47	808	5.50	CHG
6	27924772	27924989	119	2042	5.51	CHH
6	28789509	28791244	767	1499	33.85	CG
6	28789509	28791244	444	4622	8.76	CHG
6	28789509	28791244	1188	19106	5.85	CHH
6	28955148	28955268	8	299	2.61	CHG
6	28955148	28955268	55	1127	4.65	CHH
6	29172271	29175087	1723	828	67.54	CG
6	29172271	29175087	392	9031	4.16	CHG
6	29172271	29175087	1704	33762	4.80	CHH
6	30516258	30516520	231	396	36.84	CG
6	30516258	30516520	71	228	23.75	CHG
6	30516258	30516520	419	1903	18.04	CHH
6	31188015	31188697	279	101	73.42	CG
6	31188015	31188697	77	2217	3.36	CHG
6	31188015	31188697	385	8670	4.25	CHH
6	31222643	31224540	2854	93	96.84	CG
6	31222643	31224540	282	4816	5.53	CHG
6	31222643	31224540	1320	19049	6.48	CHH
7	411438	411715	605	39	93.94	CG
7	411438	411715	425	508	45.55	CHG
7	411438	411715	385	2818	12.02	CHH
7	993029	993215	20	338	5.59	CG
7	993029	993215	88	532	14.19	CHG
7	993029	993215	124	2328	5.06	CHH
7	1846760	1848970	2658	609	81.36	CG
7	1846760	1848970	284	6447	4.22	CHG
7	1846760	1848970	1434	25276	5.37	CHH
7	2224488	2225213	195	2982	6.14	CG
7	2224488	2225213	139	2215	5.90	CHG
7	2224488	2225213	360	7536	4.56	CHH
7	2447769	2451203	3382	11923	22.10	CG
7	2447769	2451203	1633	9859	14.21	CHG
7	2447769	2451203	3918	33853	10.37	CHH
7	2483423	2483554	407	109	78.88	CG
7	2483423	2483554	104	58	64.20	CHG
7	2483423	2483554	207	684	23.23	CHH
7	2618288	2618484	164	11	93.71	CG
7	2618288	2618484	10	76	11.63	CHG
7	2618288	2618484	92	1920	4.57	CHH
7	2946799	2949545	2012	7559	21.02	CG
7	2946799	2949545	437	9201	4.53	CHG
7	2946799	2949545	1417	30093	4.50	CHH
7	3992526	3992733	291	21	93.27	CG
7	3992526	3992733	41	1008	3.91	CHG
7	3992526	3992733	176	3045	5.46	CHH
7	4299561	4299774	227	237	48.92	CG
7	4299561	4299774	18	253	6.64	CHG
7	4299561	4299774	91	1597	5.39	CHH
7	4594741	4595750	423	2381	15.09	CG
7	4594741	4595750	186	3148	5.58	CHG
7	4594741	4595750	815	13712	5.61	CHH
7	4802020	4804153	307	3899	7.30	CG
7	4802020	4804153	308	2968	9.40	CHG
7	4802020	4804153	1401	23818	5.56	CHH
7	5473306	5473520	127	2	98.45	CG
7	5473306	5473520	120	7	94.49	CHG
7	5473306	5473520	100	1853	5.12	CHH
7	6327476	6328339	1790	44	97.60	CG
7	6327476	6328339	1228	256	82.75	CHG
7	6327476	6328339	563	5002	10.12	CHH
7	6575263	6575711	9	216	4.00	CG
7	6575263	6575711	9	72	11.11	CHG
7	6575263	6575711	280	4755	5.56	CHH
7	6605103	6605624	2438	99	96.10	CG
7	6605103	6605624	694	932	42.68	CHG
7	6605103	6605624	455	4650	8.91	CHH
7	6829453	6829599	54	341	13.67	CHG
7	6829453	6829599	163	2167	7.00	CHH
7	6919655	6920441	2166	358	85.82	CG
7	6919655	6920441	1576	1360	53.68	CHG
7	6919655	6920441	600	8063	6.93	CHH
7	7348687	7348951	101	6	94.39	CG
7	7348687	7348951	17	516	3.19	CHG
7	7348687	7348951	174	3633	4.57	CHH
7	7538627	7540224	1813	878	67.37	CG
7	7538627	7540224	709	1479	32.40	CHG
7	7538627	7540224	1483	14929	9.04	CHH
7	7676619	7677136	838	44	95.01	CG
7	7676619	7677136	806	205	79.72	CHG
7	7676619	7677136	516	5261	8.93	CHH
7	7868604	7868899	1396	45	96.88	CG
7	7868604	7868899	809	290	73.61	CHG
7	7868604	7868899	165	2867	5.44	CHH
7	7896981	7897138	77	3	96.25	CG
7	7896981	7897138	555	67	89.23	CHG
7	7896981	7897138	134	1848	6.76	CHH
7	7950410	7951127	381	4321	8.10	CG
7	7950410	7951127	215	2567	7.73	CHG
7	7950410	7951127	659	6508	9.19	CHH
7	8994834	8994985	332	30	91.71	CG
7	8994834	8994985	32	471	6.36	CHG
7	8994834	8994985	45	1212	3.58	CHH
7	9688947	9691039	2016	6644	23.28	CG
7	9688947	9691039	2028	3231	38.56	CHG
7	9688947	9691039	1491	16449	8.31	CHH
7	10365529	10365796	1162	40	96.67	CG
7	10365529	10365796	212	35	85.83	CHG
7	10365529	10365796	160	2311	6.48	CHH
7	10449611	10449795	278	25	91.75	CG
7	10449611	10449795	268	66	80.24	CHG
7	10449611	10449795	123	2028	5.72	CHH
7	10549868	10550083	316	21	93.77	CG
7	10549868	10550083	205	139	59.59	CHG
7	10549868	10550083	212	1918	9.95	CHH
7	10635123	10635434	487	380	56.17	CG
7	10635123	10635434	603	224	72.91	CHG
7	10635123	10635434	1354	2071	39.53	CHH
7	10877526	10878054	3032	188	94.16	CG
7	10877526	10878054	933	494	65.38	CHG
7	10877526	10878054	427	3127	12.01	CHH
7	11466967	11467449	1506	68	95.68	CG
7	11466967	11467449	862	226	79.23	CHG
7	11466967	11467449	329	4912	6.28	CHH
7	11601703	11602144	434	30	93.53	CG
7	11601703	11602144	410	101	80.23	CHG
7	11601703	11602144	457	5237	8.03	CHH
7	11983577	11984979	1268	160	88.80	CG
7	11983577	11984979	1150	704	62.03	CHG
7	11983577	11984979	1016	13762	6.88	CHH
7	12411232	12411465	308	6	98.09	CG
7	12411232	12411465	170	77	68.83	CHG
7	12411232	12411465	27	267	9.18	CHH
7	12792717	12792888	187	13	93.50	CG
7	12792717	12792888	263	41	86.51	CHG
7	12792717	12792888	213	1730	10.96	CHH
7	12807464	12807960	723	27	96.40	CG
7	12807464	12807960	881	530	62.44	CHG
7	12807464	12807960	475	6734	6.59	CHH
7	13460211	13460326	486	36	93.10	CG
7	13460211	13460326	77	101	43.26	CHG
7	13460211	13460326	56	423	11.69	CHH
7	15065372	15067232	3543	176	95.27	CG
7	15065372	15067232	3593	728	83.15	CHG
7	15065372	15067232	1632	21062	7.19	CHH
7	15194897	15195154	12	157	7.10	CG
7	15194897	15195154	26	206	11.21	CHG
7	15194897	15195154	127	3142	3.88	CHH
7	15838174	15840597	2548	3090	45.19	CG
7	15838174	15840597	870	3124	21.78	CHG
7	15838174	15840597	2875	20974	12.06	CHH
7	16417756	16417995	264	17	93.95	CG
7	16417756	16417995	131	58	69.31	CHG
7	16417756	16417995	377	3103	10.83	CHH
7	17006268	17006989	4077	195	95.44	CG
7	17006268	17006989	1443	448	76.31	CHG
7	17006268	17006989	846	7290	10.40	CHH
7	17339592	17339751	10	164	5.75	CG
7	17339592	17339751	17	509	3.23	CHG
7	17339592	17339751	106	1908	5.26	CHH
7	17913342	17913726	1287	64	95.26	CG
7	17913342	17913726	782	231	77.20	CHG
7	17913342	17913726	517	3861	11.81	CHH
7	18987148	18987233	12	117	9.30	CG
7	18987148	18987233	9	57	13.64	CHG
7	18987148	18987233	52	855	5.73	CHH
7	19215021	19215291	1849	93	95.21	CG
7	19215021	19215291	951	289	76.69	CHG
7	19215021	19215291	397	2513	13.64	CHH
7	19560035	19560566	1522	48	96.94	CG
7	19560035	19560566	1008	309	76.54	CHG
7	19560035	19560566	888	2957	23.09	CHH
7	19560091	19560385	922	35	96.34	CG
7	19560091	19560385	591	141	80.74	CHG
7	19560091	19560385	481	1447	24.95	CHH
7	19831953	19832039	18	384	4.48	CHG
7	19831953	19832039	72	1066	6.33	CHH
7	19834434	19835298	1933	352	84.60	CG
7	19834434	19835298	1046	961	52.12	CHG
7	19834434	19835298	668	7813	7.88	CHH
7	21131054	21131268	16	178	8.25	CG
7	21131054	21131268	18	465	3.73	CHG
7	21131054	21131268	159	3259	4.65	CHH
7	21474944	21475222	349	178	66.22	CG
7	21474944	21475222	16	104	13.33	CHG
7	21474944	21475222	569	2458	18.80	CHH
7	21913503	21914249	364	1196	23.33	CG
7	21913503	21914249	165	1331	11.03	CHG
7	21913503	21914249	958	7109	11.88	CHH
7	22120429	22120613	517	19	96.46	CG
7	22120429	22120613	51	917	5.27	CHG
7	22120429	22120613	182	2833	6.04	CHH
7	22386510	22386982	165	2187	7.02	CG
7	22386510	22386982	129	872	12.89	CHG
7	22386510	22386982	98	3055	3.11	CHH
7	22569423	22569628	326	20	94.22	CG
7	22569423	22569628	39	693	5.33	CHG
7	22569423	22569628	128	2644	4.62	CHH
7	23187122	23187806	129	1857	6.50	CG
7	23187122	23187806	174	2243	7.20	CHG
7	23187122	23187806	522	8391	5.86	CHH
7	23391649	23391802	315	9	97.22	CG
7	23391649	23391802	28	689	3.91	CHG
7	23391649	23391802	54	1723	3.04	CHH
7	24132747	24133053	250	22	91.91	CG
7	24132747	24133053	35	473	6.89	CHG
7	24132747	24133053	193	3687	4.97	CHH
7	24196787	24197173	889	33	96.42	CG
7	24196787	24197173	904	82	91.68	CHG
7	24196787	24197173	461	5609	7.59	CHH
7	24296352	24296548	168	11	93.85	CG
7	24296352	24296548	23	504	4.36	CHG
7	24296352	24296548	84	2273	3.56	CHH
7	24747117	24747542	2604	85	96.84	CG
7	24747117	24747542	1108	452	71.03	CHG
7	24747117	24747542	434	2430	15.15	CHH
7	25222041	25223348	507	5159	8.95	CG
7	25222041	25223348	561	2991	15.79	CHG
7	25222041	25223348	1614	13255	10.85	CHH
7	25256522	25256725	30	950	3.06	CG
7	25256522	25256725	47	668	6.57	CHG
7	25256522	25256725	101	1992	4.83	CHH
7	25908465	25908808	18	789	2.23	CG
7	25908465	25908808	39	1262	3.00	CHG
7	25908465	25908808	155	3516	4.22	CHH
7	25983000	25983349	367	67	84.56	CG
7	25983000	25983349	57	1114	4.87	CHG
7	25983000	25983349	158	3398	4.44	CHH
7	26184639	26186023	3904	127	96.85	CG
7	26184639	26186023	2257	611	78.70	CHG
7	26184639	26186023	734	5559	11.66	CHH
7	26456564	26456769	27	473	5.40	CG
7	26456564	26456769	17	130	11.56	CHG
7	26456564	26456769	142	1577	8.26	CHH
7	27118237	27118566	103	6	94.50	CG
7	27118237	27118566	130	36	78.31	CHG
7	27118237	27118566	319	3861	7.63	CHH
7	28429839	28434200	3775	644	85.43	CG
7	28429839	28434200	687	13316	4.91	CHG
7	28429839	28434200	3418	50949	6.29	CHH
7	28561953	28562576	480	7264	6.20	CG
7	28561953	28562576	389	3724	9.46	CHG
7	28561953	28562576	386	5128	7.00	CHH
7	28603030	28603161	1	0	100.00	CG
7	28603030	28603161	3	0	100.00	CHG
7	28603030	28603161	3	40	6.98	CHH
7	29086695	29086979	1632	49	97.09	CG
7	29086695	29086979	535	130	80.45	CHG
7	29086695	29086979	433	1580	21.51	CHH
8	178569	180215	372	5165	6.72	CG
8	178569	180215	486	3628	11.81	CHG
8	178569	180215	1493	15545	8.76	CHH
8	236935	237112	317	16	95.20	CG
8	236935	237112	560	74	88.33	CHG
8	236935	237112	161	1731	8.51	CHH
8	451101	451275	57	1178	4.62	CG
8	451101	451275	24	430	5.29	CHG
8	451101	451275	38	1225	3.01	CHH
8	700792	701075	63	1430	4.22	CG
8	700792	701075	91	1128	7.47	CHG
8	700792	701075	287	2824	9.23	CHH
8	1029191	1029915	296	1236	19.32	CG
8	1029191	1029915	176	734	19.34	CHG
8	1029191	1029915	1288	4677	21.59	CHH
8	1151684	1151850	189	6	96.92	CG
8	1151684	1151850	362	59	85.99	CHG
8	1151684	1151850	182	1813	9.12	CHH
8	1263064	1263825	659	31	95.51	CG
8	1263064	1263825	603	117	83.75	CHG
8	1263064	1263825	104	1599	6.11	CHH
8	1315995	1316283	584	21	96.53	CG
8	1315995	1316283	575	239	70.64	CHG
8	1315995	1316283	387	3219	10.73	CHH
8	1392517	1392770	1477	62	95.97	CG
8	1392517	1392770	382	305	55.60	CHG
8	1392517	1392770	275	2727	9.16	CHH
8	1864926	1865852	2362	131	94.75	CG
8	1864926	1865852	684	591	53.65	CHG
8	1864926	1865852	673	10545	6.00	CHH
8	1952801	1953130	53	1098	4.60	CG
8	1952801	1953130	31	654	4.53	CHG
8	1952801	1953130	238	5132	4.43	CHH
8	2740500	2740929	1126	38	96.74	CG
8	2740500	2740929	841	227	78.75	CHG
8	2740500	2740929	502	4211	10.65	CHH
8	2874093	2874334	549	25	95.64	CG
8	2874093	2874334	224	90	71.34	CHG
8	2874093	2874334	200	2942	6.37	CHH
8	3055231	3055410	33	768	4.12	CHG
8	3055231	3055410	130	2319	5.31	CHH
8	3463082	3465280	1040	3580	22.51	CG
8	3463082	3465280	584	5484	9.62	CHG
8	3463082	3465280	2469	23955	9.34	CHH
8	4272689	4273002	311	7	97.80	CG
8	4272689	4273002	382	84	81.97	CHG
8	4272689	4273002	347	3754	8.46	CHH
8	4312136	4312445	893	72	92.54	CG
8	4312136	4312445	503	296	62.95	CHG
8	4312136	4312445	332	3420	8.85	CHH
8	4545475	4545770	217	37	85.43	CG
8	4545475	4545770	54	628	7.92	CHG
8	4545475	4545770	217	2550	7.84	CHH
8	4853217	4853848	307	5041	5.74	CG
8	4853217	4853848	202	2266	8.18	CHG
8	4853217	4853848	330	4832	6.39	CHH
8	5467560	5467758	309	506	37.91	CG
8	5467560	5467758	48	604	7.36	CHG
8	5467560	5467758	135	2490	5.14	CHH
8	6450044	6451003	2615	111	95.93	CG
8	6450044	6451003	1663	476	77.75	CHG
8	6450044	6451003	855	8535	9.11	CHH
8	6675950	6676096	191	5	97.45	CG
8	6675950	6676096	80	23	77.67	CHG
8	6675950	6676096	54	538	9.12	CHH
8	6874782	6875032	696	21	97.07	CG
8	6874782	6875032	237	80	74.76	CHG
8	6874782	6875032	257	2663	8.80	CHH
8	7337780	7340351	2367	2279	50.95	CG
8	7337780	7340351	360	6076	5.59	CHG
8	7337780	7340351	2296	27826	7.62	CHH
8	7485595	7487184	3565	202	94.64	CG
8	7485595	7487184	3491	809	81.19	CHG
8	7485595	7487184	1873	14699	11.30	CHH
8	7660052	7660308	204	14	93.58	CG
8	7660052	7660308	118	230	33.91	CHG
8	7660052	7660308	195	2616	6.94	CHH
8	8117875	8118747	637	146	81.35	CG
8	8117875	8118747	97	2277	4.09	CHG
8	8117875	8118747	492	10425	4.51	CHH
8	8283116	8289954	12933	4171	75.61	CG
8	8283116	8289954	8756	12233	41.72	CHG
8	8283116	8289954	5794	72427	7.41	CHH
8	8625179	8626724	6660	269	96.12	CG
8	8625179	8626724	4375	1366	76.21	CHG
8	8625179	8626724	1022	10438	8.92	CHH
8	10263592	10264820	1267	40	96.94	CG
8	10263592	10264820	260	3617	6.71	CHG
8	10263592	10264820	1000	13680	6.81	CHH
8	10859005	10859704	471	18	96.32	CG
8	10859005	10859704	590	131	81.83	CHG
8	10859005	10859704	562	7976	6.58	CHH
8	10992041	10993699	2407	192	92.61	CG
8	10992041	10993699	1557	1078	59.09	CHG
8	10992041	10993699	1049	16313	6.04	CHH
8	11046357	11046521	3	0	100.00	CG
8	11046357	11046521	2	1	66.67	CHG
8	11046357	11046521	0	3	0.00	CHH
8	11166235	11167095	66	0	100.00	CG
8	11166235	11167095	426	35	92.41	CHG
8	11166235	11167095	259	2451	9.56	CHH
8	11203659	11203915	2	0	100.00	CG
8	11203659	11203915	1	0	100.00	CHG
8	11203659	11203915	1	25	3.85	CHH
8	12217241	12217417	15	2	88.24	CG
8	12217241	12217417	132	7	94.96	CHG
8	12217241	12217417	85	639	11.74	CHH
8	12220776	12220917	18	0	100.00	CG
8	12220776	12220917	20	7	74.07	CHG
8	12220776	12220917	1	64	1.54	CHH
8	12256460	12256704	29	460	5.93	CG
8	12256460	12256704	100	771	11.48	CHG
8	12256460	12256704	264	3013	8.06	CHH
8	12629860	12629996	73	5	93.59	CG
8	12629860	12629996	276	67	80.47	CHG
8	12629860	12629996	74	1349	5.20	CHH
8	13407105	13408116	4157	599	87.41	CG
8	13407105	13408116	1392	1031	57.45	CHG
8	13407105	13408116	699	6358	9.91	CHH
8	13545344	13545711	708	26	96.46	CG
8	13545344	13545711	114	142	44.53	CHG
8	13545344	13545711	311	4502	6.46	CHH
8	13637622	13639004	5383	239	95.75	CG
8	13637622	13639004	4140	1389	74.88	CHG
8	13637622	13639004	1159	13916	7.69	CHH
8	13894493	13894788	208	2	99.05	CG
8	13894493	13894788	72	29	71.29	CHG
8	13894493	13894788	19	254	6.96	CHH
8	13952461	13953924	2257	737	75.38	CG
8	13952461	13953924	1309	1046	55.58	CHG
8	13952461	13953924	1844	15012	10.94	CHH
8	14213510	14213752	167	462	26.55	CG
8	14213510	14213752	12	435	2.68	CHG
8	14213510	14213752	179	2308	7.20	CHH
8	14298148	14298652	714	26	96.49	CG
8	14298148	14298652	888	194	82.07	CHG
8	14298148	14298652	359	4976	6.73	CHH
8	14597668	14597929	1801	35	98.09	CG
8	14597668	14597929	997	271	78.63	CHG
8	14597668	14597929	340	2279	12.98	CHH
8	14657412	14657652	55	4	93.22	CG
8	14657412	14657652	28	18	60.87	CHG
8	14657412	14657652	190	1431	11.72	CHH
8	15580207	15580529	450	18	96.15	CG
8	15580207	15580529	570	112	83.58	CHG
8	15580207	15580529	368	3164	10.42	CHH
8	15967015	15970249	7015	422	94.33	CG
8	15967015	15970249	5151	1904	73.01	CHG
8	15967015	15970249	2688	35583	7.02	CHH
8	16012976	16013846	4216	190	95.69	CG
8	16012976	16013846	2261	726	75.69	CHG
8	16012976	16013846	983	8035	10.90	CHH
8	16216197	16216404	258	26	90.85	CG
8	16216197	16216404	108	1670	6.07	CHH
8	16538923	16541131	2249	339	86.90	CG
8	16538923	16541131	309	4963	5.86	CHG
8	16538923	16541131	1798	28049	6.02	CHH
8	16974676	16975655	792	1306	37.75	CG
8	16974676	16975655	451	1573	22.28	CHG
8	16974676	16975655	1192	10886	9.87	CHH
8	16994050	16994211	11	452	2.38	CG
8	16994050	16994211	25	323	7.18	CHG
8	16994050	16994211	110	1763	5.87	CHH
8	17403203	17403300	476	30	94.07	CG
8	17403203	17403300	225	73	75.50	CHG
8	17403203	17403300	41	954	4.12	CHH
8	17719178	17719322	307	20	93.88	CG
8	17719178	17719322	113	98	53.55	CHG
8	17719178	17719322	119	1449	7.59	CHH
8	18550794	18553306	5042	1939	72.22	CG
8	18550794	18553306	2212	3339	39.85	CHG
8	18550794	18553306	3431	18380	15.73	CHH
8	20514928	20517189	3470	244	93.43	CG
8	20514928	20517189	986	842	53.94	CHG
8	20514928	20517189	2322	30847	7.00	CHH
8	21734995	21740080	20542	1046	95.15	CG
8	21734995	21740080	9640	3031	76.08	CHG
8	21734995	21740080	4319	43530	9.03	CHH
8	21758849	21759020	150	9	94.34	CG
8	21758849	21759020	10	491	2.00	CHG
8	21758849	21759020	140	2086	6.29	CHH
8	22561294	22561443	5	216	2.26	CG
8	22561294	22561443	28	201	12.23	CHG
8	22561294	22561443	82	942	8.01	CHH
8	22681154	22681244	119	13	90.15	CHG
8	22681154	22681244	48	585	7.58	CHH
8	22949183	22951590	1915	1504	56.01	CG
8	22949183	22951590	1317	3700	26.25	CHG
8	22949183	22951590	5458	20005	21.44	CHH
8	23384652	23384882	23	1534	1.48	CG
8	23384652	23384882	66	784	7.76	CHG
8	23384652	23384882	167	1930	7.96	CHH
8	23517672	23517817	138	3	97.87	CG
8	23517672	23517817	184	14	92.93	CHG
8	23517672	23517817	182	1478	10.96	CHH
8	23675662	23675914	555	26	95.52	CG
8	23675662	23675914	194	109	64.03	CHG
8	23675662	23675914	718	800	47.30	CHH
8	24239866	24240191	287	14	95.35	CG
8	24239866	24240191	19	1065	1.75	CHG
8	24239866	24240191	230	4123	5.28	CHH
8	24632914	24633182	219	65	77.11	CG
8	24632914	24633182	148	633	18.95	CHG
8	24632914	24633182	260	2117	10.94	CHH
8	25281178	25281350	707	64	91.70	CG
8	25281178	25281350	87	70	55.41	CHG
8	25281178	25281350	226	1889	10.69	CHH
8	25598370	25598449	92	571	13.88	CHH
8	25696600	25696771	51	998	4.86	CG
8	25696600	25696771	29	664	4.18	CHG
8	25696600	25696771	111	1531	6.76	CHH
8	25733898	25741720	9820	7807	55.71	CG
8	25733898	25741720	6897	17318	28.48	CHG
8	25733898	25741720	6794	79234	7.90	CHH
8	26671848	26672550	650	8	98.78	CG
8	26671848	26672550	312	35	89.91	CHG
8	26671848	26672550	335	2223	13.10	CHH
8	26851572	26851796	15	722	2.04	CG
8	26851572	26851796	18	407	4.24	CHG
8	26851572	26851796	112	1929	5.49	CHH
8	27327904	27330518	2240	15592	12.56	CG
8	27327904	27330518	1247	9858	11.23	CHG
8	27327904	27330518	2246	23527	8.71	CHH
9	899505	900078	1983	91	95.61	CG
9	899505	900078	651	287	69.40	CHG
9	899505	900078	920	7475	10.96	CHH
9	1708905	1710116	4892	154	96.95	CG
9	1708905	1710116	2754	931	74.74	CHG
9	1708905	1710116	703	9421	6.94	CHH
9	2262231	2262612	724	42	94.52	CG
9	2262231	2262612	904	192	82.48	CHG
9	2262231	2262612	344	3797	8.31	CHH
9	2463009	2464211	2633	96	96.48	CG
9	2463009	2464211	1944	568	77.39	CHG
9	2463009	2464211	1240	10769	10.33	CHH
9	2545349	2545704	897	21	97.71	CG
9	2545349	2545704	951	175	84.46	CHG
9	2545349	2545704	327	2963	9.94	CHH
9	2775400	2775730	10406	556	94.93	CG
9	2775400	2775730	1834	1272	59.05	CHG
9	2775400	2775730	2230	23258	8.75	CHH
9	2854868	2855786	7505	457	94.26	CG
9	2854868	2855786	925	1028	47.36	CHG
9	2854868	2855786	1678	15818	9.59	CHH
9	2911646	2912272	1247	55	95.78	CG
9	2911646	2912272	1712	299	85.13	CHG
9	2911646	2912272	637	5978	9.63	CHH
9	3112245	3115702	19899	728	96.47	CG
9	3112245	3115702	8777	2636	76.90	CHG
9	3112245	3115702	4103	30534	11.85	CHH
9	3214717	3216020	1320	550	70.59	CG
9	3214717	3216020	652	683	48.84	CHG
9	3214717	3216020	672	11502	5.52	CHH
9	3330884	3331520	311	23	93.11	CG
9	3330884	3331520	670	171	79.67	CHG
9	3330884	3331520	222	4037	5.21	CHH
9	4522204	4522362	254	11	95.85	CG
9	4522204	4522362	122	26	82.43	CHG
9	4522204	4522362	60	426	12.35	CHH
9	4739227	4745466	6866	3324	67.38	CG
9	4739227	4745466	3034	6582	31.55	CHG
9	4739227	4745466	4037	55491	6.78	CHH
9	6140177	6140335	129	4	96.99	CG
9	6140177	6140335	59	12	83.10	CHG
9	6140177	6140335	27	449	5.67	CHH
9	6631347	6632182	218	316	40.82	CG
9	6631347	6632182	1204	1286	48.35	CHG
9	6631347	6632182	649	9960	6.12	CHH
9	7230219	7230464	912	91	90.93	CG
9	7230219	7230464	216	271	44.35	CHG
9	7230219	7230464	135	1205	10.07	CHH
9	7430897	7432040	653	507	56.29	CG
9	7430897	7432040	74	820	8.28	CHG
9	7430897	7432040	560	11453	4.66	CHH
9	8393668	8393832	757	15	98.06	CG
9	8393668	8393832	325	102	76.11	CHG
9	8393668	8393832	238	1162	17.00	CHH
9	9923428	9925180	174	1375	11.23	CG
9	9923428	9925180	176	2561	6.43	CHG
9	9923428	9925180	1624	18282	8.16	CHH
9	10766786	10767301	579	53	91.61	CG
9	10766786	10767301	86	1780	4.61	CHG
9	10766786	10767301	376	6602	5.39	CHH
9	12030840	12031218	59	2602	2.22	CG
9	12030840	12031218	103	1675	5.79	CHG
9	12030840	12031218	169	3053	5.25	CHH
9	12595903	12596851	20	1366	1.44	CG
9	12595903	12596851	159	2854	5.28	CHG
9	12595903	12596851	630	9978	5.94	CHH
9	13404977	13406112	3345	148	95.76	CG
9	13404977	13406112	1106	521	67.98	CHG
9	13404977	13406112	1005	7664	11.59	CHH
9	16489222	16490713	2415	1514	61.47	CG
9	16489222	16490713	779	3004	20.59	CHG
9	16489222	16490713	903	14594	5.83	CHH
9	16577282	16577396	177	8	95.68	CG
9	16577282	16577396	61	26	70.11	CHG
9	16577282	16577396	836	673	55.40	CHH
9	17604144	17604323	266	4	98.52	CG
9	17604144	17604323	3	356	0.84	CHG
9	17604144	17604323	124	2103	5.57	CHH
9	19383868	19383934	5	193	2.53	CHG
9	19383868	19383934	27	729	3.57	CHH
9	19469244	19469889	89	733	10.83	CG
9	19469244	19469889	118	1482	7.38	CHG
9	19469244	19469889	836	3542	19.10	CHH
9	19529704	19533249	4950	7226	40.65	CG
9	19529704	19533249	2610	4478	36.82	CHG
9	19529704	19533249	3292	36020	8.37	CHH
9	20512179	20515947	3975	3185	55.52	CG
9	20512179	20515947	2566	6243	29.13	CHG
9	20512179	20515947	5020	40155	11.11	CHH
9	20811988	20812086	154	1027	13.04	CG
9	20811988	20812086	11	162	6.36	CHG
9	20811988	20812086	59	1261	4.47	CHH
9	21917576	21917684	20	552	3.50	CG
9	21917576	21917684	47	422	10.02	CHG
9	21917576	21917684	114	821	12.19	CHH
9	22507907	22508014	10	412	2.37	CHG
9	22507907	22508014	103	1415	6.79	CHH
9	22587586	22587797	818	28	96.69	CG
9	22587586	22587797	345	130	72.63	CHG
9	22587586	22587797	231	1343	14.68	CHH
10	76063	76767	1543	57	96.44	CG
10	76063	76767	1106	853	56.46	CHG
10	76063	76767	377	6944	5.15	CHH
10	1070598	1072595	2254	4205	34.90	CG
10	1070598	1072595	1570	3234	32.68	CHG
10	1070598	1072595	2289	18115	11.22	CHH
10	1391746	1391999	1917	47	97.61	CG
10	1391746	1391999	614	416	59.61	CHG
10	1391746	1391999	226	1773	11.31	CHH
10	1614261	1614403	0	82	0.00	CG
10	1614261	1614403	50	491	9.24	CHG
10	1614261	1614403	60	1758	3.30	CHH
10	1803629	1804504	1397	160	89.72	CG
10	1803629	1804504	1307	678	65.84	CHG
10	1803629	1804504	1698	8829	16.13	CHH
10	1803768	1804170	1245	87	93.47	CG
10	1803768	1804170	618	259	70.47	CHG
10	1803768	1804170	711	3181	18.27	CHH
10	1840873	1840994	9	351	2.50	CG
10	1840873	1840994	10	218	4.39	CHG
10	1840873	1840994	60	1067	5.32	CHH
10	2764274	2764493	23	550	4.01	CG
10	2764274	2764493	116	1157	9.11	CHG
10	2764274	2764493	202	2688	6.99	CHH
10	3411205	3411730	491	10	98.00	CG
10	3411205	3411730	58	1702	3.30	CHG
10	3411205	3411730	293	5823	4.79	CHH
10	3555583	3556236	2101	144	93.59	CG
10	3555583	3556236	532	382	58.21	CHG
10	3555583	3556236	431	2728	13.64	CHH
10	4747418	4747782	95	94	50.26	CG
10	4747418	4747782	226	892	20.21	CHG
10	4747418	4747782	242	3848	5.92	CHH
10	6032495	6032662	218	9	96.04	CG
10	6032495	6032662	502	71	87.61	CHG
10	6032495	6032662	228	1892	10.75	CHH
10	6484932	6485158	127	488	20.65	CG
10	6484932	6485158	6	298	1.97	CHG
10	6484932	6485158	120	1842	6.12	CHH
10	6965382	6965620	1168	30	97.50	CG
10	6965382	6965620	249	251	49.80	CHG
10	6965382	6965620	44	615	6.68	CHH
10	7289884	7290427	1775	87	95.33	CG
10	7289884	7290427	888	271	76.62	CHG
10	7289884	7290427	347	4267	7.52	CHH
10	8713513	8713687	184	2	98.92	CG
10	8713513	8713687	231	29	88.85	CHG
10	8713513	8713687	68	691	8.96	CHH
10	8784304	8784496	429	16	96.40	CG
10	8784304	8784496	213	77	73.45	CHG
10	8784304	8784496	174	2649	6.16	CHH
10	9339792	9339997	245	12	95.33	CG
10	9339792	9339997	22	17	56.41	CHG
10	9339792	9339997	672	724	48.14	CHH
10	9455216	9455761	984	17	98.30	CG
10	9455216	9455761	774	115	87.06	CHG
10	9455216	9455761	467	4495	9.41	CHH
10	10070366	10073354	7923	266	96.75	CG
10	10070366	10073354	4867	1299	78.93	CHG
10	10070366	10073354	2084	16890	10.98	CHH
10	10893887	10894383	397	197	66.84	CG
10	10893887	10894383	603	346	63.54	CHG
10	10893887	10894383	316	4739	6.25	CHH
10	10994069	10994203	247	23	91.48	CG
10	10994069	10994203	37	432	7.89	CHG
10	10994069	10994203	59	1398	4.05	CHH
10	11956236	11956518	607	6	99.02	CG
10	11956236	11956518	335	107	75.79	CHG
10	11956236	11956518	775	2363	24.70	CHH
10	11967788	11968023	70	3	95.89	CG
10	11967788	11968023	70	7	90.91	CHG
10	11967788	11968023	593	2048	22.45	CHH
10	12041078	12041429	12	158	7.06	CG
10	12041078	12041429	315	437	41.89	CHG
10	12041078	12041429	707	3033	18.90	CHH
10	12398331	12398410	69	36	65.71	CHG
10	12398331	12398410	53	913	5.49	CHH
10	12783731	12784747	1229	4876	20.13	CG
10	12783731	12784747	613	2584	19.17	CHG
10	12783731	12784747	1493	9060	14.15	CHH
10	13030461	13031711	997	4645	17.67	CG
10	13030461	13031711	675	3337	16.82	CHG
10	13030461	13031711	1951	10235	16.01	CHH
10	13134013	13134625	702	215	76.55	CG
10	13134013	13134625	170	214	44.27	CHG
10	13134013	13134625	838	6599	11.27	CHH
10	14312781	14312940	455	14	97.01	CG
10	14312781	14312940	149	65	69.63	CHG
10	14312781	14312940	240	1152	17.24	CHH
10	14415032	14415475	32	1263	2.47	CG
10	14415032	14415475	72	1071	6.30	CHG
10	14415032	14415475	202	4301	4.49	CHH
10	14939572	14939779	24	903	2.59	CG
10	14939572	14939779	53	553	8.75	CHG
10	14939572	14939779	215	3086	6.51	CHH
10	15358024	15358297	152	46	76.77	CHG
10	15358024	15358297	382	3641	9.50	CHH
10	15388115	15388379	128	5	96.24	CG
10	15388115	15388379	249	148	62.72	CHG
10	15388115	15388379	160	2010	7.37	CHH
10	15623066	15624262	196	4685	4.02	CG
10	15623066	15624262	239	5226	4.37	CHG
10	15623066	15624262	793	13585	5.52	CHH
10	16649407	16649853	80	2597	2.99	CG
10	16649407	16649853	145	2235	6.09	CHG
10	16649407	16649853	217	4620	4.49	CHH
10	17917117	17917361	21	549	3.68	CG
10	17917117	17917361	60	913	6.17	CHG
10	17917117	17917361	174	2618	6.23	CHH
10	18118300	18118455	408	10	97.61	CG
10	18118300	18118455	249	44	84.98	CHG
10	18118300	18118455	557	1734	24.31	CHH
10	18249061	18249336	1249	37	97.12	CG
10	18249061	18249336	418	316	56.95	CHG
10	18249061	18249336	260	2883	8.27	CHH
10	18629501	18629720	8	219	3.52	CG
10	18629501	18629720	20	250	7.41	CHG
10	18629501	18629720	111	2655	4.01	CHH
10	18709862	18710680	625	2852	17.98	CG
10	18709862	18710680	216	2817	7.12	CHG
10	18709862	18710680	746	6635	10.11	CHH
10	19071669	19072430	400	3810	9.50	CG
10	19071669	19072430	341	4001	7.85	CHG
10	19071669	19072430	326	7056	4.42	CHH
10	19727438	19727659	100	3	97.09	CG
10	19727438	19727659	105	45	70.00	CHG
10	19727438	19727659	576	936	38.10	CHH
10	20621568	20621746	400	16	96.15	CG
10	20621568	20621746	336	137	71.04	CHG
10	20621568	20621746	95	920	9.36	CHH
10	20684185	20684453	239	27	89.85	CG
10	20684185	20684453	58	1064	5.17	CHG
10	20684185	20684453	118	3535	3.23	CHH
10	20758072	20758229	82	5	94.25	CG
10	20758072	20758229	43	666	6.06	CHG
10	20758072	20758229	105	1966	5.07	CHH
10	20876029	20876473	309	582	34.68	CG
10	20876029	20876473	204	1069	16.03	CHG
10	20876029	20876473	364	3551	9.30	CHH
10	21433314	21437604	3869	4290	47.42	CG
10	21433314	21437604	863	9449	8.37	CHG
10	21433314	21437604	3011	47487	5.96	CHH
10	21560604	21561484	413	322	56.19	CG
10	21560604	21561484	162	3407	4.54	CHG
10	21560604	21561484	615	10764	5.40	CHH
10	22597491	22597660	139	1192	10.44	CG
10	22597491	22597660	97	717	11.92	CHG
10	22597491	22597660	88	2001	4.21	CHH
10	22692035	22692362	252	134	65.28	CG
10	22692035	22692362	44	1007	4.19	CHG
10	22692035	22692362	232	4301	5.12	CHH
10	22860787	22861438	27	1614	1.65	CG
10	22860787	22861438	71	1966	3.49	CHG
10	22860787	22861438	257	6541	3.78	CHH
11	505296	505455	679	19	97.28	CG
11	505296	505455	519	107	82.91	CHG
11	505296	505455	140	1377	9.23	CHH
11	797708	798586	323	342	48.57	CG
11	797708	798586	404	830	32.74	CHG
11	797708	798586	776	8643	8.24	CHH
11	1050852	1052789	540	5371	9.14	CG
11	1050852	1052789	570	6234	8.38	CHG
11	1050852	1052789	1404	21402	6.16	CHH
11	1432574	1432751	26	1005	2.52	CG
11	1432574	1432751	34	642	5.03	CHG
11	1432574	1432751	192	3310	5.48	CHH
11	1858041	1858566	881	17	98.11	CG
11	1858041	1858566	1104	130	89.47	CHG
11	1858041	1858566	1769	2870	38.13	CHH
11	2504811	2504939	5	399	1.24	CG
11	2504811	2504939	26	385	6.33	CHG
11	2504811	2504939	61	1240	4.69	CHH
11	2669596	2669853	33	1490	2.17	CG
11	2669596	2669853	35	247	12.41	CHG
11	2669596	2669853	81	2223	3.52	CHH
11	2802873	2804621	1676	1701	49.63	CG
11	2802873	2804621	1817	2368	43.42	CHG
11	2802873	2804621	2311	17759	11.51	CHH
11	2990468	2990688	79	6	92.94	CG
11	2990468	2990688	26	18	59.09	CHG
11	2990468	2990688	42	123	25.45	CHH
11	3466044	3470402	4827	2908	62.40	CG
11	3466044	3470402	3438	4355	44.12	CHG
11	3466044	3470402	4754	35741	11.74	CHH
11	3810954	3811089	166	15	91.71	CG
11	3810954	3811089	43	399	9.73	CHG
11	3810954	3811089	72	1174	5.78	CHH
11	4224826	4225123	93	2	97.89	CG
11	4224826	4225123	41	660	5.85	CHG
11	4224826	4225123	266	3399	7.26	CHH
11	4595255	4598721	4527	6837	39.84	CG
11	4595255	4598721	2262	4243	34.77	CHG
11	4595255	4598721	3878	28277	12.06	CHH
11	6038088	6038424	278	3181	8.04	CG
11	6038088	6038424	106	1816	5.52	CHG
11	6038088	6038424	106	2733	3.73	CHH
11	6091835	6093414	5053	1326	79.21	CG
11	6091835	6093414	2059	1618	56.00	CHG
11	6091835	6093414	2471	16018	13.36	CHH
11	7821028	7821214	149	482	23.61	CG
11	7821028	7821214	92	686	11.83	CHG
11	7821028	7821214	114	1748	6.12	CHH
11	9435946	9436636	1542	53	96.68	CG
11	9435946	9436636	900	342	72.46	CHG
11	9435946	9436636	1300	5651	18.70	CHH
11	9479627	9479991	48	1866	2.51	CG
11	9479627	9479991	130	1676	7.20	CHG
11	9479627	9479991	171	4093	4.01	CHH
11	9728388	9728616	164	27	85.86	CG
11	9728388	9728616	28	187	13.02	CHG
11	9728388	9728616	175	1775	8.97	CHH
11	9810706	9815080	11871	1549	88.46	CG
11	9810706	9815080	5996	5196	53.57	CHG
11	9810706	9815080	3815	40206	8.67	CHH
11	9969448	9969633	299	27	91.72	CG
11	9969448	9969633	150	152	49.67	CHG
11	9969448	9969633	200	1860	9.71	CHH
11	10499987	10500272	490	13	97.42	CG
11	10499987	10500272	460	88	83.94	CHG
11	10499987	10500272	252	2920	7.94	CHH
11	10502651	10503109	749	32	95.90	CG
11	10502651	10503109	1333	120	91.74	CHG
11	10502651	10503109	579	4560	11.27	CHH
11	11632517	11632735	840	65	92.82	CG
11	11632517	11632735	255	214	54.37	CHG
11	11632517	11632735	124	1211	9.29	CHH
11	12791330	12791451	398	13	96.84	CG
11	12791330	12791451	219	47	82.33	CHG
11	12791330	12791451	76	779	8.89	CHH
11	13907112	13907730	1643	47	97.22	CG
11	13907112	13907730	1809	249	87.90	CHG
11	13907112	13907730	651	6095	9.65	CHH
11	14199127	14199230	521	22	95.95	CG
11	14199127	14199230	361	79	82.05	CHG
11	14199127	14199230	137	739	15.64	CHH
11	14246634	14246765	126	2	98.44	CG
11	14246634	14246765	163	13	92.61	CHG
11	14246634	14246765	111	937	10.59	CHH
11	14953985	14954432	761	41	94.89	CG
11	14953985	14954432	278	128	68.47	CHG
11	14953985	14954432	456	3988	10.26	CHH
11	15162648	15162882	141	6	95.92	CG
11	15162648	15162882	525	94	84.81	CHG
11	15162648	15162882	189	2743	6.45	CHH
11	15516587	15517994	1685	3883	30.26	CG
11	15516587	15517994	576	2867	16.73	CHG
11	15516587	15517994	1541	13596	10.18	CHH
11	15595496	15598031	7083	1117	86.38	CG
11	15595496	15598031	3741	2777	57.39	CHG
11	15595496	15598031	2486	28947	7.91	CHH
11	15629573	15629919	309	15	95.37	CG
11	15629573	15629919	464	204	69.46	CHG
11	15629573	15629919	330	3843	7.91	CHH
11	15784095	15784518	125	3081	3.90	CG
11	15784095	15784518	131	1963	6.26	CHG
11	15784095	15784518	227	4260	5.06	CHH
11	16587225	16588700	2172	1305	62.47	CG
11	16587225	16588700	1135	1320	46.23	CHG
11	16587225	16588700	1899	11853	13.81	CHH
11	16590106	16591882	4481	116	97.48	CG
11	16590106	16591882	5931	830	87.72	CHG
11	16590106	16591882	1682	16365	9.32	CHH
11	17024541	17024749	99	120	45.21	CG
11	17024541	17024749	160	98	62.02	CHG
11	17024541	17024749	710	1528	31.72	CHH
11	17437801	17439859	995	4359	18.58	CG
11	17437801	17439859	322	4862	6.21	CHG
11	17437801	17439859	1289	21875	5.56	CHH
11	17734944	17735193	54	2197	2.40	CG
11	17734944	17735193	78	1127	6.47	CHG
11	17734944	17735193	82	1591	4.90	CHH
11	17903585	17906300	6578	1158	85.03	CG
11	17903585	17906300	5000	1906	72.40	CHG
11	17903585	17906300	3418	26916	11.27	CHH
11	17974571	17974900	144	1037	12.19	CG
11	17974571	17974900	155	1236	11.14	CHG
11	17974571	17974900	544	4063	11.81	CHH
11	18221483	18221608	255	3	98.84	CG
11	18221483	18221608	335	62	84.38	CHG
11	18221483	18221608	51	729	6.54	CHH
11	18325064	18325191	2	104	1.89	CG
11	18325064	18325191	8	281	2.77	CHG
11	18325064	18325191	46	1427	3.12	CHH
11	18373844	18373989	6	86	6.52	CG
11	18373844	18373989	17	351	4.62	CHG
11	18373844	18373989	137	1910	6.69	CHH
11	18718793	18720377	3082	1266	70.88	CG
11	18718793	18720377	729	3016	19.47	CHG
11	18718793	18720377	994	16644	5.64	CHH
11	18909482	18909881	35	1839	1.87	CG
11	18909482	18909881	101	1425	6.62	CHG
11	18909482	18909881	244	3482	6.55	CHH
11	19311606	19314032	4607	794	85.30	CG
11	19311606	19314032	3108	2655	53.93	CHG
11	19311606	19314032	2893	19051	13.18	CHH
11	20219224	20220414	2408	147	94.25	CG
11	20219224	20220414	2939	416	87.60	CHG
11	20219224	20220414	1020	11778	7.97	CHH
11	20319451	20320865	2245	327	87.29	CG
11	20319451	20320865	1620	613	72.55	CHG
11	20319451	20320865	2279	13584	14.37	CHH
11	20346784	20346867	1	61	1.61	CG
11	20346784	20346867	4	90	4.26	CHG
11	20346784	20346867	42	680	5.82	CHH
11	20686170	20686465	283	15	94.97	CG
11	20686170	20686465	54	332	13.99	CHG
11	20686170	20686465	204	3641	5.31	CHH
11	20872306	20872476	1074	38	96.58	CG
11	20872306	20872476	442	237	65.10	CHG
11	20872306	20872476	73	1025	6.65	CHH
11	20903615	20904114	600	130	82.19	CG
11	20903615	20904114	73	1422	4.88	CHG
11	20903615	20904114	241	5675	4.07	CHH
11	21540161	21540670	758	31	96.07	CG
11	21540161	21540670	417	266	61.05	CHG
11	21540161	21540670	410	5056	7.50	CHH
11	22251376	22252471	434	762	36.29	CG
11	22251376	22252471	503	1807	21.77	CHG
11	22251376	22252471	1121	11357	8.98	CHH
11	22442650	22442893	417	7	98.35	CG
11	22442650	22442893	113	29	79.58	CHG
11	22442650	22442893	259	3624	6.67	CHH
11	22611185	22611456	16	436	3.54	CG
11	22611185	22611456	29	692	4.02	CHG
11	22611185	22611456	231	4414	4.97	CHH
11	22898553	22899482	758	870	46.56	CG
11	22898553	22899482	471	1135	29.33	CHG
11	22898553	22899482	518	6726	7.15	CHH
11	23917291	23918354	1635	260	86.28	CG
11	23917291	23918354	738	598	55.24	CHG
11	23917291	23918354	1078	9842	9.87	CHH
11	23924021	23924111	6	173	3.35	CG
11	23924021	23924111	28	459	5.75	CHG
11	23924021	23924111	65	1147	5.36	CHH
11	24143197	24143872	1504	34	97.79	CG
11	24143197	24143872	813	183	81.63	CHG
11	24143197	24143872	422	3412	11.01	CHH
11	24518104	24518669	571	28	95.33	CG
11	24518104	24518669	434	113	79.34	CHG
11	24518104	24518669	150	1681	8.19	CHH
11	25340157	25340679	550	33	94.34	CG
11	25340157	25340679	237	255	48.17	CHG
11	25340157	25340679	355	6517	5.17	CHH
11	25356991	25357939	839	90	90.31	CG
11	25356991	25357939	832	781	51.58	CHG
11	25356991	25357939	446	8806	4.82	CHH
11	25450636	25450896	1251	25	98.04	CG
11	25450636	25450896	285	264	51.91	CHG
11	25450636	25450896	25	542	4.41	CHH
11	26018351	26019667	3300	165	95.24	CG
11	26018351	26019667	2652	678	79.64	CHG
11	26018351	26019667	1254	8843	12.42	CHH
11	26557615	26559410	2250	345	86.71	CG
11	26557615	26559410	208	3374	5.81	CHG
11	26557615	26559410	1303	19593	6.24	CHH
11	26733617	26733799	472	16	96.72	CG
11	26733617	26733799	368	92	80.00	CHG
11	26733617	26733799	140	1463	8.73	CHH
11	26897318	26898575	4357	271	94.14	CG
11	26897318	26898575	1660	1393	54.37	CHG
11	26897318	26898575	1320	10156	11.50	CHH
11	27142723	27144368	2038	1436	58.66	CG
11	27142723	27144368	1061	2117	33.39	CHG
11	27142723	27144368	2097	13677	13.29	CHH
11	27188061	27188431	444	26	94.47	CG
11	27188061	27188431	230	60	79.31	CHG
11	27188061	27188431	1292	3773	25.51	CHH
11	27296398	27296914	549	875	38.55	CG
11	27296398	27296914	90	507	15.08	CHG
11	27296398	27296914	1273	3281	27.95	CHH
11	27621315	27621467	27	2	93.10	CG
11	27621315	27621467	24	19	55.81	CHG
11	27621315	27621467	44	526	7.72	CHH
11	28581984	28582206	3	218	1.36	CHG
11	28581984	28582206	491	5725	7.90	CHH
12	1158418	1158578	8	678	1.17	CG
12	1158418	1158578	15	231	6.10	CHG
12	1158418	1158578	108	1624	6.24	CHH
12	1177184	1177765	13	409	3.08	CG
12	1177184	1177765	87	1182	6.86	CHG
12	1177184	1177765	433	6444	6.30	CHH
12	1270256	1270750	151	176	46.18	CG
12	1270256	1270750	87	1561	5.28	CHG
12	1270256	1270750	190	4067	4.46	CHH
12	2005465	2005735	1202	47	96.24	CG
12	2005465	2005735	168	177	48.70	CHG
12	2005465	2005735	254	2212	10.30	CHH
12	2376872	2377309	548	364	60.09	CG
12	2376872	2377309	47	1036	4.34	CHG
12	2376872	2377309	356	5428	6.15	CHH
12	3807299	3807471	6	171	3.39	CG
12	3807299	3807471	25	641	3.75	CHG
12	3807299	3807471	141	2181	6.07	CHH
12	3811143	3811601	819	41	95.23	CG
12	3811143	3811601	277	411	40.26	CHG
12	3811143	3811601	627	4337	12.63	CHH
12	3837019	3837118	15	152	8.98	CHH
12	4083553	4083794	253	185	57.76	CG
12	4083553	4083794	133	1162	10.27	CHG
12	4083553	4083794	185	2768	6.26	CHH
12	5174512	5176042	5555	1587	77.78	CG
12	5174512	5176042	1854	2199	45.74	CHG
12	5174512	5176042	1061	12492	7.83	CHH
12	5728433	5728876	1883	78	96.02	CG
12	5728433	5728876	1344	322	80.67	CHG
12	5728433	5728876	336	2817	10.66	CHH
12	6323100	6323289	92	289	24.15	CG
12	6323100	6323289	38	312	10.86	CHG
12	6323100	6323289	88	1688	4.95	CHH
12	6480645	6481828	5219	205	96.22	CG
12	6480645	6481828	2981	673	81.58	CHG
12	6480645	6481828	1306	12108	9.74	CHH
12	6550600	6551475	1313	62	95.49	CG
12	6550600	6551475	846	285	74.80	CHG
12	6550600	6551475	496	5828	7.84	CHH
12	7855054	7855393	548	22	96.14	CG
12	7855054	7855393	639	170	78.99	CHG
12	7855054	7855393	427	2917	12.77	CHH
12	8497520	8497653	61	1272	4.58	CG
12	8497520	8497653	42	548	7.12	CHG
12	8497520	8497653	105	875	10.71	CHH
12	8555821	8555983	685	307	69.05	CG
12	8555821	8555983	358	373	48.97	CHG
12	8555821	8555983	163	2162	7.01	CHH
12	8733248	8733675	3	0	100.00	CG
12	8733248	8733675	21	12	63.64	CHG
12	8733248	8733675	77	559	12.11	CHH
12	8783105	8783207	186	10	94.90	CG
12	8783105	8783207	22	34	39.29	CHG
12	8783105	8783207	48	1110	4.15	CHH
12	8846726	8847029	255	415	38.06	CG
12	8846726	8847029	20	212	8.62	CHG
12	8846726	8847029	212	3299	6.04	CHH
12	9326878	9327074	433	22	95.16	CG
12	9326878	9327074	197	133	59.70	CHG
12	9326878	9327074	221	1953	10.17	CHH
12	9368388	9368605	396	13	96.82	CG
12	9368388	9368605	203	63	76.32	CHG
12	9368388	9368605	288	2609	9.94	CHH
12	11421434	11422871	1049	40	96.33	CG
12	11421434	11422871	292	4937	5.58	CHG
12	11421434	11422871	936	18266	4.87	CHH
12	11519644	11519807	234	11	95.51	CG
12	11519644	11519807	180	48	78.95	CHG
12	11519644	11519807	112	1394	7.44	CHH
12	12193685	12193957	943	63	93.74	CG
12	12193685	12193957	488	373	56.68	CHG
12	12193685	12193957	255	3216	7.35	CHH
12	12596401	12596694	381	17	95.73	CG
12	12596401	12596694	615	156	79.77	CHG
12	12596401	12596694	256	3621	6.60	CHH
12	12742760	12743615	2098	143	93.62	CG
12	12742760	12743615	1353	390	77.62	CHG
12	12742760	12743615	704	7704	8.37	CHH
12	13187459	13188652	1371	2421	36.16	CG
12	13187459	13188652	521	2746	15.95	CHG
12	13187459	13188652	1297	11654	10.01	CHH
12	14284341	14284547	21	555	3.65	CG
12	14284341	14284547	13	142	8.39	CHG
12	14284341	14284547	103	2225	4.42	CHH
12	14803452	14803625	155	4	97.48	CG
12	14803452	14803625	361	48	88.26	CHG
12	14803452	14803625	137	2382	5.44	CHH
12	15067951	15069074	2719	72	97.42	CG
12	15067951	15069074	2375	436	84.49	CHG
12	15067951	15069074	1255	11920	9.53	CHH
12	15348530	15353993	11161	499	95.72	CG
12	15348530	15353993	12015	2511	82.71	CHG
12	15348530	15353993	5746	59435	8.82	CHH
12	16142723	16142824	404	17	95.96	CG
12	16142723	16142824	310	42	88.07	CHG
12	16142723	16142824	71	945	6.99	CHH
12	16276461	16276731	563	16	97.24	CG
12	16276461	16276731	346	184	65.28	CHG
12	16276461	16276731	71	2093	3.28	CHH
12	16529727	16530963	4024	293	93.21	CG
12	16529727	16530963	1873	1000	65.19	CHG
12	16529727	16530963	1036	12300	7.77	CHH
12	17830991	17831311	77	84	47.83	CG
12	17830991	17831311	34	951	3.45	CHG
12	17830991	17831311	152	3244	4.48	CHH
12	18708202	18708465	244	8	96.83	CG
12	18708202	18708465	95	556	14.59	CHG
12	18708202	18708465	114	3115	3.53	CHH
12	18864903	18867127	4475	877	83.61	CG
12	18864903	18867127	2392	1630	59.47	CHG
12	18864903	18867127	3060	16376	15.74	CHH
12	19240695	19241251	298	15	95.21	CG
12	19240695	19241251	289	253	53.32	CHG
12	19240695	19241251	439	6753	6.10	CHH
12	20271167	20271395	305	16	95.02	CG
12	20271167	20271395	359	90	79.96	CHG
12	20271167	20271395	170	2504	6.36	CHH
12	21012743	21013159	368	355	50.90	CG
12	21012743	21013159	120	1339	8.22	CHG
12	21012743	21013159	245	3671	6.26	CHH
12	21325595	21326775	1126	334	77.12	CG
12	21325595	21326775	201	4324	4.44	CHG
12	21325595	21326775	659	13062	4.80	CHH
12	21498142	21500190	2330	250	90.31	CG
12	21498142	21500190	308	5940	4.93	CHG
12	21498142	21500190	1479	23180	6.00	CHH
12	21799965	21804009	2191	6565	25.02	CG
12	21799965	21804009	771	11077	6.51	CHG
12	21799965	21804009	2548	41763	5.75	CHH
12	22237684	22237932	91	1618	5.32	CG
12	22237684	22237932	100	1290	7.19	CHG
12	22237684	22237932	223	2911	7.12	CHH
12	22424783	22424873	86	7	92.47	CG
12	22424783	22424873	26	575	4.33	CHG
12	22424783	22424873	72	1211	5.61	CHH
12	22599880	22601854	1355	4946	21.50	CG
12	22599880	22601854	414	5921	6.54	CHG
12	22599880	22601854	1330	20673	6.04	CHH
12	22827958	22829855	2356	250	90.41	CG
12	22827958	22829855	2952	804	78.59	CHG
12	22827958	22829855	2486	17276	12.58	CHH
12	22914184	22914456	590	26	95.78	CG
12	22914184	22914456	833	131	86.41	CHG
12	22914184	22914456	273	3219	7.82	CHH
12	23044811	23045065	7	221	3.07	CG
12	23044811	23045065	42	847	4.72	CHG
12	23044811	23045065	124	2688	4.41	CHH
12	24286289	24286454	192	9	95.52	CG
12	24286289	24286454	63	74	45.99	CHG
12	24286289	24286454	123	1960	5.90	CHH
12	24305556	24308650	4404	311	93.40	CG
12	24305556	24308650	1378	8358	14.15	CHG
12	24305556	24308650	2126	34420	5.82	CHH
12	24482972	24483119	6	217	2.69	CG
12	24482972	24483119	114	364	23.85	CHG
12	24482972	24483119	374	1344	21.77	CHH
12	25415184	25415420	629	173	78.43	CG
12	25415184	25415420	155	249	38.37	CHG
12	25415184	25415420	436	2566	14.52	CHH
12	26429400	26431294	358	8173	4.20	CG
12	26429400	26431294	439	6374	6.44	CHG
12	26429400	26431294	1280	20338	5.92	CHH
12	26619179	26619379	74	4	94.87	CG
12	26619179	26619379	17	491	3.35	CHG
12	26619179	26619379	185	2573	6.71	CHH
12	26739873	26743547	7750	372	95.42	CG
12	26739873	26743547	7649	1588	82.81	CHG
12	26739873	26743547	3925	36921	9.61	CHH
12	26756376	26756465	238	12	95.20	CG
12	26756376	26756465	55	75	42.31	CHG
12	26756376	26756465	101	843	10.70	CHH
