1	104478	104599	21	1	95.45	CG
1	104478	104599	25	6	80.65	CHG
1	104478	104599	66	212	23.74	CHH
1	521199	522723	1735	1833	48.63	CG
1	521199	522723	174	3272	5.05	CHG
1	521199	522723	306	15110	1.98	CHH
1	718927	719135	0	282	0.00	CG
1	718927	719135	10	427	2.29	CHG
1	718927	719135	45	1602	2.73	CHH
1	1687637	1688991	19	2505	0.75	CG
1	1687637	1688991	73	2908	2.45	CHG
1	1687637	1688991	282	13312	2.07	CHH
1	1781116	1781366	11	1482	0.74	CG
1	1781116	1781366	10	521	1.88	CHG
1	1781116	1781366	13	1270	1.01	CHH
1	2137510	2140455	1074	7476	12.56	CG
1	2137510	2140455	1003	6891	12.71	CHG
1	2137510	2140455	1860	26656	6.52	CHH
1	2172488	2172625	0	219	0.00	CG
1	2172488	2172625	31	1588	1.91	CHH
1	2198640	2199644	3120	89	97.23	CG
1	2198640	2199644	1403	530	72.58	CHG
1	2198640	2199644	411	2598	13.66	CHH
1	2541454	2541598	224	234	48.91	CG
1	2541454	2541598	55	177	23.71	CHG
1	2541454	2541598	146	1373	9.61	CHH
1	2579778	2580676	2175	250	89.69	CG
1	2579778	2580676	83	2705	2.98	CHG
1	2579778	2580676	166	9745	1.67	CHH
1	3016827	3017062	39	1570	2.42	CG
1	3016827	3017062	25	800	3.03	CHG
1	3016827	3017062	55	2236	2.40	CHH
1	4122738	4127182	2359	6417	26.88	CG
1	4122738	4127182	452	11178	3.89	CHG
1	4122738	4127182	3871	37812	9.29	CHH
1	4510347	4510477	73	0	100.00	CG
1	4510347	4510477	16	101	13.68	CHG
1	4510347	4510477	179	1151	13.46	CHH
1	4702022	4702256	231	375	38.12	CG
1	4702022	4702256	35	263	11.74	CHG
1	4702022	4702256	239	1239	16.17	CHH
1	5814441	5815039	1	501	0.20	CG
1	5814441	5815039	13	1059	1.21	CHG
1	5814441	5815039	91	5385	1.66	CHH
1	6934697	6934863	391	3	99.24	CG
1	6934697	6934863	159	21	88.33	CHG
1	6934697	6934863	123	637	16.18	CHH
1	7198017	7199243	1884	57	97.06	CG
1	7198017	7199243	117	2829	3.97	CHG
1	7198017	7199243	195	11707	1.64	CHH
1	7302410	7302594	2	704	0.28	CG
1	7302410	7302594	8	340	2.30	CHG
1	7302410	7302594	28	1467	1.87	CHH
1	7518469	7519081	9	1039	0.86	CG
1	7518469	7519081	30	1192	2.45	CHG
1	7518469	7519081	82	5172	1.56	CHH
1	7690448	7691550	79	3180	2.42	CG
1	7690448	7691550	136	2657	4.87	CHG
1	7690448	7691550	291	9873	2.86	CHH
1	8124136	8124703	1991	34	98.32	CG
1	8124136	8124703	930	382	70.88	CHG
1	8124136	8124703	599	4788	11.12	CHH
1	8426975	8427236	252	77	76.60	CG
1	8426975	8427236	21	1082	1.90	CHG
1	8426975	8427236	42	2892	1.43	CHH
1	8831214	8831605	918	8	99.14	CG
1	8831214	8831605	571	184	75.63	CHG
1	8831214	8831605	244	4303	5.37	CHH
1	8866192	8866541	1152	36	96.97	CG
1	8866192	8866541	512	173	74.74	CHG
1	8866192	8866541	290	2202	11.64	CHH
1	9124022	9124118	131	4	97.04	CG
1	9124022	9124118	336	63	84.21	CHG
1	9124022	9124118	206	456	31.12	CHH
1	9260960	9261224	128	3	97.71	CG
1	9260960	9261224	7	432	1.59	CHG
1	9260960	9261224	74	2354	3.05	CHH
1	9681083	9681232	153	90	62.96	CG
1	9681083	9681232	166	534	23.71	CHH
1	9734291	9734532	1	325	0.31	CG
1	9734291	9734532	3	94	3.09	CHG
1	9734291	9734532	97	1667	5.50	CHH
1	10263106	10263294	8	739	1.07	CG
1	10263106	10263294	9	441	2.00	CHG
1	10263106	10263294	49	1215	3.88	CHH
1	10401973	10403052	122	2347	4.94	CG
1	10401973	10403052	106	1485	6.66	CHG
1	10401973	10403052	319	7862	3.90	CHH
1	10417094	10417664	1050	26	97.58	CG
1	10417094	10417664	1532	212	87.84	CHG
1	10417094	10417664	216	5639	3.69	CHH
1	10590568	10590704	1	247	0.40	CG
1	10590568	10590704	8	230	3.36	CHG
1	10590568	10590704	101	641	13.61	CHH
1	10793800	10794970	1386	26	98.16	CG
1	10793800	10794970	344	310	52.60	CHG
1	10793800	10794970	305	2504	10.86	CHH
1	11027002	11027352	330	5	98.51	CG
1	11027002	11027352	18	706	2.49	CHG
1	11027002	11027352	88	3694	2.33	CHH
1	11745247	11745281	4	277	1.42	CG
1	11745247	11745281	4	139	2.80	CHG
1	11745247	11745281	5	236	2.07	CHH
1	11861007	11861467	983	71	93.26	CG
1	11861007	11861467	496	331	59.98	CHG
1	11861007	11861467	410	3368	10.85	CHH
1	11988203	11988342	14	885	1.56	CG
1	11988203	11988342	17	571	2.89	CHG
1	11988203	11988342	15	921	1.60	CHH
1	12157565	12159139	364	9390	3.73	CG
1	12157565	12159139	192	5048	3.66	CHG
1	12157565	12159139	223	9789	2.23	CHH
1	12279664	12280353	50	2530	1.94	CG
1	12279664	12280353	31	1525	1.99	CHG
1	12279664	12280353	95	5216	1.79	CHH
1	12444629	12444759	325	18	94.75	CG
1	12444629	12444759	262	39	87.04	CHG
1	12444629	12444759	73	1467	4.74	CHH
1	12851686	12853647	421	768	35.41	CG
1	12851686	12853647	195	4702	3.98	CHG
1	12851686	12853647	792	18851	4.03	CHH
1	12977793	12977914	168	4	97.67	CG
1	12977793	12977914	54	1248	4.15	CHH
1	14112270	14112409	30	634	4.52	CHH
1	14747584	14748346	5	938	0.53	CG
1	14747584	14748346	47	1953	2.35	CHG
1	14747584	14748346	111	6219	1.75	CHH
1	15010958	15011724	4	1	80.00	CG
1	15010958	15011724	1	87	1.14	CHG
1	15010958	15011724	8	295	2.64	CHH
1	15208882	15210074	1296	127	91.08	CG
1	15208882	15210074	458	404	53.13	CHG
1	15208882	15210074	545	9243	5.57	CHH
1	15318812	15319293	1812	33	98.21	CG
1	15318812	15319293	1200	248	82.87	CHG
1	15318812	15319293	304	3430	8.14	CHH
1	15355785	15357554	1451	1960	42.54	CG
1	15355785	15357554	878	3259	21.22	CHG
1	15355785	15357554	1450	14869	8.89	CHH
1	16453284	16453501	0	72	0.00	CG
1	16453284	16453501	18	169	9.63	CHG
1	16453284	16453501	157	1374	10.25	CHH
1	16722902	16723067	419	5	98.82	CG
1	16722902	16723067	54	108	33.33	CHG
1	16722902	16723067	46	1628	2.75	CHH
1	17385639	17385733	9	217	3.98	CHG
1	17385639	17385733	33	808	3.92	CHH
1	17522237	17522624	1416	22	98.47	CG
1	17522237	17522624	1068	216	83.18	CHG
1	17522237	17522624	196	2843	6.45	CHH
1	17762690	17767322	2042	5614	26.67	CG
1	17762690	17767322	1798	6057	22.89	CHG
1	17762690	17767322	7292	32735	18.22	CHH
1	17768299	17768525	0	406	0.00	CG
1	17768299	17768525	5	293	1.68	CHG
1	17768299	17768525	63	1672	3.63	CHH
1	17915233	17918918	3625	2535	58.85	CG
1	17915233	17918918	2060	2688	43.39	CHG
1	17915233	17918918	4399	22153	16.57	CHH
1	18479814	18481021	975	888	52.33	CG
1	18479814	18481021	169	1281	11.66	CHG
1	18479814	18481021	381	10664	3.45	CHH
1	18515221	18516018	712	7	99.03	CG
1	18515221	18516018	429	58	88.09	CHG
1	18515221	18516018	151	1619	8.53	CHH
1	18605306	18605413	71	2	97.26	CG
1	18605306	18605413	4	224	1.75	CHG
1	18605306	18605413	34	1250	2.65	CHH
1	18679398	18679609	274	6	97.86	CG
1	18679398	18679609	409	42	90.69	CHG
1	18679398	18679609	186	2298	7.49	CHH
1	18781271	18781897	24	879	2.66	CG
1	18781271	18781897	29	1329	2.14	CHG
1	18781271	18781897	153	4217	3.50	CHH
1	19418149	19418371	371	11	97.12	CG
1	19418149	19418371	303	86	77.89	CHG
1	19418149	19418371	121	2073	5.52	CHH
1	19588801	19588982	309	4	98.72	CG
1	19588801	19588982	124	36	77.50	CHG
1	19588801	19588982	72	994	6.75	CHH
1	19807993	19809436	3047	79	97.47	CG
1	19807993	19809436	929	369	71.57	CHG
1	19807993	19809436	590	8257	6.67	CHH
1	20220915	20221138	710	12	98.34	CG
1	20220915	20221138	205	105	66.13	CHG
1	20220915	20221138	74	1371	5.12	CHH
1	20351135	20352592	1402	582	70.67	CG
1	20351135	20352592	64	4383	1.44	CHG
1	20351135	20352592	292	13911	2.06	CHH
1	20353735	20353818	72	0	100.00	CG
1	20353735	20353818	2	276	0.72	CHG
1	20353735	20353818	6	672	0.88	CHH
1	20699332	20703291	4190	3799	52.45	CG
1	20699332	20703291	1827	7593	19.39	CHG
1	20699332	20703291	2644	32876	7.44	CHH
1	20759940	20760412	1303	23	98.27	CG
1	20759940	20760412	1403	141	90.87	CHG
1	20759940	20760412	598	4561	11.59	CHH
1	22217602	22218470	776	1372	36.13	CG
1	22217602	22218470	309	1670	15.61	CHG
1	22217602	22218470	1073	6567	14.04	CHH
1	22349537	22349928	65	1319	4.70	CG
1	22349537	22349928	20	1016	1.93	CHG
1	22349537	22349928	85	2521	3.26	CHH
1	22963853	22963900	7	135	4.93	CHG
1	22963853	22963900	2	323	0.62	CHH
1	23088705	23088935	16	628	2.48	CG
1	23088705	23088935	10	387	2.52	CHG
1	23088705	23088935	50	2119	2.31	CHH
1	23190581	23192012	883	96	90.19	CG
1	23190581	23192012	143	3016	4.53	CHG
1	23190581	23192012	455	14594	3.02	CHH
1	23334619	23337433	2804	2433	53.54	CG
1	23334619	23337433	467	7451	5.90	CHG
1	23334619	23337433	867	26985	3.11	CHH
1	23865834	23867004	2118	903	70.11	CG
1	23865834	23867004	1240	1646	42.97	CHG
1	23865834	23867004	1760	7747	18.51	CHH
1	24056015	24058047	285	4145	6.43	CG
1	24056015	24058047	307	3423	8.23	CHG
1	24056015	24058047	616	16009	3.71	CHH
1	24127473	24127717	313	109	74.17	CG
1	24127473	24127717	11	556	1.94	CHG
1	24127473	24127717	28	2778	1.00	CHH
1	24218590	24218768	66	358	15.57	CG
1	24218590	24218768	45	265	14.52	CHG
1	24218590	24218768	39	1906	2.01	CHH
1	24367289	24368699	975	2605	27.23	CG
1	24367289	24368699	367	3591	9.27	CHG
1	24367289	24368699	1124	11282	9.06	CHH
1	24540618	24541036	485	8	98.38	CG
1	24540618	24541036	24	911	2.57	CHG
1	24540618	24541036	94	4146	2.22	CHH
1	25075086	25078372	149	11022	1.33	CG
1	25075086	25078372	177	9189	1.89	CHG
1	25075086	25078372	599	26137	2.24	CHH
1	26189136	26189851	253	717	26.08	CG
1	26189136	26189851	72	2724	2.58	CHG
1	26189136	26189851	161	6581	2.39	CHH
1	27455091	27455579	2799	92	96.82	CG
1	27455091	27455579	2150	447	82.79	CHG
1	27455091	27455579	709	6521	9.81	CHH
1	27505658	27505866	10	146	6.41	CG
1	27505658	27505866	11	597	1.81	CHG
1	27505658	27505866	21	2110	0.99	CHH
1	27576543	27577893	2714	66	97.63	CG
1	27576543	27577893	1591	287	84.72	CHG
1	27576543	27577893	1698	12071	12.33	CHH
1	28118813	28118935	36	95	27.48	CG
1	28118813	28118935	4	370	1.07	CHG
1	28118813	28118935	27	1285	2.06	CHH
1	29188109	29189334	58	3701	1.54	CG
1	29188109	29189334	66	2253	2.85	CHG
1	29188109	29189334	857	8601	9.06	CHH
1	29223726	29224697	428	3619	10.58	CG
1	29223726	29224697	69	1803	3.69	CHG
1	29223726	29224697	1441	6354	18.49	CHH
1	29881105	29881917	918	164	84.84	CG
1	29881105	29881917	825	248	76.89	CHG
1	29881105	29881917	216	3831	5.34	CHH
1	29892038	29892362	0	80	0.00	CG
1	29892038	29892362	3	344	0.86	CHG
1	29892038	29892362	128	3235	3.81	CHH
1	30396534	30396644	4	460	0.86	CG
1	30396534	30396644	15	604	2.42	CHG
1	30396534	30396644	17	889	1.88	CHH
1	30947617	30952229	5576	1869	74.90	CG
1	30947617	30952229	2236	8741	20.37	CHG
1	30947617	30952229	1624	44270	3.54	CHH
1	30988314	30988439	68	5	93.15	CG
1	30988314	30988439	220	150	59.46	CHG
1	30988314	30988439	69	649	9.61	CHH
1	31131639	31132785	568	2308	19.75	CG
1	31131639	31132785	60	3138	1.88	CHG
1	31131639	31132785	148	8869	1.64	CHH
1	32136432	32136605	40	170	19.05	CG
1	32136432	32136605	8	669	1.18	CHG
1	32136432	32136605	75	1695	4.24	CHH
1	33466485	33466748	857	19	97.83	CG
1	33466485	33466748	391	114	77.43	CHG
1	33466485	33466748	378	2114	15.17	CHH
1	34289798	34291348	1546	1079	58.90	CG
1	34289798	34291348	841	2256	27.16	CHG
1	34289798	34291348	1754	11594	13.14	CHH
1	34550341	34550600	1	328	0.30	CG
1	34550341	34550600	10	570	1.72	CHG
1	34550341	34550600	42	2373	1.74	CHH
1	34749495	34752244	2562	287	89.93	CG
1	34749495	34752244	2440	973	71.49	CHG
1	34749495	34752244	2138	11893	15.24	CHH
1	34928206	34928387	183	4	97.86	CG
1	34928206	34928387	615	54	91.93	CHG
1	34928206	34928387	198	1300	13.22	CHH
1	34990120	34992796	5043	1685	74.96	CG
1	34990120	34992796	2570	2030	55.87	CHG
1	34990120	34992796	3745	18016	17.21	CHH
1	35760612	35760952	240	150	61.54	CG
1	35760612	35760952	9	464	1.90	CHG
1	35760612	35760952	56	2916	1.88	CHH
1	35959231	35959351	0	115	0.00	CG
1	35959231	35959351	2	177	1.12	CHG
1	35959231	35959351	20	1157	1.70	CHH
1	36112505	36112684	368	92	80.00	CG
1	36112505	36112684	108	156	40.91	CHG
1	36112505	36112684	185	958	16.19	CHH
1	36163384	36164022	207	1089	15.97	CG
1	36163384	36164022	184	1139	13.91	CHG
1	36163384	36164022	546	5676	8.78	CHH
1	36208524	36209666	1482	48	96.86	CG
1	36208524	36209666	2013	347	85.30	CHG
1	36208524	36209666	596	10411	5.41	CHH
1	36479686	36479935	115	986	10.45	CG
1	36479686	36479935	4	445	0.89	CHG
1	36479686	36479935	62	2286	2.64	CHH
1	36890844	36891048	255	89	74.13	CG
1	36890844	36891048	254	114	69.02	CHG
1	36890844	36891048	646	1477	30.43	CHH
1	37118562	37118725	1	147	0.68	CG
1	37118562	37118725	4	384	1.03	CHG
1	37118562	37118725	20	1946	1.02	CHH
1	37253827	37256063	3427	135	96.21	CG
1	37253827	37256063	2634	612	81.15	CHG
1	37253827	37256063	2008	11572	14.79	CHH
1	37757198	37758019	820	1796	31.35	CG
1	37757198	37758019	404	949	29.86	CHG
1	37757198	37758019	1427	5391	20.93	CHH
1	39603253	39603550	230	1	99.57	CG
1	39603253	39603550	4	852	0.47	CHG
1	39603253	39603550	40	2364	1.66	CHH
1	40609311	40609427	61	1	98.39	CG
1	40609311	40609427	13	382	3.29	CHG
1	40609311	40609427	13	1223	1.05	CHH
1	40785754	40786192	93	122	43.26	CG
1	40785754	40786192	27	1693	1.57	CHG
1	40785754	40786192	72	4562	1.55	CHH
1	41209454	41212661	2757	7062	28.08	CG
1	41209454	41212661	1346	5214	20.52	CHG
1	41209454	41212661	3942	22455	14.93	CHH
1	42990884	42991140	156	0	100.00	CG
1	42990884	42991140	129	16	88.97	CHG
1	42990884	42991140	69	471	12.78	CHH
2	38468	38578	69	3	95.83	CG
2	38468	38578	11	209	5.00	CHG
2	38468	38578	10	1031	0.96	CHH
2	578331	578545	65	2	97.01	CG
2	578331	578545	15	690	2.13	CHG
2	578331	578545	30	1909	1.55	CHH
2	1736612	1736996	466	23	95.30	CG
2	1736612	1736996	27	1028	2.56	CHG
2	1736612	1736996	92	2741	3.25	CHH
2	2004107	2004464	2	204	0.97	CG
2	2004107	2004464	17	1036	1.61	CHG
2	2004107	2004464	59	2912	1.99	CHH
2	2225031	2228646	5949	654	90.10	CG
2	2225031	2228646	4355	2712	61.62	CHG
2	2225031	2228646	5501	26699	17.08	CHH
2	2448881	2450073	305	191	61.49	CG
2	2448881	2450073	616	2568	19.35	CHG
2	2448881	2450073	1587	9909	13.80	CHH
2	2455636	2457226	4904	112	97.77	CG
2	2455636	2457226	3245	763	80.96	CHG
2	2455636	2457226	727	7349	9.00	CHH
2	2916264	2916496	141	3	97.92	CG
2	2916264	2916496	5	522	0.95	CHG
2	2916264	2916496	24	2344	1.01	CHH
2	3153141	3153726	1092	31	97.24	CG
2	3153141	3153726	1230	228	84.36	CHG
2	3153141	3153726	556	5623	9.00	CHH
2	3584767	3584907	250	20	92.59	CG
2	3584767	3584907	149	91	62.08	CHG
2	3584767	3584907	542	694	43.85	CHH
2	3668130	3671654	8044	2748	74.54	CG
2	3668130	3671654	3992	4558	46.69	CHG
2	3668130	3671654	3251	24550	11.69	CHH
2	4394475	4394720	0	167	0.00	CG
2	4394475	4394720	14	563	2.43	CHG
2	4394475	4394720	68	3156	2.11	CHH
2	4735326	4735671	16	1026	1.54	CG
2	4735326	4735671	23	1070	2.10	CHG
2	4735326	4735671	81	3177	2.49	CHH
2	4930376	4930562	345	11	96.91	CG
2	4930376	4930562	18	58	23.68	CHG
2	4930376	4930562	54	1534	3.40	CHH
2	6097195	6097472	0	380	0.00	CG
2	6097195	6097472	51	857	5.62	CHG
2	6097195	6097472	70	2133	3.18	CHH
2	6194639	6194966	4	270	1.46	CG
2	6194639	6194966	7	474	1.46	CHG
2	6194639	6194966	104	2558	3.91	CHH
2	6477169	6477370	178	70	71.77	CG
2	6477169	6477370	16	449	3.44	CHG
2	6477169	6477370	54	2078	2.53	CHH
2	6479819	6479943	9	620	1.43	CHG
2	6479819	6479943	21	1614	1.28	CHH
2	7634883	7634997	9	847	1.05	CG
2	7634883	7634997	13	445	2.84	CHG
2	7634883	7634997	19	966	1.93	CHH
2	9263789	9264764	535	21	96.22	CG
2	9263789	9264764	332	85	79.62	CHG
2	9263789	9264764	105	1279	7.59	CHH
2	10881944	10882136	56	252	18.18	CG
2	10881944	10882136	12	328	3.53	CHG
2	10881944	10882136	50	1875	2.60	CHH
2	11520851	11521291	339	224	60.21	CG
2	11520851	11521291	77	176	30.43	CHG
2	11520851	11521291	579	2489	18.87	CHH
2	11599189	11600489	827	1510	35.39	CG
2	11599189	11600489	393	1904	17.11	CHG
2	11599189	11600489	912	10034	8.33	CHH
2	11939679	11939936	71	1	98.61	CG
2	11939679	11939936	11	439	2.44	CHG
2	11939679	11939936	28	2420	1.14	CHH
2	12352060	12352584	1661	82	95.30	CG
2	12352060	12352584	1213	317	79.28	CHG
2	12352060	12352584	332	4346	7.10	CHH
2	12492889	12493008	2	700	0.28	CG
2	12492889	12493008	2	369	0.54	CHG
2	12492889	12493008	15	616	2.38	CHH
2	12583382	12585233	1598	455	77.84	CG
2	12583382	12585233	574	4109	12.26	CHG
2	12583382	12585233	610	16921	3.48	CHH
2	13724770	13725043	14	1	93.33	CG
2	13724770	13725043	3	0	100.00	CHG
2	13724770	13725043	6	50	10.71	CHH
2	14258242	14258497	283	33	89.56	CG
2	14258242	14258497	234	53	81.53	CHG
2	14258242	14258497	79	1364	5.47	CHH
2	14381584	14382260	1260	21	98.36	CG
2	14381584	14382260	909	336	73.01	CHG
2	14381584	14382260	419	7120	5.56	CHH
2	14883666	14884152	1119	24	97.90	CG
2	14883666	14884152	1095	153	87.74	CHG
2	14883666	14884152	322	3631	8.15	CHH
2	15077160	15080035	7134	171	97.66	CG
2	15077160	15080035	4900	1121	81.38	CHG
2	15077160	15080035	1696	22373	7.05	CHH
2	15300768	15301020	281	9	96.90	CG
2	15300768	15301020	607	157	79.45	CHG
2	15300768	15301020	97	2330	4.00	CHH
2	16462100	16462683	1042	293	78.05	CG
2	16462100	16462683	576	1070	34.99	CHG
2	16462100	16462683	329	5261	5.89	CHH
2	16469340	16469527	657	13	98.06	CG
2	16469340	16469527	359	157	69.57	CHG
2	16469340	16469527	80	1170	6.40	CHH
2	16575455	16575576	93	238	28.10	CG
2	16575455	16575576	19	83	18.63	CHG
2	16575455	16575576	96	911	9.53	CHH
2	16909276	16909402	48	3	94.12	CG
2	16909276	16909402	3	27	10.00	CHG
2	16909276	16909402	171	509	25.15	CHH
2	17470250	17470459	249	4	98.42	CG
2	17470250	17470459	229	56	80.35	CHG
2	17470250	17470459	89	1944	4.38	CHH
2	17693456	17694041	954	506	65.34	CG
2	17693456	17694041	373	864	30.15	CHG
2	17693456	17694041	227	4187	5.14	CHH
2	17846367	17846587	86	1103	7.23	CG
2	17846367	17846587	8	528	1.49	CHG
2	17846367	17846587	18	1648	1.08	CHH
2	18156897	18157229	1464	43	97.15	CG
2	18156897	18157229	736	156	82.51	CHG
2	18156897	18157229	154	2006	7.13	CHH
2	19262811	19262974	224	3	98.68	CG
2	19262811	19262974	23	107	17.69	CHG
2	19262811	19262974	34	1514	2.20	CHH
2	19369504	19369623	844	9	98.94	CG
2	19369504	19369623	449	74	85.85	CHG
2	19369504	19369623	111	831	11.78	CHH
2	19649757	19649896	3	698	0.43	CG
2	19649757	19649896	6	335	1.76	CHG
2	19649757	19649896	19	723	2.56	CHH
2	20077988	20078291	745	40	94.90	CG
2	20077988	20078291	272	139	66.18	CHG
2	20077988	20078291	397	1972	16.76	CHH
2	22210158	22210334	77	407	15.91	CG
2	22210158	22210334	14	169	7.65	CHG
2	22210158	22210334	59	1242	4.53	CHH
2	22275294	22275439	0	69	0.00	CG
2	22275294	22275439	2	361	0.55	CHG
2	22275294	22275439	25	1717	1.44	CHH
2	22587752	22588156	836	15	98.24	CG
2	22587752	22588156	496	268	64.92	CHG
2	22587752	22588156	401	3631	9.95	CHH
2	22836225	22836730	24	1079	2.18	CG
2	22836225	22836730	32	1226	2.54	CHG
2	22836225	22836730	98	4633	2.07	CHH
2	22982677	22982914	1	56	1.75	CG
2	22982677	22982914	10	589	1.67	CHG
2	22982677	22982914	33	2539	1.28	CHH
2	23033077	23033411	119	441	21.25	CG
2	23033077	23033411	154	1044	12.85	CHG
2	23033077	23033411	220	2628	7.72	CHH
2	23394395	23395510	2279	245	90.29	CG
2	23394395	23395510	664	2769	19.34	CHG
2	23394395	23395510	326	14223	2.24	CHH
2	23471507	23472492	642	21	96.83	CG
2	23471507	23472492	610	144	80.90	CHG
2	23471507	23472492	433	3252	11.75	CHH
2	24044095	24044460	1173	36	97.02	CG
2	24044095	24044460	592	115	83.73	CHG
2	24044095	24044460	272	2070	11.61	CHH
2	24717341	24717558	5	364	1.36	CG
2	24717341	24717558	15	771	1.91	CHG
2	24717341	24717558	76	2535	2.91	CHH
2	25574998	25576239	1645	56	96.71	CG
2	25574998	25576239	1858	601	75.56	CHG
2	25574998	25576239	1453	10587	12.07	CHH
2	25830725	25831459	10	2076	0.48	CG
2	25830725	25831459	16	1752	0.90	CHG
2	25830725	25831459	68	5675	1.18	CHH
2	25835047	25835296	17	910	1.83	CG
2	25835047	25835296	21	663	3.07	CHG
2	25835047	25835296	18	2104	0.85	CHH
2	26548831	26549237	818	21	97.50	CG
2	26548831	26549237	94	110	46.08	CHG
2	26548831	26549237	650	2025	24.30	CHH
2	26659388	26659535	78	1	98.73	CG
2	26659388	26659535	78	1124	6.49	CHH
2	26689413	26692203	767	9491	7.48	CG
2	26689413	26692203	418	6583	5.97	CHG
2	26689413	26692203	2031	17147	10.59	CHH
2	28199306	28199617	705	18	97.51	CG
2	28199306	28199617	829	131	86.35	CHG
2	28199306	28199617	226	2315	8.89	CHH
2	29852698	29852922	43	349	10.97	CG
2	29852698	29852922	15	578	2.53	CHG
2	29852698	29852922	59	1884	3.04	CHH
2	30157272	30157610	514	121	80.94	CG
2	30157272	30157610	154	348	30.68	CHG
2	30157272	30157610	519	1785	22.53	CHH
2	30823979	30824112	3	172	1.71	CG
2	30823979	30824112	4	308	1.28	CHG
2	30823979	30824112	37	1321	2.72	CHH
2	30983625	30984901	26	3557	0.73	CG
2	30983625	30984901	99	5381	1.81	CHG
2	30983625	30984901	199	11134	1.76	CHH
2	31445301	31445449	0	64	0.00	CG
2	31445301	31445449	10	354	2.75	CHG
2	31445301	31445449	44	1675	2.56	CHH
2	31855152	31855271	202	1	99.51	CG
2	31855152	31855271	56	16	77.78	CHG
2	31855152	31855271	187	1201	13.47	CHH
2	32524707	32526194	2386	1099	68.46	CG
2	32524707	32526194	682	3257	17.31	CHG
2	32524707	32526194	892	9428	8.64	CHH
2	33158169	33158313	229	8	96.62	CG
2	33158169	33158313	324	49	86.86	CHG
2	33158169	33158313	151	1530	8.98	CHH
2	33431516	33431954	215	8	96.41	CG
2	33431516	33431954	15	782	1.88	CHG
2	33431516	33431954	78	4556	1.68	CHH
2	33711999	33712328	78	5	93.98	CG
2	33711999	33712328	12	918	1.29	CHG
2	33711999	33712328	104	3630	2.79	CHH
2	33834944	33835662	181	511	26.16	CG
2	33834944	33835662	22	1362	1.59	CHG
2	33834944	33835662	141	7979	1.74	CHH
2	33936933	33937065	0	85	0.00	CG
2	33936933	33937065	5	449	1.10	CHG
2	33936933	33937065	32	1590	1.97	CHH
2	34687871	34690219	450	7346	5.77	CG
2	34687871	34690219	658	5426	10.82	CHG
2	34687871	34690219	1258	17474	6.72	CHH
2	34747509	34747747	24	2	92.31	CG
2	34747509	34747747	17	4	80.95	CHG
2	34747509	34747747	5	23	17.86	CHH
2	34772462	34772598	10	295	3.28	CHG
2	34772462	34772598	38	1244	2.96	CHH
2	35300370	35300604	98	0	100.00	CG
2	35300370	35300604	10	760	1.30	CHG
2	35300370	35300604	98	3277	2.90	CHH
2	35388799	35389069	2	309	0.64	CG
2	35388799	35389069	12	637	1.85	CHG
2	35388799	35389069	36	1775	1.99	CHH
3	480369	480630	971	25	97.49	CG
3	480369	480630	13	985	1.30	CHG
3	480369	480630	78	3709	2.06	CHH
3	615186	620505	4955	7449	39.95	CG
3	615186	620505	2290	9397	19.59	CHG
3	615186	620505	3395	40045	7.82	CHH
3	1097994	1098400	984	14	98.60	CG
3	1097994	1098400	585	165	78.00	CHG
3	1097994	1098400	349	2616	11.77	CHH
3	2922253	2922366	0	72	0.00	CG
3	2922253	2922366	0	166	0.00	CHG
3	2922253	2922366	16	1646	0.96	CHH
3	2924923	2926581	1112	210	84.11	CG
3	2924923	2926581	207	3347	5.82	CHG
3	2924923	2926581	680	15744	4.14	CHH
3	3101473	3101729	524	847	38.22	CG
3	3101473	3101729	16	924	1.70	CHG
3	3101473	3101729	48	2008	2.33	CHH
3	3782983	3787490	810	11584	6.54	CG
3	3782983	3787490	622	9570	6.10	CHG
3	3782983	3787490	1051	35750	2.86	CHH
3	4471611	4471796	5	945	0.53	CG
3	4471611	4471796	8	583	1.35	CHG
3	4471611	4471796	31	1585	1.92	CHH
3	4501942	4502163	397	515	43.53	CG
3	4501942	4502163	250	400	38.46	CHG
3	4501942	4502163	888	851	51.06	CHH
3	4735915	4736042	4	215	1.83	CG
3	4735915	4736042	10	203	4.69	CHG
3	4735915	4736042	20	1367	1.44	CHH
3	5786527	5786697	135	4	97.12	CG
3	5786527	5786697	13	407	3.10	CHG
3	5786527	5786697	68	1714	3.82	CHH
3	5790733	5792052	2383	120	95.21	CG
3	5790733	5792052	1769	431	80.41	CHG
3	5790733	5792052	1716	9284	15.60	CHH
3	5852144	5852325	426	7	98.38	CG
3	5852144	5852325	412	39	91.35	CHG
3	5852144	5852325	545	1632	25.03	CHH
3	5861909	5862252	410	91	81.84	CG
3	5861909	5862252	19	1264	1.48	CHG
3	5861909	5862252	65	3357	1.90	CHH
3	5863529	5863616	3	210	1.41	CG
3	5863529	5863616	11	335	3.18	CHG
3	5863529	5863616	25	946	2.57	CHH
3	6119207	6119385	28	1193	2.29	CG
3	6119207	6119385	16	977	1.61	CHG
3	6119207	6119385	22	1294	1.67	CHH
3	6727333	6727471	0	205	0.00	CG
3	6727333	6727471	1	161	0.62	CHG
3	6727333	6727471	21	1088	1.89	CHH
3	7815881	7816020	30	1171	2.50	CG
3	7815881	7816020	16	524	2.96	CHG
3	7815881	7816020	12	446	2.62	CHH
3	8124800	8125238	15	1927	0.77	CG
3	8124800	8125238	11	1175	0.93	CHG
3	8124800	8125238	47	4158	1.12	CHH
3	8292358	8296069	3287	1445	69.46	CG
3	8292358	8296069	2422	4752	33.76	CHG
3	8292358	8296069	2694	34059	7.33	CHH
3	8918282	8919468	874	3701	19.10	CG
3	8918282	8919468	293	2355	11.06	CHG
3	8918282	8919468	936	9171	9.26	CHH
3	8932042	8933228	740	1362	35.20	CG
3	8932042	8933228	340	963	26.09	CHG
3	8932042	8933228	584	9859	5.59	CHH
3	9007060	9007495	1789	21	98.84	CG
3	9007060	9007495	956	210	81.99	CHG
3	9007060	9007495	371	2345	13.66	CHH
3	9615393	9615681	100	841	10.63	CG
3	9615393	9615681	16	382	4.02	CHG
3	9615393	9615681	89	2023	4.21	CHH
3	9647322	9647514	42	237	15.05	CG
3	9647322	9647514	5	548	0.90	CHG
3	9647322	9647514	36	1920	1.84	CHH
3	9661238	9663204	504	3164	13.74	CG
3	9661238	9663204	257	3295	7.24	CHG
3	9661238	9663204	819	15900	4.90	CHH
3	9703524	9703645	3	166	1.78	CG
3	9703524	9703645	5	139	3.47	CHG
3	9703524	9703645	24	1219	1.93	CHH
3	9741411	9741728	430	76	84.98	CG
3	9741411	9741728	215	134	61.60	CHG
3	9741411	9741728	259	1872	12.15	CHH
3	9772110	9773385	2461	431	85.10	CG
3	9772110	9773385	1380	822	62.67	CHG
3	9772110	9773385	1655	10638	13.46	CHH
3	9970758	9972750	481	6784	6.62	CG
3	9970758	9972750	278	5426	4.87	CHG
3	9970758	9972750	461	13987	3.19	CHH
3	11318102	11319164	495	773	39.04	CG
3	11318102	11319164	222	1486	13.00	CHG
3	11318102	11319164	414	8449	4.67	CHH
3	11624874	11625180	169	3	98.26	CG
3	11624874	11625180	10	947	1.04	CHG
3	11624874	11625180	77	3046	2.47	CHH
3	11762654	11762757	10	138	6.76	CG
3	11762654	11762757	3	73	3.95	CHG
3	11762654	11762757	16	800	1.96	CHH
3	12013674	12014450	724	14	98.10	CG
3	12013674	12014450	1570	186	89.41	CHG
3	12013674	12014450	624	7780	7.43	CHH
3	13326106	13326294	7	393	1.75	CG
3	13326106	13326294	33	696	4.53	CHG
3	13326106	13326294	42	1786	2.30	CHH
3	14484188	14484405	70	6	92.11	CG
3	14484188	14484405	449	103	81.34	CHG
3	14484188	14484405	167	1951	7.88	CHH
3	14495901	14496241	55	2156	2.49	CG
3	14495901	14496241	25	929	2.62	CHG
3	14495901	14496241	54	2269	2.32	CHH
3	14633392	14633990	876	21	97.66	CG
3	14633392	14633990	396	72	84.62	CHG
3	14633392	14633990	299	5708	4.98	CHH
3	14886695	14886945	22	235	8.56	CG
3	14886695	14886945	165	128	56.31	CHG
3	14886695	14886945	1300	917	58.64	CHH
3	15238637	15238822	221	7	96.93	CG
3	15238637	15238822	302	58	83.89	CHG
3	15238637	15238822	99	1580	5.90	CHH
3	15348429	15348696	342	9	97.44	CG
3	15348429	15348696	300	172	63.56	CHG
3	15348429	15348696	126	2495	4.81	CHH
3	15968990	15969281	35	1545	2.22	CG
3	15968990	15969281	39	1264	2.99	CHG
3	15968990	15969281	52	2783	1.83	CHH
3	16545195	16545366	131	7	94.93	CG
3	16545195	16545366	101	42	70.63	CHG
3	16545195	16545366	41	897	4.37	CHH
3	16691128	16691290	171	0	100.00	CG
3	16691128	16691290	57	109	34.34	CHG
3	16691128	16691290	299	787	27.53	CHH
3	18086982	18087169	1	279	0.36	CG
3	18086982	18087169	3	378	0.79	CHG
3	18086982	18087169	20	1804	1.10	CHH
3	18671229	18673244	2033	999	67.05	CG
3	18671229	18673244	936	2086	30.97	CHG
3	18671229	18673244	1755	17988	8.89	CHH
3	19066610	19066885	1154	18	98.46	CG
3	19066610	19066885	260	164	61.32	CHG
3	19066610	19066885	188	1295	12.68	CHH
3	19477758	19477853	131	1	99.24	CG
3	19477758	19477853	75	101	42.61	CHG
3	19477758	19477853	25	583	4.11	CHH
3	20211561	20212451	1771	26	98.55	CG
3	20211561	20212451	1383	234	85.53	CHG
3	20211561	20212451	782	6715	10.43	CHH
3	20300032	20301332	1909	34	98.25	CG
3	20300032	20301332	2685	398	87.09	CHG
3	20300032	20301332	693	11487	5.69	CHH
3	20506153	20506547	884	25	97.25	CG
3	20506153	20506547	716	227	75.93	CHG
3	20506153	20506547	137	4058	3.27	CHH
3	20529596	20530676	1978	4045	32.84	CG
3	20529596	20530676	382	2914	11.59	CHG
3	20529596	20530676	474	6891	6.44	CHH
3	20609274	20609784	635	11	98.30	CG
3	20609274	20609784	429	115	78.86	CHG
3	20609274	20609784	343	3294	9.43	CHH
3	21045714	21046037	480	24	95.24	CG
3	21045714	21046037	236	56	80.82	CHG
3	21045714	21046037	191	3158	5.70	CHH
3	21053301	21054404	450	253	64.01	CG
3	21053301	21054404	56	1648	3.29	CHG
3	21053301	21054404	438	10955	3.84	CHH
3	21477968	21478334	512	203	71.61	CG
3	21477968	21478334	195	386	33.56	CHG
3	21477968	21478334	554	2383	18.86	CHH
3	21805912	21806253	1411	29	97.99	CG
3	21805912	21806253	270	136	66.50	CHG
3	21805912	21806253	257	1512	14.53	CHH
3	22443304	22443897	25	3030	0.82	CG
3	22443304	22443897	36	1950	1.81	CHG
3	22443304	22443897	71	4853	1.44	CHH
3	22930322	22932315	700	2889	19.50	CG
3	22930322	22932315	90	3961	2.22	CHG
3	22930322	22932315	337	18409	1.80	CHH
3	22977964	22978503	395	268	59.58	CG
3	22977964	22978503	400	675	37.21	CHG
3	22977964	22978503	842	3218	20.74	CHH
3	23158824	23162446	1950	7650	20.31	CG
3	23158824	23162446	719	5508	11.55	CHG
3	23158824	23162446	1818	26042	6.53	CHH
3	23440227	23440314	1	167	0.60	CHG
3	23440227	23440314	14	855	1.61	CHH
3	23502337	23503127	514	85	85.81	CG
3	23502337	23503127	83	491	14.46	CHG
3	23502337	23503127	1223	5648	17.80	CHH
3	24402381	24402506	25	1196	2.05	CG
3	24402381	24402506	8	368	2.13	CHG
3	24402381	24402506	9	543	1.63	CHH
3	24697252	24697403	2	171	1.16	CG
3	24697252	24697403	8	353	2.22	CHG
3	24697252	24697403	29	1535	1.85	CHH
3	25124576	25125712	1525	558	73.21	CG
3	25124576	25125712	732	608	54.63	CHG
3	25124576	25125712	3785	6577	36.53	CHH
3	25238096	25238349	229	80	74.11	CG
3	25238096	25238349	9	759	1.17	CHG
3	25238096	25238349	34	2676	1.25	CHH
3	26463242	26463534	170	595	22.22	CG
3	26463242	26463534	48	687	6.53	CHG
3	26463242	26463534	112	1598	6.55	CHH
3	28036385	28036532	10	535	1.83	CG
3	28036385	28036532	11	488	2.20	CHG
3	28036385	28036532	27	1358	1.95	CHH
3	28421210	28421588	3	609	0.49	CG
3	28421210	28421588	22	1146	1.88	CHG
3	28421210	28421588	85	3524	2.36	CHH
3	28828352	28828674	168	185	47.59	CG
3	28828352	28828674	1	106	0.93	CHG
3	28828352	28828674	657	2394	21.53	CHH
3	28883667	28884002	90	61	59.60	CG
3	28883667	28884002	60	320	15.79	CHG
3	28883667	28884002	75	2686	2.72	CHH
3	28999678	28999814	67	80	45.58	CG
3	28999678	28999814	72	70	50.70	CHG
3	28999678	28999814	231	752	23.50	CHH
3	29036320	29036527	1409	24	98.33	CG
3	29036320	29036527	165	284	36.75	CHG
3	29036320	29036527	251	763	24.75	CHH
3	29048284	29048488	1424	14	99.03	CG
3	29048284	29048488	991	235	80.83	CHG
3	29048284	29048488	201	1059	15.95	CHH
3	29804060	29804313	2	396	0.50	CG
3	29804060	29804313	13	852	1.50	CHG
3	29804060	29804313	51	2733	1.83	CHH
3	31242980	31243426	1695	31	98.20	CG
3	31242980	31243426	880	205	81.11	CHG
3	31242980	31243426	219	1922	10.23	CHH
3	31550060	31550292	581	138	80.81	CG
3	31550060	31550292	186	165	52.99	CHG
3	31550060	31550292	329	1990	14.19	CHH
3	32992420	32993458	590	800	42.45	CG
3	32992420	32993458	214	1012	17.46	CHG
3	32992420	32993458	485	7970	5.74	CHH
3	33907932	33908490	62	211	22.71	CG
3	33907932	33908490	37	1618	2.24	CHG
3	33907932	33908490	95	6374	1.47	CHH
3	34241449	34241654	7	289	2.36	CG
3	34241449	34241654	35	768	4.36	CHG
3	34241449	34241654	49	1748	2.73	CHH
3	34254363	34255907	768	2464	23.76	CG
3	34254363	34255907	179	4298	4.00	CHG
3	34254363	34255907	1566	13285	10.54	CHH
3	34833000	34833309	833	12	98.58	CG
3	34833000	34833309	474	147	76.33	CHG
3	34833000	34833309	262	1198	17.95	CHH
3	35110086	35110256	69	2	97.18	CG
3	35110086	35110256	0	208	0.00	CHG
3	35110086	35110256	32	1507	2.08	CHH
3	35180241	35180554	290	8	97.32	CG
3	35180241	35180554	30	1022	2.85	CHG
3	35180241	35180554	78	3746	2.04	CHH
3	35917041	35917731	1358	457	74.82	CG
3	35917041	35917731	446	696	39.05	CHG
3	35917041	35917731	902	5273	14.61	CHH
3	36048993	36049255	4	364	1.09	CG
3	36048993	36049255	20	621	3.12	CHG
3	36048993	36049255	73	2050	3.44	CHH
3	36390761	36392058	134	4939	2.64	CG
3	36390761	36392058	98	3720	2.57	CHG
3	36390761	36392058	247	11506	2.10	CHH
4	2128481	2128855	283	46	86.02	CG
4	2128481	2128855	77	277	21.75	CHG
4	2128481	2128855	467	2528	15.59	CHH
4	2540394	2540485	165	9	94.83	CG
4	2540394	2540485	117	72	61.90	CHG
4	2540394	2540485	22	496	4.25	CHH
4	3036997	3037085	301	6	98.05	CG
4	3036997	3037085	91	52	63.64	CHG
4	3036997	3037085	25	227	9.92	CHH
4	4049820	4050064	466	21	95.69	CG
4	4049820	4050064	314	98	76.21	CHG
4	4049820	4050064	149	1809	7.61	CHH
4	4695559	4695777	508	10	98.07	CG
4	4695559	4695777	161	145	52.61	CHG
4	4695559	4695777	52	948	5.20	CHH
4	5205473	5206792	3100	56	98.23	CG
4	5205473	5206792	1938	621	75.73	CHG
4	5205473	5206792	821	11044	6.92	CHH
4	5370300	5370990	736	10	98.66	CG
4	5370300	5370990	482	106	81.97	CHG
4	5370300	5370990	103	1287	7.41	CHH
4	7250146	7253105	1867	9366	16.62	CG
4	7250146	7253105	1588	5446	22.58	CHG
4	7250146	7253105	1090	22240	4.67	CHH
4	7946934	7947116	340	3	99.13	CG
4	7946934	7947116	186	121	60.59	CHG
4	7946934	7947116	62	1539	3.87	CHH
4	7976120	7976768	11	354	3.01	CG
4	7976120	7976768	12	888	1.33	CHG
4	7976120	7976768	42	3464	1.20	CHH
4	7998972	7999131	0	81	0.00	CG
4	7998972	7999131	10	177	5.35	CHG
4	7998972	7999131	47	1174	3.85	CHH
4	9504426	9506750	3707	163	95.79	CG
4	9504426	9506750	2411	1596	60.17	CHG
4	9504426	9506750	670	20046	3.23	CHH
4	10597218	10597775	1294	38	97.15	CG
4	10597218	10597775	1741	360	82.87	CHG
4	10597218	10597775	197	4554	4.15	CHH
4	11254426	11254603	2	203	0.98	CG
4	11254426	11254603	5	363	1.36	CHG
4	11254426	11254603	38	1646	2.26	CHH
4	11479976	11481063	119	854	12.23	CG
4	11479976	11481063	39	1731	2.20	CHG
4	11479976	11481063	182	10034	1.78	CHH
4	12511724	12511877	129	10	92.81	CG
4	12511724	12511877	353	145	70.88	CHG
4	12511724	12511877	69	1335	4.91	CHH
4	12570254	12573173	4559	100	97.85	CG
4	12570254	12573173	5979	1176	83.56	CHG
4	12570254	12573173	1513	26778	5.35	CHH
4	14336636	14336825	350	6	98.31	CG
4	14336636	14336825	317	113	73.72	CHG
4	14336636	14336825	53	1117	4.53	CHH
4	15422154	15422563	394	13	96.81	CG
4	15422154	15422563	411	139	74.73	CHG
4	15422154	15422563	707	3149	18.34	CHH
4	15927777	15928107	4	754	0.53	CG
4	15927777	15928107	14	678	2.02	CHG
4	15927777	15928107	50	2516	1.95	CHH
4	16377949	16378038	181	3	98.37	CG
4	16377949	16378038	137	50	73.26	CHG
4	16377949	16378038	31	519	5.64	CHH
4	16429861	16430118	265	11	96.01	CG
4	16429861	16430118	447	60	88.17	CHG
4	16429861	16430118	128	2106	5.73	CHH
4	16739824	16740091	769	17	97.84	CG
4	16739824	16740091	179	133	57.37	CHG
4	16739824	16740091	72	1993	3.49	CHH
4	16870850	16871033	228	2	99.13	CG
4	16870850	16871033	1	79	1.25	CHG
4	16870850	16871033	67	2039	3.18	CHH
4	16929303	16929386	37	107	25.69	CG
4	16929303	16929386	1	35	2.78	CHG
4	16929303	16929386	10	763	1.29	CHH
4	18861290	18861421	105	3	97.22	CG
4	18861290	18861421	73	18	80.22	CHG
4	18861290	18861421	604	386	61.01	CHH
4	18879559	18879953	2211	62	97.27	CG
4	18879559	18879953	1312	451	74.42	CHG
4	18879559	18879953	337	2621	11.39	CHH
4	19594453	19594613	0	156	0.00	CG
4	19594453	19594613	1	392	0.25	CHG
4	19594453	19594613	106	823	11.41	CHH
4	21836525	21836740	2	484	0.41	CG
4	21836525	21836740	10	864	1.14	CHG
4	21836525	21836740	27	2249	1.19	CHH
4	22149701	22149888	4	1042	0.38	CG
4	22149701	22149888	6	421	1.41	CHG
4	22149701	22149888	12	1154	1.03	CHH
4	24463582	24463728	0	253	0.00	CG
4	24463582	24463728	4	193	2.03	CHG
4	24463582	24463728	18	1263	1.41	CHH
4	24879051	24879296	0	61	0.00	CG
4	24879051	24879296	12	1048	1.13	CHG
4	24879051	24879296	43	2053	2.05	CHH
4	25700367	25700823	2183	43	98.07	CG
4	25700367	25700823	859	384	69.11	CHG
4	25700367	25700823	663	3624	15.47	CHH
4	26025305	26025523	148	4	97.37	CG
4	26025305	26025523	5	558	0.89	CHG
4	26025305	26025523	37	1914	1.90	CHH
4	26125746	26125921	156	2	98.73	CG
4	26125746	26125921	138	33	80.70	CHG
4	26125746	26125921	168	1381	10.85	CHH
4	28854448	28854672	25	739	3.27	CG
4	28854448	28854672	19	322	5.57	CHG
4	28854448	28854672	54	1517	3.44	CHH
4	31600862	31601333	1220	21	98.31	CG
4	31600862	31601333	944	546	63.36	CHG
4	31600862	31601333	264	4384	5.68	CHH
4	32665225	32665685	14	1933	0.72	CG
4	32665225	32665685	44	1449	2.95	CHG
4	32665225	32665685	95	3184	2.90	CHH
4	32845260	32845468	243	7	97.20	CG
4	32845260	32845468	14	770	1.79	CHG
4	32845260	32845468	35	2519	1.37	CHH
4	32907649	32907913	832	11	98.70	CG
4	32907649	32907913	966	142	87.18	CHG
4	32907649	32907913	268	3098	7.96	CHH
4	32976630	32976775	1	232	0.43	CG
4	32976630	32976775	3	266	1.12	CHG
4	32976630	32976775	10	1473	0.67	CHH
4	33538001	33538284	150	4	97.40	CG
4	33538001	33538284	172	37	82.30	CHG
4	33538001	33538284	25	553	4.33	CHH
5	22552	22704	264	8	97.06	CG
5	22552	22704	166	17	90.71	CHG
5	22552	22704	70	831	7.77	CHH
5	167915	169390	1074	185	85.31	CG
5	167915	169390	281	486	36.64	CHG
5	167915	169390	750	10759	6.52	CHH
5	802197	802307	2	143	1.38	CG
5	802197	802307	5	234	2.09	CHG
5	802197	802307	35	1347	2.53	CHH
5	1555477	1555743	233	8	96.68	CG
5	1555477	1555743	7	709	0.98	CHG
5	1555477	1555743	42	2870	1.44	CHH
5	1623822	1624065	1429	17	98.82	CG
5	1623822	1624065	659	197	76.99	CHG
5	1623822	1624065	173	804	17.71	CHH
5	1649481	1650024	2079	62	97.10	CG
5	1649481	1650024	972	566	63.20	CHG
5	1649481	1650024	474	5511	7.92	CHH
5	2535968	2537410	331	5369	5.81	CG
5	2535968	2537410	127	4195	2.94	CHG
5	2535968	2537410	337	12947	2.54	CHH
5	3201536	3202094	123	265	31.70	CG
5	3201536	3202094	190	591	24.33	CHG
5	3201536	3202094	1025	3682	21.78	CHH
5	3642042	3642277	868	10	98.86	CG
5	3642042	3642277	159	164	49.23	CHG
5	3642042	3642277	132	1628	7.50	CHH
5	4042346	4043559	1462	21	98.58	CG
5	4042346	4043559	947	290	76.56	CHG
5	4042346	4043559	257	4100	5.90	CHH
5	5042999	5043643	152	1	99.35	CG
5	5042999	5043643	78	20	79.59	CHG
5	5042999	5043643	36	821	4.20	CHH
5	6697788	6698020	304	12	96.20	CG
5	6697788	6698020	10	559	1.76	CHG
5	6697788	6698020	30	2478	1.20	CHH
5	8888812	8888977	208	1	99.52	CG
5	8888812	8888977	588	59	90.88	CHG
5	8888812	8888977	137	1583	7.97	CHH
5	9364313	9364413	633	8	98.75	CG
5	9364313	9364413	411	119	77.55	CHG
5	9364313	9364413	86	742	10.39	CHH
5	12809268	12809477	1026	12	98.84	CG
5	12809268	12809477	327	157	67.56	CHG
5	12809268	12809477	96	836	10.30	CHH
5	13857407	13857542	924	16	98.30	CG
5	13857407	13857542	216	92	70.13	CHG
5	13857407	13857542	80	1022	7.26	CHH
5	14246535	14246708	1	125	0.79	CG
5	14246535	14246708	0	70	0.00	CHG
5	14246535	14246708	36	2138	1.66	CHH
5	15249273	15249609	917	17	98.18	CG
5	15249273	15249609	561	167	77.06	CHG
5	15249273	15249609	245	3339	6.84	CHH
5	15263881	15264136	1343	17	98.75	CG
5	15263881	15264136	657	190	77.57	CHG
5	15263881	15264136	178	1457	10.89	CHH
5	15295856	15296058	688	14	98.01	CG
5	15295856	15296058	281	95	74.73	CHG
5	15295856	15296058	33	988	3.23	CHH
5	15380224	15380482	72	2	97.30	CG
5	15380224	15380482	116	12	90.62	CHG
5	15380224	15380482	11	228	4.60	CHH
5	16141049	16142222	2358	49	97.96	CG
5	16141049	16142222	1559	255	85.94	CHG
5	16141049	16142222	629	8941	6.57	CHH
5	16604726	16607053	3598	286	92.64	CG
5	16604726	16607053	2047	1176	63.51	CHG
5	16604726	16607053	1748	19594	8.19	CHH
5	16695358	16697204	1624	1394	53.81	CG
5	16695358	16697204	1562	1263	55.29	CHG
5	16695358	16697204	1153	11264	9.29	CHH
5	17145149	17145240	1	84	1.18	CG
5	17145149	17145240	16	888	1.77	CHH
5	17275880	17277194	1085	1137	48.83	CG
5	17275880	17277194	160	2580	5.84	CHG
5	17275880	17277194	650	11417	5.39	CHH
5	18555974	18556911	1611	267	85.78	CG
5	18555974	18556911	642	569	53.01	CHG
5	18555974	18556911	319	8412	3.65	CHH
5	18614365	18615227	2858	50	98.28	CG
5	18614365	18615227	1344	433	75.63	CHG
5	18614365	18615227	1409	6436	17.96	CHH
5	19082868	19087589	2632	4665	36.07	CG
5	19082868	19087589	468	11102	4.04	CHG
5	19082868	19087589	1660	40846	3.91	CHH
5	19475239	19475452	2	433	0.46	CG
5	19475239	19475452	12	668	1.76	CHG
5	19475239	19475452	25	2052	1.20	CHH
5	19550564	19550779	31	102	23.31	CHG
5	19550564	19550779	183	2035	8.25	CHH
5	19686229	19688559	1712	3680	31.75	CG
5	19686229	19688559	1212	2660	31.30	CHG
5	19686229	19688559	1485	17516	7.82	CHH
5	20197683	20197907	5	1160	0.43	CG
5	20197683	20197907	7	682	1.02	CHG
5	20197683	20197907	11	1212	0.90	CHH
5	20639725	20640817	1258	111	91.89	CG
5	20639725	20640817	297	2800	9.59	CHG
5	20639725	20640817	199	10534	1.85	CHH
5	21196473	21196736	215	4	98.17	CG
5	21196473	21196736	333	36	90.24	CHG
5	21196473	21196736	397	2615	13.18	CHH
5	21222554	21222810	144	85	62.88	CHG
5	21222554	21222810	94	2085	4.31	CHH
5	21231311	21231463	3	636	0.47	CG
5	21231311	21231463	11	519	2.08	CHG
5	21231311	21231463	14	915	1.51	CHH
5	21771662	21772418	1184	244	82.91	CG
5	21771662	21772418	998	560	64.06	CHG
5	21771662	21772418	467	5235	8.19	CHH
5	22632027	22632224	3	897	0.33	CG
5	22632027	22632224	7	761	0.91	CHG
5	22632027	22632224	32	1462	2.14	CHH
5	23446330	23446424	13	2	86.67	CG
5	23446330	23446424	20	102	16.39	CHH
5	23498602	23498699	110	3	97.35	CG
5	23498602	23498699	53	3	94.64	CHG
5	23498602	23498699	698	291	70.58	CHH
5	23589096	23589233	1	291	0.34	CHG
5	23589096	23589233	20	1550	1.27	CHH
5	23597717	23597952	2	154	1.28	CG
5	23597717	23597952	7	402	1.71	CHG
5	23597717	23597952	63	2383	2.58	CHH
5	23799970	23800819	54	3121	1.70	CG
5	23799970	23800819	65	2780	2.28	CHG
5	23799970	23800819	128	7553	1.67	CHH
5	24767463	24767619	13	700	1.82	CG
5	24767463	24767619	3	213	1.39	CHG
5	24767463	24767619	18	903	1.95	CHH
5	24958493	24960927	1380	1684	45.04	CG
5	24958493	24960927	250	4693	5.06	CHG
5	24958493	24960927	544	22305	2.38	CHH
5	25117789	25118255	67	2332	2.79	CG
5	25117789	25118255	33	1156	2.78	CHG
5	25117789	25118255	49	2826	1.70	CHH
5	25683760	25686062	1144	8198	12.25	CG
5	25683760	25686062	807	6276	11.39	CHG
5	25683760	25686062	2011	12762	13.61	CHH
5	25916431	25917101	1102	30	97.35	CG
5	25916431	25917101	675	323	67.64	CHG
5	25916431	25917101	1753	5328	24.76	CHH
5	26920490	26922938	25	3688	0.67	CG
5	26920490	26922938	115	7481	1.51	CHG
5	26920490	26922938	477	22015	2.12	CHH
5	27294148	27294484	19	999	1.87	CG
5	27294148	27294484	22	717	2.98	CHG
5	27294148	27294484	65	2585	2.45	CHH
5	27692643	27692794	0	505	0.00	CG
5	27692643	27692794	10	497	1.97	CHG
5	27692643	27692794	20	1211	1.62	CHH
5	28353397	28355104	1785	237	88.28	CG
5	28353397	28355104	174	3194	5.17	CHG
5	28353397	28355104	326	14343	2.22	CHH
5	28438764	28438936	307	6	98.08	CG
5	28438764	28438936	390	29	93.08	CHG
5	28438764	28438936	122	1286	8.66	CHH
5	29278792	29278999	134	2	98.53	CG
5	29278792	29278999	100	6	94.34	CHG
5	29278792	29278999	29	540	5.10	CHH
5	29368004	29368261	215	4	98.17	CG
5	29368004	29368261	483	39	92.53	CHG
5	29368004	29368261	230	2790	7.62	CHH
5	29393677	29395023	588	7	98.82	CG
5	29393677	29395023	526	79	86.94	CHG
5	29393677	29395023	131	1418	8.46	CHH
5	29485227	29485510	388	300	56.40	CG
5	29485227	29485510	108	570	15.93	CHG
5	29485227	29485510	105	2473	4.07	CHH
6	247291	247913	14	1736	0.80	CG
6	247291	247913	21	1414	1.46	CHG
6	247291	247913	64	4628	1.36	CHH
6	368015	368245	5	496	1.00	CG
6	368015	368245	18	625	2.80	CHG
6	368015	368245	64	2113	2.94	CHH
6	521167	522087	246	1479	14.26	CG
6	521167	522087	109	1328	7.59	CHG
6	521167	522087	943	7178	11.61	CHH
6	813527	813697	133	3	97.79	CG
6	813527	813697	9	359	2.45	CHG
6	813527	813697	29	2012	1.42	CHH
6	958185	960061	3328	1143	74.44	CG
6	958185	960061	1214	1299	48.31	CHG
6	958185	960061	1469	11630	11.21	CHH
6	1267865	1268035	935	30	96.89	CG
6	1267865	1268035	426	179	70.41	CHG
6	1267865	1268035	56	1316	4.08	CHH
6	2300838	2300945	1	201	0.50	CG
6	2300838	2300945	17	326	4.96	CHG
6	2300838	2300945	35	1000	3.38	CHH
6	3639180	3639309	3	343	0.87	CG
6	3639180	3639309	6	397	1.49	CHG
6	3639180	3639309	36	1423	2.47	CHH
6	3944739	3945664	464	609	43.24	CG
6	3944739	3945664	474	810	36.92	CHG
6	3944739	3945664	853	8109	9.52	CHH
6	4300749	4300941	461	23	95.25	CG
6	4300749	4300941	206	156	56.91	CHG
6	4300749	4300941	134	2031	6.19	CHH
6	4553472	4553595	624	5	99.21	CG
6	4553472	4553595	125	91	57.87	CHG
6	4553472	4553595	92	697	11.66	CHH
6	4806070	4806315	61	1200	4.84	CG
6	4806070	4806315	17	605	2.73	CHG
6	4806070	4806315	46	2285	1.97	CHH
6	5243918	5246329	1916	2404	44.35	CG
6	5243918	5246329	195	7148	2.66	CHG
6	5243918	5246329	493	22595	2.14	CHH
6	5335954	5337126	844	1453	36.74	CG
6	5335954	5337126	567	1320	30.05	CHG
6	5335954	5337126	1840	6838	21.20	CHH
6	6556692	6557000	24	1162	2.02	CG
6	6556692	6557000	26	648	3.86	CHG
6	6556692	6557000	83	2156	3.71	CHH
6	7262284	7262394	7	305	2.24	CHG
6	7262284	7262394	17	1181	1.42	CHH
6	7296360	7297580	873	18	97.98	CG
6	7296360	7297580	584	162	78.28	CHG
6	7296360	7297580	210	2692	7.24	CHH
6	7450229	7452500	3435	499	87.32	CG
6	7450229	7452500	2465	1104	69.07	CHG
6	7450229	7452500	2523	16897	12.99	CHH
6	8010667	8010997	1173	23	98.08	CG
6	8010667	8010997	766	308	71.32	CHG
6	8010667	8010997	229	2701	7.82	CHH
6	8383109	8385458	1321	8050	14.10	CG
6	8383109	8385458	661	3904	14.48	CHG
6	8383109	8385458	727	15627	4.45	CHH
6	8415805	8416695	1612	26	98.41	CG
6	8415805	8416695	1277	429	74.85	CHG
6	8415805	8416695	481	7171	6.29	CHH
6	8434419	8434622	405	23	94.63	CG
6	8434419	8434622	476	109	81.37	CHG
6	8434419	8434622	255	1033	19.80	CHH
6	9748876	9749062	484	199	70.86	CG
6	9748876	9749062	8	272	2.86	CHG
6	9748876	9749062	85	1767	4.59	CHH
6	9753551	9753693	99	2	98.02	CG
6	9753551	9753693	118	29	80.27	CHG
6	9753551	9753693	74	426	14.80	CHH
6	10075237	10075575	779	18	97.74	CG
6	10075237	10075575	1177	201	85.41	CHG
6	10075237	10075575	329	3034	9.78	CHH
6	10093461	10093858	688	13	98.15	CG
6	10093461	10093858	271	317	46.09	CHG
6	10093461	10093858	131	3345	3.77	CHH
6	10113029	10113177	190	2	98.96	CG
6	10113029	10113177	87	46	65.41	CHG
6	10113029	10113177	241	667	26.54	CHH
6	10217891	10218933	1869	60	96.89	CG
6	10217891	10218933	1974	316	86.20	CHG
6	10217891	10218933	442	8290	5.06	CHH
6	11173234	11173456	73	100	42.20	CG
6	11173234	11173456	891	979	47.65	CHH
6	11608473	11613132	7958	1394	85.09	CG
6	11608473	11613132	5354	3714	59.04	CHG
6	11608473	11613132	3958	29945	11.67	CHH
6	11851633	11851862	206	8	96.26	CG
6	11851633	11851862	532	119	81.72	CHG
6	11851633	11851862	98	2240	4.19	CHH
6	14122214	14122520	606	8	98.70	CG
6	14122214	14122520	685	153	81.74	CHG
6	14122214	14122520	566	1923	22.74	CHH
6	14227883	14228030	309	5	98.41	CG
6	14227883	14228030	180	60	75.00	CHG
6	14227883	14228030	112	1315	7.85	CHH
6	14470606	14472078	2582	39	98.51	CG
6	14470606	14472078	2571	360	87.72	CHG
6	14470606	14472078	1052	8989	10.48	CHH
6	14807254	14809068	2901	857	77.20	CG
6	14807254	14809068	2413	1575	60.51	CHG
6	14807254	14809068	2607	13895	15.80	CHH
6	14821713	14821802	118	1	99.16	CG
6	14821713	14821802	265	10	96.36	CHG
6	14821713	14821802	76	645	10.54	CHH
6	14830897	14831902	1584	39	97.60	CG
6	14830897	14831902	2227	354	86.28	CHG
6	14830897	14831902	422	9771	4.14	CHH
6	14905971	14906794	1712	47	97.33	CG
6	14905971	14906794	1682	178	90.43	CHG
6	14905971	14906794	571	5361	9.63	CHH
6	15103747	15105627	2503	58	97.74	CG
6	15103747	15105627	2153	416	83.81	CHG
6	15103747	15105627	845	17651	4.57	CHH
6	15441362	15441506	5809	232	96.16	CG
6	15441362	15441506	557	399	58.26	CHG
6	15441362	15441506	720	7396	8.87	CHH
6	15563454	15563591	138	6	95.83	CG
6	15563454	15563591	212	45	82.49	CHG
6	15563454	15563591	53	1125	4.50	CHH
6	16686020	16686529	1321	33	97.56	CG
6	16686020	16686529	566	207	73.22	CHG
6	16686020	16686529	156	4249	3.54	CHH
6	17158669	17158861	341	81	80.81	CG
6	17158669	17158861	6	342	1.72	CHG
6	17158669	17158861	132	1758	6.98	CHH
6	17199198	17199462	210	25	89.36	CG
6	17199198	17199462	35	25	58.33	CHG
6	17199198	17199462	192	1691	10.20	CHH
6	17345586	17347256	5350	93	98.29	CG
6	17345586	17347256	2756	742	78.79	CHG
6	17345586	17347256	1401	13753	9.25	CHH
6	17660877	17661057	313	6	98.12	CG
6	17660877	17661057	432	64	87.10	CHG
6	17660877	17661057	62	1300	4.55	CHH
6	18643334	18643833	561	9	98.42	CG
6	18643334	18643833	225	178	55.83	CHG
6	18643334	18643833	39	376	9.40	CHH
6	18777954	18779043	1764	76	95.87	CG
6	18777954	18779043	1007	292	77.52	CHG
6	18777954	18779043	476	10745	4.24	CHH
6	18810122	18813496	6689	978	87.24	CG
6	18810122	18813496	2899	3474	45.49	CHG
6	18810122	18813496	1459	26969	5.13	CHH
6	19312818	19314797	3588	2234	61.63	CG
6	19312818	19314797	1594	2327	40.65	CHG
6	19312818	19314797	2255	16520	12.01	CHH
6	20357482	20357681	542	12	97.83	CG
6	20357482	20357681	226	133	62.95	CHG
6	20357482	20357681	97	2057	4.50	CHH
6	20439044	20439654	5	880	0.56	CG
6	20439044	20439654	36	1814	1.95	CHG
6	20439044	20439654	77	5316	1.43	CHH
6	21127919	21128043	403	8	98.05	CG
6	21127919	21128043	11	29	27.50	CHG
6	21127919	21128043	111	996	10.03	CHH
6	21587628	21587841	267	7	97.45	CG
6	21587628	21587841	187	19	90.78	CHG
6	21587628	21587841	384	1540	19.96	CHH
6	22156671	22156886	6	554	1.07	CG
6	22156671	22156886	9	429	2.05	CHG
6	22156671	22156886	26	1881	1.36	CHH
6	22194216	22196915	3336	1053	76.01	CG
6	22194216	22196915	1496	4000	27.22	CHG
6	22194216	22196915	919	26001	3.41	CHH
6	22609287	22612484	4551	3174	58.91	CG
6	22609287	22612484	2703	3638	42.63	CHG
6	22609287	22612484	6312	21226	22.92	CHH
6	22611980	22612934	964	1891	33.77	CG
6	22611980	22612934	784	1683	31.78	CHG
6	22611980	22612934	3130	6798	31.53	CHH
6	23257492	23257741	1335	23	98.31	CG
6	23257492	23257741	552	116	82.63	CHG
6	23257492	23257741	263	942	21.83	CHH
6	23764410	23764702	74	3	96.10	CG
6	23764410	23764702	23	19	54.76	CHG
6	23764410	23764702	139	3596	3.72	CHH
6	23867262	23869017	373	7446	4.77	CG
6	23867262	23869017	691	3993	14.75	CHG
6	23867262	23869017	1343	13587	9.00	CHH
6	24469529	24469704	140	3	97.90	CG
6	24469529	24469704	467	20	95.89	CHG
6	24469529	24469704	128	1701	7.00	CHH
6	26027042	26027922	900	127	87.63	CG
6	26027042	26027922	207	738	21.90	CHG
6	26027042	26027922	279	7278	3.69	CHH
6	27428621	27432072	2035	5247	27.95	CG
6	27428621	27432072	616	8432	6.81	CHG
6	27428621	27432072	1299	27443	4.52	CHH
6	27581080	27581338	737	6	99.19	CG
6	27581080	27581338	420	102	80.46	CHG
6	27581080	27581338	422	1587	21.01	CHH
6	27924772	27924989	175	33	84.13	CG
6	27924772	27924989	15	697	2.11	CHG
6	27924772	27924989	26	1621	1.58	CHH
6	28789509	28791244	689	1133	37.82	CG
6	28789509	28791244	190	3783	4.78	CHG
6	28789509	28791244	513	14907	3.33	CHH
6	28955148	28955268	3	241	1.23	CHG
6	28955148	28955268	15	1020	1.45	CHH
6	29172271	29175087	1456	702	67.47	CG
6	29172271	29175087	125	8018	1.54	CHG
6	29172271	29175087	702	31177	2.20	CHH
6	30516258	30516520	167	411	28.89	CG
6	30516258	30516520	35	231	13.16	CHG
6	30516258	30516520	386	1631	19.14	CHH
6	31188015	31188697	201	66	75.28	CG
6	31188015	31188697	53	1608	3.19	CHG
6	31188015	31188697	137	6683	2.01	CHH
6	31222643	31224540	2169	28	98.73	CG
6	31222643	31224540	155	3608	4.12	CHG
6	31222643	31224540	666	15259	4.18	CHH
7	411438	411715	547	12	97.85	CG
7	411438	411715	342	443	43.57	CHG
7	411438	411715	202	2290	8.11	CHH
7	993029	993215	7	277	2.46	CG
7	993029	993215	23	460	4.76	CHG
7	993029	993215	48	1873	2.50	CHH
7	1846760	1848970	2167	440	83.12	CG
7	1846760	1848970	113	5419	2.04	CHG
7	1846760	1848970	471	21537	2.14	CHH
7	2224488	2225213	60	2322	2.52	CG
7	2224488	2225213	36	1859	1.90	CHG
7	2224488	2225213	93	5942	1.54	CHH
7	2447769	2451203	2481	8445	22.71	CG
7	2447769	2451203	924	7469	11.01	CHG
7	2447769	2451203	2582	25173	9.30	CHH
7	2483423	2483554	335	77	81.31	CG
7	2483423	2483554	87	38	69.60	CHG
7	2483423	2483554	236	484	32.78	CHH
7	2618288	2618484	131	4	97.04	CG
7	2618288	2618484	4	74	5.13	CHG
7	2618288	2618484	28	1443	1.90	CHH
7	2946799	2949545	1295	5695	18.53	CG
7	2946799	2949545	137	7499	1.79	CHG
7	2946799	2949545	481	24601	1.92	CHH
7	3992526	3992733	207	13	94.09	CG
7	3992526	3992733	9	774	1.15	CHG
7	3992526	3992733	34	2328	1.44	CHH
7	4299561	4299774	202	262	43.53	CG
7	4299561	4299774	16	269	5.61	CHG
7	4299561	4299774	26	1646	1.56	CHH
7	4594741	4595750	293	1720	14.56	CG
7	4594741	4595750	50	2345	2.09	CHG
7	4594741	4595750	205	10568	1.90	CHH
7	4802020	4804153	170	2947	5.45	CG
7	4802020	4804153	186	2237	7.68	CHG
7	4802020	4804153	714	18518	3.71	CHH
7	5473306	5473520	94	2	97.92	CG
7	5473306	5473520	74	8	90.24	CHG
7	5473306	5473520	65	1375	4.51	CHH
7	6327476	6328339	1560	48	97.01	CG
7	6327476	6328339	1129	201	84.89	CHG
7	6327476	6328339	339	4611	6.85	CHH
7	6575263	6575711	1	192	0.52	CG
7	6575263	6575711	1	69	1.43	CHG
7	6575263	6575711	102	4519	2.21	CHH
7	6605103	6605624	2175	30	98.64	CG
7	6605103	6605624	633	841	42.94	CHG
7	6605103	6605624	328	4140	7.34	CHH
7	6829453	6829599	27	228	10.59	CHG
7	6829453	6829599	49	1483	3.20	CHH
7	6919655	6920441	1474	237	86.15	CG
7	6919655	6920441	1060	887	54.44	CHG
7	6919655	6920441	336	5563	5.70	CHH
7	7348687	7348951	94	0	100.00	CG
7	7348687	7348951	9	391	2.25	CHG
7	7348687	7348951	81	2824	2.79	CHH
7	7538627	7540224	1704	719	70.33	CG
7	7538627	7540224	671	1294	34.15	CHG
7	7538627	7540224	1274	13069	8.88	CHH
7	7676619	7677136	647	8	98.78	CG
7	7676619	7677136	644	107	85.75	CHG
7	7676619	7677136	298	4206	6.62	CHH
7	7868604	7868899	1118	28	97.56	CG
7	7868604	7868899	667	196	77.29	CHG
7	7868604	7868899	127	2518	4.80	CHH
7	7896981	7897138	60	0	100.00	CG
7	7896981	7897138	499	39	92.75	CHG
7	7896981	7897138	110	1565	6.57	CHH
7	7950410	7951127	212	3067	6.47	CG
7	7950410	7951127	92	1864	4.70	CHG
7	7950410	7951127	410	4781	7.90	CHH
7	8994834	8994985	303	22	93.23	CG
7	8994834	8994985	15	438	3.31	CHG
7	8994834	8994985	14	1069	1.29	CHH
7	9688947	9691039	1440	4437	24.50	CG
7	9688947	9691039	1610	2234	41.88	CHG
7	9688947	9691039	746	12266	5.73	CHH
7	10365529	10365796	1091	14	98.73	CG
7	10365529	10365796	205	32	86.50	CHG
7	10365529	10365796	101	2119	4.55	CHH
7	10449611	10449795	261	8	97.03	CG
7	10449611	10449795	251	43	85.37	CHG
7	10449611	10449795	84	1910	4.21	CHH
7	10549868	10550083	269	5	98.18	CG
7	10549868	10550083	222	69	76.29	CHG
7	10549868	10550083	88	1872	4.49	CHH
7	10635123	10635434	462	283	62.01	CG
7	10635123	10635434	586	172	77.31	CHG
7	10635123	10635434	1460	1645	47.02	CHH
7	10877526	10878054	2378	29	98.80	CG
7	10877526	10878054	693	285	70.86	CHG
7	10877526	10878054	281	2271	11.01	CHH
7	11466967	11467449	1308	30	97.76	CG
7	11466967	11467449	779	203	79.33	CHG
7	11466967	11467449	202	4259	4.53	CHH
7	11601703	11602144	354	7	98.06	CG
7	11601703	11602144	317	93	77.32	CHG
7	11601703	11602144	276	3752	6.85	CHH
7	11983577	11984979	1009	65	93.95	CG
7	11983577	11984979	785	491	61.52	CHG
7	11983577	11984979	426	9918	4.12	CHH
7	12411232	12411465	241	1	99.59	CG
7	12411232	12411465	135	62	68.53	CHG
7	12411232	12411465	25	224	10.04	CHH
7	12792717	12792888	127	1	99.22	CG
7	12792717	12792888	148	22	87.06	CHG
7	12792717	12792888	176	1038	14.50	CHH
7	12807464	12807960	657	13	98.06	CG
7	12807464	12807960	890	470	65.44	CHG
7	12807464	12807960	339	6413	5.02	CHH
7	13460211	13460326	443	20	95.68	CG
7	13460211	13460326	53	55	49.07	CHG
7	13460211	13460326	51	239	17.59	CHH
7	15065372	15067232	2811	38	98.67	CG
7	15065372	15067232	2583	651	79.87	CHG
7	15065372	15067232	751	16617	4.32	CHH
7	15194897	15195154	4	126	3.08	CG
7	15194897	15195154	4	156	2.50	CHG
7	15194897	15195154	55	2303	2.33	CHH
7	15838174	15840597	2108	2103	50.06	CG
7	15838174	15840597	667	2330	22.26	CHG
7	15838174	15840597	2274	16063	12.40	CHH
7	16417756	16417995	223	6	97.38	CG
7	16417756	16417995	124	41	75.15	CHG
7	16417756	16417995	278	2623	9.58	CHH
7	17006268	17006989	3088	75	97.63	CG
7	17006268	17006989	1066	284	78.96	CHG
7	17006268	17006989	589	5166	10.23	CHH
7	17339592	17339751	0	132	0.00	CG
7	17339592	17339751	1	412	0.24	CHG
7	17339592	17339751	32	1573	1.99	CHH
7	17913342	17913726	1025	26	97.53	CG
7	17913342	17913726	627	144	81.32	CHG
7	17913342	17913726	429	3171	11.92	CHH
7	18987148	18987233	6	101	5.61	CG
7	18987148	18987233	11	40	21.57	CHG
7	18987148	18987233	19	708	2.61	CHH
7	19215021	19215291	1364	27	98.06	CG
7	19215021	19215291	754	173	81.34	CHG
7	19215021	19215291	388	1720	18.41	CHH
7	19560035	19560566	1223	23	98.15	CG
7	19560035	19560566	804	186	81.21	CHG
7	19560035	19560566	827	2271	26.69	CHH
7	19560091	19560385	738	16	97.88	CG
7	19560091	19560385	449	96	82.39	CHG
7	19560091	19560385	366	1097	25.02	CHH
7	19831953	19832039	0	307	0.00	CHG
7	19831953	19832039	12	907	1.31	CHH
7	19834434	19835298	1379	256	84.34	CG
7	19834434	19835298	832	632	56.83	CHG
7	19834434	19835298	386	6213	5.85	CHH
7	21131054	21131268	0	163	0.00	CG
7	21131054	21131268	4	421	0.94	CHG
7	21131054	21131268	64	2884	2.17	CHH
7	21474944	21475222	263	176	59.91	CG
7	21474944	21475222	16	82	16.33	CHG
7	21474944	21475222	478	1940	19.77	CHH
7	21913503	21914249	342	1142	23.05	CG
7	21913503	21914249	111	1311	7.81	CHG
7	21913503	21914249	1080	6573	14.11	CHH
7	22120429	22120613	402	8	98.05	CG
7	22120429	22120613	11	726	1.49	CHG
7	22120429	22120613	64	2217	2.81	CHH
7	22386510	22386982	35	1788	1.92	CG
7	22386510	22386982	24	658	3.52	CHG
7	22386510	22386982	40	2198	1.79	CHH
7	22569423	22569628	272	6	97.84	CG
7	22569423	22569628	15	603	2.43	CHG
7	22569423	22569628	43	2227	1.89	CHH
7	23187122	23187806	84	1202	6.53	CG
7	23187122	23187806	68	1511	4.31	CHG
7	23187122	23187806	165	5936	2.70	CHH
7	23391649	23391802	211	14	93.78	CG
7	23391649	23391802	6	475	1.25	CHG
7	23391649	23391802	14	1271	1.09	CHH
7	24132747	24133053	235	5	97.92	CG
7	24132747	24133053	25	450	5.26	CHG
7	24132747	24133053	103	3593	2.79	CHH
7	24196787	24197173	726	14	98.11	CG
7	24196787	24197173	754	88	89.55	CHG
7	24196787	24197173	213	4790	4.26	CHH
7	24296352	24296548	148	2	98.67	CG
7	24296352	24296548	5	457	1.08	CHG
7	24296352	24296548	23	1908	1.19	CHH
7	24747117	24747542	2807	52	98.18	CG
7	24747117	24747542	1262	428	74.67	CHG
7	24747117	24747542	536	2462	17.88	CHH
7	25222041	25223348	399	4475	8.19	CG
7	25222041	25223348	408	2670	13.26	CHG
7	25222041	25223348	1227	11313	9.78	CHH
7	25256522	25256725	5	697	0.71	CG
7	25256522	25256725	8	457	1.72	CHG
7	25256522	25256725	18	1422	1.25	CHH
7	25908465	25908808	10	774	1.28	CG
7	25908465	25908808	18	1265	1.40	CHG
7	25908465	25908808	65	3618	1.76	CHH
7	25983000	25983349	333	64	83.88	CG
7	25983000	25983349	15	991	1.49	CHG
7	25983000	25983349	46	3075	1.47	CHH
7	26184639	26186023	3289	58	98.27	CG
7	26184639	26186023	2042	381	84.28	CHG
7	26184639	26186023	728	4705	13.40	CHH
7	26456564	26456769	11	379	2.82	CG
7	26456564	26456769	8	115	6.50	CHG
7	26456564	26456769	31	1205	2.51	CHH
7	27118237	27118566	73	2	97.33	CG
7	27118237	27118566	91	21	81.25	CHG
7	27118237	27118566	184	2889	5.99	CHH
7	28429839	28434200	3136	509	86.04	CG
7	28429839	28434200	272	11660	2.28	CHG
7	28429839	28434200	1198	44661	2.61	CHH
7	28561953	28562576	110	4538	2.37	CG
7	28561953	28562576	72	2387	2.93	CHG
7	28561953	28562576	79	3043	2.53	CHH
7	28603030	28603161	1	0	100.00	CG
7	28603030	28603161	2	1	66.67	CHG
7	28603030	28603161	2	38	5.00	CHH
7	29086695	29086979	1209	29	97.66	CG
7	29086695	29086979	418	86	82.94	CHG
7	29086695	29086979	364	1254	22.50	CHH
8	178569	180215	287	4427	6.09	CG
8	178569	180215	351	3084	10.22	CHG
8	178569	180215	1165	13384	8.01	CHH
8	236935	237112	344	6	98.29	CG
8	236935	237112	630	59	91.44	CHG
8	236935	237112	195	1817	9.69	CHH
8	451101	451275	18	1109	1.60	CG
8	451101	451275	8	417	1.88	CHG
8	451101	451275	12	1007	1.18	CHH
8	700792	701075	24	1124	2.09	CG
8	700792	701075	33	880	3.61	CHG
8	700792	701075	117	2210	5.03	CHH
8	1029191	1029915	264	1031	20.39	CG
8	1029191	1029915	152	638	19.24	CHG
8	1029191	1029915	1449	3826	27.47	CHH
8	1151684	1151850	192	6	96.97	CG
8	1151684	1151850	314	69	81.98	CHG
8	1151684	1151850	115	1863	5.81	CHH
8	1263064	1263825	401	9	97.80	CG
8	1263064	1263825	337	85	79.86	CHG
8	1263064	1263825	55	947	5.49	CHH
8	1315995	1316283	568	14	97.59	CG
8	1315995	1316283	550	217	71.71	CHG
8	1315995	1316283	216	3477	5.85	CHH
8	1392517	1392770	1180	21	98.25	CG
8	1392517	1392770	330	212	60.89	CHG
8	1392517	1392770	131	2159	5.72	CHH
8	1864926	1865852	2236	49	97.86	CG
8	1864926	1865852	710	467	60.32	CHG
8	1864926	1865852	489	10043	4.64	CHH
8	1952801	1953130	36	866	3.99	CG
8	1952801	1953130	19	555	3.31	CHG
8	1952801	1953130	96	3950	2.37	CHH
8	2740500	2740929	915	10	98.92	CG
8	2740500	2740929	656	148	81.59	CHG
8	2740500	2740929	411	3284	11.12	CHH
8	2874093	2874334	487	8	98.38	CG
8	2874093	2874334	216	64	77.14	CHG
8	2874093	2874334	143	2598	5.22	CHH
8	3055231	3055410	9	663	1.34	CHG
8	3055231	3055410	41	1979	2.03	CHH
8	3463082	3465280	858	2202	28.04	CG
8	3463082	3465280	337	3930	7.90	CHG
8	3463082	3465280	2081	16634	11.12	CHH
8	4272689	4273002	249	4	98.42	CG
8	4272689	4273002	316	63	83.38	CHG
8	4272689	4273002	155	3149	4.69	CHH
8	4312136	4312445	798	31	96.26	CG
8	4312136	4312445	415	288	59.03	CHG
8	4312136	4312445	204	2947	6.47	CHH
8	4545475	4545770	200	17	92.17	CG
8	4545475	4545770	28	540	4.93	CHG
8	4545475	4545770	89	2293	3.74	CHH
8	4853217	4853848	58	3282	1.74	CG
8	4853217	4853848	47	1544	2.95	CHG
8	4853217	4853848	61	3377	1.77	CHH
8	5467560	5467758	226	335	40.29	CG
8	5467560	5467758	17	440	3.72	CHG
8	5467560	5467758	43	1766	2.38	CHH
8	6450044	6451003	2550	51	98.04	CG
8	6450044	6451003	1540	407	79.10	CHG
8	6450044	6451003	582	7935	6.83	CHH
8	6675950	6676096	173	11	94.02	CG
8	6675950	6676096	56	33	62.92	CHG
8	6675950	6676096	28	526	5.05	CHH
8	6874782	6875032	542	6	98.91	CG
8	6874782	6875032	187	50	78.90	CHG
8	6874782	6875032	146	2136	6.40	CHH
8	7337780	7340351	1877	1569	54.47	CG
8	7337780	7340351	212	4453	4.54	CHG
8	7337780	7340351	1688	20235	7.70	CHH
8	7485595	7487184	3186	110	96.66	CG
8	7485595	7487184	3306	645	83.68	CHG
8	7485595	7487184	1372	13542	9.20	CHH
8	7660052	7660308	161	17	90.45	CG
8	7660052	7660308	98	183	34.88	CHG
8	7660052	7660308	171	2159	7.34	CHH
8	8117875	8118747	483	82	85.49	CG
8	8117875	8118747	24	1811	1.31	CHG
8	8117875	8118747	177	8073	2.15	CHH
8	8283116	8289954	10107	3146	76.26	CG
8	8283116	8289954	6710	9610	41.12	CHG
8	8283116	8289954	3835	57259	6.28	CHH
8	8625179	8626724	4935	85	98.31	CG
8	8625179	8626724	3371	717	82.46	CHG
8	8625179	8626724	737	7505	8.94	CHH
8	10263592	10264820	1056	18	98.32	CG
8	10263592	10264820	120	2937	3.93	CHG
8	10263592	10264820	362	11650	3.01	CHH
8	10859005	10859704	375	16	95.91	CG
8	10859005	10859704	525	82	86.49	CHG
8	10859005	10859704	582	6649	8.05	CHH
8	10992041	10993699	1991	98	95.31	CG
8	10992041	10993699	1335	843	61.29	CHG
8	10992041	10993699	560	13425	4.00	CHH
8	11166235	11167095	62	0	100.00	CG
8	11166235	11167095	287	55	83.92	CHG
8	11166235	11167095	128	1773	6.73	CHH
8	11203659	11203915	4	0	100.00	CG
8	11203659	11203915	7	4	63.64	CHG
8	11203659	11203915	2	79	2.47	CHH
8	12217241	12217417	10	1	90.91	CG
8	12217241	12217417	72	3	96.00	CHG
8	12217241	12217417	52	300	14.77	CHH
8	12220776	12220917	11	0	100.00	CG
8	12220776	12220917	11	3	78.57	CHG
8	12220776	12220917	3	51	5.56	CHH
8	12256460	12256704	5	385	1.28	CG
8	12256460	12256704	24	697	3.33	CHG
8	12256460	12256704	68	2565	2.58	CHH
8	12629860	12629996	70	1	98.59	CG
8	12629860	12629996	254	56	81.94	CHG
8	12629860	12629996	69	1249	5.24	CHH
8	13407105	13408116	3714	534	87.43	CG
8	13407105	13408116	1201	829	59.16	CHG
8	13407105	13408116	438	5479	7.40	CHH
8	13545344	13545711	505	23	95.64	CG
8	13545344	13545711	102	103	49.76	CHG
8	13545344	13545711	194	3307	5.54	CHH
8	13637622	13639004	4302	92	97.91	CG
8	13637622	13639004	3370	987	77.35	CHG
8	13637622	13639004	696	11570	5.67	CHH
8	13894493	13894788	123	1	99.19	CG
8	13894493	13894788	44	17	72.13	CHG
8	13894493	13894788	4	177	2.21	CHH
8	13952461	13953924	1796	534	77.08	CG
8	13952461	13953924	1051	842	55.52	CHG
8	13952461	13953924	1647	11247	12.77	CHH
8	14213510	14213752	143	443	24.40	CG
8	14213510	14213752	9	477	1.85	CHG
8	14213510	14213752	162	2407	6.31	CHH
8	14298148	14298652	611	12	98.07	CG
8	14298148	14298652	831	132	86.29	CHG
8	14298148	14298652	249	4288	5.49	CHH
8	14597668	14597929	1676	9	99.47	CG
8	14597668	14597929	901	220	80.37	CHG
8	14597668	14597929	293	2161	11.94	CHH
8	14657412	14657652	72	1	98.63	CG
8	14657412	14657652	25	24	51.02	CHG
8	14657412	14657652	159	1518	9.48	CHH
8	15580207	15580529	445	4	99.11	CG
8	15580207	15580529	562	92	85.93	CHG
8	15580207	15580529	252	3094	7.53	CHH
8	15967015	15970249	5828	163	97.28	CG
8	15967015	15970249	4374	1407	75.66	CHG
8	15967015	15970249	1544	29576	4.96	CHH
8	16012976	16013846	3665	57	98.47	CG
8	16012976	16013846	2147	432	83.25	CHG
8	16012976	16013846	981	6572	12.99	CHH
8	16216197	16216404	236	19	92.55	CG
8	16216197	16216404	38	1621	2.29	CHH
8	16538923	16541131	1862	228	89.09	CG
8	16538923	16541131	100	4128	2.37	CHG
8	16538923	16541131	696	23334	2.90	CHH
8	16974676	16975655	529	1129	31.91	CG
8	16974676	16975655	270	1240	17.88	CHG
8	16974676	16975655	620	8751	6.62	CHH
8	16994050	16994211	1	312	0.32	CG
8	16994050	16994211	6	246	2.38	CHG
8	16994050	16994211	29	1262	2.25	CHH
8	17403203	17403300	502	7	98.62	CG
8	17403203	17403300	241	52	82.25	CHG
8	17403203	17403300	27	917	2.86	CHH
8	17719178	17719322	342	5	98.56	CG
8	17719178	17719322	99	106	48.29	CHG
8	17719178	17719322	75	1545	4.63	CHH
8	18550794	18553306	4340	1597	73.10	CG
8	18550794	18553306	1958	2764	41.47	CHG
8	18550794	18553306	3439	15991	17.70	CHH
8	20514928	20517189	3146	102	96.86	CG
8	20514928	20517189	937	639	59.45	CHG
8	20514928	20517189	1522	27269	5.29	CHH
8	21734995	21740080	17309	437	97.54	CG
8	21734995	21740080	8369	1966	80.98	CHG
8	21734995	21740080	3462	36882	8.58	CHH
8	21758849	21759020	112	9	92.56	CG
8	21758849	21759020	4	401	0.99	CHG
8	21758849	21759020	46	1715	2.61	CHH
8	22561294	22561443	12	248	4.62	CG
8	22561294	22561443	14	255	5.20	CHG
8	22561294	22561443	31	1155	2.61	CHH
8	22681154	22681244	116	9	92.80	CHG
8	22681154	22681244	26	588	4.23	CHH
8	22949183	22951590	1482	1277	53.72	CG
8	22949183	22951590	966	3242	22.96	CHG
8	22949183	22951590	4509	16147	21.83	CHH
8	23384652	23384882	5	1301	0.38	CG
8	23384652	23384882	26	675	3.71	CHG
8	23384652	23384882	54	1646	3.18	CHH
8	23517672	23517817	110	4	96.49	CG
8	23517672	23517817	158	11	93.49	CHG
8	23517672	23517817	141	1142	10.99	CHH
8	23675662	23675914	405	22	94.85	CG
8	23675662	23675914	176	66	72.73	CHG
8	23675662	23675914	588	489	54.60	CHH
8	24239866	24240191	218	3	98.64	CG
8	24239866	24240191	4	761	0.52	CHG
8	24239866	24240191	63	3144	1.96	CHH
8	24632914	24633182	212	33	86.53	CG
8	24632914	24633182	84	530	13.68	CHG
8	24632914	24633182	110	1788	5.80	CHH
8	25281178	25281350	740	8	98.93	CG
8	25281178	25281350	93	68	57.76	CHG
8	25281178	25281350	226	1765	11.35	CHH
8	25598370	25598449	149	524	22.14	CHH
8	25696600	25696771	11	694	1.56	CG
8	25696600	25696771	6	449	1.32	CHG
8	25696600	25696771	24	1013	2.31	CHH
8	25733898	25741720	7813	6063	56.31	CG
8	25733898	25741720	5348	14040	27.58	CHG
8	25733898	25741720	5234	63253	7.64	CHH
8	26671848	26672550	515	1	99.81	CG
8	26671848	26672550	238	26	90.15	CHG
8	26671848	26672550	232	1705	11.98	CHH
8	26851572	26851796	17	735	2.26	CG
8	26851572	26851796	6	396	1.49	CHG
8	26851572	26851796	41	1816	2.21	CHH
8	27327904	27330518	1222	11104	9.91	CG
8	27327904	27330518	658	6939	8.66	CHG
8	27327904	27330518	1223	16892	6.75	CHH
9	899505	900078	1581	35	97.83	CG
9	899505	900078	474	235	66.85	CHG
9	899505	900078	526	5978	8.09	CHH
9	1708905	1710116	4447	98	97.84	CG
9	1708905	1710116	2549	763	76.96	CHG
9	1708905	1710116	567	8713	6.11	CHH
9	2262231	2262612	597	11	98.19	CG
9	2262231	2262612	751	135	84.76	CHG
9	2262231	2262612	141	2818	4.77	CHH
9	2463009	2464211	1868	60	96.89	CG
9	2463009	2464211	1362	452	75.08	CHG
9	2463009	2464211	621	8837	6.57	CHH
9	2545349	2545704	738	17	97.75	CG
9	2545349	2545704	752	125	85.75	CHG
9	2545349	2545704	187	2398	7.23	CHH
9	2775400	2775730	8162	259	96.92	CG
9	2775400	2775730	1304	1050	55.40	CHG
9	2775400	2775730	1313	18340	6.68	CHH
9	2854868	2855786	6287	258	96.06	CG
9	2854868	2855786	753	883	46.03	CHG
9	2854868	2855786	1011	13449	6.99	CHH
9	2911646	2912272	1260	23	98.21	CG
9	2911646	2912272	1773	230	88.52	CHG
9	2911646	2912272	411	5806	6.61	CHH
9	3112245	3115702	16958	397	97.71	CG
9	3112245	3115702	7485	1765	80.92	CHG
9	3112245	3115702	3472	25248	12.09	CHH
9	3214717	3216020	1387	481	74.25	CG
9	3214717	3216020	678	666	50.45	CHG
9	3214717	3216020	359	11969	2.91	CHH
9	3330884	3331520	270	3	98.90	CG
9	3330884	3331520	544	107	83.56	CHG
9	3330884	3331520	111	3364	3.19	CHH
9	4522204	4522362	252	13	95.09	CG
9	4522204	4522362	120	24	83.33	CHG
9	4522204	4522362	62	399	13.45	CHH
9	4739227	4745466	5585	2628	68.00	CG
9	4739227	4745466	2613	5239	33.28	CHG
9	4739227	4745466	2841	46094	5.81	CHH
9	6140177	6140335	131	4	97.04	CG
9	6140177	6140335	45	25	64.29	CHG
9	6140177	6140335	23	385	5.64	CHH
9	6631347	6632182	119	227	34.39	CG
9	6631347	6632182	987	837	54.11	CHG
9	6631347	6632182	451	7725	5.52	CHH
9	7230219	7230464	884	47	94.95	CG
9	7230219	7230464	190	242	43.98	CHG
9	7230219	7230464	86	1216	6.61	CHH
9	7430897	7432040	575	451	56.04	CG
9	7430897	7432040	38	660	5.44	CHG
9	7430897	7432040	215	9308	2.26	CHH
9	8393668	8393832	587	24	96.07	CG
9	8393668	8393832	240	72	76.92	CHG
9	8393668	8393832	164	981	14.32	CHH
9	9923428	9925180	131	1116	10.51	CG
9	9923428	9925180	95	2043	4.44	CHG
9	9923428	9925180	1758	14681	10.69	CHH
9	10766786	10767301	517	28	94.86	CG
9	10766786	10767301	29	1668	1.71	CHG
9	10766786	10767301	159	6147	2.52	CHH
9	12030840	12031218	6	1877	0.32	CG
9	12030840	12031218	18	1214	1.46	CHG
9	12030840	12031218	33	2225	1.46	CHH
9	12595903	12596851	6	1053	0.57	CG
9	12595903	12596851	33	2378	1.37	CHG
9	12595903	12596851	125	8622	1.43	CHH
9	13404977	13406112	2819	52	98.19	CG
9	13404977	13406112	910	348	72.34	CHG
9	13404977	13406112	679	6450	9.52	CHH
9	16489222	16490713	1946	1191	62.03	CG
9	16489222	16490713	545	2488	17.97	CHG
9	16489222	16490713	417	12235	3.30	CHH
9	16577282	16577396	165	2	98.80	CG
9	16577282	16577396	68	16	80.95	CHG
9	16577282	16577396	1019	341	74.93	CHH
9	17604144	17604323	181	6	96.79	CG
9	17604144	17604323	0	251	0.00	CHG
9	17604144	17604323	18	1548	1.15	CHH
9	19383868	19383934	1	142	0.70	CHG
9	19383868	19383934	3	523	0.57	CHH
9	19469244	19469889	66	542	10.86	CG
9	19469244	19469889	53	1159	4.37	CHG
9	19469244	19469889	628	2900	17.80	CHH
9	19529704	19533249	3970	5366	42.52	CG
9	19529704	19533249	2002	3664	35.33	CHG
9	19529704	19533249	1903	31262	5.74	CHH
9	20512179	20515947	3453	2968	53.78	CG
9	20512179	20515947	1949	6028	24.43	CHG
9	20512179	20515947	5296	33986	13.48	CHH
9	20811988	20812086	40	685	5.52	CG
9	20811988	20812086	1	102	0.97	CHG
9	20811988	20812086	14	804	1.71	CHH
9	21917576	21917684	8	630	1.25	CG
9	21917576	21917684	28	487	5.44	CHG
9	21917576	21917684	73	910	7.43	CHH
9	22507907	22508014	1	296	0.34	CHG
9	22507907	22508014	20	1023	1.92	CHH
9	22587586	22587797	789	12	98.50	CG
9	22587586	22587797	306	124	71.16	CHG
9	22587586	22587797	214	1169	15.47	CHH
10	76063	76767	1260	21	98.36	CG
10	76063	76767	1108	615	64.31	CHG
10	76063	76767	285	5863	4.64	CHH
10	1070598	1072595	2097	3358	38.44	CG
10	1070598	1072595	1330	2869	31.67	CHG
10	1070598	1072595	1929	14894	11.47	CHH
10	1391746	1391999	1764	24	98.66	CG
10	1391746	1391999	624	323	65.89	CHG
10	1391746	1391999	155	1657	8.55	CHH
10	1614261	1614403	0	69	0.00	CG
10	1614261	1614403	20	413	4.62	CHG
10	1614261	1614403	31	1479	2.05	CHH
10	1803629	1804504	1141	87	92.92	CG
10	1803629	1804504	948	490	65.92	CHG
10	1803629	1804504	1345	6128	18.00	CHH
10	1803768	1804170	978	28	97.22	CG
10	1803768	1804170	468	172	73.12	CHG
10	1803768	1804170	542	2219	19.63	CHH
10	1840873	1840994	0	275	0.00	CG
10	1840873	1840994	0	172	0.00	CHG
10	1840873	1840994	10	845	1.17	CHH
10	2764274	2764493	1	385	0.26	CG
10	2764274	2764493	9	808	1.10	CHG
10	2764274	2764493	18	2025	0.88	CHH
10	3411205	3411730	414	8	98.10	CG
10	3411205	3411730	17	1489	1.13	CHG
10	3411205	3411730	91	5169	1.73	CHH
10	3555583	3556236	1692	46	97.35	CG
10	3555583	3556236	482	227	67.98	CHG
10	3555583	3556236	323	1988	13.98	CHH
10	4747418	4747782	61	66	48.03	CG
10	4747418	4747782	139	638	17.89	CHG
10	4747418	4747782	50	2932	1.68	CHH
10	6032495	6032662	165	3	98.21	CG
10	6032495	6032662	394	47	89.34	CHG
10	6032495	6032662	130	1413	8.43	CHH
10	6484932	6485158	103	369	21.82	CG
10	6484932	6485158	4	218	1.80	CHG
10	6484932	6485158	69	1548	4.27	CHH
10	6965382	6965620	1170	20	98.32	CG
10	6965382	6965620	210	146	58.99	CHG
10	6965382	6965620	40	463	7.95	CHH
10	7289884	7290427	1577	23	98.56	CG
10	7289884	7290427	807	161	83.37	CHG
10	7289884	7290427	286	3557	7.44	CHH
10	8713513	8713687	139	1	99.29	CG
10	8713513	8713687	174	19	90.16	CHG
10	8713513	8713687	32	636	4.79	CHH
10	8784304	8784496	224	1	99.56	CG
10	8784304	8784496	114	30	79.17	CHG
10	8784304	8784496	51	1300	3.77	CHH
10	9339792	9339997	221	6	97.36	CG
10	9339792	9339997	19	10	65.52	CHG
10	9339792	9339997	622	608	50.57	CHH
10	9455216	9455761	813	6	99.27	CG
10	9455216	9455761	669	102	86.77	CHG
10	9455216	9455761	366	4144	8.12	CHH
10	10070366	10073354	6883	148	97.90	CG
10	10070366	10073354	4076	1063	79.32	CHG
10	10070366	10073354	1254	13842	8.31	CHH
10	10893887	10894383	293	199	59.55	CG
10	10893887	10894383	471	374	55.74	CHG
10	10893887	10894383	192	4167	4.40	CHH
10	10994069	10994203	223	12	94.89	CG
10	10994069	10994203	12	388	3.00	CHG
10	10994069	10994203	41	1176	3.37	CHH
10	11956236	11956518	421	12	97.23	CG
10	11956236	11956518	222	85	72.31	CHG
10	11956236	11956518	848	1450	36.90	CHH
10	11967788	11968023	50	2	96.15	CG
10	11967788	11968023	56	9	86.15	CHG
10	11967788	11968023	611	1809	25.25	CHH
10	12041078	12041429	8	116	6.45	CG
10	12041078	12041429	231	354	39.49	CHG
10	12041078	12041429	679	2536	21.12	CHH
10	12398331	12398410	49	12	80.33	CHG
10	12398331	12398410	23	537	4.11	CHH
10	12783731	12784747	895	3402	20.83	CG
10	12783731	12784747	421	1987	17.48	CHG
10	12783731	12784747	1028	6516	13.63	CHH
10	13030461	13031711	595	3146	15.90	CG
10	13030461	13031711	435	2313	15.83	CHG
10	13030461	13031711	1246	7437	14.35	CHH
10	13134013	13134625	532	185	74.20	CG
10	13134013	13134625	117	179	39.53	CHG
10	13134013	13134625	901	4444	16.86	CHH
10	14312781	14312940	470	12	97.51	CG
10	14312781	14312940	145	72	66.82	CHG
10	14312781	14312940	191	1348	12.41	CHH
10	14415032	14415475	11	1103	0.99	CG
10	14415032	14415475	34	952	3.45	CHG
10	14415032	14415475	65	3748	1.70	CHH
10	14939572	14939779	3	464	0.64	CG
10	14939572	14939779	11	254	4.15	CHG
10	14939572	14939779	32	1557	2.01	CHH
10	15358024	15358297	110	43	71.90	CHG
10	15358024	15358297	197	3534	5.28	CHH
10	15388115	15388379	121	4	96.80	CG
10	15388115	15388379	297	104	74.06	CHG
10	15388115	15388379	126	1920	6.16	CHH
10	15623066	15624262	67	2929	2.24	CG
10	15623066	15624262	60	3665	1.61	CHG
10	15623066	15624262	261	9730	2.61	CHH
10	16649407	16649853	28	1856	1.49	CG
10	16649407	16649853	32	1654	1.90	CHG
10	16649407	16649853	43	3502	1.21	CHH
10	17917117	17917361	3	456	0.65	CG
10	17917117	17917361	9	778	1.14	CHG
10	17917117	17917361	45	2197	2.01	CHH
10	18118300	18118455	248	5	98.02	CG
10	18118300	18118455	164	27	85.86	CHG
10	18118300	18118455	427	1092	28.11	CHH
10	18249061	18249336	845	22	97.46	CG
10	18249061	18249336	283	235	54.63	CHG
10	18249061	18249336	135	2069	6.13	CHH
10	18629501	18629720	3	168	1.75	CG
10	18629501	18629720	3	182	1.62	CHG
10	18629501	18629720	23	2255	1.01	CHH
10	18709862	18710680	556	2777	16.68	CG
10	18709862	18710680	144	2706	5.05	CHG
10	18709862	18710680	556	6273	8.14	CHH
10	19071669	19072430	149	2989	4.75	CG
10	19071669	19072430	112	3359	3.23	CHG
10	19071669	19072430	116	5832	1.95	CHH
10	19727438	19727659	118	4	96.72	CG
10	19727438	19727659	123	60	67.21	CHG
10	19727438	19727659	1023	804	55.99	CHH
10	20621568	20621746	329	9	97.34	CG
10	20621568	20621746	264	116	69.47	CHG
10	20621568	20621746	77	792	8.86	CHH
10	20684185	20684453	207	9	95.83	CG
10	20684185	20684453	17	942	1.77	CHG
10	20684185	20684453	33	3067	1.06	CHH
10	20758072	20758229	60	1	98.36	CG
10	20758072	20758229	8	593	1.33	CHG
10	20758072	20758229	22	1607	1.35	CHH
10	20876029	20876473	202	396	33.78	CG
10	20876029	20876473	94	804	10.47	CHG
10	20876029	20876473	237	2451	8.82	CHH
10	21433314	21437604	2831	3138	47.43	CG
10	21433314	21437604	475	7234	6.16	CHG
10	21433314	21437604	1300	37844	3.32	CHH
10	21560604	21561484	378	244	60.77	CG
10	21560604	21561484	61	3013	1.98	CHG
10	21560604	21561484	218	9696	2.20	CHH
10	22597491	22597660	36	764	4.50	CG
10	22597491	22597660	17	442	3.70	CHG
10	22597491	22597660	20	1177	1.67	CHH
10	22692035	22692362	165	121	57.69	CG
10	22692035	22692362	25	804	3.02	CHG
10	22692035	22692362	98	3287	2.90	CHH
10	22860787	22861438	16	1365	1.16	CG
10	22860787	22861438	43	1661	2.52	CHG
10	22860787	22861438	138	5480	2.46	CHH
11	505296	505455	508	12	97.69	CG
11	505296	505455	391	73	84.27	CHG
11	505296	505455	98	1081	8.31	CHH
11	797708	798586	271	310	46.64	CG
11	797708	798586	306	820	27.18	CHG
11	797708	798586	697	7742	8.26	CHH
11	1050852	1052789	322	3958	7.52	CG
11	1050852	1052789	190	4794	3.81	CHG
11	1050852	1052789	560	16519	3.28	CHH
11	1432574	1432751	7	561	1.23	CG
11	1432574	1432751	5	326	1.51	CHG
11	1432574	1432751	40	1850	2.12	CHH
11	1858041	1858566	679	14	97.98	CG
11	1858041	1858566	851	104	89.11	CHG
11	1858041	1858566	1710	2296	42.69	CHH
11	2504811	2504939	7	407	1.69	CG
11	2504811	2504939	13	431	2.93	CHG
11	2504811	2504939	33	1268	2.54	CHH
11	2669596	2669853	6	1164	0.51	CG
11	2669596	2669853	9	251	3.46	CHG
11	2669596	2669853	22	1723	1.26	CHH
11	2802873	2804621	1445	1208	54.47	CG
11	2802873	2804621	1501	1774	45.83	CHG
11	2802873	2804621	1723	14028	10.94	CHH
11	2990468	2990688	58	2	96.67	CG
11	2990468	2990688	20	13	60.61	CHG
11	2990468	2990688	27	99	21.43	CHH
11	3466044	3470402	4108	2374	63.38	CG
11	3466044	3470402	2965	3754	44.13	CHG
11	3466044	3470402	3930	30173	11.52	CHH
11	3810954	3811089	146	0	100.00	CG
11	3810954	3811089	10	350	2.78	CHG
11	3810954	3811089	11	1023	1.06	CHH
11	4224826	4225123	62	3	95.38	CG
11	4224826	4225123	12	520	2.26	CHG
11	4224826	4225123	75	2729	2.67	CHH
11	4595255	4598721	3152	5275	37.40	CG
11	4595255	4598721	1646	3314	33.19	CHG
11	4595255	4598721	3502	21479	14.02	CHH
11	6038088	6038424	132	2396	5.22	CG
11	6038088	6038424	55	1436	3.69	CHG
11	6038088	6038424	67	2227	2.92	CHH
11	6091835	6093414	4395	1086	80.19	CG
11	6091835	6093414	1659	1328	55.54	CHG
11	6091835	6093414	2159	13267	14.00	CHH
11	7821028	7821214	84	344	19.63	CG
11	7821028	7821214	32	456	6.56	CHG
11	7821028	7821214	46	1190	3.72	CHH
11	9435946	9436636	1123	40	96.56	CG
11	9435946	9436636	714	213	77.02	CHG
11	9435946	9436636	960	4950	16.24	CHH
11	9479627	9479991	7	1209	0.58	CG
11	9479627	9479991	33	1112	2.88	CHG
11	9479627	9479991	33	2762	1.18	CHH
11	9728388	9728616	129	5	96.27	CG
11	9728388	9728616	17	147	10.37	CHG
11	9728388	9728616	81	1285	5.93	CHH
11	9810706	9815080	9059	1409	86.54	CG
11	9810706	9815080	4974	4303	53.62	CHG
11	9810706	9815080	3075	33969	8.30	CHH
11	9969448	9969633	200	11	94.79	CG
11	9969448	9969633	104	83	55.61	CHG
11	9969448	9969633	91	1227	6.90	CHH
11	10499987	10500272	299	3	99.01	CG
11	10499987	10500272	327	32	91.09	CHG
11	10499987	10500272	156	2252	6.48	CHH
11	10502651	10503109	696	8	98.86	CG
11	10502651	10503109	1034	94	91.67	CHG
11	10502651	10503109	377	4010	8.59	CHH
11	11632517	11632735	886	19	97.90	CG
11	11632517	11632735	265	164	61.77	CHG
11	11632517	11632735	142	1145	11.03	CHH
11	12791330	12791451	368	8	97.87	CG
11	12791330	12791451	214	40	84.25	CHG
11	12791330	12791451	78	736	9.58	CHH
11	13907112	13907730	1676	31	98.18	CG
11	13907112	13907730	1815	278	86.72	CHG
11	13907112	13907730	493	6076	7.50	CHH
11	14199127	14199230	508	7	98.64	CG
11	14199127	14199230	356	61	85.37	CHG
11	14199127	14199230	105	718	12.76	CHH
11	14246634	14246765	100	0	100.00	CG
11	14246634	14246765	111	19	85.38	CHG
11	14246634	14246765	129	672	16.10	CHH
11	14953985	14954432	623	15	97.65	CG
11	14953985	14954432	252	95	72.62	CHG
11	14953985	14954432	322	3056	9.53	CHH
11	15162648	15162882	140	0	100.00	CG
11	15162648	15162882	505	107	82.52	CHG
11	15162648	15162882	147	2776	5.03	CHH
11	15516587	15517994	1604	2988	34.93	CG
11	15516587	15517994	480	2390	16.72	CHG
11	15516587	15517994	1173	11678	9.13	CHH
11	15595496	15598031	5870	871	87.08	CG
11	15595496	15598031	3076	2242	57.84	CHG
11	15595496	15598031	1887	23693	7.38	CHH
11	15629573	15629919	285	3	98.96	CG
11	15629573	15629919	429	158	73.08	CHG
11	15629573	15629919	176	3236	5.16	CHH
11	15784095	15784518	20	2567	0.77	CG
11	15784095	15784518	39	1596	2.39	CHG
11	15784095	15784518	60	3573	1.65	CHH
11	16587225	16588700	1554	1002	60.80	CG
11	16587225	16588700	783	1001	43.89	CHG
11	16587225	16588700	1238	8845	12.28	CHH
11	16590106	16591882	3412	73	97.91	CG
11	16590106	16591882	4426	646	87.26	CHG
11	16590106	16591882	846	13146	6.05	CHH
11	17024541	17024749	79	135	36.92	CG
11	17024541	17024749	132	111	54.32	CHG
11	17024541	17024749	961	1507	38.94	CHH
11	17437801	17439859	838	3858	17.84	CG
11	17437801	17439859	176	4441	3.81	CHG
11	17437801	17439859	586	19656	2.89	CHH
11	17734944	17735193	20	1855	1.07	CG
11	17734944	17735193	30	968	3.01	CHG
11	17734944	17735193	20	1293	1.52	CHH
11	17903585	17906300	5273	654	88.97	CG
11	17903585	17906300	3914	1335	74.57	CHG
11	17903585	17906300	2967	19544	13.18	CHH
11	17974571	17974900	99	643	13.34	CG
11	17974571	17974900	124	729	14.54	CHG
11	17974571	17974900	341	2409	12.40	CHH
11	18221483	18221608	179	7	96.24	CG
11	18221483	18221608	268	58	82.21	CHG
11	18221483	18221608	47	560	7.74	CHH
11	18325064	18325191	0	66	0.00	CG
11	18325064	18325191	1	219	0.45	CHG
11	18325064	18325191	12	1014	1.17	CHH
11	18373844	18373989	4	74	5.13	CG
11	18373844	18373989	7	321	2.13	CHG
11	18373844	18373989	58	1703	3.29	CHH
11	18718793	18720377	2462	1100	69.12	CG
11	18718793	18720377	572	2493	18.66	CHG
11	18718793	18720377	516	14721	3.39	CHH
11	18909482	18909881	10	1300	0.76	CG
11	18909482	18909881	27	1091	2.42	CHG
11	18909482	18909881	73	2676	2.66	CHH
11	19311606	19314032	3686	526	87.51	CG
11	19311606	19314032	2555	1892	57.45	CHG
11	19311606	19314032	2193	14176	13.40	CHH
11	20219224	20220414	1933	58	97.09	CG
11	20219224	20220414	2365	309	88.44	CHG
11	20219224	20220414	574	10673	5.10	CHH
11	20319451	20320865	1832	248	88.08	CG
11	20319451	20320865	1386	494	73.72	CHG
11	20319451	20320865	3335	9194	26.62	CHH
11	20346784	20346867	4	50	7.41	CG
11	20346784	20346867	3	68	4.23	CHG
11	20346784	20346867	20	569	3.40	CHH
11	20686170	20686465	224	4	98.25	CG
11	20686170	20686465	60	265	18.46	CHG
11	20686170	20686465	67	2897	2.26	CHH
11	20872306	20872476	1294	24	98.18	CG
11	20872306	20872476	546	280	66.10	CHG
11	20872306	20872476	80	1211	6.20	CHH
11	20903615	20904114	518	97	84.23	CG
11	20903615	20904114	35	1180	2.88	CHG
11	20903615	20904114	72	4665	1.52	CHH
11	21540161	21540670	735	17	97.74	CG
11	21540161	21540670	394	253	60.90	CHG
11	21540161	21540670	379	4987	7.06	CHH
11	22251376	22252471	372	721	34.03	CG
11	22251376	22252471	312	1672	15.73	CHG
11	22251376	22252471	708	10951	6.07	CHH
11	22442650	22442893	340	3	99.13	CG
11	22442650	22442893	94	23	80.34	CHG
11	22442650	22442893	133	2858	4.45	CHH
11	22611185	22611456	1	269	0.37	CG
11	22611185	22611456	9	468	1.89	CHG
11	22611185	22611456	43	2951	1.44	CHH
11	22898553	22899482	662	832	44.31	CG
11	22898553	22899482	428	1032	29.32	CHG
11	22898553	22899482	398	6195	6.04	CHH
11	23917291	23918354	1425	220	86.63	CG
11	23917291	23918354	607	539	52.97	CHG
11	23917291	23918354	836	8646	8.82	CHH
11	23924021	23924111	1	132	0.75	CG
11	23924021	23924111	8	353	2.22	CHG
11	23924021	23924111	18	849	2.08	CHH
11	24143197	24143872	1063	14	98.70	CG
11	24143197	24143872	527	145	78.42	CHG
11	24143197	24143872	249	2461	9.19	CHH
11	24518104	24518669	450	8	98.25	CG
11	24518104	24518669	356	64	84.76	CHG
11	24518104	24518669	109	1388	7.28	CHH
11	25340157	25340679	431	13	97.07	CG
11	25340157	25340679	178	202	46.84	CHG
11	25340157	25340679	151	5579	2.64	CHH
11	25356991	25357939	885	46	95.06	CG
11	25356991	25357939	847	724	53.91	CHG
11	25356991	25357939	271	8971	2.93	CHH
11	25450636	25450896	687	15	97.86	CG
11	25450636	25450896	175	131	57.19	CHG
11	25450636	25450896	24	335	6.69	CHH
11	26018351	26019667	3089	108	96.62	CG
11	26018351	26019667	2467	564	81.39	CHG
11	26018351	26019667	1196	7871	13.19	CHH
11	26557615	26559410	1990	260	88.44	CG
11	26557615	26559410	129	2977	4.15	CHG
11	26557615	26559410	649	16979	3.68	CHH
11	26733617	26733799	309	7	97.78	CG
11	26733617	26733799	228	51	81.72	CHG
11	26733617	26733799	74	923	7.42	CHH
11	26897318	26898575	3451	119	96.67	CG
11	26897318	26898575	1411	1009	58.31	CHG
11	26897318	26898575	1038	7802	11.74	CHH
11	27142723	27144368	1636	1039	61.16	CG
11	27142723	27144368	912	1558	36.92	CHG
11	27142723	27144368	1928	10668	15.31	CHH
11	27188061	27188431	326	7	97.90	CG
11	27188061	27188431	150	32	82.42	CHG
11	27188061	27188431	1239	2660	31.78	CHH
11	27296398	27296914	442	846	34.32	CG
11	27296398	27296914	71	438	13.95	CHG
11	27296398	27296914	1141	2718	29.57	CHH
11	27621315	27621467	22	1	95.65	CG
11	27621315	27621467	18	15	54.55	CHG
11	27621315	27621467	36	406	8.14	CHH
11	28581984	28582206	0	185	0.00	CHG
11	28581984	28582206	105	4870	2.11	CHH
12	1158418	1158578	1	611	0.16	CG
12	1158418	1158578	7	218	3.11	CHG
12	1158418	1158578	48	1484	3.13	CHH
12	1177184	1177765	6	366	1.61	CG
12	1177184	1177765	42	1073	3.77	CHG
12	1177184	1177765	199	6233	3.09	CHH
12	1270256	1270750	125	158	44.17	CG
12	1270256	1270750	33	1287	2.50	CHG
12	1270256	1270750	57	3309	1.69	CHH
12	2005465	2005735	942	12	98.74	CG
12	2005465	2005735	136	111	55.06	CHG
12	2005465	2005735	176	1422	11.01	CHH
12	2376872	2377309	388	233	62.48	CG
12	2376872	2377309	14	728	1.89	CHG
12	2376872	2377309	87	3863	2.20	CHH
12	3807299	3807471	0	138	0.00	CG
12	3807299	3807471	7	420	1.64	CHG
12	3807299	3807471	35	1437	2.38	CHH
12	3811143	3811601	645	18	97.29	CG
12	3811143	3811601	221	314	41.31	CHG
12	3811143	3811601	580	3154	15.53	CHH
12	3837019	3837118	5	63	7.35	CHH
12	4083553	4083794	247	176	58.39	CG
12	4083553	4083794	61	1244	4.67	CHG
12	4083553	4083794	60	2988	1.97	CHH
12	5174512	5176042	5459	1357	80.09	CG
12	5174512	5176042	1793	2077	46.33	CHG
12	5174512	5176042	757	11689	6.08	CHH
12	5728433	5728876	1302	33	97.53	CG
12	5728433	5728876	971	172	84.95	CHG
12	5728433	5728876	202	2022	9.08	CHH
12	6323100	6323289	88	191	31.54	CG
12	6323100	6323289	10	302	3.21	CHG
12	6323100	6323289	26	1388	1.84	CHH
12	6480645	6481828	4632	67	98.57	CG
12	6480645	6481828	2659	481	84.68	CHG
12	6480645	6481828	734	10752	6.39	CHH
12	6550600	6551475	1066	15	98.61	CG
12	6550600	6551475	661	167	79.83	CHG
12	6550600	6551475	277	4328	6.02	CHH
12	7855054	7855393	462	13	97.26	CG
12	7855054	7855393	547	130	80.80	CHG
12	7855054	7855393	405	2369	14.60	CHH
12	8497520	8497653	40	1009	3.81	CG
12	8497520	8497653	20	482	3.98	CHG
12	8497520	8497653	62	805	7.15	CHH
12	8555821	8555983	446	306	59.31	CG
12	8555821	8555983	248	325	43.28	CHG
12	8555821	8555983	67	1820	3.55	CHH
12	8733248	8733675	5	1	83.33	CG
12	8733248	8733675	15	11	57.69	CHG
12	8733248	8733675	64	426	13.06	CHH
12	8783105	8783207	163	2	98.79	CG
12	8783105	8783207	19	22	46.34	CHG
12	8783105	8783207	10	993	1.00	CHH
12	8846726	8847029	251	322	43.80	CG
12	8846726	8847029	11	179	5.79	CHG
12	8846726	8847029	98	2826	3.35	CHH
12	9326878	9327074	356	9	97.53	CG
12	9326878	9327074	184	99	65.02	CHG
12	9326878	9327074	184	1375	11.80	CHH
12	9368388	9368605	354	4	98.88	CG
12	9368388	9368605	174	56	75.65	CHG
12	9368388	9368605	195	2322	7.75	CHH
12	11421434	11422871	992	25	97.54	CG
12	11421434	11422871	118	4676	2.46	CHG
12	11421434	11422871	365	17657	2.03	CHH
12	11519644	11519807	168	4	97.67	CG
12	11519644	11519807	128	38	77.11	CHG
12	11519644	11519807	54	1156	4.46	CHH
12	12193685	12193957	754	23	97.04	CG
12	12193685	12193957	510	204	71.43	CHG
12	12193685	12193957	187	2478	7.02	CHH
12	12596401	12596694	242	5	97.98	CG
12	12596401	12596694	396	100	79.84	CHG
12	12596401	12596694	130	2368	5.20	CHH
12	12742760	12743615	1676	53	96.93	CG
12	12742760	12743615	1079	263	80.40	CHG
12	12742760	12743615	496	6007	7.63	CHH
12	13187459	13188652	965	1984	32.72	CG
12	13187459	13188652	340	2120	13.82	CHG
12	13187459	13188652	996	8164	10.87	CHH
12	14284341	14284547	17	462	3.55	CG
12	14284341	14284547	9	127	6.62	CHG
12	14284341	14284547	55	2009	2.66	CHH
12	14803452	14803625	136	3	97.84	CG
12	14803452	14803625	316	33	90.54	CHG
12	14803452	14803625	95	2016	4.50	CHH
12	15067951	15069074	2270	44	98.10	CG
12	15067951	15069074	1874	366	83.66	CHG
12	15067951	15069074	681	9529	6.67	CHH
12	15348530	15353993	9488	212	97.81	CG
12	15348530	15353993	9990	1875	84.20	CHG
12	15348530	15353993	3429	49996	6.42	CHH
12	16142723	16142824	358	3	99.17	CG
12	16142723	16142824	280	28	90.91	CHG
12	16142723	16142824	62	802	7.18	CHH
12	16276461	16276731	462	4	99.14	CG
12	16276461	16276731	242	161	60.05	CHG
12	16276461	16276731	40	1672	2.34	CHH
12	16529727	16530963	3530	169	95.43	CG
12	16529727	16530963	1605	828	65.97	CHG
12	16529727	16530963	571	11310	4.81	CHH
12	17830991	17831311	53	52	50.48	CG
12	17830991	17831311	12	732	1.61	CHG
12	17830991	17831311	56	2317	2.36	CHH
12	18708202	18708465	221	4	98.22	CG
12	18708202	18708465	80	510	13.56	CHG
12	18708202	18708465	62	2788	2.18	CHH
12	18864903	18867127	4542	605	88.25	CG
12	18864903	18867127	2572	1248	67.33	CHG
12	18864903	18867127	4455	12943	25.61	CHH
12	19240695	19241251	279	19	93.62	CG
12	19240695	19241251	247	248	49.90	CHG
12	19240695	19241251	259	6576	3.79	CHH
12	20271167	20271395	229	3	98.71	CG
12	20271167	20271395	272	63	81.19	CHG
12	20271167	20271395	96	1857	4.92	CHH
12	21012743	21013159	285	305	48.31	CG
12	21012743	21013159	82	1039	7.31	CHG
12	21012743	21013159	157	2972	5.02	CHH
12	21325595	21326775	949	307	75.56	CG
12	21325595	21326775	92	3978	2.26	CHG
12	21325595	21326775	267	12082	2.16	CHH
12	21498142	21500190	2082	205	91.04	CG
12	21498142	21500190	105	5270	1.95	CHG
12	21498142	21500190	500	20695	2.36	CHH
12	21799965	21804009	1638	5505	22.93	CG
12	21799965	21804009	348	9460	3.55	CHG
12	21799965	21804009	1198	35489	3.27	CHH
12	22237684	22237932	8	897	0.88	CG
12	22237684	22237932	11	731	1.48	CHG
12	22237684	22237932	14	1507	0.92	CHH
12	22424783	22424873	59	9	86.76	CG
12	22424783	22424873	13	417	3.02	CHG
12	22424783	22424873	27	757	3.44	CHH
12	22599880	22601854	1429	4295	24.97	CG
12	22599880	22601854	261	5129	4.84	CHG
12	22599880	22601854	920	18885	4.65	CHH
12	22827958	22829855	1852	154	92.32	CG
12	22827958	22829855	2450	572	81.07	CHG
12	22827958	22829855	1951	13672	12.49	CHH
12	22914184	22914456	326	15	95.60	CG
12	22914184	22914456	425	78	84.49	CHG
12	22914184	22914456	130	1782	6.80	CHH
12	23044811	23045065	3	195	1.52	CG
12	23044811	23045065	6	767	0.78	CHG
12	23044811	23045065	33	2343	1.39	CHH
12	24286289	24286454	204	18	91.89	CG
12	24286289	24286454	41	114	26.45	CHG
12	24286289	24286454	49	2323	2.07	CHH
12	24305556	24308650	3675	189	95.11	CG
12	24305556	24308650	927	7085	11.57	CHG
12	24305556	24308650	808	29339	2.68	CHH
12	24482972	24483119	5	186	2.62	CG
12	24482972	24483119	94	321	22.65	CHG
12	24482972	24483119	272	1070	20.27	CHH
12	25415184	25415420	519	62	89.33	CG
12	25415184	25415420	95	192	33.10	CHG
12	25415184	25415420	324	1842	14.96	CHH
12	26429400	26431294	95	5695	1.64	CG
12	26429400	26431294	146	4550	3.11	CHG
12	26429400	26431294	269	14266	1.85	CHH
12	26619179	26619379	74	0	100.00	CG
12	26619179	26619379	4	397	1.00	CHG
12	26619179	26619379	25	1978	1.25	CHH
12	26739873	26743547	6382	166	97.46	CG
12	26739873	26743547	6320	1155	84.55	CHG
12	26739873	26743547	2693	31077	7.97	CHH
12	26756376	26756465	210	6	97.22	CG
12	26756376	26756465	66	50	56.90	CHG
12	26756376	26756465	40	788	4.83	CHH
