1	104478	104599	26	1	96.30	CG
1	104478	104599	27	4	87.10	CHG
1	104478	104599	105	328	24.25	CHH
1	521199	522723	1707	1817	48.44	CG
1	521199	522723	200	3139	5.99	CHG
1	521199	522723	490	15087	3.15	CHH
1	718927	719135	2	333	0.60	CG
1	718927	719135	14	478	2.85	CHG
1	718927	719135	80	1813	4.23	CHH
1	1687637	1688991	17	2139	0.79	CG
1	1687637	1688991	98	2569	3.67	CHG
1	1687637	1688991	347	11454	2.94	CHH
1	1781116	1781366	33	1299	2.48	CG
1	1781116	1781366	22	465	4.52	CHG
1	1781116	1781366	43	1163	3.57	CHH
1	2137510	2140455	971	7178	11.92	CG
1	2137510	2140455	1023	6322	13.93	CHG
1	2137510	2140455	2001	23632	7.81	CHH
1	2172488	2172625	2	253	0.78	CG
1	2172488	2172625	51	1879	2.64	CHH
1	2198640	2199644	2982	94	96.94	CG
1	2198640	2199644	1327	468	73.93	CHG
1	2198640	2199644	449	2448	15.50	CHH
1	2541454	2541598	164	193	45.94	CG
1	2541454	2541598	38	128	22.89	CHG
1	2541454	2541598	133	1116	10.65	CHH
1	2579778	2580676	2022	218	90.27	CG
1	2579778	2580676	110	2563	4.12	CHG
1	2579778	2580676	313	8577	3.52	CHH
1	3016827	3017062	42	1505	2.71	CG
1	3016827	3017062	36	743	4.62	CHG
1	3016827	3017062	90	2099	4.11	CHH
1	4122738	4127182	2299	6327	26.65	CG
1	4122738	4127182	580	10396	5.28	CHG
1	4122738	4127182	3648	35231	9.38	CHH
1	4510347	4510477	90	1	98.90	CG
1	4510347	4510477	25	99	20.16	CHG
1	4510347	4510477	296	1155	20.40	CHH
1	4702022	4702256	173	389	30.78	CG
1	4702022	4702256	27	265	9.25	CHG
1	4702022	4702256	191	1232	13.42	CHH
1	5814441	5815039	2	530	0.38	CG
1	5814441	5815039	19	1216	1.54	CHG
1	5814441	5815039	163	6002	2.64	CHH
1	6934697	6934863	636	8	98.76	CG
1	6934697	6934863	270	46	85.44	CHG
1	6934697	6934863	235	1037	18.47	CHH
1	7198017	7199243	1825	16	99.13	CG
1	7198017	7199243	157	2879	5.17	CHG
1	7198017	7199243	341	11916	2.78	CHH
1	7302410	7302594	6	644	0.92	CG
1	7302410	7302594	7	280	2.44	CHG
1	7302410	7302594	41	1400	2.85	CHH
1	7518469	7519081	23	1025	2.19	CG
1	7518469	7519081	42	1210	3.35	CHG
1	7518469	7519081	129	5058	2.49	CHH
1	7690448	7691550	117	3119	3.62	CG
1	7690448	7691550	176	2515	6.54	CHG
1	7690448	7691550	459	9845	4.45	CHH
1	8124136	8124703	2099	42	98.04	CG
1	8124136	8124703	927	352	72.48	CHG
1	8124136	8124703	493	4648	9.59	CHH
1	8426975	8427236	199	82	70.82	CG
1	8426975	8427236	21	896	2.29	CHG
1	8426975	8427236	64	2367	2.63	CHH
1	8831214	8831605	701	20	97.23	CG
1	8831214	8831605	487	148	76.69	CHG
1	8831214	8831605	242	3624	6.26	CHH
1	8866192	8866541	945	31	96.82	CG
1	8866192	8866541	449	119	79.05	CHG
1	8866192	8866541	335	1693	16.52	CHH
1	9124022	9124118	135	3	97.83	CG
1	9124022	9124118	367	52	87.59	CHG
1	9124022	9124118	218	427	33.80	CHH
1	9260960	9261224	164	1	99.39	CG
1	9260960	9261224	8	516	1.53	CHG
1	9260960	9261224	93	2698	3.33	CHH
1	9681083	9681232	151	95	61.38	CG
1	9681083	9681232	176	533	24.82	CHH
1	9734291	9734532	5	400	1.23	CG
1	9734291	9734532	6	109	5.22	CHG
1	9734291	9734532	127	2024	5.90	CHH
1	10263106	10263294	7	567	1.22	CG
1	10263106	10263294	3	316	0.94	CHG
1	10263106	10263294	25	1092	2.24	CHH
1	10401973	10403052	231	2690	7.91	CG
1	10401973	10403052	182	1723	9.55	CHG
1	10401973	10403052	590	9091	6.09	CHH
1	10417094	10417664	945	17	98.23	CG
1	10417094	10417664	1408	188	88.22	CHG
1	10417094	10417664	296	4914	5.68	CHH
1	10590568	10590704	2	256	0.78	CG
1	10590568	10590704	7	222	3.06	CHG
1	10590568	10590704	157	601	20.71	CHH
1	10793800	10794970	1349	92	93.62	CG
1	10793800	10794970	347	343	50.29	CHG
1	10793800	10794970	298	2177	12.04	CHH
1	11027002	11027352	288	8	97.30	CG
1	11027002	11027352	25	624	3.85	CHG
1	11027002	11027352	149	3122	4.56	CHH
1	11745247	11745281	9	234	3.70	CG
1	11745247	11745281	0	114	0.00	CHG
1	11745247	11745281	8	197	3.90	CHH
1	11861007	11861467	1096	30	97.34	CG
1	11861007	11861467	466	358	56.55	CHG
1	11861007	11861467	408	3544	10.32	CHH
1	11988203	11988342	6	766	0.78	CG
1	11988203	11988342	10	462	2.12	CHG
1	11988203	11988342	24	713	3.26	CHH
1	12157565	12159139	364	9576	3.66	CG
1	12157565	12159139	252	4951	4.84	CHG
1	12157565	12159139	314	10250	2.97	CHH
1	12279664	12280353	93	2229	4.01	CG
1	12279664	12280353	65	1286	4.81	CHG
1	12279664	12280353	128	4601	2.71	CHH
1	12444629	12444759	287	9	96.96	CG
1	12444629	12444759	236	16	93.65	CHG
1	12444629	12444759	46	1257	3.53	CHH
1	12851686	12853647	411	844	32.75	CG
1	12851686	12853647	292	4877	5.65	CHG
1	12851686	12853647	1166	19256	5.71	CHH
1	12977793	12977914	136	4	97.14	CG
1	12977793	12977914	64	935	6.41	CHH
1	14112270	14112409	48	494	8.86	CHH
1	14747584	14748346	9	989	0.90	CG
1	14747584	14748346	73	2200	3.21	CHG
1	14747584	14748346	208	7305	2.77	CHH
1	15010958	15011724	4	0	100.00	CG
1	15010958	15011724	2	92	2.13	CHG
1	15010958	15011724	5	278	1.77	CHH
1	15208882	15210074	1245	101	92.50	CG
1	15208882	15210074	441	404	52.19	CHG
1	15208882	15210074	658	8557	7.14	CHH
1	15318812	15319293	1988	32	98.42	CG
1	15318812	15319293	1374	234	85.45	CHG
1	15318812	15319293	322	3657	8.09	CHH
1	15355785	15357554	1362	1837	42.58	CG
1	15355785	15357554	858	2919	22.72	CHG
1	15355785	15357554	1628	13228	10.96	CHH
1	16453284	16453501	0	86	0.00	CG
1	16453284	16453501	21	189	10.00	CHG
1	16453284	16453501	176	1592	9.95	CHH
1	16722902	16723067	394	25	94.03	CG
1	16722902	16723067	44	122	26.51	CHG
1	16722902	16723067	63	1638	3.70	CHH
1	17385639	17385733	4	232	1.69	CHG
1	17385639	17385733	59	834	6.61	CHH
1	17522237	17522624	1372	31	97.79	CG
1	17522237	17522624	1087	187	85.32	CHG
1	17522237	17522624	255	2791	8.37	CHH
1	17762690	17767322	1904	5968	24.19	CG
1	17762690	17767322	1831	6245	22.67	CHG
1	17762690	17767322	7430	32978	18.39	CHH
1	17768299	17768525	4	309	1.28	CG
1	17768299	17768525	15	246	5.75	CHG
1	17768299	17768525	78	1292	5.69	CHH
1	17915233	17918918	3678	2423	60.29	CG
1	17915233	17918918	2040	2650	43.50	CHG
1	17915233	17918918	4754	21446	18.15	CHH
1	18479814	18481021	832	882	48.54	CG
1	18479814	18481021	136	1202	10.16	CHG
1	18479814	18481021	464	9444	4.68	CHH
1	18515221	18516018	767	19	97.58	CG
1	18515221	18516018	497	76	86.74	CHG
1	18515221	18516018	243	1778	12.02	CHH
1	18605306	18605413	80	1	98.77	CG
1	18605306	18605413	6	235	2.49	CHG
1	18605306	18605413	65	1278	4.84	CHH
1	18679398	18679609	226	4	98.26	CG
1	18679398	18679609	353	22	94.13	CHG
1	18679398	18679609	242	1833	11.66	CHH
1	18781271	18781897	29	883	3.18	CG
1	18781271	18781897	56	1219	4.39	CHG
1	18781271	18781897	214	4243	4.80	CHH
1	19418149	19418371	397	6	98.51	CG
1	19418149	19418371	300	96	75.76	CHG
1	19418149	19418371	124	2088	5.61	CHH
1	19588801	19588982	338	10	97.13	CG
1	19588801	19588982	135	38	78.03	CHG
1	19588801	19588982	75	989	7.05	CHH
1	19807993	19809436	3111	75	97.65	CG
1	19807993	19809436	949	304	75.74	CHG
1	19807993	19809436	712	7709	8.46	CHH
1	20220915	20221138	1071	13	98.80	CG
1	20220915	20221138	341	125	73.18	CHG
1	20220915	20221138	107	1971	5.15	CHH
1	20351135	20352592	1152	523	68.78	CG
1	20351135	20352592	112	3685	2.95	CHG
1	20351135	20352592	430	11869	3.50	CHH
1	20353735	20353818	74	1	98.67	CG
1	20353735	20353818	16	276	5.48	CHG
1	20353735	20353818	47	667	6.58	CHH
1	20699332	20703291	4556	4756	48.93	CG
1	20699332	20703291	2205	7708	22.24	CHG
1	20699332	20703291	3328	32482	9.29	CHH
1	20759940	20760412	1203	17	98.61	CG
1	20759940	20760412	1278	126	91.03	CHG
1	20759940	20760412	801	4200	16.02	CHH
1	22217602	22218470	853	1194	41.67	CG
1	22217602	22218470	379	1494	20.23	CHG
1	22217602	22218470	1087	6597	14.15	CHH
1	22349537	22349928	96	1223	7.28	CG
1	22349537	22349928	35	917	3.68	CHG
1	22349537	22349928	106	2386	4.25	CHH
1	22963853	22963900	7	104	6.31	CHG
1	22963853	22963900	11	263	4.01	CHH
1	23088705	23088935	6	503	1.18	CG
1	23088705	23088935	9	355	2.47	CHG
1	23088705	23088935	44	1873	2.30	CHH
1	23190581	23192012	727	69	91.33	CG
1	23190581	23192012	155	2446	5.96	CHG
1	23190581	23192012	580	12594	4.40	CHH
1	23334619	23337433	2569	2255	53.25	CG
1	23334619	23337433	548	6427	7.86	CHG
1	23334619	23337433	1455	24290	5.65	CHH
1	23865834	23867004	2041	837	70.92	CG
1	23865834	23867004	1118	1490	42.87	CHG
1	23865834	23867004	1849	6865	21.22	CHH
1	24056015	24058047	337	4450	7.04	CG
1	24056015	24058047	429	3533	10.83	CHG
1	24056015	24058047	813	16344	4.74	CHH
1	24127473	24127717	245	94	72.27	CG
1	24127473	24127717	15	442	3.28	CHG
1	24127473	24127717	66	2253	2.85	CHH
1	24218590	24218768	66	290	18.54	CG
1	24218590	24218768	31	247	11.15	CHG
1	24218590	24218768	62	1586	3.76	CHH
1	24367289	24368699	945	2757	25.53	CG
1	24367289	24368699	399	3649	9.86	CHG
1	24367289	24368699	1258	11582	9.80	CHH
1	24540618	24541036	442	7	98.44	CG
1	24540618	24541036	36	813	4.24	CHG
1	24540618	24541036	152	3662	3.99	CHH
1	25075086	25078372	218	9970	2.14	CG
1	25075086	25078372	320	8426	3.66	CHG
1	25075086	25078372	914	24561	3.59	CHH
1	26189136	26189851	244	671	26.67	CG
1	26189136	26189851	102	2642	3.72	CHG
1	26189136	26189851	241	6024	3.85	CHH
1	27455091	27455579	2568	92	96.54	CG
1	27455091	27455579	1995	403	83.19	CHG
1	27455091	27455579	711	6009	10.58	CHH
1	27505658	27505866	3	127	2.31	CG
1	27505658	27505866	18	563	3.10	CHG
1	27505658	27505866	97	1870	4.93	CHH
1	27576543	27577893	2784	54	98.10	CG
1	27576543	27577893	1583	240	86.83	CHG
1	27576543	27577893	1931	12364	13.51	CHH
1	28118813	28118935	15	150	9.09	CG
1	28118813	28118935	5	480	1.03	CHG
1	28118813	28118935	32	1631	1.92	CHH
1	29188109	29189334	62	3849	1.59	CG
1	29188109	29189334	109	2331	4.47	CHG
1	29188109	29189334	807	8917	8.30	CHH
1	29223726	29224697	393	3627	9.78	CG
1	29223726	29224697	65	1770	3.54	CHG
1	29223726	29224697	1476	6456	18.61	CHH
1	29881105	29881917	1021	189	84.38	CG
1	29881105	29881917	838	292	74.16	CHG
1	29881105	29881917	244	4114	5.60	CHH
1	29892038	29892362	1	67	1.47	CG
1	29892038	29892362	4	305	1.29	CHG
1	29892038	29892362	136	2733	4.74	CHH
1	30396534	30396644	15	457	3.18	CG
1	30396534	30396644	26	603	4.13	CHG
1	30396534	30396644	41	912	4.30	CHH
1	30947617	30952229	6160	1845	76.95	CG
1	30947617	30952229	2803	8835	24.08	CHG
1	30947617	30952229	2710	44769	5.71	CHH
1	30988314	30988439	59	10	85.51	CG
1	30988314	30988439	206	146	58.52	CHG
1	30988314	30988439	73	684	9.64	CHH
1	31131639	31132785	706	2528	21.83	CG
1	31131639	31132785	132	3528	3.61	CHG
1	31131639	31132785	296	10120	2.84	CHH
1	32136432	32136605	87	156	35.80	CG
1	32136432	32136605	15	742	1.98	CHG
1	32136432	32136605	112	1781	5.92	CHH
1	33466485	33466748	740	7	99.06	CG
1	33466485	33466748	351	82	81.06	CHG
1	33466485	33466748	409	1691	19.48	CHH
1	34289798	34291348	1626	1059	60.56	CG
1	34289798	34291348	925	2271	28.94	CHG
1	34289798	34291348	1999	11201	15.14	CHH
1	34550341	34550600	1	347	0.29	CG
1	34550341	34550600	13	569	2.23	CHG
1	34550341	34550600	59	2429	2.37	CHH
1	34749495	34752244	3034	367	89.21	CG
1	34749495	34752244	2905	1143	71.76	CHG
1	34749495	34752244	3129	13250	19.10	CHH
1	34928206	34928387	176	2	98.88	CG
1	34928206	34928387	654	43	93.83	CHG
1	34928206	34928387	126	1331	8.65	CHH
1	34990120	34992796	4951	1473	77.07	CG
1	34990120	34992796	2521	1785	58.55	CHG
1	34990120	34992796	4409	17358	20.26	CHH
1	35760612	35760952	288	171	62.75	CG
1	35760612	35760952	20	579	3.34	CHG
1	35760612	35760952	115	3398	3.27	CHH
1	35959231	35959351	4	161	2.42	CG
1	35959231	35959351	6	245	2.39	CHG
1	35959231	35959351	68	1637	3.99	CHH
1	36112505	36112684	319	125	71.85	CG
1	36112505	36112684	93	158	37.05	CHG
1	36112505	36112684	155	994	13.49	CHH
1	36163384	36164022	209	1144	15.45	CG
1	36163384	36164022	203	1133	15.19	CHG
1	36163384	36164022	561	5541	9.19	CHH
1	36208524	36209666	1370	46	96.75	CG
1	36208524	36209666	1902	327	85.33	CHG
1	36208524	36209666	678	10943	5.83	CHH
1	36479686	36479935	75	981	7.10	CG
1	36479686	36479935	6	414	1.43	CHG
1	36479686	36479935	72	2140	3.25	CHH
1	36890844	36891048	194	49	79.84	CG
1	36890844	36891048	220	92	70.51	CHG
1	36890844	36891048	538	1293	29.38	CHH
1	37118562	37118725	0	127	0.00	CG
1	37118562	37118725	15	336	4.27	CHG
1	37118562	37118725	36	1649	2.14	CHH
1	37253827	37256063	3379	148	95.80	CG
1	37253827	37256063	2626	493	84.19	CHG
1	37253827	37256063	2017	10377	16.27	CHH
1	37757198	37758019	660	1927	25.51	CG
1	37757198	37758019	363	990	26.83	CHG
1	37757198	37758019	1303	5328	19.65	CHH
1	39603253	39603550	217	9	96.02	CG
1	39603253	39603550	18	898	1.97	CHG
1	39603253	39603550	105	2500	4.03	CHH
1	40609311	40609427	65	11	85.53	CG
1	40609311	40609427	22	473	4.44	CHG
1	40609311	40609427	66	1503	4.21	CHH
1	40785754	40786192	70	107	39.55	CG
1	40785754	40786192	29	1538	1.85	CHG
1	40785754	40786192	95	4503	2.07	CHH
1	41209454	41212661	2647	5847	31.16	CG
1	41209454	41212661	1225	4509	21.36	CHG
1	41209454	41212661	3836	19878	16.18	CHH
1	42990884	42991140	121	0	100.00	CG
1	42990884	42991140	105	9	92.11	CHG
1	42990884	42991140	72	389	15.62	CHH
2	38468	38578	56	1	98.25	CG
2	38468	38578	18	178	9.18	CHG
2	38468	38578	14	935	1.48	CHH
2	578331	578545	56	1	98.25	CG
2	578331	578545	21	651	3.12	CHG
2	578331	578545	52	1819	2.78	CHH
2	1736612	1736996	559	47	92.24	CG
2	1736612	1736996	40	1215	3.19	CHG
2	1736612	1736996	142	3298	4.13	CHH
2	2004107	2004464	0	205	0.00	CG
2	2004107	2004464	39	1027	3.66	CHG
2	2004107	2004464	121	3306	3.53	CHH
2	2225031	2228646	5940	608	90.71	CG
2	2225031	2228646	4339	2337	64.99	CHG
2	2225031	2228646	6068	25485	19.23	CHH
2	2448881	2450073	297	204	59.28	CG
2	2448881	2450073	579	2499	18.81	CHG
2	2448881	2450073	1703	9583	15.09	CHH
2	2455636	2457226	4169	101	97.63	CG
2	2455636	2457226	2940	638	82.17	CHG
2	2455636	2457226	723	6418	10.12	CHH
2	2916264	2916496	155	3	98.10	CG
2	2916264	2916496	6	576	1.03	CHG
2	2916264	2916496	59	2640	2.19	CHH
2	3153141	3153726	1179	41	96.64	CG
2	3153141	3153726	1294	235	84.63	CHG
2	3153141	3153726	652	5929	9.91	CHH
2	3584767	3584907	279	26	91.48	CG
2	3584767	3584907	181	89	67.04	CHG
2	3584767	3584907	669	681	49.56	CHH
2	3668130	3671654	8502	3024	73.76	CG
2	3668130	3671654	4393	4626	48.71	CHG
2	3668130	3671654	3904	24780	13.61	CHH
2	4394475	4394720	3	149	1.97	CG
2	4394475	4394720	20	490	3.92	CHG
2	4394475	4394720	109	2655	3.94	CHH
2	4735326	4735671	16	914	1.72	CG
2	4735326	4735671	47	930	4.81	CHG
2	4735326	4735671	129	2789	4.42	CHH
2	4930376	4930562	398	14	96.60	CG
2	4930376	4930562	22	67	24.72	CHG
2	4930376	4930562	59	1427	3.97	CHH
2	6097195	6097472	7	401	1.72	CG
2	6097195	6097472	60	868	6.47	CHG
2	6097195	6097472	104	1943	5.08	CHH
2	6194639	6194966	10	274	3.52	CG
2	6194639	6194966	12	450	2.60	CHG
2	6194639	6194966	143	2677	5.07	CHH
2	6477169	6477370	205	75	73.21	CG
2	6477169	6477370	18	476	3.64	CHG
2	6477169	6477370	113	2130	5.04	CHH
2	6479819	6479943	13	466	2.71	CHG
2	6479819	6479943	35	1197	2.84	CHH
2	7634883	7634997	15	670	2.19	CG
2	7634883	7634997	15	322	4.45	CHG
2	7634883	7634997	30	741	3.89	CHH
2	9263789	9264764	730	13	98.25	CG
2	9263789	9264764	398	139	74.12	CHG
2	9263789	9264764	151	1628	8.49	CHH
2	10881944	10882136	6	275	2.14	CG
2	10881944	10882136	15	312	4.59	CHG
2	10881944	10882136	53	1719	2.99	CHH
2	11520851	11521291	347	251	58.03	CG
2	11520851	11521291	81	188	30.11	CHG
2	11520851	11521291	594	2836	17.32	CHH
2	11599189	11600489	741	1392	34.74	CG
2	11599189	11600489	356	1680	17.49	CHG
2	11599189	11600489	1040	8994	10.36	CHH
2	11939679	11939936	83	2	97.65	CG
2	11939679	11939936	12	448	2.61	CHG
2	11939679	11939936	37	2673	1.37	CHH
2	12352060	12352584	1352	28	97.97	CG
2	12352060	12352584	1147	248	82.22	CHG
2	12352060	12352584	359	3862	8.51	CHH
2	12492889	12493008	4	591	0.67	CG
2	12492889	12493008	1	313	0.32	CHG
2	12492889	12493008	9	491	1.80	CHH
2	12583382	12585233	1735	411	80.85	CG
2	12583382	12585233	493	4072	10.80	CHG
2	12583382	12585233	777	16647	4.46	CHH
2	13724770	13725043	41	4	91.11	CG
2	13724770	13725043	9	3	75.00	CHG
2	13724770	13725043	12	147	7.55	CHH
2	14258242	14258497	372	5	98.67	CG
2	14258242	14258497	280	61	82.11	CHG
2	14258242	14258497	114	1594	6.67	CHH
2	14381584	14382260	1171	16	98.65	CG
2	14381584	14382260	769	366	67.75	CHG
2	14381584	14382260	548	6599	7.67	CHH
2	14883666	14884152	1013	4	99.61	CG
2	14883666	14884152	971	141	87.32	CHG
2	14883666	14884152	334	3239	9.35	CHH
2	15077160	15080035	7254	138	98.13	CG
2	15077160	15080035	4993	1104	81.89	CHG
2	15077160	15080035	2190	22501	8.87	CHH
2	15300768	15301020	392	4	98.99	CG
2	15300768	15301020	731	167	81.40	CHG
2	15300768	15301020	175	2680	6.13	CHH
2	16462100	16462683	1197	275	81.32	CG
2	16462100	16462683	603	1141	34.58	CHG
2	16462100	16462683	511	5531	8.46	CHH
2	16469340	16469527	717	14	98.08	CG
2	16469340	16469527	376	206	64.60	CHG
2	16469340	16469527	56	1280	4.19	CHH
2	16575455	16575576	111	254	30.41	CG
2	16575455	16575576	26	78	25.00	CHG
2	16575455	16575576	232	880	20.86	CHH
2	16909276	16909402	54	2	96.43	CG
2	16909276	16909402	3	23	11.54	CHG
2	16909276	16909402	227	462	32.95	CHH
2	17470250	17470459	267	1	99.63	CG
2	17470250	17470459	257	37	87.41	CHG
2	17470250	17470459	132	2091	5.94	CHH
2	17693456	17694041	781	465	62.68	CG
2	17693456	17694041	275	770	26.32	CHG
2	17693456	17694041	277	3975	6.51	CHH
2	17846367	17846587	101	848	10.64	CG
2	17846367	17846587	15	399	3.62	CHG
2	17846367	17846587	29	1266	2.24	CHH
2	18156897	18157229	1676	23	98.65	CG
2	18156897	18157229	813	149	84.51	CHG
2	18156897	18157229	219	2260	8.83	CHH
2	19262811	19262974	187	5	97.40	CG
2	19262811	19262974	19	96	16.52	CHG
2	19262811	19262974	44	1560	2.74	CHH
2	19369504	19369623	594	5	99.17	CG
2	19369504	19369623	328	49	87.00	CHG
2	19369504	19369623	95	597	13.73	CHH
2	19649757	19649896	4	727	0.55	CG
2	19649757	19649896	10	354	2.75	CHG
2	19649757	19649896	29	653	4.25	CHH
2	20077988	20078291	635	24	96.36	CG
2	20077988	20078291	252	139	64.45	CHG
2	20077988	20078291	400	1813	18.08	CHH
2	22210158	22210334	125	557	18.33	CG
2	22210158	22210334	20	250	7.41	CHG
2	22210158	22210334	96	1721	5.28	CHH
2	22275294	22275439	0	54	0.00	CG
2	22275294	22275439	3	284	1.05	CHG
2	22275294	22275439	32	1292	2.42	CHH
2	22587752	22588156	633	12	98.14	CG
2	22587752	22588156	401	206	66.06	CHG
2	22587752	22588156	437	2834	13.36	CHH
2	22836225	22836730	26	1357	1.88	CG
2	22836225	22836730	55	1368	3.87	CHG
2	22836225	22836730	156	5127	2.95	CHH
2	22982677	22982914	2	74	2.63	CG
2	22982677	22982914	16	768	2.04	CHG
2	22982677	22982914	83	3204	2.53	CHH
2	23033077	23033411	186	585	24.12	CG
2	23033077	23033411	247	1237	16.64	CHG
2	23033077	23033411	590	3427	14.69	CHH
2	23394395	23395510	2230	179	92.57	CG
2	23394395	23395510	864	2302	27.29	CHG
2	23394395	23395510	504	13825	3.52	CHH
2	23471507	23472492	455	7	98.48	CG
2	23471507	23472492	461	101	82.03	CHG
2	23471507	23472492	315	2444	11.42	CHH
2	24044095	24044460	1108	58	95.03	CG
2	24044095	24044460	541	141	79.33	CHG
2	24044095	24044460	309	1896	14.01	CHH
2	24717341	24717558	4	372	1.06	CG
2	24717341	24717558	20	789	2.47	CHG
2	24717341	24717558	130	2787	4.46	CHH
2	25574998	25576239	1577	30	98.13	CG
2	25574998	25576239	1809	496	78.48	CHG
2	25574998	25576239	1556	9559	14.00	CHH
2	25830725	25831459	21	1893	1.10	CG
2	25830725	25831459	45	1624	2.70	CHG
2	25830725	25831459	135	5237	2.51	CHH
2	25835047	25835296	16	589	2.64	CG
2	25835047	25835296	23	424	5.15	CHG
2	25835047	25835296	34	1307	2.54	CHH
2	26548831	26549237	850	21	97.59	CG
2	26548831	26549237	132	76	63.46	CHG
2	26548831	26549237	927	1723	34.98	CHH
2	26659388	26659535	59	0	100.00	CG
2	26659388	26659535	121	785	13.36	CHH
2	26689413	26692203	1023	10265	9.06	CG
2	26689413	26692203	598	6924	7.95	CHG
2	26689413	26692203	2504	17999	12.21	CHH
2	28199306	28199617	774	21	97.36	CG
2	28199306	28199617	1014	133	88.40	CHG
2	28199306	28199617	294	2498	10.53	CHH
2	29852698	29852922	33	282	10.48	CG
2	29852698	29852922	10	462	2.12	CHG
2	29852698	29852922	87	1403	5.84	CHH
2	30157272	30157610	554	128	81.23	CG
2	30157272	30157610	202	382	34.59	CHG
2	30157272	30157610	662	1972	25.13	CHH
2	30823979	30824112	1	201	0.50	CG
2	30823979	30824112	10	321	3.02	CHG
2	30823979	30824112	57	1326	4.12	CHH
2	30983625	30984901	75	3437	2.14	CG
2	30983625	30984901	186	5105	3.52	CHG
2	30983625	30984901	469	10582	4.24	CHH
2	31445301	31445449	1	56	1.75	CG
2	31445301	31445449	12	300	3.85	CHG
2	31445301	31445449	59	1386	4.08	CHH
2	31855152	31855271	222	6	97.37	CG
2	31855152	31855271	72	18	80.00	CHG
2	31855152	31855271	224	1291	14.79	CHH
2	32524707	32526194	2059	1069	65.82	CG
2	32524707	32526194	553	3011	15.52	CHG
2	32524707	32526194	687	8998	7.09	CHH
2	33158169	33158313	228	6	97.44	CG
2	33158169	33158313	326	51	86.47	CHG
2	33158169	33158313	180	1533	10.51	CHH
2	33431516	33431954	216	1	99.54	CG
2	33431516	33431954	19	751	2.47	CHG
2	33431516	33431954	143	4191	3.30	CHH
2	33711999	33712328	74	3	96.10	CG
2	33711999	33712328	14	892	1.55	CHG
2	33711999	33712328	140	3403	3.95	CHH
2	33834944	33835662	177	521	25.36	CG
2	33834944	33835662	30	1300	2.26	CHG
2	33834944	33835662	211	7475	2.75	CHH
2	33936933	33937065	0	71	0.00	CG
2	33936933	33937065	8	395	1.99	CHG
2	33936933	33937065	40	1400	2.78	CHH
2	34687871	34690219	676	8241	7.58	CG
2	34687871	34690219	710	5765	10.97	CHG
2	34687871	34690219	1332	17946	6.91	CHH
2	34747509	34747747	22	1	95.65	CG
2	34747509	34747747	7	0	100.00	CHG
2	34747509	34747747	6	5	54.55	CHH
2	34772462	34772598	18	308	5.52	CHG
2	34772462	34772598	65	1359	4.56	CHH
2	35300370	35300604	75	3	96.15	CG
2	35300370	35300604	11	661	1.64	CHG
2	35300370	35300604	119	2856	4.00	CHH
2	35388799	35389069	2	334	0.60	CG
2	35388799	35389069	30	614	4.66	CHG
2	35388799	35389069	68	1840	3.56	CHH
3	480369	480630	784	32	96.08	CG
3	480369	480630	10	825	1.20	CHG
3	480369	480630	116	3128	3.58	CHH
3	615186	620505	4601	6437	41.68	CG
3	615186	620505	2253	8078	21.81	CHG
3	615186	620505	3976	34591	10.31	CHH
3	1097994	1098400	1248	18	98.58	CG
3	1097994	1098400	831	171	82.93	CHG
3	1097994	1098400	615	3550	14.77	CHH
3	2922253	2922366	0	76	0.00	CG
3	2922253	2922366	1	165	0.60	CHG
3	2922253	2922366	45	1655	2.65	CHH
3	2924923	2926581	1089	211	83.77	CG
3	2924923	2926581	232	3471	6.27	CHG
3	2924923	2926581	827	15881	4.95	CHH
3	3101473	3101729	444	722	38.08	CG
3	3101473	3101729	23	715	3.12	CHG
3	3101473	3101729	51	1642	3.01	CHH
3	3782983	3787490	1014	13187	7.14	CG
3	3782983	3787490	757	10220	6.90	CHG
3	3782983	3787490	1699	36694	4.43	CHH
3	4471611	4471796	22	906	2.37	CG
3	4471611	4471796	25	571	4.19	CHG
3	4471611	4471796	61	1394	4.19	CHH
3	4501942	4502163	268	404	39.88	CG
3	4501942	4502163	200	283	41.41	CHG
3	4501942	4502163	700	570	55.12	CHH
3	4735915	4736042	2	214	0.93	CG
3	4735915	4736042	8	204	3.77	CHG
3	4735915	4736042	25	1266	1.94	CHH
3	5786527	5786697	120	8	93.75	CG
3	5786527	5786697	8	382	2.05	CHG
3	5786527	5786697	67	1665	3.87	CHH
3	5790733	5792052	2397	97	96.11	CG
3	5790733	5792052	1640	402	80.31	CHG
3	5790733	5792052	1693	8087	17.31	CHH
3	5852144	5852325	410	10	97.62	CG
3	5852144	5852325	363	40	90.07	CHG
3	5852144	5852325	629	1456	30.17	CHH
3	5861909	5862252	445	77	85.25	CG
3	5861909	5862252	35	1299	2.62	CHG
3	5861909	5862252	130	3292	3.80	CHH
3	5863529	5863616	2	220	0.90	CG
3	5863529	5863616	13	335	3.74	CHG
3	5863529	5863616	19	925	2.01	CHH
3	6119207	6119385	70	1115	5.91	CG
3	6119207	6119385	49	935	4.98	CHG
3	6119207	6119385	70	1134	5.81	CHH
3	6727333	6727471	6	217	2.69	CG
3	6727333	6727471	6	162	3.57	CHG
3	6727333	6727471	51	1124	4.34	CHH
3	7815881	7816020	28	1302	2.11	CG
3	7815881	7816020	9	592	1.50	CHG
3	7815881	7816020	12	511	2.29	CHH
3	8124800	8125238	27	1813	1.47	CG
3	8124800	8125238	31	1085	2.78	CHG
3	8124800	8125238	109	4216	2.52	CHH
3	8292358	8296069	3283	1342	70.98	CG
3	8292358	8296069	2472	4507	35.42	CHG
3	8292358	8296069	3211	32841	8.91	CHH
3	8918282	8919468	934	3081	23.26	CG
3	8918282	8919468	349	1945	15.21	CHG
3	8918282	8919468	1151	7576	13.19	CHH
3	8932042	8933228	707	1185	37.37	CG
3	8932042	8933228	378	837	31.11	CHG
3	8932042	8933228	690	8932	7.17	CHH
3	9007060	9007495	1738	15	99.14	CG
3	9007060	9007495	843	204	80.52	CHG
3	9007060	9007495	355	1998	15.09	CHH
3	9615393	9615681	246	1053	18.94	CG
3	9615393	9615681	56	459	10.87	CHG
3	9615393	9615681	243	2489	8.89	CHH
3	9647322	9647514	39	235	14.23	CG
3	9647322	9647514	6	509	1.17	CHG
3	9647322	9647514	65	1842	3.41	CHH
3	9661238	9663204	483	2944	14.09	CG
3	9661238	9663204	284	3036	8.55	CHG
3	9661238	9663204	995	14794	6.30	CHH
3	9703524	9703645	2	170	1.16	CG
3	9703524	9703645	8	133	5.67	CHG
3	9703524	9703645	55	1198	4.39	CHH
3	9741411	9741728	380	54	87.56	CG
3	9741411	9741728	178	99	64.26	CHG
3	9741411	9741728	234	1640	12.49	CHH
3	9772110	9773385	2182	480	81.97	CG
3	9772110	9773385	1288	803	61.60	CHG
3	9772110	9773385	1765	9604	15.52	CHH
3	9970758	9972750	404	6765	5.64	CG
3	9970758	9972750	341	5257	6.09	CHG
3	9970758	9972750	632	13767	4.39	CHH
3	11318102	11319164	500	694	41.88	CG
3	11318102	11319164	232	1456	13.74	CHG
3	11318102	11319164	503	7717	6.12	CHH
3	11624874	11625180	155	3	98.10	CG
3	11624874	11625180	14	886	1.56	CHG
3	11624874	11625180	82	2749	2.90	CHH
3	11762654	11762757	15	120	11.11	CG
3	11762654	11762757	1	58	1.69	CHG
3	11762654	11762757	25	681	3.54	CHH
3	12013674	12014450	665	16	97.65	CG
3	12013674	12014450	1434	153	90.36	CHG
3	12013674	12014450	776	7083	9.87	CHH
3	13326106	13326294	5	319	1.54	CG
3	13326106	13326294	24	562	4.10	CHG
3	13326106	13326294	64	1487	4.13	CHH
3	14484188	14484405	55	1	98.21	CG
3	14484188	14484405	323	53	85.90	CHG
3	14484188	14484405	181	1317	12.08	CHH
3	14495901	14496241	104	2329	4.27	CG
3	14495901	14496241	40	1058	3.64	CHG
3	14495901	14496241	84	2549	3.19	CHH
3	14633392	14633990	832	12	98.58	CG
3	14633392	14633990	374	59	86.37	CHG
3	14633392	14633990	336	5391	5.87	CHH
3	14886695	14886945	9	213	4.05	CG
3	14886695	14886945	160	108	59.70	CHG
3	14886695	14886945	1149	810	58.65	CHH
3	15238637	15238822	186	1	99.47	CG
3	15238637	15238822	272	46	85.53	CHG
3	15238637	15238822	107	1417	7.02	CHH
3	15348429	15348696	333	13	96.24	CG
3	15348429	15348696	255	201	55.92	CHG
3	15348429	15348696	143	2303	5.85	CHH
3	15968990	15969281	14	1161	1.19	CG
3	15968990	15969281	34	980	3.35	CHG
3	15968990	15969281	62	2063	2.92	CHH
3	16545195	16545366	57	2	96.61	CG
3	16545195	16545366	37	12	75.51	CHG
3	16545195	16545366	22	364	5.70	CHH
3	16691128	16691290	188	1	99.47	CG
3	16691128	16691290	51	109	31.87	CHG
3	16691128	16691290	322	781	29.19	CHH
3	18086982	18087169	1	255	0.39	CG
3	18086982	18087169	15	356	4.04	CHG
3	18086982	18087169	50	1508	3.21	CHH
3	18671229	18673244	2032	974	67.60	CG
3	18671229	18673244	966	2049	32.04	CHG
3	18671229	18673244	2263	16346	12.16	CHH
3	19066610	19066885	702	20	97.23	CG
3	19066610	19066885	151	99	60.40	CHG
3	19066610	19066885	150	802	15.76	CHH
3	19477758	19477853	166	1	99.40	CG
3	19477758	19477853	112	105	51.61	CHG
3	19477758	19477853	49	643	7.08	CHH
3	20211561	20212451	2058	23	98.89	CG
3	20211561	20212451	1635	234	87.48	CHG
3	20211561	20212451	1066	7484	12.47	CHH
3	20300032	20301332	2061	43	97.96	CG
3	20300032	20301332	2953	336	89.78	CHG
3	20300032	20301332	967	12167	7.36	CHH
3	20506153	20506547	666	18	97.37	CG
3	20506153	20506547	478	242	66.39	CHG
3	20506153	20506547	167	2888	5.47	CHH
3	20529596	20530676	2275	3494	39.43	CG
3	20529596	20530676	421	3032	12.19	CHG
3	20529596	20530676	524	7468	6.56	CHH
3	20609274	20609784	760	12	98.45	CG
3	20609274	20609784	514	113	81.98	CHG
3	20609274	20609784	554	3941	12.32	CHH
3	21045714	21046037	529	15	97.24	CG
3	21045714	21046037	231	58	79.93	CHG
3	21045714	21046037	162	3509	4.41	CHH
3	21053301	21054404	412	278	59.71	CG
3	21053301	21054404	115	1577	6.80	CHG
3	21053301	21054404	566	10083	5.32	CHH
3	21477968	21478334	440	277	61.37	CG
3	21477968	21478334	185	385	32.46	CHG
3	21477968	21478334	501	2345	17.60	CHH
3	21805912	21806253	1580	39	97.59	CG
3	21805912	21806253	259	191	57.56	CHG
3	21805912	21806253	266	1672	13.73	CHH
3	22443304	22443897	39	2703	1.42	CG
3	22443304	22443897	87	1837	4.52	CHG
3	22443304	22443897	188	4892	3.70	CHH
3	22930322	22932315	704	3022	18.89	CG
3	22930322	22932315	115	3983	2.81	CHG
3	22930322	22932315	577	17957	3.11	CHH
3	22977964	22978503	321	281	53.32	CG
3	22977964	22978503	309	665	31.72	CHG
3	22977964	22978503	654	3120	17.33	CHH
3	23158824	23162446	1965	8650	18.51	CG
3	23158824	23162446	699	5870	10.64	CHG
3	23158824	23162446	2213	26562	7.69	CHH
3	23440227	23440314	9	123	6.82	CHG
3	23440227	23440314	13	685	1.86	CHH
3	23502337	23503127	541	100	84.40	CG
3	23502337	23503127	96	508	15.89	CHG
3	23502337	23503127	1336	5710	18.96	CHH
3	24402381	24402506	35	955	3.54	CG
3	24402381	24402506	17	288	5.57	CHG
3	24402381	24402506	27	482	5.30	CHH
3	24697252	24697403	1	134	0.74	CG
3	24697252	24697403	6	280	2.10	CHG
3	24697252	24697403	16	1163	1.36	CHH
3	25124576	25125712	1293	657	66.31	CG
3	25124576	25125712	681	693	49.56	CHG
3	25124576	25125712	3543	5725	38.23	CHH
3	25238096	25238349	194	69	73.76	CG
3	25238096	25238349	13	601	2.12	CHG
3	25238096	25238349	60	2116	2.76	CHH
3	26463242	26463534	219	654	25.09	CG
3	26463242	26463534	49	772	5.97	CHG
3	26463242	26463534	126	1848	6.38	CHH
3	28036385	28036532	10	501	1.96	CG
3	28036385	28036532	25	461	5.14	CHG
3	28036385	28036532	56	1317	4.08	CHH
3	28421210	28421588	6	677	0.88	CG
3	28421210	28421588	40	1228	3.15	CHG
3	28421210	28421588	139	3918	3.43	CHH
3	28828352	28828674	163	188	46.44	CG
3	28828352	28828674	3	108	2.70	CHG
3	28828352	28828674	787	2528	23.74	CHH
3	28883667	28884002	87	68	56.13	CG
3	28883667	28884002	45	361	11.08	CHG
3	28883667	28884002	127	2772	4.38	CHH
3	28999678	28999814	60	53	53.10	CG
3	28999678	28999814	67	52	56.30	CHG
3	28999678	28999814	195	563	25.73	CHH
3	29036320	29036527	1394	28	98.03	CG
3	29036320	29036527	196	237	45.27	CHG
3	29036320	29036527	322	734	30.49	CHH
3	29048284	29048488	1404	20	98.60	CG
3	29048284	29048488	1027	260	79.80	CHG
3	29048284	29048488	211	1107	16.01	CHH
3	29804060	29804313	6	378	1.56	CG
3	29804060	29804313	32	852	3.62	CHG
3	29804060	29804313	117	2577	4.34	CHH
3	31242980	31243426	2069	20	99.04	CG
3	31242980	31243426	1035	231	81.75	CHG
3	31242980	31243426	293	2294	11.33	CHH
3	31550060	31550292	628	185	77.24	CG
3	31550060	31550292	218	189	53.56	CHG
3	31550060	31550292	354	2073	14.59	CHH
3	32992420	32993458	759	767	49.74	CG
3	32992420	32993458	279	1027	21.36	CHG
3	32992420	32993458	707	8252	7.89	CHH
3	33907932	33908490	40	221	15.33	CG
3	33907932	33908490	53	1543	3.32	CHG
3	33907932	33908490	192	5868	3.17	CHH
3	34241449	34241654	4	268	1.47	CG
3	34241449	34241654	45	679	6.22	CHG
3	34241449	34241654	42	1510	2.71	CHH
3	34254363	34255907	722	2164	25.02	CG
3	34254363	34255907	220	3694	5.62	CHG
3	34254363	34255907	1385	11023	11.16	CHH
3	34833000	34833309	1018	11	98.93	CG
3	34833000	34833309	627	147	81.01	CHG
3	34833000	34833309	453	1622	21.83	CHH
3	35110086	35110256	80	0	100.00	CG
3	35110086	35110256	0	237	0.00	CHG
3	35110086	35110256	58	1689	3.32	CHH
3	35180241	35180554	245	22	91.76	CG
3	35180241	35180554	20	941	2.08	CHG
3	35180241	35180554	107	3489	2.98	CHH
3	35917041	35917731	1189	383	75.64	CG
3	35917041	35917731	369	621	37.27	CHG
3	35917041	35917731	789	4589	14.67	CHH
3	36048993	36049255	7	324	2.11	CG
3	36048993	36049255	28	528	5.04	CHG
3	36048993	36049255	90	1907	4.51	CHH
3	36390761	36392058	141	5037	2.72	CG
3	36390761	36392058	151	3711	3.91	CHG
3	36390761	36392058	353	10739	3.18	CHH
4	2128481	2128855	321	33	90.68	CG
4	2128481	2128855	110	269	29.02	CHG
4	2128481	2128855	540	2803	16.15	CHH
4	2540394	2540485	154	21	88.00	CG
4	2540394	2540485	106	58	64.63	CHG
4	2540394	2540485	22	545	3.88	CHH
4	3036997	3037085	366	12	96.83	CG
4	3036997	3037085	92	76	54.76	CHG
4	3036997	3037085	54	234	18.75	CHH
4	3390058	3390156	1	0	100.00	CG
4	3390058	3390156	0	1	0.00	CHH
4	4049820	4050064	495	7	98.61	CG
4	4049820	4050064	326	100	76.53	CHG
4	4049820	4050064	132	1850	6.66	CHH
4	4695559	4695777	531	9	98.33	CG
4	4695559	4695777	192	123	60.95	CHG
4	4695559	4695777	76	1034	6.85	CHH
4	5205473	5206792	3314	59	98.25	CG
4	5205473	5206792	2106	522	80.14	CHG
4	5205473	5206792	1052	10947	8.77	CHH
4	5370300	5370990	885	14	98.44	CG
4	5370300	5370990	599	101	85.57	CHG
4	5370300	5370990	106	1462	6.76	CHH
4	7250146	7253105	2022	10141	16.62	CG
4	7250146	7253105	1664	5819	22.24	CHG
4	7250146	7253105	1477	22925	6.05	CHH
4	7946934	7947116	272	3	98.91	CG
4	7946934	7947116	169	77	68.70	CHG
4	7946934	7947116	76	1121	6.35	CHH
4	7976120	7976768	10	311	3.12	CG
4	7976120	7976768	27	792	3.30	CHG
4	7976120	7976768	65	3214	1.98	CHH
4	7998972	7999131	0	79	0.00	CG
4	7998972	7999131	16	203	7.31	CHG
4	7998972	7999131	45	1365	3.19	CHH
4	9504426	9506750	3896	263	93.68	CG
4	9504426	9506750	2801	1687	62.41	CHG
4	9504426	9506750	1028	22054	4.45	CHH
4	10597218	10597775	1318	20	98.51	CG
4	10597218	10597775	1770	293	85.80	CHG
4	10597218	10597775	309	4354	6.63	CHH
4	11254426	11254603	8	164	4.65	CG
4	11254426	11254603	22	296	6.92	CHG
4	11254426	11254603	74	1385	5.07	CHH
4	11479976	11481063	118	886	11.75	CG
4	11479976	11481063	83	1675	4.72	CHG
4	11479976	11481063	362	9921	3.52	CHH
4	12511724	12511877	107	0	100.00	CG
4	12511724	12511877	293	66	81.62	CHG
4	12511724	12511877	69	1028	6.29	CHH
4	12570254	12573173	4638	103	97.83	CG
4	12570254	12573173	6149	1179	83.91	CHG
4	12570254	12573173	1833	26958	6.37	CHH
4	14336636	14336825	417	5	98.82	CG
4	14336636	14336825	372	128	74.40	CHG
4	14336636	14336825	70	1352	4.92	CHH
4	15422154	15422563	295	13	95.78	CG
4	15422154	15422563	332	102	76.50	CHG
4	15422154	15422563	706	2423	22.56	CHH
4	15927777	15928107	9	1004	0.89	CG
4	15927777	15928107	36	884	3.91	CHG
4	15927777	15928107	107	3197	3.24	CHH
4	16377949	16378038	287	11	96.31	CG
4	16377949	16378038	215	83	72.15	CHG
4	16377949	16378038	64	954	6.29	CHH
4	16429861	16430118	286	3	98.96	CG
4	16429861	16430118	466	67	87.43	CHG
4	16429861	16430118	201	1948	9.35	CHH
4	16739824	16740091	639	21	96.82	CG
4	16739824	16740091	142	118	54.62	CHG
4	16739824	16740091	86	1614	5.06	CHH
4	16870850	16871033	227	6	97.42	CG
4	16870850	16871033	2	71	2.74	CHG
4	16870850	16871033	74	1969	3.62	CHH
4	16929303	16929386	23	90	20.35	CG
4	16929303	16929386	0	29	0.00	CHG
4	16929303	16929386	14	565	2.42	CHH
4	18861290	18861421	93	2	97.89	CG
4	18861290	18861421	58	10	85.29	CHG
4	18861290	18861421	566	327	63.38	CHH
4	18879559	18879953	1987	24	98.81	CG
4	18879559	18879953	1135	423	72.85	CHG
4	18879559	18879953	388	2385	13.99	CHH
4	19594453	19594613	0	176	0.00	CG
4	19594453	19594613	6	419	1.41	CHG
4	19594453	19594613	83	830	9.09	CHH
4	21836525	21836740	1	491	0.20	CG
4	21836525	21836740	17	853	1.95	CHG
4	21836525	21836740	64	2430	2.57	CHH
4	22149701	22149888	27	1145	2.30	CG
4	22149701	22149888	22	486	4.33	CHG
4	22149701	22149888	33	1503	2.15	CHH
4	24463582	24463728	1	253	0.39	CG
4	24463582	24463728	6	193	3.02	CHG
4	24463582	24463728	27	1298	2.04	CHH
4	24879051	24879296	1	60	1.64	CG
4	24879051	24879296	13	1030	1.25	CHG
4	24879051	24879296	49	1941	2.46	CHH
4	25700367	25700823	2387	82	96.68	CG
4	25700367	25700823	972	418	69.93	CHG
4	25700367	25700823	696	3382	17.07	CHH
4	26025305	26025523	156	2	98.73	CG
4	26025305	26025523	15	640	2.29	CHG
4	26025305	26025523	63	2226	2.75	CHH
4	26125746	26125921	177	7	96.20	CG
4	26125746	26125921	153	50	75.37	CHG
4	26125746	26125921	225	1604	12.30	CHH
4	28854448	28854672	19	735	2.52	CG
4	28854448	28854672	24	332	6.74	CHG
4	28854448	28854672	80	1583	4.81	CHH
4	31600862	31601333	1177	37	96.95	CG
4	31600862	31601333	957	413	69.85	CHG
4	31600862	31601333	318	3680	7.95	CHH
4	32665225	32665685	20	2372	0.84	CG
4	32665225	32665685	46	1732	2.59	CHG
4	32665225	32665685	116	3976	2.83	CHH
4	32845260	32845468	172	8	95.56	CG
4	32845260	32845468	16	598	2.61	CHG
4	32845260	32845468	44	2001	2.15	CHH
4	32907649	32907913	796	23	97.19	CG
4	32907649	32907913	932	123	88.34	CHG
4	32907649	32907913	287	3007	8.71	CHH
4	32976630	32976775	4	186	2.11	CG
4	32976630	32976775	8	219	3.52	CHG
4	32976630	32976775	20	1225	1.61	CHH
4	33538001	33538284	223	2	99.11	CG
4	33538001	33538284	281	26	91.53	CHG
4	33538001	33538284	98	793	11.00	CHH
5	22552	22704	237	3	98.75	CG
5	22552	22704	162	6	96.43	CHG
5	22552	22704	71	823	7.94	CHH
5	167915	169390	1113	244	82.02	CG
5	167915	169390	265	544	32.76	CHG
5	167915	169390	918	10027	8.39	CHH
5	802197	802307	0	105	0.00	CG
5	802197	802307	2	160	1.23	CHG
5	802197	802307	17	1021	1.64	CHH
5	1555477	1555743	245	7	97.22	CG
5	1555477	1555743	13	752	1.70	CHG
5	1555477	1555743	90	3053	2.86	CHH
5	1623822	1624065	1375	27	98.07	CG
5	1623822	1624065	654	191	77.40	CHG
5	1623822	1624065	189	793	19.25	CHH
5	1649481	1650024	1724	79	95.62	CG
5	1649481	1650024	757	498	60.32	CHG
5	1649481	1650024	404	4364	8.47	CHH
5	2535968	2537410	376	5158	6.79	CG
5	2535968	2537410	147	4047	3.51	CHG
5	2535968	2537410	369	12811	2.80	CHH
5	3201536	3202094	112	351	24.19	CG
5	3201536	3202094	197	611	24.38	CHG
5	3201536	3202094	1074	4157	20.53	CHH
5	3642042	3642277	897	22	97.61	CG
5	3642042	3642277	161	188	46.13	CHG
5	3642042	3642277	126	1678	6.98	CHH
5	4042346	4043559	1354	19	98.62	CG
5	4042346	4043559	902	207	81.33	CHG
5	4042346	4043559	256	3504	6.81	CHH
5	5042999	5043643	101	2	98.06	CG
5	5042999	5043643	58	7	89.23	CHG
5	5042999	5043643	55	597	8.44	CHH
5	6697788	6698020	269	12	95.73	CG
5	6697788	6698020	16	466	3.32	CHG
5	6697788	6698020	50	2142	2.28	CHH
5	8888812	8888977	154	1	99.35	CG
5	8888812	8888977	432	37	92.11	CHG
5	8888812	8888977	145	1108	11.57	CHH
5	9364313	9364413	691	4	99.42	CG
5	9364313	9364413	422	116	78.44	CHG
5	9364313	9364413	107	754	12.43	CHH
5	12549332	12549415	1	1	50.00	CHH
5	12809268	12809477	845	21	97.58	CG
5	12809268	12809477	322	130	71.24	CHG
5	12809268	12809477	132	846	13.50	CHH
5	13857407	13857542	939	7	99.26	CG
5	13857407	13857542	246	82	75.00	CHG
5	13857407	13857542	123	1030	10.67	CHH
5	14246535	14246708	0	129	0.00	CG
5	14246535	14246708	1	65	1.52	CHG
5	14246535	14246708	68	2047	3.22	CHH
5	15249273	15249609	807	28	96.65	CG
5	15249273	15249609	497	155	76.23	CHG
5	15249273	15249609	229	2820	7.51	CHH
5	15263881	15264136	1620	29	98.24	CG
5	15263881	15264136	809	287	73.81	CHG
5	15263881	15264136	253	1804	12.30	CHH
5	15295856	15296058	476	21	95.77	CG
5	15295856	15296058	205	73	73.74	CHG
5	15295856	15296058	30	674	4.26	CHH
5	15380224	15380482	68	3	95.77	CG
5	15380224	15380482	89	10	89.90	CHG
5	15380224	15380482	11	218	4.80	CHH
5	16141049	16142222	2536	44	98.29	CG
5	16141049	16142222	1664	264	86.31	CHG
5	16141049	16142222	996	9294	9.68	CHH
5	16604726	16607053	3340	398	89.35	CG
5	16604726	16607053	2048	1128	64.48	CHG
5	16604726	16607053	2184	18998	10.31	CHH
5	16695358	16697204	1668	1598	51.07	CG
5	16695358	16697204	1584	1328	54.40	CHG
5	16695358	16697204	1397	11998	10.43	CHH
5	17145149	17145240	0	73	0.00	CG
5	17145149	17145240	22	787	2.72	CHH
5	17275880	17277194	1117	1101	50.36	CG
5	17275880	17277194	201	2413	7.69	CHG
5	17275880	17277194	905	10415	7.99	CHH
5	18555974	18556911	1815	317	85.13	CG
5	18555974	18556911	714	709	50.18	CHG
5	18555974	18556911	672	10097	6.24	CHH
5	18614365	18615227	2901	83	97.22	CG
5	18614365	18615227	1371	453	75.16	CHG
5	18614365	18615227	1499	6288	19.25	CHH
5	19082868	19087589	2643	4674	36.12	CG
5	19082868	19087589	589	10867	5.14	CHG
5	19082868	19087589	2206	39960	5.23	CHH
5	19475239	19475452	5	390	1.27	CG
5	19475239	19475452	13	627	2.03	CHG
5	19475239	19475452	73	1980	3.56	CHH
5	19550564	19550779	27	123	18.00	CHG
5	19550564	19550779	201	1977	9.23	CHH
5	19686229	19688559	1665	3631	31.44	CG
5	19686229	19688559	1111	2454	31.16	CHG
5	19686229	19688559	1734	17303	9.11	CHH
5	20197683	20197907	8	1094	0.73	CG
5	20197683	20197907	16	626	2.49	CHG
5	20197683	20197907	20	1127	1.74	CHH
5	20639725	20640817	1247	104	92.30	CG
5	20639725	20640817	266	2884	8.44	CHG
5	20639725	20640817	424	10578	3.85	CHH
5	21196473	21196736	182	3	98.38	CG
5	21196473	21196736	307	16	95.05	CHG
5	21196473	21196736	391	1895	17.10	CHH
5	21222554	21222810	166	105	61.25	CHG
5	21222554	21222810	102	2482	3.95	CHH
5	21231311	21231463	9	573	1.55	CG
5	21231311	21231463	18	484	3.59	CHG
5	21231311	21231463	34	954	3.44	CHH
5	21771662	21772418	1122	302	78.79	CG
5	21771662	21772418	875	598	59.40	CHG
5	21771662	21772418	628	5324	10.55	CHH
5	22632027	22632224	7	918	0.76	CG
5	22632027	22632224	10	817	1.21	CHG
5	22632027	22632224	47	1404	3.24	CHH
5	23446330	23446424	7	0	100.00	CG
5	23446330	23446424	19	20	48.72	CHH
5	23498602	23498699	135	5	96.43	CG
5	23498602	23498699	58	2	96.67	CHG
5	23498602	23498699	894	249	78.22	CHH
5	23589096	23589233	4	290	1.36	CHG
5	23589096	23589233	40	1491	2.61	CHH
5	23597717	23597952	0	133	0.00	CG
5	23597717	23597952	17	331	4.89	CHG
5	23597717	23597952	72	2040	3.41	CHH
5	23799970	23800819	97	2934	3.20	CG
5	23799970	23800819	106	2578	3.95	CHG
5	23799970	23800819	234	7060	3.21	CHH
5	24767463	24767619	31	767	3.88	CG
5	24767463	24767619	8	236	3.28	CHG
5	24767463	24767619	36	1087	3.21	CHH
5	24958493	24960927	1339	1704	44.00	CG
5	24958493	24960927	259	4454	5.50	CHG
5	24958493	24960927	826	21029	3.78	CHH
5	25117789	25118255	84	2192	3.69	CG
5	25117789	25118255	45	991	4.34	CHG
5	25117789	25118255	84	2462	3.30	CHH
5	25683760	25686062	1160	7955	12.73	CG
5	25683760	25686062	851	6034	12.36	CHG
5	25683760	25686062	1997	12174	14.09	CHH
5	25916431	25917101	1077	50	95.56	CG
5	25916431	25917101	619	329	65.30	CHG
5	25916431	25917101	1552	4748	24.63	CHH
5	26920490	26922938	62	3877	1.57	CG
5	26920490	26922938	209	7552	2.69	CHG
5	26920490	26922938	802	22743	3.41	CHH
5	27294148	27294484	24	1140	2.06	CG
5	27294148	27294484	37	808	4.38	CHG
5	27294148	27294484	124	2875	4.13	CHH
5	27692643	27692794	9	553	1.60	CG
5	27692643	27692794	9	576	1.54	CHG
5	27692643	27692794	46	1293	3.44	CHH
5	28353397	28355104	2042	277	88.06	CG
5	28353397	28355104	226	3425	6.19	CHG
5	28353397	28355104	601	15085	3.83	CHH
5	28438764	28438936	275	3	98.92	CG
5	28438764	28438936	334	32	91.26	CHG
5	28438764	28438936	145	1062	12.01	CHH
5	29278792	29278999	132	3	97.78	CG
5	29278792	29278999	110	3	97.35	CHG
5	29278792	29278999	54	508	9.61	CHH
5	29368004	29368261	197	4	98.01	CG
5	29368004	29368261	430	25	94.51	CHG
5	29368004	29368261	257	2431	9.56	CHH
5	29393677	29395023	605	27	95.73	CG
5	29393677	29395023	540	60	90.00	CHG
5	29393677	29395023	174	1471	10.58	CHH
5	29485227	29485510	414	372	52.67	CG
5	29485227	29485510	132	641	17.08	CHG
5	29485227	29485510	187	2810	6.24	CHH
6	247291	247913	30	1745	1.69	CG
6	247291	247913	56	1468	3.67	CHG
6	247291	247913	150	5104	2.85	CHH
6	368015	368245	4	481	0.82	CG
6	368015	368245	29	571	4.83	CHG
6	368015	368245	72	2187	3.19	CHH
6	521167	522087	223	1277	14.87	CG
6	521167	522087	88	1161	7.05	CHG
6	521167	522087	745	6129	10.84	CHH
6	813527	813697	136	2	98.55	CG
6	813527	813697	5	375	1.32	CHG
6	813527	813697	57	2181	2.55	CHH
6	958185	960061	3161	1380	69.61	CG
6	958185	960061	1251	1211	50.81	CHG
6	958185	960061	1524	11134	12.04	CHH
6	1267865	1268035	918	17	98.18	CG
6	1267865	1268035	491	143	77.44	CHG
6	1267865	1268035	57	1048	5.16	CHH
6	2300838	2300945	1	222	0.45	CG
6	2300838	2300945	21	380	5.24	CHG
6	2300838	2300945	48	1157	3.98	CHH
6	3639180	3639309	10	273	3.53	CG
6	3639180	3639309	2	343	0.58	CHG
6	3639180	3639309	39	1151	3.28	CHH
6	3944739	3945664	460	697	39.76	CG
6	3944739	3945664	524	884	37.22	CHG
6	3944739	3945664	952	8097	10.52	CHH
6	4300749	4300941	507	8	98.45	CG
6	4300749	4300941	210	183	53.44	CHG
6	4300749	4300941	188	2032	8.47	CHH
6	4553472	4553595	491	8	98.40	CG
6	4553472	4553595	96	72	57.14	CHG
6	4553472	4553595	102	491	17.20	CHH
6	4806070	4806315	64	1013	5.94	CG
6	4806070	4806315	32	502	5.99	CHG
6	4806070	4806315	68	1992	3.30	CHH
6	5243918	5246329	1966	2409	44.94	CG
6	5243918	5246329	314	7410	4.07	CHG
6	5243918	5246329	833	23548	3.42	CHH
6	5335954	5337126	780	1338	36.83	CG
6	5335954	5337126	507	1088	31.79	CHG
6	5335954	5337126	1885	5918	24.16	CHH
6	6556692	6557000	16	1220	1.29	CG
6	6556692	6557000	21	688	2.96	CHG
6	6556692	6557000	44	2526	1.71	CHH
6	7262284	7262394	15	275	5.17	CHG
6	7262284	7262394	21	1105	1.87	CHH
6	7296360	7297580	855	11	98.73	CG
6	7296360	7297580	589	126	82.38	CHG
6	7296360	7297580	314	2919	9.71	CHH
6	7450229	7452500	3236	489	86.87	CG
6	7450229	7452500	2411	1035	69.97	CHG
6	7450229	7452500	2769	15686	15.00	CHH
6	8010667	8010997	1107	22	98.05	CG
6	8010667	8010997	658	288	69.56	CHG
6	8010667	8010997	251	2666	8.60	CHH
6	8383109	8385458	1351	8283	14.02	CG
6	8383109	8385458	721	4126	14.88	CHG
6	8383109	8385458	1126	16715	6.31	CHH
6	8415805	8416695	1835	65	96.58	CG
6	8415805	8416695	1539	449	77.41	CHG
6	8415805	8416695	755	8239	8.39	CHH
6	8434419	8434622	498	4	99.20	CG
6	8434419	8434622	578	117	83.17	CHG
6	8434419	8434622	380	1013	27.28	CHH
6	9748876	9749062	474	225	67.81	CG
6	9748876	9749062	23	253	8.33	CHG
6	9748876	9749062	135	1606	7.75	CHH
6	9753551	9753693	104	6	94.55	CG
6	9753551	9753693	121	26	82.31	CHG
6	9753551	9753693	53	450	10.54	CHH
6	10075237	10075575	728	10	98.64	CG
6	10075237	10075575	1196	152	88.72	CHG
6	10075237	10075575	280	2757	9.22	CHH
6	10093461	10093858	690	14	98.01	CG
6	10093461	10093858	305	313	49.35	CHG
6	10093461	10093858	217	3727	5.50	CHH
6	10113029	10113177	278	3	98.93	CG
6	10113029	10113177	140	42	76.92	CHG
6	10113029	10113177	361	1004	26.45	CHH
6	10217891	10218933	1861	34	98.21	CG
6	10217891	10218933	2107	300	87.54	CHG
6	10217891	10218933	570	8198	6.50	CHH
6	11173234	11173456	70	84	45.45	CG
6	11173234	11173456	1038	917	53.09	CHH
6	11608473	11613132	8095	1403	85.23	CG
6	11608473	11613132	5758	3702	60.87	CHG
6	11608473	11613132	4808	30980	13.43	CHH
6	11851633	11851862	185	5	97.37	CG
6	11851633	11851862	460	119	79.45	CHG
6	11851633	11851862	114	1873	5.74	CHH
6	14122214	14122520	580	14	97.64	CG
6	14122214	14122520	611	124	83.13	CHG
6	14122214	14122520	674	1620	29.38	CHH
6	14227883	14228030	222	5	97.80	CG
6	14227883	14228030	110	62	63.95	CHG
6	14227883	14228030	94	905	9.41	CHH
6	14470606	14472078	2661	62	97.72	CG
6	14470606	14472078	2781	376	88.09	CHG
6	14470606	14472078	1324	9552	12.17	CHH
6	14807254	14809068	3157	818	79.42	CG
6	14807254	14809068	2698	1550	63.51	CHG
6	14807254	14809068	3316	13745	19.44	CHH
6	14821713	14821802	112	3	97.39	CG
6	14821713	14821802	244	13	94.94	CHG
6	14821713	14821802	45	595	7.03	CHH
6	14830897	14831902	1636	27	98.38	CG
6	14830897	14831902	2228	309	87.82	CHG
6	14830897	14831902	749	9506	7.30	CHH
6	14905971	14906794	2079	39	98.16	CG
6	14905971	14906794	1936	182	91.41	CHG
6	14905971	14906794	802	6124	11.58	CHH
6	15103747	15105627	2591	47	98.22	CG
6	15103747	15105627	2104	408	83.76	CHG
6	15103747	15105627	1185	17125	6.47	CHH
6	15441362	15441506	6301	245	96.26	CG
6	15441362	15441506	630	413	60.40	CHG
6	15441362	15441506	962	7830	10.94	CHH
6	15563454	15563591	123	2	98.40	CG
6	15563454	15563591	201	27	88.16	CHG
6	15563454	15563591	52	966	5.11	CHH
6	16686020	16686529	1300	20	98.48	CG
6	16686020	16686529	505	210	70.63	CHG
6	16686020	16686529	192	3953	4.63	CHH
6	17158669	17158861	308	73	80.84	CG
6	17158669	17158861	9	258	3.37	CHG
6	17158669	17158861	141	1299	9.79	CHH
6	17199198	17199462	160	22	87.91	CG
6	17199198	17199462	23	24	48.94	CHG
6	17199198	17199462	120	1311	8.39	CHH
6	17345586	17347256	5575	103	98.19	CG
6	17345586	17347256	3010	708	80.96	CHG
6	17345586	17347256	1752	14097	11.05	CHH
6	17660877	17661057	380	4	98.96	CG
6	17660877	17661057	515	77	86.99	CHG
6	17660877	17661057	88	1506	5.52	CHH
6	18643334	18643833	321	1	99.69	CG
6	18643334	18643833	119	84	58.62	CHG
6	18643334	18643833	44	172	20.37	CHH
6	18777954	18779043	1708	63	96.44	CG
6	18777954	18779043	924	295	75.80	CHG
6	18777954	18779043	677	9740	6.50	CHH
6	18810122	18813496	6209	898	87.36	CG
6	18810122	18813496	2887	3222	47.26	CHG
6	18810122	18813496	1743	26455	6.18	CHH
6	19312818	19314797	4043	1796	69.24	CG
6	19312818	19314797	1851	1920	49.09	CHG
6	19312818	19314797	2899	16019	15.32	CHH
6	20357482	20357681	481	4	99.18	CG
6	20357482	20357681	162	150	51.92	CHG
6	20357482	20357681	111	1791	5.84	CHH
6	20439044	20439654	5	926	0.54	CG
6	20439044	20439654	66	1908	3.34	CHG
6	20439044	20439654	157	5497	2.78	CHH
6	21127919	21128043	328	5	98.50	CG
6	21127919	21128043	7	19	26.92	CHG
6	21127919	21128043	117	747	13.54	CHH
6	21587628	21587841	292	13	95.74	CG
6	21587628	21587841	193	17	91.90	CHG
6	21587628	21587841	423	1511	21.87	CHH
6	22156671	22156886	10	642	1.53	CG
6	22156671	22156886	17	514	3.20	CHG
6	22156671	22156886	55	2104	2.55	CHH
6	22194216	22196915	3019	1107	73.17	CG
6	22194216	22196915	1341	3879	25.69	CHG
6	22194216	22196915	1261	24808	4.84	CHH
6	22609287	22612484	4742	3229	59.49	CG
6	22609287	22612484	2683	3594	42.74	CHG
6	22609287	22612484	6771	20106	25.19	CHH
6	22611980	22612934	682	1644	29.32	CG
6	22611980	22612934	645	1488	30.24	CHG
6	22611980	22612934	3033	5646	34.95	CHH
6	23257492	23257741	1744	60	96.67	CG
6	23257492	23257741	711	163	81.35	CHG
6	23257492	23257741	320	1450	18.08	CHH
6	23764410	23764702	60	2	96.77	CG
6	23764410	23764702	20	16	55.56	CHG
6	23764410	23764702	180	3498	4.89	CHH
6	23867262	23869017	416	6571	5.95	CG
6	23867262	23869017	748	3672	16.92	CHG
6	23867262	23869017	1796	13092	12.06	CHH
6	24469529	24469704	112	4	96.55	CG
6	24469529	24469704	428	25	94.48	CHG
6	24469529	24469704	153	1523	9.13	CHH
6	26027042	26027922	885	73	92.38	CG
6	26027042	26027922	181	730	19.87	CHG
6	26027042	26027922	324	7536	4.12	CHH
6	27428621	27432072	2159	5536	28.06	CG
6	27428621	27432072	818	8708	8.59	CHG
6	27428621	27432072	1835	28864	5.98	CHH
6	27581080	27581338	953	43	95.68	CG
6	27581080	27581338	566	140	80.17	CHG
6	27581080	27581338	581	2148	21.29	CHH
6	27924772	27924989	211	3	98.60	CG
6	27924772	27924989	21	745	2.74	CHG
6	27924772	27924989	64	1750	3.53	CHH
6	28789509	28791244	547	1201	31.29	CG
6	28789509	28791244	264	3686	6.68	CHG
6	28789509	28791244	802	14658	5.19	CHH
6	28955148	28955268	11	283	3.74	CHG
6	28955148	28955268	53	1076	4.69	CHH
6	29172271	29175087	1267	703	64.31	CG
6	29172271	29175087	176	7268	2.36	CHG
6	29172271	29175087	940	28340	3.21	CHH
6	30516258	30516520	178	383	31.73	CG
6	30516258	30516520	47	202	18.88	CHG
6	30516258	30516520	442	1557	22.11	CHH
6	31188015	31188697	211	74	74.04	CG
6	31188015	31188697	31	1723	1.77	CHG
6	31188015	31188697	176	7377	2.33	CHH
6	31222643	31224540	2339	55	97.70	CG
6	31222643	31224540	179	4161	4.12	CHG
6	31222643	31224540	898	16350	5.21	CHH
7	411438	411715	458	21	95.62	CG
7	411438	411715	302	379	44.35	CHG
7	411438	411715	207	2055	9.15	CHH
7	993029	993215	8	275	2.83	CG
7	993029	993215	30	449	6.26	CHG
7	993029	993215	91	1876	4.63	CHH
7	1846760	1848970	2248	502	81.75	CG
7	1846760	1848970	151	5498	2.67	CHG
7	1846760	1848970	783	22429	3.37	CHH
7	2224488	2225213	96	2018	4.54	CG
7	2224488	2225213	57	1465	3.75	CHG
7	2224488	2225213	147	4770	2.99	CHH
7	2447769	2451203	2883	8771	24.74	CG
7	2447769	2451203	1140	7471	13.24	CHG
7	2447769	2451203	3271	26446	11.01	CHH
7	2483423	2483554	428	88	82.95	CG
7	2483423	2483554	101	42	70.63	CHG
7	2483423	2483554	424	528	44.54	CHH
7	2618288	2618484	126	9	93.33	CG
7	2618288	2618484	2	71	2.74	CHG
7	2618288	2618484	54	1506	3.46	CHH
7	2946799	2949545	1240	5384	18.72	CG
7	2946799	2949545	200	7075	2.75	CHG
7	2946799	2949545	708	23234	2.96	CHH
7	3992526	3992733	167	14	92.27	CG
7	3992526	3992733	11	644	1.68	CHG
7	3992526	3992733	51	2041	2.44	CHH
7	4299561	4299774	223	238	48.37	CG
7	4299561	4299774	26	292	8.18	CHG
7	4299561	4299774	50	1570	3.09	CHH
7	4594741	4595750	253	1745	12.66	CG
7	4594741	4595750	73	2626	2.70	CHG
7	4594741	4595750	407	11551	3.40	CHH
7	4802020	4804153	187	3071	5.74	CG
7	4802020	4804153	262	2357	10.00	CHG
7	4802020	4804153	1119	18043	5.84	CHH
7	5473306	5473520	96	3	96.97	CG
7	5473306	5473520	99	5	95.19	CHG
7	5473306	5473520	92	1138	7.48	CHH
7	6327476	6328339	1726	33	98.12	CG
7	6327476	6328339	1245	213	85.39	CHG
7	6327476	6328339	414	4669	8.14	CHH
7	6575263	6575711	5	172	2.82	CG
7	6575263	6575711	6	67	8.22	CHG
7	6575263	6575711	131	3533	3.58	CHH
7	6605103	6605624	1986	54	97.35	CG
7	6605103	6605624	546	776	41.30	CHG
7	6605103	6605624	322	3789	7.83	CHH
7	6829453	6829599	36	264	12.00	CHG
7	6829453	6829599	61	1683	3.50	CHH
7	6919655	6920441	1844	271	87.19	CG
7	6919655	6920441	1389	1066	56.58	CHG
7	6919655	6920441	439	6397	6.42	CHH
7	7348687	7348951	63	1	98.44	CG
7	7348687	7348951	4	373	1.06	CHG
7	7348687	7348951	26	2737	0.94	CHH
7	7538627	7540224	1501	680	68.82	CG
7	7538627	7540224	525	1208	30.29	CHG
7	7538627	7540224	1181	11737	9.14	CHH
7	7676619	7677136	643	8	98.77	CG
7	7676619	7677136	688	92	88.21	CHG
7	7676619	7677136	355	4179	7.83	CHH
7	7868604	7868899	1056	16	98.51	CG
7	7868604	7868899	633	181	77.76	CHG
7	7868604	7868899	151	2199	6.43	CHH
7	7896981	7897138	39	1	97.50	CG
7	7896981	7897138	358	32	91.79	CHG
7	7896981	7897138	93	1176	7.33	CHH
7	7950410	7951127	216	3069	6.58	CG
7	7950410	7951127	124	1819	6.38	CHG
7	7950410	7951127	500	4627	9.75	CHH
7	8994834	8994985	383	22	94.57	CG
7	8994834	8994985	25	548	4.36	CHG
7	8994834	8994985	25	1359	1.81	CHH
7	9688947	9691039	1414	3878	26.72	CG
7	9688947	9691039	1585	2241	41.43	CHG
7	9688947	9691039	878	11463	7.11	CHH
7	10365529	10365796	1010	20	98.06	CG
7	10365529	10365796	198	15	92.96	CHG
7	10365529	10365796	114	1929	5.58	CHH
7	10449611	10449795	294	9	97.03	CG
7	10449611	10449795	301	39	88.53	CHG
7	10449611	10449795	153	2024	7.03	CHH
7	10549868	10550083	176	7	96.17	CG
7	10549868	10550083	186	40	82.30	CHG
7	10549868	10550083	156	1334	10.47	CHH
7	10635123	10635434	425	267	61.42	CG
7	10635123	10635434	580	179	76.42	CHG
7	10635123	10635434	1435	1605	47.20	CHH
7	10877526	10878054	3114	78	97.56	CG
7	10877526	10878054	960	330	74.42	CHG
7	10877526	10878054	479	2866	14.32	CHH
7	11466967	11467449	1337	20	98.53	CG
7	11466967	11467449	762	171	81.67	CHG
7	11466967	11467449	304	3982	7.09	CHH
7	11601703	11602144	338	5	98.54	CG
7	11601703	11602144	324	56	85.26	CHG
7	11601703	11602144	419	3832	9.86	CHH
7	11983577	11984979	880	78	91.86	CG
7	11983577	11984979	734	530	58.07	CHG
7	11983577	11984979	502	9356	5.09	CHH
7	12411232	12411465	397	1	99.75	CG
7	12411232	12411465	229	84	73.16	CHG
7	12411232	12411465	37	350	9.56	CHH
7	12792717	12792888	128	5	96.24	CG
7	12792717	12792888	165	25	86.84	CHG
7	12792717	12792888	173	1135	13.23	CHH
7	12807464	12807960	577	11	98.13	CG
7	12807464	12807960	855	388	68.79	CHG
7	12807464	12807960	459	6078	7.02	CHH
7	13460211	13460326	557	18	96.87	CG
7	13460211	13460326	64	99	39.26	CHG
7	13460211	13460326	44	385	10.26	CHH
7	15065372	15067232	2936	78	97.41	CG
7	15065372	15067232	2832	627	81.87	CHG
7	15065372	15067232	978	17317	5.35	CHH
7	15194897	15195154	1	136	0.73	CG
7	15194897	15195154	5	167	2.91	CHG
7	15194897	15195154	55	2385	2.25	CHH
7	15838174	15840597	2051	2563	44.45	CG
7	15838174	15840597	703	2657	20.92	CHG
7	15838174	15840597	2681	16701	13.83	CHH
7	16417756	16417995	196	8	96.08	CG
7	16417756	16417995	88	47	65.19	CHG
7	16417756	16417995	314	2268	12.16	CHH
7	17006268	17006989	3059	45	98.55	CG
7	17006268	17006989	1095	257	80.99	CHG
7	17006268	17006989	711	5239	11.95	CHH
7	17339592	17339751	1	121	0.82	CG
7	17339592	17339751	6	354	1.67	CHG
7	17339592	17339751	50	1311	3.67	CHH
7	17913342	17913726	1155	24	97.96	CG
7	17913342	17913726	695	156	81.67	CHG
7	17913342	17913726	616	3089	16.63	CHH
7	18987148	18987233	3	105	2.78	CG
7	18987148	18987233	7	43	14.00	CHG
7	18987148	18987233	19	749	2.47	CHH
7	19215021	19215291	1596	37	97.73	CG
7	19215021	19215291	888	208	81.02	CHG
7	19215021	19215291	403	2047	16.45	CHH
7	19560035	19560566	929	36	96.27	CG
7	19560035	19560566	675	132	83.64	CHG
7	19560035	19560566	617	1844	25.07	CHH
7	19560091	19560385	583	20	96.68	CG
7	19560091	19560385	387	60	86.58	CHG
7	19560091	19560385	324	862	27.32	CHH
7	19831953	19832039	3	265	1.12	CHG
7	19831953	19832039	24	859	2.72	CHH
7	19834434	19835298	1660	282	85.48	CG
7	19834434	19835298	928	779	54.36	CHG
7	19834434	19835298	577	6251	8.45	CHH
7	21131054	21131268	4	143	2.72	CG
7	21131054	21131268	11	361	2.96	CHG
7	21131054	21131268	87	2415	3.48	CHH
7	21474944	21475222	319	156	67.16	CG
7	21474944	21475222	15	102	12.82	CHG
7	21474944	21475222	613	2128	22.36	CHH
7	21913503	21914249	302	957	23.99	CG
7	21913503	21914249	111	1086	9.27	CHG
7	21913503	21914249	1145	5323	17.70	CHH
7	22120429	22120613	410	6	98.56	CG
7	22120429	22120613	20	760	2.56	CHG
7	22120429	22120613	119	2333	4.85	CHH
7	22386510	22386982	108	1749	5.82	CG
7	22386510	22386982	79	706	10.06	CHG
7	22386510	22386982	65	2654	2.39	CHH
7	22569423	22569628	244	4	98.39	CG
7	22569423	22569628	24	486	4.71	CHG
7	22569423	22569628	75	1806	3.99	CHH
7	23187122	23187806	98	1334	6.84	CG
7	23187122	23187806	98	1603	5.76	CHG
7	23187122	23187806	183	6184	2.87	CHH
7	23391649	23391802	230	8	96.64	CG
7	23391649	23391802	20	504	3.82	CHG
7	23391649	23391802	33	1301	2.47	CHH
7	24132747	24133053	245	8	96.84	CG
7	24132747	24133053	33	415	7.37	CHG
7	24132747	24133053	127	3309	3.70	CHH
7	24196787	24197173	610	13	97.91	CG
7	24196787	24197173	623	68	90.16	CHG
7	24196787	24197173	249	3930	5.96	CHH
7	24296352	24296548	168	2	98.82	CG
7	24296352	24296548	16	503	3.08	CHG
7	24296352	24296548	55	2008	2.67	CHH
7	24747117	24747542	3176	65	97.99	CG
7	24747117	24747542	1348	495	73.14	CHG
7	24747117	24747542	583	2739	17.55	CHH
7	25222041	25223348	319	4068	7.27	CG
7	25222041	25223348	394	2348	14.37	CHG
7	25222041	25223348	1429	10519	11.96	CHH
7	25256522	25256725	8	852	0.93	CG
7	25256522	25256725	17	558	2.96	CHG
7	25256522	25256725	63	1765	3.45	CHH
7	25908465	25908808	14	695	1.97	CG
7	25908465	25908808	24	1123	2.09	CHG
7	25908465	25908808	74	3030	2.38	CHH
7	25983000	25983349	345	69	83.33	CG
7	25983000	25983349	36	1086	3.21	CHG
7	25983000	25983349	106	3466	2.97	CHH
7	26184639	26186023	3783	55	98.57	CG
7	26184639	26186023	2349	413	85.05	CHG
7	26184639	26186023	850	5106	14.27	CHH
7	26456564	26456769	4	479	0.83	CG
7	26456564	26456769	19	149	11.31	CHG
7	26456564	26456769	80	1419	5.34	CHH
7	27118237	27118566	84	0	100.00	CG
7	27118237	27118566	99	13	88.39	CHG
7	27118237	27118566	285	3187	8.21	CHH
7	28429839	28434200	2934	468	86.24	CG
7	28429839	28434200	353	10425	3.28	CHG
7	28429839	28434200	1709	40070	4.09	CHH
7	28561953	28562576	235	5011	4.48	CG
7	28561953	28562576	192	2743	6.54	CHG
7	28561953	28562576	160	3490	4.38	CHH
7	28603030	28603161	4	0	100.00	CG
7	28603030	28603161	9	1	90.00	CHG
7	28603030	28603161	3	47	6.00	CHH
7	29086695	29086979	1264	22	98.29	CG
7	29086695	29086979	431	71	85.86	CHG
7	29086695	29086979	439	1260	25.84	CHH
8	178569	180215	228	4231	5.11	CG
8	178569	180215	368	3057	10.74	CHG
8	178569	180215	1311	13524	8.84	CHH
8	236935	237112	346	10	97.19	CG
8	236935	237112	621	62	90.92	CHG
8	236935	237112	256	1790	12.51	CHH
8	451101	451275	21	1052	1.96	CG
8	451101	451275	10	401	2.43	CHG
8	451101	451275	20	876	2.23	CHH
8	700792	701075	8	1142	0.70	CG
8	700792	701075	20	855	2.29	CHG
8	700792	701075	106	2104	4.80	CHH
8	1029191	1029915	242	900	21.19	CG
8	1029191	1029915	135	569	19.18	CHG
8	1029191	1029915	1417	3404	29.39	CHH
8	1151684	1151850	132	4	97.06	CG
8	1151684	1151850	268	36	88.16	CHG
8	1151684	1151850	135	1227	9.91	CHH
8	1263064	1263825	451	10	97.83	CG
8	1263064	1263825	413	60	87.32	CHG
8	1263064	1263825	71	1101	6.06	CHH
8	1315995	1316283	591	8	98.66	CG
8	1315995	1316283	624	188	76.85	CHG
8	1315995	1316283	340	3394	9.11	CHH
8	1392517	1392770	1124	19	98.34	CG
8	1392517	1392770	329	224	59.49	CHG
8	1392517	1392770	200	2112	8.65	CHH
8	1864926	1865852	2065	45	97.87	CG
8	1864926	1865852	668	409	62.02	CHG
8	1864926	1865852	626	8232	7.07	CHH
8	1952801	1953130	44	821	5.09	CG
8	1952801	1953130	20	517	3.72	CHG
8	1952801	1953130	95	3872	2.39	CHH
8	2740500	2740929	923	8	99.14	CG
8	2740500	2740929	683	144	82.59	CHG
8	2740500	2740929	515	3289	13.54	CHH
8	2874093	2874334	411	11	97.39	CG
8	2874093	2874334	179	67	72.76	CHG
8	2874093	2874334	143	2432	5.55	CHH
8	3055231	3055410	15	640	2.29	CHG
8	3055231	3055410	76	1944	3.76	CHH
8	3463082	3465280	877	2695	24.55	CG
8	3463082	3465280	400	4132	8.83	CHG
8	3463082	3465280	2208	18523	10.65	CHH
8	4272689	4273002	226	3	98.69	CG
8	4272689	4273002	309	58	84.20	CHG
8	4272689	4273002	238	2953	7.46	CHH
8	4312136	4312445	812	50	94.20	CG
8	4312136	4312445	405	314	56.33	CHG
8	4312136	4312445	312	3043	9.30	CHH
8	4545475	4545770	203	33	86.02	CG
8	4545475	4545770	50	647	7.17	CHG
8	4545475	4545770	123	2644	4.45	CHH
8	4853217	4853848	135	4006	3.26	CG
8	4853217	4853848	93	1797	4.92	CHG
8	4853217	4853848	141	4126	3.30	CHH
8	5467560	5467758	249	427	36.83	CG
8	5467560	5467758	21	532	3.80	CHG
8	5467560	5467758	79	2128	3.58	CHH
8	6450044	6451003	2524	60	97.68	CG
8	6450044	6451003	1556	406	79.31	CHG
8	6450044	6451003	709	8039	8.10	CHH
8	6675950	6676096	210	6	97.22	CG
8	6675950	6676096	81	29	73.64	CHG
8	6675950	6676096	68	647	9.51	CHH
8	6874782	6875032	506	9	98.25	CG
8	6874782	6875032	173	37	82.38	CHG
8	6874782	6875032	208	1771	10.51	CHH
8	7337780	7340351	1941	1863	51.03	CG
8	7337780	7340351	257	4987	4.90	CHG
8	7337780	7340351	2018	21921	8.43	CHH
8	7485595	7487184	2680	92	96.68	CG
8	7485595	7487184	2797	459	85.90	CHG
8	7485595	7487184	1394	11497	10.81	CHH
8	7660052	7660308	196	4	98.00	CG
8	7660052	7660308	130	169	43.48	CHG
8	7660052	7660308	187	2365	7.33	CHH
8	8117875	8118747	493	100	83.14	CG
8	8117875	8118747	69	1863	3.57	CHG
8	8117875	8118747	298	8129	3.54	CHH
8	8283116	8289954	10278	3095	76.86	CG
8	8283116	8289954	6924	9463	42.25	CHG
8	8283116	8289954	4928	57138	7.94	CHH
8	8625179	8626724	6123	123	98.03	CG
8	8625179	8626724	4200	944	81.65	CHG
8	8625179	8626724	998	8890	10.09	CHH
8	10263592	10264820	1006	18	98.24	CG
8	10263592	10264820	157	3022	4.94	CHG
8	10263592	10264820	566	11530	4.68	CHH
8	10859005	10859704	410	13	96.93	CG
8	10859005	10859704	580	83	87.48	CHG
8	10859005	10859704	913	7294	11.12	CHH
8	10992041	10993699	1853	122	93.82	CG
8	10992041	10993699	1351	801	62.78	CHG
8	10992041	10993699	737	13578	5.15	CHH
8	11166235	11167095	61	0	100.00	CG
8	11166235	11167095	306	40	88.44	CHG
8	11166235	11167095	176	1505	10.47	CHH
8	11203659	11203915	2	0	100.00	CG
8	11203659	11203915	12	1	92.31	CHG
8	11203659	11203915	7	65	9.72	CHH
8	12217241	12217417	10	1	90.91	CG
8	12217241	12217417	79	5	94.05	CHG
8	12217241	12217417	39	430	8.32	CHH
8	12220776	12220917	17	1	94.44	CG
8	12220776	12220917	15	4	78.95	CHG
8	12220776	12220917	2	62	3.12	CHH
8	12256460	12256704	4	399	0.99	CG
8	12256460	12256704	34	674	4.80	CHG
8	12256460	12256704	93	2371	3.77	CHH
8	12629860	12629996	61	2	96.83	CG
8	12629860	12629996	271	39	87.42	CHG
8	12629860	12629996	86	1298	6.21	CHH
8	13407105	13408116	3569	553	86.58	CG
8	13407105	13408116	1184	902	56.76	CHG
8	13407105	13408116	556	5781	8.77	CHH
8	13545344	13545711	589	18	97.03	CG
8	13545344	13545711	118	103	53.39	CHG
8	13545344	13545711	297	3590	7.64	CHH
8	13637622	13639004	4098	109	97.41	CG
8	13637622	13639004	3360	745	81.85	CHG
8	13637622	13639004	897	10867	7.62	CHH
8	13894493	13894788	88	0	100.00	CG
8	13894493	13894788	37	10	78.72	CHG
8	13894493	13894788	11	125	8.09	CHH
8	13952461	13953924	1980	483	80.39	CG
8	13952461	13953924	1178	818	59.02	CHG
8	13952461	13953924	1952	11405	14.61	CHH
8	14213510	14213752	167	398	29.56	CG
8	14213510	14213752	18	376	4.57	CHG
8	14213510	14213752	171	2158	7.34	CHH
8	14298148	14298652	629	8	98.74	CG
8	14298148	14298652	852	162	84.02	CHG
8	14298148	14298652	307	4255	6.73	CHH
8	14597668	14597929	1626	36	97.83	CG
8	14597668	14597929	855	243	77.87	CHG
8	14597668	14597929	356	2048	14.81	CHH
8	14657412	14657652	69	2	97.18	CG
8	14657412	14657652	33	25	56.90	CHG
8	14657412	14657652	191	1530	11.10	CHH
8	15580207	15580529	406	12	97.13	CG
8	15580207	15580529	532	83	86.50	CHG
8	15580207	15580529	270	2753	8.93	CHH
8	15967015	15970249	5492	157	97.22	CG
8	15967015	15970249	4244	1197	78.00	CHG
8	15967015	15970249	2133	27283	7.25	CHH
8	16012976	16013846	3040	81	97.40	CG
8	16012976	16013846	1834	363	83.48	CHG
8	16012976	16013846	1112	5655	16.43	CHH
8	16216197	16216404	244	34	87.77	CG
8	16216197	16216404	86	1752	4.68	CHH
8	16538923	16541131	1974	266	88.12	CG
8	16538923	16541131	202	4168	4.62	CHG
8	16538923	16541131	977	24216	3.88	CHH
8	16974676	16975655	586	1095	34.86	CG
8	16974676	16975655	312	1293	19.44	CHG
8	16974676	16975655	822	8653	8.68	CHH
8	16994050	16994211	3	349	0.85	CG
8	16994050	16994211	5	238	2.06	CHG
8	16994050	16994211	45	1356	3.21	CHH
8	17403203	17403300	423	5	98.83	CG
8	17403203	17403300	200	50	80.00	CHG
8	17403203	17403300	46	805	5.41	CHH
8	17719178	17719322	317	7	97.84	CG
8	17719178	17719322	97	95	50.52	CHG
8	17719178	17719322	107	1389	7.15	CHH
8	18550794	18553306	4177	1399	74.91	CG
8	18550794	18553306	1860	2441	43.25	CHG
8	18550794	18553306	3537	14345	19.78	CHH
8	20514928	20517189	2857	128	95.71	CG
8	20514928	20517189	890	588	60.22	CHG
8	20514928	20517189	1789	24714	6.75	CHH
8	21734995	21740080	16798	440	97.45	CG
8	21734995	21740080	8524	1878	81.95	CHG
8	21734995	21740080	3876	35515	9.84	CHH
8	21758849	21759020	120	10	92.31	CG
8	21758849	21759020	11	419	2.56	CHG
8	21758849	21759020	98	1748	5.31	CHH
8	22561294	22561443	6	217	2.69	CG
8	22561294	22561443	24	197	10.86	CHG
8	22561294	22561443	64	973	6.17	CHH
8	22681154	22681244	94	8	92.16	CHG
8	22681154	22681244	38	431	8.10	CHH
8	22949183	22951590	1474	1159	55.98	CG
8	22949183	22951590	988	3075	24.32	CHG
8	22949183	22951590	4390	15176	22.44	CHH
8	23384652	23384882	21	1086	1.90	CG
8	23384652	23384882	33	586	5.33	CHG
8	23384652	23384882	96	1369	6.55	CHH
8	23517672	23517817	106	4	96.36	CG
8	23517672	23517817	169	15	91.85	CHG
8	23517672	23517817	161	1191	11.91	CHH
8	23675662	23675914	407	10	97.60	CG
8	23675662	23675914	151	69	68.64	CHG
8	23675662	23675914	603	458	56.83	CHH
8	24239866	24240191	230	8	96.64	CG
8	24239866	24240191	24	791	2.94	CHG
8	24239866	24240191	125	3053	3.93	CHH
8	24632914	24633182	162	25	86.63	CG
8	24632914	24633182	97	423	18.65	CHG
8	24632914	24633182	170	1479	10.31	CHH
8	25281178	25281350	738	8	98.93	CG
8	25281178	25281350	107	51	67.72	CHG
8	25281178	25281350	295	1705	14.75	CHH
8	25598370	25598449	118	562	17.35	CHH
8	25696600	25696771	23	594	3.73	CG
8	25696600	25696771	11	393	2.72	CHG
8	25696600	25696771	39	968	3.87	CHH
8	25733898	25741720	7749	6123	55.86	CG
8	25733898	25741720	5613	13992	28.63	CHG
8	25733898	25741720	6014	62914	8.73	CHH
8	26671848	26672550	468	8	98.32	CG
8	26671848	26672550	212	22	90.60	CHG
8	26671848	26672550	201	1454	12.15	CHH
8	26851572	26851796	12	736	1.60	CG
8	26851572	26851796	11	360	2.96	CHG
8	26851572	26851796	64	1795	3.44	CHH
8	27327904	27330518	1544	10738	12.57	CG
8	27327904	27330518	850	6931	10.92	CHG
8	27327904	27330518	1629	17443	8.54	CHH
9	899505	900078	1453	28	98.11	CG
9	899505	900078	467	173	72.97	CHG
9	899505	900078	606	5239	10.37	CHH
9	1708905	1710116	4364	105	97.65	CG
9	1708905	1710116	2488	733	77.24	CHG
9	1708905	1710116	527	8389	5.91	CHH
9	2262231	2262612	687	11	98.42	CG
9	2262231	2262612	887	139	86.45	CHG
9	2262231	2262612	233	3229	6.73	CHH
9	2463009	2464211	1815	41	97.79	CG
9	2463009	2464211	1319	433	75.29	CHG
9	2463009	2464211	728	7699	8.64	CHH
9	2545349	2545704	882	28	96.92	CG
9	2545349	2545704	913	179	83.61	CHG
9	2545349	2545704	293	2829	9.39	CHH
9	2775400	2775730	8800	316	96.53	CG
9	2775400	2775730	1428	1122	56.00	CHG
9	2775400	2775730	1647	19619	7.74	CHH
9	2854868	2855786	6172	261	95.94	CG
9	2854868	2855786	791	825	48.95	CHG
9	2854868	2855786	1108	12939	7.89	CHH
9	2911646	2912272	1126	24	97.91	CG
9	2911646	2912272	1584	208	88.39	CHG
9	2911646	2912272	538	5103	9.54	CHH
9	3112245	3115702	15317	379	97.59	CG
9	3112245	3115702	6889	1514	81.98	CHG
9	3112245	3115702	3517	22209	13.67	CHH
9	3214717	3216020	1321	501	72.50	CG
9	3214717	3216020	576	647	47.10	CHG
9	3214717	3216020	547	10612	4.90	CHH
9	3330884	3331520	268	2	99.26	CG
9	3330884	3331520	583	120	82.93	CHG
9	3330884	3331520	132	3220	3.94	CHH
9	4522204	4522362	259	6	97.74	CG
9	4522204	4522362	125	24	83.89	CHG
9	4522204	4522362	60	428	12.30	CHH
9	4739227	4745466	5859	2380	71.11	CG
9	4739227	4745466	2596	5038	34.01	CHG
9	4739227	4745466	3302	46375	6.65	CHH
9	6140177	6140335	74	0	100.00	CG
9	6140177	6140335	39	10	79.59	CHG
9	6140177	6140335	32	226	12.40	CHH
9	6631347	6632182	151	201	42.90	CG
9	6631347	6632182	1077	921	53.90	CHG
9	6631347	6632182	573	8280	6.47	CHH
9	7230219	7230464	680	69	90.79	CG
9	7230219	7230464	171	195	46.72	CHG
9	7230219	7230464	77	908	7.82	CHH
9	7430897	7432040	579	516	52.88	CG
9	7430897	7432040	37	754	4.68	CHG
9	7430897	7432040	480	9914	4.62	CHH
9	8393668	8393832	651	11	98.34	CG
9	8393668	8393832	265	73	78.40	CHG
9	8393668	8393832	254	830	23.43	CHH
9	9923428	9925180	179	968	15.61	CG
9	9923428	9925180	139	1894	6.84	CHG
9	9923428	9925180	2288	13610	14.39	CHH
9	10766786	10767301	414	26	94.09	CG
9	10766786	10767301	46	1390	3.20	CHG
9	10766786	10767301	236	5287	4.27	CHH
9	12030840	12031218	18	1815	0.98	CG
9	12030840	12031218	53	1179	4.30	CHG
9	12030840	12031218	74	2228	3.21	CHH
9	12595903	12596851	7	1080	0.64	CG
9	12595903	12596851	68	2366	2.79	CHG
9	12595903	12596851	290	8741	3.21	CHH
9	13404977	13406112	3030	52	98.31	CG
9	13404977	13406112	1134	431	72.46	CHG
9	13404977	13406112	753	6720	10.08	CHH
9	16489222	16490713	1620	989	62.09	CG
9	16489222	16490713	493	2010	19.70	CHG
9	16489222	16490713	487	10388	4.48	CHH
9	16577282	16577396	135	3	97.83	CG
9	16577282	16577396	50	13	79.37	CHG
9	16577282	16577396	908	257	77.94	CHH
9	17604144	17604323	253	6	97.68	CG
9	17604144	17604323	4	320	1.23	CHG
9	17604144	17604323	61	1919	3.08	CHH
9	19383868	19383934	1	157	0.63	CHG
9	19383868	19383934	19	573	3.21	CHH
9	19469244	19469889	75	618	10.82	CG
9	19469244	19469889	73	1240	5.56	CHG
9	19469244	19469889	846	3025	21.85	CHH
9	19529704	19533249	3838	5200	42.47	CG
9	19529704	19533249	1891	3527	34.90	CHG
9	19529704	19533249	2559	30064	7.84	CHH
9	20512179	20515947	3461	2450	58.55	CG
9	20512179	20515947	2024	5156	28.19	CHG
9	20512179	20515947	6065	30849	16.43	CHH
9	20811988	20812086	73	720	9.21	CG
9	20811988	20812086	3	110	2.65	CHG
9	20811988	20812086	20	811	2.41	CHH
9	21917576	21917684	4	392	1.01	CG
9	21917576	21917684	17	299	5.38	CHG
9	21917576	21917684	29	580	4.76	CHH
9	22507907	22508014	4	286	1.38	CHG
9	22507907	22508014	41	981	4.01	CHH
9	22587586	22587797	828	20	97.64	CG
9	22587586	22587797	336	149	69.28	CHG
9	22587586	22587797	239	1301	15.52	CHH
10	76063	76767	1307	56	95.89	CG
10	76063	76767	1033	576	64.20	CHG
10	76063	76767	373	5733	6.11	CHH
10	1070598	1072595	1908	3684	34.12	CG
10	1070598	1072595	1195	2838	29.63	CHG
10	1070598	1072595	1859	14490	11.37	CHH
10	1391746	1391999	1522	38	97.56	CG
10	1391746	1391999	515	306	62.73	CHG
10	1391746	1391999	135	1481	8.35	CHH
10	1614261	1614403	1	61	1.61	CG
10	1614261	1614403	22	371	5.60	CHG
10	1614261	1614403	33	1284	2.51	CHH
10	1803629	1804504	1021	84	92.40	CG
10	1803629	1804504	911	391	69.97	CHG
10	1803629	1804504	1329	5881	18.43	CHH
10	1803768	1804170	906	15	98.37	CG
10	1803768	1804170	439	143	75.43	CHG
10	1803768	1804170	573	2100	21.44	CHH
10	1840873	1840994	3	283	1.05	CG
10	1840873	1840994	4	190	2.06	CHG
10	1840873	1840994	21	899	2.28	CHH
10	2764274	2764493	4	456	0.87	CG
10	2764274	2764493	35	1079	3.14	CHG
10	2764274	2764493	70	2500	2.72	CHH
10	3411205	3411730	407	7	98.31	CG
10	3411205	3411730	28	1459	1.88	CHG
10	3411205	3411730	153	4961	2.99	CHH
10	3555583	3556236	1767	32	98.22	CG
10	3555583	3556236	552	196	73.80	CHG
10	3555583	3556236	416	1976	17.39	CHH
10	4747418	4747782	75	84	47.17	CG
10	4747418	4747782	229	706	24.49	CHG
10	4747418	4747782	112	3477	3.12	CHH
10	6032495	6032662	166	3	98.22	CG
10	6032495	6032662	342	33	91.20	CHG
10	6032495	6032662	165	1214	11.97	CHH
10	6484932	6485158	118	283	29.43	CG
10	6484932	6485158	1	177	0.56	CHG
10	6484932	6485158	74	1338	5.24	CHH
10	6965382	6965620	1172	20	98.32	CG
10	6965382	6965620	242	161	60.05	CHG
10	6965382	6965620	49	545	8.25	CHH
10	7289884	7290427	1351	19	98.61	CG
10	7289884	7290427	682	138	83.17	CHG
10	7289884	7290427	313	2999	9.45	CHH
10	8713513	8713687	131	0	100.00	CG
10	8713513	8713687	154	25	86.03	CHG
10	8713513	8713687	27	541	4.75	CHH
10	8784304	8784496	309	4	98.72	CG
10	8784304	8784496	171	30	85.07	CHG
10	8784304	8784496	130	1862	6.53	CHH
10	9339792	9339997	207	5	97.64	CG
10	9339792	9339997	18	11	62.07	CHG
10	9339792	9339997	655	512	56.13	CHH
10	9455216	9455761	865	18	97.96	CG
10	9455216	9455761	706	83	89.48	CHG
10	9455216	9455761	418	3995	9.47	CHH
10	10070366	10073354	7273	119	98.39	CG
10	10070366	10073354	4657	932	83.32	CHG
10	10070366	10073354	1905	14639	11.51	CHH
10	10893887	10894383	295	236	55.56	CG
10	10893887	10894383	471	405	53.77	CHG
10	10893887	10894383	226	4241	5.06	CHH
10	10994069	10994203	187	7	96.39	CG
10	10994069	10994203	16	324	4.71	CHG
10	10994069	10994203	26	1000	2.53	CHH
10	11956236	11956518	540	10	98.18	CG
10	11956236	11956518	292	104	73.74	CHG
10	11956236	11956518	938	1500	38.47	CHH
10	11967788	11968023	60	2	96.77	CG
10	11967788	11968023	58	5	92.06	CHG
10	11967788	11968023	638	1670	27.64	CHH
10	12041078	12041429	6	132	4.35	CG
10	12041078	12041429	226	384	37.05	CHG
10	12041078	12041429	673	2758	19.62	CHH
10	12398331	12398410	90	19	82.57	CHG
10	12398331	12398410	76	987	7.15	CHH
10	12783731	12784747	905	3676	19.76	CG
10	12783731	12784747	494	2009	19.74	CHG
10	12783731	12784747	1212	6983	14.79	CHH
10	13030461	13031711	703	3301	17.56	CG
10	13030461	13031711	469	2422	16.22	CHG
10	13030461	13031711	1342	8152	14.14	CHH
10	13134013	13134625	565	177	76.15	CG
10	13134013	13134625	132	178	42.58	CHG
10	13134013	13134625	878	5059	14.79	CHH
10	14312781	14312940	428	11	97.49	CG
10	14312781	14312940	154	62	71.30	CHG
10	14312781	14312940	143	1216	10.52	CHH
10	14415032	14415475	21	1091	1.89	CG
10	14415032	14415475	72	885	7.52	CHG
10	14415032	14415475	111	3496	3.08	CHH
10	14939572	14939779	10	648	1.52	CG
10	14939572	14939779	22	364	5.70	CHG
10	14939572	14939779	105	2085	4.79	CHH
10	15358024	15358297	104	39	72.73	CHG
10	15358024	15358297	248	2976	7.69	CHH
10	15388115	15388379	98	2	98.00	CG
10	15388115	15388379	224	101	68.92	CHG
10	15388115	15388379	153	1455	9.51	CHH
10	15623066	15624262	106	2781	3.67	CG
10	15623066	15624262	112	3250	3.33	CHG
10	15623066	15624262	447	8847	4.81	CHH
10	16649407	16649853	38	1891	1.97	CG
10	16649407	16649853	59	1713	3.33	CHG
10	16649407	16649853	88	3541	2.42	CHH
10	17917117	17917361	6	504	1.18	CG
10	17917117	17917361	14	860	1.60	CHG
10	17917117	17917361	67	2490	2.62	CHH
10	18118300	18118455	335	6	98.24	CG
10	18118300	18118455	213	25	89.50	CHG
10	18118300	18118455	722	1199	37.58	CHH
10	18249061	18249336	803	25	96.98	CG
10	18249061	18249336	240	200	54.55	CHG
10	18249061	18249336	137	1707	7.43	CHH
10	18629501	18629720	3	185	1.60	CG
10	18629501	18629720	8	203	3.79	CHG
10	18629501	18629720	52	2239	2.27	CHH
10	18709862	18710680	393	2346	14.35	CG
10	18709862	18710680	103	2284	4.32	CHG
10	18709862	18710680	525	5567	8.62	CHH
10	19071669	19072430	198	2429	7.54	CG
10	19071669	19072430	179	2899	5.82	CHG
10	19071669	19072430	133	5148	2.52	CHH
10	19727438	19727659	117	3	97.50	CG
10	19727438	19727659	121	51	70.35	CHG
10	19727438	19727659	967	789	55.07	CHH
10	20621568	20621746	316	9	97.23	CG
10	20621568	20621746	257	105	70.99	CHG
10	20621568	20621746	61	746	7.56	CHH
10	20684185	20684453	156	5	96.89	CG
10	20684185	20684453	29	761	3.67	CHG
10	20684185	20684453	59	2531	2.28	CHH
10	20758072	20758229	86	1	98.85	CG
10	20758072	20758229	15	692	2.12	CHG
10	20758072	20758229	48	1836	2.55	CHH
10	20876029	20876473	226	524	30.13	CG
10	20876029	20876473	149	920	13.94	CHG
10	20876029	20876473	350	2896	10.78	CHH
10	21433314	21437604	2963	2950	50.11	CG
10	21433314	21437604	634	7370	7.92	CHG
10	21433314	21437604	2093	38390	5.17	CHH
10	21560604	21561484	332	220	60.14	CG
10	21560604	21561484	46	2788	1.62	CHG
10	21560604	21561484	368	9041	3.91	CHH
10	22597491	22597660	64	941	6.37	CG
10	22597491	22597660	56	568	8.97	CHG
10	22597491	22597660	41	1692	2.37	CHH
10	22692035	22692362	185	135	57.81	CG
10	22692035	22692362	23	858	2.61	CHG
10	22692035	22692362	126	3666	3.32	CHH
10	22860787	22861438	10	1401	0.71	CG
10	22860787	22861438	65	1691	3.70	CHG
10	22860787	22861438	194	5458	3.43	CHH
11	505296	505455	642	12	98.17	CG
11	505296	505455	500	78	86.51	CHG
11	505296	505455	108	1319	7.57	CHH
11	797708	798586	289	265	52.17	CG
11	797708	798586	326	804	28.85	CHG
11	797708	798586	849	7462	10.22	CHH
11	1050852	1052789	396	3994	9.02	CG
11	1050852	1052789	350	4727	6.89	CHG
11	1050852	1052789	815	15287	5.06	CHH
11	1432574	1432751	12	607	1.94	CG
11	1432574	1432751	12	337	3.44	CHG
11	1432574	1432751	61	1666	3.53	CHH
11	1858041	1858566	801	19	97.68	CG
11	1858041	1858566	1000	121	89.21	CHG
11	1858041	1858566	2096	2211	48.66	CHH
11	2504811	2504939	5	347	1.42	CG
11	2504811	2504939	8	363	2.16	CHG
11	2504811	2504939	28	1056	2.58	CHH
11	2669596	2669853	17	1203	1.39	CG
11	2669596	2669853	12	241	4.74	CHG
11	2669596	2669853	53	1757	2.93	CHH
11	2802873	2804621	1335	1318	50.32	CG
11	2802873	2804621	1459	1704	46.13	CHG
11	2802873	2804621	1999	12990	13.34	CHH
11	2990468	2990688	87	1	98.86	CG
11	2990468	2990688	32	10	76.19	CHG
11	2990468	2990688	56	81	40.88	CHH
11	3466044	3470402	3957	2247	63.78	CG
11	3466044	3470402	2940	3409	46.31	CHG
11	3466044	3470402	3992	28424	12.31	CHH
11	3810954	3811089	123	5	96.09	CG
11	3810954	3811089	15	309	4.63	CHG
11	3810954	3811089	29	878	3.20	CHH
11	4224826	4225123	64	1	98.46	CG
11	4224826	4225123	16	494	3.14	CHG
11	4224826	4225123	98	2592	3.64	CHH
11	4595255	4598721	3602	5334	40.31	CG
11	4595255	4598721	1906	3323	36.45	CHG
11	4595255	4598721	3936	22238	15.04	CHH
11	6038088	6038424	118	2026	5.50	CG
11	6038088	6038424	51	1161	4.21	CHG
11	6038088	6038424	47	1775	2.58	CHH
11	6091835	6093414	4362	1211	78.27	CG
11	6091835	6093414	1855	1352	57.84	CHG
11	6091835	6093414	2566	13722	15.75	CHH
11	7821028	7821214	88	496	15.07	CG
11	7821028	7821214	52	637	7.55	CHG
11	7821028	7821214	74	1567	4.51	CHH
11	9435946	9436636	1015	36	96.57	CG
11	9435946	9436636	682	201	77.24	CHG
11	9435946	9436636	1157	3856	23.08	CHH
11	9479627	9479991	23	1247	1.81	CG
11	9479627	9479991	69	1059	6.12	CHG
11	9479627	9479991	61	2695	2.21	CHH
11	9728388	9728616	133	7	95.00	CG
11	9728388	9728616	26	191	11.98	CHG
11	9728388	9728616	145	1482	8.91	CHH
11	9810706	9815080	9253	1179	88.70	CG
11	9810706	9815080	4985	3741	57.13	CHG
11	9810706	9815080	3803	30848	10.98	CHH
11	9969448	9969633	264	12	95.65	CG
11	9969448	9969633	136	96	58.62	CHG
11	9969448	9969633	122	1590	7.13	CHH
11	10499987	10500272	306	6	98.08	CG
11	10499987	10500272	333	45	88.10	CHG
11	10499987	10500272	147	2518	5.52	CHH
11	10502651	10503109	656	10	98.50	CG
11	10502651	10503109	1027	75	93.19	CHG
11	10502651	10503109	496	3870	11.36	CHH
11	11632517	11632735	1050	16	98.50	CG
11	11632517	11632735	360	188	65.69	CHG
11	11632517	11632735	211	1407	13.04	CHH
11	12791330	12791451	392	4	98.99	CG
11	12791330	12791451	214	37	85.26	CHG
11	12791330	12791451	96	697	12.11	CHH
11	13907112	13907730	1504	21	98.62	CG
11	13907112	13907730	1707	170	90.94	CHG
11	13907112	13907730	594	5636	9.53	CHH
11	14199127	14199230	516	8	98.47	CG
11	14199127	14199230	378	66	85.14	CHG
11	14199127	14199230	150	725	17.14	CHH
11	14246634	14246765	115	1	99.14	CG
11	14246634	14246765	175	14	92.59	CHG
11	14246634	14246765	247	713	25.73	CHH
11	14953985	14954432	723	21	97.18	CG
11	14953985	14954432	295	130	69.41	CHG
11	14953985	14954432	383	3373	10.20	CHH
11	15162648	15162882	132	2	98.51	CG
11	15162648	15162882	466	80	85.35	CHG
11	15162648	15162882	143	2537	5.34	CHH
11	15516587	15517994	1342	2526	34.69	CG
11	15516587	15517994	449	1891	19.19	CHG
11	15516587	15517994	1135	9345	10.83	CHH
11	15595496	15598031	5724	872	86.78	CG
11	15595496	15598031	3097	2090	59.71	CHG
11	15595496	15598031	2376	22524	9.54	CHH
11	15629573	15629919	250	6	97.66	CG
11	15629573	15629919	344	212	61.87	CHG
11	15629573	15629919	262	3367	7.22	CHH
11	15784095	15784518	55	2246	2.39	CG
11	15784095	15784518	43	1437	2.91	CHG
11	15784095	15784518	87	3238	2.62	CHH
11	16587225	16588700	1561	981	61.41	CG
11	16587225	16588700	850	1053	44.67	CHG
11	16587225	16588700	1646	8775	15.80	CHH
11	16590106	16591882	3688	59	98.43	CG
11	16590106	16591882	4930	598	89.18	CHG
11	16590106	16591882	1122	14057	7.39	CHH
11	17024541	17024749	72	116	38.30	CG
11	17024541	17024749	140	82	63.06	CHG
11	17024541	17024749	1273	1243	50.60	CHH
11	17437801	17439859	976	3607	21.30	CG
11	17437801	17439859	263	4174	5.93	CHG
11	17437801	17439859	987	19224	4.88	CHH
11	17734944	17735193	35	1802	1.91	CG
11	17734944	17735193	50	959	4.96	CHG
11	17734944	17735193	42	1404	2.90	CHH
11	17903585	17906300	5511	673	89.12	CG
11	17903585	17906300	4433	1317	77.10	CHG
11	17903585	17906300	3805	19549	16.29	CHH
11	17974571	17974900	76	714	9.62	CG
11	17974571	17974900	121	781	13.41	CHG
11	17974571	17974900	396	2606	13.19	CHH
11	18221483	18221608	190	3	98.45	CG
11	18221483	18221608	276	48	85.19	CHG
11	18221483	18221608	55	546	9.15	CHH
11	18325064	18325191	0	76	0.00	CG
11	18325064	18325191	8	213	3.62	CHG
11	18325064	18325191	27	1043	2.52	CHH
11	18373844	18373989	6	68	8.11	CG
11	18373844	18373989	11	280	3.78	CHG
11	18373844	18373989	68	1549	4.21	CHH
11	18718793	18720377	2888	984	74.59	CG
11	18718793	18720377	642	2476	20.59	CHG
11	18718793	18720377	735	13984	4.99	CHH
11	18909482	18909881	13	1576	0.82	CG
11	18909482	18909881	52	1306	3.83	CHG
11	18909482	18909881	121	3015	3.86	CHH
11	19311606	19314032	3833	670	85.12	CG
11	19311606	19314032	2818	2095	57.36	CHG
11	19311606	19314032	2705	15437	14.91	CHH
11	20219224	20220414	1934	69	96.56	CG
11	20219224	20220414	2383	266	89.96	CHG
11	20219224	20220414	671	10381	6.07	CHH
11	20319451	20320865	1736	218	88.84	CG
11	20319451	20320865	1296	482	72.89	CHG
11	20319451	20320865	3788	8816	30.05	CHH
11	20346784	20346867	0	45	0.00	CG
11	20346784	20346867	1	64	1.54	CHG
11	20346784	20346867	19	550	3.34	CHH
11	20686170	20686465	203	24	89.43	CG
11	20686170	20686465	90	253	26.24	CHG
11	20686170	20686465	108	2687	3.86	CHH
11	20872306	20872476	1004	12	98.82	CG
11	20872306	20872476	440	200	68.75	CHG
11	20872306	20872476	81	888	8.36	CHH
11	20903615	20904114	478	97	83.13	CG
11	20903615	20904114	55	1132	4.63	CHG
11	20903615	20904114	137	4498	2.96	CHH
11	21540161	21540670	708	13	98.20	CG
11	21540161	21540670	333	223	59.89	CHG
11	21540161	21540670	388	4196	8.46	CHH
11	22251376	22252471	423	729	36.72	CG
11	22251376	22252471	370	1671	18.13	CHG
11	22251376	22252471	918	10923	7.75	CHH
11	22442650	22442893	349	8	97.76	CG
11	22442650	22442893	82	12	87.23	CHG
11	22442650	22442893	192	2594	6.89	CHH
11	22611185	22611456	6	306	1.92	CG
11	22611185	22611456	19	498	3.68	CHG
11	22611185	22611456	116	3226	3.47	CHH
11	22898553	22899482	576	813	41.47	CG
11	22898553	22899482	384	965	28.47	CHG
11	22898553	22899482	422	6094	6.48	CHH
11	23917291	23918354	1344	163	89.18	CG
11	23917291	23918354	685	444	60.67	CHG
11	23917291	23918354	994	8358	10.63	CHH
11	23924021	23924111	2	98	2.00	CG
11	23924021	23924111	13	245	5.04	CHG
11	23924021	23924111	23	605	3.66	CHH
11	24143197	24143872	1110	15	98.67	CG
11	24143197	24143872	557	141	79.80	CHG
11	24143197	24143872	301	2490	10.78	CHH
11	24518104	24518669	515	16	96.99	CG
11	24518104	24518669	443	44	90.97	CHG
11	24518104	24518669	187	1468	11.30	CHH
11	25340157	25340679	436	20	95.61	CG
11	25340157	25340679	166	196	45.86	CHG
11	25340157	25340679	281	5227	5.10	CHH
11	25356991	25357939	795	42	94.98	CG
11	25356991	25357939	794	628	55.84	CHG
11	25356991	25357939	343	7893	4.16	CHH
11	25450636	25450896	1014	13	98.73	CG
11	25450636	25450896	300	278	51.90	CHG
11	25450636	25450896	28	446	5.91	CHH
11	26018351	26019667	2704	59	97.86	CG
11	26018351	26019667	2230	502	81.63	CHG
11	26018351	26019667	1202	7305	14.13	CHH
11	26557615	26559410	1872	294	86.43	CG
11	26557615	26559410	128	2805	4.36	CHG
11	26557615	26559410	811	16582	4.66	CHH
11	26733617	26733799	445	5	98.89	CG
11	26733617	26733799	331	71	82.34	CHG
11	26733617	26733799	94	1346	6.53	CHH
11	26897318	26898575	3192	127	96.17	CG
11	26897318	26898575	1333	910	59.43	CHG
11	26897318	26898575	1236	8173	13.14	CHH
11	27142723	27144368	1854	1073	63.34	CG
11	27142723	27144368	964	1759	35.40	CHG
11	27142723	27144368	2224	11576	16.12	CHH
11	27188061	27188431	350	12	96.69	CG
11	27188061	27188431	178	36	83.18	CHG
11	27188061	27188431	1365	2454	35.74	CHH
11	27296398	27296914	519	812	38.99	CG
11	27296398	27296914	75	493	13.20	CHG
11	27296398	27296914	1279	2915	30.50	CHH
11	27621315	27621467	24	0	100.00	CG
11	27621315	27621467	15	17	46.88	CHG
11	27621315	27621467	46	394	10.45	CHH
11	28581984	28582206	1	187	0.53	CHG
11	28581984	28582206	245	4751	4.90	CHH
12	1158418	1158578	0	542	0.00	CG
12	1158418	1158578	2	174	1.14	CHG
12	1158418	1158578	53	1392	3.67	CHH
12	1177184	1177765	1	390	0.26	CG
12	1177184	1177765	44	1128	3.75	CHG
12	1177184	1177765	257	6150	4.01	CHH
12	1270256	1270750	105	143	42.34	CG
12	1270256	1270750	39	1170	3.23	CHG
12	1270256	1270750	82	3013	2.65	CHH
12	2005465	2005735	1189	15	98.75	CG
12	2005465	2005735	174	151	53.54	CHG
12	2005465	2005735	249	1842	11.91	CHH
12	2376872	2377309	420	261	61.67	CG
12	2376872	2377309	17	762	2.18	CHG
12	2376872	2377309	177	3995	4.24	CHH
12	3807299	3807471	1	139	0.71	CG
12	3807299	3807471	6	492	1.20	CHG
12	3807299	3807471	74	1631	4.34	CHH
12	3811143	3811601	508	20	96.21	CG
12	3811143	3811601	186	252	42.47	CHG
12	3811143	3811601	486	2752	15.01	CHH
12	3837019	3837118	10	125	7.41	CHH
12	4083553	4083794	186	168	52.54	CG
12	4083553	4083794	60	1052	5.40	CHG
12	4083553	4083794	83	2625	3.06	CHH
12	5174512	5176042	5384	1168	82.17	CG
12	5174512	5176042	1807	1945	48.16	CHG
12	5174512	5176042	936	10741	8.02	CHH
12	5728433	5728876	1904	28	98.55	CG
12	5728433	5728876	1436	210	87.24	CHG
12	5728433	5728876	426	2873	12.91	CHH
12	6323100	6323289	65	266	19.64	CG
12	6323100	6323289	12	275	4.18	CHG
12	6323100	6323289	61	1477	3.97	CHH
12	6480645	6481828	3962	76	98.12	CG
12	6480645	6481828	2293	397	85.24	CHG
12	6480645	6481828	767	8983	7.87	CHH
12	6550600	6551475	1149	24	97.95	CG
12	6550600	6551475	761	150	83.53	CHG
12	6550600	6551475	421	4938	7.86	CHH
12	7855054	7855393	391	5	98.74	CG
12	7855054	7855393	446	71	86.27	CHG
12	7855054	7855393	433	1743	19.90	CHH
12	8497520	8497653	44	886	4.73	CG
12	8497520	8497653	22	397	5.25	CHG
12	8497520	8497653	60	636	8.62	CHH
12	8555821	8555983	540	221	70.96	CG
12	8555821	8555983	288	293	49.57	CHG
12	8555821	8555983	106	1801	5.56	CHH
12	8733248	8733675	3	0	100.00	CG
12	8733248	8733675	19	5	79.17	CHG
12	8733248	8733675	155	532	22.56	CHH
12	8783105	8783207	160	6	96.39	CG
12	8783105	8783207	14	19	42.42	CHG
12	8783105	8783207	41	864	4.53	CHH
12	8846726	8847029	145	391	27.05	CG
12	8846726	8847029	10	193	4.93	CHG
12	8846726	8847029	121	2945	3.95	CHH
12	9326878	9327074	392	13	96.79	CG
12	9326878	9327074	213	91	70.07	CHG
12	9326878	9327074	218	1403	13.45	CHH
12	9368388	9368605	303	9	97.12	CG
12	9368388	9368605	205	52	79.77	CHG
12	9368388	9368605	204	2179	8.56	CHH
12	11421434	11422871	857	18	97.94	CG
12	11421434	11422871	121	3734	3.14	CHG
12	11421434	11422871	497	14224	3.38	CHH
12	11519644	11519807	197	3	98.50	CG
12	11519644	11519807	157	31	83.51	CHG
12	11519644	11519807	99	1271	7.23	CHH
12	12193685	12193957	802	14	98.28	CG
12	12193685	12193957	567	173	76.62	CHG
12	12193685	12193957	300	2573	10.44	CHH
12	12596401	12596694	217	1	99.54	CG
12	12596401	12596694	345	76	81.95	CHG
12	12596401	12596694	105	1887	5.27	CHH
12	12742760	12743615	1844	62	96.75	CG
12	12742760	12743615	1224	274	81.71	CHG
12	12742760	12743615	620	6181	9.12	CHH
12	13187459	13188652	1118	1824	38.00	CG
12	13187459	13188652	375	2191	14.61	CHG
12	13187459	13188652	1078	8878	10.83	CHH
12	14284341	14284547	33	473	6.52	CG
12	14284341	14284547	9	133	6.34	CHG
12	14284341	14284547	75	1896	3.81	CHH
12	14803452	14803625	114	3	97.44	CG
12	14803452	14803625	294	25	92.16	CHG
12	14803452	14803625	88	1745	4.80	CHH
12	15067951	15069074	2243	37	98.38	CG
12	15067951	15069074	1991	253	88.73	CHG
12	15067951	15069074	974	9181	9.59	CHH
12	15348530	15353993	9839	250	97.52	CG
12	15348530	15353993	10261	1929	84.18	CHG
12	15348530	15353993	4278	52106	7.59	CHH
12	16142723	16142824	415	3	99.28	CG
12	16142723	16142824	324	36	90.00	CHG
12	16142723	16142824	76	942	7.47	CHH
12	16276461	16276731	448	7	98.46	CG
12	16276461	16276731	257	127	66.93	CHG
12	16276461	16276731	56	1165	4.59	CHH
12	16529727	16530963	3152	166	95.00	CG
12	16529727	16530963	1399	777	64.29	CHG
12	16529727	16530963	714	10233	6.52	CHH
12	17830991	17831311	65	67	49.24	CG
12	17830991	17831311	18	792	2.22	CHG
12	17830991	17831311	68	2634	2.52	CHH
12	18708202	18708465	232	7	97.07	CG
12	18708202	18708465	71	534	11.74	CHG
12	18708202	18708465	122	2922	4.01	CHH
12	18864903	18867127	4582	618	88.12	CG
12	18864903	18867127	2570	1211	67.97	CHG
12	18864903	18867127	5475	13310	29.15	CHH
12	19240695	19241251	300	24	92.59	CG
12	19240695	19241251	272	251	52.01	CHG
12	19240695	19241251	307	6613	4.44	CHH
12	20271167	20271395	308	9	97.16	CG
12	20271167	20271395	375	72	83.89	CHG
12	20271167	20271395	159	2656	5.65	CHH
12	21012743	21013159	297	337	46.85	CG
12	21012743	21013159	98	1172	7.72	CHG
12	21012743	21013159	222	3250	6.39	CHH
12	21325595	21326775	944	301	75.82	CG
12	21325595	21326775	141	3797	3.58	CHG
12	21325595	21326775	482	11723	3.95	CHH
12	21498142	21500190	2104	200	91.32	CG
12	21498142	21500190	200	5205	3.70	CHG
12	21498142	21500190	877	20582	4.09	CHH
12	21799965	21804009	1782	5436	24.69	CG
12	21799965	21804009	478	9310	4.88	CHG
12	21799965	21804009	1943	34870	5.28	CHH
12	22237684	22237932	30	1068	2.73	CG
12	22237684	22237932	30	853	3.40	CHG
12	22237684	22237932	58	1815	3.10	CHH
12	22424783	22424873	71	2	97.26	CG
12	22424783	22424873	13	433	2.91	CHG
12	22424783	22424873	30	819	3.53	CHH
12	22599880	22601854	1330	3546	27.28	CG
12	22599880	22601854	286	4395	6.11	CHG
12	22599880	22601854	1082	16236	6.25	CHH
12	22827958	22829855	1946	191	91.06	CG
12	22827958	22829855	2676	622	81.14	CHG
12	22827958	22829855	2269	14937	13.19	CHH
12	22914184	22914456	449	13	97.19	CG
12	22914184	22914456	607	83	87.97	CHG
12	22914184	22914456	198	2383	7.67	CHH
12	23044811	23045065	3	260	1.14	CG
12	23044811	23045065	17	934	1.79	CHG
12	23044811	23045065	69	2801	2.40	CHH
12	24286289	24286454	214	9	95.96	CG
12	24286289	24286454	45	100	31.03	CHG
12	24286289	24286454	68	2050	3.21	CHH
12	24305556	24308650	3552	193	94.85	CG
12	24305556	24308650	973	6714	12.66	CHG
12	24305556	24308650	1150	28150	3.92	CHH
12	24482972	24483119	9	171	5.00	CG
12	24482972	24483119	101	285	26.17	CHG
12	24482972	24483119	295	956	23.58	CHH
12	25415184	25415420	428	105	80.30	CG
12	25415184	25415420	62	192	24.41	CHG
12	25415184	25415420	321	1651	16.28	CHH
12	26429400	26431294	131	6319	2.03	CG
12	26429400	26431294	179	4846	3.56	CHG
12	26429400	26431294	475	14808	3.11	CHH
12	26619179	26619379	76	4	95.00	CG
12	26619179	26619379	6	428	1.38	CHG
12	26619179	26619379	73	2112	3.34	CHH
12	26739873	26743547	6645	175	97.43	CG
12	26739873	26743547	6559	1073	85.94	CHG
12	26739873	26743547	3349	32365	9.38	CHH
12	26756376	26756465	177	5	97.25	CG
12	26756376	26756465	51	48	51.52	CHG
12	26756376	26756465	50	665	6.99	CHH
