1	301401	301650	190	14	93.14	CG
1	301401	301650	27	78	25.71	CHG
1	301401	301650	710	1511	31.97	CHH
1	751422	751630	351	37	90.46	CG
1	751422	751630	26	65	28.57	CHG
1	751422	751630	262	1825	12.55	CHH
1	831964	832562	1274	29	97.77	CG
1	831964	832562	1021	176	85.30	CHG
1	831964	832562	907	3464	20.75	CHH
1	1349307	1349537	43	35	55.13	CHG
1	1349307	1349537	260	2236	10.42	CHH
1	1377440	1378052	217	9	96.02	CG
1	1377440	1378052	210	177	54.26	CHG
1	1377440	1378052	1241	6087	16.94	CHH
1	1788440	1788928	470	22	95.53	CG
1	1788440	1788928	1	27	3.57	CHG
1	1788440	1788928	450	4462	9.16	CHH
1	1789091	1789350	111	11	90.98	CG
1	1789091	1789350	38	121	23.90	CHG
1	1789091	1789350	444	2263	16.40	CHH
1	2238174	2238281	57	5	91.94	CG
1	2238174	2238281	36	15	70.59	CHG
1	2238174	2238281	36	1192	2.93	CHH
1	2260684	2260758	215	542	28.40	CHH
1	4981767	4981906	486	799	37.82	CHH
1	7687746	7687909	54	12	81.82	CG
1	7687746	7687909	3	26	10.34	CHG
1	7687746	7687909	111	1532	6.76	CHH
1	8431744	8431928	57	5	91.94	CG
1	8431744	8431928	375	1291	22.51	CHH
1	9585903	9586147	109	76	58.92	CHG
1	9585903	9586147	619	1872	24.85	CHH
1	9767360	9767454	41	5	89.13	CG
1	9767360	9767454	23	27	46.00	CHG
1	9767360	9767454	158	666	19.17	CHH
1	10432345	10432562	46	961	4.57	CG
1	10432345	10432562	14	476	2.86	CHG
1	10432345	10432562	17	1090	1.54	CHH
1	10834154	10834494	29	37	43.94	CHG
1	10834154	10834494	459	2631	14.85	CHH
1	10926897	10927718	2285	136	94.38	CG
1	10926897	10927718	1754	903	66.01	CHG
1	10926897	10927718	372	6042	5.80	CHH
1	11189069	11189507	995	262	79.16	CG
1	11189069	11189507	322	266	54.76	CHG
1	11189069	11189507	258	4183	5.81	CHH
1	11191256	11191497	584	77	88.35	CG
1	11191256	11191497	134	265	33.58	CHG
1	11191256	11191497	80	1426	5.31	CHH
1	11796108	11796316	28	138	16.87	CG
1	11796108	11796316	5	383	1.29	CHG
1	11796108	11796316	21	1506	1.38	CHH
1	11928347	11928520	61	1434	4.08	CHH
1	11940126	11940209	8	986	0.80	CHH
1	12597813	12598048	603	1323	31.31	CHH
1	14322168	14322402	252	13	95.09	CG
1	14322168	14322402	87	44	66.41	CHG
1	14322168	14322402	924	1343	40.76	CHH
1	14347206	14347429	50	25	66.67	CG
1	14347206	14347429	55	468	10.52	CHG
1	14347206	14347429	51	2346	2.13	CHH
1	14358588	14358799	116	11	91.34	CG
1	14358588	14358799	105	47	69.08	CHG
1	14358588	14358799	786	1038	43.09	CHH
1	16709412	16710638	2815	71	97.54	CG
1	16709412	16710638	1348	913	59.62	CHG
1	16709412	16710638	978	8143	10.72	CHH
1	17043053	17043218	414	10	97.64	CG
1	17043053	17043218	96	46	67.61	CHG
1	17043053	17043218	196	894	17.98	CHH
1	18600195	18600325	136	4	97.14	CG
1	18600195	18600325	28	20	58.33	CHG
1	18600195	18600325	125	1051	10.63	CHH
1	18600619	18600880	100	13	88.50	CG
1	18600619	18600880	75	3	96.15	CHG
1	18600619	18600880	106	2352	4.31	CHH
1	18984904	18985083	66	0	100.00	CG
1	18984904	18985083	27	74	26.73	CHG
1	18984904	18985083	200	1894	9.55	CHH
1	23765099	23765215	3	269	1.10	CG
1	23765099	23765215	11	229	4.58	CHG
1	23765099	23765215	19	868	2.14	CHH
1	24162719	24162945	896	1109	44.69	CHH
1	26098395	26098876	207	8	96.28	CG
1	26098395	26098876	159	25	86.41	CHG
1	26098395	26098876	2201	2523	46.59	CHH
1	26638981	26639111	57	4	93.44	CG
1	26638981	26639111	79	41	65.83	CHG
1	26638981	26639111	209	780	21.13	CHH
1	27335823	27335919	101	58	63.52	CG
1	27335823	27335919	12	65	15.58	CHG
1	27335823	27335919	168	713	19.07	CHH
1	27892634	27893201	282	14	95.27	CG
1	27892634	27893201	381	159	70.56	CHG
1	27892634	27893201	1159	5136	18.41	CHH
1	28104533	28104643	64	2	96.97	CG
1	28104533	28104643	556	506	52.35	CHH
1	28181036	28181173	49	7	87.50	CG
1	28181036	28181173	7	102	6.42	CHG
1	28181036	28181173	47	1141	3.96	CHH
1	28494153	28494502	58	1	98.31	CG
1	28494153	28494502	98	26	79.03	CHG
1	28494153	28494502	1243	2165	36.47	CHH
1	30431887	30432457	551	21	96.33	CG
1	30431887	30432457	94	78	54.65	CHG
1	30431887	30432457	1685	2970	36.20	CHH
1	31405810	31406074	89	11	89.00	CG
1	31405810	31406074	72	105	40.68	CHG
1	31405810	31406074	810	1458	35.71	CHH
1	31589315	31589440	395	888	30.79	CHH
1	31867822	31868209	138	10	93.24	CG
1	31867822	31868209	1140	3092	26.94	CHH
1	32128407	32128528	49	10	83.05	CG
1	32128407	32128528	422	904	31.83	CHH
1	32850978	32851159	103	26	79.84	CG
1	32850978	32851159	83	77	51.88	CHG
1	32850978	32851159	887	942	48.50	CHH
1	33209708	33209844	59	15	79.73	CG
1	33209708	33209844	14	18	43.75	CHG
1	33209708	33209844	359	1004	26.34	CHH
1	35537016	35537182	621	1380	31.03	CHH
1	37056464	37056585	80	32	71.43	CHG
1	37056464	37056585	491	822	37.40	CHH
1	37328188	37328369	129	10	92.81	CG
1	37328188	37328369	58	15	79.45	CHG
1	37328188	37328369	1353	546	71.25	CHH
1	38496092	38496280	257	13	95.19	CG
1	38496092	38496280	37	84	30.58	CHG
1	38496092	38496280	48	1829	2.56	CHH
1	38517320	38517498	30	23	56.60	CG
1	38517320	38517498	54	33	62.07	CHG
1	38517320	38517498	836	990	45.78	CHH
1	38671419	38671601	226	16	93.39	CG
1	38671419	38671601	599	1502	28.51	CHH
1	40300213	40300335	267	1370	16.31	CHH
1	40395626	40395876	48	23	67.61	CG
1	40395626	40395876	905	1741	34.20	CHH
1	40617610	40617749	10	514	1.91	CHG
1	40617610	40617749	11	906	1.20	CHH
1	40701980	40702243	50	2	96.15	CG
1	40701980	40702243	1603	580	73.43	CHH
1	41145044	41145188	452	1193	27.48	CHH
1	41155306	41155562	11	60	15.49	CHG
1	41155306	41155562	1035	1663	38.36	CHH
1	41890335	41890557	64	6	91.43	CG
1	41890335	41890557	265	262	50.28	CHG
1	41890335	41890557	776	1432	35.14	CHH
1	42087976	42088125	75	1313	5.40	CHH
1	42408453	42409215	1434	33	97.75	CG
1	42408453	42409215	790	480	62.20	CHG
1	42408453	42409215	532	4806	9.97	CHH
2	109398	109590	379	7	98.19	CG
2	109398	109590	305	130	70.11	CHG
2	109398	109590	202	1141	15.04	CHH
2	1869793	1870778	2047	69	96.74	CG
2	1869793	1870778	1336	578	69.80	CHG
2	1869793	1870778	1361	5861	18.85	CHH
2	2040558	2041143	957	77	92.55	CG
2	2040558	2041143	597	265	69.26	CHG
2	2040558	2041143	209	5535	3.64	CHH
2	2375551	2375771	479	1885	20.26	CHH
2	3701574	3702250	466	94	83.21	CG
2	3701574	3702250	177	583	23.29	CHG
2	3701574	3702250	669	6257	9.66	CHH
2	4194209	4194385	108	18	85.71	CHG
2	4194209	4194385	771	1059	42.13	CHH
2	4474885	4475212	600	21	96.62	CG
2	4474885	4475212	177	182	49.30	CHG
2	4474885	4475212	717	2685	21.08	CHH
2	4648186	4648420	197	8	96.10	CG
2	4648186	4648420	68	34	66.67	CHG
2	4648186	4648420	737	1598	31.56	CHH
2	4947306	4947538	78	8	90.70	CG
2	4947306	4947538	412	1795	18.67	CHH
2	5499042	5499299	457	27	94.42	CG
2	5499042	5499299	270	81	76.92	CHG
2	5499042	5499299	215	2190	8.94	CHH
2	5521685	5521830	77	8	90.59	CHG
2	5521685	5521830	750	287	72.32	CHH
2	6545608	6545822	46	7	86.79	CG
2	6545608	6545822	725	1227	37.14	CHH
2	6761735	6762038	114	17	87.02	CG
2	6761735	6762038	101	83	54.89	CHG
2	6761735	6762038	120	2593	4.42	CHH
2	6762287	6762792	339	36	90.40	CG
2	6762287	6762792	209	225	48.16	CHG
2	6762287	6762792	109	4374	2.43	CHH
2	7605117	7605555	155	2	98.73	CG
2	7605117	7605555	122	47	72.19	CHG
2	7605117	7605555	546	5043	9.77	CHH
2	7945618	7946024	136	18	88.31	CG
2	7945618	7946024	4	35	10.26	CHG
2	7945618	7946024	115	4121	2.71	CHH
2	8190084	8190413	56	8	87.50	CHG
2	8190084	8190413	920	2907	24.04	CHH
2	10791440	10791566	185	1215	13.21	CHH
2	11873649	11873886	55	5	91.67	CG
2	11873649	11873886	332	1816	15.46	CHH
2	12097817	12097953	133	4	97.08	CG
2	12097817	12097953	33	1323	2.43	CHH
2	12299222	12299385	37	27	57.81	CHG
2	12299222	12299385	170	1269	11.81	CHH
2	12333889	12333999	129	1	99.23	CG
2	12333889	12333999	55	67	45.08	CHG
2	12333889	12333999	25	1035	2.36	CHH
2	12582950	12583307	207	9	95.83	CG
2	12582950	12583307	57	62	47.90	CHG
2	12582950	12583307	143	2912	4.68	CHH
2	13872268	13872613	146	259	36.05	CG
2	13872268	13872613	45	546	7.61	CHG
2	13872268	13872613	45	3235	1.37	CHH
2	13948832	13949084	76	37	67.26	CHG
2	13948832	13949084	975	1175	45.35	CHH
2	15589940	15590192	49	33	59.76	CG
2	15589940	15590192	182	417	30.38	CHG
2	15589940	15590192	1133	1339	45.83	CHH
2	17785746	17785984	100	4	96.15	CG
2	17785746	17785984	884	1141	43.65	CHH
2	19211404	19211621	100	5	95.24	CG
2	19211404	19211621	13	14	48.15	CHG
2	19211404	19211621	796	943	45.77	CHH
2	19443247	19443361	130	6	95.59	CG
2	19443247	19443361	9	24	27.27	CHG
2	19443247	19443361	111	991	10.07	CHH
2	19977858	19978135	354	29	92.43	CG
2	19977858	19978135	332	390	45.98	CHG
2	19977858	19978135	94	2711	3.35	CHH
2	20745916	20746102	139	3	97.89	CG
2	20745916	20746102	69	35	66.35	CHG
2	20745916	20746102	416	1455	22.23	CHH
2	22202087	22202425	540	89	85.85	CG
2	22202087	22202425	30	171	14.93	CHG
2	22202087	22202425	122	2541	4.58	CHH
2	22399133	22399342	153	10	93.87	CG
2	22399133	22399342	504	2214	18.54	CHH
2	23077446	23077593	628	1123	35.87	CHH
2	23988341	23988565	24	31	43.64	CHG
2	23988341	23988565	1550	526	74.66	CHH
2	24094388	24094772	71	1	98.61	CG
2	24094388	24094772	155	128	54.77	CHG
2	24094388	24094772	1529	1914	44.41	CHH
2	24587774	24587906	106	17	86.18	CG
2	24587774	24587906	51	19	72.86	CHG
2	24587774	24587906	204	1457	12.28	CHH
2	24968367	24968732	217	29	88.21	CG
2	24968367	24968732	209	144	59.21	CHG
2	24968367	24968732	761	2190	25.79	CHH
2	25258399	25258520	204	859	19.19	CHH
2	25342968	25343092	41	3	93.18	CG
2	25342968	25343092	38	16	70.37	CHG
2	25342968	25343092	121	881	12.08	CHH
2	25971572	25971883	331	813	28.93	CHH
2	27849839	27850325	1057	46	95.83	CG
2	27849839	27850325	258	270	48.86	CHG
2	27849839	27850325	521	3702	12.34	CHH
2	27969163	27969436	88	12	88.00	CG
2	27969163	27969436	58	65	47.15	CHG
2	27969163	27969436	720	1250	36.55	CHH
2	28230238	28230572	300	78	79.37	CHG
2	28230238	28230572	505	3520	12.55	CHH
2	28737277	28737416	149	1492	9.08	CHH
2	28787543	28787788	164	4	97.62	CG
2	28787543	28787788	39	46	45.88	CHG
2	28787543	28787788	377	1708	18.08	CHH
2	29123726	29123981	506	1727	22.66	CHH
2	30949004	30949191	135	8	94.41	CG
2	30949004	30949191	41	30	57.75	CHG
2	30949004	30949191	663	1344	33.03	CHH
2	31639383	31639502	53	6	89.83	CG
2	31639383	31639502	236	831	22.12	CHH
2	32251509	32251649	44	30	59.46	CHG
2	32251509	32251649	571	1211	32.04	CHH
2	32687570	32687718	27	343	7.30	CG
2	32687570	32687718	8	336	2.33	CHG
2	32687570	32687718	23	1234	1.83	CHH
2	32980551	32980821	532	2293	18.83	CHH
2	33849781	33850113	246	27	90.11	CG
2	33849781	33850113	108	122	46.96	CHG
2	33849781	33850113	75	2739	2.67	CHH
2	33970498	33970631	5	191	2.55	CG
2	33970498	33970631	4	329	1.20	CHG
2	33970498	33970631	34	1431	2.32	CHH
2	34234930	34235049	210	783	21.15	CHH
2	34582792	34582911	50	8	86.21	CHG
2	34582792	34582911	605	902	40.15	CHH
2	34952077	34952811	896	322	73.56	CG
2	34952077	34952811	245	553	30.70	CHG
2	34952077	34952811	132	6787	1.91	CHH
2	34955560	34955809	962	1310	42.34	CHH
3	811663	812098	1094	67	94.23	CG
3	811663	812098	190	200	48.72	CHG
3	811663	812098	296	3664	7.47	CHH
3	881089	881240	920	41	95.73	CG
3	881089	881240	18	349	4.90	CHG
3	881089	881240	70	1299	5.11	CHH
3	1354664	1354914	260	5	98.11	CG
3	1354664	1354914	206	151	57.70	CHG
3	1354664	1354914	281	1921	12.76	CHH
3	2169030	2169371	889	53	94.37	CG
3	2169030	2169371	154	235	39.59	CHG
3	2169030	2169371	272	3661	6.92	CHH
3	3169366	3169453	294	577	33.75	CHH
3	3832576	3832832	62	2	96.88	CG
3	3832576	3832832	95	32	74.80	CHG
3	3832576	3832832	1885	631	74.92	CHH
3	6047207	6047392	120	11	91.60	CG
3	6047207	6047392	20	54	27.03	CHG
3	6047207	6047392	557	1728	24.38	CHH
3	6570907	6571273	771	32	96.01	CG
3	6570907	6571273	119	157	43.12	CHG
3	6570907	6571273	332	2932	10.17	CHH
3	7246619	7246872	535	31	94.52	CG
3	7246619	7246872	100	108	48.08	CHG
3	7246619	7246872	179	2240	7.40	CHH
3	8015940	8016118	235	1905	10.98	CHH
3	8409618	8409743	1	305	0.33	CG
3	8409618	8409743	12	233	4.90	CHG
3	8409618	8409743	15	1198	1.24	CHH
3	8629457	8629689	42	6	87.50	CG
3	8629457	8629689	48	0	100.00	CHG
3	8629457	8629689	576	922	38.45	CHH
3	8942617	8943063	433	20	95.58	CG
3	8942617	8943063	443	106	80.69	CHG
3	8942617	8943063	1011	4499	18.35	CHH
3	9319923	9320317	305	21	93.56	CG
3	9319923	9320317	46	36	56.10	CHG
3	9319923	9320317	142	2555	5.27	CHH
3	11067334	11067625	47	8	85.45	CG
3	11067334	11067625	55	4	93.22	CHG
3	11067334	11067625	758	1769	30.00	CHH
3	11642409	11642580	94	45	67.63	CHG
3	11642409	11642580	1404	349	80.09	CHH
3	11857284	11857411	15	43	25.86	CHG
3	11857284	11857411	62	927	6.27	CHH
3	12675151	12675358	48	3	94.12	CG
3	12675151	12675358	4	15	21.05	CHG
3	12675151	12675358	246	1794	12.06	CHH
3	13124743	13124928	103	12	89.57	CG
3	13124743	13124928	53	4	92.98	CHG
3	13124743	13124928	1479	281	84.03	CHH
3	13748697	13748918	74	5	93.67	CHG
3	13748697	13748918	1121	1636	40.66	CHH
3	14057905	14058092	316	22	93.49	CG
3	14057905	14058092	54	39	58.06	CHG
3	14057905	14058092	98	2062	4.54	CHH
3	14749193	14749460	136	16	89.47	CG
3	14749193	14749460	902	2224	28.85	CHH
3	15103668	15103782	78	4	95.12	CHG
3	15103668	15103782	338	1085	23.75	CHH
3	15113224	15113412	125	1611	7.20	CHH
3	15134383	15134587	210	2142	8.93	CHH
3	15613686	15613799	1	181	0.55	CG
3	15613686	15613799	2	178	1.11	CHG
3	15613686	15613799	17	832	2.00	CHH
3	16709783	16710100	479	25	95.04	CG
3	16709783	16710100	287	161	64.06	CHG
3	16709783	16710100	126	2327	5.14	CHH
3	16776362	16776567	133	1579	7.77	CHH
3	17308009	17308190	54	1	98.18	CG
3	17308009	17308190	43	5	89.58	CHG
3	17308009	17308190	179	1547	10.37	CHH
3	17916587	17916910	196	22	89.91	CG
3	17916587	17916910	50	10	83.33	CHG
3	17916587	17916910	1354	897	60.15	CHH
3	18637898	18638001	57	13	81.43	CG
3	18637898	18638001	296	987	23.07	CHH
3	20725201	20725339	51	4	92.73	CG
3	20725201	20725339	49	13	79.03	CHG
3	20725201	20725339	115	1430	7.44	CHH
3	23359385	23359602	111	16	87.40	CG
3	23359385	23359602	4	25	13.79	CHG
3	23359385	23359602	130	1820	6.67	CHH
3	24411908	24412466	252	550	31.42	CG
3	24411908	24412466	40	637	5.91	CHG
3	24411908	24412466	90	5677	1.56	CHH
3	24572450	24572571	57	1567	3.51	CHH
3	24924369	24924505	118	12	90.77	CG
3	24924369	24924505	8	25	24.24	CHG
3	24924369	24924505	577	1004	36.50	CHH
3	25320199	25320294	164	779	17.39	CHH
3	26123077	26123398	267	24	91.75	CG
3	26123077	26123398	256	371	40.83	CHG
3	26123077	26123398	143	2531	5.35	CHH
3	26143599	26144289	357	607	37.03	CG
3	26143599	26144289	108	1051	9.32	CHG
3	26143599	26144289	246	6528	3.63	CHH
3	26819731	26819992	44	22	66.67	CHG
3	26819731	26819992	340	2228	13.24	CHH
3	27436719	27436866	51	9	85.00	CHG
3	27436719	27436866	270	827	24.61	CHH
3	27617928	27618015	8	155	4.91	CG
3	27617928	27618015	9	96	8.57	CHG
3	27617928	27618015	19	605	3.04	CHH
3	27618313	27618751	179	83	68.32	CG
3	27618313	27618751	120	575	17.27	CHG
3	27618313	27618751	106	3580	2.88	CHH
3	27626160	27626452	226	39	85.28	CG
3	27626160	27626452	15	166	8.29	CHG
3	27626160	27626452	191	2118	8.27	CHH
3	27785308	27785617	51	17	75.00	CG
3	27785308	27785617	535	2676	16.66	CHH
3	28228225	28228487	804	2388	25.19	CHH
3	29591935	29592097	55	10	84.62	CG
3	29591935	29592097	19	20	48.72	CHG
3	29591935	29592097	791	1150	40.75	CHH
3	29675163	29675476	42	6	87.50	CG
3	29675163	29675476	556	1784	23.76	CHH
3	29885011	29885181	55	1	98.21	CG
3	29885011	29885181	59	21	73.75	CHG
3	29885011	29885181	384	1179	24.57	CHH
3	30100210	30100463	70	2	97.22	CG
3	30100210	30100463	372	2376	13.54	CHH
3	30420791	30420983	941	1290	42.18	CHH
3	30830679	30830818	470	789	37.33	CHH
3	31089191	31090510	3180	94	97.13	CG
3	31089191	31090510	2044	605	77.16	CHG
3	31089191	31090510	2251	8110	21.73	CHH
3	31423977	31424278	463	2351	16.45	CHH
3	31722863	31723138	1689	2210	43.32	CHH
3	32006376	32006716	65	8	89.04	CHG
3	32006376	32006716	1210	2167	35.83	CHH
3	32110687	32111197	735	29	96.20	CG
3	32110687	32111197	410	259	61.29	CHG
3	32110687	32111197	1062	2258	31.99	CHH
3	32173553	32173723	58	145	28.57	CHG
3	32173553	32173723	24	1481	1.59	CHH
3	32182087	32182430	62	7	89.86	CG
3	32182087	32182430	11	71	13.41	CHG
3	32182087	32182430	1408	2361	37.36	CHH
3	33684752	33685642	1441	80	94.74	CG
3	33684752	33685642	652	768	45.92	CHG
3	33684752	33685642	459	8628	5.05	CHH
4	468669	468758	216	864	20.00	CHH
4	4915709	4916399	1355	29	97.90	CG
4	4915709	4916399	579	263	68.76	CHG
4	4915709	4916399	1089	4649	18.98	CHH
4	7381268	7381662	160	7	95.81	CG
4	7381268	7381662	232	175	57.00	CHG
4	7381268	7381662	305	3279	8.51	CHH
4	7888722	7888904	132	5	96.35	CG
4	7888722	7888904	55	7	88.71	CHG
4	7888722	7888904	423	1189	26.24	CHH
4	7955024	7955201	150	5	96.77	CG
4	7955024	7955201	57	12	82.61	CHG
4	7955024	7955201	588	1137	34.09	CHH
4	15396846	15397090	547	32	94.47	CG
4	15396846	15397090	317	286	52.57	CHG
4	15396846	15397090	107	2114	4.82	CHH
4	19683995	19684552	490	473	50.88	CG
4	19683995	19684552	155	1017	13.23	CHG
4	19683995	19684552	140	5112	2.67	CHH
4	19744896	19745083	53	41	56.38	CG
4	19744896	19745083	143	1475	8.84	CHH
4	20001003	20001260	103	19	84.43	CHG
4	20001003	20001260	1421	1419	50.04	CHH
4	20595423	20595521	60	11	84.51	CG
4	20595423	20595521	6	24	20.00	CHG
4	20595423	20595521	115	1075	9.66	CHH
4	21627729	21627912	116	4	96.67	CG
4	21627729	21627912	73	15	82.95	CHG
4	21627729	21627912	1032	562	64.74	CHH
4	21744228	21744373	72	39	64.86	CG
4	21744228	21744373	0	28	0.00	CHG
4	21744228	21744373	303	1080	21.91	CHH
4	21934032	21934221	282	1619	14.83	CHH
4	21962681	21962889	169	6	96.57	CG
4	21962681	21962889	66	59	52.80	CHG
4	21962681	21962889	523	1503	25.81	CHH
4	22575513	22575843	375	3884	8.80	CHH
4	24030042	24030690	381	18	95.49	CG
4	24030042	24030690	379	162	70.06	CHG
4	24030042	24030690	1175	5186	18.47	CHH
4	24127511	24127670	163	2	98.79	CG
4	24127511	24127670	70	9	88.61	CHG
4	24127511	24127670	828	1102	42.90	CHH
4	25426804	25426964	5	50	9.09	CHG
4	25426804	25426964	207	1304	13.70	CHH
4	25457672	25458128	1065	38	96.55	CG
4	25457672	25458128	202	199	50.37	CHG
4	25457672	25458128	689	4287	13.85	CHH
4	25472006	25472224	5	67	6.94	CHG
4	25472006	25472224	228	1774	11.39	CHH
4	25475165	25475574	220	6	97.35	CG
4	25475165	25475574	135	574	19.04	CHG
4	25475165	25475574	580	3621	13.81	CHH
4	26530153	26530244	131	746	14.94	CHH
4	27630370	27630458	141	940	13.04	CHH
4	27903713	27903888	195	1848	9.54	CHH
4	27907257	27907388	61	11	84.72	CG
4	27907257	27907388	4	27	12.90	CHG
4	27907257	27907388	295	1206	19.65	CHH
4	28531802	28532069	73	5	93.59	CG
4	28531802	28532069	4	33	10.81	CHG
4	28531802	28532069	211	2933	6.71	CHH
4	28847972	28848187	49	1	98.00	CG
4	28847972	28848187	15	15	50.00	CHG
4	28847972	28848187	239	1646	12.68	CHH
4	29191225	29191443	70	4	94.59	CG
4	29191225	29191443	45	145	23.68	CHG
4	29191225	29191443	360	2089	14.70	CHH
4	30022367	30022520	119	19	86.23	CG
4	30022367	30022520	238	1715	12.19	CHH
4	30176025	30176485	240	42	85.11	CG
4	30176025	30176485	16	96	14.29	CHG
4	30176025	30176485	1804	2608	40.89	CHH
4	32693175	32693646	856	49	94.59	CG
4	32693175	32693646	540	305	63.91	CHG
4	32693175	32693646	278	3156	8.10	CHH
4	33655119	33655383	216	11	95.15	CG
4	33655119	33655383	161	2070	7.22	CHH
4	33656481	33656726	757	25	96.80	CG
4	33656481	33656726	39	100	28.06	CHG
4	33656481	33656726	99	1599	5.83	CHH
4	33881401	33881625	439	12	97.34	CG
4	33881401	33881625	334	198	62.78	CHG
4	33881401	33881625	258	1372	15.83	CHH
4	35050130	35050413	0	232	0.00	CG
4	35050130	35050413	3	302	0.98	CHG
4	35050130	35050413	24	2388	1.00	CHH
5	490310	490462	358	19	94.96	CG
5	490310	490462	271	118	69.67	CHG
5	490310	490462	220	1030	17.60	CHH
5	1679699	1679790	624	679	47.89	CHH
5	2851958	2852160	445	1616	21.59	CHH
5	4894101	4894252	292	1575	15.64	CHH
5	5433067	5433323	129	3	97.73	CG
5	5433067	5433323	106	83	56.08	CHG
5	5433067	5433323	622	1749	26.23	CHH
5	5754539	5754748	62	63	49.60	CG
5	5754539	5754748	39	56	41.05	CHG
5	5754539	5754748	318	1621	16.40	CHH
5	6765407	6765604	149	10	93.71	CG
5	6765407	6765604	102	128	44.35	CHG
5	6765407	6765604	123	1647	6.95	CHH
5	6820542	6820679	61	6	91.04	CG
5	6820542	6820679	9	22	29.03	CHG
5	6820542	6820679	357	913	28.11	CHH
5	7418842	7418942	304	843	26.50	CHH
5	7972537	7972780	47	14	77.05	CG
5	7972537	7972780	20	37	35.09	CHG
5	7972537	7972780	470	2123	18.13	CHH
5	10755227	10755310	133	9	93.66	CG
5	10755227	10755310	24	586	3.93	CHH
5	10919623	10920166	664	170	79.62	CG
5	10919623	10920166	101	177	36.33	CHG
5	10919623	10920166	232	4299	5.12	CHH
5	16273063	16273157	136	936	12.69	CHH
5	16311105	16311318	104	9	92.04	CG
5	16311105	16311318	80	67	54.42	CHG
5	16311105	16311318	435	1665	20.71	CHH
5	16856035	16856371	300	15	95.24	CG
5	16856035	16856371	309	118	72.37	CHG
5	16856035	16856371	156	2828	5.23	CHH
5	17137118	17137270	57	1	98.28	CG
5	17137118	17137270	1059	588	64.30	CHH
5	17258135	17258245	45	7	86.54	CG
5	17258135	17258245	314	524	37.47	CHH
5	17317435	17317693	106	7	93.81	CG
5	17317435	17317693	87	102	46.03	CHG
5	17317435	17317693	555	1950	22.16	CHH
5	19716275	19716490	46	1	97.87	CG
5	19716275	19716490	7	19	26.92	CHG
5	19716275	19716490	228	1698	11.84	CHH
5	21149049	21149184	1	303	0.33	CG
5	21149049	21149184	13	273	4.55	CHG
5	21149049	21149184	18	1309	1.36	CHH
5	21464548	21464805	750	2158	25.79	CHH
5	21857485	21857720	280	7	97.56	CG
5	21857485	21857720	265	122	68.48	CHG
5	21857485	21857720	153	2068	6.89	CHH
5	21875509	21875764	230	6	97.46	CG
5	21875509	21875764	197	91	68.40	CHG
5	21875509	21875764	302	1675	15.28	CHH
5	22000757	22000964	42	17	71.19	CHG
5	22000757	22000964	1251	375	76.94	CHH
5	22219878	22220102	1288	543	70.34	CHH
5	22429520	22429752	91	9	91.00	CG
5	22429520	22429752	35	40	46.67	CHG
5	22429520	22429752	490	1627	23.15	CHH
5	22973734	22973969	914	1715	34.77	CHH
5	23987118	23987584	525	45	92.11	CG
5	23987118	23987584	649	425	60.43	CHG
5	23987118	23987584	170	4022	4.06	CHH
5	24142822	24143088	241	10	96.02	CG
5	24142822	24143088	15	82	15.46	CHG
5	24142822	24143088	734	1578	31.75	CHH
5	24848633	24848969	90	81	52.63	CHG
5	24848633	24848969	793	2759	22.33	CHH
5	25347572	25347835	141	370	27.59	CG
5	25347572	25347835	12	559	2.10	CHG
5	25347572	25347835	70	2942	2.32	CHH
5	25348057	25348813	344	33	91.25	CG
5	25348057	25348813	164	1478	9.99	CHG
5	25348057	25348813	164	6285	2.54	CHH
5	25916465	25916630	44	22	66.67	CHG
5	25916465	25916630	486	1473	24.81	CHH
5	26950841	26950938	66	3	95.65	CG
5	26950841	26950938	158	928	14.55	CHH
5	26989629	26989802	23	32	41.82	CHG
5	26989629	26989802	1040	691	60.08	CHH
6	302524	302830	52	2	96.30	CG
6	302524	302830	781	2064	27.45	CHH
6	2377299	2377436	97	24	80.17	CG
6	2377299	2377436	3	87	3.33	CHG
6	2377299	2377436	20	1018	1.93	CHH
6	2717082	2717211	502	1083	31.67	CHH
6	2924454	2924561	91	11	89.22	CG
6	2924454	2924561	43	594	6.75	CHH
6	3943947	3944133	288	1641	14.93	CHH
6	4186290	4186414	263	1330	16.51	CHH
6	5151759	5151869	594	643	48.02	CHH
6	5377103	5377226	10	50	16.67	CHG
6	5377103	5377226	326	1033	23.99	CHH
6	6081368	6081698	22	852	2.52	CG
6	6081368	6081698	6	398	1.49	CHG
6	6081368	6081698	76	3365	2.21	CHH
6	7060562	7060710	710	860	45.22	CHH
6	7540043	7540265	158	3	98.14	CG
6	7540043	7540265	56	23	70.89	CHG
6	7540043	7540265	530	1909	21.73	CHH
6	7540556	7540748	70	37	65.42	CG
6	7540556	7540748	222	1135	16.36	CHH
6	7725720	7725950	355	20	94.67	CG
6	7725720	7725950	213	318	40.11	CHG
6	7725720	7725950	53	1545	3.32	CHH
6	8356414	8356617	447	1351	24.86	CHH
6	8927960	8928209	56	8	87.50	CG
6	8927960	8928209	234	198	54.17	CHG
6	8927960	8928209	557	1407	28.36	CHH
6	9469938	9470183	496	1818	21.43	CHH
6	11300952	11301165	3	68	4.23	CG
6	11300952	11301165	57	144	28.36	CHG
6	11300952	11301165	79	2440	3.14	CHH
6	11305250	11305430	3	279	1.06	CG
6	11305250	11305430	1	49	2.00	CHG
6	11305250	11305430	43	1230	3.38	CHH
6	11997277	11997419	188	15	92.61	CG
6	11997277	11997419	51	55	48.11	CHG
6	11997277	11997419	34	1474	2.25	CHH
6	13738650	13738842	89	20	81.65	CG
6	13738650	13738842	12	241	4.74	CHG
6	13738650	13738842	19	1547	1.21	CHH
6	13951510	13951630	97	12	88.99	CG
6	13951510	13951630	108	121	47.16	CHG
6	13951510	13951630	44	979	4.30	CHH
6	14809518	14809915	235	7	97.11	CG
6	14809518	14809915	164	181	47.54	CHG
6	14809518	14809915	1209	2392	33.57	CHH
6	19710274	19711097	631	154	80.38	CG
6	19710274	19711097	330	1184	21.80	CHG
6	19710274	19711097	306	6327	4.61	CHH
6	20384125	20384463	62	259	19.31	CG
6	20384125	20384463	38	431	8.10	CHG
6	20384125	20384463	99	2785	3.43	CHH
6	22376044	22376666	322	78	80.50	CG
6	22376044	22376666	23	205	10.09	CHG
6	22376044	22376666	332	5880	5.34	CHH
6	23395298	23395797	229	9	96.22	CG
6	23395298	23395797	59	49	54.63	CHG
6	23395298	23395797	1189	3257	26.74	CHH
6	23537611	23537873	82	35	70.09	CHG
6	23537611	23537873	498	2329	17.62	CHH
6	24030066	24030155	62	51	54.87	CHG
6	24030066	24030155	446	349	56.10	CHH
6	24282820	24282990	97	12	88.99	CHG
6	24282820	24282990	1391	779	64.10	CHH
6	25073298	25073513	127	11	92.03	CG
6	25073298	25073513	57	116	32.95	CHG
6	25073298	25073513	640	1587	28.74	CHH
6	25078471	25078618	14	51	21.54	CHG
6	25078471	25078618	180	1280	12.33	CHH
6	25314682	25315364	345	16	95.57	CG
6	25314682	25315364	252	147	63.16	CHG
6	25314682	25315364	1282	5263	19.59	CHH
6	26183206	26183498	72	8	90.00	CG
6	26183206	26183498	819	2249	26.69	CHH
6	26270983	26271153	53	5	91.38	CG
6	26270983	26271153	38	19	66.67	CHG
6	26270983	26271153	1180	531	68.97	CHH
6	26899910	26900127	67	9	88.16	CG
6	26899910	26900127	385	1897	16.87	CHH
6	27022910	27023085	205	25	89.13	CG
6	27022910	27023085	120	1636	6.83	CHH
6	29399343	29399607	112	21	84.21	CG
6	29399343	29399607	25	61	29.07	CHG
6	29399343	29399607	1040	2019	34.00	CHH
6	30191023	30191331	209	8	96.31	CG
6	30191023	30191331	348	90	79.45	CHG
6	30191023	30191331	730	1909	27.66	CHH
6	30403805	30404034	223	1412	13.64	CHH
6	30913757	30913901	68	7	90.67	CG
6	30913757	30913901	16	26	38.10	CHG
6	30913757	30913901	708	1081	39.58	CHH
7	436559	436644	207	999	17.16	CHH
7	553125	553382	1	61	1.61	CHG
7	553125	553382	207	2792	6.90	CHH
7	1581483	1581569	8	55	12.70	CHG
7	1581483	1581569	134	852	13.59	CHH
7	2236802	2236948	110	4	96.49	CG
7	2236802	2236948	15	13	53.57	CHG
7	2236802	2236948	37	1414	2.55	CHH
7	2529367	2529520	781	406	65.80	CHH
7	3142735	3143078	630	21	96.77	CG
7	3142735	3143078	283	389	42.11	CHG
7	3142735	3143078	314	3026	9.40	CHH
7	3169312	3169590	6	63	8.70	CHG
7	3169312	3169590	443	3051	12.68	CHH
7	3220899	3221205	41	10	80.39	CG
7	3220899	3221205	534	2589	17.10	CHH
7	3739834	3740067	167	7	95.98	CG
7	3739834	3740067	79	37	68.10	CHG
7	3739834	3740067	858	1140	42.94	CHH
7	4348410	4348541	0	135	0.00	CG
7	4348410	4348541	0	101	0.00	CHG
7	4348410	4348541	17	673	2.46	CHH
7	5121301	5121458	49	60	44.95	CG
7	5121301	5121458	24	31	43.64	CHG
7	5121301	5121458	382	847	31.08	CHH
7	6141659	6141862	587	18	97.02	CG
7	6141659	6141862	245	137	64.14	CHG
7	6141659	6141862	349	1965	15.08	CHH
7	7806227	7806511	21	52	28.77	CHG
7	7806227	7806511	796	2048	27.99	CHH
7	8049142	8049326	519	17	96.83	CG
7	8049142	8049326	79	153	34.05	CHG
7	8049142	8049326	200	1820	9.90	CHH
7	8294134	8294483	2	426	0.47	CG
7	8294134	8294483	5	554	0.89	CHG
7	8294134	8294483	38	3028	1.24	CHH
7	8334119	8334358	14	56	20.00	CHG
7	8334119	8334358	550	2177	20.17	CHH
7	8993394	8993705	111	7	94.07	CG
7	8993394	8993705	291	2423	10.72	CHH
7	13286370	13286485	185	959	16.17	CHH
7	15188698	15188829	15	47	24.19	CHG
7	15188698	15188829	53	1488	3.44	CHH
7	15431878	15432092	171	9	95.00	CG
7	15431878	15432092	49	32	60.49	CHG
7	15431878	15432092	819	1126	42.11	CHH
7	15677983	15678606	297	605	32.93	CG
7	15677983	15678606	108	785	12.09	CHG
7	15677983	15678606	85	3929	2.12	CHH
7	16599468	16599909	121	75	61.73	CG
7	16599468	16599909	27	847	3.09	CHG
7	16599468	16599909	93	3924	2.32	CHH
7	17099241	17099723	48	13	78.69	CHG
7	17099241	17099723	1910	2612	42.24	CHH
7	17790357	17790553	31	25	55.36	CG
7	17790357	17790553	87	89	49.43	CHG
7	17790357	17790553	1014	1081	48.40	CHH
7	18624941	18625154	61	4	93.85	CG
7	18624941	18625154	49	47	51.04	CHG
7	18624941	18625154	540	1542	25.94	CHH
7	18712663	18712940	608	2607	18.91	CHH
7	19254932	19255653	60	768	7.25	CG
7	19254932	19255653	22	2294	0.95	CHG
7	19254932	19255653	95	6413	1.46	CHH
7	20129015	20129222	462	1567	22.77	CHH
7	20150949	20151108	56	2	96.55	CG
7	20150949	20151108	76	73	51.01	CHG
7	20150949	20151108	155	1710	8.31	CHH
7	20424851	20425235	43	15	74.14	CG
7	20424851	20425235	244	3405	6.69	CHH
7	21311702	21311873	121	3	97.58	CG
7	21311702	21311873	148	40	78.72	CHG
7	21311702	21311873	1014	680	59.86	CHH
7	22392996	22393180	227	23	90.80	CG
7	22392996	22393180	175	64	73.22	CHG
7	22392996	22393180	97	1609	5.69	CHH
7	22532503	22532689	679	1267	34.89	CHH
7	22933956	22934220	775	35	95.68	CG
7	22933956	22934220	256	136	65.31	CHG
7	22933956	22934220	324	2240	12.64	CHH
7	24616760	24617444	988	112	89.82	CG
7	24616760	24617444	559	372	60.04	CHG
7	24616760	24617444	405	4599	8.09	CHH
7	24811648	24811977	57	2	96.61	CG
7	24811648	24811977	25	33	43.10	CHG
7	24811648	24811977	698	3082	18.47	CHH
7	24948880	24949085	632	1561	28.82	CHH
7	25909857	25910353	476	36	92.97	CG
7	25909857	25910353	460	448	50.66	CHG
7	25909857	25910353	409	4674	8.05	CHH
7	26251607	26251758	490	807	37.78	CHH
7	26258085	26258557	864	46	94.95	CG
7	26258085	26258557	186	201	48.06	CHG
7	26258085	26258557	609	3124	16.31	CHH
7	27119822	27120089	49	2	96.08	CG
7	27119822	27120089	8	43	15.69	CHG
7	27119822	27120089	853	1479	36.58	CHH
7	27169621	27169836	1	67	1.47	CG
7	27169621	27169836	16	472	3.28	CHG
7	27169621	27169836	51	2246	2.22	CHH
7	27307263	27307688	589	23	96.24	CG
7	27307263	27307688	373	273	57.74	CHG
7	27307263	27307688	420	2881	12.72	CHH
7	28376367	28376563	66	3	95.65	CG
7	28376367	28376563	48	21	69.57	CHG
7	28376367	28376563	454	1708	21.00	CHH
7	29243799	29244004	485	1877	20.53	CHH
7	29311074	29311344	676	1461	31.63	CHH
7	29467990	29468204	853	1433	37.31	CHH
8	1575049	1575210	347	1356	20.38	CHH
8	1623373	1623626	66	3	95.65	CG
8	1623373	1623626	4	29	12.12	CHG
8	1623373	1623626	392	2121	15.60	CHH
8	2431336	2431426	44	155	22.11	CG
8	2431336	2431426	7	24	22.58	CHG
8	2431336	2431426	56	947	5.58	CHH
8	3073639	3073816	35	91	27.78	CG
8	3073639	3073816	48	344	12.24	CHG
8	3073639	3073816	47	1626	2.81	CHH
8	3388417	3388667	109	19	85.16	CG
8	3388417	3388667	62	58	51.67	CHG
8	3388417	3388667	1352	1317	50.66	CHH
8	3751907	3752073	342	20	94.48	CG
8	3751907	3752073	153	117	56.67	CHG
8	3751907	3752073	72	1475	4.65	CHH
8	3958363	3958508	634	847	42.81	CHH
8	5131858	5132029	92	27	77.31	CHG
8	5131858	5132029	759	1047	42.03	CHH
8	5321619	5321826	65	4	94.20	CG
8	5321619	5321826	23	14	62.16	CHG
8	5321619	5321826	1165	1662	41.21	CHH
8	5680035	5680214	131	4	97.04	CG
8	5680035	5680214	126	13	90.65	CHG
8	5680035	5680214	387	1962	16.48	CHH
8	5836841	5837082	220	8	96.49	CG
8	5836841	5837082	813	1845	30.59	CHH
8	6111458	6111746	309	3	99.04	CG
8	6111458	6111746	142	136	51.08	CHG
8	6111458	6111746	329	2405	12.03	CHH
8	6753823	6754136	51	3	94.44	CG
8	6753823	6754136	129	43	75.00	CHG
8	6753823	6754136	839	2141	28.15	CHH
8	7603360	7603612	133	7	95.00	CG
8	7603360	7603612	860	1510	36.29	CHH
8	8071926	8072156	343	26	92.95	CG
8	8071926	8072156	42	81	34.15	CHG
8	8071926	8072156	734	1804	28.92	CHH
8	10060129	10060270	726	643	53.03	CHH
8	10886885	10887057	115	18	86.47	CG
8	10886885	10887057	0	36	0.00	CHG
8	10886885	10887057	27	1618	1.64	CHH
8	11782944	11783090	59	30	66.29	CHG
8	11782944	11783090	454	1057	30.05	CHH
8	12350212	12350309	78	4	95.12	CG
8	12350212	12350309	11	31	26.19	CHG
8	12350212	12350309	300	881	25.40	CHH
8	15503593	15503835	48	5	90.57	CG
8	15503593	15503835	782	1348	36.71	CHH
8	18141156	18141305	145	1459	9.04	CHH
8	19423131	19423387	34	23	59.65	CG
8	19423131	19423387	2	24	7.69	CHG
8	19423131	19423387	471	1584	22.92	CHH
8	20377385	20377714	875	47	94.90	CG
8	20377385	20377714	111	202	35.46	CHG
8	20377385	20377714	366	3397	9.73	CHH
8	20558563	20558824	50	15	76.92	CG
8	20558563	20558824	73	34	68.22	CHG
8	20558563	20558824	1408	1091	56.34	CHH
8	21654366	21654527	137	45	75.27	CG
8	21654366	21654527	57	126	31.15	CHG
8	21654366	21654527	103	897	10.30	CHH
8	22741998	22742320	18	58	23.68	CHG
8	22741998	22742320	990	2480	28.53	CHH
8	22776595	22776863	57	2	96.61	CG
8	22776595	22776863	181	156	53.71	CHG
8	22776595	22776863	985	1317	42.79	CHH
8	22948102	22948411	45	20	69.23	CG
8	22948102	22948411	420	2800	13.04	CHH
8	23349964	23350100	125	12	91.24	CG
8	23349964	23350100	153	1844	7.66	CHH
8	23488434	23488729	354	45	88.72	CG
8	23488434	23488729	145	97	59.92	CHG
8	23488434	23488729	703	2272	23.63	CHH
8	24309357	24309533	7	151	4.43	CG
8	24309357	24309533	15	437	3.32	CHG
8	24309357	24309533	54	1615	3.24	CHH
8	24422312	24422568	48	5	90.57	CG
8	24422312	24422568	72	68	51.43	CHG
8	24422312	24422568	494	1823	21.32	CHH
8	24735337	24736197	639	36	94.67	CG
8	24735337	24736197	456	641	41.57	CHG
8	24735337	24736197	231	8194	2.74	CHH
8	24736834	24737078	725	27	96.41	CG
8	24736834	24737078	132	130	50.38	CHG
8	24736834	24737078	77	2239	3.32	CHH
8	24750449	24750953	425	18	95.94	CG
8	24750449	24750953	363	199	64.59	CHG
8	24750449	24750953	103	4436	2.27	CHH
8	24768225	24768508	96	56	63.16	CG
8	24768225	24768508	11	253	4.17	CHG
8	24768225	24768508	44	2799	1.55	CHH
8	24784953	24785097	135	7	95.07	CG
8	24784953	24785097	56	55	50.45	CHG
8	24784953	24785097	32	1550	2.02	CHH
8	24834030	24834325	112	11	91.06	CG
8	24834030	24834325	60	11	84.51	CHG
8	24834030	24834325	1041	1823	36.35	CHH
8	24968997	24969171	68	2	97.14	CG
8	24968997	24969171	65	37	63.73	CHG
8	24968997	24969171	457	1788	20.36	CHH
8	26169264	26169435	386	10	97.47	CG
8	26169264	26169435	63	52	54.78	CHG
8	26169264	26169435	396	574	40.82	CHH
8	26441035	26441114	1	127	0.78	CHG
8	26441035	26441114	7	955	0.73	CHH
8	26827794	26828034	93	370	20.09	CG
8	26827794	26828034	24	341	6.58	CHG
8	26827794	26828034	59	1784	3.20	CHH
8	27623734	27623958	492	18	96.47	CG
8	27623734	27623958	224	186	54.63	CHG
8	27623734	27623958	266	1647	13.90	CHH
8	28152674	28152872	722	1258	36.46	CHH
8	28409753	28410078	151	3	98.05	CG
8	28409753	28410078	211	17	92.54	CHG
8	28409753	28410078	1053	2870	26.84	CHH
9	1254705	1254916	201	5	97.57	CG
9	1254705	1254916	6	28	17.65	CHG
9	1254705	1254916	300	792	27.47	CHH
9	1884036	1884200	154	1746	8.11	CHH
9	3634113	3634220	45	5	90.00	CHG
9	3634113	3634220	610	603	50.29	CHH
9	3933418	3933532	60	2	96.77	CG
9	3933418	3933532	40	23	63.49	CHG
9	3933418	3933532	273	692	28.29	CHH
9	4570159	4570785	1034	35	96.73	CG
9	4570159	4570785	841	369	69.50	CHG
9	4570159	4570785	413	5711	6.74	CHH
9	7158967	7159348	48	149	24.37	CG
9	7158967	7159348	25	323	7.18	CHG
9	7158967	7159348	70	3097	2.21	CHH
9	10378957	10379055	206	123	62.61	CG
9	10378957	10379055	38	267	12.46	CHG
9	10378957	10379055	18	794	2.22	CHH
9	10754150	10754480	58	13	81.69	CG
9	10754150	10754480	58	72	44.62	CHG
9	10754150	10754480	976	2589	27.38	CHH
9	11037393	11037551	295	1745	14.46	CHH
9	14633566	14633811	306	10	96.84	CG
9	14633566	14633811	203	71	74.09	CHG
9	14633566	14633811	897	1371	39.55	CHH
9	16086094	16086273	91	24	79.13	CG
9	16086094	16086273	41	43	48.81	CHG
9	16086094	16086273	238	1359	14.90	CHH
9	16215726	16215834	281	912	23.55	CHH
9	16663866	16664244	318	192	62.35	CG
9	16663866	16664244	49	697	6.57	CHG
9	16663866	16664244	101	3723	2.64	CHH
9	16928122	16928188	31	1021	2.95	CHH
9	17420619	17420974	72	7	91.14	CG
9	17420619	17420974	161	65	71.24	CHG
9	17420619	17420974	489	1914	20.35	CHH
9	19098095	19098253	58	1	98.31	CG
9	19098095	19098253	95	30	76.00	CHG
9	19098095	19098253	1168	692	62.80	CHH
9	21886164	21886293	114	1346	7.81	CHH
10	368179	368447	57	41	58.16	CHG
10	368179	368447	855	1725	33.14	CHH
10	404795	404929	337	7	97.97	CG
10	404795	404929	7	46	13.21	CHG
10	404795	404929	207	861	19.38	CHH
10	1838124	1838526	129	12	91.49	CG
10	1838124	1838526	41	7	85.42	CHG
10	1838124	1838526	1177	2927	28.68	CHH
10	1890175	1890720	513	34	93.78	CG
10	1890175	1890720	176	616	22.22	CHG
10	1890175	1890720	213	4671	4.36	CHH
10	2576261	2576420	592	1218	32.71	CHH
10	3444619	3445144	150	436	25.60	CG
10	3444619	3445144	49	716	6.41	CHG
10	3444619	3445144	152	4700	3.13	CHH
10	5680298	5680662	742	614	54.72	CG
10	5680298	5680662	57	1509	3.64	CHG
10	5680298	5680662	53	2776	1.87	CHH
10	6420591	6420748	6	248	2.36	CHG
10	6420591	6420748	31	1012	2.97	CHH
10	7535391	7535626	288	1296	18.18	CHH
10	8506073	8506152	61	73	45.52	CG
10	8506073	8506152	19	813	2.28	CHH
10	9497876	9498140	247	4	98.41	CG
10	9497876	9498140	18	43	29.51	CHG
10	9497876	9498140	834	1636	33.77	CHH
10	11192936	11193103	129	6	95.56	CG
10	11192936	11193103	39	93	29.55	CHG
10	11192936	11193103	346	1518	18.56	CHH
10	11922949	11923127	43	8	84.31	CG
10	11922949	11923127	104	34	75.36	CHG
10	11922949	11923127	1488	846	63.75	CHH
10	12206026	12206233	40	6	86.96	CG
10	12206026	12206233	7	41	14.58	CHG
10	12206026	12206233	1119	1178	48.72	CHH
10	13147744	13147963	286	21	93.16	CG
10	13147744	13147963	71	76	48.30	CHG
10	13147744	13147963	320	2187	12.76	CHH
10	15011394	15011890	505	134	79.03	CG
10	15011394	15011890	145	254	36.34	CHG
10	15011394	15011890	309	3043	9.22	CHH
10	15870323	15870605	59	7	89.39	CG
10	15870323	15870605	49	236	17.19	CHG
10	15870323	15870605	225	936	19.38	CHH
10	15986243	15986518	23	35	39.66	CG
10	15986243	15986518	17	341	4.75	CHG
10	15986243	15986518	33	2323	1.40	CHH
10	15991567	15992011	6	838	0.71	CG
10	15991567	15992011	10	1097	0.90	CHG
10	15991567	15992011	38	3590	1.05	CHH
10	16003795	16003950	5	59	7.81	CG
10	16003795	16003950	10	392	2.49	CHG
10	16003795	16003950	11	1348	0.81	CHH
10	16208913	16209034	73	2	97.33	CG
10	16208913	16209034	78	36	68.42	CHG
10	16208913	16209034	852	446	65.64	CHH
10	17033161	17033405	568	42	93.11	CG
10	17033161	17033405	156	69	69.33	CHG
10	17033161	17033405	635	939	40.34	CHH
10	18046108	18046282	939	1143	45.10	CHH
10	18101624	18101816	392	19	95.38	CG
10	18101624	18101816	194	150	56.40	CHG
10	18101624	18101816	733	1134	39.26	CHH
10	18561922	18562175	351	9	97.50	CG
10	18561922	18562175	404	187	68.36	CHG
10	18561922	18562175	404	1868	17.78	CHH
10	18632472	18632641	164	1099	12.98	CHH
10	19698082	19698409	121	7	94.53	CG
10	19698082	19698409	170	17	90.91	CHG
10	19698082	19698409	1065	2239	32.23	CHH
10	19941399	19941637	54	9	85.71	CG
10	19941399	19941637	526	1765	22.96	CHH
10	20291443	20292459	2196	57	97.47	CG
10	20291443	20292459	1075	424	71.71	CHG
10	20291443	20292459	982	7086	12.17	CHH
10	20762313	20762534	5	263	1.87	CG
10	20762313	20762534	5	563	0.88	CHG
10	20762313	20762534	28	1843	1.50	CHH
10	20778820	20779263	36	470	7.11	CG
10	20778820	20779263	29	1015	2.78	CHG
10	20778820	20779263	113	3466	3.16	CHH
10	21827999	21828272	51	55	48.11	CHG
10	21827999	21828272	1376	1589	46.41	CHH
10	22689536	22689741	806	1211	39.96	CHH
10	22690213	22690439	1284	537	70.51	CHH
11	569050	569549	116	1	99.15	CG
11	569050	569549	440	201	68.64	CHG
11	569050	569549	1459	3260	30.92	CHH
11	1200546	1200636	39	2	95.12	CG
11	1200546	1200636	19	20	48.72	CHG
11	1200546	1200636	28	751	3.59	CHH
11	1713742	1714360	787	100	88.73	CG
11	1713742	1714360	474	285	62.45	CHG
11	1713742	1714360	514	5484	8.57	CHH
11	1878755	1878890	4	107	3.60	CG
11	1878755	1878890	14	203	6.45	CHG
11	1878755	1878890	23	930	2.41	CHH
11	1932470	1932979	53	4	92.98	CG
11	1932470	1932979	100	98	50.51	CHG
11	1932470	1932979	910	3616	20.11	CHH
11	1947206	1947542	56	1	98.25	CG
11	1947206	1947542	155	2637	5.55	CHH
11	2378673	2378944	214	27	88.80	CG
11	2378673	2378944	13	28	31.71	CHG
11	2378673	2378944	837	1116	42.86	CHH
11	5554822	5555192	105	7	93.75	CG
11	5554822	5555192	417	154	73.03	CHG
11	5554822	5555192	1353	1993	40.44	CHH
11	7332863	7333120	79	6	92.94	CG
11	7332863	7333120	55	58	48.67	CHG
11	7332863	7333120	401	1245	24.36	CHH
11	7589703	7589963	56	3	94.92	CG
11	7589703	7589963	49	8	85.96	CHG
11	7589703	7589963	536	1990	21.22	CHH
11	7735709	7735929	196	12	94.23	CG
11	7735709	7735929	40	197	16.88	CHG
11	7735709	7735929	31	1573	1.93	CHH
11	8045721	8046006	462	257	64.26	CG
11	8045721	8046006	17	230	6.88	CHG
11	8045721	8046006	80	2605	2.98	CHH
11	9151816	9151968	30	28	51.72	CHG
11	9151816	9151968	662	1009	39.62	CHH
11	11662804	11663369	291	12	96.04	CG
11	11662804	11663369	383	85	81.84	CHG
11	11662804	11663369	716	4344	14.15	CHH
11	11787143	11787246	411	710	36.66	CHH
11	13632522	13632647	3	257	1.15	CHG
11	13632522	13632647	18	890	1.98	CHH
11	14005572	14005699	68	1242	5.19	CHH
11	14006096	14006227	29	1244	2.28	CHH
11	14311549	14311878	706	11	98.47	CG
11	14311549	14311878	183	100	64.66	CHG
11	14311549	14311878	346	2529	12.03	CHH
11	16006890	16007049	54	2	96.43	CG
11	16006890	16007049	19	15	55.88	CHG
11	16006890	16007049	754	879	46.17	CHH
11	16339318	16339504	312	11	96.59	CG
11	16339318	16339504	14	54	20.59	CHG
11	16339318	16339504	184	1449	11.27	CHH
11	16884445	16884740	97	9	91.51	CG
11	16884445	16884740	1030	1620	38.87	CHH
11	16979978	16980123	61	8	88.41	CG
11	16979978	16980123	136	1508	8.27	CHH
11	18415594	18415828	68	15	81.93	CG
11	18415594	18415828	232	3046	7.08	CHH
11	19478887	19479310	433	37	92.13	CG
11	19478887	19479310	123	880	12.26	CHG
11	19478887	19479310	108	3864	2.72	CHH
11	19817539	19817761	11	54	16.92	CHG
11	19817539	19817761	164	1157	12.41	CHH
11	21197890	21198236	66	71	48.18	CHG
11	21197890	21198236	1815	2511	41.96	CHH
11	21255747	21256111	371	11	97.12	CG
11	21255747	21256111	411	164	71.48	CHG
11	21255747	21256111	136	2492	5.18	CHH
11	21412886	21413094	490	90	84.48	CG
11	21412886	21413094	78	363	17.69	CHG
11	21412886	21413094	113	1880	5.67	CHH
11	22039593	22039763	72	42	63.16	CHG
11	22039593	22039763	798	886	47.39	CHH
11	23435202	23435727	64	116	35.56	CG
11	23435202	23435727	27	1155	2.28	CHG
11	23435202	23435727	66	4248	1.53	CHH
11	24395075	24395260	3	222	1.33	CG
11	24395075	24395260	6	80	6.98	CHG
11	24395075	24395260	21	1487	1.39	CHH
11	24851409	24851658	517	4	99.23	CG
11	24851409	24851658	588	83	87.63	CHG
11	24851409	24851658	231	2479	8.52	CHH
11	24991462	24991590	47	19	71.21	CG
11	24991462	24991590	59	231	20.34	CHG
11	24991462	24991590	415	1019	28.94	CHH
11	25110396	25110624	129	5	96.27	CG
11	25110396	25110624	4	24	14.29	CHG
11	25110396	25110624	332	2045	13.97	CHH
11	25586084	25586542	278	33	89.39	CG
11	25586084	25586542	276	72	79.31	CHG
11	25586084	25586542	1199	3853	23.73	CHH
11	25784649	25784892	125	6	95.42	CG
11	25784649	25784892	167	95	63.74	CHG
11	25784649	25784892	139	2529	5.21	CHH
11	25810584	25810761	19	47	28.79	CHG
11	25810584	25810761	120	1215	8.99	CHH
11	25853608	25853790	55	5	91.67	CG
11	25853608	25853790	166	1587	9.47	CHH
11	26205598	26205997	177	75	70.24	CG
11	26205598	26205997	17	439	3.73	CHG
11	26205598	26205997	37	3674	1.00	CHH
11	27682635	27683583	2170	88	96.10	CG
11	27682635	27683583	1187	705	62.74	CHG
11	27682635	27683583	830	5967	12.21	CHH
11	28181129	28181426	64	10	86.49	CG
11	28181129	28181426	304	1555	16.35	CHH
12	217168	217301	119	4	96.75	CG
12	217168	217301	43	21	67.19	CHG
12	217168	217301	909	532	63.08	CHH
12	552916	553122	387	1378	21.93	CHH
12	793700	793972	52	14	78.79	CHG
12	793700	793972	1070	1772	37.65	CHH
12	961100	961336	96	19	83.48	CG
12	961100	961336	72	447	13.87	CHG
12	961100	961336	36	1749	2.02	CHH
12	1049649	1049822	1124	957	54.01	CHH
12	1548545	1548692	100	16	86.21	CHG
12	1548545	1548692	423	819	34.06	CHH
12	1801896	1802216	113	58	66.08	CG
12	1801896	1802216	121	155	43.84	CHG
12	1801896	1802216	136	2297	5.59	CHH
12	1816647	1816809	54	7	88.52	CG
12	1816647	1816809	573	1400	29.04	CHH
12	2466366	2466538	108	20	84.38	CHG
12	2466366	2466538	1165	987	54.14	CHH
12	5021892	5024116	1194	50	95.98	CG
12	5021892	5024116	2123	1704	55.47	CHG
12	5021892	5024116	715	16620	4.12	CHH
12	5024498	5027592	1673	75	95.71	CG
12	5024498	5027592	2346	2377	49.67	CHG
12	5024498	5027592	1296	27592	4.49	CHH
12	7849278	7849532	369	44	89.35	CG
12	7849278	7849532	8	42	16.00	CHG
12	7849278	7849532	93	2208	4.04	CHH
12	10927998	10928435	50	14	78.12	CG
12	10927998	10928435	29	164	15.03	CHG
12	10927998	10928435	140	3992	3.39	CHH
12	11362213	11362441	46	3	93.88	CG
12	11362213	11362441	15	42	26.32	CHG
12	11362213	11362441	399	1962	16.90	CHH
12	12440435	12440631	411	330	55.47	CG
12	12440435	12440631	55	295	15.71	CHG
12	12440435	12440631	97	1593	5.74	CHH
12	12966688	12966790	173	983	14.97	CHH
12	15202347	15202507	139	12	92.05	CG
12	15202347	15202507	27	43	38.57	CHG
12	15202347	15202507	49	1485	3.19	CHH
12	17986589	17987047	315	8	97.52	CG
12	17986589	17987047	240	235	50.53	CHG
12	17986589	17987047	89	4179	2.09	CHH
12	18936325	18936741	930	31	96.77	CG
12	18936325	18936741	113	179	38.70	CHG
12	18936325	18936741	584	4082	12.52	CHH
12	19120680	19120950	70	65	51.85	CG
12	19120680	19120950	44	24	64.71	CHG
12	19120680	19120950	342	2815	10.83	CHH
12	19156150	19156313	50	3	94.34	CG
12	19156150	19156313	92	66	58.23	CHG
12	19156150	19156313	394	791	33.25	CHH
12	21483416	21483688	198	6	97.06	CG
12	21483416	21483688	343	80	81.09	CHG
12	21483416	21483688	588	2736	17.69	CHH
12	21831911	21832012	84	1009	7.69	CHH
12	22451242	22451490	15	57	20.83	CHG
12	22451242	22451490	752	2134	26.06	CHH
12	22462835	22463098	3	241	1.23	CG
12	22462835	22463098	24	376	6.00	CHG
12	22462835	22463098	519	1781	22.57	CHH
12	22503691	22503984	220	4	98.21	CG
12	22503691	22503984	140	69	66.99	CHG
12	22503691	22503984	692	1616	29.98	CHH
12	23090136	23090406	68	7	90.67	CG
12	23090136	23090406	522	3060	14.57	CHH
12	23253874	23254115	99	7	93.40	CG
12	23253874	23254115	9	56	13.85	CHG
12	23253874	23254115	393	1518	20.57	CHH
12	23419385	23419484	57	2	96.61	CG
12	23419385	23419484	89	857	9.41	CHH
12	23569460	23569549	148	14	91.36	CG
12	23569460	23569549	25	31	44.64	CHG
12	23569460	23569549	7	714	0.97	CHH
12	24432087	24432276	157	2166	6.76	CHH
12	25119408	25119711	480	15	96.97	CG
12	25119408	25119711	216	290	42.69	CHG
12	25119408	25119711	103	2766	3.59	CHH
12	25285613	25285813	56	9	86.15	CG
12	25285613	25285813	801	951	45.72	CHH
12	25690213	25690552	173	189	47.79	CG
12	25690213	25690552	25	194	11.42	CHG
12	25690213	25690552	153	1971	7.20	CHH
12	26052913	26053003	5	268	1.83	CHG
12	26052913	26053003	18	815	2.16	CHH
