1	104478	104599	34	2	94.44	CG
1	104478	104599	40	10	80.00	CHG
1	104478	104599	173	438	28.31	CHH
1	521199	522723	1610	1926	45.53	CG
1	521199	522723	321	2842	10.15	CHG
1	521199	522723	826	14098	5.53	CHH
1	718927	719135	2	274	0.72	CG
1	718927	719135	17	425	3.85	CHG
1	718927	719135	102	1778	5.43	CHH
1	1687637	1688991	43	1957	2.15	CG
1	1687637	1688991	151	2322	6.11	CHG
1	1687637	1688991	508	10978	4.42	CHH
1	1781116	1781366	94	1415	6.23	CG
1	1781116	1781366	39	539	6.75	CHG
1	1781116	1781366	66	1242	5.05	CHH
1	2137510	2140455	979	8038	10.86	CG
1	2137510	2140455	961	6620	12.68	CHG
1	2137510	2140455	2171	24136	8.25	CHH
1	2172488	2172625	17	275	5.82	CG
1	2172488	2172625	126	2069	5.74	CHH
1	2198640	2199644	3510	155	95.77	CG
1	2198640	2199644	1476	959	60.62	CHG
1	2198640	2199644	666	2807	19.18	CHH
1	2541454	2541598	234	238	49.58	CG
1	2541454	2541598	18	220	7.56	CHG
1	2541454	2541598	133	1537	7.96	CHH
1	2579778	2580676	1753	299	85.43	CG
1	2579778	2580676	140	2308	5.72	CHG
1	2579778	2580676	414	8524	4.63	CHH
1	3016827	3017062	41	1059	3.73	CG
1	3016827	3017062	30	527	5.39	CHG
1	3016827	3017062	76	1453	4.97	CHH
1	4122738	4127182	2433	6981	25.84	CG
1	4122738	4127182	891	11356	7.28	CHG
1	4122738	4127182	4006	38757	9.37	CHH
1	4510347	4510477	78	4	95.12	CG
1	4510347	4510477	19	112	14.50	CHG
1	4510347	4510477	230	1148	16.69	CHH
1	4702022	4702256	211	357	37.15	CG
1	4702022	4702256	27	257	9.51	CHG
1	4702022	4702256	178	1153	13.37	CHH
1	5814441	5815039	5	534	0.93	CG
1	5814441	5815039	53	1167	4.34	CHG
1	5814441	5815039	338	5843	5.47	CHH
1	6934697	6934863	557	3	99.46	CG
1	6934697	6934863	248	39	86.41	CHG
1	6934697	6934863	338	897	27.37	CHH
1	7198017	7199243	1795	81	95.68	CG
1	7198017	7199243	199	2759	6.73	CHG
1	7198017	7199243	566	11864	4.55	CHH
1	7302410	7302594	8	735	1.08	CG
1	7302410	7302594	20	286	6.54	CHG
1	7302410	7302594	105	1592	6.19	CHH
1	7518469	7519081	35	933	3.62	CG
1	7518469	7519081	76	1131	6.30	CHG
1	7518469	7519081	239	4775	4.77	CHH
1	7690448	7691550	168	2979	5.34	CG
1	7690448	7691550	222	2451	8.31	CHG
1	7690448	7691550	692	9099	7.07	CHH
1	8124136	8124703	2146	62	97.19	CG
1	8124136	8124703	830	556	59.88	CHG
1	8124136	8124703	781	4891	13.77	CHH
1	8426975	8427236	182	59	75.52	CG
1	8426975	8427236	37	771	4.58	CHG
1	8426975	8427236	98	2238	4.20	CHH
1	8831214	8831605	682	34	95.25	CG
1	8831214	8831605	288	268	51.80	CHG
1	8831214	8831605	263	3133	7.74	CHH
1	8866192	8866541	1120	39	96.64	CG
1	8866192	8866541	481	212	69.41	CHG
1	8866192	8866541	466	1963	19.18	CHH
1	9124022	9124118	155	4	97.48	CG
1	9124022	9124118	372	107	77.66	CHG
1	9124022	9124118	169	667	20.22	CHH
1	9260960	9261224	151	6	96.18	CG
1	9260960	9261224	22	516	4.09	CHG
1	9260960	9261224	171	2778	5.80	CHH
1	9681083	9681232	137	71	65.87	CG
1	9681083	9681232	196	404	32.67	CHH
1	9734291	9734532	3	396	0.75	CG
1	9734291	9734532	16	102	13.56	CHG
1	9734291	9734532	138	2041	6.33	CHH
1	10263106	10263294	18	750	2.34	CG
1	10263106	10263294	15	396	3.65	CHG
1	10263106	10263294	58	1336	4.16	CHH
1	10401973	10403052	229	2383	8.77	CG
1	10401973	10403052	184	1538	10.69	CHG
1	10401973	10403052	780	7904	8.98	CHH
1	10417094	10417664	938	51	94.84	CG
1	10417094	10417664	1217	311	79.65	CHG
1	10417094	10417664	462	4935	8.56	CHH
1	10590568	10590704	7	312	2.19	CG
1	10590568	10590704	24	304	7.32	CHG
1	10590568	10590704	194	767	20.19	CHH
1	10793800	10794970	1873	32	98.32	CG
1	10793800	10794970	414	535	43.62	CHG
1	10793800	10794970	711	2684	20.94	CHH
1	11027002	11027352	384	8	97.96	CG
1	11027002	11027352	41	743	5.23	CHG
1	11027002	11027352	227	3730	5.74	CHH
1	11745247	11745281	5	218	2.24	CG
1	11745247	11745281	3	94	3.09	CHG
1	11745247	11745281	6	177	3.28	CHH
1	11861007	11861467	1181	53	95.71	CG
1	11861007	11861467	524	384	57.71	CHG
1	11861007	11861467	733	3508	17.28	CHH
1	11988203	11988342	32	1023	3.03	CG
1	11988203	11988342	72	612	10.53	CHG
1	11988203	11988342	91	1021	8.18	CHH
1	12157565	12159139	490	9689	4.81	CG
1	12157565	12159139	417	4941	7.78	CHG
1	12157565	12159139	619	10335	5.65	CHH
1	12279664	12280353	146	3009	4.63	CG
1	12279664	12280353	106	1791	5.59	CHG
1	12279664	12280353	319	6193	4.90	CHH
1	12444629	12444759	297	8	97.38	CG
1	12444629	12444759	219	55	79.93	CHG
1	12444629	12444759	102	1267	7.45	CHH
1	12851686	12853647	381	876	30.31	CG
1	12851686	12853647	268	4801	5.29	CHG
1	12851686	12853647	1170	17979	6.11	CHH
1	12977793	12977914	127	12	91.37	CG
1	12977793	12977914	74	929	7.38	CHH
1	14112270	14112409	47	516	8.35	CHH
1	14747584	14748346	27	922	2.85	CG
1	14747584	14748346	113	2028	5.28	CHG
1	14747584	14748346	356	6869	4.93	CHH
1	15010958	15011724	4	0	100.00	CG
1	15010958	15011724	5	96	4.95	CHG
1	15010958	15011724	26	283	8.41	CHH
1	15208882	15210074	1237	205	85.78	CG
1	15208882	15210074	388	529	42.31	CHG
1	15208882	15210074	887	8915	9.05	CHH
1	15318812	15319293	2093	60	97.21	CG
1	15318812	15319293	1255	428	74.57	CHG
1	15318812	15319293	505	3796	11.74	CHH
1	15355785	15357554	1399	2111	39.86	CG
1	15355785	15357554	891	3455	20.50	CHG
1	15355785	15357554	1706	14742	10.37	CHH
1	16453284	16453501	2	85	2.30	CG
1	16453284	16453501	15	200	6.98	CHG
1	16453284	16453501	140	1543	8.32	CHH
1	16722902	16723067	355	47	88.31	CG
1	16722902	16723067	9	150	5.66	CHG
1	16722902	16723067	63	1549	3.91	CHH
1	17385639	17385733	14	175	7.41	CHG
1	17385639	17385733	67	660	9.22	CHH
1	17522237	17522624	1521	61	96.14	CG
1	17522237	17522624	1053	362	74.42	CHG
1	17522237	17522624	381	3134	10.84	CHH
1	17762690	17767322	2026	5442	27.13	CG
1	17762690	17767322	1758	6136	22.27	CHG
1	17762690	17767322	6265	32637	16.10	CHH
1	17768299	17768525	10	458	2.14	CG
1	17768299	17768525	14	362	3.72	CHG
1	17768299	17768525	116	1935	5.66	CHH
1	17915233	17918918	3700	2626	58.49	CG
1	17915233	17918918	1830	2947	38.31	CHG
1	17915233	17918918	3721	21510	14.75	CHH
1	18479814	18481021	829	881	48.48	CG
1	18479814	18481021	177	1203	12.83	CHG
1	18479814	18481021	583	9780	5.63	CHH
1	18515221	18516018	953	24	97.54	CG
1	18515221	18516018	548	156	77.84	CHG
1	18515221	18516018	226	2292	8.98	CHH
1	18605306	18605413	62	4	93.94	CG
1	18605306	18605413	6	201	2.90	CHG
1	18605306	18605413	98	1045	8.57	CHH
1	18679398	18679609	265	5	98.15	CG
1	18679398	18679609	356	73	82.98	CHG
1	18679398	18679609	228	1999	10.24	CHH
1	18781271	18781897	65	1120	5.49	CG
1	18781271	18781897	162	1607	9.16	CHG
1	18781271	18781897	431	5083	7.82	CHH
1	19418149	19418371	367	13	96.58	CG
1	19418149	19418371	274	102	72.87	CHG
1	19418149	19418371	205	1793	10.26	CHH
1	19588801	19588982	259	12	95.57	CG
1	19588801	19588982	97	47	67.36	CHG
1	19588801	19588982	83	702	10.57	CHH
1	19807993	19809436	3741	134	96.54	CG
1	19807993	19809436	891	599	59.80	CHG
1	19807993	19809436	1137	8615	11.66	CHH
1	20220915	20221138	849	46	94.86	CG
1	20220915	20221138	203	177	53.42	CHG
1	20220915	20221138	121	1816	6.25	CHH
1	20351135	20352592	1222	548	69.04	CG
1	20351135	20352592	156	3786	3.96	CHG
1	20351135	20352592	676	11931	5.36	CHH
1	20353735	20353818	68	5	93.15	CG
1	20353735	20353818	17	269	5.94	CHG
1	20353735	20353818	29	670	4.15	CHH
1	20699332	20703291	4085	4420	48.03	CG
1	20699332	20703291	1939	7348	20.88	CHG
1	20699332	20703291	4009	29642	11.91	CHH
1	20759940	20760412	1026	33	96.88	CG
1	20759940	20760412	1012	208	82.95	CHG
1	20759940	20760412	568	3433	14.20	CHH
1	22217602	22218470	827	1336	38.23	CG
1	22217602	22218470	386	1603	19.41	CHG
1	22217602	22218470	858	6637	11.45	CHH
1	22349537	22349928	116	1373	7.79	CG
1	22349537	22349928	63	1055	5.64	CHG
1	22349537	22349928	205	2539	7.47	CHH
1	22963853	22963900	21	108	16.28	CHG
1	22963853	22963900	8	281	2.77	CHH
1	23088705	23088935	24	540	4.26	CG
1	23088705	23088935	13	389	3.23	CHG
1	23088705	23088935	94	2012	4.46	CHH
1	23190581	23192012	953	123	88.57	CG
1	23190581	23192012	246	3038	7.49	CHG
1	23190581	23192012	1101	15199	6.75	CHH
1	23334619	23337433	2458	2779	46.94	CG
1	23334619	23337433	565	7178	7.30	CHG
1	23334619	23337433	1963	25956	7.03	CHH
1	23865834	23867004	2216	1070	67.44	CG
1	23865834	23867004	927	1983	31.86	CHG
1	23865834	23867004	1866	7795	19.31	CHH
1	24056015	24058047	444	4226	9.51	CG
1	24056015	24058047	500	3476	12.58	CHG
1	24056015	24058047	1080	16634	6.10	CHH
1	24127473	24127717	238	118	66.85	CG
1	24127473	24127717	45	426	9.55	CHG
1	24127473	24127717	129	2485	4.93	CHH
1	24218590	24218768	71	363	16.36	CG
1	24218590	24218768	47	285	14.16	CHG
1	24218590	24218768	128	1852	6.46	CHH
1	24367289	24368699	1051	2752	27.64	CG
1	24367289	24368699	405	3504	10.36	CHG
1	24367289	24368699	1404	11515	10.87	CHH
1	24540618	24541036	463	7	98.51	CG
1	24540618	24541036	50	914	5.19	CHG
1	24540618	24541036	251	3840	6.14	CHH
1	25075086	25078372	375	10157	3.56	CG
1	25075086	25078372	488	8236	5.59	CHG
1	25075086	25078372	1446	25423	5.38	CHH
1	26189136	26189851	231	797	22.47	CG
1	26189136	26189851	171	2615	6.14	CHG
1	26189136	26189851	427	6262	6.38	CHH
1	27455091	27455579	2802	126	95.70	CG
1	27455091	27455579	2043	605	77.15	CHG
1	27455091	27455579	1103	6396	14.71	CHH
1	27505658	27505866	3	164	1.80	CG
1	27505658	27505866	31	622	4.75	CHG
1	27505658	27505866	94	2148	4.19	CHH
1	27576543	27577893	3052	101	96.80	CG
1	27576543	27577893	1626	467	77.69	CHG
1	27576543	27577893	2350	13344	14.97	CHH
1	28118813	28118935	5	159	3.05	CG
1	28118813	28118935	20	460	4.17	CHG
1	28118813	28118935	55	1566	3.39	CHH
1	29188109	29189334	135	5017	2.62	CG
1	29188109	29189334	203	2847	6.66	CHG
1	29188109	29189334	1061	10231	9.40	CHH
1	29223726	29224697	474	3559	11.75	CG
1	29223726	29224697	130	1769	6.85	CHG
1	29223726	29224697	1453	6411	18.48	CHH
1	29881105	29881917	1381	218	86.37	CG
1	29881105	29881917	1015	576	63.80	CHG
1	29881105	29881917	622	4885	11.29	CHH
1	29892038	29892362	5	68	6.85	CG
1	29892038	29892362	10	277	3.48	CHG
1	29892038	29892362	201	2792	6.72	CHH
1	30396534	30396644	16	367	4.18	CG
1	30396534	30396644	29	491	5.58	CHG
1	30396534	30396644	40	715	5.30	CHH
1	30947617	30952229	5114	1850	73.43	CG
1	30947617	30952229	2292	8344	21.55	CHG
1	30947617	30952229	3207	41133	7.23	CHH
1	30988314	30988439	73	7	91.25	CG
1	30988314	30988439	191	194	49.61	CHG
1	30988314	30988439	58	820	6.61	CHH
1	31131639	31132785	696	2360	22.77	CG
1	31131639	31132785	205	3251	5.93	CHG
1	31131639	31132785	518	8742	5.59	CHH
1	32136432	32136605	34	170	16.67	CG
1	32136432	32136605	24	620	3.73	CHG
1	32136432	32136605	108	1551	6.51	CHH
1	33466485	33466748	880	11	98.77	CG
1	33466485	33466748	362	149	70.84	CHG
1	33466485	33466748	334	2455	11.98	CHH
1	34289798	34291348	1514	1376	52.39	CG
1	34289798	34291348	705	2635	21.11	CHG
1	34289798	34291348	1741	12564	12.17	CHH
1	34550341	34550600	8	363	2.16	CG
1	34550341	34550600	40	595	6.30	CHG
1	34550341	34550600	164	2645	5.84	CHH
1	34749495	34752244	3147	366	89.58	CG
1	34749495	34752244	2529	1463	63.35	CHG
1	34749495	34752244	2112	14858	12.45	CHH
1	34928206	34928387	202	7	96.65	CG
1	34928206	34928387	627	130	82.83	CHG
1	34928206	34928387	197	1457	11.91	CHH
1	34990120	34992796	5282	1651	76.19	CG
1	34990120	34992796	2278	2340	49.33	CHG
1	34990120	34992796	3249	19224	14.46	CHH
1	35760612	35760952	220	238	48.03	CG
1	35760612	35760952	44	512	7.91	CHG
1	35760612	35760952	234	3132	6.95	CHH
1	35959231	35959351	5	122	3.94	CG
1	35959231	35959351	10	190	5.00	CHG
1	35959231	35959351	74	1228	5.68	CHH
1	36112505	36112684	405	159	71.81	CG
1	36112505	36112684	133	163	44.93	CHG
1	36112505	36112684	137	1379	9.04	CHH
1	36163384	36164022	179	1100	14.00	CG
1	36163384	36164022	179	1072	14.31	CHG
1	36163384	36164022	523	5438	8.77	CHH
1	36208524	36209666	1540	71	95.59	CG
1	36208524	36209666	1897	574	76.77	CHG
1	36208524	36209666	930	10281	8.30	CHH
1	36479686	36479935	81	893	8.32	CG
1	36479686	36479935	12	349	3.32	CHG
1	36479686	36479935	111	1839	5.69	CHH
1	36890844	36891048	171	118	59.17	CG
1	36890844	36891048	192	131	59.44	CHG
1	36890844	36891048	477	1430	25.01	CHH
1	37118562	37118725	0	106	0.00	CG
1	37118562	37118725	13	298	4.18	CHG
1	37118562	37118725	48	1407	3.30	CHH
1	37253827	37256063	3331	265	92.63	CG
1	37253827	37256063	2269	961	70.25	CHG
1	37253827	37256063	1956	11604	14.42	CHH
1	37757198	37758019	667	2147	23.70	CG
1	37757198	37758019	366	1073	25.43	CHG
1	37757198	37758019	2171	4901	30.70	CHH
1	39603253	39603550	238	3	98.76	CG
1	39603253	39603550	28	911	2.98	CHG
1	39603253	39603550	138	2619	5.01	CHH
1	40609311	40609427	60	21	74.07	CG
1	40609311	40609427	35	453	7.17	CHG
1	40609311	40609427	100	1426	6.55	CHH
1	40785754	40786192	85	151	36.02	CG
1	40785754	40786192	63	1829	3.33	CHG
1	40785754	40786192	221	5050	4.19	CHH
1	41209454	41212661	2630	7030	27.23	CG
1	41209454	41212661	1346	5164	20.68	CHG
1	41209454	41212661	4451	21471	17.17	CHH
1	42990884	42991140	198	14	93.40	CG
1	42990884	42991140	136	53	71.96	CHG
1	42990884	42991140	55	660	7.69	CHH
2	38468	38578	66	6	91.67	CG
2	38468	38578	23	193	10.65	CHG
2	38468	38578	24	955	2.45	CHH
2	578331	578545	62	3	95.38	CG
2	578331	578545	35	739	4.52	CHG
2	578331	578545	72	1999	3.48	CHH
2	1736612	1736996	458	103	81.64	CG
2	1736612	1736996	75	1111	6.32	CHG
2	1736612	1736996	194	2886	6.30	CHH
2	2004107	2004464	1	239	0.42	CG
2	2004107	2004464	42	1132	3.58	CHG
2	2004107	2004464	187	3328	5.32	CHH
2	2225031	2228646	5838	869	87.04	CG
2	2225031	2228646	3420	3476	49.59	CHG
2	2225031	2228646	4471	28434	13.59	CHH
2	2448881	2450073	282	224	55.73	CG
2	2448881	2450073	499	2565	16.29	CHG
2	2448881	2450073	1439	9545	13.10	CHH
2	2455636	2457226	5385	122	97.78	CG
2	2455636	2457226	3497	1346	72.21	CHG
2	2455636	2457226	1058	8237	11.38	CHH
2	2916264	2916496	142	3	97.93	CG
2	2916264	2916496	26	527	4.70	CHG
2	2916264	2916496	120	2279	5.00	CHH
2	3153141	3153726	1023	67	93.85	CG
2	3153141	3153726	1044	321	76.48	CHG
2	3153141	3153726	840	4733	15.07	CHH
2	3584767	3584907	247	22	91.82	CG
2	3584767	3584907	175	66	72.61	CHG
2	3584767	3584907	739	423	63.60	CHH
2	3668130	3671654	9159	2811	76.52	CG
2	3668130	3671654	4376	4848	47.44	CHG
2	3668130	3671654	5057	24106	17.34	CHH
2	4394475	4394720	2	170	1.16	CG
2	4394475	4394720	21	550	3.68	CHG
2	4394475	4394720	184	2606	6.59	CHH
2	4735326	4735671	32	1016	3.05	CG
2	4735326	4735671	72	1028	6.55	CHG
2	4735326	4735671	232	2962	7.26	CHH
2	4930376	4930562	382	34	91.83	CG
2	4930376	4930562	17	71	19.32	CHG
2	4930376	4930562	90	1365	6.19	CHH
2	6097195	6097472	4	395	1.00	CG
2	6097195	6097472	75	797	8.60	CHG
2	6097195	6097472	138	1834	7.00	CHH
2	6194639	6194966	8	240	3.23	CG
2	6194639	6194966	16	478	3.24	CHG
2	6194639	6194966	225	2593	7.98	CHH
2	6477169	6477370	157	99	61.33	CG
2	6477169	6477370	26	418	5.86	CHG
2	6477169	6477370	122	1907	6.01	CHH
2	6479819	6479943	10	595	1.65	CHG
2	6479819	6479943	58	1459	3.82	CHH
2	7634883	7634997	13	631	2.02	CG
2	7634883	7634997	13	291	4.28	CHG
2	7634883	7634997	32	658	4.64	CHH
2	9263789	9264764	827	36	95.83	CG
2	9263789	9264764	411	206	66.61	CHG
2	9263789	9264764	266	2016	11.66	CHH
2	10881944	10882136	9	282	3.09	CG
2	10881944	10882136	18	323	5.28	CHG
2	10881944	10882136	111	1779	5.87	CHH
2	11520851	11521291	238	327	42.12	CG
2	11520851	11521291	67	199	25.19	CHG
2	11520851	11521291	392	2871	12.01	CHH
2	11599189	11600489	819	1465	35.86	CG
2	11599189	11600489	331	1800	15.53	CHG
2	11599189	11600489	1027	9059	10.18	CHH
2	11939679	11939936	73	0	100.00	CG
2	11939679	11939936	20	366	5.18	CHG
2	11939679	11939936	89	2233	3.83	CHH
2	12352060	12352584	1681	54	96.89	CG
2	12352060	12352584	1157	515	69.20	CHG
2	12352060	12352584	509	4196	10.82	CHH
2	12492889	12493008	12	717	1.65	CG
2	12492889	12493008	5	375	1.32	CHG
2	12492889	12493008	23	602	3.68	CHH
2	12583382	12585233	1646	520	75.99	CG
2	12583382	12585233	506	4078	11.04	CHG
2	12583382	12585233	991	16083	5.80	CHH
2	13724770	13725043	44	3	93.62	CG
2	13724770	13725043	8	1	88.89	CHG
2	13724770	13725043	27	112	19.42	CHH
2	14258242	14258497	341	25	93.17	CG
2	14258242	14258497	208	113	64.80	CHG
2	14258242	14258497	169	1397	10.79	CHH
2	14381584	14382260	1063	40	96.37	CG
2	14381584	14382260	575	400	58.97	CHG
2	14381584	14382260	501	6018	7.69	CHH
2	14883666	14884152	1205	33	97.33	CG
2	14883666	14884152	1059	265	79.98	CHG
2	14883666	14884152	460	3858	10.65	CHH
2	15077160	15080035	7339	292	96.17	CG
2	15077160	15080035	4525	1700	72.69	CHG
2	15077160	15080035	2454	22035	10.02	CHH
2	15300768	15301020	294	8	97.35	CG
2	15300768	15301020	543	195	73.58	CHG
2	15300768	15301020	183	2168	7.78	CHH
2	16462100	16462683	1161	396	74.57	CG
2	16462100	16462683	459	1379	24.97	CHG
2	16462100	16462683	424	6382	6.23	CHH
2	16469340	16469527	734	19	97.48	CG
2	16469340	16469527	335	251	57.17	CHG
2	16469340	16469527	112	1228	8.36	CHH
2	16575455	16575576	118	259	31.30	CG
2	16575455	16575576	30	83	26.55	CHG
2	16575455	16575576	153	1005	13.21	CHH
2	16909276	16909402	63	6	91.30	CG
2	16909276	16909402	0	35	0.00	CHG
2	16909276	16909402	122	720	14.49	CHH
2	17470250	17470459	243	2	99.18	CG
2	17470250	17470459	212	72	74.65	CHG
2	17470250	17470459	142	1896	6.97	CHH
2	17693456	17694041	948	624	60.31	CG
2	17693456	17694041	371	975	27.56	CHG
2	17693456	17694041	377	4306	8.05	CHH
2	17846367	17846587	87	819	9.60	CG
2	17846367	17846587	16	369	4.16	CHG
2	17846367	17846587	42	1158	3.50	CHH
2	18156897	18157229	1865	56	97.08	CG
2	18156897	18157229	879	210	80.72	CHG
2	18156897	18157229	361	2389	13.13	CHH
2	19262811	19262974	201	2	99.01	CG
2	19262811	19262974	14	121	10.37	CHG
2	19262811	19262974	102	1630	5.89	CHH
2	19369504	19369623	726	15	97.98	CG
2	19369504	19369623	376	90	80.69	CHG
2	19369504	19369623	142	684	17.19	CHH
2	19649757	19649896	5	716	0.69	CG
2	19649757	19649896	14	327	4.11	CHG
2	19649757	19649896	44	701	5.91	CHH
2	20077988	20078291	608	100	85.88	CG
2	20077988	20078291	192	207	48.12	CHG
2	20077988	20078291	497	1805	21.59	CHH
2	22210158	22210334	21	604	3.36	CG
2	22210158	22210334	15	231	6.10	CHG
2	22210158	22210334	81	1457	5.27	CHH
2	22275294	22275439	2	62	3.12	CG
2	22275294	22275439	12	329	3.52	CHG
2	22275294	22275439	58	1476	3.78	CHH
2	22587752	22588156	812	28	96.67	CG
2	22587752	22588156	393	378	50.97	CHG
2	22587752	22588156	408	3621	10.13	CHH
2	22836225	22836730	42	1065	3.79	CG
2	22836225	22836730	61	1209	4.80	CHG
2	22836225	22836730	218	4455	4.67	CHH
2	22982677	22982914	0	68	0.00	CG
2	22982677	22982914	19	655	2.82	CHG
2	22982677	22982914	89	2736	3.15	CHH
2	23033077	23033411	165	522	24.02	CG
2	23033077	23033411	182	1276	12.48	CHG
2	23033077	23033411	437	3315	11.65	CHH
2	23394395	23395510	2228	244	90.13	CG
2	23394395	23395510	801	2377	25.20	CHG
2	23394395	23395510	794	12895	5.80	CHH
2	23471507	23472492	519	13	97.56	CG
2	23471507	23472492	484	165	74.58	CHG
2	23471507	23472492	339	2935	10.35	CHH
2	24044095	24044460	959	113	89.46	CG
2	24044095	24044460	445	171	72.24	CHG
2	24044095	24044460	436	1611	21.30	CHH
2	24717341	24717558	10	280	3.45	CG
2	24717341	24717558	16	577	2.70	CHG
2	24717341	24717558	138	1866	6.89	CHH
2	25574998	25576239	1841	69	96.39	CG
2	25574998	25576239	1808	710	71.80	CHG
2	25574998	25576239	1817	11498	13.65	CHH
2	25830725	25831459	29	2012	1.42	CG
2	25830725	25831459	52	1769	2.86	CHG
2	25830725	25831459	181	5377	3.26	CHH
2	25835047	25835296	46	829	5.26	CG
2	25835047	25835296	39	584	6.26	CHG
2	25835047	25835296	54	1812	2.89	CHH
2	26548831	26549237	829	44	94.96	CG
2	26548831	26549237	101	118	46.12	CHG
2	26548831	26549237	558	2282	19.65	CHH
2	26659388	26659535	72	5	93.51	CG
2	26659388	26659535	89	1000	8.17	CHH
2	26689413	26692203	1214	9988	10.84	CG
2	26689413	26692203	812	6451	11.18	CHG
2	26689413	26692203	2772	17060	13.98	CHH
2	28199306	28199617	799	33	96.03	CG
2	28199306	28199617	974	205	82.61	CHG
2	28199306	28199617	377	2519	13.02	CHH
2	29852698	29852922	16	325	4.69	CG
2	29852698	29852922	23	497	4.42	CHG
2	29852698	29852922	107	1592	6.30	CHH
2	30157272	30157610	551	159	77.61	CG
2	30157272	30157610	144	402	26.37	CHG
2	30157272	30157610	464	1996	18.86	CHH
2	30823979	30824112	5	216	2.26	CG
2	30823979	30824112	20	367	5.17	CHG
2	30823979	30824112	99	1530	6.08	CHH
2	30983625	30984901	112	3955	2.75	CG
2	30983625	30984901	371	5902	5.91	CHG
2	30983625	30984901	862	11993	6.71	CHH
2	31445301	31445449	1	65	1.52	CG
2	31445301	31445449	8	342	2.29	CHG
2	31445301	31445449	49	1615	2.94	CHH
2	31855152	31855271	269	5	98.18	CG
2	31855152	31855271	55	22	71.43	CHG
2	31855152	31855271	206	1962	9.50	CHH
2	32524707	32526194	2625	1099	70.49	CG
2	32524707	32526194	723	3123	18.80	CHG
2	32524707	32526194	1379	9041	13.23	CHH
2	33158169	33158313	238	15	94.07	CG
2	33158169	33158313	297	81	78.57	CHG
2	33158169	33158313	271	1476	15.51	CHH
2	33431516	33431954	194	9	95.57	CG
2	33431516	33431954	29	759	3.68	CHG
2	33431516	33431954	254	4286	5.59	CHH
2	33711999	33712328	56	3	94.92	CG
2	33711999	33712328	22	791	2.71	CHG
2	33711999	33712328	233	2921	7.39	CHH
2	33834944	33835662	177	490	26.54	CG
2	33834944	33835662	77	1219	5.94	CHG
2	33834944	33835662	444	7367	5.68	CHH
2	33936933	33937065	0	76	0.00	CG
2	33936933	33937065	12	428	2.73	CHG
2	33936933	33937065	63	1644	3.69	CHH
2	34687871	34690219	842	8192	9.32	CG
2	34687871	34690219	917	6214	12.86	CHG
2	34687871	34690219	1756	19381	8.31	CHH
2	34747509	34747747	40	1	97.56	CG
2	34747509	34747747	25	10	71.43	CHG
2	34747509	34747747	5	38	11.63	CHH
2	34772462	34772598	5	253	1.94	CHG
2	34772462	34772598	80	1160	6.45	CHH
2	35300370	35300604	70	2	97.22	CG
2	35300370	35300604	19	633	2.91	CHG
2	35300370	35300604	205	2712	7.03	CHH
2	35388799	35389069	11	378	2.83	CG
2	35388799	35389069	40	757	5.02	CHG
2	35388799	35389069	133	2099	5.96	CHH
3	480369	480630	657	31	95.49	CG
3	480369	480630	25	669	3.60	CHG
3	480369	480630	138	2485	5.26	CHH
3	615186	620505	5380	6783	44.23	CG
3	615186	620505	2668	8878	23.11	CHG
3	615186	620505	5666	36693	13.38	CHH
3	1097994	1098400	1521	34	97.81	CG
3	1097994	1098400	909	239	79.18	CHG
3	1097994	1098400	862	3948	17.92	CHH
3	2922253	2922366	0	78	0.00	CG
3	2922253	2922366	2	166	1.19	CHG
3	2922253	2922366	53	1657	3.10	CHH
3	2924923	2926581	1012	234	81.22	CG
3	2924923	2926581	256	3058	7.72	CHG
3	2924923	2926581	1252	14688	7.85	CHH
3	3101473	3101729	433	1056	29.08	CG
3	3101473	3101729	51	843	5.70	CHG
3	3101473	3101729	87	2032	4.11	CHH
3	3782983	3787490	1226	12666	8.83	CG
3	3782983	3787490	1022	9917	9.34	CHG
3	3782983	3787490	2265	35706	5.97	CHH
3	4471611	4471796	16	775	2.02	CG
3	4471611	4471796	23	456	4.80	CHG
3	4471611	4471796	37	1257	2.86	CHH
3	4501942	4502163	282	427	39.77	CG
3	4501942	4502163	235	287	45.02	CHG
3	4501942	4502163	934	618	60.18	CHH
3	4735915	4736042	4	221	1.78	CG
3	4735915	4736042	22	203	9.78	CHG
3	4735915	4736042	63	1415	4.26	CHH
3	5786527	5786697	137	4	97.16	CG
3	5786527	5786697	17	420	3.89	CHG
3	5786527	5786697	120	1878	6.01	CHH
3	5790733	5792052	2614	106	96.10	CG
3	5790733	5792052	1576	687	69.64	CHG
3	5790733	5792052	1941	8960	17.81	CHH
3	5852144	5852325	389	21	94.88	CG
3	5852144	5852325	343	72	82.65	CHG
3	5852144	5852325	515	1483	25.78	CHH
3	5861909	5862252	431	80	84.34	CG
3	5861909	5862252	82	1219	6.30	CHG
3	5861909	5862252	199	3216	5.83	CHH
3	5863529	5863616	8	223	3.46	CG
3	5863529	5863616	22	362	5.73	CHG
3	5863529	5863616	63	1016	5.84	CHH
3	6119207	6119385	106	991	9.66	CG
3	6119207	6119385	72	859	7.73	CHG
3	6119207	6119385	113	1079	9.48	CHH
3	6727333	6727471	7	273	2.50	CG
3	6727333	6727471	10	202	4.72	CHG
3	6727333	6727471	83	1469	5.35	CHH
3	7815881	7816020	87	1131	7.14	CG
3	7815881	7816020	37	520	6.64	CHG
3	7815881	7816020	33	417	7.33	CHH
3	8124800	8125238	55	1797	2.97	CG
3	8124800	8125238	79	1145	6.45	CHG
3	8124800	8125238	241	4175	5.46	CHH
3	8292358	8296069	2949	1462	66.86	CG
3	8292358	8296069	2003	4746	29.68	CHG
3	8292358	8296069	3410	31529	9.76	CHH
3	8918282	8919468	909	3839	19.14	CG
3	8918282	8919468	409	2447	14.32	CHG
3	8918282	8919468	1547	9097	14.53	CHH
3	8932042	8933228	738	1190	38.28	CG
3	8932042	8933228	413	842	32.91	CHG
3	8932042	8933228	1114	8995	11.02	CHH
3	9007060	9007495	1782	39	97.86	CG
3	9007060	9007495	867	340	71.83	CHG
3	9007060	9007495	609	2137	22.18	CHH
3	9615393	9615681	199	932	17.60	CG
3	9615393	9615681	56	396	12.39	CHG
3	9615393	9615681	208	2311	8.26	CHH
3	9647322	9647514	32	251	11.31	CG
3	9647322	9647514	16	574	2.71	CHG
3	9647322	9647514	146	2094	6.52	CHH
3	9661238	9663204	378	2963	11.31	CG
3	9661238	9663204	304	3005	9.19	CHG
3	9661238	9663204	1205	15473	7.23	CHH
3	9703524	9703645	4	104	3.70	CG
3	9703524	9703645	16	74	17.78	CHG
3	9703524	9703645	84	771	9.82	CHH
3	9741411	9741728	430	71	85.83	CG
3	9741411	9741728	200	133	60.06	CHG
3	9741411	9741728	281	1838	13.26	CHH
3	9772110	9773385	2585	506	83.63	CG
3	9772110	9773385	1384	988	58.35	CHG
3	9772110	9773385	1640	11325	12.65	CHH
3	9970758	9972750	609	7077	7.92	CG
3	9970758	9972750	451	5592	7.46	CHG
3	9970758	9972750	1020	14732	6.48	CHH
3	11318102	11319164	637	726	46.74	CG
3	11318102	11319164	278	1655	14.38	CHG
3	11318102	11319164	626	8637	6.76	CHH
3	11624874	11625180	161	3	98.17	CG
3	11624874	11625180	32	919	3.36	CHG
3	11624874	11625180	166	2864	5.48	CHH
3	11762654	11762757	5	136	3.55	CG
3	11762654	11762757	1	63	1.56	CHG
3	11762654	11762757	31	690	4.30	CHH
3	12013674	12014450	715	28	96.23	CG
3	12013674	12014450	1399	313	81.72	CHG
3	12013674	12014450	837	7516	10.02	CHH
3	13326106	13326294	8	370	2.12	CG
3	13326106	13326294	46	590	7.23	CHG
3	13326106	13326294	106	1491	6.64	CHH
3	14484188	14484405	69	3	95.83	CG
3	14484188	14484405	359	88	80.31	CHG
3	14484188	14484405	208	1659	11.14	CHH
3	14495901	14496241	178	2857	5.86	CG
3	14495901	14496241	106	1328	7.39	CHG
3	14495901	14496241	231	3119	6.90	CHH
3	14633392	14633990	829	40	95.40	CG
3	14633392	14633990	335	126	72.67	CHG
3	14633392	14633990	462	5647	7.56	CHH
3	14886695	14886945	27	235	10.31	CG
3	14886695	14886945	127	174	42.19	CHG
3	14886695	14886945	967	1305	42.56	CHH
3	15238637	15238822	255	5	98.08	CG
3	15238637	15238822	340	102	76.92	CHG
3	15238637	15238822	226	1889	10.69	CHH
3	15348429	15348696	291	16	94.79	CG
3	15348429	15348696	258	185	58.24	CHG
3	15348429	15348696	245	2095	10.47	CHH
3	15968990	15969281	41	1424	2.80	CG
3	15968990	15969281	74	1195	5.83	CHG
3	15968990	15969281	129	2578	4.77	CHH
3	16545195	16545366	115	6	95.04	CG
3	16545195	16545366	99	40	71.22	CHG
3	16545195	16545366	59	758	7.22	CHH
3	16691128	16691290	180	12	93.75	CG
3	16691128	16691290	35	149	19.02	CHG
3	16691128	16691290	261	964	21.31	CHH
3	18086982	18087169	1	264	0.38	CG
3	18086982	18087169	10	361	2.70	CHG
3	18086982	18087169	60	1629	3.55	CHH
3	18671229	18673244	1790	1154	60.80	CG
3	18671229	18673244	833	2163	27.80	CHG
3	18671229	18673244	1889	16322	10.37	CHH
3	18972426	18972727	4	3	57.14	CG
3	18972426	18972727	3	2	60.00	CHG
3	18972426	18972727	2	19	9.52	CHH
3	19066610	19066885	989	32	96.87	CG
3	19066610	19066885	192	194	49.74	CHG
3	19066610	19066885	284	1144	19.89	CHH
3	19477758	19477853	153	8	95.03	CG
3	19477758	19477853	72	144	33.33	CHG
3	19477758	19477853	69	620	10.01	CHH
3	20211561	20212451	2038	64	96.96	CG
3	20211561	20212451	1389	463	75.00	CHG
3	20211561	20212451	1177	7568	13.46	CHH
3	20300032	20301332	2097	107	95.15	CG
3	20300032	20301332	2536	803	75.95	CHG
3	20300032	20301332	1196	12433	8.78	CHH
3	20506153	20506547	780	25	96.89	CG
3	20506153	20506547	565	284	66.55	CHG
3	20506153	20506547	305	3517	7.98	CHH
3	20529596	20530676	2144	3763	36.30	CG
3	20529596	20530676	482	2737	14.97	CHG
3	20529596	20530676	745	6285	10.60	CHH
3	20609274	20609784	703	26	96.43	CG
3	20609274	20609784	407	229	63.99	CHG
3	20609274	20609784	499	3642	12.05	CHH
3	21045714	21046037	457	30	93.84	CG
3	21045714	21046037	192	78	71.11	CHG
3	21045714	21046037	221	3080	6.69	CHH
3	21053301	21054404	413	296	58.25	CG
3	21053301	21054404	89	1680	5.03	CHG
3	21053301	21054404	542	11005	4.69	CHH
3	21477968	21478334	547	248	68.81	CG
3	21477968	21478334	134	498	21.20	CHG
3	21477968	21478334	602	2600	18.80	CHH
3	21805912	21806253	1784	60	96.75	CG
3	21805912	21806253	292	276	51.41	CHG
3	21805912	21806253	441	1903	18.81	CHH
3	22443304	22443897	62	2418	2.50	CG
3	22443304	22443897	94	1606	5.53	CHG
3	22443304	22443897	187	4137	4.32	CHH
3	22930322	22932315	657	3118	17.40	CG
3	22930322	22932315	194	3882	4.76	CHG
3	22930322	22932315	1022	17630	5.48	CHH
3	22977964	22978503	330	315	51.16	CG
3	22977964	22978503	318	757	29.58	CHG
3	22977964	22978503	884	3296	21.15	CHH
3	23158824	23162446	2091	8283	20.16	CG
3	23158824	23162446	731	6097	10.71	CHG
3	23158824	23162446	2681	27295	8.94	CHH
3	23440227	23440314	8	116	6.45	CHG
3	23440227	23440314	35	621	5.34	CHH
3	23502337	23503127	562	127	81.57	CG
3	23502337	23503127	91	481	15.91	CHG
3	23502337	23503127	1410	6328	18.22	CHH
3	24402381	24402506	42	1357	3.00	CG
3	24402381	24402506	35	400	8.05	CHG
3	24402381	24402506	40	889	4.31	CHH
3	24697252	24697403	3	141	2.08	CG
3	24697252	24697403	17	261	6.12	CHG
3	24697252	24697403	57	1190	4.57	CHH
3	25124576	25125712	1414	700	66.89	CG
3	25124576	25125712	673	762	46.90	CHG
3	25124576	25125712	3473	6396	35.19	CHH
3	25238096	25238349	205	89	69.73	CG
3	25238096	25238349	15	728	2.02	CHG
3	25238096	25238349	136	2462	5.23	CHH
3	26463242	26463534	67	708	8.65	CG
3	26463242	26463534	45	739	5.74	CHG
3	26463242	26463534	107	1688	5.96	CHH
3	28036385	28036532	21	442	4.54	CG
3	28036385	28036532	31	392	7.33	CHG
3	28036385	28036532	52	1115	4.46	CHH
3	28421210	28421588	8	589	1.34	CG
3	28421210	28421588	78	1005	7.20	CHG
3	28421210	28421588	192	3361	5.40	CHH
3	28828352	28828674	138	150	47.92	CG
3	28828352	28828674	4	88	4.35	CHG
3	28828352	28828674	908	2034	30.86	CHH
3	28883667	28884002	99	69	58.93	CG
3	28883667	28884002	49	415	10.56	CHG
3	28883667	28884002	181	3167	5.41	CHH
3	28999678	28999814	72	79	47.68	CG
3	28999678	28999814	78	71	52.35	CHG
3	28999678	28999814	261	786	24.93	CHH
3	29036320	29036527	1032	33	96.90	CG
3	29036320	29036527	96	239	28.66	CHG
3	29036320	29036527	94	699	11.85	CHH
3	29048284	29048488	1674	31	98.18	CG
3	29048284	29048488	1042	338	75.51	CHG
3	29048284	29048488	296	1211	19.64	CHH
3	29804060	29804313	4	286	1.38	CG
3	29804060	29804313	28	635	4.22	CHG
3	29804060	29804313	104	1983	4.98	CHH
3	31242980	31243426	2190	49	97.81	CG
3	31242980	31243426	996	369	72.97	CHG
3	31242980	31243426	354	2426	12.73	CHH
3	31550060	31550292	504	375	57.34	CG
3	31550060	31550292	143	260	35.48	CHG
3	31550060	31550292	320	2220	12.60	CHH
3	32992420	32993458	737	890	45.30	CG
3	32992420	32993458	195	1052	15.64	CHG
3	32992420	32993458	908	8245	9.92	CHH
3	33907932	33908490	25	264	8.65	CG
3	33907932	33908490	101	1587	5.98	CHG
3	33907932	33908490	278	6128	4.34	CHH
3	34241449	34241654	4	265	1.49	CG
3	34241449	34241654	58	665	8.02	CHG
3	34241449	34241654	79	1606	4.69	CHH
3	34254363	34255907	686	2035	25.21	CG
3	34254363	34255907	288	3620	7.37	CHG
3	34254363	34255907	1842	11222	14.10	CHH
3	34833000	34833309	1083	27	97.57	CG
3	34833000	34833309	558	211	72.56	CHG
3	34833000	34833309	420	1304	24.36	CHH
3	35110086	35110256	78	3	96.30	CG
3	35110086	35110256	0	260	0.00	CHG
3	35110086	35110256	86	1803	4.55	CHH
3	35180241	35180554	280	20	93.33	CG
3	35180241	35180554	33	1042	3.07	CHG
3	35180241	35180554	178	3883	4.38	CHH
3	35917041	35917731	1308	471	73.52	CG
3	35917041	35917731	410	748	35.41	CHG
3	35917041	35917731	1034	4872	17.51	CHH
3	36048993	36049255	7	404	1.70	CG
3	36048993	36049255	34	660	4.90	CHG
3	36048993	36049255	135	2184	5.82	CHH
3	36390761	36392058	203	4660	4.17	CG
3	36390761	36392058	205	3478	5.57	CHG
3	36390761	36392058	581	10259	5.36	CHH
4	2128481	2128855	259	74	77.78	CG
4	2128481	2128855	31	324	8.73	CHG
4	2128481	2128855	221	2694	7.58	CHH
4	2540394	2540485	160	62	72.07	CG
4	2540394	2540485	105	117	47.30	CHG
4	2540394	2540485	51	739	6.46	CHH
4	3036997	3037085	312	7	97.81	CG
4	3036997	3037085	63	115	35.39	CHG
4	3036997	3037085	40	295	11.94	CHH
4	3390058	3390156	3	1	75.00	CG
4	3390058	3390156	1	0	100.00	CHG
4	3390058	3390156	1	3	25.00	CHH
4	4049820	4050064	461	28	94.27	CG
4	4049820	4050064	244	151	61.77	CHG
4	4049820	4050064	209	1685	11.03	CHH
4	4695559	4695777	530	15	97.25	CG
4	4695559	4695777	168	151	52.66	CHG
4	4695559	4695777	122	868	12.32	CHH
4	5205473	5206792	3226	113	96.62	CG
4	5205473	5206792	1715	896	65.68	CHG
4	5205473	5206792	1096	10256	9.65	CHH
4	5370300	5370990	737	22	97.10	CG
4	5370300	5370990	393	216	64.53	CHG
4	5370300	5370990	148	1303	10.20	CHH
4	7250146	7253105	1903	9160	17.20	CG
4	7250146	7253105	1277	5629	18.49	CHG
4	7250146	7253105	1513	21519	6.57	CHH
4	7946934	7947116	247	7	97.24	CG
4	7946934	7947116	147	88	62.55	CHG
4	7946934	7947116	93	1109	7.74	CHH
4	7976120	7976768	7	384	1.79	CG
4	7976120	7976768	39	881	4.24	CHG
4	7976120	7976768	120	3606	3.22	CHH
4	7998972	7999131	1	94	1.05	CG
4	7998972	7999131	34	217	13.55	CHG
4	7998972	7999131	111	1406	7.32	CHH
4	9504426	9506750	3414	270	92.67	CG
4	9504426	9506750	2322	1655	58.39	CHG
4	9504426	9506750	1603	19257	7.68	CHH
4	10597218	10597775	1548	65	95.97	CG
4	10597218	10597775	1845	496	78.81	CHG
4	10597218	10597775	461	4843	8.69	CHH
4	11254426	11254603	6	208	2.80	CG
4	11254426	11254603	18	401	4.30	CHG
4	11254426	11254603	79	1810	4.18	CHH
4	11479976	11481063	78	926	7.77	CG
4	11479976	11481063	77	1682	4.38	CHG
4	11479976	11481063	521	10262	4.83	CHH
4	12511724	12511877	121	6	95.28	CG
4	12511724	12511877	288	165	63.58	CHG
4	12511724	12511877	107	1290	7.66	CHH
4	12570254	12573173	4527	169	96.40	CG
4	12570254	12573173	5396	1851	74.46	CHG
4	12570254	12573173	2514	25588	8.95	CHH
4	14336636	14336825	405	10	97.59	CG
4	14336636	14336825	317	177	64.17	CHG
4	14336636	14336825	114	1296	8.09	CHH
4	15422154	15422563	353	11	96.98	CG
4	15422154	15422563	274	251	52.19	CHG
4	15422154	15422563	442	3289	11.85	CHH
4	15927777	15928107	23	881	2.54	CG
4	15927777	15928107	43	786	5.19	CHG
4	15927777	15928107	188	2930	6.03	CHH
4	16377949	16378038	255	8	96.96	CG
4	16377949	16378038	155	106	59.39	CHG
4	16377949	16378038	93	750	11.03	CHH
4	16429861	16430118	335	16	95.44	CG
4	16429861	16430118	490	132	78.78	CHG
4	16429861	16430118	254	2270	10.06	CHH
4	16739824	16740091	624	20	96.89	CG
4	16739824	16740091	122	135	47.47	CHG
4	16739824	16740091	118	1615	6.81	CHH
4	16870850	16871033	225	9	96.15	CG
4	16870850	16871033	1	81	1.22	CHG
4	16870850	16871033	172	1887	8.35	CHH
4	16929303	16929386	102	53	65.81	CG
4	16929303	16929386	4	34	10.53	CHG
4	16929303	16929386	24	777	3.00	CHH
4	18861290	18861421	145	6	96.03	CG
4	18861290	18861421	78	36	68.42	CHG
4	18861290	18861421	606	690	46.76	CHH
4	18879559	18879953	2236	53	97.68	CG
4	18879559	18879953	1265	539	70.12	CHG
4	18879559	18879953	584	2587	18.42	CHH
4	19594453	19594613	1	129	0.77	CG
4	19594453	19594613	9	295	2.96	CHG
4	19594453	19594613	71	649	9.86	CHH
4	21836525	21836740	13	545	2.33	CG
4	21836525	21836740	43	936	4.39	CHG
4	21836525	21836740	146	2528	5.46	CHH
4	22149701	22149888	49	1160	4.05	CG
4	22149701	22149888	26	459	5.36	CHG
4	22149701	22149888	77	1693	4.35	CHH
4	24463582	24463728	8	268	2.90	CG
4	24463582	24463728	6	199	2.93	CHG
4	24463582	24463728	87	1300	6.27	CHH
4	24879051	24879296	2	59	3.28	CG
4	24879051	24879296	22	1147	1.88	CHG
4	24879051	24879296	128	2220	5.45	CHH
4	25700367	25700823	2558	43	98.35	CG
4	25700367	25700823	1024	447	69.61	CHG
4	25700367	25700823	1150	2887	28.49	CHH
4	26025305	26025523	168	8	95.45	CG
4	26025305	26025523	34	629	5.13	CHG
4	26025305	26025523	138	2279	5.71	CHH
4	26125746	26125921	189	14	93.10	CG
4	26125746	26125921	157	54	74.41	CHG
4	26125746	26125921	230	1609	12.51	CHH
4	28854448	28854672	35	683	4.87	CG
4	28854448	28854672	11	320	3.32	CHG
4	28854448	28854672	119	1482	7.43	CHH
4	31600862	31601333	992	50	95.20	CG
4	31600862	31601333	600	614	49.42	CHG
4	31600862	31601333	386	3218	10.71	CHH
4	32665225	32665685	39	2296	1.67	CG
4	32665225	32665685	103	1579	6.12	CHG
4	32665225	32665685	203	3705	5.19	CHH
4	32845260	32845468	203	22	90.22	CG
4	32845260	32845468	33	697	4.52	CHG
4	32845260	32845468	106	2370	4.28	CHH
4	32907649	32907913	770	18	97.72	CG
4	32907649	32907913	829	260	76.12	CHG
4	32907649	32907913	346	2895	10.68	CHH
4	32976630	32976775	5	179	2.72	CG
4	32976630	32976775	14	211	6.22	CHG
4	32976630	32976775	51	1191	4.11	CHH
4	33538001	33538284	251	7	97.29	CG
4	33538001	33538284	303	66	82.11	CHG
4	33538001	33538284	117	954	10.92	CHH
5	22552	22704	332	10	97.08	CG
5	22552	22704	196	44	81.67	CHG
5	22552	22704	126	1061	10.61	CHH
5	167915	169390	1047	330	76.03	CG
5	167915	169390	237	613	27.88	CHG
5	167915	169390	1082	10904	9.03	CHH
5	802197	802307	1	99	1.00	CG
5	802197	802307	3	187	1.58	CHG
5	802197	802307	27	1114	2.37	CHH
5	1555477	1555743	191	24	88.84	CG
5	1555477	1555743	13	651	1.96	CHG
5	1555477	1555743	122	2796	4.18	CHH
5	1623822	1624065	1222	38	96.98	CG
5	1623822	1624065	539	212	71.77	CHG
5	1623822	1624065	280	677	29.26	CHH
5	1649481	1650024	2033	127	94.12	CG
5	1649481	1650024	831	681	54.96	CHG
5	1649481	1650024	729	4577	13.74	CHH
5	2535968	2537410	244	5674	4.12	CG
5	2535968	2537410	245	4257	5.44	CHG
5	2535968	2537410	676	13442	4.79	CHH
5	3201536	3202094	78	287	21.37	CG
5	3201536	3202094	140	542	20.53	CHG
5	3201536	3202094	785	3421	18.66	CHH
5	3642042	3642277	891	21	97.70	CG
5	3642042	3642277	161	195	45.22	CHG
5	3642042	3642277	233	1678	12.19	CHH
5	4042346	4043559	1247	37	97.12	CG
5	4042346	4043559	772	320	70.70	CHG
5	4042346	4043559	401	3536	10.19	CHH
5	5042999	5043643	138	2	98.57	CG
5	5042999	5043643	58	18	76.32	CHG
5	5042999	5043643	68	700	8.85	CHH
5	6697788	6698020	241	15	94.14	CG
5	6697788	6698020	25	411	5.73	CHG
5	6697788	6698020	96	1899	4.81	CHH
5	8888812	8888977	221	8	96.51	CG
5	8888812	8888977	549	140	79.68	CHG
5	8888812	8888977	192	1551	11.02	CHH
5	9364313	9364413	607	13	97.90	CG
5	9364313	9364413	289	203	58.74	CHG
5	9364313	9364413	106	730	12.68	CHH
5	12549332	12549415	0	2	0.00	CHH
5	12809268	12809477	1064	50	95.51	CG
5	12809268	12809477	347	234	59.72	CHG
5	12809268	12809477	199	1042	16.04	CHH
5	13857407	13857542	952	35	96.45	CG
5	13857407	13857542	216	120	64.29	CHG
5	13857407	13857542	200	972	17.06	CHH
5	14246535	14246708	2	141	1.40	CG
5	14246535	14246708	3	75	3.85	CHG
5	14246535	14246708	121	2146	5.34	CHH
5	15249273	15249609	807	36	95.73	CG
5	15249273	15249609	412	214	65.81	CHG
5	15249273	15249609	344	2677	11.39	CHH
5	15263881	15264136	1660	46	97.30	CG
5	15263881	15264136	746	341	68.63	CHG
5	15263881	15264136	333	1662	16.69	CHH
5	15295856	15296058	571	41	93.30	CG
5	15295856	15296058	185	132	58.36	CHG
5	15295856	15296058	82	838	8.91	CHH
5	15380224	15380482	47	6	88.68	CG
5	15380224	15380482	74	8	90.24	CHG
5	15380224	15380482	24	164	12.77	CHH
5	16141049	16142222	2686	96	96.55	CG
5	16141049	16142222	1584	482	76.67	CHG
5	16141049	16142222	1167	10171	10.29	CHH
5	16604726	16607053	3688	370	90.88	CG
5	16604726	16607053	1830	1558	54.01	CHG
5	16604726	16607053	2254	19946	10.15	CHH
5	16695358	16697204	1698	1392	54.95	CG
5	16695358	16697204	1522	1376	52.52	CHG
5	16695358	16697204	1932	11249	14.66	CHH
5	17145149	17145240	1	89	1.11	CG
5	17145149	17145240	31	930	3.23	CHH
5	17275880	17277194	887	1206	42.38	CG
5	17275880	17277194	212	2486	7.86	CHG
5	17275880	17277194	1049	10619	8.99	CHH
5	18555974	18556911	1647	270	85.92	CG
5	18555974	18556911	597	655	47.68	CHG
5	18555974	18556911	688	8386	7.58	CHH
5	18614365	18615227	2715	55	98.01	CG
5	18614365	18615227	1211	523	69.84	CHG
5	18614365	18615227	1786	5970	23.03	CHH
5	19082868	19087589	2698	4030	40.10	CG
5	19082868	19087589	773	10743	6.71	CHG
5	19082868	19087589	2849	39391	6.74	CHH
5	19475239	19475452	8	494	1.59	CG
5	19475239	19475452	35	784	4.27	CHG
5	19475239	19475452	129	2337	5.23	CHH
5	19550564	19550779	16	122	11.59	CHG
5	19550564	19550779	244	1916	11.30	CHH
5	19686229	19688559	2117	4006	34.57	CG
5	19686229	19688559	1270	2846	30.86	CHG
5	19686229	19688559	2104	18720	10.10	CHH
5	20197683	20197907	37	1330	2.71	CG
5	20197683	20197907	65	750	7.98	CHG
5	20197683	20197907	65	1421	4.37	CHH
5	20639725	20640817	1166	100	92.10	CG
5	20639725	20640817	166	2774	5.65	CHG
5	20639725	20640817	516	9398	5.20	CHH
5	21196473	21196736	189	16	92.20	CG
5	21196473	21196736	311	68	82.06	CHG
5	21196473	21196736	388	2366	14.09	CHH
5	21222554	21222810	115	100	53.49	CHG
5	21222554	21222810	116	1961	5.58	CHH
5	21231311	21231463	19	742	2.50	CG
5	21231311	21231463	43	595	6.74	CHG
5	21231311	21231463	41	1103	3.58	CHH
5	21771662	21772418	870	447	66.06	CG
5	21771662	21772418	565	825	40.65	CHG
5	21771662	21772418	430	5062	7.83	CHH
5	22632027	22632224	28	1019	2.67	CG
5	22632027	22632224	22	889	2.41	CHG
5	22632027	22632224	75	1606	4.46	CHH
5	23446330	23446424	9	0	100.00	CG
5	23446330	23446424	6	67	8.22	CHH
5	23498602	23498699	118	7	94.40	CG
5	23498602	23498699	51	5	91.07	CHG
5	23498602	23498699	595	425	58.33	CHH
5	23589096	23589233	5	263	1.87	CHG
5	23589096	23589233	66	1428	4.42	CHH
5	23597717	23597952	7	134	4.96	CG
5	23597717	23597952	14	363	3.71	CHG
5	23597717	23597952	145	1979	6.83	CHH
5	23799970	23800819	169	3015	5.31	CG
5	23799970	23800819	191	2677	6.66	CHG
5	23799970	23800819	363	7524	4.60	CHH
5	24767463	24767619	30	759	3.80	CG
5	24767463	24767619	12	272	4.23	CHG
5	24767463	24767619	41	1116	3.54	CHH
5	24958493	24960927	1500	1784	45.68	CG
5	24958493	24960927	328	4785	6.42	CHG
5	24958493	24960927	1546	22002	6.57	CHH
5	25117789	25118255	205	2391	7.90	CG
5	25117789	25118255	97	1135	7.87	CHG
5	25117789	25118255	159	2737	5.49	CHH
5	25683760	25686062	1423	9070	13.56	CG
5	25683760	25686062	979	6799	12.59	CHG
5	25683760	25686062	1953	14447	11.91	CHH
5	25916431	25917101	1049	37	96.59	CG
5	25916431	25917101	658	319	67.35	CHG
5	25916431	25917101	849	5423	13.54	CHH
5	26920490	26922938	83	3661	2.22	CG
5	26920490	26922938	332	7493	4.24	CHG
5	26920490	26922938	1307	21373	5.76	CHH
5	27294148	27294484	57	1188	4.58	CG
5	27294148	27294484	55	870	5.95	CHG
5	27294148	27294484	170	3174	5.08	CHH
5	27692643	27692794	7	615	1.13	CG
5	27692643	27692794	13	621	2.05	CHG
5	27692643	27692794	74	1446	4.87	CHH
5	28353397	28355104	1954	406	82.80	CG
5	28353397	28355104	248	3449	6.71	CHG
5	28353397	28355104	989	15655	5.94	CHH
5	28438764	28438936	265	10	96.36	CG
5	28438764	28438936	328	69	82.62	CHG
5	28438764	28438936	136	1035	11.61	CHH
5	29278792	29278999	124	8	93.94	CG
5	29278792	29278999	91	13	87.50	CHG
5	29278792	29278999	52	531	8.92	CHH
5	29368004	29368261	209	4	98.12	CG
5	29368004	29368261	460	59	88.63	CHG
5	29368004	29368261	326	2721	10.70	CHH
5	29393677	29395023	648	38	94.46	CG
5	29393677	29395023	524	169	75.61	CHG
5	29393677	29395023	197	1676	10.52	CHH
5	29485227	29485510	440	391	52.95	CG
5	29485227	29485510	140	671	17.26	CHG
5	29485227	29485510	274	2753	9.05	CHH
6	247291	247913	36	1486	2.37	CG
6	247291	247913	66	1228	5.10	CHG
6	247291	247913	167	4342	3.70	CHH
6	368015	368245	7	487	1.42	CG
6	368015	368245	42	563	6.94	CHG
6	368015	368245	105	2148	4.66	CHH
6	521167	522087	198	1403	12.37	CG
6	521167	522087	118	1240	8.69	CHG
6	521167	522087	957	6912	12.16	CHH
6	813527	813697	136	24	85.00	CG
6	813527	813697	14	391	3.46	CHG
6	813527	813697	112	2241	4.76	CHH
6	958185	960061	3169	1477	68.21	CG
6	958185	960061	995	1610	38.20	CHG
6	958185	960061	1106	11940	8.48	CHH
6	1267865	1268035	1213	41	96.73	CG
6	1267865	1268035	484	333	59.24	CHG
6	1267865	1268035	165	1450	10.22	CHH
6	2300838	2300945	2	243	0.82	CG
6	2300838	2300945	37	394	8.58	CHG
6	2300838	2300945	48	1248	3.70	CHH
6	3639180	3639309	9	358	2.45	CG
6	3639180	3639309	12	372	3.12	CHG
6	3639180	3639309	114	1476	7.17	CHH
6	3944739	3945664	457	618	42.51	CG
6	3944739	3945664	455	873	34.26	CHG
6	3944739	3945664	898	7938	10.16	CHH
6	4300749	4300941	577	26	95.69	CG
6	4300749	4300941	221	213	50.92	CHG
6	4300749	4300941	308	2332	11.67	CHH
6	4553472	4553595	655	10	98.50	CG
6	4553472	4553595	132	97	57.64	CHG
6	4553472	4553595	193	578	25.03	CHH
6	4806070	4806315	80	953	7.74	CG
6	4806070	4806315	49	469	9.46	CHG
6	4806070	4806315	137	1794	7.09	CHH
6	5243918	5246329	1285	2888	30.79	CG
6	5243918	5246329	380	6890	5.23	CHG
6	5243918	5246329	1119	21239	5.00	CHH
6	5335954	5337126	963	1180	44.94	CG
6	5335954	5337126	482	1232	28.12	CHG
6	5335954	5337126	1180	6575	15.22	CHH
6	6556692	6557000	35	1244	2.74	CG
6	6556692	6557000	47	669	6.56	CHG
6	6556692	6557000	131	2317	5.35	CHH
6	7262284	7262394	15	299	4.78	CHG
6	7262284	7262394	28	1140	2.40	CHH
6	7296360	7297580	978	27	97.31	CG
6	7296360	7297580	610	245	71.35	CHG
6	7296360	7297580	395	2774	12.46	CHH
6	7450229	7452500	3571	678	84.04	CG
6	7450229	7452500	2293	1532	59.95	CHG
6	7450229	7452500	3619	17333	17.27	CHH
6	8010667	8010997	1047	21	98.03	CG
6	8010667	8010997	573	297	65.86	CHG
6	8010667	8010997	350	2293	13.24	CHH
6	8383109	8385458	1617	7412	17.91	CG
6	8383109	8385458	871	3961	18.03	CHG
6	8383109	8385458	1489	15646	8.69	CHH
6	8415805	8416695	1703	83	95.35	CG
6	8415805	8416695	1232	665	64.94	CHG
6	8415805	8416695	697	7478	8.53	CHH
6	8434419	8434622	497	9	98.22	CG
6	8434419	8434622	520	199	72.32	CHG
6	8434419	8434622	357	1177	23.27	CHH
6	9748876	9749062	448	274	62.05	CG
6	9748876	9749062	15	249	5.68	CHG
6	9748876	9749062	105	1612	6.12	CHH
6	9753551	9753693	85	4	95.51	CG
6	9753551	9753693	100	32	75.76	CHG
6	9753551	9753693	61	385	13.68	CHH
6	10075237	10075575	720	23	96.90	CG
6	10075237	10075575	1022	300	77.31	CHG
6	10075237	10075575	413	2907	12.44	CHH
6	10093461	10093858	787	73	91.51	CG
6	10093461	10093858	346	384	47.40	CHG
6	10093461	10093858	380	3965	8.75	CHH
6	10113029	10113177	305	6	98.07	CG
6	10113029	10113177	169	54	75.78	CHG
6	10113029	10113177	388	1112	25.87	CHH
6	10217891	10218933	1880	76	96.11	CG
6	10217891	10218933	2080	574	78.37	CHG
6	10217891	10218933	971	8513	10.24	CHH
6	11173234	11173456	78	84	48.15	CG
6	11173234	11173456	497	1580	23.93	CHH
6	11608473	11613132	8143	1559	83.93	CG
6	11608473	11613132	4863	4768	50.49	CHG
6	11608473	11613132	4010	32589	10.96	CHH
6	11851633	11851862	146	3	97.99	CG
6	11851633	11851862	308	170	64.44	CHG
6	11851633	11851862	117	1614	6.76	CHH
6	14122214	14122520	591	24	96.10	CG
6	14122214	14122520	531	245	68.43	CHG
6	14122214	14122520	367	2109	14.82	CHH
6	14227883	14228030	252	10	96.18	CG
6	14227883	14228030	104	78	57.14	CHG
6	14227883	14228030	131	999	11.59	CHH
6	14470606	14472078	3152	117	96.42	CG
6	14470606	14472078	2824	777	78.42	CHG
6	14470606	14472078	1695	10381	14.04	CHH
6	14807254	14809068	2939	872	77.12	CG
6	14807254	14809068	2349	1770	57.03	CHG
6	14807254	14809068	3037	13730	18.11	CHH
6	14821713	14821802	106	6	94.64	CG
6	14821713	14821802	221	41	84.35	CHG
6	14821713	14821802	56	623	8.25	CHH
6	14830897	14831902	1557	63	96.11	CG
6	14830897	14831902	2048	549	78.86	CHG
6	14830897	14831902	865	9158	8.63	CHH
6	14905971	14906794	1898	52	97.33	CG
6	14905971	14906794	1772	251	87.59	CHG
6	14905971	14906794	1067	5427	16.43	CHH
6	15103747	15105627	2805	161	94.57	CG
6	15103747	15105627	2189	722	75.20	CHG
6	15103747	15105627	1793	18844	8.69	CHH
6	15441362	15441506	6647	367	94.77	CG
6	15441362	15441506	619	481	56.27	CHG
6	15441362	15441506	1386	7911	14.91	CHH
6	15563454	15563591	124	7	94.66	CG
6	15563454	15563591	149	64	69.95	CHG
6	15563454	15563591	104	882	10.55	CHH
6	16686020	16686529	1401	70	95.24	CG
6	16686020	16686529	442	366	54.70	CHG
6	16686020	16686529	288	4367	6.19	CHH
6	17158669	17158861	288	112	72.00	CG
6	17158669	17158861	11	321	3.31	CHG
6	17158669	17158861	150	1549	8.83	CHH
6	17199198	17199462	148	24	86.05	CG
6	17199198	17199462	14	34	29.17	CHG
6	17199198	17199462	211	1291	14.05	CHH
6	17345586	17347256	6085	185	97.05	CG
6	17345586	17347256	2914	1180	71.18	CHG
6	17345586	17347256	2295	15034	13.24	CHH
6	17660877	17661057	411	8	98.09	CG
6	17660877	17661057	483	138	77.78	CHG
6	17660877	17661057	167	1618	9.36	CHH
6	18643334	18643833	628	26	96.02	CG
6	18643334	18643833	234	245	48.85	CHG
6	18643334	18643833	73	413	15.02	CHH
6	18777954	18779043	1575	89	94.65	CG
6	18777954	18779043	781	405	65.85	CHG
6	18777954	18779043	808	9293	8.00	CHH
6	18810122	18813496	6316	1137	84.74	CG
6	18810122	18813496	2586	3837	40.26	CHG
6	18810122	18813496	2346	26620	8.10	CHH
6	19312818	19314797	4179	1888	68.88	CG
6	19312818	19314797	1794	2033	46.88	CHG
6	19312818	19314797	3503	15973	17.99	CHH
6	20357482	20357681	384	17	95.76	CG
6	20357482	20357681	154	111	58.11	CHG
6	20357482	20357681	129	1594	7.49	CHH
6	20439044	20439654	24	863	2.71	CG
6	20439044	20439654	103	1833	5.32	CHG
6	20439044	20439654	263	5212	4.80	CHH
6	21127919	21128043	421	42	90.93	CG
6	21127919	21128043	8	32	20.00	CHG
6	21127919	21128043	190	1029	15.59	CHH
6	21587628	21587841	278	24	92.05	CG
6	21587628	21587841	161	56	74.19	CHG
6	21587628	21587841	124	1926	6.05	CHH
6	22156671	22156886	7	703	0.99	CG
6	22156671	22156886	20	495	3.88	CHG
6	22156671	22156886	101	2116	4.56	CHH
6	22194216	22196915	3240	1416	69.59	CG
6	22194216	22196915	1219	4763	20.38	CHG
6	22194216	22196915	1882	27536	6.40	CHH
6	22609287	22612484	4991	3075	61.88	CG
6	22609287	22612484	2667	3738	41.64	CHG
6	22609287	22612484	7246	20515	26.10	CHH
6	22611980	22612934	581	1422	29.01	CG
6	22611980	22612934	584	1230	32.19	CHG
6	22611980	22612934	2394	5017	32.30	CHH
6	23257492	23257741	1205	46	96.32	CG
6	23257492	23257741	445	146	75.30	CHG
6	23257492	23257741	323	934	25.70	CHH
6	23764410	23764702	73	10	87.95	CG
6	23764410	23764702	21	20	51.22	CHG
6	23764410	23764702	253	3479	6.78	CHH
6	23867262	23869017	533	6472	7.61	CG
6	23867262	23869017	723	3642	16.56	CHG
6	23867262	23869017	1478	13315	9.99	CHH
6	24469529	24469704	131	1	99.24	CG
6	24469529	24469704	447	57	88.69	CHG
6	24469529	24469704	175	1713	9.27	CHH
6	26027042	26027922	706	145	82.96	CG
6	26027042	26027922	76	711	9.66	CHG
6	26027042	26027922	356	6728	5.03	CHH
6	27428621	27432072	1803	5544	24.54	CG
6	27428621	27432072	877	8532	9.32	CHG
6	27428621	27432072	2721	27247	9.08	CHH
6	27581080	27581338	1025	14	98.65	CG
6	27581080	27581338	460	229	66.76	CHG
6	27581080	27581338	490	2315	17.47	CHH
6	27924772	27924989	218	19	91.98	CG
6	27924772	27924989	60	746	7.44	CHG
6	27924772	27924989	127	1794	6.61	CHH
6	28789509	28791244	608	1202	33.59	CG
6	28789509	28791244	347	3790	8.39	CHG
6	28789509	28791244	1125	15418	6.80	CHH
6	28955148	28955268	11	292	3.63	CHG
6	28955148	28955268	73	1114	6.15	CHH
6	29172271	29175087	1418	828	63.13	CG
6	29172271	29175087	354	7683	4.40	CHG
6	29172271	29175087	1690	29829	5.36	CHH
6	30516258	30516520	151	321	31.99	CG
6	30516258	30516520	43	166	20.57	CHG
6	30516258	30516520	172	1499	10.29	CHH
6	31188015	31188697	220	76	74.32	CG
6	31188015	31188697	59	1802	3.17	CHG
6	31188015	31188697	331	7346	4.31	CHH
6	31222643	31224540	2717	95	96.62	CG
6	31222643	31224540	296	4442	6.25	CHG
6	31222643	31224540	1619	17760	8.35	CHH
7	411438	411715	429	36	92.26	CG
7	411438	411715	224	461	32.70	CHG
7	411438	411715	188	2021	8.51	CHH
7	993029	993215	6	211	2.76	CG
7	993029	993215	36	339	9.60	CHG
7	993029	993215	74	1342	5.23	CHH
7	1846760	1848970	1993	500	79.94	CG
7	1846760	1848970	280	4887	5.42	CHG
7	1846760	1848970	1286	19661	6.14	CHH
7	2224488	2225213	149	2425	5.79	CG
7	2224488	2225213	125	1769	6.60	CHG
7	2224488	2225213	268	5802	4.42	CHH
7	2447769	2451203	2836	8717	24.55	CG
7	2447769	2451203	1082	7521	12.58	CHG
7	2447769	2451203	2749	26567	9.38	CHH
7	2483423	2483554	236	180	56.73	CG
7	2483423	2483554	80	42	65.57	CHG
7	2483423	2483554	327	368	47.05	CHH
7	2618288	2618484	138	27	83.64	CG
7	2618288	2618484	7	69	9.21	CHG
7	2618288	2618484	73	1746	4.01	CHH
7	2946799	2949545	1292	5793	18.24	CG
7	2946799	2949545	334	7177	4.45	CHG
7	2946799	2949545	1278	24608	4.94	CHH
7	3992526	3992733	191	18	91.39	CG
7	3992526	3992733	21	788	2.60	CHG
7	3992526	3992733	77	2340	3.19	CHH
7	4299561	4299774	143	286	33.33	CG
7	4299561	4299774	28	269	9.43	CHG
7	4299561	4299774	94	1474	5.99	CHH
7	4594741	4595750	171	2042	7.73	CG
7	4594741	4595750	131	2701	4.63	CHG
7	4594741	4595750	653	11281	5.47	CHH
7	4802020	4804153	217	3122	6.50	CG
7	4802020	4804153	182	2390	7.08	CHG
7	4802020	4804153	1117	18733	5.63	CHH
7	5473306	5473520	99	6	94.29	CG
7	5473306	5473520	61	21	74.39	CHG
7	5473306	5473520	85	1668	4.85	CHH
7	6327476	6328339	1562	72	95.59	CG
7	6327476	6328339	1008	307	76.65	CHG
7	6327476	6328339	521	4174	11.10	CHH
7	6575263	6575711	10	212	4.50	CG
7	6575263	6575711	4	74	5.13	CHG
7	6575263	6575711	299	4323	6.47	CHH
7	6605103	6605624	2081	57	97.33	CG
7	6605103	6605624	650	737	46.86	CHG
7	6605103	6605624	307	3727	7.61	CHH
7	6829453	6829599	22	259	7.83	CHG
7	6829453	6829599	92	1601	5.43	CHH
7	6919655	6920441	1786	333	84.29	CG
7	6919655	6920441	1052	1355	43.71	CHG
7	6919655	6920441	533	6697	7.37	CHH
7	7348687	7348951	71	0	100.00	CG
7	7348687	7348951	8	383	2.05	CHG
7	7348687	7348951	94	2773	3.28	CHH
7	7538627	7540224	1660	639	72.21	CG
7	7538627	7540224	497	1284	27.91	CHG
7	7538627	7540224	1097	12461	8.09	CHH
7	7676619	7677136	602	37	94.21	CG
7	7676619	7677136	532	181	74.61	CHG
7	7676619	7677136	396	3813	9.41	CHH
7	7868604	7868899	1319	37	97.27	CG
7	7868604	7868899	659	362	64.54	CHG
7	7868604	7868899	259	2579	9.13	CHH
7	7896981	7897138	53	4	92.98	CG
7	7896981	7897138	429	122	77.86	CHG
7	7896981	7897138	207	1573	11.63	CHH
7	7950410	7951127	291	2808	9.39	CG
7	7950410	7951127	185	1699	9.82	CHG
7	7950410	7951127	511	4670	9.86	CHH
7	8994834	8994985	308	73	80.84	CG
7	8994834	8994985	23	502	4.38	CHG
7	8994834	8994985	49	1170	4.02	CHH
7	9688947	9691039	1569	5063	23.66	CG
7	9688947	9691039	1724	2643	39.48	CHG
7	9688947	9691039	1423	13055	9.83	CHH
7	10365529	10365796	1096	38	96.65	CG
7	10365529	10365796	166	73	69.46	CHG
7	10365529	10365796	175	2117	7.64	CHH
7	10449611	10449795	261	24	91.58	CG
7	10449611	10449795	243	74	76.66	CHG
7	10449611	10449795	180	2104	7.88	CHH
7	10549868	10550083	239	12	95.22	CG
7	10549868	10550083	185	89	67.52	CHG
7	10549868	10550083	196	1714	10.26	CHH
7	10635123	10635434	410	332	55.26	CG
7	10635123	10635434	581	222	72.35	CHG
7	10635123	10635434	1538	1635	48.47	CHH
7	10877526	10878054	2862	85	97.12	CG
7	10877526	10878054	699	385	64.48	CHG
7	10877526	10878054	538	2373	18.48	CHH
7	11466967	11467449	1084	36	96.79	CG
7	11466967	11467449	624	201	75.64	CHG
7	11466967	11467449	363	3284	9.95	CHH
7	11601703	11602144	292	47	86.14	CG
7	11601703	11602144	210	170	55.26	CHG
7	11601703	11602144	571	3434	14.26	CHH
7	11983577	11984979	1054	220	82.73	CG
7	11983577	11984979	743	832	47.17	CHG
7	11983577	11984979	916	11698	7.26	CHH
7	12411232	12411465	295	3	98.99	CG
7	12411232	12411465	150	85	63.83	CHG
7	12411232	12411465	57	247	18.75	CHH
7	12792717	12792888	99	8	92.52	CG
7	12792717	12792888	120	33	78.43	CHG
7	12792717	12792888	89	983	8.30	CHH
7	12807464	12807960	606	21	96.65	CG
7	12807464	12807960	723	396	64.61	CHG
7	12807464	12807960	481	5188	8.48	CHH
7	13460211	13460326	620	36	94.51	CG
7	13460211	13460326	87	135	39.19	CHG
7	13460211	13460326	107	478	18.29	CHH
7	15065372	15067232	3117	111	96.56	CG
7	15065372	15067232	2644	958	73.40	CHG
7	15065372	15067232	1474	18606	7.34	CHH
7	15194897	15195154	6	183	3.17	CG
7	15194897	15195154	16	209	7.11	CHG
7	15194897	15195154	132	3211	3.95	CHH
7	15838174	15840597	2107	2689	43.93	CG
7	15838174	15840597	694	2887	19.38	CHG
7	15838174	15840597	2230	18048	11.00	CHH
7	16417756	16417995	196	11	94.69	CG
7	16417756	16417995	82	46	64.06	CHG
7	16417756	16417995	346	2176	13.72	CHH
7	17006268	17006989	3305	83	97.55	CG
7	17006268	17006989	1033	488	67.92	CHG
7	17006268	17006989	674	5927	10.21	CHH
7	17339592	17339751	7	141	4.73	CG
7	17339592	17339751	15	443	3.28	CHG
7	17339592	17339751	107	1540	6.50	CHH
7	17913342	17913726	1033	24	97.73	CG
7	17913342	17913726	554	202	73.28	CHG
7	17913342	17913726	561	3273	14.63	CHH
7	18987148	18987233	46	63	42.20	CG
7	18987148	18987233	14	39	26.42	CHG
7	18987148	18987233	24	567	4.06	CHH
7	19215021	19215291	1487	38	97.51	CG
7	19215021	19215291	762	250	75.30	CHG
7	19215021	19215291	584	1641	26.25	CHH
7	19560035	19560566	1485	32	97.89	CG
7	19560035	19560566	978	300	76.53	CHG
7	19560035	19560566	1142	2724	29.54	CHH
7	19560091	19560385	914	20	97.86	CG
7	19560091	19560385	549	154	78.09	CHG
7	19560091	19560385	544	1302	29.47	CHH
7	19831953	19832039	12	237	4.82	CHG
7	19831953	19832039	38	784	4.62	CHH
7	19834434	19835298	1459	314	82.29	CG
7	19834434	19835298	814	840	49.21	CHG
7	19834434	19835298	737	5992	10.95	CHH
7	21131054	21131268	13	108	10.74	CG
7	21131054	21131268	9	310	2.82	CHG
7	21131054	21131268	116	2129	5.17	CHH
7	21474944	21475222	330	152	68.46	CG
7	21474944	21475222	10	91	9.90	CHG
7	21474944	21475222	551	2067	21.05	CHH
7	21913503	21914249	311	1065	22.60	CG
7	21913503	21914249	125	1233	9.20	CHG
7	21913503	21914249	1189	6084	16.35	CHH
7	22120429	22120613	376	7	98.17	CG
7	22120429	22120613	35	692	4.81	CHG
7	22120429	22120613	156	1979	7.31	CHH
7	22386510	22386982	140	2043	6.41	CG
7	22386510	22386982	108	889	10.83	CHG
7	22386510	22386982	100	3343	2.90	CHH
7	22569423	22569628	296	16	94.87	CG
7	22569423	22569628	45	636	6.61	CHG
7	22569423	22569628	117	2345	4.75	CHH
7	23187122	23187806	99	1131	8.05	CG
7	23187122	23187806	108	1417	7.08	CHG
7	23187122	23187806	287	5465	4.99	CHH
7	23391649	23391802	256	12	95.52	CG
7	23391649	23391802	17	545	3.02	CHG
7	23391649	23391802	55	1367	3.87	CHH
7	24132747	24133053	207	7	96.73	CG
7	24132747	24133053	56	351	13.76	CHG
7	24132747	24133053	177	2874	5.80	CHH
7	24196787	24197173	608	32	95.00	CG
7	24196787	24197173	656	105	86.20	CHG
7	24196787	24197173	399	4146	8.78	CHH
7	24296352	24296548	145	10	93.55	CG
7	24296352	24296548	19	448	4.07	CHG
7	24296352	24296548	104	1845	5.34	CHH
7	24747117	24747542	2720	48	98.27	CG
7	24747117	24747542	1141	442	72.08	CHG
7	24747117	24747542	809	2131	27.52	CHH
7	25222041	25223348	352	3453	9.25	CG
7	25222041	25223348	366	2101	14.84	CHG
7	25222041	25223348	1114	10083	9.95	CHH
7	25256522	25256725	16	880	1.79	CG
7	25256522	25256725	26	586	4.25	CHG
7	25256522	25256725	92	1798	4.87	CHH
7	25908465	25908808	20	710	2.74	CG
7	25908465	25908808	39	1150	3.28	CHG
7	25908465	25908808	173	3156	5.20	CHH
7	25983000	25983349	337	63	84.25	CG
7	25983000	25983349	55	965	5.39	CHG
7	25983000	25983349	145	3127	4.43	CHH
7	26184639	26186023	4280	103	97.65	CG
7	26184639	26186023	2386	738	76.38	CHG
7	26184639	26186023	1363	5494	19.88	CHH
7	26456564	26456769	23	351	6.15	CG
7	26456564	26456769	16	105	13.22	CHG
7	26456564	26456769	126	1015	11.04	CHH
7	27118237	27118566	87	9	90.62	CG
7	27118237	27118566	80	58	57.97	CHG
7	27118237	27118566	356	3388	9.51	CHH
7	28429839	28434200	3078	559	84.63	CG
7	28429839	28434200	631	10926	5.46	CHG
7	28429839	28434200	2981	41534	6.70	CHH
7	28561953	28562576	337	4749	6.63	CG
7	28561953	28562576	218	2378	8.40	CHG
7	28561953	28562576	204	3332	5.77	CHH
7	28603030	28603161	2	0	100.00	CG
7	28603030	28603161	4	1	80.00	CHG
7	28603030	28603161	6	48	11.11	CHH
7	29086695	29086979	1352	49	96.50	CG
7	29086695	29086979	452	112	80.14	CHG
7	29086695	29086979	473	1196	28.34	CHH
8	178569	180215	211	3699	5.40	CG
8	178569	180215	363	2665	11.99	CHG
8	178569	180215	1358	11906	10.24	CHH
8	236935	237112	404	16	96.19	CG
8	236935	237112	647	121	84.24	CHG
8	236935	237112	449	1832	19.68	CHH
8	451101	451275	45	1062	4.07	CG
8	451101	451275	33	402	7.59	CHG
8	451101	451275	44	941	4.47	CHH
8	700792	701075	27	1175	2.25	CG
8	700792	701075	38	898	4.06	CHG
8	700792	701075	195	2151	8.31	CHH
8	1029191	1029915	216	1021	17.46	CG
8	1029191	1029915	132	647	16.94	CHG
8	1029191	1029915	1263	3678	25.56	CHH
8	1151684	1151850	178	8	95.70	CG
8	1151684	1151850	290	91	76.12	CHG
8	1151684	1151850	169	1755	8.78	CHH
8	1263064	1263825	368	8	97.87	CG
8	1263064	1263825	287	116	71.22	CHG
8	1263064	1263825	72	909	7.34	CHH
8	1315995	1316283	388	125	75.63	CG
8	1315995	1316283	292	368	44.24	CHG
8	1315995	1316283	488	2578	15.92	CHH
8	1392517	1392770	1138	32	97.26	CG
8	1392517	1392770	267	324	45.18	CHG
8	1392517	1392770	208	2122	8.93	CHH
8	1864926	1865852	2017	94	95.55	CG
8	1864926	1865852	563	539	51.09	CHG
8	1864926	1865852	800	8756	8.37	CHH
8	1952801	1953130	68	691	8.96	CG
8	1952801	1953130	25	458	5.18	CHG
8	1952801	1953130	164	3652	4.30	CHH
8	2740500	2740929	1045	29	97.30	CG
8	2740500	2740929	697	312	69.08	CHG
8	2740500	2740929	532	3817	12.23	CHH
8	2874093	2874334	482	24	95.26	CG
8	2874093	2874334	172	118	59.31	CHG
8	2874093	2874334	231	2665	7.98	CHH
8	3055231	3055410	33	730	4.33	CHG
8	3055231	3055410	144	2278	5.95	CHH
8	3463082	3465280	689	2774	19.90	CG
8	3463082	3465280	475	4365	9.81	CHG
8	3463082	3465280	2569	18520	12.18	CHH
8	4272689	4273002	265	3	98.88	CG
8	4272689	4273002	310	106	74.52	CHG
8	4272689	4273002	323	3231	9.09	CHH
8	4312136	4312445	751	30	96.16	CG
8	4312136	4312445	367	378	49.26	CHG
8	4312136	4312445	266	2806	8.66	CHH
8	4545475	4545770	141	25	84.94	CG
8	4545475	4545770	29	498	5.50	CHG
8	4545475	4545770	121	2055	5.56	CHH
8	4853217	4853848	250	4383	5.40	CG
8	4853217	4853848	153	1999	7.11	CHG
8	4853217	4853848	264	4575	5.46	CHH
8	5467560	5467758	113	509	18.17	CG
8	5467560	5467758	39	478	7.54	CHG
8	5467560	5467758	131	1984	6.19	CHH
8	6450044	6451003	2062	100	95.37	CG
8	6450044	6451003	1212	447	73.06	CHG
8	6450044	6451003	964	6671	12.63	CHH
8	6675950	6676096	216	8	96.43	CG
8	6675950	6676096	68	42	61.82	CHG
8	6675950	6676096	85	566	13.06	CHH
8	6874782	6875032	556	24	95.86	CG
8	6874782	6875032	183	82	69.06	CHG
8	6874782	6875032	281	2116	11.72	CHH
8	7337780	7340351	1912	1880	50.42	CG
8	7337780	7340351	260	4979	4.96	CHG
8	7337780	7340351	2083	22598	8.44	CHH
8	7485595	7487184	3286	117	96.56	CG
8	7485595	7487184	3113	872	78.12	CHG
8	7485595	7487184	2168	12744	14.54	CHH
8	7660052	7660308	148	25	85.55	CG
8	7660052	7660308	43	263	14.05	CHG
8	7660052	7660308	163	2179	6.96	CHH
8	8117875	8118747	476	126	79.07	CG
8	8117875	8118747	67	1799	3.59	CHG
8	8117875	8118747	399	8119	4.68	CHH
8	8283116	8289954	10311	3119	76.78	CG
8	8283116	8289954	5836	10241	36.30	CHG
8	8283116	8289954	4996	56386	8.14	CHH
8	8625179	8626724	5561	122	97.85	CG
8	8625179	8626724	3324	1236	72.89	CHG
8	8625179	8626724	1213	7854	13.38	CHH
8	10263592	10264820	1034	22	97.92	CG
8	10263592	10264820	254	2945	7.94	CHG
8	10263592	10264820	898	11441	7.28	CHH
8	10859005	10859704	344	21	94.25	CG
8	10859005	10859704	452	138	76.61	CHG
8	10859005	10859704	530	6117	7.97	CHH
8	10992041	10993699	1914	192	90.88	CG
8	10992041	10993699	1135	1105	50.67	CHG
8	10992041	10993699	1064	13078	7.52	CHH
8	11046357	11046521	3	0	100.00	CG
8	11046357	11046521	3	0	100.00	CHG
8	11046357	11046521	2	6	25.00	CHH
8	11166235	11167095	61	4	93.85	CG
8	11166235	11167095	277	88	75.89	CHG
8	11166235	11167095	169	1647	9.31	CHH
8	11203659	11203915	2	1	66.67	CG
8	11203659	11203915	5	7	41.67	CHG
8	11203659	11203915	13	56	18.84	CHH
8	12217241	12217417	9	1	90.00	CG
8	12217241	12217417	81	8	91.01	CHG
8	12217241	12217417	95	345	21.59	CHH
8	12220776	12220917	8	1	88.89	CG
8	12220776	12220917	5	4	55.56	CHG
8	12220776	12220917	2	24	7.69	CHH
8	12256460	12256704	10	363	2.68	CG
8	12256460	12256704	39	626	5.86	CHG
8	12256460	12256704	131	2508	4.96	CHH
8	12629860	12629996	55	3	94.83	CG
8	12629860	12629996	194	88	68.79	CHG
8	12629860	12629996	100	1098	8.35	CHH
8	13407105	13408116	3064	363	89.41	CG
8	13407105	13408116	899	837	51.79	CHG
8	13407105	13408116	586	4416	11.72	CHH
8	13545344	13545711	619	40	93.93	CG
8	13545344	13545711	127	132	49.03	CHG
8	13545344	13545711	342	4013	7.85	CHH
8	13637622	13639004	4342	211	95.37	CG
8	13637622	13639004	3180	1392	69.55	CHG
8	13637622	13639004	1284	11327	10.18	CHH
8	13894493	13894788	148	6	96.10	CG
8	13894493	13894788	56	23	70.89	CHG
8	13894493	13894788	14	197	6.64	CHH
8	13952461	13953924	2050	745	73.35	CG
8	13952461	13953924	1136	1042	52.16	CHG
8	13952461	13953924	2420	11446	17.45	CHH
8	14213510	14213752	142	342	29.34	CG
8	14213510	14213752	7	323	2.12	CHG
8	14213510	14213752	155	1716	8.28	CHH
8	14298148	14298652	623	29	95.55	CG
8	14298148	14298652	734	270	73.11	CHG
8	14298148	14298652	434	4446	8.89	CHH
8	14597668	14597929	1632	23	98.61	CG
8	14597668	14597929	786	297	72.58	CHG
8	14597668	14597929	309	2075	12.96	CHH
8	14657412	14657652	73	3	96.05	CG
8	14657412	14657652	23	25	47.92	CHG
8	14657412	14657652	221	1385	13.76	CHH
8	15580207	15580529	436	14	96.89	CG
8	15580207	15580529	537	140	79.32	CHG
8	15580207	15580529	348	2933	10.61	CHH
8	15967015	15970249	5372	335	94.13	CG
8	15967015	15970249	3365	2025	62.43	CHG
8	15967015	15970249	2439	27559	8.13	CHH
8	16012976	16013846	3603	78	97.88	CG
8	16012976	16013846	2118	501	80.87	CHG
8	16012976	16013846	2125	5452	28.05	CHH
8	16216197	16216404	267	23	92.07	CG
8	16216197	16216404	109	1795	5.72	CHH
8	16538923	16541131	1269	807	61.13	CG
8	16538923	16541131	233	3674	5.96	CHG
8	16538923	16541131	1535	21607	6.63	CHH
8	16974676	16975655	756	956	44.16	CG
8	16974676	16975655	288	1248	18.75	CHG
8	16974676	16975655	698	8416	7.66	CHH
8	16994050	16994211	4	379	1.04	CG
8	16994050	16994211	16	293	5.18	CHG
8	16994050	16994211	81	1416	5.41	CHH
8	17403203	17403300	509	16	96.95	CG
8	17403203	17403300	215	92	70.03	CHG
8	17403203	17403300	44	896	4.68	CHH
8	17719178	17719322	228	4	98.28	CG
8	17719178	17719322	62	99	38.51	CHG
8	17719178	17719322	126	1009	11.10	CHH
8	18550794	18553306	4731	1720	73.34	CG
8	18550794	18553306	1790	3080	36.76	CHG
8	18550794	18553306	3360	16973	16.52	CHH
8	20514928	20517189	2936	283	91.21	CG
8	20514928	20517189	764	810	48.54	CHG
8	20514928	20517189	2478	26749	8.48	CHH
8	21734995	21740080	17010	707	96.01	CG
8	21734995	21740080	7374	3128	70.22	CHG
8	21734995	21740080	4495	35032	11.37	CHH
8	21758849	21759020	124	11	91.85	CG
8	21758849	21759020	20	471	4.07	CHG
8	21758849	21759020	167	1817	8.42	CHH
8	22561294	22561443	13	207	5.91	CG
8	22561294	22561443	16	214	6.96	CHG
8	22561294	22561443	88	965	8.36	CHH
8	22681154	22681244	97	10	90.65	CHG
8	22681154	22681244	34	454	6.97	CHH
8	22949183	22951590	1149	1639	41.21	CG
8	22949183	22951590	843	3460	19.59	CHG
8	22949183	22951590	3704	17478	17.49	CHH
8	23384652	23384882	10	1070	0.93	CG
8	23384652	23384882	42	550	7.09	CHG
8	23384652	23384882	106	1267	7.72	CHH
8	23517672	23517817	119	6	95.20	CG
8	23517672	23517817	173	42	80.47	CHG
8	23517672	23517817	192	1457	11.64	CHH
8	23675662	23675914	479	26	94.85	CG
8	23675662	23675914	131	116	53.04	CHG
8	23675662	23675914	447	710	38.63	CHH
8	24239866	24240191	187	9	95.41	CG
8	24239866	24240191	19	716	2.59	CHG
8	24239866	24240191	156	2976	4.98	CHH
8	24632914	24633182	153	63	70.83	CG
8	24632914	24633182	120	559	17.67	CHG
8	24632914	24633182	180	1792	9.13	CHH
8	25281178	25281350	764	19	97.57	CG
8	25281178	25281350	93	72	56.36	CHG
8	25281178	25281350	247	1683	12.80	CHH
8	25598370	25598449	122	681	15.19	CHH
8	25696600	25696771	70	944	6.90	CG
8	25696600	25696771	38	593	6.02	CHG
8	25696600	25696771	92	1355	6.36	CHH
8	25733898	25741720	8795	6423	57.79	CG
8	25733898	25741720	5200	15503	25.12	CHG
8	25733898	25741720	5161	69906	6.88	CHH
8	26671848	26672550	605	15	97.58	CG
8	26671848	26672550	300	52	85.23	CHG
8	26671848	26672550	363	2081	14.85	CHH
8	26851572	26851796	24	822	2.84	CG
8	26851572	26851796	17	417	3.92	CHG
8	26851572	26851796	118	1924	5.78	CHH
8	27327904	27330518	1880	11760	13.78	CG
8	27327904	27330518	1052	7284	12.62	CHG
8	27327904	27330518	2110	17707	10.65	CHH
9	899505	900078	1509	72	95.45	CG
9	899505	900078	425	299	58.70	CHG
9	899505	900078	699	5842	10.69	CHH
9	1708905	1710116	4545	131	97.20	CG
9	1708905	1710116	2209	1105	66.66	CHG
9	1708905	1710116	835	8570	8.88	CHH
9	2262231	2262612	725	15	97.97	CG
9	2262231	2262612	859	223	79.39	CHG
9	2262231	2262612	337	3407	9.00	CHH
9	2463009	2464211	2174	108	95.27	CG
9	2463009	2464211	1393	696	66.68	CHG
9	2463009	2464211	1236	9118	11.94	CHH
9	2545349	2545704	845	14	98.37	CG
9	2545349	2545704	770	224	77.46	CHG
9	2545349	2545704	279	2616	9.64	CHH
9	2775400	2775730	9146	485	94.96	CG
9	2775400	2775730	1289	1428	47.44	CHG
9	2775400	2775730	2046	20550	9.05	CHH
9	2854868	2855786	6861	406	94.41	CG
9	2854868	2855786	806	1092	42.47	CHG
9	2854868	2855786	1498	14842	9.17	CHH
9	2911646	2912272	1432	63	95.79	CG
9	2911646	2912272	1960	417	82.46	CHG
9	2911646	2912272	797	6530	10.88	CHH
9	3112245	3115702	17037	388	97.77	CG
9	3112245	3115702	7674	1621	82.56	CHG
9	3112245	3115702	7078	21739	24.56	CHH
9	3214717	3216020	1168	495	70.23	CG
9	3214717	3216020	490	742	39.77	CHG
9	3214717	3216020	667	10232	6.12	CHH
9	3330884	3331520	237	7	97.13	CG
9	3330884	3331520	403	166	70.83	CHG
9	3330884	3331520	186	3224	5.45	CHH
9	4522204	4522362	238	11	95.58	CG
9	4522204	4522362	105	41	71.92	CHG
9	4522204	4522362	65	345	15.85	CHH
9	4739227	4745466	5600	3077	64.54	CG
9	4739227	4745466	2134	6084	25.97	CHG
9	4739227	4745466	3894	46872	7.67	CHH
9	6140177	6140335	131	6	95.62	CG
9	6140177	6140335	48	25	65.75	CHG
9	6140177	6140335	44	363	10.81	CHH
9	6631347	6632182	135	244	35.62	CG
9	6631347	6632182	648	1233	34.45	CHG
9	6631347	6632182	378	7592	4.74	CHH
9	7230219	7230464	748	178	80.78	CG
9	7230219	7230464	103	345	22.99	CHG
9	7230219	7230464	111	1107	9.11	CHH
9	7430897	7432040	590	382	60.70	CG
9	7430897	7432040	40	630	5.97	CHG
9	7430897	7432040	453	8868	4.86	CHH
9	8393668	8393832	354	4	98.88	CG
9	8393668	8393832	117	51	69.64	CHG
9	8393668	8393832	116	499	18.86	CHH
9	9923428	9925180	126	1064	10.59	CG
9	9923428	9925180	118	1912	5.81	CHG
9	9923428	9925180	1098	14944	6.84	CHH
9	10766786	10767301	489	39	92.61	CG
9	10766786	10767301	74	1583	4.47	CHG
9	10766786	10767301	327	5741	5.39	CHH
9	12030840	12031218	47	2428	1.90	CG
9	12030840	12031218	92	1614	5.39	CHG
9	12030840	12031218	164	2786	5.56	CHH
9	12595903	12596851	21	1187	1.74	CG
9	12595903	12596851	112	2536	4.23	CHG
9	12595903	12596851	500	8996	5.27	CHH
9	13404977	13406112	3204	81	97.53	CG
9	13404977	13406112	953	611	60.93	CHG
9	13404977	13406112	1029	6860	13.04	CHH
9	16489222	16490713	2082	1289	61.76	CG
9	16489222	16490713	612	2535	19.45	CHG
9	16489222	16490713	824	12236	6.31	CHH
9	16577282	16577396	145	3	97.97	CG
9	16577282	16577396	31	48	39.24	CHG
9	16577282	16577396	692	567	54.96	CHH
9	17604144	17604323	219	4	98.21	CG
9	17604144	17604323	5	304	1.62	CHG
9	17604144	17604323	82	1600	4.88	CHH
9	19383868	19383934	3	129	2.27	CHG
9	19383868	19383934	27	483	5.29	CHH
9	19469244	19469889	51	552	8.46	CG
9	19469244	19469889	83	1008	7.61	CHG
9	19469244	19469889	653	2560	20.32	CHH
9	19529704	19533249	3846	5343	41.85	CG
9	19529704	19533249	2014	3421	37.06	CHG
9	19529704	19533249	3137	28521	9.91	CHH
9	20512179	20515947	3277	2564	56.10	CG
9	20512179	20515947	1875	5115	26.82	CHG
9	20512179	20515947	5007	31341	13.78	CHH
9	20811988	20812086	133	704	15.89	CG
9	20811988	20812086	9	114	7.32	CHG
9	20811988	20812086	54	891	5.71	CHH
9	21917576	21917684	13	554	2.29	CG
9	21917576	21917684	46	394	10.45	CHG
9	21917576	21917684	81	816	9.03	CHH
9	22507907	22508014	8	302	2.58	CHG
9	22507907	22508014	71	1037	6.41	CHH
9	22587586	22587797	802	28	96.63	CG
9	22587586	22587797	299	148	66.89	CHG
9	22587586	22587797	225	1234	15.42	CHH
10	76063	76767	1246	57	95.63	CG
10	76063	76767	650	1022	38.88	CHG
10	76063	76767	462	5888	7.28	CHH
10	1070598	1072595	1611	3515	31.43	CG
10	1070598	1072595	978	2886	25.31	CHG
10	1070598	1072595	1715	13688	11.13	CHH
10	1391746	1391999	2014	59	97.15	CG
10	1391746	1391999	541	517	51.13	CHG
10	1391746	1391999	238	1778	11.81	CHH
10	1614261	1614403	1	75	1.32	CG
10	1614261	1614403	54	466	10.38	CHG
10	1614261	1614403	67	1628	3.95	CHH
10	1803629	1804504	1067	130	89.14	CG
10	1803629	1804504	796	617	56.33	CHG
10	1803629	1804504	1490	5851	20.30	CHH
10	1803768	1804170	942	59	94.11	CG
10	1803768	1804170	416	229	64.50	CHG
10	1803768	1804170	630	2171	22.49	CHH
10	1840873	1840994	10	339	2.87	CG
10	1840873	1840994	6	220	2.65	CHG
10	1840873	1840994	54	1090	4.72	CHH
10	2764274	2764493	7	377	1.82	CG
10	2764274	2764493	73	896	7.53	CHG
10	2764274	2764493	140	2189	6.01	CHH
10	3411205	3411730	404	11	97.35	CG
10	3411205	3411730	40	1417	2.75	CHG
10	3411205	3411730	201	4729	4.08	CHH
10	3555583	3556236	1680	60	96.55	CG
10	3555583	3556236	428	310	57.99	CHG
10	3555583	3556236	630	1766	26.29	CHH
10	4747418	4747782	53	86	38.13	CG
10	4747418	4747782	75	802	8.55	CHG
10	4747418	4747782	172	3144	5.19	CHH
10	6032495	6032662	181	2	98.91	CG
10	6032495	6032662	366	81	81.88	CHG
10	6032495	6032662	232	1436	13.91	CHH
10	6484932	6485158	104	390	21.05	CG
10	6484932	6485158	4	239	1.65	CHG
10	6484932	6485158	93	1538	5.70	CHH
10	6965382	6965620	1048	27	97.49	CG
10	6965382	6965620	170	212	44.50	CHG
10	6965382	6965620	74	496	12.98	CHH
10	7289884	7290427	1630	48	97.14	CG
10	7289884	7290427	756	301	71.52	CHG
10	7289884	7290427	472	3649	11.45	CHH
10	8713513	8713687	122	6	95.31	CG
10	8713513	8713687	142	40	78.02	CHG
10	8713513	8713687	75	513	12.76	CHH
10	8784304	8784496	347	11	96.93	CG
10	8784304	8784496	130	79	62.20	CHG
10	8784304	8784496	157	1994	7.30	CHH
10	9339792	9339997	221	11	95.26	CG
10	9339792	9339997	31	8	79.49	CHG
10	9339792	9339997	932	306	75.28	CHH
10	9455216	9455761	854	45	94.99	CG
10	9455216	9455761	587	168	77.75	CHG
10	9455216	9455761	455	4399	9.37	CHH
10	10070366	10073354	7650	198	97.48	CG
10	10070366	10073354	4192	1512	73.49	CHG
10	10070366	10073354	2348	14368	14.05	CHH
10	10893887	10894383	311	143	68.50	CG
10	10893887	10894383	471	295	61.49	CHG
10	10893887	10894383	329	3632	8.31	CHH
10	10994069	10994203	163	15	91.57	CG
10	10994069	10994203	29	289	9.12	CHG
10	10994069	10994203	51	954	5.07	CHH
10	11956236	11956518	419	36	92.09	CG
10	11956236	11956518	191	140	57.70	CHG
10	11956236	11956518	689	1666	29.26	CHH
10	11967788	11968023	43	2	95.56	CG
10	11967788	11968023	46	5	90.20	CHG
10	11967788	11968023	785	1304	37.58	CHH
10	12041078	12041429	6	138	4.17	CG
10	12041078	12041429	170	447	27.55	CHG
10	12041078	12041429	470	3075	13.26	CHH
10	12398331	12398410	63	27	70.00	CHG
10	12398331	12398410	74	739	9.10	CHH
10	12783731	12784747	847	2644	24.26	CG
10	12783731	12784747	426	1506	22.05	CHG
10	12783731	12784747	1051	5965	14.98	CHH
10	13030461	13031711	698	3149	18.14	CG
10	13030461	13031711	515	2270	18.49	CHG
10	13030461	13031711	1516	7640	16.56	CHH
10	13134013	13134625	534	122	81.40	CG
10	13134013	13134625	73	197	27.04	CHG
10	13134013	13134625	580	4848	10.69	CHH
10	14312781	14312940	405	6	98.54	CG
10	14312781	14312940	122	57	68.16	CHG
10	14312781	14312940	182	971	15.78	CHH
10	14415032	14415475	17	1265	1.33	CG
10	14415032	14415475	52	1020	4.85	CHG
10	14415032	14415475	158	3806	3.99	CHH
10	14939572	14939779	9	600	1.48	CG
10	14939572	14939779	18	347	4.93	CHG
10	14939572	14939779	90	2038	4.23	CHH
10	15358024	15358297	109	41	72.67	CHG
10	15358024	15358297	380	2853	11.75	CHH
10	15388115	15388379	97	2	97.98	CG
10	15388115	15388379	256	136	65.31	CHG
10	15388115	15388379	112	1961	5.40	CHH
10	15623066	15624262	143	3207	4.27	CG
10	15623066	15624262	168	3558	4.51	CHG
10	15623066	15624262	605	9570	5.95	CHH
10	16649407	16649853	63	1754	3.47	CG
10	16649407	16649853	118	1549	7.08	CHG
10	16649407	16649853	184	3436	5.08	CHH
10	17917117	17917361	16	430	3.59	CG
10	17917117	17917361	47	720	6.13	CHG
10	17917117	17917361	168	2028	7.65	CHH
10	18118300	18118455	247	4	98.41	CG
10	18118300	18118455	169	24	87.56	CHG
10	18118300	18118455	260	1224	17.52	CHH
10	18249061	18249336	1054	44	95.99	CG
10	18249061	18249336	258	350	42.43	CHG
10	18249061	18249336	213	2290	8.51	CHH
10	18629501	18629720	8	158	4.82	CG
10	18629501	18629720	19	192	9.00	CHG
10	18629501	18629720	90	2097	4.12	CHH
10	18709862	18710680	288	2548	10.16	CG
10	18709862	18710680	145	2363	5.78	CHG
10	18709862	18710680	660	5419	10.86	CHH
10	19071669	19072430	221	2500	8.12	CG
10	19071669	19072430	255	2964	7.92	CHG
10	19071669	19072430	275	5231	4.99	CHH
10	19727438	19727659	98	7	93.33	CG
10	19727438	19727659	73	90	44.79	CHG
10	19727438	19727659	535	983	35.24	CHH
10	20621568	20621746	336	20	94.38	CG
10	20621568	20621746	201	192	51.15	CHG
10	20621568	20621746	105	805	11.54	CHH
10	20684185	20684453	211	10	95.48	CG
10	20684185	20684453	67	925	6.75	CHG
10	20684185	20684453	141	2851	4.71	CHH
10	20758072	20758229	89	2	97.80	CG
10	20758072	20758229	35	655	5.07	CHG
10	20758072	20758229	108	1960	5.22	CHH
10	20876029	20876473	236	446	34.60	CG
10	20876029	20876473	144	839	14.65	CHG
10	20876029	20876473	453	2819	13.84	CHH
10	21433314	21437604	2626	3464	43.12	CG
10	21433314	21437604	487	7165	6.36	CHG
10	21433314	21437604	2116	36623	5.46	CHH
10	21560604	21561484	272	297	47.80	CG
10	21560604	21561484	123	2688	4.38	CHG
10	21560604	21561484	495	8421	5.55	CHH
10	22597491	22597660	119	1257	8.65	CG
10	22597491	22597660	98	735	11.76	CHG
10	22597491	22597660	72	1744	3.96	CHH
10	22692035	22692362	121	175	40.88	CG
10	22692035	22692362	43	700	5.79	CHG
10	22692035	22692362	194	3245	5.64	CHH
10	22860787	22861438	28	1270	2.16	CG
10	22860787	22861438	71	1529	4.44	CHG
10	22860787	22861438	227	5297	4.11	CHH
11	505296	505455	671	21	96.97	CG
11	505296	505455	513	123	80.66	CHG
11	505296	505455	142	1415	9.12	CHH
11	797708	798586	293	302	49.24	CG
11	797708	798586	224	878	20.33	CHG
11	797708	798586	926	7311	11.24	CHH
11	1050852	1052789	397	4498	8.11	CG
11	1050852	1052789	443	5202	7.85	CHG
11	1050852	1052789	1250	18007	6.49	CHH
11	1432574	1432751	24	710	3.27	CG
11	1432574	1432751	44	459	8.75	CHG
11	1432574	1432751	119	2312	4.90	CHH
11	1858041	1858566	800	13	98.40	CG
11	1858041	1858566	988	170	85.32	CHG
11	1858041	1858566	2006	2503	44.49	CHH
11	2504811	2504939	3	351	0.85	CG
11	2504811	2504939	20	352	5.38	CHG
11	2504811	2504939	50	947	5.02	CHH
11	2669596	2669853	32	1084	2.87	CG
11	2669596	2669853	17	214	7.36	CHG
11	2669596	2669853	84	1532	5.20	CHH
11	2802873	2804621	1350	1529	46.89	CG
11	2802873	2804621	1241	2187	36.20	CHG
11	2802873	2804621	1756	14200	11.01	CHH
11	2990468	2990688	45	3	93.75	CG
11	2990468	2990688	17	10	62.96	CHG
11	2990468	2990688	32	75	29.91	CHH
11	3466044	3470402	4103	2203	65.07	CG
11	3466044	3470402	2720	3327	44.98	CHG
11	3466044	3470402	3288	28928	10.21	CHH
11	3810954	3811089	103	6	94.50	CG
11	3810954	3811089	12	272	4.23	CHG
11	3810954	3811089	26	713	3.52	CHH
11	4224826	4225123	60	4	93.75	CG
11	4224826	4225123	29	454	6.00	CHG
11	4224826	4225123	213	2518	7.80	CHH
11	4595255	4598721	4136	5879	41.30	CG
11	4595255	4598721	1704	4141	29.15	CHG
11	4595255	4598721	3957	24262	14.02	CHH
11	6038088	6038424	72	2421	2.89	CG
11	6038088	6038424	90	1301	6.47	CHG
11	6038088	6038424	112	2135	4.98	CHH
11	6091835	6093414	4573	1154	79.85	CG
11	6091835	6093414	1707	1466	53.80	CHG
11	6091835	6093414	3528	13190	21.10	CHH
11	7821028	7821214	19	432	4.21	CG
11	7821028	7821214	18	525	3.31	CHG
11	7821028	7821214	49	1292	3.65	CHH
11	9435946	9436636	981	58	94.42	CG
11	9435946	9436636	551	299	64.82	CHG
11	9435946	9436636	626	4068	13.34	CHH
11	9479627	9479991	37	1504	2.40	CG
11	9479627	9479991	96	1371	6.54	CHG
11	9479627	9479991	104	3397	2.97	CHH
11	9728388	9728616	132	25	84.08	CG
11	9728388	9728616	26	166	13.54	CHG
11	9728388	9728616	143	1547	8.46	CHH
11	9810706	9815080	9475	1167	89.03	CG
11	9810706	9815080	4276	4965	46.27	CHG
11	9810706	9815080	3692	34302	9.72	CHH
11	9969448	9969633	210	74	73.94	CG
11	9969448	9969633	82	160	33.88	CHG
11	9969448	9969633	117	1624	6.72	CHH
11	10499987	10500272	335	4	98.82	CG
11	10499987	10500272	317	62	83.64	CHG
11	10499987	10500272	245	2320	9.55	CHH
11	10502651	10503109	718	27	96.38	CG
11	10502651	10503109	1106	196	84.95	CHG
11	10502651	10503109	598	3996	13.02	CHH
11	11632517	11632735	742	20	97.38	CG
11	11632517	11632735	223	164	57.62	CHG
11	11632517	11632735	173	937	15.59	CHH
11	12791330	12791451	293	5	98.32	CG
11	12791330	12791451	141	55	71.94	CHG
11	12791330	12791451	62	548	10.16	CHH
11	13907112	13907730	1544	52	96.74	CG
11	13907112	13907730	1574	366	81.13	CHG
11	13907112	13907730	822	5411	13.19	CHH
11	14199127	14199230	463	13	97.27	CG
11	14199127	14199230	295	102	74.31	CHG
11	14199127	14199230	151	632	19.28	CHH
11	14246634	14246765	108	1	99.08	CG
11	14246634	14246765	94	25	78.99	CHG
11	14246634	14246765	87	707	10.96	CHH
11	14953985	14954432	678	24	96.58	CG
11	14953985	14954432	216	149	59.18	CHG
11	14953985	14954432	486	3419	12.45	CHH
11	15162648	15162882	130	2	98.48	CG
11	15162648	15162882	465	162	74.16	CHG
11	15162648	15162882	244	2650	8.43	CHH
11	15516587	15517994	1249	3146	28.42	CG
11	15516587	15517994	339	2415	12.31	CHG
11	15516587	15517994	1198	11092	9.75	CHH
11	15595496	15598031	5730	1270	81.86	CG
11	15595496	15598031	2410	3019	44.39	CHG
11	15595496	15598031	2223	23928	8.50	CHH
11	15629573	15629919	288	21	93.20	CG
11	15629573	15629919	349	289	54.70	CHG
11	15629573	15629919	320	3584	8.20	CHH
11	15784095	15784518	69	2453	2.74	CG
11	15784095	15784518	88	1561	5.34	CHG
11	15784095	15784518	173	3690	4.48	CHH
11	16587225	16588700	1730	1030	62.68	CG
11	16587225	16588700	703	1265	35.72	CHG
11	16587225	16588700	1270	9594	11.69	CHH
11	16590106	16591882	3316	131	96.20	CG
11	16590106	16591882	4071	1109	78.59	CHG
11	16590106	16591882	1362	12574	9.77	CHH
11	17024541	17024749	90	109	45.23	CG
11	17024541	17024749	136	110	55.28	CHG
11	17024541	17024749	594	1879	24.02	CHH
11	17437801	17439859	924	3985	18.82	CG
11	17437801	17439859	259	4381	5.58	CHG
11	17437801	17439859	1135	19551	5.49	CHH
11	17734944	17735193	60	1737	3.34	CG
11	17734944	17735193	44	915	4.59	CHG
11	17734944	17735193	55	1289	4.09	CHH
11	17903585	17906300	5605	924	85.85	CG
11	17903585	17906300	3823	1833	67.59	CHG
11	17903585	17906300	3030	20902	12.66	CHH
11	17974571	17974900	77	711	9.77	CG
11	17974571	17974900	82	848	8.82	CHG
11	17974571	17974900	219	2795	7.27	CHH
11	18221483	18221608	195	6	97.01	CG
11	18221483	18221608	202	90	69.18	CHG
11	18221483	18221608	50	508	8.96	CHH
11	18325064	18325191	1	77	1.28	CG
11	18325064	18325191	7	213	3.18	CHG
11	18325064	18325191	60	1024	5.54	CHH
11	18373844	18373989	4	60	6.25	CG
11	18373844	18373989	14	240	5.51	CHG
11	18373844	18373989	84	1299	6.07	CHH
11	18718793	18720377	2705	1179	69.64	CG
11	18718793	18720377	399	2656	13.06	CHG
11	18718793	18720377	808	13977	5.46	CHH
11	18909482	18909881	36	1427	2.46	CG
11	18909482	18909881	77	1213	5.97	CHG
11	18909482	18909881	210	2796	6.99	CHH
11	19311606	19314032	4089	618	86.87	CG
11	19311606	19314032	2264	2616	46.39	CHG
11	19311606	19314032	2128	15910	11.80	CHH
11	20219224	20220414	2030	116	94.59	CG
11	20219224	20220414	2274	509	81.71	CHG
11	20219224	20220414	967	9942	8.86	CHH
11	20319451	20320865	1990	305	86.71	CG
11	20319451	20320865	1417	742	65.63	CHG
11	20319451	20320865	1803	12029	13.03	CHH
11	20346784	20346867	0	54	0.00	CG
11	20346784	20346867	3	81	3.57	CHG
11	20346784	20346867	39	652	5.64	CHH
11	20686170	20686465	209	37	84.96	CG
11	20686170	20686465	17	307	5.25	CHG
11	20686170	20686465	165	2860	5.45	CHH
11	20872306	20872476	1395	25	98.24	CG
11	20872306	20872476	458	399	53.44	CHG
11	20872306	20872476	144	1230	10.48	CHH
11	20903615	20904114	561	117	82.74	CG
11	20903615	20904114	70	1317	5.05	CHG
11	20903615	20904114	256	5193	4.70	CHH
11	21540161	21540670	744	25	96.75	CG
11	21540161	21540670	269	341	44.10	CHG
11	21540161	21540670	382	4915	7.21	CHH
11	22251376	22252471	413	662	38.42	CG
11	22251376	22252471	366	1712	17.61	CHG
11	22251376	22252471	810	10856	6.94	CHH
11	22442650	22442893	361	13	96.52	CG
11	22442650	22442893	69	43	61.61	CHG
11	22442650	22442893	238	2925	7.52	CHH
11	22611185	22611456	20	248	7.46	CG
11	22611185	22611456	28	441	5.97	CHG
11	22611185	22611456	157	2862	5.20	CHH
11	22898553	22899482	976	773	55.80	CG
11	22898553	22899482	548	1088	33.50	CHG
11	22898553	22899482	747	6898	9.77	CHH
11	23917291	23918354	1414	277	83.62	CG
11	23917291	23918354	505	618	44.97	CHG
11	23917291	23918354	1308	8019	14.02	CHH
11	23924021	23924111	5	124	3.88	CG
11	23924021	23924111	27	329	7.58	CHG
11	23924021	23924111	45	788	5.40	CHH
11	24143197	24143872	1308	44	96.75	CG
11	24143197	24143872	635	230	73.41	CHG
11	24143197	24143872	542	2791	16.26	CHH
11	24518104	24518669	511	9	98.27	CG
11	24518104	24518669	343	113	75.22	CHG
11	24518104	24518669	163	1467	10.00	CHH
11	25340157	25340679	476	44	91.54	CG
11	25340157	25340679	210	264	44.30	CHG
11	25340157	25340679	435	6180	6.58	CHH
11	25356991	25357939	914	99	90.23	CG
11	25356991	25357939	592	1065	35.73	CHG
11	25356991	25357939	465	8938	4.95	CHH
11	25450636	25450896	1006	28	97.29	CG
11	25450636	25450896	207	190	52.14	CHG
11	25450636	25450896	59	397	12.94	CHH
11	26018351	26019667	2810	141	95.22	CG
11	26018351	26019667	2133	733	74.42	CHG
11	26018351	26019667	1087	7751	12.30	CHH
11	26557615	26559410	1888	248	88.39	CG
11	26557615	26559410	142	2799	4.83	CHG
11	26557615	26559410	1058	16180	6.14	CHH
11	26733617	26733799	421	29	93.56	CG
11	26733617	26733799	266	132	66.83	CHG
11	26733617	26733799	110	1296	7.82	CHH
11	26897318	26898575	3021	207	93.59	CG
11	26897318	26898575	970	1149	45.78	CHG
11	26897318	26898575	964	7803	11.00	CHH
11	27142723	27144368	1662	1251	57.05	CG
11	27142723	27144368	648	1939	25.05	CHG
11	27142723	27144368	1613	11745	12.08	CHH
11	27188061	27188431	346	13	96.38	CG
11	27188061	27188431	159	51	75.71	CHG
11	27188061	27188431	780	3028	20.48	CHH
11	27296398	27296914	451	788	36.40	CG
11	27296398	27296914	47	471	9.07	CHG
11	27296398	27296914	840	2902	22.45	CHH
11	27621315	27621467	20	0	100.00	CG
11	27621315	27621467	9	19	32.14	CHG
11	27621315	27621467	32	331	8.82	CHH
11	28581984	28582206	2	172	1.15	CHG
11	28581984	28582206	319	4255	6.97	CHH
12	1158418	1158578	5	650	0.76	CG
12	1158418	1158578	19	233	7.54	CHG
12	1158418	1158578	134	1482	8.29	CHH
12	1177184	1177765	7	350	1.96	CG
12	1177184	1177765	83	1077	7.16	CHG
12	1177184	1177765	373	5733	6.11	CHH
12	1270256	1270750	70	222	23.97	CG
12	1270256	1270750	82	1259	6.11	CHG
12	1270256	1270750	143	3249	4.22	CHH
12	2005465	2005735	1091	23	97.94	CG
12	2005465	2005735	151	128	54.12	CHG
12	2005465	2005735	337	1913	14.98	CHH
12	2376872	2377309	398	287	58.10	CG
12	2376872	2377309	31	763	3.90	CHG
12	2376872	2377309	303	3879	7.25	CHH
12	3807299	3807471	6	130	4.41	CG
12	3807299	3807471	17	414	3.94	CHG
12	3807299	3807471	84	1360	5.82	CHH
12	3811143	3811601	697	29	96.01	CG
12	3811143	3811601	130	439	22.85	CHG
12	3811143	3811601	278	3638	7.10	CHH
12	3837019	3837118	5	62	7.46	CHH
12	4083553	4083794	165	169	49.40	CG
12	4083553	4083794	86	950	8.30	CHG
12	4083553	4083794	147	2260	6.11	CHH
12	5174512	5176042	4975	1225	80.24	CG
12	5174512	5176042	1650	1894	46.56	CHG
12	5174512	5176042	1444	10020	12.60	CHH
12	5728433	5728876	1531	37	97.64	CG
12	5728433	5728876	1054	248	80.95	CHG
12	5728433	5728876	413	2065	16.67	CHH
12	6323100	6323289	56	262	17.61	CG
12	6323100	6323289	14	257	5.17	CHG
12	6323100	6323289	79	1306	5.70	CHH
12	6480645	6481828	4839	169	96.63	CG
12	6480645	6481828	2560	846	75.16	CHG
12	6480645	6481828	1337	11227	10.64	CHH
12	6550600	6551475	1197	52	95.84	CG
12	6550600	6551475	612	353	63.42	CHG
12	6550600	6551475	456	4827	8.63	CHH
12	7855054	7855393	486	9	98.18	CG
12	7855054	7855393	492	211	69.99	CHG
12	7855054	7855393	427	2542	14.38	CHH
12	8497520	8497653	72	724	9.05	CG
12	8497520	8497653	38	326	10.44	CHG
12	8497520	8497653	93	509	15.45	CHH
12	8555821	8555983	485	103	82.48	CG
12	8555821	8555983	256	206	55.41	CHG
12	8555821	8555983	132	1308	9.17	CHH
12	8733248	8733675	2	0	100.00	CG
12	8733248	8733675	3	18	14.29	CHG
12	8733248	8733675	21	425	4.71	CHH
12	8783105	8783207	157	14	91.81	CG
12	8783105	8783207	19	35	35.19	CHG
12	8783105	8783207	56	975	5.43	CHH
12	8846726	8847029	135	374	26.52	CG
12	8846726	8847029	15	157	8.72	CHG
12	8846726	8847029	252	2440	9.36	CHH
12	9326878	9327074	427	13	97.05	CG
12	9326878	9327074	197	139	58.63	CHG
12	9326878	9327074	298	1653	15.27	CHH
12	9368388	9368605	349	15	95.88	CG
12	9368388	9368605	153	95	61.69	CHG
12	9368388	9368605	233	2465	8.64	CHH
12	11421434	11422871	810	29	96.54	CG
12	11421434	11422871	240	3620	6.22	CHG
12	11421434	11422871	818	14157	5.46	CHH
12	11519644	11519807	160	2	98.77	CG
12	11519644	11519807	100	58	63.29	CHG
12	11519644	11519807	114	989	10.34	CHH
12	12193685	12193957	958	12	98.76	CG
12	12193685	12193957	555	306	64.46	CHG
12	12193685	12193957	538	2740	16.41	CHH
12	12596401	12596694	310	14	95.68	CG
12	12596401	12596694	459	190	70.72	CHG
12	12596401	12596694	265	2975	8.18	CHH
12	12742760	12743615	1821	246	88.10	CG
12	12742760	12743615	1133	509	69.00	CHG
12	12742760	12743615	849	6790	11.11	CHH
12	13187459	13188652	769	2011	27.66	CG
12	13187459	13188652	295	2144	12.10	CHG
12	13187459	13188652	1503	7206	17.26	CHH
12	14284341	14284547	23	494	4.45	CG
12	14284341	14284547	12	135	8.16	CHG
12	14284341	14284547	107	2062	4.93	CHH
12	14803452	14803625	120	5	96.00	CG
12	14803452	14803625	255	51	83.33	CHG
12	14803452	14803625	120	1791	6.28	CHH
12	15067951	15069074	2279	91	96.16	CG
12	15067951	15069074	1743	509	77.40	CHG
12	15067951	15069074	1252	9125	12.07	CHH
12	15348530	15353993	10368	567	94.81	CG
12	15348530	15353993	9718	3450	73.80	CHG
12	15348530	15353993	6182	52774	10.49	CHH
12	16142723	16142824	371	11	97.12	CG
12	16142723	16142824	276	48	85.19	CHG
12	16142723	16142824	102	826	10.99	CHH
12	16276461	16276731	500	6	98.81	CG
12	16276461	16276731	221	207	51.64	CHG
12	16276461	16276731	76	1092	6.51	CHH
12	16529727	16530963	3292	210	94.00	CG
12	16529727	16530963	1529	858	64.06	CHG
12	16529727	16530963	1073	10404	9.35	CHH
12	17830991	17831311	48	69	41.03	CG
12	17830991	17831311	30	762	3.79	CHG
12	17830991	17831311	136	2449	5.26	CHH
12	18708202	18708465	135	49	73.37	CG
12	18708202	18708465	61	518	10.54	CHG
12	18708202	18708465	166	2386	6.50	CHH
12	18864903	18867127	4897	708	87.37	CG
12	18864903	18867127	2370	1840	56.29	CHG
12	18864903	18867127	2843	16926	14.38	CHH
12	19240695	19241251	324	8	97.59	CG
12	19240695	19241251	208	306	40.47	CHG
12	19240695	19241251	359	6096	5.56	CHH
12	20271167	20271395	358	16	95.72	CG
12	20271167	20271395	415	118	77.86	CHG
12	20271167	20271395	263	2680	8.94	CHH
12	21012743	21013159	341	376	47.56	CG
12	21012743	21013159	87	1274	6.39	CHG
12	21012743	21013159	294	3452	7.85	CHH
12	21325595	21326775	934	260	78.22	CG
12	21325595	21326775	194	3605	5.11	CHG
12	21325595	21326775	634	11234	5.34	CHH
12	21498142	21500190	1891	219	89.62	CG
12	21498142	21500190	275	4864	5.35	CHG
12	21498142	21500190	1297	18762	6.47	CHH
12	21799965	21804009	1577	5930	21.01	CG
12	21799965	21804009	621	9557	6.10	CHG
12	21799965	21804009	2084	37039	5.33	CHH
12	22237684	22237932	46	1156	3.83	CG
12	22237684	22237932	55	949	5.48	CHG
12	22237684	22237932	72	2068	3.36	CHH
12	22424783	22424873	75	4	94.94	CG
12	22424783	22424873	12	494	2.37	CHG
12	22424783	22424873	44	1144	3.70	CHH
12	22599880	22601854	1080	4182	20.52	CG
12	22599880	22601854	372	4719	7.31	CHG
12	22599880	22601854	1379	16516	7.71	CHH
12	22827958	22829855	1594	383	80.63	CG
12	22827958	22829855	2066	948	68.55	CHG
12	22827958	22829855	2391	13716	14.84	CHH
12	22914184	22914456	386	10	97.47	CG
12	22914184	22914456	474	112	80.89	CHG
12	22914184	22914456	229	1839	11.07	CHH
12	23044811	23045065	10	180	5.26	CG
12	23044811	23045065	37	670	5.23	CHG
12	23044811	23045065	129	2204	5.53	CHH
12	24286289	24286454	185	37	83.33	CG
12	24286289	24286454	39	106	26.90	CHG
12	24286289	24286454	117	2103	5.27	CHH
12	24305556	24308650	3539	330	91.47	CG
12	24305556	24308650	705	7277	8.83	CHG
12	24305556	24308650	1812	28672	5.94	CHH
12	24482972	24483119	4	196	2.00	CG
12	24482972	24483119	110	313	26.00	CHG
12	24482972	24483119	355	1154	23.53	CHH
12	25415184	25415420	468	202	69.85	CG
12	25415184	25415420	33	267	11.00	CHG
12	25415184	25415420	411	1824	18.39	CHH
12	26429400	26431294	258	6194	4.00	CG
12	26429400	26431294	352	4772	6.87	CHG
12	26429400	26431294	968	14978	6.07	CHH
12	26619179	26619379	64	5	92.75	CG
12	26619179	26619379	15	387	3.73	CHG
12	26619179	26619379	155	1918	7.48	CHH
12	26739873	26743547	6279	284	95.67	CG
12	26739873	26743547	5789	1888	75.41	CHG
12	26739873	26743547	3943	31663	11.07	CHH
12	26756376	26756465	196	14	93.33	CG
12	26756376	26756465	39	73	34.82	CHG
12	26756376	26756465	72	754	8.72	CHH
