1	2522874	2523845	1382	49	96.58	CG
1	2522874	2523845	523	252	67.48	CHG
1	2522874	2523845	167	3498	4.56	CHH
1	2555530	2559489	5355	157	97.15	CG
1	2555530	2559489	3658	754	82.91	CHG
1	2555530	2559489	989	14417	6.42	CHH
1	9039676	9042883	1597	40	97.56	CG
1	9039676	9042883	1501	141	91.41	CHG
1	9039676	9042883	742	10669	6.50	CHH
1	9436233	9436871	209	669	23.80	CG
1	9436233	9436871	27	950	2.76	CHG
1	9436233	9436871	21	1626	1.28	CHH
1	9436980	9439656	2571	171	93.76	CG
1	9436980	9439656	1636	625	72.36	CHG
1	9436980	9439656	752	10073	6.95	CHH
1	10925172	10926364	754	82	90.19	CG
1	10925172	10926364	481	594	44.74	CHG
1	10925172	10926364	90	3697	2.38	CHH
1	11189866	11190945	493	176	73.69	CG
1	11189866	11190945	112	933	10.72	CHG
1	11189866	11190945	88	4831	1.79	CHH
1	11197263	11198365	966	26	97.38	CG
1	11197263	11198365	996	98	91.04	CHG
1	11197263	11198365	513	3979	11.42	CHH
1	11198486	11199929	1523	99	93.90	CG
1	11198486	11199929	1099	372	74.71	CHG
1	11198486	11199929	239	5035	4.53	CHH
1	11360960	11365572	2277	4806	32.15	CG
1	11360960	11365572	912	4048	18.39	CHG
1	11360960	11365572	294	16750	1.72	CHH
1	11470807	11475439	2845	132	95.57	CG
1	11470807	11475439	2283	1666	57.81	CHG
1	11470807	11475439	434	17394	2.43	CHH
1	12142608	12144844	1318	411	76.23	CG
1	12142608	12144844	816	1038	44.01	CHG
1	12142608	12144844	118	7276	1.60	CHH
1	14333116	14335930	2637	379	87.43	CG
1	14333116	14335930	596	1427	29.46	CHG
1	14333116	14335930	263	9282	2.76	CHH
1	14336094	14337863	826	186	81.62	CG
1	14336094	14337863	362	795	31.29	CHG
1	14336094	14337863	216	4903	4.22	CHH
1	14337928	14339960	1535	195	88.73	CG
1	14337928	14339960	415	638	39.41	CHG
1	14337928	14339960	163	6194	2.56	CHH
1	14959930	14960645	580	158	78.59	CG
1	14959930	14960645	126	379	24.95	CHG
1	14959930	14960645	41	1990	2.02	CHH
1	14961862	14963386	721	758	48.75	CG
1	14961862	14963386	350	1100	24.14	CHG
1	14961862	14963386	58	5356	1.07	CHH
1	20810206	20811074	184	340	35.11	CG
1	20810206	20811074	33	661	4.76	CHG
1	20810206	20811074	48	2413	1.95	CHH
1	20811098	20811489	42	183	18.67	CG
1	20811098	20811489	4	341	1.16	CHG
1	20811098	20811489	12	1878	0.63	CHH
1	25253636	25254054	127	332	27.67	CG
1	25253636	25254054	61	259	19.06	CHG
1	25253636	25254054	14	1916	0.73	CHH
1	25311949	25313299	967	493	66.23	CG
1	25311949	25313299	340	503	40.33	CHG
1	25311949	25313299	284	4297	6.20	CHH
1	28200381	28203326	1446	26	98.23	CG
1	28200381	28203326	1063	375	73.92	CHG
1	28200381	28203326	415	9372	4.24	CHH
1	28203588	28206337	1009	26	97.49	CG
1	28203588	28206337	1226	563	68.53	CHG
1	28203588	28206337	224	9529	2.30	CHH
1	28212221	28215906	2410	70	97.18	CG
1	28212221	28215906	1499	367	80.33	CHG
1	28212221	28215906	515	13979	3.55	CHH
1	29053362	29056648	1012	2025	33.32	CG
1	29053362	29056648	483	2903	14.26	CHG
1	29053362	29056648	106	11562	0.91	CHH
1	30809134	30810708	749	247	75.20	CG
1	30809134	30810708	221	336	39.68	CHG
1	30809134	30810708	51	4734	1.07	CHH
1	30810807	30811279	246	25	90.77	CG
1	30810807	30811279	32	172	15.69	CHG
1	30810807	30811279	18	1232	1.44	CHH
1	39322772	39323918	841	131	86.52	CG
1	39322772	39323918	155	447	25.75	CHG
1	39322772	39323918	41	3816	1.06	CHH
2	5902991	5906606	1516	301	83.43	CG
2	5902991	5906606	1636	1815	47.41	CHG
2	5902991	5906606	481	14099	3.30	CHH
2	6795753	6796945	279	729	27.68	CG
2	6795753	6796945	434	1221	26.22	CHG
2	6795753	6796945	412	3937	9.47	CHH
2	6797357	6798332	567	278	67.10	CG
2	6797357	6798332	80	768	9.43	CHG
2	6797357	6798332	67	3872	1.70	CHH
2	7605632	7607483	590	41	93.50	CG
2	7605632	7607483	344	332	50.89	CHG
2	7605632	7607483	113	6977	1.59	CHH
2	7607588	7609075	838	165	83.55	CG
2	7607588	7609075	219	454	32.54	CHG
2	7607588	7609075	50	5096	0.97	CHH
2	8343843	8345084	846	73	92.06	CG
2	8343843	8345084	391	407	49.00	CHG
2	8343843	8345084	192	5306	3.49	CHH
2	8345254	8345972	425	15	96.59	CG
2	8345254	8345972	204	307	39.92	CHG
2	8345254	8345972	53	3230	1.61	CHH
2	13582835	13586359	2065	98	95.47	CG
2	13582835	13586359	2154	860	71.47	CHG
2	13582835	13586359	598	13040	4.38	CHH
2	19468985	19471775	2058	2057	50.01	CG
2	19468985	19471775	323	2363	12.03	CHG
2	19468985	19471775	192	9767	1.93	CHH
2	34952932	34953515	787	41	95.05	CG
2	34952932	34953515	291	265	52.34	CHG
2	34952932	34953515	44	3275	1.33	CHH
3	12710232	12710825	729	58	92.63	CG
3	12710232	12710825	181	258	41.23	CHG
3	12710232	12710825	69	2961	2.28	CHH
3	15612855	15613394	290	30	90.62	CG
3	15612855	15613394	98	446	18.01	CHG
3	15612855	15613394	33	2037	1.59	CHH
3	16165130	16166316	674	25	96.42	CG
3	16165130	16166316	249	487	33.83	CHG
3	16165130	16166316	55	3172	1.70	CHH
3	16790757	16792301	1213	382	76.05	CG
3	16790757	16792301	483	501	49.09	CHG
3	16790757	16792301	151	4377	3.33	CHH
3	20791633	20793625	1349	345	79.63	CG
3	20791633	20793625	854	1054	44.76	CHG
3	20791633	20793625	155	7873	1.93	CHH
3	22406159	22410666	1720	552	75.70	CG
3	22406159	22410666	2103	1361	60.71	CHG
3	22406159	22410666	619	16384	3.64	CHH
3	24566821	24572140	3399	155	95.64	CG
3	24566821	24572140	3120	887	77.86	CHG
3	24566821	24572140	832	18359	4.34	CHH
3	24572855	24573143	149	3	98.03	CG
3	24572855	24573143	94	62	60.26	CHG
3	24572855	24573143	35	835	4.02	CHH
3	24601239	24602425	869	32	96.45	CG
3	24601239	24602425	425	644	39.76	CHG
3	24601239	24602425	91	4291	2.08	CHH
3	24602550	24603653	566	20	96.59	CG
3	24602550	24603653	245	313	43.91	CHG
3	24602550	24603653	75	4085	1.80	CHH
3	24603786	24605086	1130	31	97.33	CG
3	24603786	24605086	933	366	71.82	CHG
3	24603786	24605086	166	5776	2.79	CHH
3	24605202	24605537	90	3	96.77	CG
3	24605202	24605537	24	33	42.11	CHG
3	24605202	24605537	7	750	0.92	CHH
3	26123604	26125619	1987	109	94.80	CG
3	26123604	26125619	1277	383	76.93	CHG
3	26123604	26125619	332	8035	3.97	CHH
3	27619055	27619377	60	26	69.77	CG
3	27619055	27619377	16	74	17.78	CHG
3	27619055	27619377	16	836	1.88	CHH
3	27619514	27621480	862	1477	36.85	CG
3	27619514	27621480	43	1641	2.55	CHG
3	27619514	27621480	27	7145	0.38	CHH
3	28510857	28511647	1091	48	95.79	CG
3	28510857	28511647	551	337	62.05	CHG
3	28510857	28511647	232	4816	4.60	CHH
3	29750151	29753862	2942	69	97.71	CG
3	29750151	29753862	1666	157	91.39	CHG
3	29750151	29753862	1002	13790	6.77	CHH
4	19682492	19683811	370	39	90.46	CG
4	19682492	19683811	99	180	35.48	CHG
4	19682492	19683811	36	2825	1.26	CHH
4	20353569	20355893	1294	2308	35.92	CG
4	20353569	20355893	728	1297	35.95	CHG
4	20353569	20355893	348	7651	4.35	CHH
4	35050583	35053502	2541	805	75.94	CG
4	35050583	35053502	831	1298	39.03	CHG
4	35050583	35053502	297	12702	2.28	CHH
5	1134973	1135617	198	299	39.84	CG
5	1134973	1135617	78	816	8.72	CHG
5	1134973	1135617	16	2186	0.73	CHH
5	1135839	1136509	70	457	13.28	CG
5	1135839	1136509	11	725	1.49	CHG
5	1135839	1136509	14	2142	0.65	CHH
5	1681242	1683572	1632	531	75.45	CG
5	1681242	1683572	1086	1184	47.84	CHG
5	1681242	1683572	558	8671	6.05	CHH
5	4826765	4827938	464	16	96.67	CG
5	4826765	4827938	375	270	58.14	CHG
5	4826765	4827938	84	4819	1.71	CHH
5	4828077	4828939	36	1006	3.45	CG
5	4828077	4828939	44	986	4.27	CHG
5	4828077	4828939	30	4645	0.64	CHH
5	4829016	4830108	800	42	95.01	CG
5	4829016	4830108	180	253	41.57	CHG
5	4829016	4830108	58	2548	2.23	CHH
5	4830234	4831171	203	536	27.47	CG
5	4830234	4831171	27	676	3.84	CHG
5	4830234	4831171	46	4584	0.99	CHH
5	10917777	10919484	1224	149	89.15	CG
5	10917777	10919484	603	1230	32.90	CHG
5	10917777	10919484	60	8769	0.68	CHH
5	10920452	10921894	1357	561	70.75	CG
5	10920452	10921894	269	1539	14.88	CHG
5	10920452	10921894	74	6871	1.07	CHH
5	11242593	11245041	1382	37	97.39	CG
5	11242593	11245041	1873	282	86.91	CHG
5	11242593	11245041	373	9988	3.60	CHH
5	16055530	16057857	1073	452	70.36	CG
5	16055530	16057857	133	1414	8.60	CHG
5	16055530	16057857	90	9155	0.97	CHH
5	25352498	25357219	2119	488	81.28	CG
5	25352498	25357219	1164	2220	34.40	CHG
5	25352498	25357219	316	16717	1.86	CHH
5	26872353	26874199	532	715	42.66	CG
5	26872353	26874199	218	793	21.56	CHG
5	26872353	26874199	132	6199	2.08	CHH
6	6078050	6080866	1642	62	96.36	CG
6	6078050	6080866	980	1421	40.82	CHG
6	6078050	6080866	141	9006	1.54	CHH
6	7380338	7382317	172	3765	4.37	CG
6	7380338	7382317	39	3205	1.20	CHG
6	7380338	7382317	90	8719	1.02	CHH
6	7535832	7537646	724	373	66.00	CG
6	7535832	7537646	75	1256	5.63	CHG
6	7535832	7537646	115	6917	1.64	CHH
6	7537740	7538960	1187	35	97.14	CG
6	7537740	7538960	579	322	64.26	CHG
6	7537740	7538960	166	4549	3.52	CHH
6	11302246	11304945	1922	130	93.66	CG
6	11302246	11304945	1499	537	73.62	CHG
6	11302246	11304945	392	10005	3.77	CHH
6	13427986	13432645	2613	99	96.35	CG
6	13427986	13432645	2162	975	68.92	CHG
6	13427986	13432645	488	14466	3.26	CHH
6	17321399	17322324	138	145	48.76	CG
6	17321399	17322324	46	414	10.00	CHG
6	17321399	17322324	50	2751	1.79	CHH
6	18069876	18071348	784	107	87.99	CG
6	18069876	18071348	286	515	35.71	CHG
6	18069876	18071348	71	5177	1.35	CHH
6	19711136	19712026	78	923	7.79	CG
6	19711136	19712026	9	662	1.34	CHG
6	19711136	19712026	43	3282	1.29	CHH
6	27799534	27800454	119	176	40.34	CG
6	27799534	27800454	42	338	11.05	CHG
6	27799534	27800454	27	2555	1.05	CHH
6	27801639	27803910	1866	309	85.79	CG
6	27801639	27803910	633	788	44.55	CHG
6	27801639	27803910	132	5098	2.52	CHH
6	27804002	27806413	1363	442	75.51	CG
6	27804002	27806413	396	1531	20.55	CHG
6	27804002	27806413	116	7547	1.51	CHH
6	27807200	27809097	713	931	43.37	CG
6	27807200	27809097	116	2272	4.86	CHG
6	27807200	27809097	67	6946	0.96	CHH
6	28518022	28518632	257	82	75.81	CG
6	28518022	28518632	141	441	24.23	CHG
6	28518022	28518632	80	2605	2.98	CHH
6	29376932	29380306	2860	119	96.01	CG
6	29376932	29380306	2022	572	77.95	CHG
6	29376932	29380306	713	10369	6.43	CHH
7	998684	999693	254	157	61.80	CG
7	998684	999693	165	526	23.88	CHG
7	998684	999693	24	3093	0.77	CHH
7	4348717	4353078	3430	251	93.18	CG
7	4348717	4353078	1726	1323	56.61	CHG
7	4348717	4353078	389	15126	2.51	CHH
7	4372878	4376312	1114	318	77.79	CG
7	4372878	4376312	181	1500	10.77	CHG
7	4372878	4376312	135	10785	1.24	CHH
7	8295268	8297360	612	12	98.08	CG
7	8295268	8297360	405	472	46.18	CHG
7	8295268	8297360	117	4613	2.47	CHH
7	8297456	8298242	213	10	95.52	CG
7	8297456	8298242	74	276	21.14	CHG
7	8297456	8298242	22	1857	1.17	CHH
7	15712666	15714876	1607	1751	47.86	CG
7	15712666	15714876	522	1648	24.06	CHG
7	15712666	15714876	154	8557	1.77	CHH
7	15714975	15716282	481	227	67.94	CG
7	15714975	15716282	56	1063	5.00	CHG
7	15714975	15716282	53	3615	1.44	CHH
7	15716649	15718051	865	623	58.13	CG
7	15716649	15718051	352	711	33.11	CHG
7	15716649	15718051	63	4966	1.25	CHH
7	15987635	15990381	964	173	84.78	CG
7	15987635	15990381	339	1220	21.74	CHG
7	15987635	15990381	124	9289	1.32	CHH
7	20001702	20003835	1779	441	80.14	CG
7	20001702	20003835	763	1104	40.87	CHG
7	20001702	20003835	141	7568	1.83	CHH
7	20003935	20004681	433	504	46.21	CG
7	20003935	20004681	108	756	12.50	CHG
7	20003935	20004681	17	3010	0.56	CHH
7	22460398	22460784	8	393	2.00	CG
7	22460398	22460784	2	237	0.84	CHG
7	22460398	22460784	9	879	1.01	CHH
8	5778017	5780215	664	530	55.61	CG
8	5778017	5780215	73	967	7.02	CHG
8	5778017	5780215	51	4883	1.03	CHH
8	7765923	7767569	829	83	90.90	CG
8	7765923	7767569	1162	810	58.92	CHG
8	7765923	7767569	95	7480	1.25	CHH
8	7767694	7769902	1007	43	95.90	CG
8	7767694	7769902	683	602	53.15	CHG
8	7767694	7769902	133	7756	1.69	CHH
8	7990731	7992320	1098	296	78.77	CG
8	7990731	7992320	530	311	63.02	CHG
8	7990731	7992320	215	4985	4.13	CHH
8	9447347	9448071	278	895	23.70	CG
8	9447347	9448071	88	786	10.07	CHG
8	9447347	9448071	63	3119	1.98	CHH
8	10491753	10499575	7621	1065	87.74	CG
8	10491753	10499575	4233	2313	64.67	CHG
8	10491753	10499575	1098	26583	3.97	CHH
8	15455254	15462092	4365	152	96.63	CG
8	15455254	15462092	2971	843	77.90	CHG
8	15455254	15462092	1139	21070	5.13	CHH
8	16976241	16978812	815	17	97.96	CG
8	16976241	16978812	1268	768	62.28	CHG
8	16976241	16978812	207	10105	2.01	CHH
8	20980680	20981047	1	367	0.27	CG
8	20980680	20981047	4	398	1.00	CHG
8	20980680	20981047	3	834	0.36	CHH
8	21691415	21692643	693	20	97.19	CG
8	21691415	21692643	474	133	78.09	CHG
8	21691415	21692643	356	3645	8.90	CHH
8	21692742	21695254	1247	807	60.71	CG
8	21692742	21695254	413	1941	17.54	CHG
8	21692742	21695254	394	11037	3.45	CHH
8	27145493	27147151	660	137	82.81	CG
8	27145493	27147151	148	445	24.96	CHG
8	27145493	27147151	108	6636	1.60	CHH
9	12621913	12622831	275	709	27.95	CG
9	12621913	12622831	48	473	9.21	CHG
9	12621913	12622831	34	3609	0.93	CHH
9	12622904	12623419	147	743	16.52	CG
9	12622904	12623419	33	511	6.07	CHG
9	12622904	12623419	68	2046	3.22	CHH
9	15228205	15229508	529	286	64.91	CG
9	15228205	15229508	232	645	26.45	CHG
9	15228205	15229508	105	3972	2.58	CHH
9	16723080	16726848	2448	90	96.45	CG
9	16723080	16726848	1341	804	62.52	CHG
9	16723080	16726848	368	12981	2.76	CHH
10	403342	404217	414	222	65.09	CG
10	403342	404217	76	788	8.80	CHG
10	403342	404217	33	2385	1.36	CHH
10	707135	707747	330	142	69.92	CG
10	707135	707747	18	527	3.30	CHG
10	707135	707747	18	1362	1.30	CHH
10	708160	710157	2102	84	96.16	CG
10	708160	710157	1059	614	63.30	CHG
10	708160	710157	273	5887	4.43	CHH
10	5928508	5929269	554	24	95.85	CG
10	5928508	5929269	436	315	58.06	CHG
10	5928508	5929269	38	3361	1.12	CHH
10	5929420	5932408	2380	299	88.84	CG
10	5929420	5932408	623	2737	18.54	CHG
10	5929420	5932408	156	10411	1.48	CHH
10	5932682	5933500	106	788	11.86	CG
10	5932682	5933500	13	675	1.89	CHG
10	5932682	5933500	67	3228	2.03	CHH
10	5933589	5934240	162	869	15.71	CG
10	5933589	5934240	43	988	4.17	CHG
10	5933589	5934240	63	2416	2.54	CHH
10	15986962	15991252	2966	130	95.80	CG
10	15986962	15991252	1235	1837	40.20	CHG
10	15986962	15991252	485	15366	3.06	CHH
10	16004291	16005179	111	1533	6.75	CG
10	16004291	16005179	85	1112	7.10	CHG
10	16004291	16005179	64	2758	2.27	CHH
10	16006405	16007058	53	867	5.76	CG
10	16006405	16007058	39	719	5.15	CHG
10	16006405	16007058	35	2157	1.60	CHH
10	20777395	20778645	670	47	93.44	CG
10	20777395	20778645	516	284	64.50	CHG
10	20777395	20778645	297	3553	7.71	CHH
11	2541477	2543903	164	939	14.87	CG
11	2541477	2543903	55	3257	1.66	CHG
11	2541477	2543903	134	11881	1.12	CHH
11	3230260	3231735	947	512	64.91	CG
11	3230260	3231735	99	1140	7.99	CHG
11	3230260	3231735	51	5168	0.98	CHH
11	3231885	3232407	33	213	13.41	CG
11	3231885	3232407	1	211	0.47	CHG
11	3231885	3232407	22	783	2.73	CHH
11	7333461	7334651	638	551	53.66	CG
11	7333461	7334651	336	676	33.20	CHG
11	7333461	7334651	47	2926	1.58	CHH
11	7731058	7734524	1071	107	90.92	CG
11	7731058	7734524	951	716	57.05	CHG
11	7731058	7734524	395	11082	3.44	CHH
11	7734625	7735554	247	94	72.43	CG
11	7734625	7735554	28	337	7.67	CHG
11	7734625	7735554	41	3590	1.13	CHH
11	7740136	7741715	1086	337	76.32	CG
11	7740136	7741715	388	1014	27.67	CHG
11	7740136	7741715	80	5312	1.48	CHH
11	7741937	7742453	36	587	5.78	CG
11	7741937	7742453	28	511	5.19	CHG
11	7741937	7742453	19	1448	1.30	CHH
11	16330924	16332019	270	332	44.85	CG
11	16330924	16332019	125	1086	10.32	CHG
11	16330924	16332019	195	4179	4.46	CHH
11	16332352	16336726	3149	647	82.96	CG
11	16332352	16336726	2011	1908	51.31	CHG
11	16332352	16336726	528	17097	3.00	CHH
11	19254506	19255920	959	391	71.04	CG
11	19254506	19255920	459	539	45.99	CHG
11	19254506	19255920	191	3911	4.66	CHH
11	20707200	20708263	248	145	63.10	CG
11	20707200	20708263	193	547	26.08	CHG
11	20707200	20708263	23	2566	0.89	CHH
11	24387298	24390013	1320	613	68.29	CG
11	24387298	24390013	1255	2813	30.85	CHG
11	24387298	24390013	188	16065	1.16	CHH
11	24390912	24392970	558	19	96.71	CG
11	24390912	24392970	701	1344	34.28	CHG
11	24390912	24392970	122	8185	1.47	CHH
11	24393231	24394638	1042	48	95.60	CG
11	24393231	24394638	689	462	59.86	CHG
11	24393231	24394638	121	4106	2.86	CHH
11	27017498	27019274	711	113	86.29	CG
11	27017498	27019274	79	1502	5.00	CHG
11	27017498	27019274	41	6352	0.64	CHH
12	4729330	4730513	467	94	83.24	CG
12	4729330	4730513	209	301	40.98	CHG
12	4729330	4730513	48	4914	0.97	CHH
12	4730781	4736244	1954	58	97.12	CG
12	4730781	4736244	1566	1164	57.36	CHG
12	4730781	4736244	582	17931	3.14	CHH
12	4736420	4737295	403	265	60.33	CG
12	4736420	4737295	34	608	5.30	CHG
12	4736420	4737295	67	2640	2.48	CHH
12	4899872	4901766	1306	117	91.78	CG
12	4899872	4901766	417	1011	29.20	CHG
12	4899872	4901766	74	5617	1.30	CHH
12	4912416	4913853	2017	128	94.03	CG
12	4912416	4913853	725	1212	37.43	CHG
12	4912416	4913853	135	6499	2.03	CHH
12	4913948	4915922	545	110	83.21	CG
12	4913948	4915922	388	1142	25.36	CHG
12	4913948	4915922	135	7252	1.83	CHH
12	17500154	17503828	1146	1320	46.47	CG
12	17500154	17503828	828	1840	31.03	CHG
12	17500154	17503828	391	13452	2.82	CHH
12	17984443	17985623	132	642	17.05	CG
12	17984443	17985623	55	854	6.05	CHG
12	17984443	17985623	21	3861	0.54	CHH
12	17985763	17986319	248	17	93.58	CG
12	17985763	17986319	28	99	22.05	CHG
12	17985763	17986319	13	1322	0.97	CHH
12	18392209	18392790	112	170	39.72	CG
12	18392209	18392790	70	279	20.06	CHG
12	18392209	18392790	10	1691	0.59	CHH
12	18393154	18394277	120	353	25.37	CG
12	18393154	18394277	60	339	15.04	CHG
12	18393154	18394277	19	3005	0.63	CHH
12	18395685	18396921	229	1348	14.52	CG
12	18395685	18396921	40	1579	2.47	CHG
12	18395685	18396921	93	5005	1.82	CHH
12	24728410	24730458	908	1039	46.64	CG
12	24728410	24730458	308	2529	10.86	CHG
12	24728410	24730458	199	6732	2.87	CHH
12	24730552	24734596	2617	623	80.77	CG
12	24730552	24734596	1750	1981	46.90	CHG
12	24730552	24734596	489	12153	3.87	CHH
