1	104478	104599	4	0	100.00	CG
1	104478	104599	4	2	66.67	CHG
1	104478	104599	1	19	5.00	CHH
1	521199	522723	603	1842	24.66	CG
1	521199	522723	18	2207	0.81	CHG
1	521199	522723	37	8515	0.43	CHH
1	718927	719135	0	163	0.00	CG
1	718927	719135	0	244	0.00	CHG
1	718927	719135	4	1004	0.40	CHH
1	1687637	1688991	7	1141	0.61	CG
1	1687637	1688991	8	1278	0.62	CHG
1	1687637	1688991	32	5223	0.61	CHH
1	1781116	1781366	1	530	0.19	CG
1	1781116	1781366	0	197	0.00	CHG
1	1781116	1781366	1	362	0.28	CHH
1	2137510	2140455	267	4936	5.13	CG
1	2137510	2140455	219	3983	5.21	CHG
1	2137510	2140455	151	13659	1.09	CHH
1	2172488	2172625	0	51	0.00	CG
1	2172488	2172625	1	335	0.30	CHH
1	2198640	2199644	856	11	98.73	CG
1	2198640	2199644	455	133	77.38	CHG
1	2198640	2199644	97	781	11.05	CHH
1	2541454	2541598	95	106	47.26	CG
1	2541454	2541598	4	107	3.60	CHG
1	2541454	2541598	4	700	0.57	CHH
1	2579778	2580676	608	448	57.58	CG
1	2579778	2580676	6	1300	0.46	CHG
1	2579778	2580676	12	3628	0.33	CHH
1	3016827	3017062	12	906	1.31	CG
1	3016827	3017062	2	453	0.44	CHG
1	3016827	3017062	5	1320	0.38	CHH
1	4122738	4127182	871	2947	22.81	CG
1	4122738	4127182	43	5557	0.77	CHG
1	4122738	4127182	207	13995	1.46	CHH
1	4510347	4510477	18	0	100.00	CG
1	4510347	4510477	1	25	3.85	CHG
1	4510347	4510477	2	311	0.64	CHH
1	4702022	4702256	59	193	23.41	CG
1	4702022	4702256	1	134	0.74	CHG
1	4702022	4702256	3	453	0.66	CHH
1	5814441	5815039	2	185	1.07	CG
1	5814441	5815039	3	440	0.68	CHG
1	5814441	5815039	5	2134	0.23	CHH
1	6934697	6934863	183	2	98.92	CG
1	6934697	6934863	82	5	94.25	CHG
1	6934697	6934863	52	344	13.13	CHH
1	7198017	7199243	583	16	97.33	CG
1	7198017	7199243	28	978	2.78	CHG
1	7198017	7199243	36	3474	1.03	CHH
1	7302410	7302594	2	345	0.58	CG
1	7302410	7302594	0	152	0.00	CHG
1	7302410	7302594	2	713	0.28	CHH
1	7518469	7519081	2	302	0.66	CG
1	7518469	7519081	3	344	0.86	CHG
1	7518469	7519081	9	1374	0.65	CHH
1	7690448	7691550	2	1642	0.12	CG
1	7690448	7691550	5	1276	0.39	CHG
1	7690448	7691550	12	4308	0.28	CHH
1	8124136	8124703	616	16	97.47	CG
1	8124136	8124703	250	132	65.45	CHG
1	8124136	8124703	93	1646	5.35	CHH
1	8426975	8427236	72	22	76.60	CG
1	8426975	8427236	10	352	2.76	CHG
1	8426975	8427236	1	896	0.11	CHH
1	8831214	8831605	324	5	98.48	CG
1	8831214	8831605	132	132	50.00	CHG
1	8831214	8831605	39	1375	2.76	CHH
1	8866192	8866541	62	2	96.88	CG
1	8866192	8866541	29	12	70.73	CHG
1	8866192	8866541	4	125	3.10	CHH
1	9124022	9124118	57	8	87.69	CG
1	9124022	9124118	159	41	79.50	CHG
1	9124022	9124118	10	253	3.80	CHH
1	9260960	9261224	66	3	95.65	CG
1	9260960	9261224	6	215	2.71	CHG
1	9260960	9261224	26	1078	2.36	CHH
1	9681083	9681232	20	13	60.61	CG
1	9681083	9681232	9	100	8.26	CHH
1	9734291	9734532	1	134	0.74	CG
1	9734291	9734532	0	37	0.00	CHG
1	9734291	9734532	5	667	0.74	CHH
1	10263106	10263294	2	219	0.90	CG
1	10263106	10263294	1	131	0.76	CHG
1	10263106	10263294	2	299	0.66	CHH
1	10401973	10403052	31	1402	2.16	CG
1	10401973	10403052	22	957	2.25	CHG
1	10401973	10403052	23	4225	0.54	CHH
1	10417094	10417664	605	20	96.80	CG
1	10417094	10417664	916	84	91.60	CHG
1	10417094	10417664	104	3383	2.98	CHH
1	10590568	10590704	0	60	0.00	CG
1	10590568	10590704	1	54	1.82	CHG
1	10590568	10590704	0	175	0.00	CHH
1	10793800	10794970	218	5	97.76	CG
1	10793800	10794970	59	41	59.00	CHG
1	10793800	10794970	39	405	8.78	CHH
1	11027002	11027352	166	13	92.74	CG
1	11027002	11027352	0	444	0.00	CHG
1	11027002	11027352	6	1835	0.33	CHH
1	11745247	11745281	2	170	1.16	CG
1	11745247	11745281	0	82	0.00	CHG
1	11745247	11745281	1	139	0.71	CHH
1	11861007	11861467	463	9	98.09	CG
1	11861007	11861467	200	122	62.11	CHG
1	11861007	11861467	78	1368	5.39	CHH
1	11988203	11988342	4	593	0.67	CG
1	11988203	11988342	0	339	0.00	CHG
1	11988203	11988342	4	352	1.12	CHH
1	12157565	12159139	46	6371	0.72	CG
1	12157565	12159139	16	3260	0.49	CHG
1	12157565	12159139	23	5868	0.39	CHH
1	12279664	12280353	8	1440	0.55	CG
1	12279664	12280353	6	822	0.72	CHG
1	12279664	12280353	7	1998	0.35	CHH
1	12444629	12444759	148	8	94.87	CG
1	12444629	12444759	121	6	95.28	CHG
1	12444629	12444759	6	511	1.16	CHH
1	12851686	12853647	203	397	33.83	CG
1	12851686	12853647	54	2643	2.00	CHG
1	12851686	12853647	58	10199	0.57	CHH
1	12977793	12977914	17	3	85.00	CG
1	12977793	12977914	0	125	0.00	CHH
1	14112270	14112409	0	56	0.00	CHH
1	14747584	14748346	5	907	0.55	CG
1	14747584	14748346	6	1848	0.32	CHG
1	14747584	14748346	28	4804	0.58	CHH
1	15010958	15011724	0	3	0.00	CHG
1	15010958	15011724	0	28	0.00	CHH
1	15208882	15210074	387	24	94.16	CG
1	15208882	15210074	118	103	53.39	CHG
1	15208882	15210074	19	1714	1.10	CHH
1	15318812	15319293	997	41	96.05	CG
1	15318812	15319293	695	161	81.19	CHG
1	15318812	15319293	51	1969	2.52	CHH
1	15355785	15357554	461	1140	28.79	CG
1	15355785	15357554	210	1899	9.96	CHG
1	15355785	15357554	63	6559	0.95	CHH
1	16453284	16453501	0	15	0.00	CG
1	16453284	16453501	0	36	0.00	CHG
1	16453284	16453501	3	242	1.22	CHH
1	16722902	16723067	1	257	0.39	CG
1	16722902	16723067	0	89	0.00	CHG
1	16722902	16723067	6	985	0.61	CHH
1	17385639	17385733	3	86	3.37	CHG
1	17385639	17385733	2	303	0.66	CHH
1	17522237	17522624	576	49	92.16	CG
1	17522237	17522624	442	113	79.64	CHG
1	17522237	17522624	28	1405	1.95	CHH
1	17762690	17767322	637	3328	16.07	CG
1	17762690	17767322	597	3382	15.00	CHG
1	17762690	17767322	333	16042	2.03	CHH
1	17768299	17768525	0	142	0.00	CG
1	17768299	17768525	0	105	0.00	CHG
1	17768299	17768525	2	553	0.36	CHH
1	17915233	17918918	1114	1163	48.92	CG
1	17915233	17918918	545	1286	29.77	CHG
1	17915233	17918918	326	8568	3.67	CHH
1	18479814	18481021	168	302	35.74	CG
1	18479814	18481021	7	377	1.82	CHG
1	18479814	18481021	23	2690	0.85	CHH
1	18515221	18516018	304	10	96.82	CG
1	18515221	18516018	244	28	89.71	CHG
1	18515221	18516018	18	752	2.34	CHH
1	18605306	18605413	26	0	100.00	CG
1	18605306	18605413	0	83	0.00	CHG
1	18605306	18605413	4	478	0.83	CHH
1	18679398	18679609	138	4	97.18	CG
1	18679398	18679609	212	17	92.58	CHG
1	18679398	18679609	31	1067	2.82	CHH
1	18781271	18781897	16	541	2.87	CG
1	18781271	18781897	4	909	0.44	CHG
1	18781271	18781897	8	2044	0.39	CHH
1	19418149	19418371	225	7	96.98	CG
1	19418149	19418371	173	69	71.49	CHG
1	19418149	19418371	30	1146	2.55	CHH
1	19588801	19588982	87	3	96.67	CG
1	19588801	19588982	37	6	86.05	CHG
1	19588801	19588982	8	287	2.71	CHH
1	19807993	19809436	1071	20	98.17	CG
1	19807993	19809436	374	110	77.27	CHG
1	19807993	19809436	109	2605	4.02	CHH
1	20220915	20221138	489	15	97.02	CG
1	20220915	20221138	158	48	76.70	CHG
1	20220915	20221138	17	857	1.95	CHH
1	20351135	20352592	842	370	69.47	CG
1	20351135	20352592	27	2678	1.00	CHG
1	20351135	20352592	28	7864	0.35	CHH
1	20353735	20353818	34	1	97.14	CG
1	20353735	20353818	2	136	1.45	CHG
1	20353735	20353818	1	329	0.30	CHH
1	20699332	20703291	1190	2226	34.84	CG
1	20699332	20703291	497	3735	11.74	CHG
1	20699332	20703291	257	13842	1.82	CHH
1	20759940	20760412	395	9	97.77	CG
1	20759940	20760412	457	60	88.39	CHG
1	20759940	20760412	75	1712	4.20	CHH
1	22217602	22218470	303	487	38.35	CG
1	22217602	22218470	96	640	13.04	CHG
1	22217602	22218470	30	2453	1.21	CHH
1	22349537	22349928	0	601	0.00	CG
1	22349537	22349928	4	468	0.85	CHG
1	22349537	22349928	9	1086	0.82	CHH
1	22963853	22963900	0	35	0.00	CHG
1	22963853	22963900	0	68	0.00	CHH
1	23088705	23088935	0	225	0.00	CG
1	23088705	23088935	2	152	1.30	CHG
1	23088705	23088935	4	777	0.51	CHH
1	23190581	23192012	381	35	91.59	CG
1	23190581	23192012	99	1245	7.37	CHG
1	23190581	23192012	32	5451	0.58	CHH
1	23334619	23337433	931	1146	44.82	CG
1	23334619	23337433	83	3460	2.34	CHG
1	23334619	23337433	41	9911	0.41	CHH
1	23865834	23867004	882	410	68.27	CG
1	23865834	23867004	335	888	27.39	CHG
1	23865834	23867004	149	3606	3.97	CHH
1	24056015	24058047	218	1825	10.67	CG
1	24056015	24058047	134	1443	8.50	CHG
1	24056015	24058047	83	5863	1.40	CHH
1	24127473	24127717	119	87	57.77	CG
1	24127473	24127717	0	259	0.00	CHG
1	24127473	24127717	5	1311	0.38	CHH
1	24218590	24218768	24	171	12.31	CG
1	24218590	24218768	1	142	0.70	CHG
1	24218590	24218768	2	989	0.20	CHH
1	24367289	24368699	419	1626	20.49	CG
1	24367289	24368699	81	2236	3.50	CHG
1	24367289	24368699	70	6407	1.08	CHH
1	24540618	24541036	161	6	96.41	CG
1	24540618	24541036	0	343	0.00	CHG
1	24540618	24541036	4	1401	0.28	CHH
1	25075086	25078372	35	7150	0.49	CG
1	25075086	25078372	29	6347	0.45	CHG
1	25075086	25078372	61	14609	0.42	CHH
1	26189136	26189851	82	461	15.10	CG
1	26189136	26189851	4	1534	0.26	CHG
1	26189136	26189851	10	3394	0.29	CHH
1	27455091	27455579	370	9	97.63	CG
1	27455091	27455579	397	59	87.06	CHG
1	27455091	27455579	68	1144	5.61	CHH
1	27505658	27505866	0	50	0.00	CG
1	27505658	27505866	1	201	0.50	CHG
1	27505658	27505866	0	673	0.00	CHH
1	27576543	27577893	1272	25	98.07	CG
1	27576543	27577893	722	82	89.80	CHG
1	27576543	27577893	564	5287	9.64	CHH
1	28118813	28118935	0	72	0.00	CG
1	28118813	28118935	0	205	0.00	CHG
1	28118813	28118935	2	731	0.27	CHH
1	29188109	29189334	15	2509	0.59	CG
1	29188109	29189334	7	1485	0.47	CHG
1	29188109	29189334	13	4601	0.28	CHH
1	29223726	29224697	135	2519	5.09	CG
1	29223726	29224697	14	1168	1.18	CHG
1	29223726	29224697	50	4026	1.23	CHH
1	29881105	29881917	293	48	85.92	CG
1	29881105	29881917	169	243	41.02	CHG
1	29881105	29881917	19	1300	1.44	CHH
1	29892038	29892362	0	25	0.00	CG
1	29892038	29892362	23	101	18.55	CHG
1	29892038	29892362	2	911	0.22	CHH
1	30396534	30396644	1	204	0.49	CG
1	30396534	30396644	4	267	1.48	CHG
1	30396534	30396644	2	396	0.50	CHH
1	30947617	30952229	2373	1086	68.60	CG
1	30947617	30952229	1023	4284	19.28	CHG
1	30947617	30952229	364	20863	1.71	CHH
1	30988314	30988439	14	0	100.00	CG
1	30988314	30988439	36	41	46.75	CHG
1	30988314	30988439	2	152	1.30	CHH
1	31131639	31132785	465	1588	22.65	CG
1	31131639	31132785	16	2415	0.66	CHG
1	31131639	31132785	24	5246	0.46	CHH
1	32136432	32136605	0	101	0.00	CG
1	32136432	32136605	1	331	0.30	CHG
1	32136432	32136605	4	808	0.49	CHH
1	33466485	33466748	347	9	97.47	CG
1	33466485	33466748	158	54	74.53	CHG
1	33466485	33466748	56	866	6.07	CHH
1	34289798	34291348	542	604	47.29	CG
1	34289798	34291348	214	1281	14.31	CHG
1	34289798	34291348	106	5133	2.02	CHH
1	34550341	34550600	1	103	0.96	CG
1	34550341	34550600	2	179	1.10	CHG
1	34550341	34550600	4	663	0.60	CHH
1	34749495	34752244	1255	172	87.95	CG
1	34749495	34752244	1177	626	65.28	CHG
1	34749495	34752244	154	6735	2.24	CHH
1	34928206	34928387	112	3	97.39	CG
1	34928206	34928387	354	22	94.15	CHG
1	34928206	34928387	32	771	3.99	CHH
1	34990120	34992796	1566	1096	58.83	CG
1	34990120	34992796	627	1195	34.41	CHG
1	34990120	34992796	234	7790	2.92	CHH
1	35760612	35760952	105	80	56.76	CG
1	35760612	35760952	16	211	7.05	CHG
1	35760612	35760952	5	1291	0.39	CHH
1	35959231	35959351	0	72	0.00	CG
1	35959231	35959351	1	111	0.89	CHG
1	35959231	35959351	4	569	0.70	CHH
1	36112505	36112684	101	60	62.73	CG
1	36112505	36112684	30	31	49.18	CHG
1	36112505	36112684	21	480	4.19	CHH
1	36163384	36164022	77	703	9.87	CG
1	36163384	36164022	40	714	5.31	CHG
1	36163384	36164022	14	3190	0.44	CHH
1	36208524	36209666	556	25	95.70	CG
1	36208524	36209666	708	166	81.01	CHG
1	36208524	36209666	91	4331	2.06	CHH
1	36479686	36479935	2	594	0.34	CG
1	36479686	36479935	1	235	0.42	CHG
1	36479686	36479935	5	998	0.50	CHH
1	36890844	36891048	88	46	65.67	CG
1	36890844	36891048	61	87	41.22	CHG
1	36890844	36891048	7	840	0.83	CHH
1	37118562	37118725	0	67	0.00	CG
1	37118562	37118725	0	171	0.00	CHG
1	37118562	37118725	5	822	0.60	CHH
1	37253827	37256063	1381	88	94.01	CG
1	37253827	37256063	1268	237	84.25	CHG
1	37253827	37256063	152	5297	2.79	CHH
1	37757198	37758019	208	1148	15.34	CG
1	37757198	37758019	79	619	11.32	CHG
1	37757198	37758019	65	2702	2.35	CHH
1	39603253	39603550	76	1	98.70	CG
1	39603253	39603550	2	320	0.62	CHG
1	39603253	39603550	5	907	0.55	CHH
1	40609311	40609427	27	2	93.10	CG
1	40609311	40609427	1	178	0.56	CHG
1	40609311	40609427	4	410	0.97	CHH
1	40785754	40786192	87	60	59.18	CG
1	40785754	40786192	2	938	0.21	CHG
1	40785754	40786192	12	2352	0.51	CHH
1	41209454	41212661	693	3392	16.96	CG
1	41209454	41212661	305	2305	11.69	CHG
1	41209454	41212661	209	8019	2.54	CHH
1	42990884	42991140	36	0	100.00	CG
1	42990884	42991140	34	3	91.89	CHG
1	42990884	42991140	11	145	7.05	CHH
2	38468	38578	24	0	100.00	CG
2	38468	38578	0	80	0.00	CHG
2	38468	38578	1	246	0.40	CHH
2	578331	578545	40	4	90.91	CG
2	578331	578545	3	494	0.60	CHG
2	578331	578545	4	1274	0.31	CHH
2	1736612	1736996	169	51	76.82	CG
2	1736612	1736996	4	497	0.80	CHG
2	1736612	1736996	5	1490	0.33	CHH
2	2004107	2004464	1	136	0.73	CG
2	2004107	2004464	4	711	0.56	CHG
2	2004107	2004464	6	2044	0.29	CHH
2	2225031	2228646	2807	237	92.21	CG
2	2225031	2228646	1582	1264	55.59	CHG
2	2225031	2228646	419	11512	3.51	CHH
2	2448881	2450073	147	123	54.44	CG
2	2448881	2450073	122	1374	8.16	CHG
2	2448881	2450073	77	4693	1.61	CHH
2	2455636	2457226	1771	41	97.74	CG
2	2455636	2457226	1273	277	82.13	CHG
2	2455636	2457226	105	2584	3.90	CHH
2	2916264	2916496	57	2	96.61	CG
2	2916264	2916496	2	246	0.81	CHG
2	2916264	2916496	6	1075	0.56	CHH
2	3153141	3153726	279	283	49.64	CG
2	3153141	3153726	349	407	46.16	CHG
2	3153141	3153726	78	2549	2.97	CHH
2	3584767	3584907	42	63	40.00	CG
2	3584767	3584907	12	80	13.04	CHG
2	3584767	3584907	30	422	6.64	CHH
2	3668130	3671654	2440	1704	58.88	CG
2	3668130	3671654	1234	2424	33.73	CHG
2	3668130	3671654	606	10550	5.43	CHH
2	4394475	4394720	0	57	0.00	CG
2	4394475	4394720	1	188	0.53	CHG
2	4394475	4394720	0	582	0.00	CHH
2	4735326	4735671	1	380	0.26	CG
2	4735326	4735671	1	403	0.25	CHG
2	4735326	4735671	6	1078	0.55	CHH
2	4930376	4930562	131	0	100.00	CG
2	4930376	4930562	9	18	33.33	CHG
2	4930376	4930562	3	439	0.68	CHH
2	6097195	6097472	0	125	0.00	CG
2	6097195	6097472	0	309	0.00	CHG
2	6097195	6097472	3	665	0.45	CHH
2	6194639	6194966	0	178	0.00	CG
2	6194639	6194966	1	322	0.31	CHG
2	6194639	6194966	6	1542	0.39	CHH
2	6477169	6477370	156	7	95.71	CG
2	6477169	6477370	0	267	0.00	CHG
2	6477169	6477370	0	1173	0.00	CHH
2	6479819	6479943	3	398	0.75	CHG
2	6479819	6479943	3	994	0.30	CHH
2	7634883	7634997	2	346	0.57	CG
2	7634883	7634997	2	100	1.96	CHG
2	7634883	7634997	1	366	0.27	CHH
2	9263789	9264764	222	12	94.87	CG
2	9263789	9264764	143	26	84.62	CHG
2	9263789	9264764	11	412	2.60	CHH
2	10881944	10882136	6	77	7.23	CG
2	10881944	10882136	0	97	0.00	CHG
2	10881944	10882136	5	552	0.90	CHH
2	11520851	11521291	62	60	50.82	CG
2	11520851	11521291	14	40	25.93	CHG
2	11520851	11521291	7	494	1.40	CHH
2	11599189	11600489	194	528	26.87	CG
2	11599189	11600489	31	605	4.87	CHG
2	11599189	11600489	45	2751	1.61	CHH
2	11939679	11939936	24	1	96.00	CG
2	11939679	11939936	0	128	0.00	CHG
2	11939679	11939936	3	729	0.41	CHH
2	12352060	12352584	618	21	96.71	CG
2	12352060	12352584	467	83	84.91	CHG
2	12352060	12352584	51	1346	3.65	CHH
2	12492889	12493008	3	694	0.43	CG
2	12492889	12493008	2	345	0.58	CHG
2	12492889	12493008	1	506	0.20	CHH
2	12583382	12585233	911	278	76.62	CG
2	12583382	12585233	127	2392	5.04	CHG
2	12583382	12585233	42	7999	0.52	CHH
2	14258242	14258497	121	6	95.28	CG
2	14258242	14258497	73	14	83.91	CHG
2	14258242	14258497	18	434	3.98	CHH
2	14381584	14382260	466	18	96.28	CG
2	14381584	14382260	108	394	21.51	CHG
2	14381584	14382260	51	2836	1.77	CHH
2	14883666	14884152	426	10	97.71	CG
2	14883666	14884152	446	49	90.10	CHG
2	14883666	14884152	63	1543	3.92	CHH
2	15077160	15080035	3320	98	97.13	CG
2	15077160	15080035	2336	489	82.69	CHG
2	15077160	15080035	405	10358	3.76	CHH
2	15300768	15301020	217	7	96.88	CG
2	15300768	15301020	420	109	79.40	CHG
2	15300768	15301020	36	1566	2.25	CHH
2	16462100	16462683	512	216	70.33	CG
2	16462100	16462683	59	856	6.45	CHG
2	16462100	16462683	14	2939	0.47	CHH
2	16469340	16469527	308	2	99.35	CG
2	16469340	16469527	132	68	66.00	CHG
2	16469340	16469527	6	456	1.30	CHH
2	16575455	16575576	59	173	25.43	CG
2	16575455	16575576	1	67	1.47	CHG
2	16575455	16575576	4	676	0.59	CHH
2	16909276	16909402	11	0	100.00	CG
2	16909276	16909402	0	4	0.00	CHG
2	16909276	16909402	3	97	3.00	CHH
2	17470250	17470459	145	5	96.67	CG
2	17470250	17470459	152	17	89.94	CHG
2	17470250	17470459	28	1215	2.25	CHH
2	17693456	17694041	272	303	47.30	CG
2	17693456	17694041	86	403	17.59	CHG
2	17693456	17694041	13	1273	1.01	CHH
2	17846367	17846587	2	465	0.43	CG
2	17846367	17846587	1	195	0.51	CHG
2	17846367	17846587	3	570	0.52	CHH
2	18156897	18157229	657	22	96.76	CG
2	18156897	18157229	342	46	88.14	CHG
2	18156897	18157229	45	988	4.36	CHH
2	19262811	19262974	104	1	99.05	CG
2	19262811	19262974	5	68	6.85	CHG
2	19262811	19262974	5	777	0.64	CHH
2	19369504	19369623	311	11	96.58	CG
2	19369504	19369623	168	30	84.85	CHG
2	19369504	19369623	14	355	3.79	CHH
2	19649757	19649896	0	398	0.00	CG
2	19649757	19649896	1	178	0.56	CHG
2	19649757	19649896	0	361	0.00	CHH
2	20077988	20078291	211	24	89.79	CG
2	20077988	20078291	91	56	61.90	CHG
2	20077988	20078291	58	670	7.97	CHH
2	22210158	22210334	2	372	0.53	CG
2	22210158	22210334	1	143	0.69	CHG
2	22210158	22210334	6	818	0.73	CHH
2	22275294	22275439	0	41	0.00	CG
2	22275294	22275439	0	164	0.00	CHG
2	22275294	22275439	1	747	0.13	CHH
2	22587752	22588156	339	25	93.13	CG
2	22587752	22588156	106	213	33.23	CHG
2	22587752	22588156	25	1419	1.73	CHH
2	22836225	22836730	1	401	0.25	CG
2	22836225	22836730	1	421	0.24	CHG
2	22836225	22836730	3	1391	0.22	CHH
2	22982677	22982914	0	29	0.00	CG
2	22982677	22982914	2	294	0.68	CHG
2	22982677	22982914	6	1151	0.52	CHH
2	23033077	23033411	8	342	2.29	CG
2	23033077	23033411	9	722	1.23	CHG
2	23033077	23033411	32	1847	1.70	CHH
2	23394395	23395510	919	54	94.45	CG
2	23394395	23395510	339	1000	25.32	CHG
2	23394395	23395510	40	4616	0.86	CHH
2	23471507	23472492	111	2	98.23	CG
2	23471507	23472492	151	36	80.75	CHG
2	23471507	23472492	16	899	1.75	CHH
2	24044095	24044460	560	20	96.55	CG
2	24044095	24044460	232	89	72.27	CHG
2	24044095	24044460	31	968	3.10	CHH
2	24717341	24717558	0	99	0.00	CG
2	24717341	24717558	3	234	1.27	CHG
2	24717341	24717558	2	859	0.23	CHH
2	25574998	25576239	678	90	88.28	CG
2	25574998	25576239	392	769	33.76	CHG
2	25574998	25576239	48	4986	0.95	CHH
2	25830725	25831459	4	877	0.45	CG
2	25830725	25831459	4	785	0.51	CHG
2	25830725	25831459	15	2129	0.70	CHH
2	25835047	25835296	0	402	0.00	CG
2	25835047	25835296	2	265	0.75	CHG
2	25835047	25835296	3	728	0.41	CHH
2	26548831	26549237	383	8	97.95	CG
2	26548831	26549237	44	56	44.00	CHG
2	26548831	26549237	21	1046	1.97	CHH
2	26659388	26659535	13	1	92.86	CG
2	26659388	26659535	3	175	1.69	CHH
2	26689413	26692203	197	6839	2.80	CG
2	26689413	26692203	49	4456	1.09	CHG
2	26689413	26692203	251	11269	2.18	CHH
2	28199306	28199617	325	12	96.44	CG
2	28199306	28199617	428	47	90.11	CHG
2	28199306	28199617	53	1140	4.44	CHH
2	29852698	29852922	19	171	10.00	CG
2	29852698	29852922	1	280	0.36	CHG
2	29852698	29852922	1	801	0.12	CHH
2	30157272	30157610	140	68	67.31	CG
2	30157272	30157610	32	161	16.58	CHG
2	30157272	30157610	30	799	3.62	CHH
2	30823979	30824112	3	113	2.59	CG
2	30823979	30824112	2	176	1.12	CHG
2	30823979	30824112	18	689	2.55	CHH
2	30983625	30984901	14	2106	0.66	CG
2	30983625	30984901	19	3221	0.59	CHG
2	30983625	30984901	20	6580	0.30	CHH
2	31445301	31445449	0	32	0.00	CG
2	31445301	31445449	2	176	1.12	CHG
2	31445301	31445449	3	723	0.41	CHH
2	31855152	31855271	58	4	93.55	CG
2	31855152	31855271	28	8	77.78	CHG
2	31855152	31855271	13	379	3.32	CHH
2	32524707	32526194	502	572	46.74	CG
2	32524707	32526194	87	1610	5.13	CHG
2	32524707	32526194	42	4286	0.97	CHH
2	33158169	33158313	100	3	97.09	CG
2	33158169	33158313	135	21	86.54	CHG
2	33158169	33158313	22	742	2.88	CHH
2	33431516	33431954	74	1	98.67	CG
2	33431516	33431954	1	362	0.28	CHG
2	33431516	33431954	13	1977	0.65	CHH
2	33711999	33712328	27	3	90.00	CG
2	33711999	33712328	2	420	0.47	CHG
2	33711999	33712328	5	1397	0.36	CHH
2	33834944	33835662	1	350	0.28	CG
2	33834944	33835662	3	566	0.53	CHG
2	33834944	33835662	22	2668	0.82	CHH
2	33936933	33937065	1	47	2.08	CG
2	33936933	33937065	3	240	1.23	CHG
2	33936933	33937065	12	844	1.40	CHH
2	34687871	34690219	74	3979	1.83	CG
2	34687871	34690219	65	3100	2.05	CHG
2	34687871	34690219	68	7749	0.87	CHH
2	34772462	34772598	0	81	0.00	CHG
2	34772462	34772598	0	394	0.00	CHH
2	35300370	35300604	46	2	95.83	CG
2	35300370	35300604	1	354	0.28	CHG
2	35300370	35300604	3	1395	0.21	CHH
2	35388799	35389069	0	89	0.00	CG
2	35388799	35389069	0	142	0.00	CHG
2	35388799	35389069	2	430	0.46	CHH
3	480369	480630	533	13	97.62	CG
3	480369	480630	21	519	3.89	CHG
3	480369	480630	36	2041	1.73	CHH
3	615186	620505	1593	3980	28.58	CG
3	615186	620505	690	4783	12.61	CHG
3	615186	620505	390	17937	2.13	CHH
3	1097994	1098400	801	17	97.92	CG
3	1097994	1098400	536	92	85.35	CHG
3	1097994	1098400	219	2319	8.63	CHH
3	2922253	2922366	0	35	0.00	CG
3	2922253	2922366	0	61	0.00	CHG
3	2922253	2922366	5	652	0.76	CHH
3	2924923	2926581	520	73	87.69	CG
3	2924923	2926581	41	1628	2.46	CHG
3	2924923	2926581	82	6091	1.33	CHH
3	3101473	3101729	306	554	35.58	CG
3	3101473	3101729	7	557	1.24	CHG
3	3101473	3101729	9	1167	0.77	CHH
3	3782983	3787490	162	7129	2.22	CG
3	3782983	3787490	76	5470	1.37	CHG
3	3782983	3787490	90	14867	0.60	CHH
3	4471611	4471796	1	672	0.15	CG
3	4471611	4471796	1	412	0.24	CHG
3	4471611	4471796	5	963	0.52	CHH
3	4501942	4502163	176	210	45.60	CG
3	4501942	4502163	56	204	21.54	CHG
3	4501942	4502163	188	423	30.77	CHH
3	4735915	4736042	1	57	1.72	CG
3	4735915	4736042	0	62	0.00	CHG
3	4735915	4736042	1	240	0.41	CHH
3	5786527	5786697	68	0	100.00	CG
3	5786527	5786697	3	220	1.35	CHG
3	5786527	5786697	1	998	0.10	CHH
3	5790733	5792052	809	101	88.90	CG
3	5790733	5792052	419	420	49.94	CHG
3	5790733	5792052	116	3166	3.53	CHH
3	5852144	5852325	170	6	96.59	CG
3	5852144	5852325	139	28	83.23	CHG
3	5852144	5852325	135	711	15.96	CHH
3	5861909	5862252	210	61	77.49	CG
3	5861909	5862252	5	697	0.71	CHG
3	5861909	5862252	7	1649	0.42	CHH
3	5863529	5863616	1	122	0.81	CG
3	5863529	5863616	1	208	0.48	CHG
3	5863529	5863616	5	561	0.88	CHH
3	6119207	6119385	4	629	0.63	CG
3	6119207	6119385	2	536	0.37	CHG
3	6119207	6119385	4	696	0.57	CHH
3	6727333	6727471	0	164	0.00	CG
3	6727333	6727471	0	128	0.00	CHG
3	6727333	6727471	8	865	0.92	CHH
3	7815881	7816020	4	730	0.54	CG
3	7815881	7816020	0	324	0.00	CHG
3	7815881	7816020	1	274	0.36	CHH
3	8124800	8125238	5	869	0.57	CG
3	8124800	8125238	1	523	0.19	CHG
3	8124800	8125238	6	1830	0.33	CHH
3	8292358	8296069	1346	884	60.36	CG
3	8292358	8296069	938	2660	26.07	CHG
3	8292358	8296069	306	16227	1.85	CHH
3	8918282	8919468	420	2044	17.05	CG
3	8918282	8919468	38	1478	2.51	CHG
3	8918282	8919468	120	4870	2.40	CHH
3	8932042	8933228	249	307	44.78	CG
3	8932042	8933228	31	338	8.40	CHG
3	8932042	8933228	51	2448	2.04	CHH
3	9007060	9007495	476	21	95.77	CG
3	9007060	9007495	221	53	80.66	CHG
3	9007060	9007495	51	630	7.49	CHH
3	9615393	9615681	6	730	0.82	CG
3	9615393	9615681	0	332	0.00	CHG
3	9615393	9615681	5	1515	0.33	CHH
3	9647322	9647514	4	172	2.27	CG
3	9647322	9647514	3	357	0.83	CHG
3	9647322	9647514	2	1202	0.17	CHH
3	9661238	9663204	127	1622	7.26	CG
3	9661238	9663204	56	1774	3.06	CHG
3	9661238	9663204	31	6196	0.50	CHH
3	9703524	9703645	0	89	0.00	CG
3	9703524	9703645	1	78	1.27	CHG
3	9703524	9703645	3	719	0.42	CHH
3	9741411	9741728	103	3	97.17	CG
3	9741411	9741728	51	16	76.12	CHG
3	9741411	9741728	18	417	4.14	CHH
3	9772110	9773385	948	236	80.07	CG
3	9772110	9773385	376	531	41.46	CHG
3	9772110	9773385	134	4298	3.02	CHH
3	9970758	9972750	33	4084	0.80	CG
3	9970758	9972750	15	3362	0.44	CHG
3	9970758	9972750	25	6351	0.39	CHH
3	11318102	11319164	93	317	22.68	CG
3	11318102	11319164	40	499	7.42	CHG
3	11318102	11319164	10	2426	0.41	CHH
3	11624874	11625180	50	2	96.15	CG
3	11624874	11625180	0	331	0.00	CHG
3	11624874	11625180	3	1021	0.29	CHH
3	11762654	11762757	3	24	11.11	CG
3	11762654	11762757	0	11	0.00	CHG
3	11762654	11762757	0	129	0.00	CHH
3	12013674	12014450	378	14	96.43	CG
3	12013674	12014450	747	188	79.89	CHG
3	12013674	12014450	115	4220	2.65	CHH
3	13326106	13326294	0	139	0.00	CG
3	13326106	13326294	1	266	0.37	CHG
3	13326106	13326294	4	533	0.74	CHH
3	14484188	14484405	16	1	94.12	CG
3	14484188	14484405	82	19	81.19	CHG
3	14484188	14484405	8	435	1.81	CHH
3	14495901	14496241	10	1692	0.59	CG
3	14495901	14496241	3	721	0.41	CHG
3	14495901	14496241	8	1703	0.47	CHH
3	14633392	14633990	350	5	98.59	CG
3	14633392	14633990	77	52	59.69	CHG
3	14633392	14633990	38	1788	2.08	CHH
3	14886695	14886945	1	172	0.58	CG
3	14886695	14886945	42	147	22.22	CHG
3	14886695	14886945	67	1294	4.92	CHH
3	15238637	15238822	168	3	98.25	CG
3	15238637	15238822	231	54	81.05	CHG
3	15238637	15238822	43	1298	3.21	CHH
3	15348429	15348696	297	6	98.02	CG
3	15348429	15348696	300	99	75.19	CHG
3	15348429	15348696	39	2009	1.90	CHH
3	15968990	15969281	4	732	0.54	CG
3	15968990	15969281	3	592	0.50	CHG
3	15968990	15969281	5	1145	0.43	CHH
3	16545195	16545366	104	3	97.20	CG
3	16545195	16545366	82	15	84.54	CHG
3	16545195	16545366	8	637	1.24	CHH
3	16691128	16691290	53	3	94.64	CG
3	16691128	16691290	2	72	2.70	CHG
3	16691128	16691290	29	478	5.72	CHH
3	18086982	18087169	1	126	0.79	CG
3	18086982	18087169	0	158	0.00	CHG
3	18086982	18087169	3	624	0.48	CHH
3	18671229	18673244	478	700	40.58	CG
3	18671229	18673244	169	1107	13.24	CHG
3	18671229	18673244	44	5388	0.81	CHH
3	19066610	19066885	98	4	96.08	CG
3	19066610	19066885	19	13	59.38	CHG
3	19066610	19066885	16	99	13.91	CHH
3	19477758	19477853	112	1	99.12	CG
3	19477758	19477853	53	98	35.10	CHG
3	19477758	19477853	8	502	1.57	CHH
3	20211561	20212451	796	17	97.91	CG
3	20211561	20212451	638	94	87.16	CHG
3	20211561	20212451	163	3303	4.70	CHH
3	20300032	20301332	948	55	94.52	CG
3	20300032	20301332	1556	162	90.57	CHG
3	20300032	20301332	237	6324	3.61	CHH
3	20506153	20506547	449	27	94.33	CG
3	20506153	20506547	225	264	46.01	CHG
3	20506153	20506547	16	2092	0.76	CHH
3	20529596	20530676	417	2000	17.25	CG
3	20529596	20530676	25	1139	2.15	CHG
3	20529596	20530676	19	1915	0.98	CHH
3	20609274	20609784	280	8	97.22	CG
3	20609274	20609784	230	48	82.73	CHG
3	20609274	20609784	66	1264	4.96	CHH
3	21045714	21046037	164	6	96.47	CG
3	21045714	21046037	81	16	83.51	CHG
3	21045714	21046037	18	909	1.94	CHH
3	21053301	21054404	170	94	64.39	CG
3	21053301	21054404	4	656	0.61	CHG
3	21053301	21054404	18	4188	0.43	CHH
3	21477968	21478334	231	79	74.52	CG
3	21477968	21478334	55	198	21.74	CHG
3	21477968	21478334	63	1250	4.80	CHH
3	21805912	21806253	196	2	98.99	CG
3	21805912	21806253	25	22	53.19	CHG
3	21805912	21806253	7	131	5.07	CHH
3	22443304	22443897	7	1797	0.39	CG
3	22443304	22443897	6	1131	0.53	CHG
3	22443304	22443897	10	2518	0.40	CHH
3	22930322	22932315	264	1300	16.88	CG
3	22930322	22932315	33	1605	2.01	CHG
3	22930322	22932315	32	6486	0.49	CHH
3	22977964	22978503	102	74	57.95	CG
3	22977964	22978503	62	211	22.71	CHG
3	22977964	22978503	86	952	8.29	CHH
3	23158824	23162446	629	4030	13.50	CG
3	23158824	23162446	91	2864	3.08	CHG
3	23158824	23162446	370	9903	3.60	CHH
3	23440227	23440314	0	53	0.00	CHG
3	23440227	23440314	0	275	0.00	CHH
3	23502337	23503127	220	48	82.09	CG
3	23502337	23503127	8	243	3.19	CHG
3	23502337	23503127	77	2610	2.87	CHH
3	24402381	24402506	4	773	0.51	CG
3	24402381	24402506	1	230	0.43	CHG
3	24402381	24402506	2	264	0.75	CHH
3	24697252	24697403	0	48	0.00	CG
3	24697252	24697403	0	89	0.00	CHG
3	24697252	24697403	2	334	0.60	CHH
3	25124576	25125712	416	181	69.68	CG
3	25124576	25125712	99	328	23.19	CHG
3	25124576	25125712	142	2738	4.93	CHH
3	25238096	25238349	85	28	75.22	CG
3	25238096	25238349	1	270	0.37	CHG
3	25238096	25238349	1	896	0.11	CHH
3	26463242	26463534	57	284	16.72	CG
3	26463242	26463534	3	297	1.00	CHG
3	26463242	26463534	9	729	1.22	CHH
3	28036385	28036532	0	261	0.00	CG
3	28036385	28036532	2	236	0.84	CHG
3	28036385	28036532	2	663	0.30	CHH
3	28421210	28421588	2	312	0.64	CG
3	28421210	28421588	1	558	0.18	CHG
3	28421210	28421588	6	1908	0.31	CHH
3	28828352	28828674	54	19	73.97	CG
3	28828352	28828674	1	38	2.56	CHG
3	28828352	28828674	9	889	1.00	CHH
3	28883667	28884002	17	16	51.52	CG
3	28883667	28884002	9	74	10.84	CHG
3	28883667	28884002	3	544	0.55	CHH
3	28999678	28999814	9	9	50.00	CG
3	28999678	28999814	9	7	56.25	CHG
3	28999678	28999814	13	68	16.05	CHH
3	29036320	29036527	303	8	97.43	CG
3	29036320	29036527	8	61	11.59	CHG
3	29036320	29036527	12	202	5.61	CHH
3	29048284	29048488	289	4	98.63	CG
3	29048284	29048488	192	55	77.73	CHG
3	29048284	29048488	8	195	3.94	CHH
3	29804060	29804313	0	168	0.00	CG
3	29804060	29804313	3	358	0.83	CHG
3	29804060	29804313	5	1119	0.44	CHH
3	31242980	31243426	399	10	97.56	CG
3	31242980	31243426	201	52	79.45	CHG
3	31242980	31243426	22	480	4.38	CHH
3	31550060	31550292	42	259	13.95	CG
3	31550060	31550292	8	116	6.45	CHG
3	31550060	31550292	3	642	0.47	CHH
3	32992420	32993458	179	181	49.72	CG
3	32992420	32993458	32	328	8.89	CHG
3	32992420	32993458	29	1992	1.43	CHH
3	33907932	33908490	14	85	14.14	CG
3	33907932	33908490	3	646	0.46	CHG
3	33907932	33908490	12	2367	0.50	CHH
3	34241449	34241654	1	141	0.70	CG
3	34241449	34241654	4	373	1.06	CHG
3	34241449	34241654	2	839	0.24	CHH
3	34254363	34255907	88	1398	5.92	CG
3	34254363	34255907	7	2117	0.33	CHG
3	34254363	34255907	26	4949	0.52	CHH
3	34833000	34833309	313	14	95.72	CG
3	34833000	34833309	184	51	78.30	CHG
3	34833000	34833309	61	474	11.40	CHH
3	35110086	35110256	24	3	88.89	CG
3	35110086	35110256	0	102	0.00	CHG
3	35110086	35110256	3	666	0.45	CHH
3	35180241	35180554	95	32	74.80	CG
3	35180241	35180554	4	432	0.92	CHG
3	35180241	35180554	9	1514	0.59	CHH
3	35917041	35917731	587	243	70.72	CG
3	35917041	35917731	162	392	29.24	CHG
3	35917041	35917731	46	2732	1.66	CHH
3	36048993	36049255	0	118	0.00	CG
3	36048993	36049255	11	199	5.24	CHG
3	36048993	36049255	1	634	0.16	CHH
3	36390761	36392058	24	2629	0.90	CG
3	36390761	36392058	11	1847	0.59	CHG
3	36390761	36392058	15	4345	0.34	CHH
4	2128481	2128855	118	21	84.89	CG
4	2128481	2128855	12	69	14.81	CHG
4	2128481	2128855	14	679	2.02	CHH
4	2540394	2540485	107	1	99.07	CG
4	2540394	2540485	72	39	64.86	CHG
4	2540394	2540485	5	335	1.47	CHH
4	3036997	3037085	74	4	94.87	CG
4	3036997	3037085	38	14	73.08	CHG
4	3036997	3037085	13	74	14.94	CHH
4	4049820	4050064	189	6	96.92	CG
4	4049820	4050064	122	41	74.85	CHG
4	4049820	4050064	12	714	1.65	CHH
4	4695559	4695777	114	0	100.00	CG
4	4695559	4695777	46	31	59.74	CHG
4	4695559	4695777	27	162	14.29	CHH
4	5205473	5206792	1476	40	97.36	CG
4	5205473	5206792	872	271	76.29	CHG
4	5205473	5206792	161	5065	3.08	CHH
4	5370300	5370990	207	4	98.10	CG
4	5370300	5370990	131	25	83.97	CHG
4	5370300	5370990	7	341	2.01	CHH
4	7250146	7253105	870	5139	14.48	CG
4	7250146	7253105	440	3151	12.25	CHG
4	7250146	7253105	72	10421	0.69	CHH
4	7946934	7947116	262	7	97.40	CG
4	7946934	7947116	126	131	49.03	CHG
4	7946934	7947116	13	1026	1.25	CHH
4	7976120	7976768	9	113	7.38	CG
4	7976120	7976768	7	317	2.16	CHG
4	7976120	7976768	6	1225	0.49	CHH
4	7998972	7999131	1	14	6.67	CG
4	7998972	7999131	1	32	3.03	CHG
4	7998972	7999131	0	194	0.00	CHH
4	9504426	9506750	1895	193	90.76	CG
4	9504426	9506750	1559	719	68.44	CHG
4	9504426	9506750	190	9801	1.90	CHH
4	10597218	10597775	737	22	97.10	CG
4	10597218	10597775	1085	191	85.03	CHG
4	10597218	10597775	57	2575	2.17	CHH
4	11254426	11254603	0	68	0.00	CG
4	11254426	11254603	1	113	0.88	CHG
4	11254426	11254603	1	525	0.19	CHH
4	11479976	11481063	6	361	1.63	CG
4	11479976	11481063	4	640	0.62	CHG
4	11479976	11481063	16	3574	0.45	CHH
4	12511724	12511877	60	35	63.16	CG
4	12511724	12511877	9	300	2.91	CHG
4	12511724	12511877	3	916	0.33	CHH
4	12570254	12573173	2763	58	97.94	CG
4	12570254	12573173	3376	786	81.11	CHG
4	12570254	12573173	411	15447	2.59	CHH
4	14336636	14336825	116	0	100.00	CG
4	14336636	14336825	97	60	61.78	CHG
4	14336636	14336825	5	267	1.84	CHH
4	15422154	15422563	89	8	91.75	CG
4	15422154	15422563	56	87	39.16	CHG
4	15422154	15422563	13	971	1.32	CHH
4	15927777	15928107	12	475	2.46	CG
4	15927777	15928107	5	466	1.06	CHG
4	15927777	15928107	10	1533	0.65	CHH
4	16377949	16378038	130	1	99.24	CG
4	16377949	16378038	99	32	75.57	CHG
4	16377949	16378038	8	320	2.44	CHH
4	16429861	16430118	73	2	97.33	CG
4	16429861	16430118	122	13	90.37	CHG
4	16429861	16430118	31	595	4.95	CHH
4	16739824	16740091	211	6	97.24	CG
4	16739824	16740091	57	33	63.33	CHG
4	16739824	16740091	4	344	1.15	CHH
4	16870850	16871033	96	2	97.96	CG
4	16870850	16871033	0	34	0.00	CHG
4	16870850	16871033	0	879	0.00	CHH
4	16929303	16929386	11	43	20.37	CG
4	16929303	16929386	1	15	6.25	CHG
4	16929303	16929386	1	239	0.42	CHH
4	18861290	18861421	43	1	97.73	CG
4	18861290	18861421	10	17	37.04	CHG
4	18861290	18861421	65	281	18.79	CHH
4	18879559	18879953	775	15	98.10	CG
4	18879559	18879953	458	107	81.06	CHG
4	18879559	18879953	100	1086	8.43	CHH
4	19594453	19594613	0	62	0.00	CG
4	19594453	19594613	0	163	0.00	CHG
4	19594453	19594613	2	309	0.64	CHH
4	21836525	21836740	0	241	0.00	CG
4	21836525	21836740	1	429	0.23	CHG
4	21836525	21836740	3	1131	0.26	CHH
4	22149701	22149888	0	372	0.00	CG
4	22149701	22149888	1	142	0.70	CHG
4	22149701	22149888	2	532	0.37	CHH
4	24463582	24463728	1	181	0.55	CG
4	24463582	24463728	0	137	0.00	CHG
4	24463582	24463728	5	801	0.62	CHH
4	24879051	24879296	0	40	0.00	CG
4	24879051	24879296	5	626	0.79	CHG
4	24879051	24879296	8	1135	0.70	CHH
4	25700367	25700823	685	20	97.16	CG
4	25700367	25700823	246	114	68.33	CHG
4	25700367	25700823	51	1014	4.79	CHH
4	26025305	26025523	73	1	98.65	CG
4	26025305	26025523	0	233	0.00	CHG
4	26025305	26025523	8	829	0.96	CHH
4	26125746	26125921	96	2	97.96	CG
4	26125746	26125921	82	17	82.83	CHG
4	26125746	26125921	26	861	2.93	CHH
4	28854448	28854672	0	256	0.00	CG
4	28854448	28854672	3	122	2.40	CHG
4	28854448	28854672	8	614	1.29	CHH
4	31600862	31601333	570	35	94.21	CG
4	31600862	31601333	212	485	30.42	CHG
4	31600862	31601333	47	2041	2.25	CHH
4	32665225	32665685	21	1761	1.18	CG
4	32665225	32665685	21	1306	1.58	CHG
4	32665225	32665685	51	2620	1.91	CHH
4	32845260	32845468	133	4	97.08	CG
4	32845260	32845468	3	451	0.66	CHG
4	32845260	32845468	1	1481	0.07	CHH
4	32907649	32907913	319	11	96.67	CG
4	32907649	32907913	356	47	88.34	CHG
4	32907649	32907913	67	1478	4.34	CHH
4	32976630	32976775	0	115	0.00	CG
4	32976630	32976775	1	139	0.71	CHG
4	32976630	32976775	2	840	0.24	CHH
4	33538001	33538284	138	4	97.18	CG
4	33538001	33538284	191	20	90.52	CHG
4	33538001	33538284	25	634	3.79	CHH
5	22552	22704	100	1	99.01	CG
5	22552	22704	58	1	98.31	CHG
5	22552	22704	10	343	2.83	CHH
5	167915	169390	102	151	40.32	CG
5	167915	169390	31	157	16.49	CHG
5	167915	169390	7	1935	0.36	CHH
5	802197	802307	1	49	2.00	CG
5	802197	802307	1	68	1.45	CHG
5	802197	802307	2	434	0.46	CHH
5	1555477	1555743	77	0	100.00	CG
5	1555477	1555743	1	253	0.39	CHG
5	1555477	1555743	3	857	0.35	CHH
5	1623822	1624065	250	2	99.21	CG
5	1623822	1624065	103	40	72.03	CHG
5	1623822	1624065	10	169	5.59	CHH
5	1649481	1650024	596	62	90.58	CG
5	1649481	1650024	233	249	48.34	CHG
5	1649481	1650024	61	1332	4.38	CHH
5	2535968	2537410	182	3100	5.55	CG
5	2535968	2537410	14	2450	0.57	CHG
5	2535968	2537410	22	6852	0.32	CHH
5	3201536	3202094	22	102	17.74	CG
5	3201536	3202094	1	169	0.59	CHG
5	3201536	3202094	69	1035	6.25	CHH
5	3642042	3642277	217	7	96.88	CG
5	3642042	3642277	31	60	34.07	CHG
5	3642042	3642277	18	481	3.61	CHH
5	4042346	4043559	308	5	98.40	CG
5	4042346	4043559	243	47	83.79	CHG
5	4042346	4043559	47	1104	4.08	CHH
5	5042999	5043643	16	2	88.89	CG
5	5042999	5043643	7	0	100.00	CHG
5	5042999	5043643	1	73	1.35	CHH
5	6697788	6698020	115	24	82.73	CG
5	6697788	6698020	3	230	1.29	CHG
5	6697788	6698020	2	1175	0.17	CHH
5	8888812	8888977	98	2	98.00	CG
5	8888812	8888977	192	126	60.38	CHG
5	8888812	8888977	9	827	1.08	CHH
5	9364313	9364413	233	5	97.90	CG
5	9364313	9364413	155	46	77.11	CHG
5	9364313	9364413	8	270	2.88	CHH
5	12809268	12809477	131	8	94.24	CG
5	12809268	12809477	38	9	80.85	CHG
5	12809268	12809477	3	28	9.68	CHH
5	13857407	13857542	380	26	93.60	CG
5	13857407	13857542	95	39	70.90	CHG
5	13857407	13857542	23	455	4.81	CHH
5	14246535	14246708	1	46	2.13	CG
5	14246535	14246708	0	25	0.00	CHG
5	14246535	14246708	1	546	0.18	CHH
5	15249273	15249609	322	4	98.77	CG
5	15249273	15249609	183	67	73.20	CHG
5	15249273	15249609	40	1184	3.27	CHH
5	15263881	15264136	429	8	98.17	CG
5	15263881	15264136	193	96	66.78	CHG
5	15263881	15264136	30	547	5.20	CHH
5	15295856	15296058	281	13	95.58	CG
5	15295856	15296058	126	32	79.75	CHG
5	15295856	15296058	13	440	2.87	CHH
5	15380224	15380482	3	0	100.00	CHG
5	15380224	15380482	0	3	0.00	CHH
5	16141049	16142222	1335	41	97.02	CG
5	16141049	16142222	937	126	88.15	CHG
5	16141049	16142222	170	4769	3.44	CHH
5	16604726	16607053	1621	59	96.49	CG
5	16604726	16607053	1077	405	72.67	CHG
5	16604726	16607053	276	8311	3.21	CHH
5	16695358	16697204	556	418	57.08	CG
5	16695358	16697204	487	491	49.80	CHG
5	16695358	16697204	118	3740	3.06	CHH
5	17145149	17145240	0	20	0.00	CG
5	17145149	17145240	0	220	0.00	CHH
5	17275880	17277194	396	573	40.87	CG
5	17275880	17277194	45	1230	3.53	CHG
5	17275880	17277194	33	4422	0.74	CHH
5	18555974	18556911	969	105	90.22	CG
5	18555974	18556911	223	361	38.18	CHG
5	18555974	18556911	49	3112	1.55	CHH
5	18614365	18615227	625	13	97.96	CG
5	18614365	18615227	342	104	76.68	CHG
5	18614365	18615227	145	1264	10.29	CHH
5	19082868	19087589	1215	2042	37.30	CG
5	19082868	19087589	65	5642	1.14	CHG
5	19082868	19087589	64	17958	0.36	CHH
5	19475239	19475452	5	244	2.01	CG
5	19475239	19475452	3	347	0.86	CHG
5	19475239	19475452	18	1121	1.58	CHH
5	19550564	19550779	5	24	17.24	CHG
5	19550564	19550779	1	345	0.29	CHH
5	19686229	19688559	563	2399	19.01	CG
5	19686229	19688559	388	1529	20.24	CHG
5	19686229	19688559	148	7953	1.83	CHH
5	20197683	20197907	2	903	0.22	CG
5	20197683	20197907	1	532	0.19	CHG
5	20197683	20197907	4	1005	0.40	CHH
5	20639725	20640817	497	41	92.38	CG
5	20639725	20640817	250	979	20.34	CHG
5	20639725	20640817	63	3984	1.56	CHH
5	21196473	21196736	75	2	97.40	CG
5	21196473	21196736	138	9	93.88	CHG
5	21196473	21196736	35	882	3.82	CHH
5	21222554	21222810	34	49	40.96	CHG
5	21222554	21222810	18	627	2.79	CHH
5	21231311	21231463	0	271	0.00	CG
5	21231311	21231463	1	249	0.40	CHG
5	21231311	21231463	1	460	0.22	CHH
5	21771662	21772418	415	135	75.45	CG
5	21771662	21772418	306	267	53.40	CHG
5	21771662	21772418	23	1814	1.25	CHH
5	22632027	22632224	0	588	0.00	CG
5	22632027	22632224	4	499	0.80	CHG
5	22632027	22632224	2	890	0.22	CHH
5	23446330	23446424	4	0	100.00	CG
5	23446330	23446424	1	15	6.25	CHH
5	23498602	23498699	48	6	88.89	CG
5	23498602	23498699	14	6	70.00	CHG
5	23498602	23498699	60	397	13.13	CHH
5	23589096	23589233	1	125	0.79	CHG
5	23589096	23589233	3	655	0.46	CHH
5	23597717	23597952	1	48	2.04	CG
5	23597717	23597952	1	151	0.66	CHG
5	23597717	23597952	5	705	0.70	CHH
5	23799970	23800819	4	1125	0.35	CG
5	23799970	23800819	9	1339	0.67	CHG
5	23799970	23800819	14	3378	0.41	CHH
5	24767463	24767619	2	674	0.30	CG
5	24767463	24767619	1	227	0.44	CHG
5	24767463	24767619	4	824	0.48	CHH
5	24958493	24960927	361	858	29.61	CG
5	24958493	24960927	30	2044	1.45	CHG
5	24958493	24960927	33	8991	0.37	CHH
5	25117789	25118255	6	1236	0.48	CG
5	25117789	25118255	1	437	0.23	CHG
5	25117789	25118255	7	921	0.75	CHH
5	25683760	25686062	345	4879	6.60	CG
5	25683760	25686062	194	3787	4.87	CHG
5	25683760	25686062	102	7333	1.37	CHH
5	25916431	25917101	393	22	94.70	CG
5	25916431	25917101	160	193	45.33	CHG
5	25916431	25917101	45	1625	2.69	CHH
5	26920490	26922938	3	1809	0.17	CG
5	26920490	26922938	17	3615	0.47	CHG
5	26920490	26922938	32	9802	0.33	CHH
5	27294148	27294484	2	587	0.34	CG
5	27294148	27294484	2	428	0.47	CHG
5	27294148	27294484	5	1386	0.36	CHH
5	27692643	27692794	0	353	0.00	CG
5	27692643	27692794	3	334	0.89	CHG
5	27692643	27692794	2	789	0.25	CHH
5	28353397	28355104	671	230	74.47	CG
5	28353397	28355104	12	1495	0.80	CHG
5	28353397	28355104	24	6107	0.39	CHH
5	28438764	28438936	94	3	96.91	CG
5	28438764	28438936	124	11	91.85	CHG
5	28438764	28438936	20	420	4.55	CHH
5	29278792	29278999	74	5	93.67	CG
5	29278792	29278999	65	3	95.59	CHG
5	29278792	29278999	6	312	1.89	CHH
5	29368004	29368261	104	4	96.30	CG
5	29368004	29368261	285	13	95.64	CHG
5	29368004	29368261	60	1344	4.27	CHH
5	29393677	29395023	191	3	98.45	CG
5	29393677	29395023	190	27	87.56	CHG
5	29393677	29395023	14	530	2.57	CHH
5	29485227	29485510	166	158	51.23	CG
5	29485227	29485510	19	339	5.31	CHG
5	29485227	29485510	6	1282	0.47	CHH
6	247291	247913	2	425	0.47	CG
6	247291	247913	6	307	1.92	CHG
6	247291	247913	1	778	0.13	CHH
6	368015	368245	0	191	0.00	CG
6	368015	368245	0	245	0.00	CHG
6	368015	368245	2	838	0.24	CHH
6	521167	522087	60	419	12.53	CG
6	521167	522087	4	408	0.97	CHG
6	521167	522087	42	2103	1.96	CHH
6	813527	813697	88	2	97.78	CG
6	813527	813697	2	251	0.79	CHG
6	813527	813697	6	1343	0.44	CHH
6	958185	960061	1090	860	55.90	CG
6	958185	960061	444	639	41.00	CHG
6	958185	960061	103	4173	2.41	CHH
6	1267865	1268035	268	5	98.17	CG
6	1267865	1268035	127	48	72.57	CHG
6	1267865	1268035	4	226	1.74	CHH
6	2300838	2300945	0	116	0.00	CG
6	2300838	2300945	3	185	1.60	CHG
6	2300838	2300945	1	577	0.17	CHH
6	3639180	3639309	2	179	1.10	CG
6	3639180	3639309	2	192	1.03	CHG
6	3639180	3639309	5	646	0.77	CHH
6	3944739	3945664	145	204	41.55	CG
6	3944739	3945664	100	276	26.60	CHG
6	3944739	3945664	19	2524	0.75	CHH
6	4300749	4300941	241	17	93.41	CG
6	4300749	4300941	61	149	29.05	CHG
6	4300749	4300941	7	858	0.81	CHH
6	4553472	4553595	102	1	99.03	CG
6	4553472	4553595	18	17	51.43	CHG
6	4553472	4553595	10	99	9.17	CHH
6	4806070	4806315	3	535	0.56	CG
6	4806070	4806315	3	234	1.27	CHG
6	4806070	4806315	5	804	0.62	CHH
6	5243918	5246329	849	1972	30.10	CG
6	5243918	5246329	18	4618	0.39	CHG
6	5243918	5246329	63	13624	0.46	CHH
6	5335954	5337126	419	543	43.56	CG
6	5335954	5337126	140	562	19.94	CHG
6	5335954	5337126	85	2624	3.14	CHH
6	6556692	6557000	4	735	0.54	CG
6	6556692	6557000	0	365	0.00	CHG
6	6556692	6557000	3	934	0.32	CHH
6	7262284	7262394	0	129	0.00	CHG
6	7262284	7262394	1	449	0.22	CHH
6	7296360	7297580	227	6	97.42	CG
6	7296360	7297580	169	33	83.66	CHG
6	7296360	7297580	41	843	4.64	CHH
6	7450229	7452500	1353	125	91.54	CG
6	7450229	7452500	855	422	66.95	CHG
6	7450229	7452500	195	5479	3.44	CHH
6	8010667	8010997	327	3	99.09	CG
6	8010667	8010997	217	74	74.57	CHG
6	8010667	8010997	28	858	3.16	CHH
6	8383109	8385458	341	5179	6.18	CG
6	8383109	8385458	186	2456	7.04	CHG
6	8383109	8385458	92	7963	1.14	CHH
6	8415805	8416695	748	17	97.78	CG
6	8415805	8416695	626	151	80.57	CHG
6	8415805	8416695	138	3262	4.06	CHH
6	8434419	8434622	137	2	98.56	CG
6	8434419	8434622	155	38	80.31	CHG
6	8434419	8434622	57	339	14.39	CHH
6	9748876	9749062	65	253	20.44	CG
6	9748876	9749062	4	79	4.82	CHG
6	9748876	9749062	1	531	0.19	CHH
6	9753551	9753693	46	1	97.87	CG
6	9753551	9753693	64	8	88.89	CHG
6	9753551	9753693	4	252	1.56	CHH
6	10075237	10075575	316	7	97.83	CG
6	10075237	10075575	531	76	87.48	CHG
6	10075237	10075575	55	1378	3.84	CHH
6	10093461	10093858	221	60	78.65	CG
6	10093461	10093858	69	153	31.08	CHG
6	10093461	10093858	6	1239	0.48	CHH
6	10113029	10113177	85	4	95.51	CG
6	10113029	10113177	46	18	71.88	CHG
6	10113029	10113177	29	418	6.49	CHH
6	10217891	10218933	968	43	95.75	CG
6	10217891	10218933	1224	142	89.60	CHG
6	10217891	10218933	100	4629	2.11	CHH
6	11173234	11173456	21	25	45.65	CG
6	11173234	11173456	170	300	36.17	CHH
6	11608473	11613132	2984	637	82.41	CG
6	11608473	11613132	2091	1879	52.67	CHG
6	11608473	11613132	236	13814	1.68	CHH
6	11851633	11851862	87	0	100.00	CG
6	11851633	11851862	201	52	79.45	CHG
6	11851633	11851862	14	912	1.51	CHH
6	14122214	14122520	372	9	97.64	CG
6	14122214	14122520	387	88	81.47	CHG
6	14122214	14122520	37	1337	2.69	CHH
6	14227883	14228030	62	3	95.38	CG
6	14227883	14228030	43	14	75.44	CHG
6	14227883	14228030	12	295	3.91	CHH
6	14470606	14472078	1211	20	98.38	CG
6	14470606	14472078	1268	135	90.38	CHG
6	14470606	14472078	250	4211	5.60	CHH
6	14807254	14809068	1214	388	75.78	CG
6	14807254	14809068	950	865	52.34	CHG
6	14807254	14809068	273	6267	4.17	CHH
6	14821713	14821802	83	1	98.81	CG
6	14821713	14821802	170	11	93.92	CHG
6	14821713	14821802	13	430	2.93	CHH
6	14830897	14831902	929	18	98.10	CG
6	14830897	14831902	1439	205	87.53	CHG
6	14830897	14831902	162	5584	2.82	CHH
6	14905971	14906794	1030	30	97.17	CG
6	14905971	14906794	1145	68	94.39	CHG
6	14905971	14906794	211	3395	5.85	CHH
6	15103747	15105627	1409	40	97.24	CG
6	15103747	15105627	1121	246	82.00	CHG
6	15103747	15105627	301	8937	3.26	CHH
6	15441362	15441506	2323	128	94.78	CG
6	15441362	15441506	231	149	60.79	CHG
6	15441362	15441506	128	3026	4.06	CHH
6	15563454	15563591	58	3	95.08	CG
6	15563454	15563591	94	8	92.16	CHG
6	15563454	15563591	12	452	2.59	CHH
6	16686020	16686529	756	17	97.80	CG
6	16686020	16686529	176	248	41.51	CHG
6	16686020	16686529	21	2268	0.92	CHH
6	17158669	17158861	108	77	58.38	CG
6	17158669	17158861	1	128	0.78	CHG
6	17158669	17158861	7	699	0.99	CHH
6	17199198	17199462	47	5	90.38	CG
6	17199198	17199462	6	7	46.15	CHG
6	17199198	17199462	4	352	1.12	CHH
6	17345586	17347256	1573	36	97.76	CG
6	17345586	17347256	960	243	79.80	CHG
6	17345586	17347256	179	4376	3.93	CHH
6	17660877	17661057	204	5	97.61	CG
6	17660877	17661057	246	30	89.13	CHG
6	17660877	17661057	18	713	2.46	CHH
6	18643334	18643833	23	0	100.00	CG
6	18643334	18643833	15	2	88.24	CHG
6	18643334	18643833	0	14	0.00	CHH
6	18777954	18779043	729	24	96.81	CG
6	18777954	18779043	405	143	73.91	CHG
6	18777954	18779043	52	4087	1.26	CHH
6	18810122	18813496	2617	534	83.05	CG
6	18810122	18813496	1318	1589	45.34	CHG
6	18810122	18813496	241	11873	1.99	CHH
6	19312818	19314797	1968	1419	58.10	CG
6	19312818	19314797	750	1576	32.24	CHG
6	19312818	19314797	299	9528	3.04	CHH
6	20357482	20357681	218	7	96.89	CG
6	20357482	20357681	58	83	41.13	CHG
6	20357482	20357681	9	733	1.21	CHH
6	20439044	20439654	5	411	1.20	CG
6	20439044	20439654	3	893	0.33	CHG
6	20439044	20439654	14	2201	0.63	CHH
6	21127919	21128043	157	2	98.74	CG
6	21127919	21128043	1	5	16.67	CHG
6	21127919	21128043	1	342	0.29	CHH
6	21587628	21587841	74	8	90.24	CG
6	21587628	21587841	43	21	67.19	CHG
6	21587628	21587841	12	459	2.55	CHH
6	22156671	22156886	1	517	0.19	CG
6	22156671	22156886	1	377	0.26	CHG
6	22156671	22156886	1	1577	0.06	CHH
6	22194216	22196915	1227	549	69.09	CG
6	22194216	22196915	307	1859	14.17	CHG
6	22194216	22196915	83	9272	0.89	CHH
6	22609287	22612484	1466	1639	47.21	CG
6	22609287	22612484	609	1903	24.24	CHG
6	22609287	22612484	193	8465	2.23	CHH
6	22611980	22612934	235	1324	15.07	CG
6	22611980	22612934	78	1336	5.52	CHG
6	22611980	22612934	116	4484	2.52	CHH
6	23257492	23257741	239	6	97.55	CG
6	23257492	23257741	105	27	79.55	CHG
6	23257492	23257741	20	198	9.17	CHH
6	23764410	23764702	44	1	97.78	CG
6	23764410	23764702	4	2	66.67	CHG
6	23764410	23764702	54	1664	3.14	CHH
6	23867262	23869017	78	3426	2.23	CG
6	23867262	23869017	45	1874	2.34	CHG
6	23867262	23869017	29	4765	0.60	CHH
6	24469529	24469704	77	3	96.25	CG
6	24469529	24469704	274	9	96.82	CHG
6	24469529	24469704	33	751	4.21	CHH
6	26027042	26027922	68	316	17.71	CG
6	26027042	26027922	6	346	1.70	CHG
6	26027042	26027922	16	2154	0.74	CHH
6	27428621	27432072	535	2644	16.83	CG
6	27428621	27432072	92	4646	1.94	CHG
6	27428621	27432072	57	12582	0.45	CHH
6	27581080	27581338	324	5	98.48	CG
6	27581080	27581338	178	45	79.82	CHG
6	27581080	27581338	89	802	9.99	CHH
6	27924772	27924989	96	2	97.96	CG
6	27924772	27924989	2	328	0.61	CHG
6	27924772	27924989	3	621	0.48	CHH
6	28789509	28791244	143	432	24.87	CG
6	28789509	28791244	13	1411	0.91	CHG
6	28789509	28791244	38	4893	0.77	CHH
6	28955148	28955268	1	179	0.56	CHG
6	28955148	28955268	2	436	0.46	CHH
6	29172271	29175087	676	531	56.01	CG
6	29172271	29175087	40	3884	1.02	CHG
6	29172271	29175087	51	14080	0.36	CHH
6	30516258	30516520	55	201	21.48	CG
6	30516258	30516520	3	115	2.54	CHG
6	30516258	30516520	15	827	1.78	CHH
6	31188015	31188697	113	5	95.76	CG
6	31188015	31188697	1	714	0.14	CHG
6	31188015	31188697	5	2791	0.18	CHH
6	31222643	31224540	852	27	96.93	CG
6	31222643	31224540	42	1542	2.65	CHG
6	31222643	31224540	54	5867	0.91	CHH
7	411438	411715	218	26	89.34	CG
7	411438	411715	82	299	21.52	CHG
7	411438	411715	16	1113	1.42	CHH
7	993029	993215	2	130	1.52	CG
7	993029	993215	3	220	1.35	CHG
7	993029	993215	1	829	0.12	CHH
7	1846760	1848970	1060	240	81.54	CG
7	1846760	1848970	10	2667	0.37	CHG
7	1846760	1848970	40	10040	0.40	CHH
7	2224488	2225213	0	943	0.00	CG
7	2224488	2225213	4	908	0.44	CHG
7	2224488	2225213	7	2258	0.31	CHH
7	2447769	2451203	663	6607	9.12	CG
7	2447769	2451203	134	5265	2.48	CHG
7	2447769	2451203	374	15541	2.35	CHH
7	2483423	2483554	123	77	61.50	CG
7	2483423	2483554	23	37	38.33	CHG
7	2483423	2483554	15	306	4.67	CHH
7	2618288	2618484	33	32	50.77	CG
7	2618288	2618484	0	44	0.00	CHG
7	2618288	2618484	2	654	0.30	CHH
7	2946799	2949545	617	3300	15.75	CG
7	2946799	2949545	33	4334	0.76	CHG
7	2946799	2949545	47	12495	0.37	CHH
7	3992526	3992733	86	5	94.51	CG
7	3992526	3992733	5	333	1.48	CHG
7	3992526	3992733	9	1018	0.88	CHH
7	4299561	4299774	67	84	44.37	CG
7	4299561	4299774	1	106	0.93	CHG
7	4299561	4299774	1	523	0.19	CHH
7	4594741	4595750	5	1288	0.39	CG
7	4594741	4595750	6	1473	0.41	CHG
7	4594741	4595750	19	5390	0.35	CHH
7	4802020	4804153	97	1260	7.15	CG
7	4802020	4804153	12	994	1.19	CHG
7	4802020	4804153	34	7205	0.47	CHH
7	5473306	5473520	58	2	96.67	CG
7	5473306	5473520	34	14	70.83	CHG
7	5473306	5473520	6	374	1.58	CHH
7	6327476	6328339	1174	28	97.67	CG
7	6327476	6328339	907	176	83.75	CHG
7	6327476	6328339	103	3647	2.75	CHH
7	6575263	6575711	0	50	0.00	CG
7	6575263	6575711	0	15	0.00	CHG
7	6575263	6575711	3	1117	0.27	CHH
7	6605103	6605624	448	27	94.32	CG
7	6605103	6605624	163	261	38.44	CHG
7	6605103	6605624	13	1087	1.18	CHH
7	6829453	6829599	7	72	8.86	CHG
7	6829453	6829599	3	432	0.69	CHH
7	6919655	6920441	363	146	71.32	CG
7	6919655	6920441	266	422	38.66	CHG
7	6919655	6920441	12	2147	0.56	CHH
7	7348687	7348951	20	1	95.24	CG
7	7348687	7348951	2	127	1.55	CHG
7	7348687	7348951	2	953	0.21	CHH
7	7538627	7540224	410	157	72.31	CG
7	7538627	7540224	61	417	12.76	CHG
7	7538627	7540224	41	3269	1.24	CHH
7	7676619	7677136	255	11	95.86	CG
7	7676619	7677136	226	42	84.33	CHG
7	7676619	7677136	47	1362	3.34	CHH
7	7868604	7868899	622	11	98.26	CG
7	7868604	7868899	376	123	75.35	CHG
7	7868604	7868899	30	1132	2.58	CHH
7	7896981	7897138	49	0	100.00	CG
7	7896981	7897138	384	12	96.97	CHG
7	7896981	7897138	52	1244	4.01	CHH
7	7950410	7951127	17	1524	1.10	CG
7	7950410	7951127	7	740	0.94	CHG
7	7950410	7951127	10	2114	0.47	CHH
7	8994834	8994985	113	9	92.62	CG
7	8994834	8994985	0	174	0.00	CHG
7	8994834	8994985	4	414	0.96	CHH
7	9688947	9691039	435	2905	13.02	CG
7	9688947	9691039	490	1254	28.10	CHG
7	9688947	9691039	199	5250	3.65	CHH
7	10365529	10365796	310	7	97.79	CG
7	10365529	10365796	56	5	91.80	CHG
7	10365529	10365796	14	543	2.51	CHH
7	10449611	10449795	173	6	96.65	CG
7	10449611	10449795	175	20	89.74	CHG
7	10449611	10449795	42	1248	3.26	CHH
7	10549868	10550083	158	3	98.14	CG
7	10549868	10550083	41	126	24.55	CHG
7	10549868	10550083	2	689	0.29	CHH
7	10635123	10635434	164	237	40.90	CG
7	10635123	10635434	132	319	29.27	CHG
7	10635123	10635434	77	1671	4.41	CHH
7	10877526	10878054	859	15	98.28	CG
7	10877526	10878054	290	80	78.38	CHG
7	10877526	10878054	66	841	7.28	CHH
7	11466967	11467449	528	37	93.45	CG
7	11466967	11467449	298	102	74.50	CHG
7	11466967	11467449	53	1587	3.23	CHH
7	11601703	11602144	134	3	97.81	CG
7	11601703	11602144	88	46	65.67	CHG
7	11601703	11602144	32	1259	2.48	CHH
7	11983577	11984979	645	79	89.09	CG
7	11983577	11984979	397	373	51.56	CHG
7	11983577	11984979	118	5825	1.99	CHH
7	12411232	12411465	8	2	80.00	CG
7	12411232	12411465	7	3	70.00	CHG
7	12411232	12411465	0	37	0.00	CHH
7	12792717	12792888	48	1	97.96	CG
7	12792717	12792888	31	44	41.33	CHG
7	12792717	12792888	5	473	1.05	CHH
7	12807464	12807960	337	14	96.01	CG
7	12807464	12807960	327	344	48.73	CHG
7	12807464	12807960	76	3002	2.47	CHH
7	13460211	13460326	114	1	99.13	CG
7	13460211	13460326	10	9	52.63	CHG
7	13460211	13460326	5	49	9.26	CHH
7	15065372	15067232	1417	37	97.46	CG
7	15065372	15067232	1223	408	74.98	CHG
7	15065372	15067232	118	7247	1.60	CHH
7	15194897	15195154	2	47	4.08	CG
7	15194897	15195154	0	48	0.00	CHG
7	15194897	15195154	2	696	0.29	CHH
7	15838174	15840597	375	1077	25.83	CG
7	15838174	15840597	99	1081	8.39	CHG
7	15838174	15840597	95	5723	1.63	CHH
7	16417756	16417995	45	3	93.75	CG
7	16417756	16417995	12	16	42.86	CHG
7	16417756	16417995	12	546	2.15	CHH
7	17006268	17006989	1685	51	97.06	CG
7	17006268	17006989	605	176	77.46	CHG
7	17006268	17006989	93	3317	2.73	CHH
7	17339592	17339751	0	59	0.00	CG
7	17339592	17339751	1	187	0.53	CHG
7	17339592	17339751	4	575	0.69	CHH
7	17913342	17913726	508	15	97.13	CG
7	17913342	17913726	320	55	85.33	CHG
7	17913342	17913726	73	1787	3.92	CHH
7	18987148	18987233	18	4	81.82	CG
7	18987148	18987233	7	4	63.64	CHG
7	18987148	18987233	3	80	3.61	CHH
7	19215021	19215291	437	11	97.54	CG
7	19215021	19215291	212	50	80.92	CHG
7	19215021	19215291	20	608	3.18	CHH
7	19560035	19560566	446	10	97.81	CG
7	19560035	19560566	329	74	81.64	CHG
7	19560035	19560566	91	1028	8.13	CHH
7	19560091	19560385	275	6	97.86	CG
7	19560091	19560385	202	33	85.96	CHG
7	19560091	19560385	49	527	8.51	CHH
7	19831953	19832039	2	194	1.02	CHG
7	19831953	19832039	1	603	0.17	CHH
7	19834434	19835298	605	37	94.24	CG
7	19834434	19835298	236	211	52.80	CHG
7	19834434	19835298	59	1982	2.89	CHH
7	21131054	21131268	0	65	0.00	CG
7	21131054	21131268	1	169	0.59	CHG
7	21131054	21131268	5	1062	0.47	CHH
7	21474944	21475222	53	54	49.53	CG
7	21474944	21475222	0	27	0.00	CHG
7	21474944	21475222	15	511	2.85	CHH
7	21913503	21914249	56	520	9.72	CG
7	21913503	21914249	15	610	2.40	CHG
7	21913503	21914249	24	2522	0.94	CHH
7	22120429	22120613	238	9	96.36	CG
7	22120429	22120613	7	444	1.55	CHG
7	22120429	22120613	6	1334	0.45	CHH
7	22386510	22386982	1	442	0.23	CG
7	22386510	22386982	0	135	0.00	CHG
7	22386510	22386982	0	441	0.00	CHH
7	22569423	22569628	168	9	94.92	CG
7	22569423	22569628	3	392	0.76	CHG
7	22569423	22569628	6	1406	0.42	CHH
7	23187122	23187806	22	774	2.76	CG
7	23187122	23187806	4	944	0.42	CHG
7	23187122	23187806	11	3463	0.32	CHH
7	23391649	23391802	106	5	95.50	CG
7	23391649	23391802	2	242	0.82	CHG
7	23391649	23391802	6	638	0.93	CHH
7	24132747	24133053	74	1	98.67	CG
7	24132747	24133053	15	146	9.32	CHG
7	24132747	24133053	5	1131	0.44	CHH
7	24196787	24197173	353	11	96.98	CG
7	24196787	24197173	368	25	93.64	CHG
7	24196787	24197173	91	2275	3.85	CHH
7	24296352	24296548	85	2	97.70	CG
7	24296352	24296548	1	294	0.34	CHG
7	24296352	24296548	12	1073	1.11	CHH
7	24747117	24747542	309	7	97.78	CG
7	24747117	24747542	124	62	66.67	CHG
7	24747117	24747542	42	315	11.76	CHH
7	25222041	25223348	75	2257	3.22	CG
7	25222041	25223348	60	1343	4.28	CHG
7	25222041	25223348	26	5006	0.52	CHH
7	25256522	25256725	5	427	1.16	CG
7	25256522	25256725	1	296	0.34	CHG
7	25256522	25256725	5	807	0.62	CHH
7	25908465	25908808	1	568	0.18	CG
7	25908465	25908808	3	903	0.33	CHG
7	25908465	25908808	9	2503	0.36	CHH
7	25983000	25983349	105	36	74.47	CG
7	25983000	25983349	2	435	0.46	CHG
7	25983000	25983349	2	1197	0.17	CHH
7	26184639	26186023	813	27	96.79	CG
7	26184639	26186023	513	105	83.01	CHG
7	26184639	26186023	101	1296	7.23	CHH
7	26456564	26456769	0	141	0.00	CG
7	26456564	26456769	1	60	1.64	CHG
7	26456564	26456769	1	422	0.24	CHH
7	27118237	27118566	19	1	95.00	CG
7	27118237	27118566	17	21	44.74	CHG
7	27118237	27118566	5	436	1.13	CHH
7	28429839	28434200	1069	521	67.23	CG
7	28429839	28434200	30	5166	0.58	CHG
7	28429839	28434200	75	18691	0.40	CHH
7	28561953	28562576	14	3526	0.40	CG
7	28561953	28562576	7	1752	0.40	CHG
7	28561953	28562576	7	2080	0.34	CHH
7	28603030	28603161	3	0	100.00	CG
7	28603030	28603161	6	1	85.71	CHG
7	28603030	28603161	0	70	0.00	CHH
7	29086695	29086979	164	5	97.04	CG
7	29086695	29086979	56	13	81.16	CHG
7	29086695	29086979	28	195	12.56	CHH
8	178569	180215	17	2081	0.81	CG
8	178569	180215	57	1418	3.86	CHG
8	178569	180215	22	5179	0.42	CHH
8	236935	237112	166	3	98.22	CG
8	236935	237112	308	21	93.62	CHG
8	236935	237112	64	969	6.20	CHH
8	451101	451275	6	366	1.61	CG
8	451101	451275	1	151	0.66	CHG
8	451101	451275	0	194	0.00	CHH
8	700792	701075	4	730	0.54	CG
8	700792	701075	7	528	1.31	CHG
8	700792	701075	3	1166	0.26	CHH
8	1029191	1029915	67	550	10.86	CG
8	1029191	1029915	16	341	4.48	CHG
8	1029191	1029915	175	1917	8.37	CHH
8	1151684	1151850	94	0	100.00	CG
8	1151684	1151850	150	54	73.53	CHG
8	1151684	1151850	21	895	2.29	CHH
8	1263064	1263825	20	1	95.24	CG
8	1263064	1263825	32	1	96.97	CHG
8	1263064	1263825	6	52	10.34	CHH
8	1315995	1316283	228	23	90.84	CG
8	1315995	1316283	107	218	32.92	CHG
8	1315995	1316283	19	1423	1.32	CHH
8	1392517	1392770	570	35	94.21	CG
8	1392517	1392770	60	210	22.22	CHG
8	1392517	1392770	8	1192	0.67	CHH
8	1864926	1865852	1145	29	97.53	CG
8	1864926	1865852	310	264	54.01	CHG
8	1864926	1865852	114	4502	2.47	CHH
8	1952801	1953130	50	250	16.67	CG
8	1952801	1953130	3	191	1.55	CHG
8	1952801	1953130	7	1541	0.45	CHH
8	2740500	2740929	476	13	97.34	CG
8	2740500	2740929	371	97	79.27	CHG
8	2740500	2740929	46	1809	2.48	CHH
8	2874093	2874334	242	1	99.59	CG
8	2874093	2874334	102	66	60.71	CHG
8	2874093	2874334	26	1110	2.29	CHH
8	3055231	3055410	8	465	1.69	CHG
8	3055231	3055410	5	1474	0.34	CHH
8	3463082	3465280	228	1168	16.33	CG
8	3463082	3465280	36	1824	1.94	CHG
8	3463082	3465280	74	7507	0.98	CHH
8	4272689	4273002	134	5	96.40	CG
8	4272689	4273002	185	27	87.26	CHG
8	4272689	4273002	38	1526	2.43	CHH
8	4312136	4312445	695	31	95.73	CG
8	4312136	4312445	242	312	43.68	CHG
8	4312136	4312445	34	2533	1.32	CHH
8	4545475	4545770	80	12	86.96	CG
8	4545475	4545770	6	348	1.69	CHG
8	4545475	4545770	3	1179	0.25	CHH
8	4853217	4853848	7	2109	0.33	CG
8	4853217	4853848	6	1080	0.55	CHG
8	4853217	4853848	3	2113	0.14	CHH
8	5467560	5467758	0	370	0.00	CG
8	5467560	5467758	0	288	0.00	CHG
8	5467560	5467758	6	1127	0.53	CHH
8	6450044	6451003	971	46	95.48	CG
8	6450044	6451003	639	180	78.02	CHG
8	6450044	6451003	107	3357	3.09	CHH
8	6675950	6676096	92	10	90.20	CG
8	6675950	6676096	14	35	28.57	CHG
8	6675950	6676096	7	205	3.30	CHH
8	6874782	6875032	239	18	93.00	CG
8	6874782	6875032	73	27	73.00	CHG
8	6874782	6875032	41	884	4.43	CHH
8	7337780	7340351	880	1272	40.89	CG
8	7337780	7340351	45	2893	1.53	CHG
8	7337780	7340351	110	10891	1.00	CHH
8	7485595	7487184	1388	72	95.07	CG
8	7485595	7487184	1201	476	71.62	CHG
8	7485595	7487184	163	5755	2.75	CHH
8	7660052	7660308	62	14	81.58	CG
8	7660052	7660308	6	102	5.56	CHG
8	7660052	7660308	7	842	0.82	CHH
8	8117875	8118747	230	5	97.87	CG
8	8117875	8118747	18	702	2.50	CHG
8	8117875	8118747	15	3058	0.49	CHH
8	8283116	8289954	4078	1540	72.59	CG
8	8283116	8289954	2351	5483	30.01	CHG
8	8283116	8289954	327	27665	1.17	CHH
8	8625179	8626724	1334	34	97.51	CG
8	8625179	8626724	1037	261	79.89	CHG
8	8625179	8626724	129	2389	5.12	CHH
8	10263592	10264820	437	7	98.42	CG
8	10263592	10264820	16	1248	1.27	CHG
8	10263592	10264820	50	4341	1.14	CHH
8	10859005	10859704	157	3	98.12	CG
8	10859005	10859704	263	33	88.85	CHG
8	10859005	10859704	53	2833	1.84	CHH
8	10992041	10993699	788	64	92.49	CG
8	10992041	10993699	316	431	42.30	CHG
8	10992041	10993699	81	4519	1.76	CHH
8	11166235	11167095	34	1	97.14	CG
8	11166235	11167095	140	27	83.83	CHG
8	11166235	11167095	17	607	2.72	CHH
8	12217241	12217417	1	0	100.00	CG
8	12217241	12217417	5	0	100.00	CHG
8	12217241	12217417	0	28	0.00	CHH
8	12220776	12220917	3	0	100.00	CG
8	12220776	12220917	3	0	100.00	CHG
8	12220776	12220917	2	26	7.14	CHH
8	12256460	12256704	1	264	0.38	CG
8	12256460	12256704	1	468	0.21	CHG
8	12256460	12256704	6	1548	0.39	CHH
8	12629860	12629996	44	0	100.00	CG
8	12629860	12629996	168	15	91.80	CHG
8	12629860	12629996	23	657	3.38	CHH
8	13407105	13408116	1147	169	87.16	CG
8	13407105	13408116	384	235	62.04	CHG
8	13407105	13408116	36	1685	2.09	CHH
8	13545344	13545711	224	17	92.95	CG
8	13545344	13545711	50	31	61.73	CHG
8	13545344	13545711	47	1351	3.36	CHH
8	13637622	13639004	1098	31	97.25	CG
8	13637622	13639004	904	225	80.07	CHG
8	13637622	13639004	116	3251	3.45	CHH
8	13894493	13894788	3	0	100.00	CG
8	13894493	13894788	0	1	0.00	CHG
8	13894493	13894788	0	7	0.00	CHH
8	13952461	13953924	704	363	65.98	CG
8	13952461	13953924	376	387	49.28	CHG
8	13952461	13953924	83	3848	2.11	CHH
8	14213510	14213752	5	162	2.99	CG
8	14213510	14213752	0	116	0.00	CHG
8	14213510	14213752	13	493	2.57	CHH
8	14298148	14298652	249	3	98.81	CG
8	14298148	14298652	312	56	84.78	CHG
8	14298148	14298652	33	1690	1.92	CHH
8	14597668	14597929	379	8	97.93	CG
8	14597668	14597929	223	46	82.90	CHG
8	14597668	14597929	16	586	2.66	CHH
8	14657412	14657652	15	0	100.00	CG
8	14657412	14657652	7	6	53.85	CHG
8	14657412	14657652	3	315	0.94	CHH
8	15580207	15580529	155	3	98.10	CG
8	15580207	15580529	221	26	89.47	CHG
8	15580207	15580529	54	1058	4.86	CHH
8	15967015	15970249	2375	139	94.47	CG
8	15967015	15970249	1586	878	64.37	CHG
8	15967015	15970249	213	12498	1.68	CHH
8	16012976	16013846	966	23	97.67	CG
8	16012976	16013846	541	118	82.09	CHG
8	16012976	16013846	190	2226	7.86	CHH
8	16216197	16216404	56	22	71.79	CG
8	16216197	16216404	0	452	0.00	CHH
8	16538923	16541131	728	78	90.32	CG
8	16538923	16541131	24	1684	1.41	CHG
8	16538923	16541131	61	7981	0.76	CHH
8	16974676	16975655	215	388	35.66	CG
8	16974676	16975655	94	423	18.18	CHG
8	16974676	16975655	93	2913	3.09	CHH
8	16994050	16994211	0	172	0.00	CG
8	16994050	16994211	0	140	0.00	CHG
8	16994050	16994211	4	632	0.63	CHH
8	17403203	17403300	170	5	97.14	CG
8	17403203	17403300	93	21	81.58	CHG
8	17403203	17403300	2	213	0.93	CHH
8	17719178	17719322	135	2	98.54	CG
8	17719178	17719322	40	40	50.00	CHG
8	17719178	17719322	17	609	2.72	CHH
8	18550794	18553306	1472	738	66.61	CG
8	18550794	18553306	482	1334	26.54	CHG
8	18550794	18553306	186	6034	2.99	CHH
8	20514928	20517189	1577	42	97.41	CG
8	20514928	20517189	538	332	61.84	CHG
8	20514928	20517189	505	12902	3.77	CHH
8	21734995	21740080	5220	140	97.39	CG
8	21734995	21740080	3031	618	83.06	CHG
8	21734995	21740080	725	11688	5.84	CHH
8	21758849	21759020	83	15	84.69	CG
8	21758849	21759020	1	303	0.33	CHG
8	21758849	21759020	4	1264	0.32	CHH
8	22561294	22561443	1	69	1.43	CG
8	22561294	22561443	2	66	2.94	CHG
8	22561294	22561443	4	311	1.27	CHH
8	22681154	22681244	92	1	98.92	CHG
8	22681154	22681244	13	399	3.16	CHH
8	22949183	22951590	393	731	34.96	CG
8	22949183	22951590	214	1538	12.21	CHG
8	22949183	22951590	344	6483	5.04	CHH
8	23384652	23384882	4	676	0.59	CG
8	23384652	23384882	2	357	0.56	CHG
8	23384652	23384882	4	765	0.52	CHH
8	23517672	23517817	44	4	91.67	CG
8	23517672	23517817	43	4	91.49	CHG
8	23517672	23517817	17	415	3.94	CHH
8	23675662	23675914	83	26	76.15	CG
8	23675662	23675914	6	35	14.63	CHG
8	23675662	23675914	34	225	13.13	CHH
8	24239866	24240191	76	5	93.83	CG
8	24239866	24240191	2	268	0.74	CHG
8	24239866	24240191	1	1110	0.09	CHH
8	24632914	24633182	25	24	51.02	CG
8	24632914	24633182	2	119	1.65	CHG
8	24632914	24633182	1	363	0.27	CHH
8	25281178	25281350	322	5	98.47	CG
8	25281178	25281350	40	23	63.49	CHG
8	25281178	25281350	79	828	8.71	CHH
8	25598370	25598449	13	123	9.56	CHH
8	25696600	25696771	2	407	0.49	CG
8	25696600	25696771	0	263	0.00	CHG
8	25696600	25696771	2	540	0.37	CHH
8	25733898	25741720	3322	3504	48.67	CG
8	25733898	25741720	1511	7838	16.16	CHG
8	25733898	25741720	489	30812	1.56	CHH
8	26671848	26672550	323	10	97.00	CG
8	26671848	26672550	142	25	85.03	CHG
8	26671848	26672550	46	1066	4.14	CHH
8	26851572	26851796	1	383	0.26	CG
8	26851572	26851796	1	200	0.50	CHG
8	26851572	26851796	4	941	0.42	CHH
8	27327904	27330518	309	6172	4.77	CG
8	27327904	27330518	129	3749	3.33	CHG
8	27327904	27330518	49	8338	0.58	CHH
9	899505	900078	495	16	96.87	CG
9	899505	900078	129	68	65.48	CHG
9	899505	900078	108	1797	5.67	CHH
9	1708905	1710116	2048	78	96.33	CG
9	1708905	1710116	1205	380	76.03	CHG
9	1708905	1710116	106	4240	2.44	CHH
9	2262231	2262612	366	10	97.34	CG
9	2262231	2262612	483	86	84.89	CHG
9	2262231	2262612	58	1575	3.55	CHH
9	2463009	2464211	1096	38	96.65	CG
9	2463009	2464211	764	201	79.17	CHG
9	2463009	2464211	134	4146	3.13	CHH
9	2545349	2545704	375	7	98.17	CG
9	2545349	2545704	408	57	87.74	CHG
9	2545349	2545704	47	1248	3.63	CHH
9	2775400	2775730	2299	97	95.95	CG
9	2775400	2775730	416	226	64.80	CHG
9	2775400	2775730	219	4928	4.25	CHH
9	2854868	2855786	1719	72	95.98	CG
9	2854868	2855786	219	173	55.87	CHG
9	2854868	2855786	153	3533	4.15	CHH
9	2911646	2912272	474	12	97.53	CG
9	2911646	2912272	632	89	87.66	CHG
9	2911646	2912272	82	2101	3.76	CHH
9	3112245	3115702	4221	117	97.30	CG
9	3112245	3115702	1912	468	80.34	CHG
9	3112245	3115702	486	7681	5.95	CHH
9	3214717	3216020	352	127	73.49	CG
9	3214717	3216020	76	327	18.86	CHG
9	3214717	3216020	33	3308	0.99	CHH
9	3330884	3331520	104	1	99.05	CG
9	3330884	3331520	194	45	81.17	CHG
9	3330884	3331520	11	1115	0.98	CHH
9	4522204	4522362	68	0	100.00	CG
9	4522204	4522362	30	7	81.08	CHG
9	4522204	4522362	7	115	5.74	CHH
9	4739227	4745466	1422	1118	55.98	CG
9	4739227	4745466	289	1936	12.99	CHG
9	4739227	4745466	295	10607	2.71	CHH
9	6140177	6140335	30	0	100.00	CG
9	6140177	6140335	30	5	85.71	CHG
9	6140177	6140335	2	156	1.27	CHH
9	6631347	6632182	55	110	33.33	CG
9	6631347	6632182	162	650	19.95	CHG
9	6631347	6632182	14	3108	0.45	CHH
9	7230219	7230464	229	7	97.03	CG
9	7230219	7230464	57	49	53.77	CHG
9	7230219	7230464	6	329	1.79	CHH
9	7430897	7432040	85	110	43.59	CG
9	7430897	7432040	2	129	1.53	CHG
9	7430897	7432040	11	1492	0.73	CHH
9	8393668	8393832	220	5	97.78	CG
9	8393668	8393832	82	25	76.64	CHG
9	8393668	8393832	31	255	10.84	CHH
9	9923428	9925180	181	235	43.51	CG
9	9923428	9925180	23	559	3.95	CHG
9	9923428	9925180	52	4742	1.08	CHH
9	10766786	10767301	217	41	84.11	CG
9	10766786	10767301	4	751	0.53	CHG
9	10766786	10767301	9	2507	0.36	CHH
9	12030840	12031218	4	983	0.41	CG
9	12030840	12031218	2	668	0.30	CHG
9	12030840	12031218	8	1183	0.67	CHH
9	12595903	12596851	5	522	0.95	CG
9	12595903	12596851	6	1000	0.60	CHG
9	12595903	12596851	19	3220	0.59	CHH
9	13404977	13406112	582	19	96.84	CG
9	13404977	13406112	204	48	80.95	CHG
9	13404977	13406112	53	1531	3.35	CHH
9	16489222	16490713	543	639	45.94	CG
9	16489222	16490713	25	1101	2.22	CHG
9	16489222	16490713	17	3900	0.43	CHH
9	16577282	16577396	56	7	88.89	CG
9	16577282	16577396	10	22	31.25	CHG
9	16577282	16577396	59	409	12.61	CHH
9	17604144	17604323	113	2	98.26	CG
9	17604144	17604323	0	172	0.00	CHG
9	17604144	17604323	3	794	0.38	CHH
9	19383868	19383934	0	61	0.00	CHG
9	19383868	19383934	0	232	0.00	CHH
9	19469244	19469889	38	309	10.95	CG
9	19469244	19469889	17	813	2.05	CHG
9	19469244	19469889	297	1718	14.74	CHH
9	19529704	19533249	1457	2718	34.90	CG
9	19529704	19533249	741	1713	30.20	CHG
9	19529704	19533249	261	11283	2.26	CHH
9	20512179	20515947	1409	2038	40.88	CG
9	20512179	20515947	795	3904	16.92	CHG
9	20512179	20515947	359	18179	1.94	CHH
9	20811988	20812086	2	378	0.53	CG
9	20811988	20812086	0	58	0.00	CHG
9	20811988	20812086	1	395	0.25	CHH
9	21917576	21917684	3	246	1.20	CG
9	21917576	21917684	2	212	0.93	CHG
9	21917576	21917684	2	315	0.63	CHH
9	22507907	22508014	0	127	0.00	CHG
9	22507907	22508014	4	416	0.95	CHH
9	22587586	22587797	190	2	98.96	CG
9	22587586	22587797	73	29	71.57	CHG
9	22587586	22587797	24	303	7.34	CHH
10	76063	76767	638	24	96.37	CG
10	76063	76767	163	610	21.09	CHG
10	76063	76767	28	2698	1.03	CHH
10	1070598	1072595	541	3325	13.99	CG
10	1070598	1072595	288	2118	11.97	CHG
10	1070598	1072595	161	8294	1.90	CHH
10	1391746	1391999	463	8	98.30	CG
10	1391746	1391999	93	134	40.97	CHG
10	1391746	1391999	9	414	2.13	CHH
10	1614261	1614403	1	42	2.33	CG
10	1614261	1614403	1	316	0.32	CHG
10	1614261	1614403	7	1081	0.64	CHH
10	1803629	1804504	457	51	89.96	CG
10	1803629	1804504	388	263	59.60	CHG
10	1803629	1804504	153	3122	4.67	CHH
10	1803768	1804170	412	21	95.15	CG
10	1803768	1804170	205	80	71.93	CHG
10	1803768	1804170	73	1200	5.73	CHH
10	1840873	1840994	0	88	0.00	CG
10	1840873	1840994	1	52	1.89	CHG
10	1840873	1840994	1	258	0.39	CHH
10	2764274	2764493	0	215	0.00	CG
10	2764274	2764493	0	554	0.00	CHG
10	2764274	2764493	4	1100	0.36	CHH
10	3411205	3411730	200	8	96.15	CG
10	3411205	3411730	5	697	0.71	CHG
10	3411205	3411730	10	2319	0.43	CHH
10	3555583	3556236	494	14	97.24	CG
10	3555583	3556236	121	42	74.23	CHG
10	3555583	3556236	50	602	7.67	CHH
10	4747418	4747782	2	54	3.57	CG
10	4747418	4747782	24	320	6.98	CHG
10	4747418	4747782	3	1216	0.25	CHH
10	6032495	6032662	91	6	93.81	CG
10	6032495	6032662	242	26	90.30	CHG
10	6032495	6032662	50	858	5.51	CHH
10	6484932	6485158	60	200	23.08	CG
10	6484932	6485158	0	132	0.00	CHG
10	6484932	6485158	3	661	0.45	CHH
10	6965382	6965620	173	10	94.54	CG
10	6965382	6965620	34	30	53.12	CHG
10	6965382	6965620	4	93	4.12	CHH
10	7289884	7290427	394	9	97.77	CG
10	7289884	7290427	186	35	84.16	CHG
10	7289884	7290427	45	846	5.05	CHH
10	8713513	8713687	69	2	97.18	CG
10	8713513	8713687	90	14	86.54	CHG
10	8713513	8713687	11	339	3.14	CHH
10	8784304	8784496	94	4	95.92	CG
10	8784304	8784496	21	27	43.75	CHG
10	8784304	8784496	3	516	0.58	CHH
10	9339792	9339997	52	3	94.55	CG
10	9339792	9339997	4	4	50.00	CHG
10	9339792	9339997	47	248	15.93	CHH
10	9455216	9455761	397	9	97.78	CG
10	9455216	9455761	302	48	86.29	CHG
10	9455216	9455761	54	1638	3.19	CHH
10	10070366	10073354	1927	54	97.27	CG
10	10070366	10073354	1237	289	81.06	CHG
10	10070366	10073354	275	4620	5.62	CHH
10	10893887	10894383	208	577	26.50	CG
10	10893887	10894383	307	822	27.19	CHG
10	10893887	10894383	103	6371	1.59	CHH
10	10994069	10994203	111	7	94.07	CG
10	10994069	10994203	2	193	1.03	CHG
10	10994069	10994203	6	605	0.98	CHH
10	11956236	11956518	90	0	100.00	CG
10	11956236	11956518	28	34	45.16	CHG
10	11956236	11956518	22	333	6.20	CHH
10	11967788	11968023	15	0	100.00	CG
10	11967788	11968023	19	1	95.00	CHG
10	11967788	11968023	57	592	8.78	CHH
10	12041078	12041429	7	37	15.91	CG
10	12041078	12041429	6	189	3.08	CHG
10	12041078	12041429	10	790	1.25	CHH
10	12398331	12398410	33	7	82.50	CHG
10	12398331	12398410	17	239	6.64	CHH
10	12783731	12784747	289	2155	11.82	CG
10	12783731	12784747	67	1307	4.88	CHG
10	12783731	12784747	62	3342	1.82	CHH
10	13030461	13031711	173	1632	9.58	CG
10	13030461	13031711	85	1204	6.59	CHG
10	13030461	13031711	111	3706	2.91	CHH
10	13134013	13134625	172	58	74.78	CG
10	13134013	13134625	18	84	17.65	CHG
10	13134013	13134625	21	1490	1.39	CHH
10	14312781	14312940	133	5	96.38	CG
10	14312781	14312940	46	12	79.31	CHG
10	14312781	14312940	17	343	4.72	CHH
10	14415032	14415475	1	290	0.34	CG
10	14415032	14415475	3	227	1.30	CHG
10	14415032	14415475	3	709	0.42	CHH
10	14939572	14939779	4	435	0.91	CG
10	14939572	14939779	0	277	0.00	CHG
10	14939572	14939779	11	1435	0.76	CHH
10	15358024	15358297	49	16	75.38	CHG
10	15358024	15358297	59	1341	4.21	CHH
10	15388115	15388379	52	2	96.30	CG
10	15388115	15388379	53	217	19.63	CHG
10	15388115	15388379	10	968	1.02	CHH
10	15623066	15624262	13	2113	0.61	CG
10	15623066	15624262	13	2284	0.57	CHG
10	15623066	15624262	28	5204	0.54	CHH
10	16649407	16649853	6	1184	0.50	CG
10	16649407	16649853	7	1099	0.63	CHG
10	16649407	16649853	10	2465	0.40	CHH
10	17917117	17917361	0	222	0.00	CG
10	17917117	17917361	2	384	0.52	CHG
10	17917117	17917361	6	1058	0.56	CHH
10	18118300	18118455	144	15	90.57	CG
10	18118300	18118455	73	49	59.84	CHG
10	18118300	18118455	49	829	5.58	CHH
10	18249061	18249336	392	17	95.84	CG
10	18249061	18249336	58	169	25.55	CHG
10	18249061	18249336	2	888	0.22	CHH
10	18629501	18629720	0	101	0.00	CG
10	18629501	18629720	1	102	0.97	CHG
10	18629501	18629720	4	921	0.43	CHH
10	18709862	18710680	88	1450	5.72	CG
10	18709862	18710680	12	1377	0.86	CHG
10	18709862	18710680	15	3013	0.50	CHH
10	19071669	19072430	17	1504	1.12	CG
10	19071669	19072430	5	1925	0.26	CHG
10	19071669	19072430	8	3459	0.23	CHH
10	19727438	19727659	26	11	70.27	CG
10	19727438	19727659	15	42	26.32	CHG
10	19727438	19727659	27	594	4.35	CHH
10	20621568	20621746	81	5	94.19	CG
10	20621568	20621746	67	33	67.00	CHG
10	20621568	20621746	5	171	2.84	CHH
10	20684185	20684453	117	2	98.32	CG
10	20684185	20684453	7	511	1.35	CHG
10	20684185	20684453	8	1451	0.55	CHH
10	20758072	20758229	27	1	96.43	CG
10	20758072	20758229	1	214	0.47	CHG
10	20758072	20758229	5	615	0.81	CHH
10	20876029	20876473	41	231	15.07	CG
10	20876029	20876473	14	371	3.64	CHG
10	20876029	20876473	3	1314	0.23	CHH
10	21433314	21437604	995	2025	32.95	CG
10	21433314	21437604	71	3220	2.16	CHG
10	21433314	21437604	72	13603	0.53	CHH
10	21560604	21561484	178	178	50.00	CG
10	21560604	21561484	10	1775	0.56	CHG
10	21560604	21561484	22	5669	0.39	CHH
10	22597491	22597660	4	383	1.03	CG
10	22597491	22597660	1	246	0.40	CHG
10	22597491	22597660	2	487	0.41	CHH
10	22692035	22692362	87	82	51.48	CG
10	22692035	22692362	4	465	0.85	CHG
10	22692035	22692362	7	1825	0.38	CHH
10	22860787	22861438	1	633	0.16	CG
10	22860787	22861438	5	795	0.62	CHG
10	22860787	22861438	12	2318	0.52	CHH
11	505296	505455	308	5	98.40	CG
11	505296	505455	247	37	86.97	CHG
11	505296	505455	13	708	1.80	CHH
11	797708	798586	73	89	45.06	CG
11	797708	798586	30	272	9.93	CHG
11	797708	798586	18	2240	0.80	CHH
11	1050852	1052789	84	2605	3.12	CG
11	1050852	1052789	23	2979	0.77	CHG
11	1050852	1052789	42	7107	0.59	CHH
11	1432574	1432751	1	330	0.30	CG
11	1432574	1432751	0	178	0.00	CHG
11	1432574	1432751	6	761	0.78	CHH
11	1858041	1858566	214	3	98.62	CG
11	1858041	1858566	255	54	82.52	CHG
11	1858041	1858566	51	1000	4.85	CHH
11	2504811	2504939	1	346	0.29	CG
11	2504811	2504939	2	369	0.54	CHG
11	2504811	2504939	2	1083	0.18	CHH
11	2669596	2669853	7	701	0.99	CG
11	2669596	2669853	1	133	0.75	CHG
11	2669596	2669853	3	946	0.32	CHH
11	2802873	2804621	345	384	47.33	CG
11	2802873	2804621	405	628	39.21	CHG
11	2802873	2804621	103	3617	2.77	CHH
11	3466044	3470402	1353	1109	54.96	CG
11	3466044	3470402	988	1697	36.80	CHG
11	3466044	3470402	258	10879	2.32	CHH
11	3810954	3811089	61	4	93.85	CG
11	3810954	3811089	2	161	1.23	CHG
11	3810954	3811089	1	406	0.25	CHH
11	4224826	4225123	35	0	100.00	CG
11	4224826	4225123	3	266	1.12	CHG
11	4224826	4225123	2	1240	0.16	CHH
11	4595255	4598721	817	3050	21.13	CG
11	4595255	4598721	360	1615	18.23	CHG
11	4595255	4598721	121	7169	1.66	CHH
11	6038088	6038424	7	1884	0.37	CG
11	6038088	6038424	7	968	0.72	CHG
11	6038088	6038424	2	1289	0.15	CHH
11	6091835	6093414	970	472	67.27	CG
11	6091835	6093414	402	479	45.63	CHG
11	6091835	6093414	221	4296	4.89	CHH
11	7821028	7821214	1	311	0.32	CG
11	7821028	7821214	1	381	0.26	CHG
11	7821028	7821214	4	786	0.51	CHH
11	9435946	9436636	351	19	94.86	CG
11	9435946	9436636	235	102	69.73	CHG
11	9435946	9436636	47	1665	2.75	CHH
11	9479627	9479991	4	893	0.45	CG
11	9479627	9479991	4	860	0.46	CHG
11	9479627	9479991	13	2026	0.64	CHH
11	9728388	9728616	23	1	95.83	CG
11	9728388	9728616	2	34	5.56	CHG
11	9728388	9728616	2	283	0.70	CHH
11	9810706	9815080	2538	629	80.14	CG
11	9810706	9815080	1536	1460	51.27	CHG
11	9810706	9815080	296	11704	2.47	CHH
11	9969448	9969633	35	71	33.02	CG
11	9969448	9969633	12	84	12.50	CHG
11	9969448	9969633	9	682	1.30	CHH
11	10499987	10500272	130	6	95.59	CG
11	10499987	10500272	154	28	84.62	CHG
11	10499987	10500272	48	1362	3.40	CHH
11	10502651	10503109	273	12	95.79	CG
11	10502651	10503109	532	36	93.66	CHG
11	10502651	10503109	92	1838	4.77	CHH
11	11632517	11632735	120	1	99.17	CG
11	11632517	11632735	43	25	63.24	CHG
11	11632517	11632735	29	197	12.83	CHH
11	12791330	12791451	85	3	96.59	CG
11	12791330	12791451	49	10	83.05	CHG
11	12791330	12791451	8	176	4.35	CHH
11	13907112	13907730	586	26	95.75	CG
11	13907112	13907730	706	86	89.14	CHG
11	13907112	13907730	119	2425	4.68	CHH
11	14199127	14199230	109	5	95.61	CG
11	14199127	14199230	76	18	80.85	CHG
11	14199127	14199230	10	179	5.29	CHH
11	14246634	14246765	114	1	99.13	CG
11	14246634	14246765	84	10	89.36	CHG
11	14246634	14246765	18	661	2.65	CHH
11	14953985	14954432	109	4	96.46	CG
11	14953985	14954432	41	19	68.33	CHG
11	14953985	14954432	27	535	4.80	CHH
11	15162648	15162882	60	1	98.36	CG
11	15162648	15162882	279	42	86.92	CHG
11	15162648	15162882	63	1412	4.27	CHH
11	15516587	15517994	676	1620	29.44	CG
11	15516587	15517994	109	1236	8.10	CHG
11	15516587	15517994	80	5327	1.48	CHH
11	15595496	15598031	2641	646	80.35	CG
11	15595496	15598031	1342	1349	49.87	CHG
11	15595496	15598031	289	12693	2.23	CHH
11	15629573	15629919	189	2	98.95	CG
11	15629573	15629919	315	33	90.52	CHG
11	15629573	15629919	31	1638	1.86	CHH
11	15784095	15784518	10	1125	0.88	CG
11	15784095	15784518	11	739	1.47	CHG
11	15784095	15784518	37	1723	2.10	CHH
11	16587225	16588700	328	439	42.76	CG
11	16587225	16588700	149	390	27.64	CHG
11	16587225	16588700	28	2843	0.98	CHH
11	16590106	16591882	1726	42	97.62	CG
11	16590106	16591882	2459	239	91.14	CHG
11	16590106	16591882	222	6904	3.12	CHH
11	17024541	17024749	60	42	58.82	CG
11	17024541	17024749	62	48	56.36	CHG
11	17024541	17024749	23	527	4.18	CHH
11	17437801	17439859	344	2077	14.21	CG
11	17437801	17439859	22	2126	1.02	CHG
11	17437801	17439859	35	9261	0.38	CHH
11	17734944	17735193	4	1106	0.36	CG
11	17734944	17735193	0	563	0.00	CHG
11	17734944	17735193	2	763	0.26	CHH
11	17903585	17906300	2415	378	86.47	CG
11	17903585	17906300	1809	540	77.01	CHG
11	17903585	17906300	394	8390	4.49	CHH
11	17974571	17974900	16	386	3.98	CG
11	17974571	17974900	6	472	1.26	CHG
11	17974571	17974900	22	1478	1.47	CHH
11	18221483	18221608	90	1	98.90	CG
11	18221483	18221608	134	20	87.01	CHG
11	18221483	18221608	4	275	1.43	CHH
11	18325064	18325191	0	34	0.00	CG
11	18325064	18325191	1	80	1.23	CHG
11	18325064	18325191	2	424	0.47	CHH
11	18373844	18373989	0	32	0.00	CG
11	18373844	18373989	1	115	0.86	CHG
11	18373844	18373989	2	655	0.30	CHH
11	18718793	18720377	1066	419	71.78	CG
11	18718793	18720377	126	1281	8.96	CHG
11	18718793	18720377	34	5937	0.57	CHH
11	18909482	18909881	9	551	1.61	CG
11	18909482	18909881	17	476	3.45	CHG
11	18909482	18909881	19	968	1.93	CHH
11	19311606	19314032	1638	253	86.62	CG
11	19311606	19314032	1149	1046	52.35	CHG
11	19311606	19314032	214	7074	2.94	CHH
11	20219224	20220414	846	26	97.02	CG
11	20219224	20220414	1153	98	92.17	CHG
11	20219224	20220414	152	4951	2.98	CHH
11	20319451	20320865	841	56	93.76	CG
11	20319451	20320865	641	398	61.69	CHG
11	20319451	20320865	196	4945	3.81	CHH
11	20346784	20346867	0	22	0.00	CG
11	20346784	20346867	0	40	0.00	CHG
11	20346784	20346867	0	244	0.00	CHH
11	20686170	20686465	9	57	13.64	CG
11	20686170	20686465	0	82	0.00	CHG
11	20686170	20686465	4	807	0.49	CHH
11	20872306	20872476	307	10	96.85	CG
11	20872306	20872476	99	99	50.00	CHG
11	20872306	20872476	3	314	0.95	CHH
11	20903615	20904114	247	82	75.08	CG
11	20903615	20904114	7	767	0.90	CHG
11	20903615	20904114	9	2822	0.32	CHH
11	21540161	21540670	308	7	97.78	CG
11	21540161	21540670	114	119	48.93	CHG
11	21540161	21540670	24	1754	1.35	CHH
11	22251376	22252471	141	305	31.61	CG
11	22251376	22252471	52	743	6.54	CHG
11	22251376	22252471	31	4279	0.72	CHH
11	22442650	22442893	176	23	88.44	CG
11	22442650	22442893	44	7	86.27	CHG
11	22442650	22442893	58	1406	3.96	CHH
11	22611185	22611456	0	183	0.00	CG
11	22611185	22611456	5	275	1.79	CHG
11	22611185	22611456	4	1762	0.23	CHH
11	22898553	22899482	128	337	27.53	CG
11	22898553	22899482	46	438	9.50	CHG
11	22898553	22899482	40	1991	1.97	CHH
11	23917291	23918354	284	101	73.77	CG
11	23917291	23918354	101	161	38.55	CHG
11	23917291	23918354	17	2149	0.78	CHH
11	23924021	23924111	0	57	0.00	CG
11	23924021	23924111	0	158	0.00	CHG
11	23924021	23924111	1	348	0.29	CHH
11	24143197	24143872	406	13	96.90	CG
11	24143197	24143872	237	37	86.50	CHG
11	24143197	24143872	41	953	4.12	CHH
11	24518104	24518669	256	5	98.08	CG
11	24518104	24518669	237	31	88.43	CHG
11	24518104	24518669	13	823	1.56	CHH
11	25340157	25340679	124	5	96.12	CG
11	25340157	25340679	30	77	28.04	CHG
11	25340157	25340679	8	1436	0.55	CHH
11	25356991	25357939	289	71	80.28	CG
11	25356991	25357939	224	373	37.52	CHG
11	25356991	25357939	26	3441	0.75	CHH
11	25450636	25450896	64	2	96.97	CG
11	25450636	25450896	18	19	48.65	CHG
11	25450636	25450896	0	29	0.00	CHH
11	26018351	26019667	1314	52	96.19	CG
11	26018351	26019667	1051	243	81.22	CHG
11	26018351	26019667	188	3948	4.55	CHH
11	26557615	26559410	713	124	85.19	CG
11	26557615	26559410	11	1293	0.84	CHG
11	26557615	26559410	46	6367	0.72	CHH
11	26733617	26733799	137	6	95.80	CG
11	26733617	26733799	105	25	80.77	CHG
11	26733617	26733799	7	450	1.53	CHH
11	26897318	26898575	1297	83	93.99	CG
11	26897318	26898575	361	573	38.65	CHG
11	26897318	26898575	49	2911	1.66	CHH
11	27142723	27144368	511	709	41.89	CG
11	27142723	27144368	252	917	21.56	CHG
11	27142723	27144368	173	3935	4.21	CHH
11	27188061	27188431	174	8	95.60	CG
11	27188061	27188431	76	25	75.25	CHG
11	27188061	27188431	70	1682	4.00	CHH
11	27296398	27296914	163	404	28.75	CG
11	27296398	27296914	26	178	12.75	CHG
11	27296398	27296914	185	1081	14.61	CHH
11	27621315	27621467	1	0	100.00	CG
11	27621315	27621467	2	2	50.00	CHG
11	27621315	27621467	1	34	2.86	CHH
11	28581984	28582206	0	33	0.00	CHG
11	28581984	28582206	3	911	0.33	CHH
12	1158418	1158578	17	358	4.53	CG
12	1158418	1158578	1	137	0.72	CHG
12	1158418	1158578	23	911	2.46	CHH
12	1177184	1177765	2	165	1.20	CG
12	1177184	1177765	5	500	0.99	CHG
12	1177184	1177765	9	2542	0.35	CHH
12	1270256	1270750	82	97	45.81	CG
12	1270256	1270750	7	767	0.90	CHG
12	1270256	1270750	9	1625	0.55	CHH
12	2005465	2005735	187	5	97.40	CG
12	2005465	2005735	34	30	53.12	CHG
12	2005465	2005735	17	186	8.37	CHH
12	2376872	2377309	98	152	39.20	CG
12	2376872	2377309	2	257	0.77	CHG
12	2376872	2377309	7	1342	0.52	CHH
12	3807299	3807471	0	71	0.00	CG
12	3807299	3807471	0	268	0.00	CHG
12	3807299	3807471	4	891	0.45	CHH
12	3811143	3811601	182	70	72.22	CG
12	3811143	3811601	22	170	11.46	CHG
12	3811143	3811601	30	1241	2.36	CHH
12	4083553	4083794	82	94	46.59	CG
12	4083553	4083794	2	554	0.36	CHG
12	4083553	4083794	5	1203	0.41	CHH
12	5174512	5176042	1345	845	61.42	CG
12	5174512	5176042	471	741	38.86	CHG
12	5174512	5176042	116	3921	2.87	CHH
12	5728433	5728876	421	9	97.91	CG
12	5728433	5728876	327	40	89.10	CHG
12	5728433	5728876	65	682	8.70	CHH
12	6323100	6323289	6	83	6.74	CG
12	6323100	6323289	2	103	1.90	CHG
12	6323100	6323289	3	463	0.64	CHH
12	6480645	6481828	1519	39	97.50	CG
12	6480645	6481828	902	142	86.40	CHG
12	6480645	6481828	141	3498	3.87	CHH
12	6550600	6551475	429	11	97.50	CG
12	6550600	6551475	271	78	77.65	CHG
12	6550600	6551475	34	1430	2.32	CHH
12	7855054	7855393	199	4	98.03	CG
12	7855054	7855393	204	46	81.60	CHG
12	7855054	7855393	48	913	4.99	CHH
12	8497520	8497653	4	525	0.76	CG
12	8497520	8497653	1	220	0.45	CHG
12	8497520	8497653	3	361	0.82	CHH
12	8555821	8555983	228	7	97.02	CG
12	8555821	8555983	122	64	65.59	CHG
12	8555821	8555983	10	609	1.62	CHH
12	8733248	8733675	6	0	100.00	CHG
12	8733248	8733675	3	97	3.00	CHH
12	8783105	8783207	39	0	100.00	CG
12	8783105	8783207	2	13	13.33	CHG
12	8783105	8783207	2	218	0.91	CHH
12	8846726	8847029	29	144	16.76	CG
12	8846726	8847029	0	74	0.00	CHG
12	8846726	8847029	1	906	0.11	CHH
12	9326878	9327074	86	2	97.73	CG
12	9326878	9327074	56	20	73.68	CHG
12	9326878	9327074	22	319	6.45	CHH
12	9368388	9368605	65	17	79.27	CG
12	9368388	9368605	15	42	26.32	CHG
12	9368388	9368605	13	617	2.06	CHH
12	11421434	11422871	318	10	96.95	CG
12	11421434	11422871	15	1710	0.87	CHG
12	11421434	11422871	22	6047	0.36	CHH
12	11519644	11519807	88	4	95.65	CG
12	11519644	11519807	73	18	80.22	CHG
12	11519644	11519807	15	597	2.45	CHH
12	12193685	12193957	382	7	98.20	CG
12	12193685	12193957	270	46	85.44	CHG
12	12193685	12193957	106	1240	7.88	CHH
12	12596401	12596694	93	7	93.00	CG
12	12596401	12596694	122	54	69.32	CHG
12	12596401	12596694	32	905	3.42	CHH
12	12742760	12743615	879	53	94.31	CG
12	12742760	12743615	581	139	80.69	CHG
12	12742760	12743615	158	2805	5.33	CHH
12	13187459	13188652	286	818	25.91	CG
12	13187459	13188652	12	913	1.30	CHG
12	13187459	13188652	15	2792	0.53	CHH
12	14284341	14284547	2	161	1.23	CG
12	14284341	14284547	4	44	8.33	CHG
12	14284341	14284547	3	525	0.57	CHH
12	14803452	14803625	73	4	94.81	CG
12	14803452	14803625	165	21	88.71	CHG
12	14803452	14803625	18	1000	1.77	CHH
12	15067951	15069074	1021	33	96.87	CG
12	15067951	15069074	870	148	85.46	CHG
12	15067951	15069074	110	3876	2.76	CHH
12	15348530	15353993	3612	198	94.80	CG
12	15348530	15353993	4322	737	85.43	CHG
12	15348530	15353993	729	23064	3.06	CHH
12	16142723	16142824	127	4	96.95	CG
12	16142723	16142824	75	25	75.00	CHG
12	16142723	16142824	8	327	2.39	CHH
12	16276461	16276731	126	1	99.21	CG
12	16276461	16276731	50	73	40.65	CHG
12	16276461	16276731	2	243	0.82	CHH
12	16529727	16530963	1278	66	95.09	CG
12	16529727	16530963	507	362	58.34	CHG
12	16529727	16530963	60	3748	1.58	CHH
12	17830991	17831311	16	25	39.02	CG
12	17830991	17831311	1	363	0.27	CHG
12	17830991	17831311	4	1082	0.37	CHH
12	18708202	18708465	55	28	66.27	CG
12	18708202	18708465	1	221	0.45	CHG
12	18708202	18708465	4	1064	0.37	CHH
12	18864903	18867127	1284	278	82.20	CG
12	18864903	18867127	696	450	60.73	CHG
12	18864903	18867127	351	5275	6.24	CHH
12	19240695	19241251	140	1	99.29	CG
12	19240695	19241251	91	136	40.09	CHG
12	19240695	19241251	14	2672	0.52	CHH
12	20271167	20271395	169	5	97.13	CG
12	20271167	20271395	202	28	87.83	CHG
12	20271167	20271395	32	1283	2.43	CHH
12	21012743	21013159	105	152	40.86	CG
12	21012743	21013159	18	529	3.29	CHG
12	21012743	21013159	12	1407	0.85	CHH
12	21325595	21326775	629	91	87.36	CG
12	21325595	21326775	18	2367	0.75	CHG
12	21325595	21326775	44	6564	0.67	CHH
12	21498142	21500190	966	132	87.98	CG
12	21498142	21500190	56	2399	2.28	CHG
12	21498142	21500190	48	8798	0.54	CHH
12	21799965	21804009	707	3220	18.00	CG
12	21799965	21804009	46	5274	0.86	CHG
12	21799965	21804009	159	17412	0.90	CHH
12	22237684	22237932	3	389	0.77	CG
12	22237684	22237932	0	321	0.00	CHG
12	22237684	22237932	1	463	0.22	CHH
12	22424783	22424873	32	1	96.97	CG
12	22424783	22424873	1	212	0.47	CHG
12	22424783	22424873	3	344	0.86	CHH
12	22599880	22601854	302	2297	11.62	CG
12	22599880	22601854	13	2488	0.52	CHG
12	22599880	22601854	45	7879	0.57	CHH
12	22827958	22829855	500	289	63.37	CG
12	22827958	22829855	984	366	72.89	CHG
12	22827958	22829855	240	4568	4.99	CHH
12	22914184	22914456	107	4	96.40	CG
12	22914184	22914456	154	11	93.33	CHG
12	22914184	22914456	17	637	2.60	CHH
12	23044811	23045065	0	100	0.00	CG
12	23044811	23045065	1	413	0.24	CHG
12	23044811	23045065	6	1236	0.48	CHH
12	24286289	24286454	99	7	93.40	CG
12	24286289	24286454	2	67	2.90	CHG
12	24286289	24286454	14	1001	1.38	CHH
12	24305556	24308650	1586	179	89.86	CG
12	24305556	24308650	327	3206	9.26	CHG
12	24305556	24308650	96	13335	0.71	CHH
12	24482972	24483119	0	92	0.00	CG
12	24482972	24483119	3	194	1.52	CHG
12	24482972	24483119	6	627	0.95	CHH
12	25415184	25415420	141	64	68.78	CG
12	25415184	25415420	12	104	10.34	CHG
12	25415184	25415420	13	703	1.82	CHH
12	26429400	26431294	12	2676	0.45	CG
12	26429400	26431294	8	2168	0.37	CHG
12	26429400	26431294	26	5535	0.47	CHH
12	26619179	26619379	21	0	100.00	CG
12	26619179	26619379	1	145	0.68	CHG
12	26619179	26619379	8	767	1.03	CHH
12	26739873	26743547	2687	76	97.25	CG
12	26739873	26743547	2651	451	85.46	CHG
12	26739873	26743547	554	12809	4.15	CHH
12	26756376	26756465	50	0	100.00	CG
12	26756376	26756465	11	11	50.00	CHG
12	26756376	26756465	1	150	0.66	CHH
