1	301401	301650	93	3	96.88	CG
1	301401	301650	2	55	3.51	CHG
1	301401	301650	24	954	2.45	CHH
1	751422	751630	218	30	87.90	CG
1	751422	751630	0	53	0.00	CHG
1	751422	751630	48	1097	4.19	CHH
1	831964	832562	471	10	97.92	CG
1	831964	832562	401	66	85.87	CHG
1	831964	832562	102	1466	6.51	CHH
1	1349307	1349537	1	8	11.11	CHG
1	1349307	1349537	4	462	0.86	CHH
1	1377440	1378052	80	12	86.96	CG
1	1377440	1378052	51	54	48.57	CHG
1	1377440	1378052	17	1835	0.92	CHH
1	1788440	1788928	145	47	75.52	CG
1	1788440	1788928	0	24	0.00	CHG
1	1788440	1788928	12	1481	0.80	CHH
1	1789091	1789350	21	31	40.38	CG
1	1789091	1789350	8	62	11.43	CHG
1	1789091	1789350	7	1250	0.56	CHH
1	2238174	2238281	27	4	87.10	CG
1	2238174	2238281	5	30	14.29	CHG
1	2238174	2238281	11	742	1.46	CHH
1	2260684	2260758	6	197	2.96	CHH
1	4981767	4981906	10	299	3.24	CHH
1	7687746	7687909	18	6	75.00	CG
1	7687746	7687909	0	7	0.00	CHG
1	7687746	7687909	3	413	0.72	CHH
1	8431744	8431928	15	0	100.00	CG
1	8431744	8431928	10	432	2.26	CHH
1	9585903	9586147	6	90	6.25	CHG
1	9585903	9586147	6	919	0.65	CHH
1	9767360	9767454	26	1	96.30	CG
1	9767360	9767454	30	1	96.77	CHG
1	9767360	9767454	14	445	3.05	CHH
1	10432345	10432562	133	873	13.22	CG
1	10432345	10432562	1	500	0.20	CHG
1	10432345	10432562	1	875	0.11	CHH
1	10834154	10834494	1	23	4.17	CHG
1	10834154	10834494	7	940	0.74	CHH
1	10926897	10927718	1042	220	82.57	CG
1	10926897	10927718	483	864	35.86	CHG
1	10926897	10927718	46	3371	1.35	CHH
1	11189069	11189507	376	124	75.20	CG
1	11189069	11189507	194	67	74.33	CHG
1	11189069	11189507	70	1691	3.98	CHH
1	11191256	11191497	208	161	56.37	CG
1	11191256	11191497	47	143	24.74	CHG
1	11191256	11191497	10	610	1.61	CHH
1	11796108	11796316	58	38	60.42	CG
1	11796108	11796316	0	207	0.00	CHG
1	11796108	11796316	4	799	0.50	CHH
1	11928347	11928520	15	1125	1.32	CHH
1	11940126	11940209	4	569	0.70	CHH
1	12597813	12598048	45	744	5.70	CHH
1	14322168	14322402	70	1	98.59	CG
1	14322168	14322402	19	18	51.35	CHG
1	14322168	14322402	13	598	2.13	CHH
1	14347206	14347429	23	19	54.76	CG
1	14347206	14347429	7	316	2.17	CHG
1	14347206	14347429	8	1329	0.60	CHH
1	14358588	14358799	61	5	92.42	CG
1	14358588	14358799	51	15	77.27	CHG
1	14358588	14358799	53	815	6.11	CHH
1	16709412	16710638	1399	43	97.02	CG
1	16709412	16710638	617	520	54.27	CHG
1	16709412	16710638	158	4283	3.56	CHH
1	17043053	17043218	255	5	98.08	CG
1	17043053	17043218	66	33	66.67	CHG
1	17043053	17043218	25	595	4.03	CHH
1	18600195	18600325	81	4	95.29	CG
1	18600195	18600325	19	9	67.86	CHG
1	18600195	18600325	34	652	4.96	CHH
1	18600619	18600880	36	16	69.23	CG
1	18600619	18600880	17	1	94.44	CHG
1	18600619	18600880	20	1079	1.82	CHH
1	18984904	18985083	16	3	84.21	CG
1	18984904	18985083	14	18	43.75	CHG
1	18984904	18985083	8	184	4.17	CHH
1	23765099	23765215	13	137	8.67	CG
1	23765099	23765215	0	128	0.00	CHG
1	23765099	23765215	3	385	0.77	CHH
1	24162719	24162945	13	801	1.60	CHH
1	26098395	26098876	67	2	97.10	CG
1	26098395	26098876	20	123	13.99	CHG
1	26098395	26098876	31	1994	1.53	CHH
1	26638981	26639111	36	1	97.30	CG
1	26638981	26639111	48	35	57.83	CHG
1	26638981	26639111	4	504	0.79	CHH
1	27335823	27335919	0	83	0.00	CG
1	27335823	27335919	0	47	0.00	CHG
1	27335823	27335919	3	445	0.67	CHH
1	27892634	27893201	94	23	80.34	CG
1	27892634	27893201	95	128	42.60	CHG
1	27892634	27893201	78	2075	3.62	CHH
1	28104533	28104643	28	0	100.00	CG
1	28104533	28104643	14	433	3.13	CHH
1	28181036	28181173	15	13	53.57	CG
1	28181036	28181173	4	57	6.56	CHG
1	28181036	28181173	25	401	5.87	CHH
1	28494153	28494502	3	23	11.54	CG
1	28494153	28494502	3	49	5.77	CHG
1	28494153	28494502	6	1534	0.39	CHH
1	30431887	30432457	210	4	98.13	CG
1	30431887	30432457	25	30	45.45	CHG
1	30431887	30432457	58	1696	3.31	CHH
1	31405810	31406074	58	21	73.42	CG
1	31405810	31406074	14	134	9.46	CHG
1	31405810	31406074	44	1482	2.88	CHH
1	31589315	31589440	2	889	0.22	CHH
1	31867822	31868209	49	2	96.08	CG
1	31867822	31868209	74	1669	4.25	CHH
1	32128407	32128528	20	2	90.91	CG
1	32128407	32128528	26	342	7.07	CHH
1	32850978	32851159	17	48	26.15	CG
1	32850978	32851159	13	65	16.67	CHG
1	32850978	32851159	29	929	3.03	CHH
1	33209708	33209844	31	1	96.88	CG
1	33209708	33209844	0	8	0.00	CHG
1	33209708	33209844	10	525	1.87	CHH
1	35537016	35537182	1	404	0.25	CHH
1	37056464	37056585	6	42	12.50	CHG
1	37056464	37056585	2	448	0.44	CHH
1	37328188	37328369	35	11	76.09	CG
1	37328188	37328369	16	10	61.54	CHG
1	37328188	37328369	50	478	9.47	CHH
1	38496092	38496280	164	7	95.91	CG
1	38496092	38496280	18	59	23.38	CHG
1	38496092	38496280	16	1108	1.42	CHH
1	38517320	38517498	22	23	48.89	CG
1	38517320	38517498	6	49	10.91	CHG
1	38517320	38517498	6	557	1.07	CHH
1	38671419	38671601	46	2	95.83	CG
1	38671419	38671601	16	468	3.31	CHH
1	40300213	40300335	22	419	4.99	CHH
1	40395626	40395876	28	1	96.55	CG
1	40395626	40395876	54	1009	5.08	CHH
1	40617610	40617749	2	408	0.49	CHG
1	40617610	40617749	1	643	0.16	CHH
1	40701980	40702243	14	0	100.00	CG
1	40701980	40702243	2	519	0.38	CHH
1	41145044	41145188	66	752	8.07	CHH
1	41155306	41155562	0	42	0.00	CHG
1	41155306	41155562	5	1379	0.36	CHH
1	41890335	41890557	16	17	48.48	CG
1	41890335	41890557	30	233	11.41	CHG
1	41890335	41890557	16	840	1.87	CHH
1	42087976	42088125	28	1017	2.68	CHH
1	42408453	42409215	900	38	95.95	CG
1	42408453	42409215	359	437	45.10	CHG
1	42408453	42409215	70	2903	2.35	CHH
2	109398	109590	250	8	96.90	CG
2	109398	109590	191	88	68.46	CHG
2	109398	109590	31	728	4.08	CHH
2	1869793	1870778	1144	84	93.16	CG
2	1869793	1870778	820	294	73.61	CHG
2	1869793	1870778	284	3953	6.70	CHH
2	2040558	2041143	367	33	91.75	CG
2	2040558	2041143	177	165	51.75	CHG
2	2040558	2041143	7	2247	0.31	CHH
2	2375551	2375771	31	764	3.90	CHH
2	3701574	3702250	182	73	71.37	CG
2	3701574	3702250	50	292	14.62	CHG
2	3701574	3702250	69	2497	2.69	CHH
2	4194209	4194385	3	55	5.17	CHG
2	4194209	4194385	2	601	0.33	CHH
2	4474885	4475212	293	3	98.99	CG
2	4474885	4475212	99	70	58.58	CHG
2	4474885	4475212	142	1517	8.56	CHH
2	4648186	4648420	34	4	89.47	CG
2	4648186	4648420	11	7	61.11	CHG
2	4648186	4648420	19	348	5.18	CHH
2	4947306	4947538	8	0	100.00	CG
2	4947306	4947538	2	465	0.43	CHH
2	5499042	5499299	303	24	92.66	CG
2	5499042	5499299	18	194	8.49	CHG
2	5499042	5499299	12	1356	0.88	CHH
2	5521685	5521830	3	49	5.77	CHG
2	5521685	5521830	2	668	0.30	CHH
2	6545608	6545822	25	7	78.12	CG
2	6545608	6545822	18	1176	1.51	CHH
2	6761735	6762038	34	0	100.00	CG
2	6761735	6762038	32	14	69.57	CHG
2	6761735	6762038	19	694	2.66	CHH
2	6762287	6762792	108	42	72.00	CG
2	6762287	6762792	65	109	37.36	CHG
2	6762287	6762792	22	1636	1.33	CHH
2	7605117	7605555	43	13	76.79	CG
2	7605117	7605555	18	37	32.73	CHG
2	7605117	7605555	9	1213	0.74	CHH
2	7945618	7946024	28	1	96.55	CG
2	7945618	7946024	0	6	0.00	CHG
2	7945618	7946024	40	896	4.27	CHH
2	8190084	8190413	27	7	79.41	CHG
2	8190084	8190413	80	1607	4.74	CHH
2	10791440	10791566	4	101	3.81	CHH
2	11873649	11873886	10	13	43.48	CG
2	11873649	11873886	6	634	0.94	CHH
2	12097817	12097953	60	16	78.95	CG
2	12097817	12097953	2	665	0.30	CHH
2	12299222	12299385	2	25	7.41	CHG
2	12299222	12299385	2	542	0.37	CHH
2	12333889	12333999	45	2	95.74	CG
2	12333889	12333999	21	24	46.67	CHG
2	12333889	12333999	22	375	5.54	CHH
2	12582950	12583307	84	2	97.67	CG
2	12582950	12583307	12	44	21.43	CHG
2	12582950	12583307	14	1031	1.34	CHH
2	13872268	13872613	1	183	0.54	CG
2	13872268	13872613	4	290	1.36	CHG
2	13872268	13872613	5	1444	0.35	CHH
2	13948832	13949084	39	25	60.94	CHG
2	13948832	13949084	24	780	2.99	CHH
2	15589940	15590192	31	2	93.94	CG
2	15589940	15590192	53	213	19.92	CHG
2	15589940	15590192	28	722	3.73	CHH
2	17785746	17785984	40	2	95.24	CG
2	17785746	17785984	30	722	3.99	CHH
2	19211404	19211621	37	3	92.50	CG
2	19211404	19211621	1	1	50.00	CHG
2	19211404	19211621	31	488	5.97	CHH
2	19443247	19443361	44	2	95.65	CG
2	19443247	19443361	2	19	9.52	CHG
2	19443247	19443361	5	142	3.40	CHH
2	19977858	19978135	153	26	85.47	CG
2	19977858	19978135	3	357	0.83	CHG
2	19977858	19978135	5	1213	0.41	CHH
2	20745916	20746102	50	4	92.59	CG
2	20745916	20746102	28	13	68.29	CHG
2	20745916	20746102	56	471	10.63	CHH
2	22202087	22202425	267	31	89.60	CG
2	22202087	22202425	8	102	7.27	CHG
2	22202087	22202425	8	1128	0.70	CHH
2	22399133	22399342	41	2	95.35	CG
2	22399133	22399342	4	574	0.69	CHH
2	23077446	23077593	1	351	0.28	CHH
2	23988341	23988565	1	30	3.23	CHG
2	23988341	23988565	27	967	2.72	CHH
2	24094388	24094772	24	6	80.00	CG
2	24094388	24094772	0	116	0.00	CHG
2	24094388	24094772	13	1273	1.01	CHH
2	24587774	24587906	59	2	96.72	CG
2	24587774	24587906	20	4	83.33	CHG
2	24587774	24587906	7	548	1.26	CHH
2	24968367	24968732	143	13	91.67	CG
2	24968367	24968732	77	124	38.31	CHG
2	24968367	24968732	27	1323	2.00	CHH
2	25258399	25258520	38	576	6.19	CHH
2	25342968	25343092	31	0	100.00	CG
2	25342968	25343092	30	3	90.91	CHG
2	25342968	25343092	14	444	3.06	CHH
2	25971572	25971883	4	310	1.27	CHH
2	27849839	27850325	628	17	97.36	CG
2	27849839	27850325	94	168	35.88	CHG
2	27849839	27850325	46	1460	3.05	CHH
2	27969163	27969436	23	31	42.59	CG
2	27969163	27969436	11	55	16.67	CHG
2	27969163	27969436	6	921	0.65	CHH
2	28230238	28230572	119	44	73.01	CHG
2	28230238	28230572	47	1411	3.22	CHH
2	28737277	28737416	12	578	2.03	CHH
2	28787543	28787788	46	2	95.83	CG
2	28787543	28787788	12	5	70.59	CHG
2	28787543	28787788	22	489	4.31	CHH
2	29123726	29123981	0	639	0.00	CHH
2	30949004	30949191	56	10	84.85	CG
2	30949004	30949191	4	39	9.30	CHG
2	30949004	30949191	11	792	1.37	CHH
2	31639383	31639502	13	11	54.17	CG
2	31639383	31639502	8	361	2.17	CHH
2	32251509	32251649	13	15	46.43	CHG
2	32251509	32251649	2	147	1.34	CHH
2	32687570	32687718	2	210	0.94	CG
2	32687570	32687718	2	183	1.08	CHG
2	32687570	32687718	2	367	0.54	CHH
2	32980551	32980821	29	767	3.64	CHH
2	33849781	33850113	93	58	61.59	CG
2	33849781	33850113	39	93	29.55	CHG
2	33849781	33850113	10	1442	0.69	CHH
2	33970498	33970631	2	78	2.50	CG
2	33970498	33970631	3	112	2.61	CHG
2	33970498	33970631	0	474	0.00	CHH
2	34234930	34235049	1	282	0.35	CHH
2	34582792	34582911	3	28	9.68	CHG
2	34582792	34582911	0	601	0.00	CHH
2	34952077	34952811	364	297	55.07	CG
2	34952077	34952811	14	456	2.98	CHG
2	34952077	34952811	18	2626	0.68	CHH
2	34955560	34955809	8	886	0.89	CHH
3	811663	812098	456	37	92.49	CG
3	811663	812098	32	144	18.18	CHG
3	811663	812098	11	1408	0.78	CHH
3	881089	881240	436	30	93.56	CG
3	881089	881240	4	182	2.15	CHG
3	881089	881240	10	680	1.45	CHH
3	1354664	1354914	130	7	94.89	CG
3	1354664	1354914	24	184	11.54	CHG
3	1354664	1354914	20	1087	1.81	CHH
3	2169030	2169371	641	28	95.81	CG
3	2169030	2169371	135	117	53.57	CHG
3	2169030	2169371	73	1440	4.82	CHH
3	3169366	3169453	1	259	0.38	CHH
3	3832576	3832832	32	3	91.43	CG
3	3832576	3832832	16	51	23.88	CHG
3	3832576	3832832	15	1224	1.21	CHH
3	6047207	6047392	41	5	89.13	CG
3	6047207	6047392	2	19	9.52	CHG
3	6047207	6047392	0	408	0.00	CHH
3	6570907	6571273	607	23	96.35	CG
3	6570907	6571273	91	78	53.85	CHG
3	6570907	6571273	97	1524	5.98	CHH
3	7246619	7246872	370	71	83.90	CG
3	7246619	7246872	96	45	68.09	CHG
3	7246619	7246872	59	1104	5.07	CHH
3	8015940	8016118	9	599	1.48	CHH
3	8409618	8409743	0	194	0.00	CG
3	8409618	8409743	4	173	2.26	CHG
3	8409618	8409743	3	569	0.52	CHH
3	8629457	8629689	8	15	34.78	CG
3	8629457	8629689	8	6	57.14	CHG
3	8629457	8629689	6	574	1.03	CHH
3	8942617	8943063	282	10	96.58	CG
3	8942617	8943063	233	91	71.91	CHG
3	8942617	8943063	119	2871	3.98	CHH
3	9319923	9320317	103	0	100.00	CG
3	9319923	9320317	18	11	62.07	CHG
3	9319923	9320317	44	845	4.95	CHH
3	11067334	11067625	18	0	100.00	CG
3	11067334	11067625	10	11	47.62	CHG
3	11067334	11067625	24	617	3.74	CHH
3	11642409	11642580	0	55	0.00	CHG
3	11642409	11642580	2	731	0.27	CHH
3	11857284	11857411	0	17	0.00	CHG
3	11857284	11857411	0	378	0.00	CHH
3	12675151	12675358	29	2	93.55	CG
3	12675151	12675358	2	13	13.33	CHG
3	12675151	12675358	58	1058	5.20	CHH
3	13124743	13124928	0	38	0.00	CG
3	13124743	13124928	0	19	0.00	CHG
3	13124743	13124928	2	519	0.38	CHH
3	13748697	13748918	13	2	86.67	CHG
3	13748697	13748918	24	448	5.08	CHH
3	14057905	14058092	182	4	97.85	CG
3	14057905	14058092	32	30	51.61	CHG
3	14057905	14058092	10	995	1.00	CHH
3	14749193	14749460	54	5	91.53	CG
3	14749193	14749460	11	858	1.27	CHH
3	15103668	15103782	19	1	95.00	CHG
3	15103668	15103782	18	398	4.33	CHH
3	15113224	15113412	19	825	2.25	CHH
3	15134383	15134587	28	955	2.85	CHH
3	15613686	15613799	3	82	3.53	CG
3	15613686	15613799	7	80	8.05	CHG
3	15613686	15613799	5	382	1.29	CHH
3	16709783	16710100	266	5	98.15	CG
3	16709783	16710100	162	105	60.67	CHG
3	16709783	16710100	26	1224	2.08	CHH
3	16776362	16776567	1	579	0.17	CHH
3	17308009	17308190	33	3	91.67	CG
3	17308009	17308190	14	18	43.75	CHG
3	17308009	17308190	15	879	1.68	CHH
3	17916587	17916910	65	20	76.47	CG
3	17916587	17916910	14	11	56.00	CHG
3	17916587	17916910	48	864	5.26	CHH
3	18637898	18638001	25	0	100.00	CG
3	18637898	18638001	1	97	1.02	CHH
3	20725201	20725339	33	1	97.06	CG
3	20725201	20725339	21	25	45.65	CHG
3	20725201	20725339	4	868	0.46	CHH
3	23359385	23359602	48	4	92.31	CG
3	23359385	23359602	3	11	21.43	CHG
3	23359385	23359602	1	845	0.12	CHH
3	24411908	24412466	41	256	13.80	CG
3	24411908	24412466	9	256	3.40	CHG
3	24411908	24412466	16	1846	0.86	CHH
3	24572450	24572571	7	217	3.12	CHH
3	24924369	24924505	37	0	100.00	CG
3	24924369	24924505	0	4	0.00	CHG
3	24924369	24924505	37	310	10.66	CHH
3	25320199	25320294	12	433	2.70	CHH
3	26123077	26123398	84	30	73.68	CG
3	26123077	26123398	210	61	77.49	CHG
3	26123077	26123398	34	991	3.32	CHH
3	26143599	26144289	144	228	38.71	CG
3	26143599	26144289	32	481	6.24	CHG
3	26143599	26144289	50	2548	1.92	CHH
3	26819731	26819992	5	6	45.45	CHG
3	26819731	26819992	31	465	6.25	CHH
3	27436719	27436866	19	6	76.00	CHG
3	27436719	27436866	4	411	0.96	CHH
3	27617928	27618015	0	68	0.00	CG
3	27617928	27618015	5	36	12.20	CHG
3	27617928	27618015	1	246	0.40	CHH
3	27618313	27618751	29	20	59.18	CG
3	27618313	27618751	16	154	9.41	CHG
3	27618313	27618751	3	874	0.34	CHH
3	27626160	27626452	138	34	80.23	CG
3	27626160	27626452	4	88	4.35	CHG
3	27626160	27626452	27	874	3.00	CHH
3	27785308	27785617	13	7	65.00	CG
3	27785308	27785617	3	815	0.37	CHH
3	28228225	28228487	2	461	0.43	CHH
3	29591935	29592097	26	1	96.30	CG
3	29591935	29592097	0	4	0.00	CHG
3	29591935	29592097	10	249	3.86	CHH
3	29675163	29675476	7	12	36.84	CG
3	29675163	29675476	28	834	3.25	CHH
3	29885011	29885181	31	4	88.57	CG
3	29885011	29885181	44	15	74.58	CHG
3	29885011	29885181	12	322	3.59	CHH
3	30100210	30100463	19	0	100.00	CG
3	30100210	30100463	3	678	0.44	CHH
3	30420791	30420983	1	630	0.16	CHH
3	30830679	30830818	12	1129	1.05	CHH
3	31089191	31090510	1652	61	96.44	CG
3	31089191	31090510	996	352	73.89	CHG
3	31089191	31090510	265	4968	5.06	CHH
3	31423977	31424278	1	508	0.20	CHH
3	31722863	31723138	5	1172	0.42	CHH
3	32006376	32006716	21	3	87.50	CHG
3	32006376	32006716	18	1051	1.68	CHH
3	32110687	32111197	476	19	96.16	CG
3	32110687	32111197	290	145	66.67	CHG
3	32110687	32111197	108	1876	5.44	CHH
3	32173553	32173723	7	78	8.24	CHG
3	32173553	32173723	4	681	0.58	CHH
3	32182087	32182430	23	15	60.53	CG
3	32182087	32182430	0	40	0.00	CHG
3	32182087	32182430	18	994	1.78	CHH
3	33684752	33685642	795	50	94.08	CG
3	33684752	33685642	106	724	12.77	CHG
3	33684752	33685642	41	4885	0.83	CHH
4	468669	468758	12	212	5.36	CHH
4	4915709	4916399	656	15	97.76	CG
4	4915709	4916399	266	118	69.27	CHG
4	4915709	4916399	100	2247	4.26	CHH
4	7381268	7381662	125	41	75.30	CG
4	7381268	7381662	37	229	13.91	CHG
4	7381268	7381662	43	2196	1.92	CHH
4	7888722	7888904	38	4	90.48	CG
4	7888722	7888904	14	6	70.00	CHG
4	7888722	7888904	11	503	2.14	CHH
4	7955024	7955201	46	2	95.83	CG
4	7955024	7955201	15	11	57.69	CHG
4	7955024	7955201	17	496	3.31	CHH
4	15396846	15397090	259	45	85.20	CG
4	15396846	15397090	61	245	19.93	CHG
4	15396846	15397090	10	1056	0.94	CHH
4	19683995	19684552	122	436	21.86	CG
4	19683995	19684552	8	685	1.15	CHG
4	19683995	19684552	15	2854	0.52	CHH
4	19744896	19745083	28	28	50.00	CG
4	19744896	19745083	12	809	1.46	CHH
4	20001003	20001260	2	55	3.51	CHG
4	20001003	20001260	1	1054	0.09	CHH
4	20595423	20595521	2	29	6.45	CG
4	20595423	20595521	0	18	0.00	CHG
4	20595423	20595521	6	619	0.96	CHH
4	21627729	21627912	43	0	100.00	CG
4	21627729	21627912	20	16	55.56	CHG
4	21627729	21627912	31	609	4.84	CHH
4	21744228	21744373	29	23	55.77	CG
4	21744228	21744373	0	14	0.00	CHG
4	21744228	21744373	37	310	10.66	CHH
4	21934032	21934221	4	458	0.87	CHH
4	21962681	21962889	64	1	98.46	CG
4	21962681	21962889	21	42	33.33	CHG
4	21962681	21962889	9	621	1.43	CHH
4	22575513	22575843	53	1046	4.82	CHH
4	24030042	24030690	278	9	96.86	CG
4	24030042	24030690	194	176	52.43	CHG
4	24030042	24030690	106	3403	3.02	CHH
4	24127511	24127670	70	4	94.59	CG
4	24127511	24127670	19	29	39.58	CHG
4	24127511	24127670	27	901	2.91	CHH
4	25426804	25426964	0	16	0.00	CHG
4	25426804	25426964	11	573	1.88	CHH
4	25457672	25458128	782	17	97.87	CG
4	25457672	25458128	153	134	53.31	CHG
4	25457672	25458128	53	1826	2.82	CHH
4	25472006	25472224	0	20	0.00	CHG
4	25472006	25472224	3	587	0.51	CHH
4	25475165	25475574	108	3	97.30	CG
4	25475165	25475574	71	282	20.11	CHG
4	25475165	25475574	70	1792	3.76	CHH
4	26530153	26530244	26	221	10.53	CHH
4	27630370	27630458	6	326	1.81	CHH
4	27903713	27903888	4	546	0.73	CHH
4	27907257	27907388	24	6	80.00	CG
4	27907257	27907388	0	13	0.00	CHG
4	27907257	27907388	41	664	5.82	CHH
4	28531802	28532069	19	2	90.48	CG
4	28531802	28532069	1	4	20.00	CHG
4	28531802	28532069	5	815	0.61	CHH
4	28847972	28848187	15	0	100.00	CG
4	28847972	28848187	5	2	71.43	CHG
4	28847972	28848187	30	680	4.23	CHH
4	29191225	29191443	30	3	90.91	CG
4	29191225	29191443	38	57	40.00	CHG
4	29191225	29191443	11	508	2.12	CHH
4	30022367	30022520	40	8	83.33	CG
4	30022367	30022520	4	558	0.71	CHH
4	30176025	30176485	43	34	55.84	CG
4	30176025	30176485	1	34	2.86	CHG
4	30176025	30176485	21	1214	1.70	CHH
4	32693175	32693646	312	21	93.69	CG
4	32693175	32693646	242	105	69.74	CHG
4	32693175	32693646	32	1292	2.42	CHH
4	33655119	33655383	90	19	82.57	CG
4	33655119	33655383	17	1116	1.50	CHH
4	33656481	33656726	448	32	93.33	CG
4	33656481	33656726	17	58	22.67	CHG
4	33656481	33656726	17	809	2.06	CHH
4	33881401	33881625	322	17	94.99	CG
4	33881401	33881625	147	207	41.53	CHG
4	33881401	33881625	32	925	3.34	CHH
4	35050130	35050413	4	152	2.56	CG
4	35050130	35050413	0	231	0.00	CHG
4	35050130	35050413	6	1448	0.41	CHH
5	490310	490462	250	6	97.66	CG
5	490310	490462	158	104	60.31	CHG
5	490310	490462	42	692	5.72	CHH
5	1679699	1679790	30	538	5.28	CHH
5	2851958	2852160	30	945	3.08	CHH
5	4894101	4894252	3	547	0.55	CHH
5	5433067	5433323	49	2	96.08	CG
5	5433067	5433323	20	59	25.32	CHG
5	5433067	5433323	17	812	2.05	CHH
5	5754539	5754748	18	15	54.55	CG
5	5754539	5754748	1	27	3.57	CHG
5	5754539	5754748	5	540	0.92	CHH
5	6765407	6765604	68	0	100.00	CG
5	6765407	6765604	21	75	21.88	CHG
5	6765407	6765604	4	801	0.50	CHH
5	6820542	6820679	23	0	100.00	CG
5	6820542	6820679	0	7	0.00	CHG
5	6820542	6820679	3	508	0.59	CHH
5	7418842	7418942	0	34	0.00	CHH
5	7972537	7972780	0	20	0.00	CG
5	7972537	7972780	0	27	0.00	CHG
5	7972537	7972780	12	1155	1.03	CHH
5	10755227	10755310	68	5	93.15	CG
5	10755227	10755310	9	352	2.49	CHH
5	10919623	10920166	266	12	95.68	CG
5	10919623	10920166	52	32	61.90	CHG
5	10919623	10920166	25	1452	1.69	CHH
5	16273063	16273157	2	316	0.63	CHH
5	16311105	16311318	35	3	92.11	CG
5	16311105	16311318	11	31	26.19	CHG
5	16311105	16311318	78	637	10.91	CHH
5	16856035	16856371	160	3	98.16	CG
5	16856035	16856371	100	173	36.63	CHG
5	16856035	16856371	11	1344	0.81	CHH
5	17137118	17137270	19	3	86.36	CG
5	17137118	17137270	21	465	4.32	CHH
5	17258135	17258245	9	15	37.50	CG
5	17258135	17258245	1	284	0.35	CHH
5	17317435	17317693	47	4	92.16	CG
5	17317435	17317693	48	42	53.33	CHG
5	17317435	17317693	81	799	9.20	CHH
5	19716275	19716490	30	1	96.77	CG
5	19716275	19716490	1	18	5.26	CHG
5	19716275	19716490	30	1125	2.60	CHH
5	21149049	21149184	0	113	0.00	CG
5	21149049	21149184	1	113	0.88	CHG
5	21149049	21149184	3	454	0.66	CHH
5	21464548	21464805	27	618	4.19	CHH
5	21857485	21857720	190	10	95.00	CG
5	21857485	21857720	157	144	52.16	CHG
5	21857485	21857720	21	1550	1.34	CHH
5	21875509	21875764	117	16	87.97	CG
5	21875509	21875764	33	136	19.53	CHG
5	21875509	21875764	19	1194	1.57	CHH
5	22000757	22000964	0	32	0.00	CHG
5	22000757	22000964	4	749	0.53	CHH
5	22219878	22220102	14	988	1.40	CHH
5	22429520	22429752	70	0	100.00	CG
5	22429520	22429752	25	30	45.45	CHG
5	22429520	22429752	54	1395	3.73	CHH
5	22973734	22973969	14	937	1.47	CHH
5	23987118	23987584	446	27	94.29	CG
5	23987118	23987584	547	308	63.98	CHG
5	23987118	23987584	33	2820	1.16	CHH
5	24142822	24143088	105	7	93.75	CG
5	24142822	24143088	5	37	11.90	CHG
5	24142822	24143088	28	928	2.93	CHH
5	24848633	24848969	8	79	9.20	CHG
5	24848633	24848969	18	1407	1.26	CHH
5	25347572	25347835	4	204	1.92	CG
5	25347572	25347835	2	217	0.91	CHG
5	25347572	25347835	28	963	2.83	CHH
5	25348057	25348813	122	44	73.49	CG
5	25348057	25348813	16	783	2.00	CHG
5	25348057	25348813	9	2782	0.32	CHH
5	25916465	25916630	9	21	30.00	CHG
5	25916465	25916630	16	473	3.27	CHH
5	26950841	26950938	8	0	100.00	CG
5	26950841	26950938	0	84	0.00	CHH
5	26989629	26989802	0	17	0.00	CHG
5	26989629	26989802	2	735	0.27	CHH
6	302524	302830	10	10	50.00	CG
6	302524	302830	22	687	3.10	CHH
6	2377299	2377436	58	7	89.23	CG
6	2377299	2377436	0	63	0.00	CHG
6	2377299	2377436	3	423	0.70	CHH
6	2717082	2717211	16	320	4.76	CHH
6	2924454	2924561	27	10	72.97	CG
6	2924454	2924561	0	227	0.00	CHH
6	3943947	3944133	18	1145	1.55	CHH
6	4186290	4186414	3	323	0.92	CHH
6	5151759	5151869	2	135	1.46	CHH
6	5377103	5377226	2	40	4.76	CHG
6	5377103	5377226	12	703	1.68	CHH
6	6081368	6081698	2	371	0.54	CG
6	6081368	6081698	0	193	0.00	CHG
6	6081368	6081698	11	1333	0.82	CHH
6	7060562	7060710	52	625	7.68	CHH
6	7540043	7540265	107	0	100.00	CG
6	7540043	7540265	34	14	70.83	CHG
6	7540043	7540265	225	1254	15.21	CHH
6	7540556	7540748	56	10	84.85	CG
6	7540556	7540748	25	766	3.16	CHH
6	7725720	7725950	194	40	82.91	CG
6	7725720	7725950	104	243	29.97	CHG
6	7725720	7725950	8	899	0.88	CHH
6	8356414	8356617	9	917	0.97	CHH
6	8927960	8928209	25	1	96.15	CG
6	8927960	8928209	20	148	11.90	CHG
6	8927960	8928209	2	728	0.27	CHH
6	9469938	9470183	3	666	0.45	CHH
6	11300952	11301165	0	33	0.00	CG
6	11300952	11301165	46	49	48.42	CHG
6	11300952	11301165	13	1014	1.27	CHH
6	11305250	11305430	2	137	1.44	CG
6	11305250	11305430	0	22	0.00	CHG
6	11305250	11305430	2	495	0.40	CHH
6	11997277	11997419	149	2	98.68	CG
6	11997277	11997419	28	58	32.56	CHG
6	11997277	11997419	10	888	1.11	CHH
6	13738650	13738842	7	52	11.86	CG
6	13738650	13738842	0	145	0.00	CHG
6	13738650	13738842	3	806	0.37	CHH
6	13951510	13951630	41	19	68.33	CG
6	13951510	13951630	13	117	10.00	CHG
6	13951510	13951630	0	497	0.00	CHH
6	14809518	14809915	123	5	96.09	CG
6	14809518	14809915	24	157	13.26	CHG
6	14809518	14809915	49	1796	2.66	CHH
6	19710274	19711097	308	29	91.39	CG
6	19710274	19711097	46	608	7.03	CHG
6	19710274	19711097	18	2462	0.73	CHH
6	20384125	20384463	118	76	60.82	CG
6	20384125	20384463	58	223	20.64	CHG
6	20384125	20384463	41	1407	2.83	CHH
6	22376044	22376666	84	59	58.74	CG
6	22376044	22376666	7	87	7.45	CHG
6	22376044	22376666	126	2061	5.76	CHH
6	23395298	23395797	89	2	97.80	CG
6	23395298	23395797	23	16	58.97	CHG
6	23395298	23395797	31	1389	2.18	CHH
6	23537611	23537873	23	31	42.59	CHG
6	23537611	23537873	1	941	0.11	CHH
6	24030066	24030155	45	26	63.38	CHG
6	24030066	24030155	11	217	4.82	CHH
6	24282820	24282990	40	43	48.19	CHG
6	24282820	24282990	143	1408	9.22	CHH
6	25073298	25073513	66	0	100.00	CG
6	25073298	25073513	4	64	5.88	CHG
6	25073298	25073513	3	933	0.32	CHH
6	25078471	25078618	0	27	0.00	CHG
6	25078471	25078618	8	623	1.27	CHH
6	25314682	25315364	202	7	96.65	CG
6	25314682	25315364	140	77	64.52	CHG
6	25314682	25315364	143	2827	4.81	CHH
6	26183206	26183498	19	1	95.00	CG
6	26183206	26183498	3	831	0.36	CHH
6	26270983	26271153	9	13	40.91	CG
6	26270983	26271153	0	22	0.00	CHG
6	26270983	26271153	4	638	0.62	CHH
6	26899910	26900127	18	8	69.23	CG
6	26899910	26900127	9	700	1.27	CHH
6	27022910	27023085	200	9	95.69	CG
6	27022910	27023085	14	700	1.96	CHH
6	29399343	29399607	37	8	82.22	CG
6	29399343	29399607	3	36	7.69	CHG
6	29399343	29399607	40	1070	3.60	CHH
6	30191023	30191331	144	5	96.64	CG
6	30191023	30191331	233	63	78.72	CHG
6	30191023	30191331	19	1308	1.43	CHH
6	30403805	30404034	4	557	0.71	CHH
6	30913757	30913901	19	0	100.00	CG
6	30913757	30913901	0	1	0.00	CHG
6	30913757	30913901	22	116	15.94	CHH
7	436559	436644	0	55	0.00	CHH
7	553125	553382	0	37	0.00	CHG
7	553125	553382	12	1494	0.80	CHH
7	1581483	1581569	10	28	26.32	CHG
7	1581483	1581569	15	469	3.10	CHH
7	2236802	2236948	52	3	94.55	CG
7	2236802	2236948	7	9	43.75	CHG
7	2236802	2236948	9	616	1.44	CHH
7	2529367	2529520	9	487	1.81	CHH
7	3142735	3143078	294	31	90.46	CG
7	3142735	3143078	97	248	28.12	CHG
7	3142735	3143078	25	1540	1.60	CHH
7	3169312	3169590	0	41	0.00	CHG
7	3169312	3169590	5	1435	0.35	CHH
7	3220899	3221205	4	21	16.00	CG
7	3220899	3221205	10	1127	0.88	CHH
7	3739834	3740067	89	14	86.41	CG
7	3739834	3740067	32	40	44.44	CHG
7	3739834	3740067	16	1317	1.20	CHH
7	4348410	4348541	56	46	54.90	CG
7	4348410	4348541	4	78	4.88	CHG
7	4348410	4348541	4	544	0.73	CHH
7	5121301	5121458	26	13	66.67	CG
7	5121301	5121458	6	13	31.58	CHG
7	5121301	5121458	9	398	2.21	CHH
7	6141659	6141862	288	11	96.32	CG
7	6141659	6141862	143	54	72.59	CHG
7	6141659	6141862	82	1028	7.39	CHH
7	7806227	7806511	0	21	0.00	CHG
7	7806227	7806511	62	795	7.23	CHH
7	8049142	8049326	182	10	94.79	CG
7	8049142	8049326	38	46	45.24	CHG
7	8049142	8049326	26	637	3.92	CHH
7	8294134	8294483	0	253	0.00	CG
7	8294134	8294483	1	336	0.30	CHG
7	8294134	8294483	4	1807	0.22	CHH
7	8334119	8334358	0	25	0.00	CHG
7	8334119	8334358	9	662	1.34	CHH
7	8993394	8993705	40	10	80.00	CG
7	8993394	8993705	38	840	4.33	CHH
7	13286370	13286485	0	395	0.00	CHH
7	15188698	15188829	2	21	8.70	CHG
7	15188698	15188829	5	481	1.03	CHH
7	15431878	15432092	91	23	79.82	CG
7	15431878	15432092	8	45	15.09	CHG
7	15431878	15432092	84	1204	6.52	CHH
7	15677983	15678606	215	489	30.54	CG
7	15677983	15678606	74	649	10.24	CHG
7	15677983	15678606	22	2861	0.76	CHH
7	16599468	16599909	106	18	85.48	CG
7	16599468	16599909	20	480	4.00	CHG
7	16599468	16599909	48	2115	2.22	CHH
7	17099241	17099723	8	20	28.57	CHG
7	17099241	17099723	79	1628	4.63	CHH
7	17790357	17790553	15	37	28.85	CG
7	17790357	17790553	11	129	7.86	CHG
7	17790357	17790553	43	1221	3.40	CHH
7	18624941	18625154	41	1	97.62	CG
7	18624941	18625154	28	29	49.12	CHG
7	18624941	18625154	57	1337	4.09	CHH
7	18712663	18712940	3	752	0.40	CHH
7	19254932	19255653	46	474	8.85	CG
7	19254932	19255653	6	1462	0.41	CHG
7	19254932	19255653	24	3810	0.63	CHH
7	20129015	20129222	66	764	7.95	CHH
7	20150949	20151108	29	3	90.62	CG
7	20150949	20151108	7	63	10.00	CHG
7	20150949	20151108	4	836	0.48	CHH
7	20424851	20425235	13	17	43.33	CG
7	20424851	20425235	7	1298	0.54	CHH
7	21311702	21311873	59	0	100.00	CG
7	21311702	21311873	45	49	47.87	CHG
7	21311702	21311873	25	734	3.29	CHH
7	22392996	22393180	136	36	79.07	CG
7	22392996	22393180	109	104	51.17	CHG
7	22392996	22393180	21	1060	1.94	CHH
7	22532503	22532689	11	682	1.59	CHH
7	22933956	22934220	316	18	94.61	CG
7	22933956	22934220	97	63	60.62	CHG
7	22933956	22934220	26	830	3.04	CHH
7	24616760	24617444	344	41	89.35	CG
7	24616760	24617444	228	143	61.46	CHG
7	24616760	24617444	40	1574	2.48	CHH
7	24811648	24811977	3	17	15.00	CG
7	24811648	24811977	3	15	16.67	CHG
7	24811648	24811977	4	1010	0.39	CHH
7	24948880	24949085	3	557	0.54	CHH
7	25909857	25910353	246	39	86.32	CG
7	25909857	25910353	46	425	9.77	CHG
7	25909857	25910353	15	2543	0.59	CHH
7	26251607	26251758	9	430	2.05	CHH
7	26258085	26258557	714	45	94.07	CG
7	26258085	26258557	132	111	54.32	CHG
7	26258085	26258557	43	1873	2.24	CHH
7	27119822	27120089	30	0	100.00	CG
7	27119822	27120089	0	30	0.00	CHG
7	27119822	27120089	67	1277	4.99	CHH
7	27169621	27169836	15	27	35.71	CG
7	27169621	27169836	18	319	5.34	CHG
7	27169621	27169836	23	1339	1.69	CHH
7	27307263	27307688	312	26	92.31	CG
7	27307263	27307688	213	139	60.51	CHG
7	27307263	27307688	77	1569	4.68	CHH
7	28376367	28376563	14	35	28.57	CG
7	28376367	28376563	5	46	9.80	CHG
7	28376367	28376563	27	873	3.00	CHH
7	29243799	29244004	8	810	0.98	CHH
7	29311074	29311344	20	629	3.08	CHH
7	29467990	29468204	77	1334	5.46	CHH
8	1575049	1575210	11	469	2.29	CHH
8	1623373	1623626	14	0	100.00	CG
8	1623373	1623626	1	8	11.11	CHG
8	1623373	1623626	1	565	0.18	CHH
8	2431336	2431426	24	162	12.90	CG
8	2431336	2431426	3	11	21.43	CHG
8	2431336	2431426	8	887	0.89	CHH
8	3073639	3073816	1	57	1.72	CG
8	3073639	3073816	9	133	6.34	CHG
8	3073639	3073816	3	596	0.50	CHH
8	3388417	3388667	54	11	83.08	CG
8	3388417	3388667	5	52	8.77	CHG
8	3388417	3388667	21	1342	1.54	CHH
8	3751907	3752073	164	8	95.35	CG
8	3751907	3752073	32	99	24.43	CHG
8	3751907	3752073	5	449	1.10	CHH
8	3958363	3958508	79	749	9.54	CHH
8	5131858	5132029	48	45	51.61	CHG
8	5131858	5132029	48	1210	3.82	CHH
8	5321619	5321826	31	3	91.18	CG
8	5321619	5321826	4	3	57.14	CHG
8	5321619	5321826	74	558	11.71	CHH
8	5680035	5680214	75	5	93.75	CG
8	5680035	5680214	68	25	73.12	CHG
8	5680035	5680214	27	1087	2.42	CHH
8	5836841	5837082	81	1	98.78	CG
8	5836841	5837082	23	898	2.50	CHH
8	6111458	6111746	138	2	98.57	CG
8	6111458	6111746	64	70	47.76	CHG
8	6111458	6111746	38	1207	3.05	CHH
8	6753823	6754136	15	5	75.00	CG
8	6753823	6754136	19	51	27.14	CHG
8	6753823	6754136	5	1047	0.48	CHH
8	7603360	7603612	30	0	100.00	CG
8	7603360	7603612	4	549	0.72	CHH
8	8071926	8072156	240	9	96.39	CG
8	8071926	8072156	18	22	45.00	CHG
8	8071926	8072156	45	735	5.77	CHH
8	10060129	10060270	0	404	0.00	CHH
8	10886885	10887057	40	4	90.91	CG
8	10886885	10887057	1	10	9.09	CHG
8	10886885	10887057	10	508	1.93	CHH
8	11782944	11783090	7	58	10.77	CHG
8	11782944	11783090	5	927	0.54	CHH
8	12350212	12350309	13	0	100.00	CG
8	12350212	12350309	1	3	25.00	CHG
8	12350212	12350309	8	228	3.39	CHH
8	15503593	15503835	12	19	38.71	CG
8	15503593	15503835	19	975	1.91	CHH
8	18141156	18141305	1	402	0.25	CHH
8	19423131	19423387	18	5	78.26	CG
8	19423131	19423387	0	10	0.00	CHG
8	19423131	19423387	37	936	3.80	CHH
8	20377385	20377714	555	38	93.59	CG
8	20377385	20377714	73	72	50.34	CHG
8	20377385	20377714	46	1446	3.08	CHH
8	20558563	20558824	3	12	20.00	CG
8	20558563	20558824	6	13	31.58	CHG
8	20558563	20558824	1	445	0.22	CHH
8	21654366	21654527	46	61	42.99	CG
8	21654366	21654527	3	111	2.63	CHG
8	21654366	21654527	2	597	0.33	CHH
8	22741998	22742320	1	31	3.12	CHG
8	22741998	22742320	7	1385	0.50	CHH
8	22776595	22776863	19	6	76.00	CG
8	22776595	22776863	1	135	0.74	CHG
8	22776595	22776863	2	692	0.29	CHH
8	22948102	22948411	10	10	50.00	CG
8	22948102	22948411	47	747	5.92	CHH
8	23349964	23350100	71	1	98.61	CG
8	23349964	23350100	22	852	2.52	CHH
8	23488434	23488729	235	17	93.25	CG
8	23488434	23488729	34	111	23.45	CHG
8	23488434	23488729	24	1673	1.41	CHH
8	24309357	24309533	1	82	1.20	CG
8	24309357	24309533	1	184	0.54	CHG
8	24309357	24309533	5	601	0.83	CHH
8	24422312	24422568	23	10	69.70	CG
8	24422312	24422568	5	68	6.85	CHG
8	24422312	24422568	7	908	0.77	CHH
8	24735337	24736197	364	73	83.30	CG
8	24735337	24736197	5	690	0.72	CHG
8	24735337	24736197	15	4862	0.31	CHH
8	24736834	24737078	384	29	92.98	CG
8	24736834	24737078	2	146	1.35	CHG
8	24736834	24737078	9	1161	0.77	CHH
8	24750449	24750953	281	8	97.23	CG
8	24750449	24750953	66	283	18.91	CHG
8	24750449	24750953	47	2904	1.59	CHH
8	24768225	24768508	127	3	97.69	CG
8	24768225	24768508	3	203	1.46	CHG
8	24768225	24768508	13	2073	0.62	CHH
8	24784953	24785097	71	6	92.21	CG
8	24784953	24785097	22	34	39.29	CHG
8	24784953	24785097	3	822	0.36	CHH
8	24834030	24834325	32	24	57.14	CG
8	24834030	24834325	1	26	3.70	CHG
8	24834030	24834325	12	921	1.29	CHH
8	24968997	24969171	22	0	100.00	CG
8	24968997	24969171	16	6	72.73	CHG
8	24968997	24969171	8	289	2.69	CHH
8	26169264	26169435	176	5	97.24	CG
8	26169264	26169435	33	33	50.00	CHG
8	26169264	26169435	33	238	12.18	CHH
8	26441035	26441114	5	36	12.20	CHG
8	26441035	26441114	32	242	11.68	CHH
8	26827794	26828034	13	182	6.67	CG
8	26827794	26828034	1	167	0.60	CHG
8	26827794	26828034	2	678	0.29	CHH
8	27623734	27623958	292	33	89.85	CG
8	27623734	27623958	104	135	43.51	CHG
8	27623734	27623958	24	859	2.72	CHH
8	28152674	28152872	13	588	2.16	CHH
8	28409753	28410078	25	18	58.14	CG
8	28409753	28410078	49	24	67.12	CHG
8	28409753	28410078	46	1171	3.78	CHH
9	1254705	1254916	136	6	95.77	CG
9	1254705	1254916	3	8	27.27	CHG
9	1254705	1254916	54	675	7.41	CHH
9	1884036	1884200	15	751	1.96	CHH
9	3634113	3634220	9	14	39.13	CHG
9	3634113	3634220	3	385	0.77	CHH
9	3933418	3933532	21	4	84.00	CG
9	3933418	3933532	11	15	42.31	CHG
9	3933418	3933532	22	369	5.63	CHH
9	4570159	4570785	556	19	96.70	CG
9	4570159	4570785	280	384	42.17	CHG
9	4570159	4570785	18	2838	0.63	CHH
9	7158967	7159348	61	7	89.71	CG
9	7158967	7159348	19	91	17.27	CHG
9	7158967	7159348	8	1174	0.68	CHH
9	10378957	10379055	178	89	66.67	CG
9	10378957	10379055	25	219	10.25	CHG
9	10378957	10379055	18	675	2.60	CHH
9	10754150	10754480	25	1	96.15	CG
9	10754150	10754480	16	39	29.09	CHG
9	10754150	10754480	9	1282	0.70	CHH
9	11037393	11037551	23	514	4.28	CHH
9	14633566	14633811	161	3	98.17	CG
9	14633566	14633811	79	50	61.24	CHG
9	14633566	14633811	114	1049	9.80	CHH
9	16086094	16086273	23	28	45.10	CG
9	16086094	16086273	12	29	29.27	CHG
9	16086094	16086273	12	328	3.53	CHH
9	16215726	16215834	2	581	0.34	CHH
9	16663866	16664244	107	161	39.93	CG
9	16663866	16664244	6	413	1.43	CHG
9	16663866	16664244	11	1988	0.55	CHH
9	16928122	16928188	1	190	0.52	CHH
9	17420619	17420974	48	1	97.96	CG
9	17420619	17420974	40	95	29.63	CHG
9	17420619	17420974	55	1200	4.38	CHH
9	19098095	19098253	40	2	95.24	CG
9	19098095	19098253	27	55	32.93	CHG
9	19098095	19098253	13	998	1.29	CHH
9	21886164	21886293	2	359	0.55	CHH
10	368179	368447	1	59	1.67	CHG
10	368179	368447	11	1452	0.75	CHH
10	404795	404929	165	15	91.67	CG
10	404795	404929	3	21	12.50	CHG
10	404795	404929	3	268	1.11	CHH
10	1838124	1838526	41	13	75.93	CG
10	1838124	1838526	21	2	91.30	CHG
10	1838124	1838526	146	979	12.98	CHH
10	1890175	1890720	280	69	80.23	CG
10	1890175	1890720	5	476	1.04	CHG
10	1890175	1890720	10	2719	0.37	CHH
10	2576261	2576420	11	991	1.10	CHH
10	3444619	3445144	75	181	29.30	CG
10	3444619	3445144	3	332	0.90	CHG
10	3444619	3445144	10	1855	0.54	CHH
10	5680298	5680662	186	1021	15.41	CG
10	5680298	5680662	12	1338	0.89	CHG
10	5680298	5680662	9	2365	0.38	CHH
10	6420591	6420748	2	138	1.43	CHG
10	6420591	6420748	2	610	0.33	CHH
10	7535391	7535626	2	582	0.34	CHH
10	8506073	8506152	11	53	17.19	CG
10	8506073	8506152	1	367	0.27	CHH
10	9497876	9498140	133	5	96.38	CG
10	9497876	9498140	12	16	42.86	CHG
10	9497876	9498140	45	1073	4.03	CHH
10	11192936	11193103	58	17	77.33	CG
10	11192936	11193103	14	59	19.18	CHG
10	11192936	11193103	1	293	0.34	CHH
10	11922949	11923127	20	2	90.91	CG
10	11922949	11923127	33	42	44.00	CHG
10	11922949	11923127	4	185	2.12	CHH
10	12206026	12206233	4	16	20.00	CG
10	12206026	12206233	0	19	0.00	CHG
10	12206026	12206233	13	620	2.05	CHH
10	13147744	13147963	224	16	93.33	CG
10	13147744	13147963	54	49	52.43	CHG
10	13147744	13147963	39	1142	3.30	CHH
10	15011394	15011890	175	65	72.92	CG
10	15011394	15011890	31	151	17.03	CHG
10	15011394	15011890	12	1141	1.04	CHH
10	15870323	15870605	53	2	96.36	CG
10	15870323	15870605	83	121	40.69	CHG
10	15870323	15870605	49	524	8.55	CHH
10	15986243	15986518	1	24	4.00	CG
10	15986243	15986518	3	167	1.76	CHG
10	15986243	15986518	7	1003	0.69	CHH
10	15991567	15992011	1	548	0.18	CG
10	15991567	15992011	3	705	0.42	CHG
10	15991567	15992011	16	2283	0.70	CHH
10	16003795	16003950	0	20	0.00	CG
10	16003795	16003950	2	128	1.54	CHG
10	16003795	16003950	2	457	0.44	CHH
10	16208913	16209034	31	4	88.57	CG
10	16208913	16209034	21	20	51.22	CHG
10	16208913	16209034	61	452	11.89	CHH
10	17033161	17033405	335	21	94.10	CG
10	17033161	17033405	79	66	54.48	CHG
10	17033161	17033405	22	911	2.36	CHH
10	18046108	18046282	9	567	1.56	CHH
10	18101624	18101816	69	162	29.87	CG
10	18101624	18101816	9	179	4.79	CHG
10	18101624	18101816	31	819	3.65	CHH
10	18561922	18562175	173	5	97.19	CG
10	18561922	18562175	209	94	68.98	CHG
10	18561922	18562175	32	1099	2.83	CHH
10	18632472	18632641	9	648	1.37	CHH
10	19698082	19698409	34	24	58.62	CG
10	19698082	19698409	31	58	34.83	CHG
10	19698082	19698409	33	1501	2.15	CHH
10	19941399	19941637	22	1	95.65	CG
10	19941399	19941637	19	702	2.64	CHH
10	20291443	20292459	924	32	96.65	CG
10	20291443	20292459	450	84	84.27	CHG
10	20291443	20292459	200	2747	6.79	CHH
10	20762313	20762534	4	175	2.23	CG
10	20762313	20762534	1	351	0.28	CHG
10	20762313	20762534	5	1072	0.46	CHH
10	20778820	20779263	27	287	8.60	CG
10	20778820	20779263	12	667	1.77	CHG
10	20778820	20779263	7	1977	0.35	CHH
10	21827999	21828272	0	47	0.00	CHG
10	21827999	21828272	25	1222	2.00	CHH
10	22689536	22689741	145	1090	11.74	CHH
10	22690213	22690439	5	399	1.24	CHH
11	569050	569549	46	2	95.83	CG
11	569050	569549	112	100	52.83	CHG
11	569050	569549	43	1583	2.64	CHH
11	1200546	1200636	31	0	100.00	CG
11	1200546	1200636	17	15	53.12	CHG
11	1200546	1200636	8	554	1.42	CHH
11	1713742	1714360	439	20	95.64	CG
11	1713742	1714360	169	209	44.71	CHG
11	1713742	1714360	45	2900	1.53	CHH
11	1878755	1878890	0	65	0.00	CG
11	1878755	1878890	67	54	55.37	CHG
11	1878755	1878890	3	534	0.56	CHH
11	1932470	1932979	4	29	12.12	CG
11	1932470	1932979	3	96	3.03	CHG
11	1932470	1932979	23	1511	1.50	CHH
11	1947206	1947542	19	0	100.00	CG
11	1947206	1947542	50	732	6.39	CHH
11	2378673	2378944	87	7	92.55	CG
11	2378673	2378944	0	20	0.00	CHG
11	2378673	2378944	15	789	1.87	CHH
11	5554822	5555192	71	1	98.61	CG
11	5554822	5555192	220	102	68.32	CHG
11	5554822	5555192	67	1404	4.55	CHH
11	7332863	7333120	40	5	88.89	CG
11	7332863	7333120	1	47	2.08	CHG
11	7332863	7333120	9	780	1.14	CHH
11	7589703	7589963	11	1	91.67	CG
11	7589703	7589963	10	2	83.33	CHG
11	7589703	7589963	4	421	0.94	CHH
11	7735709	7735929	57	12	82.61	CG
11	7735709	7735929	35	46	43.21	CHG
11	7735709	7735929	4	541	0.73	CHH
11	8045721	8046006	210	285	42.42	CG
11	8045721	8046006	2	156	1.27	CHG
11	8045721	8046006	15	1727	0.86	CHH
11	9151816	9151968	2	24	7.69	CHG
11	9151816	9151968	5	736	0.67	CHH
11	11662804	11663369	162	9	94.74	CG
11	11662804	11663369	226	56	80.14	CHG
11	11662804	11663369	204	2490	7.57	CHH
11	11787143	11787246	26	926	2.73	CHH
11	13632522	13632647	6	149	3.87	CHG
11	13632522	13632647	17	504	3.26	CHH
11	14005572	14005699	2	514	0.39	CHH
11	14006096	14006227	5	651	0.76	CHH
11	14311549	14311878	508	20	96.21	CG
11	14311549	14311878	122	60	67.03	CHG
11	14311549	14311878	33	1228	2.62	CHH
11	16006890	16007049	21	2	91.30	CG
11	16006890	16007049	12	6	66.67	CHG
11	16006890	16007049	53	540	8.94	CHH
11	16339318	16339504	134	1	99.26	CG
11	16339318	16339504	3	25	10.71	CHG
11	16339318	16339504	1	607	0.16	CHH
11	16884445	16884740	34	3	91.89	CG
11	16884445	16884740	11	697	1.55	CHH
11	16979978	16980123	23	0	100.00	CG
11	16979978	16980123	11	492	2.19	CHH
11	18415594	18415828	18	3	85.71	CG
11	18415594	18415828	4	804	0.50	CHH
11	19478887	19479310	231	5	97.88	CG
11	19478887	19479310	92	398	18.78	CHG
11	19478887	19479310	17	1858	0.91	CHH
11	19817539	19817761	1	27	3.57	CHG
11	19817539	19817761	18	543	3.21	CHH
11	21197890	21198236	2	58	3.33	CHG
11	21197890	21198236	7	1679	0.42	CHH
11	21255747	21256111	277	5	98.23	CG
11	21255747	21256111	289	59	83.05	CHG
11	21255747	21256111	49	1635	2.91	CHH
11	21412886	21413094	152	3	98.06	CG
11	21412886	21413094	19	98	16.24	CHG
11	21412886	21413094	6	520	1.14	CHH
11	22039593	22039763	13	59	18.06	CHG
11	22039593	22039763	18	709	2.48	CHH
11	23435202	23435727	51	42	54.84	CG
11	23435202	23435727	8	537	1.47	CHG
11	23435202	23435727	9	1957	0.46	CHH
11	24395075	24395260	84	41	67.20	CG
11	24395075	24395260	5	51	8.93	CHG
11	24395075	24395260	4	673	0.59	CHH
11	24851409	24851658	234	8	96.69	CG
11	24851409	24851658	289	14	95.38	CHG
11	24851409	24851658	126	1209	9.44	CHH
11	24991462	24991590	27	3	90.00	CG
11	24991462	24991590	8	111	6.72	CHG
11	24991462	24991590	13	327	3.82	CHH
11	25110396	25110624	35	0	100.00	CG
11	25110396	25110624	0	11	0.00	CHG
11	25110396	25110624	4	536	0.74	CHH
11	25586084	25586542	192	6	96.97	CG
11	25586084	25586542	135	96	58.44	CHG
11	25586084	25586542	51	2640	1.90	CHH
11	25784649	25784892	80	16	83.33	CG
11	25784649	25784892	18	147	10.91	CHG
11	25784649	25784892	7	1318	0.53	CHH
11	25810584	25810761	14	11	56.00	CHG
11	25810584	25810761	4	705	0.56	CHH
11	25853608	25853790	43	3	93.48	CG
11	25853608	25853790	59	1229	4.58	CHH
11	26205598	26205997	144	6	96.00	CG
11	26205598	26205997	4	227	1.73	CHG
11	26205598	26205997	9	1933	0.46	CHH
11	27682635	27683583	988	34	96.67	CG
11	27682635	27683583	536	291	64.81	CHG
11	27682635	27683583	123	2531	4.63	CHH
11	28181129	28181426	36	1	97.30	CG
11	28181129	28181426	1	605	0.17	CHH
12	217168	217301	77	4	95.06	CG
12	217168	217301	7	31	18.42	CHG
12	217168	217301	21	875	2.34	CHH
12	552916	553122	5	837	0.59	CHH
12	793700	793972	5	21	19.23	CHG
12	793700	793972	90	1056	7.85	CHH
12	961100	961336	83	7	92.22	CG
12	961100	961336	51	388	11.62	CHG
12	961100	961336	17	1427	1.18	CHH
12	1049649	1049822	51	708	6.72	CHH
12	1548545	1548692	9	17	34.62	CHG
12	1548545	1548692	3	332	0.90	CHH
12	1801896	1802216	64	36	64.00	CG
12	1801896	1802216	75	75	50.00	CHG
12	1801896	1802216	14	1166	1.19	CHH
12	1816647	1816809	6	30	16.67	CG
12	1816647	1816809	4	619	0.64	CHH
12	2466366	2466538	8	48	14.29	CHG
12	2466366	2466538	16	1126	1.40	CHH
12	5021892	5024116	618	56	91.69	CG
12	5021892	5024116	1238	1208	50.61	CHG
12	5021892	5024116	119	10191	1.15	CHH
12	5024498	5027592	724	31	95.89	CG
12	5024498	5027592	670	1533	30.41	CHG
12	5024498	5027592	94	11900	0.78	CHH
12	7849278	7849532	217	16	93.13	CG
12	7849278	7849532	3	17	15.00	CHG
12	7849278	7849532	19	1097	1.70	CHH
12	10927998	10928435	29	0	100.00	CG
12	10927998	10928435	2	58	3.33	CHG
12	10927998	10928435	6	1367	0.44	CHH
12	11362213	11362441	14	0	100.00	CG
12	11362213	11362441	0	14	0.00	CHG
12	11362213	11362441	1	487	0.20	CHH
12	12440435	12440631	0	623	0.00	CG
12	12440435	12440631	1	307	0.32	CHG
12	12440435	12440631	4	1116	0.36	CHH
12	12966688	12966790	49	125	28.16	CHH
12	15202347	15202507	107	6	94.69	CG
12	15202347	15202507	3	40	6.98	CHG
12	15202347	15202507	32	936	3.31	CHH
12	17986589	17987047	98	12	89.09	CG
12	17986589	17987047	144	17	89.44	CHG
12	17986589	17987047	49	1452	3.26	CHH
12	18936325	18936741	441	10	97.78	CG
12	18936325	18936741	56	45	55.45	CHG
12	18936325	18936741	40	1425	2.73	CHH
12	19120680	19120950	5	52	8.77	CG
12	19120680	19120950	0	38	0.00	CHG
12	19120680	19120950	6	1295	0.46	CHH
12	19156150	19156313	18	2	90.00	CG
12	19156150	19156313	26	30	46.43	CHG
12	19156150	19156313	32	385	7.67	CHH
12	21483416	21483688	109	6	94.78	CG
12	21483416	21483688	185	53	77.73	CHG
12	21483416	21483688	37	1562	2.31	CHH
12	21831911	21832012	2	273	0.73	CHH
12	22451242	22451490	0	30	0.00	CHG
12	22451242	22451490	11	1121	0.97	CHH
12	22462835	22463098	2	169	1.17	CG
12	22462835	22463098	3	255	1.16	CHG
12	22462835	22463098	28	1457	1.89	CHH
12	22503691	22503984	90	0	100.00	CG
12	22503691	22503984	56	22	71.79	CHG
12	22503691	22503984	67	724	8.47	CHH
12	23090136	23090406	23	4	85.19	CG
12	23090136	23090406	4	812	0.49	CHH
12	23253874	23254115	62	2	96.88	CG
12	23253874	23254115	1	26	3.70	CHG
12	23253874	23254115	29	847	3.31	CHH
12	23419385	23419484	13	1	92.86	CG
12	23419385	23419484	1	199	0.50	CHH
12	23569460	23569549	55	3	94.83	CG
12	23569460	23569549	14	4	77.78	CHG
12	23569460	23569549	3	246	1.20	CHH
12	24432087	24432276	16	406	3.79	CHH
12	25119408	25119711	247	18	93.21	CG
12	25119408	25119711	106	180	37.06	CHG
12	25119408	25119711	17	1347	1.25	CHH
12	25285613	25285813	23	1	95.83	CG
12	25285613	25285813	22	678	3.14	CHH
12	25690213	25690552	3	250	1.19	CG
12	25690213	25690552	0	124	0.00	CHG
12	25690213	25690552	4	1193	0.33	CHH
12	26052913	26053003	0	171	0.00	CHG
12	26052913	26053003	4	502	0.79	CHH
