1	2555114	2555411	271	24	91.86	CG
1	2555114	2555411	83	81	50.61	CHG
1	2555114	2555411	19	539	3.41	CHH
1	8143115	8144572	461	1375	25.11	CG
1	8143115	8144572	164	1219	11.86	CHG
1	8143115	8144572	68	6614	1.02	CHH
1	8856289	8857459	865	335	72.08	CG
1	8856289	8857459	419	593	41.40	CHG
1	8856289	8857459	71	2292	3.00	CHH
1	9440253	9440373	64	2	96.97	CG
1	9440253	9440373	216	17	92.70	CHG
1	9440253	9440373	36	531	6.35	CHH
1	10922927	10924097	1353	64	95.48	CG
1	10922927	10924097	308	577	34.80	CHG
1	10922927	10924097	66	2673	2.41	CHH
1	10924272	10925038	388	28	93.27	CG
1	10924272	10925038	191	244	43.91	CHG
1	10924272	10925038	129	1818	6.63	CHH
1	10926447	10926494	60	2	96.77	CG
1	10926447	10926494	29	19	60.42	CHG
1	10926447	10926494	11	288	3.68	CHH
1	10927779	10928239	5	902	0.55	CG
1	10927779	10928239	5	1178	0.42	CHG
1	10927779	10928239	11	2764	0.40	CHH
1	11194466	11195470	1330	46	96.66	CG
1	11194466	11195470	483	88	84.59	CHG
1	11194466	11195470	338	2590	11.54	CHH
1	11195594	11197144	1464	34	97.73	CG
1	11195594	11197144	994	120	89.23	CHG
1	11195594	11197144	512	4271	10.70	CHH
1	11469690	11470040	189	175	51.92	CG
1	11469690	11470040	21	205	9.29	CHG
1	11469690	11470040	17	636	2.60	CHH
1	11476217	11476541	352	52	87.13	CG
1	11476217	11476541	75	181	29.30	CHG
1	11476217	11476541	19	1271	1.47	CHH
1	11476776	11476980	230	24	90.55	CG
1	11476776	11476980	67	233	22.33	CHG
1	11476776	11476980	8	708	1.12	CHH
1	14960932	14961729	555	35	94.07	CG
1	14960932	14961729	177	318	35.76	CHG
1	14960932	14961729	81	1604	4.81	CHH
1	20811581	20812788	471	18	96.32	CG
1	20811581	20812788	427	231	64.89	CHG
1	20811581	20812788	137	3801	3.48	CHH
1	20812987	20814418	1766	66	96.40	CG
1	20812987	20814418	1106	202	84.56	CHG
1	20812987	20814418	214	4404	4.63	CHH
1	21008974	21009872	429	15	96.62	CG
1	21008974	21009872	319	233	57.79	CHG
1	21008974	21009872	92	3955	2.27	CHH
1	21009973	21014417	3890	282	93.24	CG
1	21009973	21014417	3308	3253	50.42	CHG
1	21009973	21014417	304	19500	1.54	CHH
1	25251599	25253560	2406	839	74.14	CG
1	25251599	25253560	582	1273	31.37	CHG
1	25251599	25253560	205	7726	2.58	CHH
1	25254184	25254575	459	10	97.87	CG
1	25254184	25254575	123	130	48.62	CHG
1	25254184	25254575	48	980	4.67	CHH
1	26580982	26582392	944	19	98.03	CG
1	26580982	26582392	490	207	70.30	CHG
1	26580982	26582392	150	1956	7.12	CHH
1	28208118	28209343	918	25	97.35	CG
1	28208118	28209343	396	152	72.26	CHG
1	28208118	28209343	250	1224	16.96	CHH
1	28209629	28210983	1114	105	91.39	CG
1	28209629	28210983	835	536	60.90	CHG
1	28209629	28210983	143	5660	2.46	CHH
1	28211421	28212110	332	8	97.65	CG
1	28211421	28212110	473	70	87.11	CHG
1	28211421	28212110	96	3063	3.04	CHH
1	30811371	30812183	484	95	83.59	CG
1	30811371	30812183	326	240	57.60	CHG
1	30811371	30812183	32	1560	2.01	CHH
1	36452592	36453218	294	93	75.97	CG
1	36452592	36453218	100	197	33.67	CHG
1	36452592	36453218	51	1042	4.67	CHH
1	38451745	38452887	715	422	62.88	CG
1	38451745	38452887	257	509	33.55	CHG
1	38451745	38452887	143	2591	5.23	CHH
1	41135938	41135972	0	67	0.00	CG
1	41135938	41135972	1	31	3.12	CHG
1	41135938	41135972	2	153	1.29	CHH
2	3701316	3701517	91	4	95.79	CG
2	3701316	3701517	24	84	22.22	CHG
2	3701316	3701517	1	669	0.15	CHH
2	6759920	6761510	873	58	93.77	CG
2	6759920	6761510	548	490	52.79	CHG
2	6759920	6761510	123	4007	2.98	CHH
2	7610238	7610762	216	649	24.97	CG
2	7610238	7610762	62	557	10.02	CHG
2	7610238	7610762	39	1666	2.29	CHH
2	8346082	8346522	360	13	96.51	CG
2	8346082	8346522	440	116	79.14	CHG
2	8346082	8346522	83	2185	3.66	CHH
2	13582141	13582726	313	9	97.20	CG
2	13582141	13582726	330	216	60.44	CHG
2	13582141	13582726	60	2212	2.64	CHH
2	14698488	14698632	59	62	48.76	CG
2	14698488	14698632	30	134	18.29	CHG
2	14698488	14698632	19	256	6.91	CHH
2	16555825	16557101	664	1474	31.06	CG
2	16555825	16557101	187	1669	10.08	CHG
2	16555825	16557101	31	4197	0.73	CHH
2	16557180	16558295	519	1068	32.70	CG
2	16557180	16558295	349	1248	21.85	CHG
2	16557180	16558295	276	5220	5.02	CHH
2	29633236	29636111	2182	878	71.31	CG
2	29633236	29636111	1808	863	67.69	CHG
2	29633236	29636111	640	8958	6.67	CHH
2	29778535	29779835	1481	50	96.73	CG
2	29778535	29779835	882	98	90.00	CHG
2	29778535	29779835	408	5741	6.64	CHH
2	29780404	29782752	1998	186	91.48	CG
2	29780404	29782752	898	279	76.30	CHG
2	29780404	29782752	624	9447	6.20	CHH
2	33668330	33668734	85	781	9.82	CG
2	33668330	33668734	18	823	2.14	CHG
2	33668330	33668734	31	1837	1.66	CHH
3	7205990	7206396	736	38	95.09	CG
3	7205990	7206396	658	56	92.16	CHG
3	7205990	7206396	93	1926	4.61	CHH
3	7208162	7208468	379	8	97.93	CG
3	7208162	7208468	162	32	83.51	CHG
3	7208162	7208468	41	1305	3.05	CHH
3	10131683	10133676	1795	295	85.89	CG
3	10131683	10133676	700	685	50.54	CHG
3	10131683	10133676	161	5785	2.71	CHH
3	12711049	12711825	639	16	97.56	CG
3	12711049	12711825	369	120	75.46	CHG
3	12711049	12711825	129	2907	4.25	CHH
3	12711907	12712969	1117	148	88.30	CG
3	12711907	12712969	767	429	64.13	CHG
3	12711907	12712969	104	3664	2.76	CHH
3	13925598	13926734	1386	50	96.52	CG
3	13925598	13926734	671	264	71.76	CHG
3	13925598	13926734	111	3371	3.19	CHH
3	15610099	15611396	1030	44	95.90	CG
3	15610099	15611396	469	189	71.28	CHG
3	15610099	15611396	256	2958	7.97	CHH
3	17446064	17447102	999	33	96.80	CG
3	17446064	17447102	821	94	89.73	CHG
3	17446064	17447102	357	3185	10.08	CHH
3	19352995	19356617	5266	163	97.00	CG
3	19352995	19356617	3285	640	83.69	CHG
3	19352995	19356617	613	13480	4.35	CHH
3	22294607	22295687	1103	29	97.44	CG
3	22294607	22295687	747	110	87.16	CHG
3	22294607	22295687	241	3265	6.87	CHH
3	22295781	22296159	538	10	98.18	CG
3	22295781	22296159	380	27	93.37	CHG
3	22295781	22296159	143	1200	10.65	CHH
3	22404232	22405507	2095	90	95.88	CG
3	22404232	22405507	726	357	67.04	CHG
3	22404232	22405507	186	2773	6.29	CHH
3	27941138	27942796	1077	148	87.92	CG
3	27941138	27942796	855	869	49.59	CHG
3	27941138	27942796	242	6651	3.51	CHH
3	28510179	28510777	464	24	95.08	CG
3	28510179	28510777	259	113	69.62	CHG
3	28510179	28510777	135	2643	4.86	CHH
4	2276177	2276551	593	15	97.53	CG
4	2276177	2276551	203	46	81.53	CHG
4	2276177	2276551	43	729	5.57	CHH
4	11651971	11654930	3372	153	95.66	CG
4	11651971	11654930	1589	907	63.66	CHG
4	11651971	11654930	262	13898	1.85	CHH
4	27689683	27689829	86	65	56.95	CG
4	27689683	27689829	7	55	11.29	CHG
4	27689683	27689829	9	437	2.02	CHH
4	29141581	29141664	46	2	95.83	CG
4	29141581	29141664	31	13	70.45	CHG
4	29141581	29141664	4	207	1.90	CHH
4	30611394	30612481	371	368	50.20	CG
4	30611394	30612481	230	784	22.68	CHG
4	30611394	30612481	129	3584	3.47	CHH
5	662749	664095	1269	36	97.24	CG
5	662749	664095	657	211	75.69	CHG
5	662749	664095	200	3491	5.42	CHH
5	664360	665573	863	322	72.83	CG
5	664360	665573	459	915	33.41	CHG
5	664360	665573	85	4796	1.74	CHH
5	1136684	1139118	2205	80	96.50	CG
5	1136684	1139118	1739	578	75.05	CHG
5	1136684	1139118	307	9408	3.16	CHH
5	2775738	2775910	2	169	1.17	CG
5	2775738	2775910	0	88	0.00	CHG
5	2775738	2775910	0	396	0.00	CHH
5	11245127	11247429	1666	225	88.10	CG
5	11245127	11247429	1127	281	80.04	CHG
5	11245127	11247429	560	5906	8.66	CHH
5	13079678	13081153	1554	60	96.28	CG
5	13079678	13081153	780	322	70.78	CHG
5	13079678	13081153	220	4388	4.77	CHH
5	19128840	19130154	1427	28	98.08	CG
5	19128840	19130154	872	248	77.86	CHG
5	19128840	19130154	392	4129	8.67	CHH
5	19883682	19883838	346	7	98.02	CG
5	19883682	19883838	273	31	89.80	CHG
5	19883682	19883838	10	138	6.76	CHH
5	19884479	19885037	388	203	65.65	CG
5	19884479	19885037	248	335	42.54	CHG
5	19884479	19885037	10	1081	0.92	CHH
5	27489055	27489338	528	13	97.60	CG
5	27489055	27489338	367	84	81.37	CHG
5	27489055	27489338	71	1165	5.74	CHH
5	27489622	27490471	183	493	27.07	CG
5	27489622	27490471	171	628	21.40	CHG
5	27489622	27490471	37	3044	1.20	CHH
6	1051401	1053277	1963	122	94.15	CG
6	1051401	1053277	1029	881	53.87	CHG
6	1051401	1053277	197	4794	3.95	CHH
6	6075315	6076487	920	29	96.94	CG
6	6075315	6076487	849	133	86.46	CHG
6	6075315	6076487	304	6965	4.18	CHH
6	6076943	6077142	422	11	97.46	CG
6	6076943	6077142	366	88	80.62	CHG
6	6076943	6077142	28	481	5.50	CHH
6	6339071	6340741	1684	69	96.06	CG
6	6339071	6340741	761	316	70.66	CHG
6	6339071	6340741	289	4348	6.23	CHH
6	11301673	11302182	136	3	97.84	CG
6	11301673	11302182	272	56	82.93	CHG
6	11301673	11302182	82	830	8.99	CHH
6	12035080	12038531	4907	185	96.37	CG
6	12035080	12038531	1972	2708	42.14	CHG
6	12035080	12038531	104	13072	0.79	CHH
6	13426051	13427806	2167	49	97.79	CG
6	13426051	13427806	1077	501	68.25	CHG
6	13426051	13427806	231	6691	3.34	CHH
6	13432787	13433792	949	17	98.24	CG
6	13432787	13433792	671	325	67.37	CHG
6	13432787	13433792	75	4452	1.66	CHH
6	13434151	13437348	4077	161	96.20	CG
6	13434151	13437348	3069	711	81.19	CHG
6	13434151	13437348	582	16217	3.46	CHH
6	17322463	17323417	968	33	96.70	CG
6	17322463	17323417	670	196	77.37	CHG
6	17322463	17323417	94	3551	2.58	CHH
6	17674030	17675910	1181	140	89.40	CG
6	17674030	17675910	180	1241	12.67	CHG
6	17674030	17675910	72	7820	0.91	CHH
6	21224444	21225486	618	944	39.56	CG
6	21224444	21225486	372	981	27.49	CHG
6	21224444	21225486	74	2876	2.51	CHH
6	21225688	21227423	2346	388	85.81	CG
6	21225688	21227423	1145	871	56.80	CHG
6	21225688	21227423	295	4476	6.18	CHH
6	21664378	21665467	886	401	68.84	CG
6	21664378	21665467	476	630	43.04	CHG
6	21664378	21665467	275	5010	5.20	CHH
6	27800538	27801418	19	332	5.41	CG
6	27800538	27801418	2	560	0.36	CHG
6	27800538	27801418	6	2677	0.22	CHH
6	28515545	28517894	2663	73	97.33	CG
6	28515545	28517894	1139	630	64.39	CHG
6	28515545	28517894	281	8077	3.36	CHH
6	29380325	29380583	35	104	25.18	CG
6	29380325	29380583	3	169	1.74	CHG
6	29380325	29380583	3	585	0.51	CHH
7	998065	998596	430	23	94.92	CG
7	998065	998596	417	107	79.58	CHG
7	998065	998596	54	2593	2.04	CHH
7	999799	1001396	1289	50	96.27	CG
7	999799	1001396	500	481	50.97	CHG
7	999799	1001396	148	3457	4.11	CHH
7	3900733	3901027	445	20	95.70	CG
7	3900733	3901027	171	145	54.11	CHG
7	3900733	3901027	13	572	2.22	CHH
7	3901161	3901878	507	12	97.69	CG
7	3901161	3901878	203	70	74.36	CHG
7	3901161	3901878	42	2062	2.00	CHH
7	3901974	3902422	150	10	93.75	CG
7	3901974	3902422	76	90	45.78	CHG
7	3901974	3902422	65	821	7.34	CHH
7	5720282	5722705	1880	65	96.66	CG
7	5720282	5722705	1353	994	57.65	CHG
7	5720282	5722705	164	9970	1.62	CHH
7	8298338	8298633	88	4	95.65	CG
7	8298338	8298633	54	187	22.41	CHG
7	8298338	8298633	16	857	1.83	CHH
7	8298718	8299246	547	38	93.50	CG
7	8298718	8299246	301	147	67.19	CHG
7	8298718	8299246	61	1729	3.41	CHH
7	8299464	8300327	458	6	98.71	CG
7	8299464	8300327	597	76	88.71	CHG
7	8299464	8300327	166	3667	4.33	CHH
7	15317591	15318975	1196	43	96.53	CG
7	15317591	15318975	807	404	66.64	CHG
7	15317591	15318975	115	6252	1.81	CHH
7	15677020	15677884	432	66	86.75	CG
7	15677020	15677884	143	762	15.80	CHG
7	15677020	15677884	20	2063	0.96	CHH
7	19999746	20001606	1344	114	92.18	CG
7	19999746	20001606	395	756	34.32	CHG
7	19999746	20001606	132	3692	3.45	CHH
7	20006322	20006843	371	7	98.15	CG
7	20006322	20006843	118	244	32.60	CHG
7	20006322	20006843	32	1855	1.70	CHH
7	22461243	22461968	1227	51	96.01	CG
7	22461243	22461968	665	266	71.43	CHG
7	22461243	22461968	81	3244	2.44	CHH
7	27168967	27169484	185	105	63.79	CG
7	27168967	27169484	13	216	5.68	CHG
7	27168967	27169484	36	1292	2.71	CHH
8	3956366	3957065	435	119	78.52	CG
8	3956366	3957065	131	518	20.18	CHG
8	3956366	3957065	40	2691	1.46	CHH
8	4051074	4052619	1330	1070	55.42	CG
8	4051074	4052619	157	1314	10.67	CHG
8	4051074	4052619	130	4281	2.95	CHH
8	5776503	5777429	839	1094	43.40	CG
8	5776503	5777429	297	928	24.24	CHG
8	5776503	5777429	64	3051	2.05	CHH
8	5777523	5777952	532	17	96.90	CG
8	5777523	5777952	319	185	63.29	CHG
8	5777523	5777952	42	1281	3.17	CHH
8	7667656	7668635	934	33	96.59	CG
8	7667656	7668635	436	639	40.56	CHG
8	7667656	7668635	57	4890	1.15	CHH
8	7668975	7671382	1898	121	94.01	CG
8	7668975	7671382	824	3283	20.06	CHG
8	7668975	7671382	84	12999	0.64	CHH
8	7769992	7770862	966	27	97.28	CG
8	7769992	7770862	1249	294	80.95	CHG
8	7769992	7770862	120	5453	2.15	CHH
8	8373831	8376092	2462	88	96.55	CG
8	8373831	8376092	1791	347	83.77	CHG
8	8373831	8376092	463	8407	5.22	CHH
8	8446534	8449768	3726	533	87.49	CG
8	8446534	8449768	2178	727	74.97	CHG
8	8446534	8449768	905	15574	5.49	CHH
8	9446567	9447269	815	26	96.91	CG
8	9446567	9447269	318	167	65.57	CHG
8	9446567	9447269	115	1584	6.77	CHH
8	9448173	9449184	1143	137	89.30	CG
8	9448173	9449184	324	437	42.58	CHG
8	9448173	9449184	42	3260	1.27	CHH
8	15385469	15386230	820	24	97.16	CG
8	15385469	15386230	556	136	80.35	CHG
8	15385469	15386230	74	3062	2.36	CHH
8	15452051	15454665	2974	75	97.54	CG
8	15452051	15454665	1883	400	82.48	CHG
8	15452051	15454665	444	9360	4.53	CHH
8	15462558	15463189	733	21	97.21	CG
8	15462558	15463189	566	94	85.76	CHG
8	15462558	15463189	96	2227	4.13	CHH
8	15463325	15463489	213	3	98.61	CG
8	15463325	15463489	383	61	86.26	CHG
8	15463325	15463489	24	833	2.80	CHH
8	15463949	15465412	803	288	73.60	CG
8	15463949	15465412	499	583	46.12	CHG
8	15463949	15465412	108	5830	1.82	CHH
8	19733579	19734538	678	84	88.98	CG
8	19733579	19734538	309	241	56.18	CHG
8	19733579	19734538	89	2634	3.27	CHH
8	19734616	19735488	925	88	91.31	CG
8	19734616	19735488	344	563	37.93	CHG
8	19734616	19735488	83	3418	2.37	CHH
8	20981167	20986252	7727	1103	87.51	CG
8	20981167	20986252	3195	2174	59.51	CHG
8	20981167	20986252	427	15853	2.62	CHH
8	26829088	26830470	790	130	85.87	CG
8	26829088	26830470	518	232	69.07	CHG
8	26829088	26830470	178	2228	7.40	CHH
9	1293289	1296834	3679	114	96.99	CG
9	1293289	1296834	2042	452	81.88	CHG
9	1293289	1296834	827	12700	6.11	CHH
9	1297015	1297850	1281	113	91.89	CG
9	1297015	1297850	439	158	73.53	CHG
9	1297015	1297850	154	3218	4.57	CHH
9	3227798	3229550	1589	36	97.78	CG
9	3227798	3229550	855	522	62.09	CHG
9	3227798	3229550	210	6256	3.25	CHH
9	3229897	3231099	1310	105	92.58	CG
9	3229897	3231099	707	912	43.67	CHG
9	3229897	3231099	71	6284	1.12	CHH
9	3515363	3516506	966	25	97.48	CG
9	3515363	3516506	700	485	59.07	CHG
9	3515363	3516506	109	4024	2.64	CHH
9	3516815	3517763	1209	22	98.21	CG
9	3516815	3517763	313	1359	18.72	CHG
9	3516815	3517763	26	2899	0.89	CHH
9	3730715	3731926	757	423	64.15	CG
9	3730715	3731926	203	844	19.39	CHG
9	3730715	3731926	50	4387	1.13	CHH
9	9557293	9558428	1239	46	96.42	CG
9	9557293	9558428	756	224	77.14	CHG
9	9557293	9558428	108	4330	2.43	CHH
9	12178127	12181584	2225	90	96.11	CG
9	12178127	12181584	2747	467	85.47	CHG
9	12178127	12181584	561	12921	4.16	CHH
9	12419030	12419675	698	25	96.54	CG
9	12419030	12419675	164	776	17.45	CHG
9	12419030	12419675	24	1614	1.47	CHH
9	12420619	12426858	6046	141	97.72	CG
9	12420619	12426858	9802	969	91.00	CHG
9	12420619	12426858	1507	28619	5.00	CHH
9	15229746	15230319	600	12	98.04	CG
9	15229746	15230319	441	54	89.09	CHG
9	15229746	15230319	61	1029	5.60	CHH
9	15230410	15231901	1462	40	97.34	CG
9	15230410	15231901	800	135	85.56	CHG
9	15230410	15231901	350	3454	9.20	CHH
9	17429413	17430049	433	79	84.57	CG
9	17429413	17430049	194	236	45.12	CHG
9	17429413	17430049	68	2120	3.11	CHH
10	402636	402987	228	18	92.68	CG
10	402636	402987	45	195	18.75	CHG
10	402636	402987	34	889	3.68	CHH
10	705178	705397	485	7	98.58	CG
10	705178	705397	316	77	80.41	CHG
10	705178	705397	14	258	5.15	CHH
10	706000	706142	421	8	98.14	CG
10	706000	706142	309	64	82.84	CHG
10	706000	706142	7	204	3.32	CHH
10	5925941	5926484	378	11	97.17	CG
10	5925941	5926484	169	275	38.06	CHG
10	5925941	5926484	40	2677	1.47	CHH
10	5927422	5928302	615	22	96.55	CG
10	5927422	5928302	340	136	71.43	CHG
10	5927422	5928302	105	4327	2.37	CHH
10	9629597	9630043	239	409	36.88	CG
10	9629597	9630043	353	485	42.12	CHG
10	9629597	9630043	478	1185	28.74	CHH
10	11210121	11211317	1025	31	97.06	CG
10	11210121	11211317	610	152	80.05	CHG
10	11210121	11211317	364	4409	7.63	CHH
10	16005555	16006259	366	213	63.21	CG
10	16005555	16006259	78	429	15.38	CHG
10	16005555	16006259	111	1809	5.78	CHH
11	3230048	3230169	65	0	100.00	CG
11	3230048	3230169	55	28	66.27	CHG
11	3230048	3230169	10	514	1.91	CHH
11	6296560	6298355	1350	289	82.37	CG
11	6296560	6298355	1043	1141	47.76	CHG
11	6296560	6298355	111	8749	1.25	CHH
11	7729318	7730196	760	25	96.82	CG
11	7729318	7730196	1023	131	88.65	CHG
11	7729318	7730196	124	3207	3.72	CHH
11	7736107	7738642	2140	245	89.73	CG
11	7736107	7738642	854	1352	38.71	CHG
11	7736107	7738642	101	8153	1.22	CHH
11	7738733	7740049	1176	40	96.71	CG
11	7738733	7740049	801	271	74.72	CHG
11	7738733	7740049	124	5273	2.30	CHH
11	8911345	8913282	439	580	43.08	CG
11	8911345	8913282	339	2401	12.37	CHG
11	8911345	8913282	69	9142	0.75	CHH
11	11148469	11148552	2	340	0.58	CG
11	11148469	11148552	0	103	0.00	CHG
11	11148469	11148552	0	299	0.00	CHH
11	15466012	15467596	693	2760	20.07	CG
11	15466012	15467596	121	2293	5.01	CHG
11	15466012	15467596	70	5839	1.18	CHH
11	17162539	17163796	1718	58	96.73	CG
11	17162539	17163796	347	496	41.16	CHG
11	17162539	17163796	45	1996	2.20	CHH
11	17164953	17166701	1171	130	90.01	CG
11	17164953	17166701	697	590	54.16	CHG
11	17164953	17166701	110	5513	1.96	CHH
11	17166830	17167277	424	37	91.97	CG
11	17166830	17167277	88	416	17.46	CHG
11	17166830	17167277	28	1487	1.85	CHH
11	17167358	17167576	251	9	96.54	CG
11	17167358	17167576	49	112	30.43	CHG
11	17167358	17167576	11	796	1.36	CHH
11	17167722	17168412	650	27	96.01	CG
11	17167722	17168412	65	456	12.48	CHG
11	17167722	17168412	19	2040	0.92	CHH
11	17168615	17170260	1707	75	95.79	CG
11	17168615	17170260	1369	1262	52.03	CHG
11	17168615	17170260	90	7087	1.25	CHH
11	22338223	22342581	4437	116	97.45	CG
11	22338223	22342581	3202	595	84.33	CHG
11	22338223	22342581	656	13008	4.80	CHH
11	24390111	24390786	201	13	93.93	CG
11	24390111	24390786	177	1286	12.10	CHG
11	24390111	24390786	19	3852	0.49	CHH
12	4737413	4737840	1	327	0.30	CG
12	4737413	4737840	0	385	0.00	CHG
12	4737413	4737840	10	1672	0.59	CHH
12	4898920	4899775	778	72	91.53	CG
12	4898920	4899775	49	524	8.55	CHG
12	4898920	4899775	47	2389	1.93	CHH
12	4902073	4902516	216	63	77.42	CG
12	4902073	4902516	10	148	6.33	CHG
12	4902073	4902516	11	889	1.22	CHH
12	9062972	9063466	571	22	96.29	CG
12	9062972	9063466	347	279	55.43	CHG
12	9062972	9063466	14	1455	0.95	CHH
12	9064169	9064334	181	3	98.37	CG
12	9064169	9064334	51	140	26.70	CHG
12	9064169	9064334	15	469	3.10	CHH
12	9064925	9066118	1159	183	86.36	CG
12	9064925	9066118	116	824	12.34	CHG
12	9064925	9066118	34	3450	0.98	CHH
12	17504082	17504299	332	9	97.36	CG
12	17504082	17504299	264	56	82.50	CHG
12	17504082	17504299	48	1043	4.40	CHH
12	17987554	17988996	1385	37	97.40	CG
12	17987554	17988996	745	267	73.62	CHG
12	17987554	17988996	172	4668	3.55	CHH
12	18861738	18863268	405	52	88.62	CG
12	18861738	18863268	161	220	42.26	CHG
12	18861738	18863268	105	5414	1.90	CHH
12	18864308	18866205	1358	56	96.04	CG
12	18864308	18866205	950	248	79.30	CHG
12	18864308	18866205	277	4680	5.59	CHH
