1	2555114	2555411	279	13	95.55	CG
1	2555114	2555411	95	69	57.93	CHG
1	2555114	2555411	89	478	15.70	CHH
1	8143115	8144572	700	1531	31.38	CG
1	8143115	8144572	518	1177	30.56	CHG
1	8143115	8144572	1903	6634	22.29	CHH
1	8856289	8857459	569	759	42.85	CG
1	8856289	8857459	313	980	24.21	CHG
1	8856289	8857459	222	2749	7.47	CHH
1	9440253	9440373	58	2	96.67	CG
1	9440253	9440373	192	25	88.48	CHG
1	9440253	9440373	81	465	14.84	CHH
1	10922927	10924097	1796	59	96.82	CG
1	10922927	10924097	499	555	47.34	CHG
1	10922927	10924097	610	3182	16.09	CHH
1	10924272	10925038	428	73	85.43	CG
1	10924272	10925038	425	138	75.49	CHG
1	10924272	10925038	1163	1450	44.51	CHH
1	10926447	10926494	48	3	94.12	CG
1	10926447	10926494	30	11	73.17	CHG
1	10926447	10926494	102	181	36.04	CHH
1	10927779	10928239	5	909	0.55	CG
1	10927779	10928239	22	1166	1.85	CHG
1	10927779	10928239	53	2894	1.80	CHH
1	11194466	11195470	1214	31	97.51	CG
1	11194466	11195470	413	82	83.43	CHG
1	11194466	11195470	481	2170	18.14	CHH
1	11195594	11197144	1510	50	96.79	CG
1	11195594	11197144	1039	147	87.61	CHG
1	11195594	11197144	1816	3585	33.62	CHH
1	11469690	11470040	267	41	86.69	CG
1	11469690	11470040	126	82	60.58	CHG
1	11469690	11470040	140	463	23.22	CHH
1	11476217	11476541	298	49	85.88	CG
1	11476217	11476541	125	92	57.60	CHG
1	11476217	11476541	115	946	10.84	CHH
1	11476776	11476980	129	3	97.73	CG
1	11476776	11476980	78	71	52.35	CHG
1	11476776	11476980	31	376	7.62	CHH
1	14960932	14961729	586	42	93.31	CG
1	14960932	14961729	259	286	47.52	CHG
1	14960932	14961729	511	1493	25.50	CHH
1	20811581	20812788	547	13	97.68	CG
1	20811581	20812788	460	168	73.25	CHG
1	20811581	20812788	494	3923	11.18	CHH
1	20812987	20814418	1742	53	97.05	CG
1	20812987	20814418	1055	222	82.62	CHG
1	20812987	20814418	358	4419	7.49	CHH
1	21008974	21009872	580	23	96.19	CG
1	21008974	21009872	613	115	84.20	CHG
1	21008974	21009872	620	4465	12.19	CHH
1	21009973	21014417	4374	143	96.83	CG
1	21009973	21014417	5549	1208	82.12	CHG
1	21009973	21014417	645	20256	3.09	CHH
1	25251599	25253560	1925	522	78.67	CG
1	25251599	25253560	632	778	44.82	CHG
1	25251599	25253560	1843	5113	26.50	CHH
1	25254184	25254575	377	21	94.72	CG
1	25254184	25254575	149	52	74.13	CHG
1	25254184	25254575	278	588	32.10	CHH
1	26580982	26582392	789	26	96.81	CG
1	26580982	26582392	408	152	72.86	CHG
1	26580982	26582392	284	1266	18.32	CHH
1	28208118	28209343	969	23	97.68	CG
1	28208118	28209343	343	135	71.76	CHG
1	28208118	28209343	154	940	14.08	CHH
1	28209629	28210983	1310	70	94.93	CG
1	28209629	28210983	1232	298	80.52	CHG
1	28209629	28210983	466	6277	6.91	CHH
1	28211421	28212110	388	11	97.24	CG
1	28211421	28212110	556	60	90.26	CHG
1	28211421	28212110	421	3051	12.13	CHH
1	30811371	30812183	637	84	88.35	CG
1	30811371	30812183	408	288	58.62	CHG
1	30811371	30812183	269	1422	15.91	CHH
1	36452592	36453218	343	113	75.22	CG
1	36452592	36453218	115	206	35.83	CHG
1	36452592	36453218	229	1016	18.39	CHH
1	38451745	38452887	673	366	64.77	CG
1	38451745	38452887	404	334	54.74	CHG
1	38451745	38452887	1094	1837	37.33	CHH
1	41135938	41135972	0	56	0.00	CG
1	41135938	41135972	0	27	0.00	CHG
1	41135938	41135972	1	124	0.80	CHH
2	3701316	3701517	72	3	96.00	CG
2	3701316	3701517	40	50	44.44	CHG
2	3701316	3701517	183	401	31.34	CHH
2	6759920	6761510	1288	38	97.13	CG
2	6759920	6761510	1010	352	74.16	CHG
2	6759920	6761510	1015	4111	19.80	CHH
2	7610238	7610762	229	655	25.90	CG
2	7610238	7610762	125	527	19.17	CHG
2	7610238	7610762	391	1369	22.22	CHH
2	8346082	8346522	347	7	98.02	CG
2	8346082	8346522	510	48	91.40	CHG
2	8346082	8346522	306	1986	13.35	CHH
2	13582141	13582726	331	42	88.74	CG
2	13582141	13582726	478	59	89.01	CHG
2	13582141	13582726	949	1841	34.01	CHH
2	14698488	14698632	106	126	45.69	CG
2	14698488	14698632	148	174	45.96	CHG
2	14698488	14698632	293	251	53.86	CHH
2	16555825	16557101	530	1730	23.45	CG
2	16555825	16557101	218	1728	11.20	CHG
2	16555825	16557101	305	4220	6.74	CHH
2	16557180	16558295	599	874	40.67	CG
2	16557180	16558295	480	1002	32.39	CHG
2	16557180	16558295	854	4005	17.58	CHH
2	29633236	29636111	2005	1069	65.22	CG
2	29633236	29636111	1861	915	67.04	CHG
2	29633236	29636111	1332	8271	13.87	CHH
2	29778535	29779835	1403	40	97.23	CG
2	29778535	29779835	829	120	87.36	CHG
2	29778535	29779835	647	5724	10.16	CHH
2	29780404	29782752	1971	68	96.67	CG
2	29780404	29782752	911	196	82.29	CHG
2	29780404	29782752	2196	7344	23.02	CHH
2	33668330	33668734	111	890	11.09	CG
2	33668330	33668734	120	843	12.46	CHG
2	33668330	33668734	621	1641	27.45	CHH
3	7205990	7206396	561	15	97.40	CG
3	7205990	7206396	433	68	86.43	CHG
3	7205990	7206396	79	1410	5.31	CHH
3	7208162	7208468	435	12	97.32	CG
3	7208162	7208468	173	49	77.93	CHG
3	7208162	7208468	352	1211	22.52	CHH
3	10131683	10133676	1862	383	82.94	CG
3	10131683	10133676	804	746	51.87	CHG
3	10131683	10133676	471	6391	6.86	CHH
3	12711049	12711825	536	10	98.17	CG
3	12711049	12711825	312	97	76.28	CHG
3	12711049	12711825	460	2177	17.44	CHH
3	12711907	12712969	1013	57	94.67	CG
3	12711907	12712969	695	313	68.95	CHG
3	12711907	12712969	331	2942	10.11	CHH
3	13925598	13926734	1077	30	97.29	CG
3	13925598	13926734	507	215	70.22	CHG
3	13925598	13926734	215	2392	8.25	CHH
3	15610099	15611396	1012	38	96.38	CG
3	15610099	15611396	391	204	65.71	CHG
3	15610099	15611396	347	2462	12.35	CHH
3	17446064	17447102	1231	38	97.01	CG
3	17446064	17447102	904	127	87.68	CHG
3	17446064	17447102	540	3485	13.42	CHH
3	19352995	19356617	5529	177	96.90	CG
3	19352995	19356617	3306	835	79.84	CHG
3	19352995	19356617	752	14110	5.06	CHH
3	22294607	22295687	1160	26	97.81	CG
3	22294607	22295687	727	124	85.43	CHG
3	22294607	22295687	764	3116	19.69	CHH
3	22295781	22296159	585	10	98.32	CG
3	22295781	22296159	349	63	84.71	CHG
3	22295781	22296159	261	1139	18.64	CHH
3	22404232	22405507	1688	49	97.18	CG
3	22404232	22405507	619	338	64.68	CHG
3	22404232	22405507	176	2074	7.82	CHH
3	27941138	27942796	1084	97	91.79	CG
3	27941138	27942796	1004	636	61.22	CHG
3	27941138	27942796	1108	5415	16.99	CHH
3	28510179	28510777	570	18	96.94	CG
3	28510179	28510777	309	114	73.05	CHG
3	28510179	28510777	663	2523	20.81	CHH
4	2276177	2276551	372	9	97.64	CG
4	2276177	2276551	128	37	77.58	CHG
4	2276177	2276551	35	385	8.33	CHH
4	11651971	11654930	3279	128	96.24	CG
4	11651971	11654930	1828	728	71.52	CHG
4	11651971	11654930	831	13553	5.78	CHH
4	27689683	27689829	140	17	89.17	CG
4	27689683	27689829	54	30	64.29	CHG
4	27689683	27689829	343	141	70.87	CHH
4	29141581	29141664	58	5	92.06	CG
4	29141581	29141664	50	6	89.29	CHG
4	29141581	29141664	92	169	35.25	CHH
4	30611394	30612481	392	273	58.95	CG
4	30611394	30612481	390	481	44.78	CHG
4	30611394	30612481	1088	2118	33.94	CHH
5	662749	664095	1116	27	97.64	CG
5	662749	664095	605	150	80.13	CHG
5	662749	664095	744	2612	22.17	CHH
5	664360	665573	768	219	77.81	CG
5	664360	665573	538	605	47.07	CHG
5	664360	665573	373	3584	9.43	CHH
5	1136684	1139118	2382	76	96.91	CG
5	1136684	1139118	1953	453	81.17	CHG
5	1136684	1139118	1621	9242	14.92	CHH
5	2775738	2775910	19	75	20.21	CG
5	2775738	2775910	22	22	50.00	CHG
5	2775738	2775910	69	150	31.51	CHH
5	11245127	11247429	1399	282	83.22	CG
5	11245127	11247429	871	316	73.38	CHG
5	11245127	11247429	1138	4258	21.09	CHH
5	13079678	13081153	1684	55	96.84	CG
5	13079678	13081153	815	316	72.06	CHG
5	13079678	13081153	469	4506	9.43	CHH
5	19128840	19130154	1286	27	97.94	CG
5	19128840	19130154	833	182	82.07	CHG
5	19128840	19130154	950	3574	21.00	CHH
5	19883682	19883838	377	6	98.43	CG
5	19883682	19883838	278	73	79.20	CHG
5	19883682	19883838	15	144	9.43	CHH
5	19884479	19885037	368	122	75.10	CG
5	19884479	19885037	311	179	63.47	CHG
5	19884479	19885037	382	533	41.75	CHH
5	27489055	27489338	307	21	93.60	CG
5	27489055	27489338	200	57	77.82	CHG
5	27489055	27489338	257	494	34.22	CHH
5	27489622	27490471	267	398	40.15	CG
5	27489622	27490471	446	295	60.19	CHG
5	27489622	27490471	1106	1750	38.73	CHH
6	1051401	1053277	1659	45	97.36	CG
6	1051401	1053277	871	671	56.49	CHG
6	1051401	1053277	291	3908	6.93	CHH
6	6075315	6076487	1088	38	96.63	CG
6	6075315	6076487	1003	147	87.22	CHG
6	6075315	6076487	516	7999	6.06	CHH
6	6076943	6077142	425	7	98.38	CG
6	6076943	6077142	378	91	80.60	CHG
6	6076943	6077142	29	493	5.56	CHH
6	6339071	6340741	1733	53	97.03	CG
6	6339071	6340741	871	267	76.54	CHG
6	6339071	6340741	411	3936	9.45	CHH
6	11301673	11302182	191	7	96.46	CG
6	11301673	11302182	269	74	78.43	CHG
6	11301673	11302182	238	563	29.71	CHH
6	12035080	12038531	4563	119	97.46	CG
6	12035080	12038531	2800	1699	62.24	CHG
6	12035080	12038531	246	12570	1.92	CHH
6	13426051	13427806	1898	48	97.53	CG
6	13426051	13427806	1167	326	78.16	CHG
6	13426051	13427806	1278	5507	18.84	CHH
6	13432787	13433792	851	28	96.81	CG
6	13432787	13433792	696	229	75.24	CHG
6	13432787	13433792	186	3977	4.47	CHH
6	13434151	13437348	4150	112	97.37	CG
6	13434151	13437348	3265	625	83.93	CHG
6	13434151	13437348	838	16150	4.93	CHH
6	17322463	17323417	1195	33	97.31	CG
6	17322463	17323417	798	211	79.09	CHG
6	17322463	17323417	326	3858	7.79	CHH
6	17674030	17675910	1449	199	87.92	CG
6	17674030	17675910	543	1319	29.16	CHG
6	17674030	17675910	1165	8702	11.81	CHH
6	21224444	21225486	664	640	50.92	CG
6	21224444	21225486	386	736	34.40	CHG
6	21224444	21225486	341	2404	12.42	CHH
6	21225688	21227423	1251	366	77.37	CG
6	21225688	21227423	556	728	43.30	CHG
6	21225688	21227423	545	2710	16.74	CHH
6	21664378	21665467	1104	55	95.25	CG
6	21664378	21665467	756	289	72.34	CHG
6	21664378	21665467	635	4222	13.07	CHH
6	27800538	27801418	23	252	8.36	CG
6	27800538	27801418	14	391	3.46	CHG
6	27800538	27801418	67	1881	3.44	CHH
6	28515545	28517894	2935	77	97.44	CG
6	28515545	28517894	1379	507	73.12	CHG
6	28515545	28517894	1085	8275	11.59	CHH
6	29380325	29380583	123	77	61.50	CG
6	29380325	29380583	124	123	50.20	CHG
6	29380325	29380583	285	540	34.55	CHH
7	998065	998596	475	12	97.54	CG
7	998065	998596	491	70	87.52	CHG
7	998065	998596	417	2647	13.61	CHH
7	999799	1001396	1202	36	97.09	CG
7	999799	1001396	672	242	73.52	CHG
7	999799	1001396	356	2693	11.68	CHH
7	3900733	3901027	454	41	91.72	CG
7	3900733	3901027	102	214	32.28	CHG
7	3900733	3901027	120	556	17.75	CHH
7	3901161	3901878	622	13	97.95	CG
7	3901161	3901878	164	192	46.07	CHG
7	3901161	3901878	375	1733	17.79	CHH
7	3901974	3902422	164	5	97.04	CG
7	3901974	3902422	110	45	70.97	CHG
7	3901974	3902422	231	771	23.05	CHH
7	5720282	5722705	1900	109	94.57	CG
7	5720282	5722705	1791	637	73.76	CHG
7	5720282	5722705	886	9470	8.56	CHH
7	8298338	8298633	85	0	100.00	CG
7	8298338	8298633	127	85	59.91	CHG
7	8298338	8298633	185	703	20.83	CHH
7	8298718	8299246	624	26	96.00	CG
7	8298718	8299246	427	116	78.64	CHG
7	8298718	8299246	344	1932	15.11	CHH
7	8299464	8300327	601	14	97.72	CG
7	8299464	8300327	787	71	91.72	CHG
7	8299464	8300327	315	4883	6.06	CHH
7	15317591	15318975	1004	34	96.72	CG
7	15317591	15318975	743	263	73.86	CHG
7	15317591	15318975	389	5270	6.87	CHH
7	15677020	15677884	545	13	97.67	CG
7	15677020	15677884	667	161	80.56	CHG
7	15677020	15677884	798	1523	34.38	CHH
7	19999746	20001606	1556	116	93.06	CG
7	19999746	20001606	523	808	39.29	CHG
7	19999746	20001606	451	3386	11.75	CHH
7	20006322	20006843	580	10	98.31	CG
7	20006322	20006843	247	338	42.22	CHG
7	20006322	20006843	148	2811	5.00	CHH
7	22461243	22461968	1228	70	94.61	CG
7	22461243	22461968	731	152	82.79	CHG
7	22461243	22461968	666	2430	21.51	CHH
7	27168967	27169484	268	19	93.38	CG
7	27168967	27169484	151	75	66.81	CHG
7	27168967	27169484	528	737	41.74	CHH
8	3956366	3957065	270	104	72.19	CG
8	3956366	3957065	177	275	39.16	CHG
8	3956366	3957065	467	1492	23.84	CHH
8	4051074	4052619	798	1058	43.00	CG
8	4051074	4052619	328	885	27.04	CHG
8	4051074	4052619	704	3153	18.25	CHH
8	5776503	5777429	862	317	73.11	CG
8	5776503	5777429	231	523	30.64	CHG
8	5776503	5777429	73	1784	3.93	CHH
8	5777523	5777952	428	9	97.94	CG
8	5777523	5777952	258	137	65.32	CHG
8	5777523	5777952	189	838	18.40	CHH
8	7667656	7668635	973	36	96.43	CG
8	7667656	7668635	783	396	66.41	CHG
8	7667656	7668635	1058	4728	18.29	CHH
8	7668975	7671382	1757	204	89.60	CG
8	7668975	7671382	809	3347	19.47	CHG
8	7668975	7671382	665	12756	4.95	CHH
8	7769992	7770862	994	38	96.32	CG
8	7769992	7770862	1438	160	89.99	CHG
8	7769992	7770862	462	5007	8.45	CHH
8	8373831	8376092	2127	69	96.86	CG
8	8373831	8376092	1611	292	84.66	CHG
8	8373831	8376092	641	7386	7.99	CHH
8	8446534	8449768	3621	538	87.06	CG
8	8446534	8449768	1918	855	69.17	CHG
8	8446534	8449768	1099	14277	7.15	CHH
8	9446567	9447269	495	25	95.19	CG
8	9446567	9447269	203	101	66.78	CHG
8	9446567	9447269	192	951	16.80	CHH
8	9448173	9449184	1402	169	89.24	CG
8	9448173	9449184	305	625	32.80	CHG
8	9448173	9449184	196	4015	4.65	CHH
8	15385469	15386230	881	47	94.94	CG
8	15385469	15386230	566	188	75.07	CHG
8	15385469	15386230	384	3374	10.22	CHH
8	15452051	15454665	2932	97	96.80	CG
8	15452051	15454665	1684	439	79.32	CHG
8	15452051	15454665	1044	9881	9.56	CHH
8	15462558	15463189	710	24	96.73	CG
8	15462558	15463189	490	86	85.07	CHG
8	15462558	15463189	235	1976	10.63	CHH
8	15463325	15463489	189	12	94.03	CG
8	15463325	15463489	318	73	81.33	CHG
8	15463325	15463489	47	709	6.22	CHH
8	15463949	15465412	818	283	74.30	CG
8	15463949	15465412	521	574	47.58	CHG
8	15463949	15465412	418	5722	6.81	CHH
8	19733579	19734538	866	82	91.35	CG
8	19733579	19734538	466	254	64.72	CHG
8	19733579	19734538	471	2709	14.81	CHH
8	19734616	19735488	508	11	97.88	CG
8	19734616	19735488	402	158	71.79	CHG
8	19734616	19735488	522	1648	24.06	CHH
8	20981167	20986252	6669	946	87.58	CG
8	20981167	20986252	3031	1537	66.35	CHG
8	20981167	20986252	1735	12660	12.05	CHH
8	26829088	26830470	630	105	85.71	CG
8	26829088	26830470	461	216	68.09	CHG
8	26829088	26830470	292	1601	15.43	CHH
9	1293289	1296834	3248	90	97.30	CG
9	1293289	1296834	1737	416	80.68	CHG
9	1293289	1296834	1303	10156	11.37	CHH
9	1297015	1297850	1184	62	95.02	CG
9	1297015	1297850	442	112	79.78	CHG
9	1297015	1297850	291	2799	9.42	CHH
9	3227798	3229550	1498	58	96.27	CG
9	3227798	3229550	996	349	74.05	CHG
9	3227798	3229550	482	5781	7.70	CHH
9	3229897	3231099	1190	33	97.30	CG
9	3229897	3231099	933	517	64.34	CHG
9	3229897	3231099	541	5253	9.34	CHH
9	3515363	3516506	1096	26	97.68	CG
9	3515363	3516506	879	377	69.98	CHG
9	3515363	3516506	331	3747	8.12	CHH
9	3516815	3517763	867	19	97.86	CG
9	3516815	3517763	336	939	26.35	CHG
9	3516815	3517763	75	2234	3.25	CHH
9	3730715	3731926	840	647	56.49	CG
9	3730715	3731926	369	873	29.71	CHG
9	3730715	3731926	652	4469	12.73	CHH
9	9557293	9558428	1264	34	97.38	CG
9	9557293	9558428	782	198	79.80	CHG
9	9557293	9558428	802	3764	17.56	CHH
9	12178127	12181584	2057	72	96.62	CG
9	12178127	12181584	2938	516	85.06	CHG
9	12178127	12181584	841	14026	5.66	CHH
9	12419030	12419675	661	30	95.66	CG
9	12419030	12419675	625	247	71.67	CHG
9	12419030	12419675	195	1623	10.73	CHH
9	12420619	12426858	5594	135	97.64	CG
9	12420619	12426858	8724	1088	88.91	CHG
9	12420619	12426858	1560	26214	5.62	CHH
9	15229746	15230319	496	30	94.30	CG
9	15229746	15230319	365	62	85.48	CHG
9	15229746	15230319	127	809	13.57	CHH
9	15230410	15231901	1469	43	97.16	CG
9	15230410	15231901	817	153	84.23	CHG
9	15230410	15231901	544	3222	14.45	CHH
9	17429413	17430049	299	23	92.86	CG
9	17429413	17430049	243	44	84.67	CHG
9	17429413	17430049	1019	541	65.32	CHH
10	402636	402987	283	9	96.92	CG
10	402636	402987	187	85	68.75	CHG
10	402636	402987	485	637	43.23	CHH
10	705178	705397	270	6	97.83	CG
10	705178	705397	141	66	68.12	CHG
10	705178	705397	2	172	1.15	CHH
10	706000	706142	446	13	97.17	CG
10	706000	706142	329	66	83.29	CHG
10	706000	706142	22	227	8.84	CHH
10	5925941	5926484	484	13	97.38	CG
10	5925941	5926484	351	200	63.70	CHG
10	5925941	5926484	189	3627	4.95	CHH
10	5927422	5928302	692	16	97.74	CG
10	5927422	5928302	419	102	80.42	CHG
10	5927422	5928302	493	4618	9.65	CHH
10	9629597	9630043	104	497	17.30	CG
10	9629597	9630043	200	602	24.94	CHG
10	9629597	9630043	364	1320	21.62	CHH
10	11210121	11211317	869	22	97.53	CG
10	11210121	11211317	503	97	83.83	CHG
10	11210121	11211317	478	3446	12.18	CHH
10	16005555	16006259	404	69	85.41	CG
10	16005555	16006259	279	134	67.55	CHG
10	16005555	16006259	958	822	53.82	CHH
11	3230048	3230169	89	5	94.68	CG
11	3230048	3230169	102	25	80.31	CHG
11	3230048	3230169	217	631	25.59	CHH
11	6296560	6298355	1356	507	72.79	CG
11	6296560	6298355	1292	1036	55.50	CHG
11	6296560	6298355	369	8696	4.07	CHH
11	7729318	7730196	641	19	97.12	CG
11	7729318	7730196	1018	117	89.69	CHG
11	7729318	7730196	226	3033	6.93	CHH
11	7736107	7738642	2081	58	97.29	CG
11	7736107	7738642	1457	564	72.09	CHG
11	7736107	7738642	909	7385	10.96	CHH
11	7738733	7740049	1150	23	98.04	CG
11	7738733	7740049	827	184	81.80	CHG
11	7738733	7740049	947	4932	16.11	CHH
11	8911345	8913282	404	530	43.25	CG
11	8911345	8913282	517	1988	20.64	CHG
11	8911345	8913282	1391	7872	15.02	CHH
11	11148469	11148552	12	263	4.36	CG
11	11148469	11148552	0	82	0.00	CHG
11	11148469	11148552	3	189	1.56	CHH
11	15466012	15467596	515	2735	15.85	CG
11	15466012	15467596	142	2088	6.37	CHG
11	15466012	15467596	347	5257	6.19	CHH
11	17162539	17163796	2001	58	97.18	CG
11	17162539	17163796	451	505	47.18	CHG
11	17162539	17163796	96	2257	4.08	CHH
11	17164953	17166701	1293	41	96.93	CG
11	17164953	17166701	902	402	69.17	CHG
11	17164953	17166701	462	5037	8.40	CHH
11	17166830	17167277	373	27	93.25	CG
11	17166830	17167277	263	168	61.02	CHG
11	17166830	17167277	117	1152	9.22	CHH
11	17167358	17167576	120	1	99.17	CG
11	17167358	17167576	79	23	77.45	CHG
11	17167358	17167576	31	477	6.10	CHH
11	17167722	17168412	650	24	96.44	CG
11	17167722	17168412	301	228	56.90	CHG
11	17167722	17168412	254	1801	12.36	CHH
11	17168615	17170260	1442	30	97.96	CG
11	17168615	17170260	1847	364	83.54	CHG
11	17168615	17170260	402	5691	6.60	CHH
11	22338223	22342581	4043	143	96.58	CG
11	22338223	22342581	2918	616	82.57	CHG
11	22338223	22342581	1023	11684	8.05	CHH
11	24390111	24390786	195	5	97.50	CG
11	24390111	24390786	1215	207	85.44	CHG
11	24390111	24390786	375	3495	9.69	CHH
12	4737413	4737840	106	51	67.52	CG
12	4737413	4737840	106	94	53.00	CHG
12	4737413	4737840	508	502	50.30	CHH
12	4898920	4899775	717	32	95.73	CG
12	4898920	4899775	282	233	54.76	CHG
12	4898920	4899775	442	1852	19.27	CHH
12	4902073	4902516	259	9	96.64	CG
12	4902073	4902516	92	73	55.76	CHG
12	4902073	4902516	159	840	15.92	CHH
12	9062972	9063466	548	29	94.97	CG
12	9062972	9063466	400	244	62.11	CHG
12	9062972	9063466	88	1466	5.66	CHH
12	9064169	9064334	212	7	96.80	CG
12	9064169	9064334	124	100	55.36	CHG
12	9064169	9064334	96	496	16.22	CHH
12	9064925	9066118	919	117	88.71	CG
12	9064925	9066118	297	484	38.03	CHG
12	9064925	9066118	628	2340	21.16	CHH
12	17504082	17504299	203	5	97.60	CG
12	17504082	17504299	160	33	82.90	CHG
12	17504082	17504299	71	616	10.33	CHH
12	17987554	17988996	1536	52	96.73	CG
12	17987554	17988996	860	200	81.13	CHG
12	17987554	17988996	594	4534	11.58	CHH
12	18861738	18863268	424	19	95.71	CG
12	18861738	18863268	249	148	62.72	CHG
12	18861738	18863268	757	4991	13.17	CHH
12	18864308	18866205	1360	32	97.70	CG
12	18864308	18866205	945	230	80.43	CHG
12	18864308	18866205	1270	4245	23.03	CHH
