1	521199	522723	712	1611	30.65	CG
1	521199	522723	8	2101	0.38	CHG
1	521199	522723	40	8760	0.45	CHH
1	718927	719135	0	204	0.00	CG
1	718927	719135	2	311	0.64	CHG
1	718927	719135	15	1488	1.00	CHH
1	1687637	1688991	9	1131	0.79	CG
1	1687637	1688991	4	1320	0.30	CHG
1	1687637	1688991	23	5174	0.44	CHH
1	1781116	1781366	4	905	0.44	CG
1	1781116	1781366	2	319	0.62	CHG
1	1781116	1781366	5	584	0.85	CHH
1	2137510	2140455	412	4578	8.26	CG
1	2137510	2140455	261	4132	5.94	CHG
1	2137510	2140455	196	14480	1.34	CHH
1	2172488	2172625	0	74	0.00	CG
1	2172488	2172625	1	503	0.20	CHH
1	2198640	2199644	764	22	97.20	CG
1	2198640	2199644	314	285	52.42	CHG
1	2198640	2199644	44	789	5.28	CHH
1	2541454	2541598	86	115	42.79	CG
1	2541454	2541598	2	97	2.02	CHG
1	2541454	2541598	3	696	0.43	CHH
1	2579778	2580676	1102	288	79.28	CG
1	2579778	2580676	19	1638	1.15	CHG
1	2579778	2580676	18	4601	0.39	CHH
1	3016827	3017062	5	1204	0.41	CG
1	3016827	3017062	2	598	0.33	CHG
1	3016827	3017062	7	1662	0.42	CHH
1	4122738	4127182	1143	2682	29.88	CG
1	4122738	4127182	51	5995	0.84	CHG
1	4122738	4127182	244	14630	1.64	CHH
1	4510347	4510477	15	1	93.75	CG
1	4510347	4510477	0	25	0.00	CHG
1	4510347	4510477	1	264	0.38	CHH
1	4702022	4702256	37	140	20.90	CG
1	4702022	4702256	1	102	0.97	CHG
1	4702022	4702256	1	236	0.42	CHH
1	5814441	5815039	0	248	0.00	CG
1	5814441	5815039	2	516	0.39	CHG
1	5814441	5815039	13	2363	0.55	CHH
1	6934697	6934863	201	1	99.50	CG
1	6934697	6934863	91	8	91.92	CHG
1	6934697	6934863	63	360	14.89	CHH
1	7198017	7199243	516	23	95.73	CG
1	7198017	7199243	11	1020	1.07	CHG
1	7198017	7199243	17	3672	0.46	CHH
1	7302410	7302594	4	277	1.42	CG
1	7302410	7302594	1	112	0.88	CHG
1	7302410	7302594	4	694	0.57	CHH
1	7518469	7519081	1	283	0.35	CG
1	7518469	7519081	4	342	1.16	CHG
1	7518469	7519081	5	1342	0.37	CHH
1	7690448	7691550	6	1888	0.32	CG
1	7690448	7691550	4	1581	0.25	CHG
1	7690448	7691550	25	5486	0.45	CHH
1	8124136	8124703	478	29	94.28	CG
1	8124136	8124703	220	102	68.32	CHG
1	8124136	8124703	87	1527	5.39	CHH
1	8426975	8427236	75	24	75.76	CG
1	8426975	8427236	5	358	1.38	CHG
1	8426975	8427236	5	787	0.63	CHH
1	8831214	8831605	347	21	94.29	CG
1	8831214	8831605	133	185	41.82	CHG
1	8831214	8831605	32	1863	1.69	CHH
1	8866192	8866541	114	5	95.80	CG
1	8866192	8866541	50	28	64.10	CHG
1	8866192	8866541	15	249	5.68	CHH
1	9124022	9124118	47	0	100.00	CG
1	9124022	9124118	103	38	73.05	CHG
1	9124022	9124118	12	202	5.61	CHH
1	9260960	9261224	76	0	100.00	CG
1	9260960	9261224	0	268	0.00	CHG
1	9260960	9261224	2	1284	0.16	CHH
1	9681083	9681232	30	30	50.00	CG
1	9681083	9681232	7	182	3.70	CHH
1	9734291	9734532	2	139	1.42	CG
1	9734291	9734532	0	38	0.00	CHG
1	9734291	9734532	2	681	0.29	CHH
1	10263106	10263294	1	399	0.25	CG
1	10263106	10263294	2	257	0.77	CHG
1	10263106	10263294	13	503	2.52	CHH
1	10401973	10403052	47	1457	3.12	CG
1	10401973	10403052	20	969	2.02	CHG
1	10401973	10403052	19	4310	0.44	CHH
1	10417094	10417664	719	18	97.56	CG
1	10417094	10417664	796	327	70.88	CHG
1	10417094	10417664	85	3819	2.18	CHH
1	10590568	10590704	0	58	0.00	CG
1	10590568	10590704	0	55	0.00	CHG
1	10590568	10590704	0	174	0.00	CHH
1	10793800	10794970	207	9	95.83	CG
1	10793800	10794970	44	51	46.32	CHG
1	10793800	10794970	29	232	11.11	CHH
1	11027002	11027352	154	22	87.50	CG
1	11027002	11027352	0	419	0.00	CHG
1	11027002	11027352	11	1854	0.59	CHH
1	11745247	11745281	0	181	0.00	CG
1	11745247	11745281	2	81	2.41	CHG
1	11745247	11745281	0	158	0.00	CHH
1	11861007	11861467	426	4	99.07	CG
1	11861007	11861467	249	51	83.00	CHG
1	11861007	11861467	114	1266	8.26	CHH
1	11988203	11988342	2	573	0.35	CG
1	11988203	11988342	1	305	0.33	CHG
1	11988203	11988342	3	296	1.00	CHH
1	12157565	12159139	29	7303	0.40	CG
1	12157565	12159139	15	3886	0.38	CHG
1	12157565	12159139	23	6611	0.35	CHH
1	12279664	12280353	6	1851	0.32	CG
1	12279664	12280353	11	1005	1.08	CHG
1	12279664	12280353	30	2202	1.34	CHH
1	12444629	12444759	172	6	96.63	CG
1	12444629	12444759	131	11	92.25	CHG
1	12444629	12444759	13	584	2.18	CHH
1	12851686	12853647	230	428	34.95	CG
1	12851686	12853647	22	2930	0.75	CHG
1	12851686	12853647	38	10798	0.35	CHH
1	12977793	12977914	25	12	67.57	CG
1	12977793	12977914	5	219	2.23	CHH
1	14112270	14112409	0	48	0.00	CHH
1	14747584	14748346	3	607	0.49	CG
1	14747584	14748346	12	1276	0.93	CHG
1	14747584	14748346	15	3507	0.43	CHH
1	15010958	15011724	0	3	0.00	CHG
1	15010958	15011724	1	13	7.14	CHH
1	15208882	15210074	373	80	82.34	CG
1	15208882	15210074	77	153	33.48	CHG
1	15208882	15210074	37	1831	1.98	CHH
1	15318812	15319293	968	29	97.09	CG
1	15318812	15319293	540	249	68.44	CHG
1	15318812	15319293	43	1881	2.23	CHH
1	15355785	15357554	466	1467	24.11	CG
1	15355785	15357554	233	2197	9.59	CHG
1	15355785	15357554	135	7703	1.72	CHH
1	16453284	16453501	0	11	0.00	CG
1	16453284	16453501	1	27	3.57	CHG
1	16453284	16453501	1	191	0.52	CHH
1	16722902	16723067	230	57	80.14	CG
1	16722902	16723067	4	116	3.33	CHG
1	16722902	16723067	0	1189	0.00	CHH
1	17385639	17385733	5	65	7.14	CHG
1	17385639	17385733	3	181	1.63	CHH
1	17522237	17522624	689	58	92.24	CG
1	17522237	17522624	446	185	70.68	CHG
1	17522237	17522624	43	1617	2.59	CHH
1	17762690	17767322	602	3662	14.12	CG
1	17762690	17767322	495	3638	11.98	CHG
1	17762690	17767322	344	16050	2.10	CHH
1	17768299	17768525	2	184	1.08	CG
1	17768299	17768525	2	138	1.43	CHG
1	17768299	17768525	3	793	0.38	CHH
1	17915233	17918918	883	1591	35.69	CG
1	17915233	17918918	490	1354	26.57	CHG
1	17915233	17918918	282	9227	2.97	CHH
1	18479814	18481021	183	274	40.04	CG
1	18479814	18481021	10	377	2.58	CHG
1	18479814	18481021	46	2550	1.77	CHH
1	18515221	18516018	239	9	96.37	CG
1	18515221	18516018	156	64	70.91	CHG
1	18515221	18516018	12	733	1.61	CHH
1	18605306	18605413	36	0	100.00	CG
1	18605306	18605413	0	113	0.00	CHG
1	18605306	18605413	1	662	0.15	CHH
1	18679398	18679609	122	5	96.06	CG
1	18679398	18679609	194	19	91.08	CHG
1	18679398	18679609	29	938	3.00	CHH
1	18781271	18781897	4	532	0.75	CG
1	18781271	18781897	5	869	0.57	CHG
1	18781271	18781897	6	1871	0.32	CHH
1	19418149	19418371	231	9	96.25	CG
1	19418149	19418371	158	94	62.70	CHG
1	19418149	19418371	22	1265	1.71	CHH
1	19588801	19588982	83	1	98.81	CG
1	19588801	19588982	33	6	84.62	CHG
1	19588801	19588982	3	171	1.72	CHH
1	19807993	19809436	872	69	92.67	CG
1	19807993	19809436	282	162	63.51	CHG
1	19807993	19809436	76	2023	3.62	CHH
1	20220915	20221138	501	10	98.04	CG
1	20220915	20221138	155	67	69.82	CHG
1	20220915	20221138	8	922	0.86	CHH
1	20351135	20352592	851	280	75.24	CG
1	20351135	20352592	33	2602	1.25	CHG
1	20351135	20352592	88	7656	1.14	CHH
1	20353735	20353818	39	4	90.70	CG
1	20353735	20353818	2	156	1.27	CHG
1	20353735	20353818	1	381	0.26	CHH
1	20699332	20703291	1380	2460	35.94	CG
1	20699332	20703291	570	4157	12.06	CHG
1	20699332	20703291	329	15264	2.11	CHH
1	20759940	20760412	545	39	93.32	CG
1	20759940	20760412	620	86	87.82	CHG
1	20759940	20760412	95	2060	4.41	CHH
1	22217602	22218470	324	594	35.29	CG
1	22217602	22218470	110	790	12.22	CHG
1	22217602	22218470	69	2880	2.34	CHH
1	22349537	22349928	91	597	13.23	CG
1	22349537	22349928	7	565	1.22	CHG
1	22349537	22349928	13	1232	1.04	CHH
1	22963853	22963900	0	31	0.00	CHG
1	22963853	22963900	1	69	1.43	CHH
1	23088705	23088935	1	281	0.35	CG
1	23088705	23088935	1	192	0.52	CHG
1	23088705	23088935	6	914	0.65	CHH
1	23190581	23192012	484	54	89.96	CG
1	23190581	23192012	14	1745	0.80	CHG
1	23190581	23192012	40	7642	0.52	CHH
1	23334619	23337433	1004	1327	43.07	CG
1	23334619	23337433	38	3925	0.96	CHG
1	23334619	23337433	42	10815	0.39	CHH
1	23865834	23867004	585	678	46.32	CG
1	23865834	23867004	131	1118	10.49	CHG
1	23865834	23867004	116	3803	2.96	CHH
1	24056015	24058047	121	1988	5.74	CG
1	24056015	24058047	104	1506	6.46	CHG
1	24056015	24058047	76	6238	1.20	CHH
1	24127473	24127717	119	65	64.67	CG
1	24127473	24127717	0	234	0.00	CHG
1	24127473	24127717	5	1129	0.44	CHH
1	24218590	24218768	18	125	12.59	CG
1	24218590	24218768	2	100	1.96	CHG
1	24218590	24218768	2	711	0.28	CHH
1	24367289	24368699	442	1809	19.64	CG
1	24367289	24368699	75	2504	2.91	CHG
1	24367289	24368699	101	7453	1.34	CHH
1	24540618	24541036	150	5	96.77	CG
1	24540618	24541036	3	315	0.94	CHG
1	24540618	24541036	8	1306	0.61	CHH
1	25075086	25078372	65	7454	0.86	CG
1	25075086	25078372	46	6614	0.69	CHG
1	25075086	25078372	88	15517	0.56	CHH
1	26189136	26189851	139	615	18.44	CG
1	26189136	26189851	12	1926	0.62	CHG
1	26189136	26189851	20	4285	0.46	CHH
1	27455091	27455579	285	12	95.96	CG
1	27455091	27455579	287	65	81.53	CHG
1	27455091	27455579	48	884	5.15	CHH
1	27505658	27505866	0	50	0.00	CG
1	27505658	27505866	2	195	1.02	CHG
1	27505658	27505866	1	667	0.15	CHH
1	27576543	27577893	1311	36	97.33	CG
1	27576543	27577893	733	91	88.96	CHG
1	27576543	27577893	600	5571	9.72	CHH
1	28118813	28118935	0	65	0.00	CG
1	28118813	28118935	1	182	0.55	CHG
1	28118813	28118935	2	661	0.30	CHH
1	29188109	29189334	8	2465	0.32	CG
1	29188109	29189334	7	1561	0.45	CHG
1	29188109	29189334	25	5451	0.46	CHH
1	29223726	29224697	133	2347	5.36	CG
1	29223726	29224697	10	1139	0.87	CHG
1	29223726	29224697	60	3618	1.63	CHH
1	29881105	29881917	285	57	83.33	CG
1	29881105	29881917	158	235	40.20	CHG
1	29881105	29881917	31	1152	2.62	CHH
1	29892038	29892362	14	0	100.00	CG
1	29892038	29892362	5	76	6.17	CHG
1	29892038	29892362	3	647	0.46	CHH
1	30396534	30396644	1	223	0.45	CG
1	30396534	30396644	1	298	0.33	CHG
1	30396534	30396644	0	432	0.00	CHH
1	30947617	30952229	2326	970	70.57	CG
1	30947617	30952229	1239	3764	24.77	CHG
1	30947617	30952229	465	19656	2.31	CHH
1	30988314	30988439	18	1	94.74	CG
1	30988314	30988439	28	70	28.57	CHG
1	30988314	30988439	4	174	2.25	CHH
1	31131639	31132785	513	1930	21.00	CG
1	31131639	31132785	14	3039	0.46	CHG
1	31131639	31132785	29	5754	0.50	CHH
1	32136432	32136605	70	46	60.34	CG
1	32136432	32136605	2	356	0.56	CHG
1	32136432	32136605	2	892	0.22	CHH
1	33466485	33466748	340	7	97.98	CG
1	33466485	33466748	129	66	66.15	CHG
1	33466485	33466748	73	1143	6.00	CHH
1	34289798	34291348	369	605	37.89	CG
1	34289798	34291348	111	1191	8.53	CHG
1	34289798	34291348	81	4842	1.65	CHH
1	34550341	34550600	1	227	0.44	CG
1	34550341	34550600	0	354	0.00	CHG
1	34550341	34550600	6	1420	0.42	CHH
1	34749495	34752244	1613	245	86.81	CG
1	34749495	34752244	1489	775	65.77	CHG
1	34749495	34752244	285	8342	3.30	CHH
1	34928206	34928387	115	1	99.14	CG
1	34928206	34928387	351	54	86.67	CHG
1	34928206	34928387	38	853	4.26	CHH
1	34990120	34992796	1853	685	73.01	CG
1	34990120	34992796	787	1096	41.80	CHG
1	34990120	34992796	179	7703	2.27	CHH
1	35760612	35760952	76	78	49.35	CG
1	35760612	35760952	0	170	0.00	CHG
1	35760612	35760952	4	1088	0.37	CHH
1	35959231	35959351	1	113	0.88	CG
1	35959231	35959351	0	172	0.00	CHG
1	35959231	35959351	5	994	0.50	CHH
1	36112505	36112684	74	72	50.68	CG
1	36112505	36112684	24	25	48.98	CHG
1	36112505	36112684	14	387	3.49	CHH
1	36163384	36164022	48	700	6.42	CG
1	36163384	36164022	29	674	4.13	CHG
1	36163384	36164022	25	3016	0.82	CHH
1	36208524	36209666	644	94	87.26	CG
1	36208524	36209666	647	442	59.41	CHG
1	36208524	36209666	81	5011	1.59	CHH
1	36479686	36479935	11	584	1.85	CG
1	36479686	36479935	2	208	0.95	CHG
1	36479686	36479935	1	959	0.10	CHH
1	36890844	36891048	98	69	58.68	CG
1	36890844	36891048	41	136	23.16	CHG
1	36890844	36891048	12	934	1.27	CHH
1	37118562	37118725	1	65	1.52	CG
1	37118562	37118725	1	194	0.51	CHG
1	37118562	37118725	2	970	0.21	CHH
1	37253827	37256063	1200	80	93.75	CG
1	37253827	37256063	1146	230	83.28	CHG
1	37253827	37256063	243	5357	4.34	CHH
1	37757198	37758019	219	940	18.90	CG
1	37757198	37758019	86	495	14.80	CHG
1	37757198	37758019	61	2320	2.56	CHH
1	39603253	39603550	95	3	96.94	CG
1	39603253	39603550	3	325	0.91	CHG
1	39603253	39603550	5	836	0.59	CHH
1	40609311	40609427	31	0	100.00	CG
1	40609311	40609427	1	189	0.53	CHG
1	40609311	40609427	1	571	0.17	CHH
1	40785754	40786192	86	40	68.25	CG
1	40785754	40786192	4	950	0.42	CHG
1	40785754	40786192	11	2369	0.46	CHH
1	41209454	41212661	878	3487	20.11	CG
1	41209454	41212661	326	2512	11.49	CHG
1	41209454	41212661	156	9100	1.69	CHH
1	42990884	42991140	44	0	100.00	CG
1	42990884	42991140	34	8	80.95	CHG
1	42990884	42991140	12	162	6.90	CHH
2	38468	38578	21	0	100.00	CG
2	38468	38578	3	57	5.00	CHG
2	38468	38578	22	235	8.56	CHH
2	578331	578545	46	1	97.87	CG
2	578331	578545	4	511	0.78	CHG
2	578331	578545	2	1388	0.14	CHH
2	1736612	1736996	303	79	79.32	CG
2	1736612	1736996	15	812	1.81	CHG
2	1736612	1736996	43	2132	1.98	CHH
2	2004107	2004464	0	135	0.00	CG
2	2004107	2004464	2	680	0.29	CHG
2	2004107	2004464	10	1926	0.52	CHH
2	2225031	2228646	2846	333	89.53	CG
2	2225031	2228646	1379	1731	44.34	CHG
2	2225031	2228646	487	12374	3.79	CHH
2	2448881	2450073	165	173	48.82	CG
2	2448881	2450073	17	1731	0.97	CHG
2	2448881	2450073	63	5413	1.15	CHH
2	2455636	2457226	1597	47	97.14	CG
2	2455636	2457226	1111	347	76.20	CHG
2	2455636	2457226	99	2367	4.01	CHH
2	2916264	2916496	53	2	96.36	CG
2	2916264	2916496	2	215	0.92	CHG
2	2916264	2916496	4	933	0.43	CHH
2	3153141	3153726	404	70	85.23	CG
2	3153141	3153726	238	416	36.39	CHG
2	3153141	3153726	49	2537	1.89	CHH
2	3584767	3584907	32	84	27.59	CG
2	3584767	3584907	9	84	9.68	CHG
2	3584767	3584907	18	460	3.77	CHH
2	3668130	3671654	2010	1874	51.75	CG
2	3668130	3671654	1010	2685	27.33	CHG
2	3668130	3671654	478	11000	4.16	CHH
2	4394475	4394720	0	77	0.00	CG
2	4394475	4394720	5	254	1.93	CHG
2	4394475	4394720	14	625	2.19	CHH
2	4735326	4735671	3	451	0.66	CG
2	4735326	4735671	2	478	0.42	CHG
2	4735326	4735671	11	1273	0.86	CHH
2	4930376	4930562	100	5	95.24	CG
2	4930376	4930562	7	15	31.82	CHG
2	4930376	4930562	10	317	3.06	CHH
2	6097195	6097472	0	136	0.00	CG
2	6097195	6097472	4	353	1.12	CHG
2	6097195	6097472	1	815	0.12	CHH
2	6194639	6194966	3	219	1.35	CG
2	6194639	6194966	2	334	0.60	CHG
2	6194639	6194966	4	1656	0.24	CHH
2	6477169	6477370	192	5	97.46	CG
2	6477169	6477370	1	319	0.31	CHG
2	6477169	6477370	4	1354	0.29	CHH
2	6479819	6479943	3	431	0.69	CHG
2	6479819	6479943	5	1092	0.46	CHH
2	7634883	7634997	6	495	1.20	CG
2	7634883	7634997	2	238	0.83	CHG
2	7634883	7634997	5	524	0.95	CHH
2	9263789	9264764	268	8	97.10	CG
2	9263789	9264764	136	60	69.39	CHG
2	9263789	9264764	3	472	0.63	CHH
2	10881944	10882136	0	63	0.00	CG
2	10881944	10882136	0	79	0.00	CHG
2	10881944	10882136	3	390	0.76	CHH
2	11520851	11521291	82	88	48.24	CG
2	11520851	11521291	24	52	31.58	CHG
2	11520851	11521291	11	613	1.76	CHH
2	11599189	11600489	201	511	28.23	CG
2	11599189	11600489	47	610	7.15	CHG
2	11599189	11600489	32	2944	1.08	CHH
2	11939679	11939936	30	2	93.75	CG
2	11939679	11939936	0	172	0.00	CHG
2	11939679	11939936	9	943	0.95	CHH
2	12352060	12352584	619	16	97.48	CG
2	12352060	12352584	503	85	85.54	CHG
2	12352060	12352584	89	1898	4.48	CHH
2	12492889	12493008	3	681	0.44	CG
2	12492889	12493008	2	353	0.56	CHG
2	12492889	12493008	1	451	0.22	CHH
2	12583382	12585233	925	338	73.24	CG
2	12583382	12585233	106	2482	4.10	CHG
2	12583382	12585233	47	7841	0.60	CHH
2	14258242	14258497	249	7	97.27	CG
2	14258242	14258497	167	25	86.98	CHG
2	14258242	14258497	40	996	3.86	CHH
2	14381584	14382260	375	12	96.90	CG
2	14381584	14382260	124	268	31.63	CHG
2	14381584	14382260	18	2252	0.79	CHH
2	14883666	14884152	497	19	96.32	CG
2	14883666	14884152	501	67	88.20	CHG
2	14883666	14884152	67	1804	3.58	CHH
2	15077160	15080035	3432	129	96.38	CG
2	15077160	15080035	2376	633	78.96	CHG
2	15077160	15080035	450	10980	3.94	CHH
2	15300768	15301020	214	32	86.99	CG
2	15300768	15301020	232	351	39.79	CHG
2	15300768	15301020	7	1703	0.41	CHH
2	16462100	16462683	523	178	74.61	CG
2	16462100	16462683	26	864	2.92	CHG
2	16462100	16462683	17	3019	0.56	CHH
2	16469340	16469527	286	23	92.56	CG
2	16469340	16469527	114	88	56.44	CHG
2	16469340	16469527	6	472	1.26	CHH
2	16575455	16575576	60	204	22.73	CG
2	16575455	16575576	4	77	4.94	CHG
2	16575455	16575576	16	769	2.04	CHH
2	16909276	16909402	9	1	90.00	CG
2	16909276	16909402	0	4	0.00	CHG
2	16909276	16909402	5	92	5.15	CHH
2	17470250	17470459	113	4	96.58	CG
2	17470250	17470459	132	17	88.59	CHG
2	17470250	17470459	24	967	2.42	CHH
2	17693456	17694041	316	269	54.02	CG
2	17693456	17694041	70	471	12.94	CHG
2	17693456	17694041	14	1538	0.90	CHH
2	17846367	17846587	2	562	0.35	CG
2	17846367	17846587	0	264	0.00	CHG
2	17846367	17846587	1	769	0.13	CHH
2	18156897	18157229	481	17	96.59	CG
2	18156897	18157229	223	36	86.10	CHG
2	18156897	18157229	49	710	6.46	CHH
2	19262811	19262974	98	1	98.99	CG
2	19262811	19262974	3	56	5.08	CHG
2	19262811	19262974	4	666	0.60	CHH
2	19369504	19369623	243	6	97.59	CG
2	19369504	19369623	126	27	82.35	CHG
2	19369504	19369623	9	269	3.24	CHH
2	19649757	19649896	1	555	0.18	CG
2	19649757	19649896	0	263	0.00	CHG
2	19649757	19649896	1	514	0.19	CHH
2	20077988	20078291	234	93	71.56	CG
2	20077988	20078291	105	90	53.85	CHG
2	20077988	20078291	56	1014	5.23	CHH
2	22210158	22210334	0	229	0.00	CG
2	22210158	22210334	1	83	1.19	CHG
2	22210158	22210334	2	628	0.32	CHH
2	22275294	22275439	0	48	0.00	CG
2	22275294	22275439	0	213	0.00	CHG
2	22275294	22275439	4	968	0.41	CHH
2	22587752	22588156	301	26	92.05	CG
2	22587752	22588156	51	244	17.29	CHG
2	22587752	22588156	11	1231	0.89	CHH
2	22836225	22836730	2	566	0.35	CG
2	22836225	22836730	1	618	0.16	CHG
2	22836225	22836730	5	2139	0.23	CHH
2	22982677	22982914	0	38	0.00	CG
2	22982677	22982914	3	376	0.79	CHG
2	22982677	22982914	3	1521	0.20	CHH
2	23033077	23033411	2	374	0.53	CG
2	23033077	23033411	9	768	1.16	CHG
2	23033077	23033411	23	1830	1.24	CHH
2	23394395	23395510	944	160	85.51	CG
2	23394395	23395510	184	1264	12.71	CHG
2	23394395	23395510	51	4708	1.07	CHH
2	23471507	23472492	214	5	97.72	CG
2	23471507	23472492	243	98	71.26	CHG
2	23471507	23472492	41	1566	2.55	CHH
2	24044095	24044460	431	13	97.07	CG
2	24044095	24044460	217	46	82.51	CHG
2	24044095	24044460	42	687	5.76	CHH
2	24717341	24717558	1	126	0.79	CG
2	24717341	24717558	2	278	0.71	CHG
2	24717341	24717558	4	948	0.42	CHH
2	25574998	25576239	864	55	94.02	CG
2	25574998	25576239	703	463	60.29	CHG
2	25574998	25576239	162	6300	2.51	CHH
2	25830725	25831459	6	1165	0.51	CG
2	25830725	25831459	5	986	0.50	CHG
2	25830725	25831459	4	2720	0.15	CHH
2	25835047	25835296	2	412	0.48	CG
2	25835047	25835296	2	300	0.66	CHG
2	25835047	25835296	2	712	0.28	CHH
2	26548831	26549237	391	70	84.82	CG
2	26548831	26549237	35	82	29.91	CHG
2	26548831	26549237	50	1105	4.33	CHH
2	26659388	26659535	4	6	40.00	CG
2	26659388	26659535	10	136	6.85	CHH
2	26689413	26692203	158	6425	2.40	CG
2	26689413	26692203	40	4383	0.90	CHG
2	26689413	26692203	195	10921	1.75	CHH
2	28199306	28199617	354	30	92.19	CG
2	28199306	28199617	413	72	85.15	CHG
2	28199306	28199617	46	1315	3.38	CHH
2	29852698	29852922	20	163	10.93	CG
2	29852698	29852922	2	275	0.72	CHG
2	29852698	29852922	3	740	0.40	CHH
2	30157272	30157610	200	134	59.88	CG
2	30157272	30157610	34	313	9.80	CHG
2	30157272	30157610	37	1363	2.64	CHH
2	30823979	30824112	1	149	0.67	CG
2	30823979	30824112	0	202	0.00	CHG
2	30823979	30824112	1	810	0.12	CHH
2	30983625	30984901	10	2770	0.36	CG
2	30983625	30984901	19	4131	0.46	CHG
2	30983625	30984901	33	8410	0.39	CHH
2	31445301	31445449	38	7	84.44	CG
2	31445301	31445449	2	220	0.90	CHG
2	31445301	31445449	8	828	0.96	CHH
2	31855152	31855271	82	3	96.47	CG
2	31855152	31855271	31	17	64.58	CHG
2	31855152	31855271	20	427	4.47	CHH
2	32524707	32526194	565	667	45.86	CG
2	32524707	32526194	85	1454	5.52	CHG
2	32524707	32526194	57	4377	1.29	CHH
2	33158169	33158313	151	3	98.05	CG
2	33158169	33158313	206	20	91.15	CHG
2	33158169	33158313	44	1040	4.06	CHH
2	33431516	33431954	74	1	98.67	CG
2	33431516	33431954	6	401	1.47	CHG
2	33431516	33431954	10	2235	0.45	CHH
2	33711999	33712328	27	1	96.43	CG
2	33711999	33712328	2	405	0.49	CHG
2	33711999	33712328	9	1384	0.65	CHH
2	33834944	33835662	14	408	3.32	CG
2	33834944	33835662	5	704	0.71	CHG
2	33834944	33835662	20	3599	0.55	CHH
2	33936933	33937065	2	51	3.77	CG
2	33936933	33937065	1	293	0.34	CHG
2	33936933	33937065	5	952	0.52	CHH
2	34687871	34690219	55	4560	1.19	CG
2	34687871	34690219	73	3418	2.09	CHG
2	34687871	34690219	106	8502	1.23	CHH
2	34772462	34772598	3	110	2.65	CHG
2	34772462	34772598	1	569	0.18	CHH
2	35300370	35300604	46	0	100.00	CG
2	35300370	35300604	2	368	0.54	CHG
2	35300370	35300604	5	1418	0.35	CHH
2	35388799	35389069	0	189	0.00	CG
2	35388799	35389069	1	277	0.36	CHG
2	35388799	35389069	4	787	0.51	CHH
3	480369	480630	508	25	95.31	CG
3	480369	480630	10	531	1.85	CHG
3	480369	480630	15	2029	0.73	CHH
3	615186	620505	1730	4234	29.01	CG
3	615186	620505	740	5172	12.52	CHG
3	615186	620505	505	19508	2.52	CHH
3	1097994	1098400	596	25	95.97	CG
3	1097994	1098400	394	87	81.91	CHG
3	1097994	1098400	141	1762	7.41	CHH
3	2922253	2922366	1	36	2.70	CG
3	2922253	2922366	3	72	4.00	CHG
3	2922253	2922366	21	733	2.79	CHH
3	2924923	2926581	423	183	69.80	CG
3	2924923	2926581	32	1920	1.64	CHG
3	2924923	2926581	40	6789	0.59	CHH
3	3101473	3101729	271	514	34.52	CG
3	3101473	3101729	5	519	0.95	CHG
3	3101473	3101729	6	1035	0.58	CHH
3	3782983	3787490	177	8395	2.06	CG
3	3782983	3787490	52	6465	0.80	CHG
3	3782983	3787490	82	17519	0.47	CHH
3	4471611	4471796	1	460	0.22	CG
3	4471611	4471796	2	271	0.73	CHG
3	4471611	4471796	2	773	0.26	CHH
3	4501942	4502163	82	359	18.59	CG
3	4501942	4502163	68	230	22.82	CHG
3	4501942	4502163	171	521	24.71	CHH
3	4735915	4736042	0	53	0.00	CG
3	4735915	4736042	0	53	0.00	CHG
3	4735915	4736042	0	238	0.00	CHH
3	5786527	5786697	97	4	96.04	CG
3	5786527	5786697	1	306	0.33	CHG
3	5786527	5786697	5	1429	0.35	CHH
3	5790733	5792052	587	69	89.48	CG
3	5790733	5792052	405	234	63.38	CHG
3	5790733	5792052	137	2269	5.69	CHH
3	5852144	5852325	174	5	97.21	CG
3	5852144	5852325	151	27	84.83	CHG
3	5852144	5852325	136	727	15.76	CHH
3	5861909	5862252	195	31	86.28	CG
3	5861909	5862252	6	564	1.05	CHG
3	5861909	5862252	6	1346	0.44	CHH
3	5863529	5863616	0	152	0.00	CG
3	5863529	5863616	1	249	0.40	CHG
3	5863529	5863616	0	696	0.00	CHH
3	6119207	6119385	2	834	0.24	CG
3	6119207	6119385	1	681	0.15	CHG
3	6119207	6119385	5	849	0.59	CHH
3	6727333	6727471	1	137	0.72	CG
3	6727333	6727471	0	95	0.00	CHG
3	6727333	6727471	3	701	0.43	CHH
3	7815881	7816020	6	780	0.76	CG
3	7815881	7816020	1	361	0.28	CHG
3	7815881	7816020	1	302	0.33	CHH
3	8124800	8125238	4	1020	0.39	CG
3	8124800	8125238	2	672	0.30	CHG
3	8124800	8125238	13	2153	0.60	CHH
3	8292358	8296069	1159	988	53.98	CG
3	8292358	8296069	882	2570	25.55	CHG
3	8292358	8296069	400	16064	2.43	CHH
3	8918282	8919468	234	2482	8.62	CG
3	8918282	8919468	24	1691	1.40	CHG
3	8918282	8919468	56	5437	1.02	CHH
3	8932042	8933228	349	315	52.56	CG
3	8932042	8933228	70	328	17.59	CHG
3	8932042	8933228	24	2478	0.96	CHH
3	9007060	9007495	387	20	95.09	CG
3	9007060	9007495	200	45	81.63	CHG
3	9007060	9007495	44	535	7.60	CHH
3	9615393	9615681	0	687	0.00	CG
3	9615393	9615681	4	301	1.31	CHG
3	9615393	9615681	4	1246	0.32	CHH
3	9647322	9647514	1	145	0.68	CG
3	9647322	9647514	1	309	0.32	CHG
3	9647322	9647514	3	1018	0.29	CHH
3	9661238	9663204	83	2095	3.81	CG
3	9661238	9663204	60	2139	2.73	CHG
3	9661238	9663204	104	7586	1.35	CHH
3	9703524	9703645	1	139	0.71	CG
3	9703524	9703645	0	113	0.00	CHG
3	9703524	9703645	6	1085	0.55	CHH
3	9741411	9741728	79	23	77.45	CG
3	9741411	9741728	43	32	57.33	CHG
3	9741411	9741728	8	397	1.98	CHH
3	9772110	9773385	780	622	55.63	CG
3	9772110	9773385	353	655	35.02	CHG
3	9772110	9773385	242	4933	4.68	CHH
3	9970758	9972750	40	3850	1.03	CG
3	9970758	9972750	11	3319	0.33	CHG
3	9970758	9972750	23	6615	0.35	CHH
3	11318102	11319164	243	151	61.68	CG
3	11318102	11319164	66	506	11.54	CHG
3	11318102	11319164	21	2555	0.82	CHH
3	11624874	11625180	61	1	98.39	CG
3	11624874	11625180	3	397	0.75	CHG
3	11624874	11625180	14	1242	1.11	CHH
3	11762654	11762757	6	13	31.58	CG
3	11762654	11762757	0	10	0.00	CHG
3	11762654	11762757	0	103	0.00	CHH
3	12013674	12014450	476	10	97.94	CG
3	12013674	12014450	970	121	88.91	CHG
3	12013674	12014450	237	4941	4.58	CHH
3	13326106	13326294	0	165	0.00	CG
3	13326106	13326294	1	313	0.32	CHG
3	13326106	13326294	0	706	0.00	CHH
3	14484188	14484405	27	0	100.00	CG
3	14484188	14484405	140	29	82.84	CHG
3	14484188	14484405	4	641	0.62	CHH
3	14495901	14496241	4	1609	0.25	CG
3	14495901	14496241	3	669	0.45	CHG
3	14495901	14496241	10	1602	0.62	CHH
3	14633392	14633990	348	14	96.13	CG
3	14633392	14633990	121	26	82.31	CHG
3	14633392	14633990	59	1988	2.88	CHH
3	14886695	14886945	3	166	1.78	CG
3	14886695	14886945	33	149	18.13	CHG
3	14886695	14886945	79	1161	6.37	CHH
3	15238637	15238822	141	1	99.30	CG
3	15238637	15238822	140	67	67.63	CHG
3	15238637	15238822	32	973	3.18	CHH
3	15348429	15348696	295	5	98.33	CG
3	15348429	15348696	156	261	37.41	CHG
3	15348429	15348696	36	2085	1.70	CHH
3	15968990	15969281	4	848	0.47	CG
3	15968990	15969281	1	649	0.15	CHG
3	15968990	15969281	2	1419	0.14	CHH
3	16545195	16545366	94	5	94.95	CG
3	16545195	16545366	65	34	65.66	CHG
3	16545195	16545366	10	682	1.45	CHH
3	16691128	16691290	50	4	92.59	CG
3	16691128	16691290	3	41	6.82	CHG
3	16691128	16691290	16	292	5.19	CHH
3	18086982	18087169	0	158	0.00	CG
3	18086982	18087169	2	177	1.12	CHG
3	18086982	18087169	1	698	0.14	CHH
3	18671229	18673244	573	596	49.02	CG
3	18671229	18673244	134	1212	9.96	CHG
3	18671229	18673244	45	6266	0.71	CHH
3	19066610	19066885	120	10	92.31	CG
3	19066610	19066885	28	13	68.29	CHG
3	19066610	19066885	20	126	13.70	CHH
3	19477758	19477853	89	14	86.41	CG
3	19477758	19477853	24	117	17.02	CHG
3	19477758	19477853	16	455	3.40	CHH
3	20211561	20212451	775	27	96.63	CG
3	20211561	20212451	673	88	88.44	CHG
3	20211561	20212451	218	3146	6.48	CHH
3	20300032	20301332	919	53	94.55	CG
3	20300032	20301332	1724	187	90.21	CHG
3	20300032	20301332	253	6310	3.85	CHH
3	20506153	20506547	317	4	98.75	CG
3	20506153	20506547	254	76	76.97	CHG
3	20506153	20506547	50	1391	3.47	CHH
3	20529596	20530676	196	1657	10.58	CG
3	20529596	20530676	39	826	4.51	CHG
3	20529596	20530676	28	1424	1.93	CHH
3	20609274	20609784	179	8	95.72	CG
3	20609274	20609784	106	87	54.92	CHG
3	20609274	20609784	33	881	3.61	CHH
3	21045714	21046037	136	3	97.84	CG
3	21045714	21046037	68	15	81.93	CHG
3	21045714	21046037	19	827	2.25	CHH
3	21053301	21054404	89	132	40.27	CG
3	21053301	21054404	4	486	0.82	CHG
3	21053301	21054404	12	3032	0.39	CHH
3	21477968	21478334	166	127	56.66	CG
3	21477968	21478334	31	214	12.65	CHG
3	21477968	21478334	91	1197	7.07	CHH
3	21805912	21806253	21	1	95.45	CG
3	21805912	21806253	3	0	100.00	CHG
3	21805912	21806253	0	6	0.00	CHH
3	22443304	22443897	3	1483	0.20	CG
3	22443304	22443897	4	929	0.43	CHG
3	22443304	22443897	8	2249	0.35	CHH
3	22930322	22932315	288	1413	16.93	CG
3	22930322	22932315	15	1815	0.82	CHG
3	22930322	22932315	30	7598	0.39	CHH
3	22977964	22978503	163	79	67.36	CG
3	22977964	22978503	95	299	24.11	CHG
3	22977964	22978503	149	1305	10.25	CHH
3	23158824	23162446	611	4274	12.51	CG
3	23158824	23162446	86	2965	2.82	CHG
3	23158824	23162446	297	10623	2.72	CHH
3	23440227	23440314	2	55	3.51	CHG
3	23440227	23440314	5	290	1.69	CHH
3	23502337	23503127	245	58	80.86	CG
3	23502337	23503127	11	252	4.18	CHG
3	23502337	23503127	63	2951	2.09	CHH
3	24402381	24402506	5	758	0.66	CG
3	24402381	24402506	0	234	0.00	CHG
3	24402381	24402506	3	469	0.64	CHH
3	24697252	24697403	0	57	0.00	CG
3	24697252	24697403	0	102	0.00	CHG
3	24697252	24697403	0	428	0.00	CHH
3	25124576	25125712	392	244	61.64	CG
3	25124576	25125712	102	382	21.07	CHG
3	25124576	25125712	216	2928	6.87	CHH
3	25238096	25238349	84	27	75.68	CG
3	25238096	25238349	1	262	0.38	CHG
3	25238096	25238349	1	882	0.11	CHH
3	26463242	26463534	3	359	0.83	CG
3	26463242	26463534	1	304	0.33	CHG
3	26463242	26463534	3	742	0.40	CHH
3	28036385	28036532	0	239	0.00	CG
3	28036385	28036532	0	228	0.00	CHG
3	28036385	28036532	4	649	0.61	CHH
3	28421210	28421588	1	373	0.27	CG
3	28421210	28421588	4	697	0.57	CHG
3	28421210	28421588	11	2271	0.48	CHH
3	28828352	28828674	35	28	55.56	CG
3	28828352	28828674	0	33	0.00	CHG
3	28828352	28828674	14	844	1.63	CHH
3	28883667	28884002	24	12	66.67	CG
3	28883667	28884002	24	60	28.57	CHG
3	28883667	28884002	4	551	0.72	CHH
3	28999678	28999814	5	10	33.33	CG
3	28999678	28999814	9	5	64.29	CHG
3	28999678	28999814	6	95	5.94	CHH
3	29036320	29036527	297	10	96.74	CG
3	29036320	29036527	8	84	8.70	CHG
3	29036320	29036527	7	195	3.47	CHH
3	29048284	29048488	144	3	97.96	CG
3	29048284	29048488	112	12	90.32	CHG
3	29048284	29048488	10	102	8.93	CHH
3	29804060	29804313	0	234	0.00	CG
3	29804060	29804313	2	458	0.43	CHG
3	29804060	29804313	7	1589	0.44	CHH
3	31242980	31243426	277	4	98.58	CG
3	31242980	31243426	138	30	82.14	CHG
3	31242980	31243426	35	324	9.75	CHH
3	31550060	31550292	2	391	0.51	CG
3	31550060	31550292	0	171	0.00	CHG
3	31550060	31550292	2	900	0.22	CHH
3	32992420	32993458	152	211	41.87	CG
3	32992420	32993458	20	373	5.09	CHG
3	32992420	32993458	15	2418	0.62	CHH
3	33907932	33908490	10	101	9.01	CG
3	33907932	33908490	4	740	0.54	CHG
3	33907932	33908490	17	2867	0.59	CHH
3	34241449	34241654	0	181	0.00	CG
3	34241449	34241654	2	472	0.42	CHG
3	34241449	34241654	7	1028	0.68	CHH
3	34254363	34255907	180	1721	9.47	CG
3	34254363	34255907	18	2553	0.70	CHG
3	34254363	34255907	62	6244	0.98	CHH
3	34833000	34833309	245	6	97.61	CG
3	34833000	34833309	140	31	81.87	CHG
3	34833000	34833309	66	326	16.84	CHH
3	35110086	35110256	23	0	100.00	CG
3	35110086	35110256	1	71	1.39	CHG
3	35110086	35110256	3	495	0.60	CHH
3	35180241	35180554	149	9	94.30	CG
3	35180241	35180554	5	566	0.88	CHG
3	35180241	35180554	8	2034	0.39	CHH
3	35917041	35917731	518	238	68.52	CG
3	35917041	35917731	131	402	24.58	CHG
3	35917041	35917731	54	2643	2.00	CHH
3	36048993	36049255	3	139	2.11	CG
3	36048993	36049255	7	223	3.04	CHG
3	36048993	36049255	5	748	0.66	CHH
3	36390761	36392058	33	3107	1.05	CG
3	36390761	36392058	19	2125	0.89	CHG
3	36390761	36392058	15	4830	0.31	CHH
4	2128481	2128855	95	22	81.20	CG
4	2128481	2128855	3	75	3.85	CHG
4	2128481	2128855	4	624	0.64	CHH
4	2540394	2540485	99	17	85.34	CG
4	2540394	2540485	35	78	30.97	CHG
4	2540394	2540485	0	378	0.00	CHH
4	3036997	3037085	59	1	98.33	CG
4	3036997	3037085	19	12	61.29	CHG
4	3036997	3037085	11	34	24.44	CHH
4	4049820	4050064	182	21	89.66	CG
4	4049820	4050064	84	83	50.30	CHG
4	4049820	4050064	10	733	1.35	CHH
4	4695559	4695777	73	5	93.59	CG
4	4695559	4695777	25	36	40.98	CHG
4	4695559	4695777	11	157	6.55	CHH
4	5205473	5206792	1651	40	97.63	CG
4	5205473	5206792	825	464	64.00	CHG
4	5205473	5206792	151	5378	2.73	CHH
4	5370300	5370990	513	28	94.82	CG
4	5370300	5370990	190	213	47.15	CHG
4	5370300	5370990	9	889	1.00	CHH
4	7250146	7253105	623	5467	10.23	CG
4	7250146	7253105	297	3352	8.14	CHG
4	7250146	7253105	49	10002	0.49	CHH
4	7946934	7947116	231	4	98.30	CG
4	7946934	7947116	59	174	25.32	CHG
4	7946934	7947116	10	920	1.08	CHH
4	7976120	7976768	18	118	13.24	CG
4	7976120	7976768	3	350	0.85	CHG
4	7976120	7976768	7	1305	0.53	CHH
4	7998972	7999131	0	20	0.00	CG
4	7998972	7999131	0	40	0.00	CHG
4	7998972	7999131	1	232	0.43	CHH
4	9504426	9506750	2124	454	82.39	CG
4	9504426	9506750	1871	1046	64.14	CHG
4	9504426	9506750	226	12028	1.84	CHH
4	10597218	10597775	1061	39	96.45	CG
4	10597218	10597775	1132	488	69.88	CHG
4	10597218	10597775	33	3474	0.94	CHH
4	11254426	11254603	0	106	0.00	CG
4	11254426	11254603	1	184	0.54	CHG
4	11254426	11254603	2	804	0.25	CHH
4	11479976	11481063	35	351	9.07	CG
4	11479976	11481063	9	636	1.40	CHG
4	11479976	11481063	24	3505	0.68	CHH
4	12511724	12511877	91	1	98.91	CG
4	12511724	12511877	155	169	47.84	CHG
4	12511724	12511877	8	940	0.84	CHH
4	12570254	12573173	3284	109	96.79	CG
4	12570254	12573173	3490	1552	69.22	CHG
4	12570254	12573173	432	18808	2.25	CHH
4	14336636	14336825	170	2	98.84	CG
4	14336636	14336825	85	144	37.12	CHG
4	14336636	14336825	6	379	1.56	CHH
4	15422154	15422563	116	14	89.23	CG
4	15422154	15422563	44	156	22.00	CHG
4	15422154	15422563	13	1279	1.01	CHH
4	15927777	15928107	2	535	0.37	CG
4	15927777	15928107	3	509	0.59	CHG
4	15927777	15928107	14	1628	0.85	CHH
4	16377949	16378038	156	2	98.73	CG
4	16377949	16378038	91	69	56.88	CHG
4	16377949	16378038	17	388	4.20	CHH
4	16429861	16430118	83	2	97.65	CG
4	16429861	16430118	169	12	93.37	CHG
4	16429861	16430118	27	710	3.66	CHH
4	16739824	16740091	175	3	98.31	CG
4	16739824	16740091	46	32	58.97	CHG
4	16739824	16740091	6	334	1.76	CHH
4	16870850	16871033	79	42	65.29	CG
4	16870850	16871033	1	37	2.63	CHG
4	16870850	16871033	23	958	2.34	CHH
4	16929303	16929386	16	19	45.71	CG
4	16929303	16929386	0	10	0.00	CHG
4	16929303	16929386	2	153	1.29	CHH
4	18861290	18861421	42	2	95.45	CG
4	18861290	18861421	9	18	33.33	CHG
4	18861290	18861421	54	342	13.64	CHH
4	18879559	18879953	611	17	97.29	CG
4	18879559	18879953	228	250	47.70	CHG
4	18879559	18879953	51	908	5.32	CHH
4	19594453	19594613	0	69	0.00	CG
4	19594453	19594613	0	180	0.00	CHG
4	19594453	19594613	0	314	0.00	CHH
4	21836525	21836740	0	258	0.00	CG
4	21836525	21836740	0	454	0.00	CHG
4	21836525	21836740	1	1185	0.08	CHH
4	22149701	22149888	0	388	0.00	CG
4	22149701	22149888	0	154	0.00	CHG
4	22149701	22149888	4	550	0.72	CHH
4	24463582	24463728	0	196	0.00	CG
4	24463582	24463728	0	130	0.00	CHG
4	24463582	24463728	1	829	0.12	CHH
4	24879051	24879296	0	46	0.00	CG
4	24879051	24879296	6	685	0.87	CHG
4	24879051	24879296	6	1121	0.53	CHH
4	25700367	25700823	602	35	94.51	CG
4	25700367	25700823	212	114	65.03	CHG
4	25700367	25700823	63	1273	4.72	CHH
4	26025305	26025523	32	0	100.00	CG
4	26025305	26025523	2	120	1.64	CHG
4	26025305	26025523	1	398	0.25	CHH
4	26125746	26125921	101	22	82.11	CG
4	26125746	26125921	95	29	76.61	CHG
4	26125746	26125921	40	1006	3.82	CHH
4	28854448	28854672	3	288	1.03	CG
4	28854448	28854672	3	123	2.38	CHG
4	28854448	28854672	3	566	0.53	CHH
4	31600862	31601333	544	27	95.27	CG
4	31600862	31601333	396	360	52.38	CHG
4	31600862	31601333	51	2105	2.37	CHH
4	32665225	32665685	10	2233	0.45	CG
4	32665225	32665685	6	1660	0.36	CHG
4	32665225	32665685	16	3585	0.44	CHH
4	32845260	32845468	140	40	77.78	CG
4	32845260	32845468	4	551	0.72	CHG
4	32845260	32845468	5	1782	0.28	CHH
4	32907649	32907913	344	7	98.01	CG
4	32907649	32907913	338	90	78.97	CHG
4	32907649	32907913	50	1334	3.61	CHH
4	32976630	32976775	1	116	0.85	CG
4	32976630	32976775	0	131	0.00	CHG
4	32976630	32976775	4	734	0.54	CHH
4	33538001	33538284	57	6	90.48	CG
4	33538001	33538284	83	12	87.37	CHG
4	33538001	33538284	10	246	3.91	CHH
5	22552	22704	143	4	97.28	CG
5	22552	22704	105	12	89.74	CHG
5	22552	22704	15	453	3.21	CHH
5	167915	169390	102	197	34.11	CG
5	167915	169390	37	141	20.79	CHG
5	167915	169390	23	2325	0.98	CHH
5	802197	802307	0	50	0.00	CG
5	802197	802307	1	86	1.15	CHG
5	802197	802307	2	469	0.42	CHH
5	1555477	1555743	76	21	78.35	CG
5	1555477	1555743	0	305	0.00	CHG
5	1555477	1555743	8	1110	0.72	CHH
5	1623822	1624065	57	4	93.44	CG
5	1623822	1624065	28	9	75.68	CHG
5	1623822	1624065	0	24	0.00	CHH
5	1649481	1650024	588	44	93.04	CG
5	1649481	1650024	134	344	28.03	CHG
5	1649481	1650024	31	1585	1.92	CHH
5	2535968	2537410	127	3464	3.54	CG
5	2535968	2537410	15	2532	0.59	CHG
5	2535968	2537410	29	7105	0.41	CHH
5	3201536	3202094	13	157	7.65	CG
5	3201536	3202094	6	236	2.48	CHG
5	3201536	3202094	86	1458	5.57	CHH
5	3642042	3642277	148	21	87.57	CG
5	3642042	3642277	13	46	22.03	CHG
5	3642042	3642277	3	415	0.72	CHH
5	4042346	4043559	305	16	95.02	CG
5	4042346	4043559	206	73	73.84	CHG
5	4042346	4043559	66	1076	5.78	CHH
5	5042999	5043643	11	7	61.11	CG
5	5042999	5043643	7	2	77.78	CHG
5	5042999	5043643	1	85	1.16	CHH
5	6697788	6698020	128	21	85.91	CG
5	6697788	6698020	1	279	0.36	CHG
5	6697788	6698020	2	1239	0.16	CHH
5	8888812	8888977	91	1	98.91	CG
5	8888812	8888977	215	79	73.13	CHG
5	8888812	8888977	11	755	1.44	CHH
5	9364313	9364413	201	7	96.63	CG
5	9364313	9364413	73	92	44.24	CHG
5	9364313	9364413	2	248	0.80	CHH
5	12809268	12809477	91	5	94.79	CG
5	12809268	12809477	39	20	66.10	CHG
5	12809268	12809477	25	114	17.99	CHH
5	13857407	13857542	252	7	97.30	CG
5	13857407	13857542	67	28	70.53	CHG
5	13857407	13857542	5	318	1.55	CHH
5	14246535	14246708	1	74	1.33	CG
5	14246535	14246708	1	37	2.63	CHG
5	14246535	14246708	0	745	0.00	CHH
5	15249273	15249609	356	8	97.80	CG
5	15249273	15249609	221	54	80.36	CHG
5	15249273	15249609	45	1331	3.27	CHH
5	15263881	15264136	490	31	94.05	CG
5	15263881	15264136	204	109	65.18	CHG
5	15263881	15264136	35	559	5.89	CHH
5	15295856	15296058	195	25	88.64	CG
5	15295856	15296058	68	53	56.20	CHG
5	15295856	15296058	9	242	3.59	CHH
5	15380224	15380482	9	2	81.82	CG
5	15380224	15380482	9	3	75.00	CHG
5	15380224	15380482	0	40	0.00	CHH
5	16141049	16142222	1314	34	97.48	CG
5	16141049	16142222	939	112	89.34	CHG
5	16141049	16142222	174	4777	3.51	CHH
5	16604726	16607053	1418	161	89.80	CG
5	16604726	16607053	821	504	61.96	CHG
5	16604726	16607053	303	7717	3.78	CHH
5	16695358	16697204	713	523	57.69	CG
5	16695358	16697204	700	528	57.00	CHG
5	16695358	16697204	274	4476	5.77	CHH
5	17145149	17145240	0	26	0.00	CG
5	17145149	17145240	2	245	0.81	CHH
5	17275880	17277194	542	400	57.54	CG
5	17275880	17277194	22	1196	1.81	CHG
5	17275880	17277194	24	4476	0.53	CHH
5	18555974	18556911	1015	71	93.46	CG
5	18555974	18556911	377	307	55.12	CHG
5	18555974	18556911	67	3114	2.11	CHH
5	18614365	18615227	738	13	98.27	CG
5	18614365	18615227	375	118	76.06	CHG
5	18614365	18615227	213	1644	11.47	CHH
5	19082868	19087589	1103	2304	32.37	CG
5	19082868	19087589	53	5832	0.90	CHG
5	19082868	19087589	112	18521	0.60	CHH
5	19475239	19475452	0	221	0.00	CG
5	19475239	19475452	2	350	0.57	CHG
5	19475239	19475452	5	1039	0.48	CHH
5	19550564	19550779	4	24	14.29	CHG
5	19550564	19550779	1	280	0.36	CHH
5	19686229	19688559	569	2291	19.90	CG
5	19686229	19688559	380	1481	20.42	CHG
5	19686229	19688559	208	7319	2.76	CHH
5	20197683	20197907	3	1014	0.29	CG
5	20197683	20197907	5	580	0.85	CHG
5	20197683	20197907	4	1044	0.38	CHH
5	20639725	20640817	614	45	93.17	CG
5	20639725	20640817	435	1137	27.67	CHG
5	20639725	20640817	82	4954	1.63	CHH
5	21196473	21196736	59	8	88.06	CG
5	21196473	21196736	100	21	82.64	CHG
5	21196473	21196736	24	667	3.47	CHH
5	21222554	21222810	56	26	68.29	CHG
5	21222554	21222810	7	614	1.13	CHH
5	21231311	21231463	0	358	0.00	CG
5	21231311	21231463	0	339	0.00	CHG
5	21231311	21231463	3	548	0.54	CHH
5	21771662	21772418	377	85	81.60	CG
5	21771662	21772418	170	319	34.76	CHG
5	21771662	21772418	21	1793	1.16	CHH
5	22632027	22632224	5	566	0.88	CG
5	22632027	22632224	2	468	0.43	CHG
5	22632027	22632224	6	869	0.69	CHH
5	23446330	23446424	5	0	100.00	CG
5	23446330	23446424	0	36	0.00	CHH
5	23498602	23498699	44	10	81.48	CG
5	23498602	23498699	20	8	71.43	CHG
5	23498602	23498699	52	444	10.48	CHH
5	23589096	23589233	1	186	0.53	CHG
5	23589096	23589233	4	987	0.40	CHH
5	23597717	23597952	0	56	0.00	CG
5	23597717	23597952	1	159	0.62	CHG
5	23597717	23597952	5	826	0.60	CHH
5	23799970	23800819	6	1557	0.38	CG
5	23799970	23800819	7	1612	0.43	CHG
5	23799970	23800819	15	3943	0.38	CHH
5	24767463	24767619	5	738	0.67	CG
5	24767463	24767619	0	278	0.00	CHG
5	24767463	24767619	3	911	0.33	CHH
5	24958493	24960927	293	687	29.90	CG
5	24958493	24960927	29	1668	1.71	CHG
5	24958493	24960927	41	7501	0.54	CHH
5	25117789	25118255	11	1645	0.66	CG
5	25117789	25118255	1	604	0.17	CHG
5	25117789	25118255	6	1263	0.47	CHH
5	25683760	25686062	228	5423	4.03	CG
5	25683760	25686062	146	4233	3.33	CHG
5	25683760	25686062	82	7141	1.14	CHH
5	25916431	25917101	631	33	95.03	CG
5	25916431	25917101	408	152	72.86	CHG
5	25916431	25917101	111	2815	3.79	CHH
5	26920490	26922938	9	2080	0.43	CG
5	26920490	26922938	11	4143	0.26	CHG
5	26920490	26922938	53	10586	0.50	CHH
5	27294148	27294484	5	841	0.59	CG
5	27294148	27294484	3	583	0.51	CHG
5	27294148	27294484	5	1880	0.27	CHH
5	27692643	27692794	1	344	0.29	CG
5	27692643	27692794	0	336	0.00	CHG
5	27692643	27692794	1	860	0.12	CHH
5	28353397	28355104	617	233	72.59	CG
5	28353397	28355104	15	1408	1.05	CHG
5	28353397	28355104	17	5776	0.29	CHH
5	28438764	28438936	56	2	96.55	CG
5	28438764	28438936	90	5	94.74	CHG
5	28438764	28438936	27	287	8.60	CHH
5	29278792	29278999	105	0	100.00	CG
5	29278792	29278999	89	5	94.68	CHG
5	29278792	29278999	8	491	1.60	CHH
5	29368004	29368261	118	3	97.52	CG
5	29368004	29368261	259	5	98.11	CHG
5	29368004	29368261	93	1463	5.98	CHH
5	29393677	29395023	404	10	97.58	CG
5	29393677	29395023	351	48	87.97	CHG
5	29393677	29395023	49	1156	4.07	CHH
5	29485227	29485510	185	159	53.78	CG
5	29485227	29485510	12	337	3.44	CHG
5	29485227	29485510	8	1292	0.62	CHH
6	247291	247913	6	565	1.05	CG
6	247291	247913	3	440	0.68	CHG
6	247291	247913	5	1141	0.44	CHH
6	368015	368245	0	266	0.00	CG
6	368015	368245	0	331	0.00	CHG
6	368015	368245	2	1168	0.17	CHH
6	521167	522087	85	541	13.58	CG
6	521167	522087	5	494	1.00	CHG
6	521167	522087	59	2418	2.38	CHH
6	813527	813697	80	7	91.95	CG
6	813527	813697	1	257	0.39	CHG
6	813527	813697	6	1403	0.43	CHH
6	958185	960061	1348	975	58.03	CG
6	958185	960061	332	885	27.28	CHG
6	958185	960061	62	4606	1.33	CHH
6	1267865	1268035	291	9	97.00	CG
6	1267865	1268035	144	67	68.25	CHG
6	1267865	1268035	5	314	1.57	CHH
6	2300838	2300945	0	121	0.00	CG
6	2300838	2300945	0	205	0.00	CHG
6	2300838	2300945	1	617	0.16	CHH
6	3639180	3639309	0	213	0.00	CG
6	3639180	3639309	0	212	0.00	CHG
6	3639180	3639309	2	760	0.26	CHH
6	3944739	3945664	192	281	40.59	CG
6	3944739	3945664	214	389	35.49	CHG
6	3944739	3945664	64	3505	1.79	CHH
6	4300749	4300941	278	6	97.89	CG
6	4300749	4300941	104	118	46.85	CHG
6	4300749	4300941	24	847	2.76	CHH
6	4553472	4553595	55	0	100.00	CG
6	4553472	4553595	14	6	70.00	CHG
6	4553472	4553595	5	63	7.35	CHH
6	4806070	4806315	19	495	3.70	CG
6	4806070	4806315	5	225	2.17	CHG
6	4806070	4806315	21	828	2.47	CHH
6	5243918	5246329	590	2302	20.40	CG
6	5243918	5246329	27	4880	0.55	CHG
6	5243918	5246329	41	14051	0.29	CHH
6	5335954	5337126	441	478	47.99	CG
6	5335954	5337126	173	547	24.03	CHG
6	5335954	5337126	98	2707	3.49	CHH
6	6556692	6557000	4	1096	0.36	CG
6	6556692	6557000	2	537	0.37	CHG
6	6556692	6557000	5	1369	0.36	CHH
6	7262284	7262394	0	139	0.00	CHG
6	7262284	7262394	4	482	0.82	CHH
6	7296360	7297580	308	7	97.78	CG
6	7296360	7297580	197	58	77.25	CHG
6	7296360	7297580	39	1102	3.42	CHH
6	7450229	7452500	1732	205	89.42	CG
6	7450229	7452500	1161	507	69.60	CHG
6	7450229	7452500	268	7102	3.64	CHH
6	8010667	8010997	304	18	94.41	CG
6	8010667	8010997	151	106	58.75	CHG
6	8010667	8010997	21	846	2.42	CHH
6	8383109	8385458	517	6170	7.73	CG
6	8383109	8385458	274	2865	8.73	CHG
6	8383109	8385458	121	8344	1.43	CHH
6	8415805	8416695	1132	33	97.17	CG
6	8415805	8416695	922	249	78.74	CHG
6	8415805	8416695	255	4478	5.39	CHH
6	8434419	8434622	121	2	98.37	CG
6	8434419	8434622	139	39	78.09	CHG
6	8434419	8434622	39	362	9.73	CHH
6	9748876	9749062	353	99	78.10	CG
6	9748876	9749062	8	128	5.88	CHG
6	9748876	9749062	4	884	0.45	CHH
6	9753551	9753693	53	5	91.38	CG
6	9753551	9753693	72	16	81.82	CHG
6	9753551	9753693	4	286	1.38	CHH
6	10075237	10075575	344	7	98.01	CG
6	10075237	10075575	452	112	80.14	CHG
6	10075237	10075575	62	1438	4.13	CHH
6	10093461	10093858	256	20	92.75	CG
6	10093461	10093858	123	108	53.25	CHG
6	10093461	10093858	28	1329	2.06	CHH
6	10113029	10113177	90	2	97.83	CG
6	10113029	10113177	52	16	76.47	CHG
6	10113029	10113177	44	361	10.86	CHH
6	10217891	10218933	1094	84	92.87	CG
6	10217891	10218933	1376	237	85.31	CHG
6	10217891	10218933	150	5208	2.80	CHH
6	11173234	11173456	13	25	34.21	CG
6	11173234	11173456	90	212	29.80	CHH
6	11608473	11613132	3391	710	82.69	CG
6	11608473	11613132	1807	2649	40.55	CHG
6	11608473	11613132	197	15008	1.30	CHH
6	11851633	11851862	60	23	72.29	CG
6	11851633	11851862	131	114	53.47	CHG
6	11851633	11851862	6	708	0.84	CHH
6	14122214	14122520	517	19	96.46	CG
6	14122214	14122520	370	302	55.06	CHG
6	14122214	14122520	58	1925	2.92	CHH
6	14227883	14228030	67	1	98.53	CG
6	14227883	14228030	48	13	78.69	CHG
6	14227883	14228030	13	312	4.00	CHH
6	14470606	14472078	1242	55	95.76	CG
6	14470606	14472078	1341	177	88.34	CHG
6	14470606	14472078	288	4669	5.81	CHH
6	14807254	14809068	964	491	66.25	CG
6	14807254	14809068	944	681	58.09	CHG
6	14807254	14809068	314	6123	4.88	CHH
6	14821713	14821802	68	4	94.44	CG
6	14821713	14821802	159	7	95.78	CHG
6	14821713	14821802	15	366	3.94	CHH
6	14830897	14831902	1012	25	97.59	CG
6	14830897	14831902	1511	256	85.51	CHG
6	14830897	14831902	190	6057	3.04	CHH
6	14905971	14906794	1048	26	97.58	CG
6	14905971	14906794	1218	77	94.05	CHG
6	14905971	14906794	241	3356	6.70	CHH
6	15103747	15105627	1610	97	94.32	CG
6	15103747	15105627	1152	291	79.83	CHG
6	15103747	15105627	352	10369	3.28	CHH
6	15441362	15441506	2703	298	90.07	CG
6	15441362	15441506	257	207	55.39	CHG
6	15441362	15441506	128	3711	3.33	CHH
6	15563454	15563591	75	1	98.68	CG
6	15563454	15563591	110	23	82.71	CHG
6	15563454	15563591	10	509	1.93	CHH
6	16686020	16686529	689	8	98.85	CG
6	16686020	16686529	147	229	39.10	CHG
6	16686020	16686529	31	2107	1.45	CHH
6	17158669	17158861	119	41	74.38	CG
6	17158669	17158861	1	123	0.81	CHG
6	17158669	17158861	5	603	0.82	CHH
6	17199198	17199462	84	5	94.38	CG
6	17199198	17199462	15	7	68.18	CHG
6	17199198	17199462	6	581	1.02	CHH
6	17345586	17347256	1985	49	97.59	CG
6	17345586	17347256	1212	308	79.74	CHG
6	17345586	17347256	281	5538	4.83	CHH
6	17660877	17661057	264	9	96.70	CG
6	17660877	17661057	317	83	79.25	CHG
6	17660877	17661057	16	1084	1.45	CHH
6	18643334	18643833	67	0	100.00	CG
6	18643334	18643833	21	19	52.50	CHG
6	18643334	18643833	1	36	2.70	CHH
6	18777954	18779043	830	55	93.79	CG
6	18777954	18779043	383	245	60.99	CHG
6	18777954	18779043	99	4755	2.04	CHH
6	18810122	18813496	2505	521	82.78	CG
6	18810122	18813496	876	1904	31.51	CHG
6	18810122	18813496	152	11871	1.26	CHH
6	19312818	19314797	1847	1188	60.86	CG
6	19312818	19314797	772	1352	36.35	CHG
6	19312818	19314797	391	9148	4.10	CHH
6	20357482	20357681	161	6	96.41	CG
6	20357482	20357681	80	20	80.00	CHG
6	20357482	20357681	14	647	2.12	CHH
6	20439044	20439654	0	299	0.00	CG
6	20439044	20439654	6	746	0.80	CHG
6	20439044	20439654	29	2037	1.40	CHH
6	21127919	21128043	130	3	97.74	CG
6	21127919	21128043	1	6	14.29	CHG
6	21127919	21128043	6	313	1.88	CHH
6	21587628	21587841	83	9	90.22	CG
6	21587628	21587841	47	22	68.12	CHG
6	21587628	21587841	5	532	0.93	CHH
6	22156671	22156886	5	593	0.84	CG
6	22156671	22156886	2	429	0.46	CHG
6	22156671	22156886	15	1762	0.84	CHH
6	22194216	22196915	1366	535	71.86	CG
6	22194216	22196915	399	2120	15.84	CHG
6	22194216	22196915	69	10413	0.66	CHH
6	22609287	22612484	1528	1640	48.23	CG
6	22609287	22612484	563	1832	23.51	CHG
6	22609287	22612484	253	8166	3.01	CHH
6	22611980	22612934	9	1665	0.54	CG
6	22611980	22612934	8	1424	0.56	CHG
6	22611980	22612934	26	4965	0.52	CHH
6	23257492	23257741	208	0	100.00	CG
6	23257492	23257741	80	26	75.47	CHG
6	23257492	23257741	20	188	9.62	CHH
6	23764410	23764702	44	1	97.78	CG
6	23764410	23764702	3	2	60.00	CHG
6	23764410	23764702	63	1620	3.74	CHH
6	23867262	23869017	94	4124	2.23	CG
6	23867262	23869017	46	2196	2.05	CHG
6	23867262	23869017	46	5195	0.88	CHH
6	24469529	24469704	89	3	96.74	CG
6	24469529	24469704	315	21	93.75	CHG
6	24469529	24469704	40	888	4.31	CHH
6	26027042	26027922	100	440	18.52	CG
6	26027042	26027922	4	502	0.79	CHG
6	26027042	26027922	17	2608	0.65	CHH
6	27428621	27432072	929	2729	25.40	CG
6	27428621	27432072	108	5140	2.06	CHG
6	27428621	27432072	104	13759	0.75	CHH
6	27581080	27581338	422	14	96.79	CG
6	27581080	27581338	230	48	82.73	CHG
6	27581080	27581338	104	1097	8.66	CHH
6	27924772	27924989	110	2	98.21	CG
6	27924772	27924989	2	373	0.53	CHG
6	27924772	27924989	2	738	0.27	CHH
6	28789509	28791244	177	489	26.58	CG
6	28789509	28791244	20	1481	1.33	CHG
6	28789509	28791244	56	5531	1.00	CHH
6	28955148	28955268	0	219	0.00	CHG
6	28955148	28955268	5	519	0.95	CHH
6	29172271	29175087	813	409	66.53	CG
6	29172271	29175087	35	4316	0.80	CHG
6	29172271	29175087	73	15155	0.48	CHH
6	30516258	30516520	38	265	12.54	CG
6	30516258	30516520	0	129	0.00	CHG
6	30516258	30516520	5	822	0.60	CHH
6	31188015	31188697	97	45	68.31	CG
6	31188015	31188697	2	811	0.25	CHG
6	31188015	31188697	7	3139	0.22	CHH
6	31222643	31224540	731	22	97.08	CG
6	31222643	31224540	62	1214	4.86	CHG
6	31222643	31224540	32	5023	0.63	CHH
7	411438	411715	240	21	91.95	CG
7	411438	411715	51	330	13.39	CHG
7	411438	411715	8	1196	0.66	CHH
7	993029	993215	0	94	0.00	CG
7	993029	993215	3	148	1.99	CHG
7	993029	993215	0	617	0.00	CHH
7	1846760	1848970	1057	399	72.60	CG
7	1846760	1848970	23	2933	0.78	CHG
7	1846760	1848970	68	11108	0.61	CHH
7	2224488	2225213	2	794	0.25	CG
7	2224488	2225213	5	662	0.75	CHG
7	2224488	2225213	10	1648	0.60	CHH
7	2447769	2451203	1035	6934	12.99	CG
7	2447769	2451203	354	5559	5.99	CHG
7	2447769	2451203	453	16836	2.62	CHH
7	2483423	2483554	100	76	56.82	CG
7	2483423	2483554	18	34	34.62	CHG
7	2483423	2483554	3	275	1.08	CHH
7	2618288	2618484	52	6	89.66	CG
7	2618288	2618484	0	31	0.00	CHG
7	2618288	2618484	1	529	0.19	CHH
7	2946799	2949545	750	2828	20.96	CG
7	2946799	2949545	16	4180	0.38	CHG
7	2946799	2949545	45	11943	0.38	CHH
7	3992526	3992733	96	3	96.97	CG
7	3992526	3992733	0	366	0.00	CHG
7	3992526	3992733	3	1035	0.29	CHH
7	4299561	4299774	93	64	59.24	CG
7	4299561	4299774	2	105	1.87	CHG
7	4299561	4299774	10	546	1.80	CHH
7	4594741	4595750	117	1343	8.01	CG
7	4594741	4595750	3	1708	0.18	CHG
7	4594741	4595750	22	6512	0.34	CHH
7	4802020	4804153	73	1162	5.91	CG
7	4802020	4804153	18	909	1.94	CHG
7	4802020	4804153	30	6707	0.45	CHH
7	5473306	5473520	63	0	100.00	CG
7	5473306	5473520	39	0	100.00	CHG
7	5473306	5473520	4	346	1.14	CHH
7	6327476	6328339	810	30	96.43	CG
7	6327476	6328339	588	136	81.22	CHG
7	6327476	6328339	59	2363	2.44	CHH
7	6575263	6575711	0	63	0.00	CG
7	6575263	6575711	1	16	5.88	CHG
7	6575263	6575711	5	1032	0.48	CHH
7	6605103	6605624	475	34	93.32	CG
7	6605103	6605624	158	328	32.51	CHG
7	6605103	6605624	20	1334	1.48	CHH
7	6829453	6829599	5	109	4.39	CHG
7	6829453	6829599	6	683	0.87	CHH
7	6919655	6920441	530	133	79.94	CG
7	6919655	6920441	357	447	44.40	CHG
7	6919655	6920441	19	2466	0.76	CHH
7	7348687	7348951	20	1	95.24	CG
7	7348687	7348951	1	121	0.82	CHG
7	7348687	7348951	1	863	0.12	CHH
7	7538627	7540224	378	145	72.28	CG
7	7538627	7540224	105	331	24.08	CHG
7	7538627	7540224	43	3279	1.29	CHH
7	7676619	7677136	342	38	90.00	CG
7	7676619	7677136	320	90	78.05	CHG
7	7676619	7677136	49	2124	2.25	CHH
7	7868604	7868899	607	35	94.55	CG
7	7868604	7868899	317	196	61.79	CHG
7	7868604	7868899	22	1307	1.66	CHH
7	7896981	7897138	62	3	95.38	CG
7	7896981	7897138	364	84	81.25	CHG
7	7896981	7897138	34	1277	2.59	CHH
7	7950410	7951127	4	1283	0.31	CG
7	7950410	7951127	5	813	0.61	CHG
7	7950410	7951127	9	2334	0.38	CHH
7	8994834	8994985	123	4	96.85	CG
7	8994834	8994985	4	174	2.25	CHG
7	8994834	8994985	1	407	0.25	CHH
7	9688947	9691039	467	2789	14.34	CG
7	9688947	9691039	522	1321	28.32	CHG
7	9688947	9691039	179	5238	3.30	CHH
7	10365529	10365796	374	12	96.89	CG
7	10365529	10365796	74	8	90.24	CHG
7	10365529	10365796	15	654	2.24	CHH
7	10449611	10449795	179	30	85.65	CG
7	10449611	10449795	200	39	83.68	CHG
7	10449611	10449795	49	1484	3.20	CHH
7	10549868	10550083	196	7	96.55	CG
7	10549868	10550083	87	118	42.44	CHG
7	10549868	10550083	11	832	1.30	CHH
7	10635123	10635434	98	328	23.00	CG
7	10635123	10635434	47	365	11.41	CHG
7	10635123	10635434	29	1548	1.84	CHH
7	10877526	10878054	786	20	97.52	CG
7	10877526	10878054	260	119	68.60	CHG
7	10877526	10878054	70	943	6.91	CHH
7	11466967	11467449	628	23	96.47	CG
7	11466967	11467449	384	91	80.84	CHG
7	11466967	11467449	67	1891	3.42	CHH
7	11601703	11602144	132	1	99.25	CG
7	11601703	11602144	109	15	87.90	CHG
7	11601703	11602144	97	1224	7.34	CHH
7	11983577	11984979	531	71	88.21	CG
7	11983577	11984979	569	188	75.17	CHG
7	11983577	11984979	236	5495	4.12	CHH
7	12411232	12411465	37	3	92.50	CG
7	12411232	12411465	24	8	75.00	CHG
7	12411232	12411465	2	44	4.35	CHH
7	12792717	12792888	52	1	98.11	CG
7	12792717	12792888	70	11	86.42	CHG
7	12792717	12792888	10	480	2.04	CHH
7	12807464	12807960	480	17	96.58	CG
7	12807464	12807960	850	165	83.74	CHG
7	12807464	12807960	257	4266	5.68	CHH
7	13460211	13460326	90	1	98.90	CG
7	13460211	13460326	7	7	50.00	CHG
7	13460211	13460326	0	35	0.00	CHH
7	15065372	15067232	1621	70	95.86	CG
7	15065372	15067232	1547	321	82.82	CHG
7	15065372	15067232	166	8618	1.89	CHH
7	15194897	15195154	0	64	0.00	CG
7	15194897	15195154	0	73	0.00	CHG
7	15194897	15195154	6	882	0.68	CHH
7	15838174	15840597	325	1166	21.80	CG
7	15838174	15840597	102	1149	8.15	CHG
7	15838174	15840597	45	5976	0.75	CHH
7	16417756	16417995	79	1	98.75	CG
7	16417756	16417995	42	13	76.36	CHG
7	16417756	16417995	19	959	1.94	CHH
7	17006268	17006989	1816	57	96.96	CG
7	17006268	17006989	590	218	73.02	CHG
7	17006268	17006989	94	3545	2.58	CHH
7	17339592	17339751	0	91	0.00	CG
7	17339592	17339751	6	287	2.05	CHG
7	17339592	17339751	2	842	0.24	CHH
7	17913342	17913726	493	20	96.10	CG
7	17913342	17913726	301	74	80.27	CHG
7	17913342	17913726	83	1568	5.03	CHH
7	18987148	18987233	2	30	6.25	CG
7	18987148	18987233	7	9	43.75	CHG
7	18987148	18987233	1	149	0.67	CHH
7	19215021	19215291	161	8	95.27	CG
7	19215021	19215291	99	16	86.09	CHG
7	19215021	19215291	13	224	5.49	CHH
7	19560035	19560566	600	13	97.88	CG
7	19560035	19560566	405	114	78.03	CHG
7	19560035	19560566	171	1296	11.66	CHH
7	19560091	19560385	426	6	98.61	CG
7	19560091	19560385	279	64	81.34	CHG
7	19560091	19560385	107	770	12.20	CHH
7	19831953	19832039	2	189	1.05	CHG
7	19831953	19832039	3	642	0.47	CHH
7	19834434	19835298	642	94	87.23	CG
7	19834434	19835298	257	279	47.95	CHG
7	19834434	19835298	41	2097	1.92	CHH
7	21131054	21131268	0	53	0.00	CG
7	21131054	21131268	0	131	0.00	CHG
7	21131054	21131268	0	867	0.00	CHH
7	21474944	21475222	75	55	57.69	CG
7	21474944	21475222	0	33	0.00	CHG
7	21474944	21475222	13	730	1.75	CHH
7	21913503	21914249	59	555	9.61	CG
7	21913503	21914249	10	658	1.50	CHG
7	21913503	21914249	64	2557	2.44	CHH
7	22120429	22120613	308	9	97.16	CG
7	22120429	22120613	0	593	0.00	CHG
7	22120429	22120613	6	1696	0.35	CHH
7	22386510	22386982	2	719	0.28	CG
7	22386510	22386982	0	214	0.00	CHG
7	22386510	22386982	1	486	0.21	CHH
7	22569423	22569628	147	5	96.71	CG
7	22569423	22569628	0	340	0.00	CHG
7	22569423	22569628	4	1202	0.33	CHH
7	23187122	23187806	0	825	0.00	CG
7	23187122	23187806	3	947	0.32	CHG
7	23187122	23187806	15	3466	0.43	CHH
7	23391649	23391802	148	5	96.73	CG
7	23391649	23391802	2	320	0.62	CHG
7	23391649	23391802	4	787	0.51	CHH
7	24132747	24133053	103	3	97.17	CG
7	24132747	24133053	7	183	3.68	CHG
7	24132747	24133053	29	1386	2.05	CHH
7	24196787	24197173	462	13	97.26	CG
7	24196787	24197173	525	21	96.15	CHG
7	24196787	24197173	128	2990	4.11	CHH
7	24296352	24296548	85	1	98.84	CG
7	24296352	24296548	0	278	0.00	CHG
7	24296352	24296548	1	1041	0.10	CHH
7	24747117	24747542	336	14	96.00	CG
7	24747117	24747542	157	49	76.21	CHG
7	24747117	24747542	65	296	18.01	CHH
7	25222041	25223348	91	2402	3.65	CG
7	25222041	25223348	111	1373	7.48	CHG
7	25222041	25223348	47	5463	0.85	CHH
7	25256522	25256725	2	422	0.47	CG
7	25256522	25256725	0	311	0.00	CHG
7	25256522	25256725	5	850	0.58	CHH
7	25908465	25908808	1	608	0.16	CG
7	25908465	25908808	1	990	0.10	CHG
7	25908465	25908808	7	2670	0.26	CHH
7	25983000	25983349	162	45	78.26	CG
7	25983000	25983349	1	506	0.20	CHG
7	25983000	25983349	7	1496	0.47	CHH
7	26184639	26186023	836	38	95.65	CG
7	26184639	26186023	530	108	83.07	CHG
7	26184639	26186023	108	1453	6.92	CHH
7	26456564	26456769	2	150	1.32	CG
7	26456564	26456769	0	65	0.00	CHG
7	26456564	26456769	1	447	0.22	CHH
7	27118237	27118566	21	1	95.45	CG
7	27118237	27118566	19	14	57.58	CHG
7	27118237	27118566	4	492	0.81	CHH
7	28429839	28434200	1297	374	77.62	CG
7	28429839	28434200	33	5300	0.62	CHG
7	28429839	28434200	76	19243	0.39	CHH
7	28561953	28562576	9	2861	0.31	CG
7	28561953	28562576	3	1457	0.21	CHG
7	28561953	28562576	6	1834	0.33	CHH
7	28603030	28603161	1	0	100.00	CG
7	28603030	28603161	2	0	100.00	CHG
7	28603030	28603161	4	18	18.18	CHH
7	29086695	29086979	131	1	99.24	CG
7	29086695	29086979	44	10	81.48	CHG
7	29086695	29086979	43	155	21.72	CHH
8	178569	180215	30	2378	1.25	CG
8	178569	180215	78	1597	4.66	CHG
8	178569	180215	40	5886	0.67	CHH
8	236935	237112	207	4	98.10	CG
8	236935	237112	361	50	87.83	CHG
8	236935	237112	53	1139	4.45	CHH
8	451101	451275	2	629	0.32	CG
8	451101	451275	2	271	0.73	CHG
8	451101	451275	3	432	0.69	CHH
8	700792	701075	5	838	0.59	CG
8	700792	701075	3	626	0.48	CHG
8	700792	701075	7	1397	0.50	CHH
8	1029191	1029915	53	563	8.60	CG
8	1029191	1029915	17	363	4.47	CHG
8	1029191	1029915	116	1922	5.69	CHH
8	1151684	1151850	103	24	81.10	CG
8	1151684	1151850	160	137	53.87	CHG
8	1151684	1151850	12	1192	1.00	CHH
8	1263064	1263825	34	0	100.00	CG
8	1263064	1263825	38	8	82.61	CHG
8	1263064	1263825	8	119	6.30	CHH
8	1315995	1316283	235	20	92.16	CG
8	1315995	1316283	195	126	60.75	CHG
8	1315995	1316283	25	1428	1.72	CHH
8	1392517	1392770	474	10	97.93	CG
8	1392517	1392770	75	155	32.61	CHG
8	1392517	1392770	14	1024	1.35	CHH
8	1864926	1865852	1266	61	95.40	CG
8	1864926	1865852	335	334	50.07	CHG
8	1864926	1865852	182	5446	3.23	CHH
8	1952801	1953130	191	160	54.42	CG
8	1952801	1953130	11	221	4.74	CHG
8	1952801	1953130	9	1794	0.50	CHH
8	2740500	2740929	453	5	98.91	CG
8	2740500	2740929	277	131	67.89	CHG
8	2740500	2740929	43	1727	2.43	CHH
8	2874093	2874334	226	33	87.26	CG
8	2874093	2874334	112	60	65.12	CHG
8	2874093	2874334	26	1097	2.32	CHH
8	3055231	3055410	6	447	1.32	CHG
8	3055231	3055410	5	1399	0.36	CHH
8	3463082	3465280	235	1517	13.41	CG
8	3463082	3465280	43	2363	1.79	CHG
8	3463082	3465280	76	9611	0.78	CHH
8	4272689	4273002	171	10	94.48	CG
8	4272689	4273002	234	43	84.48	CHG
8	4272689	4273002	46	2248	2.01	CHH
8	4312136	4312445	576	34	94.43	CG
8	4312136	4312445	170	339	33.40	CHG
8	4312136	4312445	32	2173	1.45	CHH
8	4545475	4545770	28	45	38.36	CG
8	4545475	4545770	4	244	1.61	CHG
8	4545475	4545770	12	824	1.44	CHH
8	4853217	4853848	11	2888	0.38	CG
8	4853217	4853848	6	1489	0.40	CHG
8	4853217	4853848	19	3106	0.61	CHH
8	5467560	5467758	30	480	5.88	CG
8	5467560	5467758	4	412	0.96	CHG
8	5467560	5467758	4	1615	0.25	CHH
8	6450044	6451003	1019	32	96.96	CG
8	6450044	6451003	710	142	83.33	CHG
8	6450044	6451003	127	3500	3.50	CHH
8	6675950	6676096	88	3	96.70	CG
8	6675950	6676096	37	7	84.09	CHG
8	6675950	6676096	1	147	0.68	CHH
8	6874782	6875032	214	26	89.17	CG
8	6874782	6875032	66	38	63.46	CHG
8	6874782	6875032	54	922	5.53	CHH
8	7337780	7340351	1269	1177	51.88	CG
8	7337780	7340351	53	3335	1.56	CHG
8	7337780	7340351	131	12581	1.03	CHH
8	7485595	7487184	1670	72	95.87	CG
8	7485595	7487184	1763	224	88.73	CHG
8	7485595	7487184	418	6414	6.12	CHH
8	7660052	7660308	52	17	75.36	CG
8	7660052	7660308	13	109	10.66	CHG
8	7660052	7660308	9	782	1.14	CHH
8	8117875	8118747	198	11	94.74	CG
8	8117875	8118747	5	730	0.68	CHG
8	8117875	8118747	16	3199	0.50	CHH
8	8283116	8289954	4676	1859	71.55	CG
8	8283116	8289954	2725	6900	28.31	CHG
8	8283116	8289954	334	32789	1.01	CHH
8	8625179	8626724	1705	50	97.15	CG
8	8625179	8626724	1089	473	69.72	CHG
8	8625179	8626724	86	2695	3.09	CHH
8	10263592	10264820	470	15	96.91	CG
8	10263592	10264820	9	1401	0.64	CHG
8	10263592	10264820	16	4705	0.34	CHH
8	10859005	10859704	179	24	88.18	CG
8	10859005	10859704	197	125	61.18	CHG
8	10859005	10859704	29	3078	0.93	CHH
8	10992041	10993699	812	61	93.01	CG
8	10992041	10993699	261	466	35.90	CHG
8	10992041	10993699	66	4611	1.41	CHH
8	11166235	11167095	37	0	100.00	CG
8	11166235	11167095	157	17	90.23	CHG
8	11166235	11167095	22	651	3.27	CHH
8	12217241	12217417	1	0	100.00	CG
8	12217241	12217417	10	0	100.00	CHG
8	12217241	12217417	3	45	6.25	CHH
8	12220776	12220917	5	1	83.33	CG
8	12220776	12220917	4	1	80.00	CHG
8	12220776	12220917	0	46	0.00	CHH
8	12256460	12256704	2	213	0.93	CG
8	12256460	12256704	4	355	1.11	CHG
8	12256460	12256704	3	1226	0.24	CHH
8	12629860	12629996	42	1	97.67	CG
8	12629860	12629996	115	67	63.19	CHG
8	12629860	12629996	6	636	0.93	CHH
8	13407105	13408116	1039	135	88.50	CG
8	13407105	13408116	313	225	58.18	CHG
8	13407105	13408116	54	1583	3.30	CHH
8	13545344	13545711	264	5	98.14	CG
8	13545344	13545711	54	41	56.84	CHG
8	13545344	13545711	47	1659	2.75	CHH
8	13637622	13639004	1803	84	95.55	CG
8	13637622	13639004	1535	462	76.87	CHG
8	13637622	13639004	118	4749	2.42	CHH
8	13952461	13953924	643	343	65.21	CG
8	13952461	13953924	273	410	39.97	CHG
8	13952461	13953924	103	3764	2.66	CHH
8	14213510	14213752	4	167	2.34	CG
8	14213510	14213752	1	113	0.88	CHG
8	14213510	14213752	0	560	0.00	CHH
8	14298148	14298652	271	8	97.13	CG
8	14298148	14298652	316	63	83.38	CHG
8	14298148	14298652	61	1721	3.42	CHH
8	14597668	14597929	367	13	96.58	CG
8	14597668	14597929	191	72	72.62	CHG
8	14597668	14597929	18	583	3.00	CHH
8	14657412	14657652	19	1	95.00	CG
8	14657412	14657652	12	4	75.00	CHG
8	14657412	14657652	11	370	2.89	CHH
8	15580207	15580529	166	3	98.22	CG
8	15580207	15580529	198	50	79.84	CHG
8	15580207	15580529	34	1154	2.86	CHH
8	15967015	15970249	2787	175	94.09	CG
8	15967015	15970249	1577	1359	53.71	CHG
8	15967015	15970249	203	13987	1.43	CHH
8	16012976	16013846	1082	33	97.04	CG
8	16012976	16013846	575	151	79.20	CHG
8	16012976	16013846	250	2129	10.51	CHH
8	16216197	16216404	69	2	97.18	CG
8	16216197	16216404	6	441	1.34	CHH
8	16538923	16541131	737	89	89.23	CG
8	16538923	16541131	25	1821	1.35	CHG
8	16538923	16541131	112	7895	1.40	CHH
8	16974676	16975655	241	401	37.54	CG
8	16974676	16975655	92	528	14.84	CHG
8	16974676	16975655	92	3228	2.77	CHH
8	16994050	16994211	16	221	6.75	CG
8	16994050	16994211	1	197	0.51	CHG
8	16994050	16994211	1	820	0.12	CHH
8	17403203	17403300	155	3	98.10	CG
8	17403203	17403300	80	28	74.07	CHG
8	17403203	17403300	3	187	1.58	CHH
8	17719178	17719322	101	8	92.66	CG
8	17719178	17719322	18	53	25.35	CHG
8	17719178	17719322	10	505	1.94	CHH
8	18550794	18553306	1219	670	64.53	CG
8	18550794	18553306	306	1222	20.03	CHG
8	18550794	18553306	249	5784	4.13	CHH
8	20514928	20517189	1708	187	90.13	CG
8	20514928	20517189	474	459	50.80	CHG
8	20514928	20517189	575	14749	3.75	CHH
8	21734995	21740080	6247	313	95.23	CG
8	21734995	21740080	3633	750	82.89	CHG
8	21734995	21740080	818	14310	5.41	CHH
8	21758849	21759020	77	23	77.00	CG
8	21758849	21759020	2	298	0.67	CHG
8	21758849	21759020	6	1306	0.46	CHH
8	22561294	22561443	0	45	0.00	CG
8	22561294	22561443	0	41	0.00	CHG
8	22561294	22561443	3	178	1.66	CHH
8	22681154	22681244	77	1	98.72	CHG
8	22681154	22681244	13	343	3.65	CHH
8	22949183	22951590	576	680	45.86	CG
8	22949183	22951590	286	1477	16.22	CHG
8	22949183	22951590	309	7036	4.21	CHH
8	23384652	23384882	4	508	0.78	CG
8	23384652	23384882	0	285	0.00	CHG
8	23384652	23384882	3	598	0.50	CHH
8	23517672	23517817	44	0	100.00	CG
8	23517672	23517817	71	1	98.61	CHG
8	23517672	23517817	36	457	7.30	CHH
8	23675662	23675914	76	7	91.57	CG
8	23675662	23675914	15	13	53.57	CHG
8	23675662	23675914	50	183	21.46	CHH
8	24239866	24240191	86	1	98.85	CG
8	24239866	24240191	1	307	0.32	CHG
8	24239866	24240191	5	1247	0.40	CHH
8	24632914	24633182	14	37	27.45	CG
8	24632914	24633182	4	181	2.16	CHG
8	24632914	24633182	0	446	0.00	CHH
8	25281178	25281350	267	20	93.03	CG
8	25281178	25281350	26	30	46.43	CHG
8	25281178	25281350	62	675	8.41	CHH
8	25598370	25598449	9	93	8.82	CHH
8	25696600	25696771	2	518	0.38	CG
8	25696600	25696771	2	316	0.63	CHG
8	25696600	25696771	1	667	0.15	CHH
8	25733898	25741720	3725	3912	48.78	CG
8	25733898	25741720	1504	8475	15.07	CHG
8	25733898	25741720	363	31527	1.14	CHH
8	26671848	26672550	395	15	96.34	CG
8	26671848	26672550	135	35	79.41	CHG
8	26671848	26672550	74	1217	5.73	CHH
8	26851572	26851796	2	394	0.51	CG
8	26851572	26851796	1	203	0.49	CHG
8	26851572	26851796	3	995	0.30	CHH
8	27327904	27330518	209	7298	2.78	CG
8	27327904	27330518	74	4569	1.59	CHG
8	27327904	27330518	82	9489	0.86	CHH
9	899505	900078	668	22	96.81	CG
9	899505	900078	185	119	60.86	CHG
9	899505	900078	175	2614	6.27	CHH
9	1708905	1710116	2304	113	95.32	CG
9	1708905	1710116	1095	673	61.93	CHG
9	1708905	1710116	73	5061	1.42	CHH
9	2262231	2262612	360	10	97.30	CG
9	2262231	2262612	399	151	72.55	CHG
9	2262231	2262612	48	1634	2.85	CHH
9	2463009	2464211	1172	63	94.90	CG
9	2463009	2464211	745	314	70.35	CHG
9	2463009	2464211	142	4439	3.10	CHH
9	2545349	2545704	375	8	97.91	CG
9	2545349	2545704	388	66	85.46	CHG
9	2545349	2545704	43	1254	3.32	CHH
9	2775400	2775730	2321	198	92.14	CG
9	2775400	2775730	340	313	52.07	CHG
9	2775400	2775730	186	5172	3.47	CHH
9	2854868	2855786	1618	309	83.96	CG
9	2854868	2855786	169	266	38.85	CHG
9	2854868	2855786	141	3864	3.52	CHH
9	2911646	2912272	692	16	97.74	CG
9	2911646	2912272	944	133	87.65	CHG
9	2911646	2912272	169	3060	5.23	CHH
9	3112245	3115702	4284	163	96.33	CG
9	3112245	3115702	1982	408	82.93	CHG
9	3112245	3115702	726	8193	8.14	CHH
9	3214717	3216020	351	94	78.88	CG
9	3214717	3216020	186	186	50.00	CHG
9	3214717	3216020	65	2941	2.16	CHH
9	3330884	3331520	146	5	96.69	CG
9	3330884	3331520	25	309	7.49	CHG
9	3330884	3331520	5	1581	0.32	CHH
9	4522204	4522362	29	0	100.00	CG
9	4522204	4522362	12	6	66.67	CHG
9	4522204	4522362	1	65	1.52	CHH
9	4739227	4745466	1518	1135	57.22	CG
9	4739227	4745466	314	2151	12.74	CHG
9	4739227	4745466	313	11733	2.60	CHH
9	6140177	6140335	24	0	100.00	CG
9	6140177	6140335	12	14	46.15	CHG
9	6140177	6140335	3	115	2.54	CHH
9	6631347	6632182	62	116	34.83	CG
9	6631347	6632182	163	696	18.98	CHG
9	6631347	6632182	19	3141	0.60	CHH
9	7230219	7230464	296	13	95.79	CG
9	7230219	7230464	95	54	63.76	CHG
9	7230219	7230464	16	445	3.47	CHH
9	7430897	7432040	113	123	47.88	CG
9	7430897	7432040	13	167	7.22	CHG
9	7430897	7432040	13	2429	0.53	CHH
9	8393668	8393832	112	6	94.92	CG
9	8393668	8393832	25	30	45.45	CHG
9	8393668	8393832	14	172	7.53	CHH
9	9923428	9925180	125	247	33.60	CG
9	9923428	9925180	19	514	3.56	CHG
9	9923428	9925180	33	4550	0.72	CHH
9	10766786	10767301	149	19	88.69	CG
9	10766786	10767301	1	548	0.18	CHG
9	10766786	10767301	14	2007	0.69	CHH
9	12030840	12031218	5	749	0.66	CG
9	12030840	12031218	1	499	0.20	CHG
9	12030840	12031218	6	874	0.68	CHH
9	12595903	12596851	4	528	0.75	CG
9	12595903	12596851	10	1046	0.95	CHG
9	12595903	12596851	9	3260	0.28	CHH
9	13404977	13406112	893	39	95.82	CG
9	13404977	13406112	161	258	38.42	CHG
9	13404977	13406112	76	2584	2.86	CHH
9	16489222	16490713	559	649	46.27	CG
9	16489222	16490713	25	1277	1.92	CHG
9	16489222	16490713	33	4871	0.67	CHH
9	16577282	16577396	28	10	73.68	CG
9	16577282	16577396	3	27	10.00	CHG
9	16577282	16577396	45	283	13.72	CHH
9	17604144	17604323	93	16	85.32	CG
9	17604144	17604323	1	156	0.64	CHG
9	17604144	17604323	3	769	0.39	CHH
9	19383868	19383934	1	52	1.89	CHG
9	19383868	19383934	0	198	0.00	CHH
9	19469244	19469889	39	369	9.56	CG
9	19469244	19469889	16	846	1.86	CHG
9	19469244	19469889	296	1882	13.59	CHH
9	19529704	19533249	1442	2733	34.54	CG
9	19529704	19533249	775	1663	31.79	CHG
9	19529704	19533249	360	11733	2.98	CHH
9	20512179	20515947	1422	1972	41.90	CG
9	20512179	20515947	674	3688	15.45	CHG
9	20512179	20515947	337	17612	1.88	CHH
9	20811988	20812086	2	397	0.50	CG
9	20811988	20812086	0	69	0.00	CHG
9	20811988	20812086	1	412	0.24	CHH
9	21917576	21917684	1	257	0.39	CG
9	21917576	21917684	0	222	0.00	CHG
9	21917576	21917684	1	343	0.29	CHH
9	22507907	22508014	2	88	2.22	CHG
9	22507907	22508014	2	298	0.67	CHH
9	22587586	22587797	267	13	95.36	CG
9	22587586	22587797	102	53	65.81	CHG
9	22587586	22587797	48	442	9.80	CHH
10	76063	76767	625	35	94.70	CG
10	76063	76767	181	674	21.17	CHG
10	76063	76767	24	3112	0.77	CHH
10	1070598	1072595	687	3604	16.01	CG
10	1070598	1072595	295	2454	10.73	CHG
10	1070598	1072595	241	9950	2.36	CHH
10	1391746	1391999	309	6	98.10	CG
10	1391746	1391999	86	78	52.44	CHG
10	1391746	1391999	17	306	5.26	CHH
10	1614261	1614403	0	33	0.00	CG
10	1614261	1614403	1	223	0.45	CHG
10	1614261	1614403	5	773	0.64	CHH
10	1803629	1804504	430	44	90.72	CG
10	1803629	1804504	243	307	44.18	CHG
10	1803629	1804504	94	2689	3.38	CHH
10	1803768	1804170	387	12	96.99	CG
10	1803768	1804170	169	92	64.75	CHG
10	1803768	1804170	41	1142	3.47	CHH
10	1840873	1840994	0	120	0.00	CG
10	1840873	1840994	0	77	0.00	CHG
10	1840873	1840994	0	372	0.00	CHH
10	2764274	2764493	1	229	0.43	CG
10	2764274	2764493	4	543	0.73	CHG
10	2764274	2764493	1	1173	0.09	CHH
10	3411205	3411730	155	10	93.94	CG
10	3411205	3411730	1	609	0.16	CHG
10	3411205	3411730	15	2014	0.74	CHH
10	3555583	3556236	723	41	94.63	CG
10	3555583	3556236	190	97	66.20	CHG
10	3555583	3556236	111	1026	9.76	CHH
10	4747418	4747782	24	36	40.00	CG
10	4747418	4747782	19	345	5.22	CHG
10	4747418	4747782	7	1297	0.54	CHH
10	6032495	6032662	127	3	97.69	CG
10	6032495	6032662	326	27	92.35	CHG
10	6032495	6032662	79	1151	6.42	CHH
10	6484932	6485158	57	249	18.63	CG
10	6484932	6485158	0	149	0.00	CHG
10	6484932	6485158	18	808	2.18	CHH
10	6965382	6965620	105	5	95.45	CG
10	6965382	6965620	17	18	48.57	CHG
10	6965382	6965620	4	52	7.14	CHH
10	7289884	7290427	392	10	97.51	CG
10	7289884	7290427	160	64	71.43	CHG
10	7289884	7290427	29	835	3.36	CHH
10	8713513	8713687	86	1	98.85	CG
10	8713513	8713687	104	24	81.25	CHG
10	8713513	8713687	10	410	2.38	CHH
10	8784304	8784496	102	2	98.08	CG
10	8784304	8784496	40	21	65.57	CHG
10	8784304	8784496	13	600	2.12	CHH
10	9339792	9339997	55	0	100.00	CG
10	9339792	9339997	7	4	63.64	CHG
10	9339792	9339997	33	268	10.96	CHH
10	9455216	9455761	566	19	96.75	CG
10	9455216	9455761	442	99	81.70	CHG
10	9455216	9455761	116	2439	4.54	CHH
10	10070366	10073354	1646	42	97.51	CG
10	10070366	10073354	1167	295	79.82	CHG
10	10070366	10073354	259	4388	5.57	CHH
10	10893887	10894383	216	615	25.99	CG
10	10893887	10894383	299	914	24.65	CHG
10	10893887	10894383	118	6611	1.75	CHH
10	10994069	10994203	97	3	97.00	CG
10	10994069	10994203	1	164	0.61	CHG
10	10994069	10994203	4	537	0.74	CHH
10	11956236	11956518	131	12	91.61	CG
10	11956236	11956518	43	56	43.43	CHG
10	11956236	11956518	43	467	8.43	CHH
10	11967788	11968023	10	0	100.00	CG
10	11967788	11968023	10	2	83.33	CHG
10	11967788	11968023	15	605	2.42	CHH
10	12041078	12041429	2	49	3.92	CG
10	12041078	12041429	1	225	0.44	CHG
10	12041078	12041429	8	935	0.85	CHH
10	12398331	12398410	32	25	56.14	CHG
10	12398331	12398410	10	338	2.87	CHH
10	12783731	12784747	314	2498	11.17	CG
10	12783731	12784747	97	1485	6.13	CHG
10	12783731	12784747	35	3585	0.97	CHH
10	13030461	13031711	157	1898	7.64	CG
10	13030461	13031711	103	1392	6.89	CHG
10	13030461	13031711	107	4322	2.42	CHH
10	13134013	13134625	267	69	79.46	CG
10	13134013	13134625	27	94	22.31	CHG
10	13134013	13134625	63	2250	2.72	CHH
10	14312781	14312940	121	3	97.58	CG
10	14312781	14312940	36	13	73.47	CHG
10	14312781	14312940	20	310	6.06	CHH
10	14415032	14415475	2	460	0.43	CG
10	14415032	14415475	1	396	0.25	CHG
10	14415032	14415475	2	1266	0.16	CHH
10	14939572	14939779	0	389	0.00	CG
10	14939572	14939779	1	235	0.42	CHG
10	14939572	14939779	13	1340	0.96	CHH
10	15358024	15358297	49	11	81.67	CHG
10	15358024	15358297	69	1174	5.55	CHH
10	15388115	15388379	69	2	97.18	CG
10	15388115	15388379	157	68	69.78	CHG
10	15388115	15388379	18	842	2.09	CHH
10	15623066	15624262	9	1898	0.47	CG
10	15623066	15624262	3	2129	0.14	CHG
10	15623066	15624262	35	5268	0.66	CHH
10	16649407	16649853	3	837	0.36	CG
10	16649407	16649853	4	777	0.51	CHG
10	16649407	16649853	9	1837	0.49	CHH
10	17917117	17917361	1	297	0.34	CG
10	17917117	17917361	2	494	0.40	CHG
10	17917117	17917361	11	1424	0.77	CHH
10	18118300	18118455	191	13	93.63	CG
10	18118300	18118455	119	30	79.87	CHG
10	18118300	18118455	73	1011	6.73	CHH
10	18249061	18249336	418	27	93.93	CG
10	18249061	18249336	53	197	21.20	CHG
10	18249061	18249336	6	931	0.64	CHH
10	18629501	18629720	0	125	0.00	CG
10	18629501	18629720	0	132	0.00	CHG
10	18629501	18629720	6	1052	0.57	CHH
10	18709862	18710680	69	1915	3.48	CG
10	18709862	18710680	20	1700	1.16	CHG
10	18709862	18710680	46	3793	1.20	CHH
10	19071669	19072430	6	1720	0.35	CG
10	19071669	19072430	10	2031	0.49	CHG
10	19071669	19072430	12	3424	0.35	CHH
10	19727438	19727659	33	9	78.57	CG
10	19727438	19727659	14	53	20.90	CHG
10	19727438	19727659	29	704	3.96	CHH
10	20621568	20621746	121	18	87.05	CG
10	20621568	20621746	54	109	33.13	CHG
10	20621568	20621746	2	287	0.69	CHH
10	20684185	20684453	136	3	97.84	CG
10	20684185	20684453	3	623	0.48	CHG
10	20684185	20684453	7	1650	0.42	CHH
10	20758072	20758229	41	2	95.35	CG
10	20758072	20758229	3	293	1.01	CHG
10	20758072	20758229	1	804	0.12	CHH
10	20876029	20876473	38	194	16.38	CG
10	20876029	20876473	3	355	0.84	CHG
10	20876029	20876473	9	1059	0.84	CHH
10	21433314	21437604	1130	1814	38.38	CG
10	21433314	21437604	64	3059	2.05	CHG
10	21433314	21437604	96	12570	0.76	CHH
10	21560604	21561484	185	154	54.57	CG
10	21560604	21561484	12	1908	0.62	CHG
10	21560604	21561484	23	5924	0.39	CHH
10	22597491	22597660	3	484	0.62	CG
10	22597491	22597660	1	289	0.34	CHG
10	22597491	22597660	1	480	0.21	CHH
10	22692035	22692362	104	78	57.14	CG
10	22692035	22692362	1	468	0.21	CHG
10	22692035	22692362	9	1919	0.47	CHH
10	22860787	22861438	4	675	0.59	CG
10	22860787	22861438	1	879	0.11	CHG
10	22860787	22861438	10	2744	0.36	CHH
11	505296	505455	332	5	98.52	CG
11	505296	505455	256	53	82.85	CHG
11	505296	505455	11	786	1.38	CHH
11	797708	798586	63	86	42.28	CG
11	797708	798586	33	218	13.15	CHG
11	797708	798586	31	1876	1.63	CHH
11	1050852	1052789	69	2588	2.60	CG
11	1050852	1052789	19	3092	0.61	CHG
11	1050852	1052789	44	7389	0.59	CHH
11	1432574	1432751	1	341	0.29	CG
11	1432574	1432751	0	159	0.00	CHG
11	1432574	1432751	6	720	0.83	CHH
11	1858041	1858566	202	7	96.65	CG
11	1858041	1858566	287	36	88.85	CHG
11	1858041	1858566	101	886	10.23	CHH
11	2504811	2504939	54	246	18.00	CG
11	2504811	2504939	4	320	1.23	CHG
11	2504811	2504939	2	960	0.21	CHH
11	2669596	2669853	7	865	0.80	CG
11	2669596	2669853	0	191	0.00	CHG
11	2669596	2669853	7	1242	0.56	CHH
11	2802873	2804621	456	744	38.00	CG
11	2802873	2804621	430	977	30.56	CHG
11	2802873	2804621	133	4959	2.61	CHH
11	3466044	3470402	1589	1130	58.44	CG
11	3466044	3470402	1124	1762	38.95	CHG
11	3466044	3470402	269	11648	2.26	CHH
11	3810954	3811089	64	1	98.46	CG
11	3810954	3811089	0	176	0.00	CHG
11	3810954	3811089	1	465	0.21	CHH
11	4224826	4225123	22	0	100.00	CG
11	4224826	4225123	1	213	0.47	CHG
11	4224826	4225123	6	1011	0.59	CHH
11	4595255	4598721	786	3665	17.66	CG
11	4595255	4598721	271	1890	12.54	CHG
11	4595255	4598721	135	8063	1.65	CHH
11	6038088	6038424	7	1273	0.55	CG
11	6038088	6038424	5	782	0.64	CHG
11	6038088	6038424	2	1022	0.20	CHH
11	6091835	6093414	1104	678	61.95	CG
11	6091835	6093414	490	548	47.21	CHG
11	6091835	6093414	454	5179	8.06	CHH
11	7821028	7821214	2	310	0.64	CG
11	7821028	7821214	8	369	2.12	CHG
11	7821028	7821214	8	811	0.98	CHH
11	9435946	9436636	467	50	90.33	CG
11	9435946	9436636	319	147	68.45	CHG
11	9435946	9436636	48	2298	2.05	CHH
11	9479627	9479991	11	1094	1.00	CG
11	9479627	9479991	2	1038	0.19	CHG
11	9479627	9479991	12	2320	0.51	CHH
11	9728388	9728616	28	2	93.33	CG
11	9728388	9728616	1	37	2.63	CHG
11	9728388	9728616	0	313	0.00	CHH
11	9810706	9815080	3186	465	87.26	CG
11	9810706	9815080	1523	1824	45.50	CHG
11	9810706	9815080	380	13284	2.78	CHH
11	9969448	9969633	55	86	39.01	CG
11	9969448	9969633	33	84	28.21	CHG
11	9969448	9969633	9	948	0.94	CHH
11	10499987	10500272	187	7	96.39	CG
11	10499987	10500272	218	23	90.46	CHG
11	10499987	10500272	46	1661	2.69	CHH
11	10502651	10503109	272	13	95.44	CG
11	10502651	10503109	450	20	95.74	CHG
11	10502651	10503109	96	1681	5.40	CHH
11	11632517	11632735	148	3	98.01	CG
11	11632517	11632735	33	39	45.83	CHG
11	11632517	11632735	16	221	6.75	CHH
11	12791330	12791451	135	3	97.83	CG
11	12791330	12791451	69	29	70.41	CHG
11	12791330	12791451	13	279	4.45	CHH
11	13907112	13907730	807	19	97.70	CG
11	13907112	13907730	910	142	86.50	CHG
11	13907112	13907730	208	3166	6.16	CHH
11	14199127	14199230	185	3	98.40	CG
11	14199127	14199230	94	59	61.44	CHG
11	14199127	14199230	16	313	4.86	CHH
11	14246634	14246765	87	2	97.75	CG
11	14246634	14246765	54	5	91.53	CHG
11	14246634	14246765	10	475	2.06	CHH
11	14953985	14954432	145	8	94.77	CG
11	14953985	14954432	44	39	53.01	CHG
11	14953985	14954432	38	668	5.38	CHH
11	15162648	15162882	43	2	95.56	CG
11	15162648	15162882	125	142	46.82	CHG
11	15162648	15162882	24	1128	2.08	CHH
11	15516587	15517994	682	1779	27.71	CG
11	15516587	15517994	119	1377	7.95	CHG
11	15516587	15517994	70	5649	1.22	CHH
11	15595496	15598031	2682	842	76.11	CG
11	15595496	15598031	875	2048	29.93	CHG
11	15595496	15598031	309	13455	2.24	CHH
11	15629573	15629919	119	23	83.80	CG
11	15629573	15629919	81	201	28.72	CHG
11	15629573	15629919	10	1399	0.71	CHH
11	15784095	15784518	5	1272	0.39	CG
11	15784095	15784518	0	890	0.00	CHG
11	15784095	15784518	7	2170	0.32	CHH
11	16587225	16588700	654	290	69.28	CG
11	16587225	16588700	178	530	25.14	CHG
11	16587225	16588700	36	3488	1.02	CHH
11	16590106	16591882	1891	93	95.31	CG
11	16590106	16591882	2368	511	82.25	CHG
11	16590106	16591882	175	7787	2.20	CHH
11	17024541	17024749	72	42	63.16	CG
11	17024541	17024749	96	36	72.73	CHG
11	17024541	17024749	20	617	3.14	CHH
11	17437801	17439859	351	2105	14.29	CG
11	17437801	17439859	10	2400	0.41	CHG
11	17437801	17439859	45	9690	0.46	CHH
11	17734944	17735193	3	1139	0.26	CG
11	17734944	17735193	1	567	0.18	CHG
11	17734944	17735193	3	770	0.39	CHH
11	17903585	17906300	2376	379	86.24	CG
11	17903585	17906300	1699	546	75.68	CHG
11	17903585	17906300	389	7813	4.74	CHH
11	17974571	17974900	3	521	0.57	CG
11	17974571	17974900	6	585	1.02	CHG
11	17974571	17974900	10	1807	0.55	CHH
11	18221483	18221608	87	1	98.86	CG
11	18221483	18221608	89	62	58.94	CHG
11	18221483	18221608	5	316	1.56	CHH
11	18325064	18325191	0	38	0.00	CG
11	18325064	18325191	0	115	0.00	CHG
11	18325064	18325191	2	567	0.35	CHH
11	18373844	18373989	0	29	0.00	CG
11	18373844	18373989	1	119	0.83	CHG
11	18373844	18373989	1	651	0.15	CHH
11	18718793	18720377	714	1360	34.43	CG
11	18718793	18720377	38	1705	2.18	CHG
11	18718793	18720377	59	6522	0.90	CHH
11	18909482	18909881	4	502	0.79	CG
11	18909482	18909881	1	475	0.21	CHG
11	18909482	18909881	6	873	0.68	CHH
11	19311606	19314032	1865	203	90.18	CG
11	19311606	19314032	1144	1237	48.05	CHG
11	19311606	19314032	281	7070	3.82	CHH
11	20219224	20220414	932	59	94.05	CG
11	20219224	20220414	1211	152	88.85	CHG
11	20219224	20220414	157	5367	2.84	CHH
11	20319451	20320865	841	51	94.28	CG
11	20319451	20320865	635	323	66.28	CHG
11	20319451	20320865	170	5032	3.27	CHH
11	20346784	20346867	0	43	0.00	CG
11	20346784	20346867	2	73	2.67	CHG
11	20346784	20346867	1	465	0.21	CHH
11	20686170	20686465	17	60	22.08	CG
11	20686170	20686465	5	111	4.31	CHG
11	20686170	20686465	4	848	0.47	CHH
11	20872306	20872476	274	3	98.92	CG
11	20872306	20872476	55	111	33.13	CHG
11	20872306	20872476	3	270	1.10	CHH
11	20903615	20904114	314	71	81.56	CG
11	20903615	20904114	25	792	3.06	CHG
11	20903615	20904114	24	3056	0.78	CHH
11	21540161	21540670	296	1	99.66	CG
11	21540161	21540670	88	105	45.60	CHG
11	21540161	21540670	16	1440	1.10	CHH
11	22251376	22252471	67	351	16.03	CG
11	22251376	22252471	12	948	1.25	CHG
11	22251376	22252471	55	4807	1.13	CHH
11	22442650	22442893	223	4	98.24	CG
11	22442650	22442893	49	3	94.23	CHG
11	22442650	22442893	50	1513	3.20	CHH
11	22611185	22611456	0	157	0.00	CG
11	22611185	22611456	1	250	0.40	CHG
11	22611185	22611456	5	1813	0.28	CHH
11	22898553	22899482	69	349	16.51	CG
11	22898553	22899482	40	403	9.03	CHG
11	22898553	22899482	38	1721	2.16	CHH
11	23917291	23918354	274	92	74.86	CG
11	23917291	23918354	68	178	27.64	CHG
11	23917291	23918354	22	1993	1.09	CHH
11	23924021	23924111	0	82	0.00	CG
11	23924021	23924111	0	240	0.00	CHG
11	23924021	23924111	3	481	0.62	CHH
11	24143197	24143872	477	23	95.40	CG
11	24143197	24143872	316	40	88.76	CHG
11	24143197	24143872	86	1273	6.33	CHH
11	24518104	24518669	345	19	94.78	CG
11	24518104	24518669	192	135	58.72	CHG
11	24518104	24518669	13	996	1.29	CHH
11	25340157	25340679	142	2	98.61	CG
11	25340157	25340679	59	67	46.83	CHG
11	25340157	25340679	20	1823	1.09	CHH
11	25356991	25357939	348	83	80.74	CG
11	25356991	25357939	205	493	29.37	CHG
11	25356991	25357939	27	3967	0.68	CHH
11	25450636	25450896	98	9	91.59	CG
11	25450636	25450896	33	33	50.00	CHG
11	25450636	25450896	2	40	4.76	CHH
11	26018351	26019667	1138	80	93.43	CG
11	26018351	26019667	837	351	70.45	CHG
11	26018351	26019667	129	3368	3.69	CHH
11	26557615	26559410	708	128	84.69	CG
11	26557615	26559410	12	1355	0.88	CHG
11	26557615	26559410	29	6476	0.45	CHH
11	26733617	26733799	144	9	94.12	CG
11	26733617	26733799	63	67	48.46	CHG
11	26733617	26733799	4	467	0.85	CHH
11	26897318	26898575	1127	75	93.76	CG
11	26897318	26898575	234	568	29.18	CHG
11	26897318	26898575	41	2694	1.50	CHH
11	27142723	27144368	528	552	48.89	CG
11	27142723	27144368	154	856	15.25	CHG
11	27142723	27144368	53	3884	1.35	CHH
11	27188061	27188431	126	34	78.75	CG
11	27188061	27188431	57	33	63.33	CHG
11	27188061	27188431	25	1712	1.44	CHH
11	27296398	27296914	149	498	23.03	CG
11	27296398	27296914	17	208	7.56	CHG
11	27296398	27296914	115	1183	8.86	CHH
11	27621315	27621467	0	1	0.00	CHG
11	27621315	27621467	1	2	33.33	CHH
11	28581984	28582206	0	28	0.00	CHG
11	28581984	28582206	4	848	0.47	CHH
12	1158418	1158578	3	413	0.72	CG
12	1158418	1158578	0	149	0.00	CHG
12	1158418	1158578	4	1082	0.37	CHH
12	1177184	1177765	2	153	1.29	CG
12	1177184	1177765	3	493	0.60	CHG
12	1177184	1177765	13	2485	0.52	CHH
12	1270256	1270750	114	162	41.30	CG
12	1270256	1270750	6	1181	0.51	CHG
12	1270256	1270750	11	2559	0.43	CHH
12	2005465	2005735	189	4	97.93	CG
12	2005465	2005735	35	25	58.33	CHG
12	2005465	2005735	7	162	4.14	CHH
12	2376872	2377309	134	113	54.25	CG
12	2376872	2377309	3	287	1.03	CHG
12	2376872	2377309	10	1416	0.70	CHH
12	3807299	3807471	0	59	0.00	CG
12	3807299	3807471	1	222	0.45	CHG
12	3807299	3807471	3	728	0.41	CHH
12	3811143	3811601	234	7	97.10	CG
12	3811143	3811601	30	166	15.31	CHG
12	3811143	3811601	21	1223	1.69	CHH
12	4083553	4083794	64	128	33.33	CG
12	4083553	4083794	2	604	0.33	CHG
12	4083553	4083794	8	1284	0.62	CHH
12	5174512	5176042	1080	732	59.60	CG
12	5174512	5176042	393	645	37.86	CHG
12	5174512	5176042	99	3489	2.76	CHH
12	5728433	5728876	506	10	98.06	CG
12	5728433	5728876	363	73	83.26	CHG
12	5728433	5728876	60	804	6.94	CHH
12	6323100	6323289	0	79	0.00	CG
12	6323100	6323289	18	101	15.13	CHG
12	6323100	6323289	1	450	0.22	CHH
12	6480645	6481828	2057	73	96.57	CG
12	6480645	6481828	1183	227	83.90	CHG
12	6480645	6481828	184	4910	3.61	CHH
12	6550600	6551475	557	19	96.70	CG
12	6550600	6551475	180	266	40.36	CHG
12	6550600	6551475	18	1818	0.98	CHH
12	7855054	7855393	207	7	96.73	CG
12	7855054	7855393	181	96	65.34	CHG
12	7855054	7855393	49	1016	4.60	CHH
12	8497520	8497653	1	391	0.26	CG
12	8497520	8497653	0	171	0.00	CHG
12	8497520	8497653	1	313	0.32	CHH
12	8555821	8555983	300	10	96.77	CG
12	8555821	8555983	180	75	70.59	CHG
12	8555821	8555983	17	783	2.12	CHH
12	8733248	8733675	3	0	100.00	CG
12	8733248	8733675	10	4	71.43	CHG
12	8733248	8733675	6	228	2.56	CHH
12	8783105	8783207	40	8	83.33	CG
12	8783105	8783207	12	6	66.67	CHG
12	8783105	8783207	7	278	2.46	CHH
12	8846726	8847029	30	102	22.73	CG
12	8846726	8847029	0	59	0.00	CHG
12	8846726	8847029	3	741	0.40	CHH
12	9326878	9327074	115	5	95.83	CG
12	9326878	9327074	68	29	70.10	CHG
12	9326878	9327074	35	421	7.68	CHH
12	9368388	9368605	138	3	97.87	CG
12	9368388	9368605	81	18	81.82	CHG
12	9368388	9368605	34	1025	3.21	CHH
12	11421434	11422871	373	11	97.14	CG
12	11421434	11422871	19	1944	0.97	CHG
12	11421434	11422871	38	6785	0.56	CHH
12	11519644	11519807	72	2	97.30	CG
12	11519644	11519807	59	15	79.73	CHG
12	11519644	11519807	17	485	3.39	CHH
12	12193685	12193957	410	11	97.39	CG
12	12193685	12193957	346	42	89.18	CHG
12	12193685	12193957	159	1235	11.41	CHH
12	12596401	12596694	117	1	99.15	CG
12	12596401	12596694	150	58	72.12	CHG
12	12596401	12596694	27	1035	2.54	CHH
12	12742760	12743615	760	176	81.20	CG
12	12742760	12743615	547	264	67.45	CHG
12	12742760	12743615	160	3053	4.98	CHH
12	13187459	13188652	325	1077	23.18	CG
12	13187459	13188652	56	1171	4.56	CHG
12	13187459	13188652	41	3719	1.09	CHH
12	14284341	14284547	0	181	0.00	CG
12	14284341	14284547	1	49	2.00	CHG
12	14284341	14284547	2	520	0.38	CHH
12	14803452	14803625	50	2	96.15	CG
12	14803452	14803625	124	15	89.21	CHG
12	14803452	14803625	16	739	2.12	CHH
12	15067951	15069074	962	30	96.98	CG
12	15067951	15069074	811	148	84.57	CHG
12	15067951	15069074	123	3894	3.06	CHH
12	15348530	15353993	4061	339	92.30	CG
12	15348530	15353993	4695	1170	80.05	CHG
12	15348530	15353993	769	25872	2.89	CHH
12	16142723	16142824	173	25	87.37	CG
12	16142723	16142824	70	89	44.03	CHG
12	16142723	16142824	5	493	1.00	CHH
12	16276461	16276731	125	6	95.42	CG
12	16276461	16276731	58	85	40.56	CHG
12	16276461	16276731	3	261	1.14	CHH
12	16529727	16530963	1265	100	92.67	CG
12	16529727	16530963	671	247	73.09	CHG
12	16529727	16530963	126	4061	3.01	CHH
12	17830991	17831311	14	19	42.42	CG
12	17830991	17831311	0	265	0.00	CHG
12	17830991	17831311	3	813	0.37	CHH
12	18708202	18708465	73	5	93.59	CG
12	18708202	18708465	1	216	0.46	CHG
12	18708202	18708465	3	1011	0.30	CHH
12	18864903	18867127	1523	281	84.42	CG
12	18864903	18867127	912	445	67.21	CHG
12	18864903	18867127	435	6491	6.28	CHH
12	19240695	19241251	113	2	98.26	CG
12	19240695	19241251	94	98	48.96	CHG
12	19240695	19241251	14	2370	0.59	CHH
12	20271167	20271395	183	4	97.86	CG
12	20271167	20271395	222	35	86.38	CHG
12	20271167	20271395	36	1411	2.49	CHH
12	21012743	21013159	103	143	41.87	CG
12	21012743	21013159	14	515	2.65	CHG
12	21012743	21013159	13	1350	0.95	CHH
12	21325595	21326775	659	107	86.03	CG
12	21325595	21326775	12	2569	0.46	CHG
12	21325595	21326775	24	6727	0.36	CHH
12	21498142	21500190	985	163	85.80	CG
12	21498142	21500190	25	2602	0.95	CHG
12	21498142	21500190	56	9634	0.58	CHH
12	21799965	21804009	910	2925	23.73	CG
12	21799965	21804009	50	5199	0.95	CHG
12	21799965	21804009	89	17894	0.49	CHH
12	22237684	22237932	0	424	0.00	CG
12	22237684	22237932	3	322	0.92	CHG
12	22237684	22237932	3	501	0.60	CHH
12	22424783	22424873	29	0	100.00	CG
12	22424783	22424873	2	174	1.14	CHG
12	22424783	22424873	2	248	0.80	CHH
12	22599880	22601854	208	3147	6.20	CG
12	22599880	22601854	6	3140	0.19	CHG
12	22599880	22601854	48	9713	0.49	CHH
12	22827958	22829855	516	334	60.71	CG
12	22827958	22829855	1131	393	74.21	CHG
12	22827958	22829855	301	4600	6.14	CHH
12	22914184	22914456	135	3	97.83	CG
12	22914184	22914456	186	23	89.00	CHG
12	22914184	22914456	32	741	4.14	CHH
12	23044811	23045065	1	99	1.00	CG
12	23044811	23045065	2	375	0.53	CHG
12	23044811	23045065	5	1166	0.43	CHH
12	24286289	24286454	130	10	92.86	CG
12	24286289	24286454	2	91	2.15	CHG
12	24286289	24286454	14	1379	1.01	CHH
12	24305556	24308650	1743	132	92.96	CG
12	24305556	24308650	77	3817	1.98	CHG
12	24305556	24308650	100	13976	0.71	CHH
12	24482972	24483119	1	142	0.70	CG
12	24482972	24483119	7	307	2.23	CHG
12	24482972	24483119	13	938	1.37	CHH
12	25415184	25415420	114	56	67.06	CG
12	25415184	25415420	8	77	9.41	CHG
12	25415184	25415420	13	518	2.45	CHH
12	26429400	26431294	18	2942	0.61	CG
12	26429400	26431294	17	2503	0.67	CHG
12	26429400	26431294	30	6072	0.49	CHH
12	26619179	26619379	26	0	100.00	CG
12	26619179	26619379	1	163	0.61	CHG
12	26619179	26619379	5	789	0.63	CHH
12	26739873	26743547	3040	127	95.99	CG
12	26739873	26743547	2887	539	84.27	CHG
12	26739873	26743547	673	14148	4.54	CHH
12	26756376	26756465	101	3	97.12	CG
12	26756376	26756465	2	41	4.65	CHG
12	26756376	26756465	4	332	1.19	CHH
