1	104478	104599	2	0	100.00	CHG
1	104478	104599	0	5	0.00	CHH
1	521199	522723	674	1534	30.53	CG
1	521199	522723	4	1991	0.20	CHG
1	521199	522723	26	8076	0.32	CHH
1	718927	719135	2	220	0.90	CG
1	718927	719135	1	338	0.29	CHG
1	718927	719135	6	1423	0.42	CHH
1	1687637	1688991	3	1071	0.28	CG
1	1687637	1688991	4	1193	0.33	CHG
1	1687637	1688991	21	4997	0.42	CHH
1	1781116	1781366	5	971	0.51	CG
1	1781116	1781366	1	363	0.27	CHG
1	1781116	1781366	4	615	0.65	CHH
1	2137510	2140455	354	5247	6.32	CG
1	2137510	2140455	501	4068	10.97	CHG
1	2137510	2140455	578	14565	3.82	CHH
1	2172488	2172625	16	60	21.05	CG
1	2172488	2172625	6	538	1.10	CHH
1	2198640	2199644	973	23	97.69	CG
1	2198640	2199644	414	278	59.83	CHG
1	2198640	2199644	113	926	10.88	CHH
1	2541454	2541598	92	120	43.40	CG
1	2541454	2541598	44	66	40.00	CHG
1	2541454	2541598	83	632	11.61	CHH
1	2579778	2580676	899	280	76.25	CG
1	2579778	2580676	23	1373	1.65	CHG
1	2579778	2580676	16	4080	0.39	CHH
1	3016827	3017062	5	898	0.55	CG
1	3016827	3017062	1	452	0.22	CHG
1	3016827	3017062	8	1353	0.59	CHH
1	4122738	4127182	944	3156	23.02	CG
1	4122738	4127182	109	6088	1.76	CHG
1	4122738	4127182	1000	15115	6.21	CHH
1	4510347	4510477	14	0	100.00	CG
1	4510347	4510477	4	18	18.18	CHG
1	4510347	4510477	54	227	19.22	CHH
1	4702022	4702256	37	169	17.96	CG
1	4702022	4702256	5	113	4.24	CHG
1	4702022	4702256	70	236	22.88	CHH
1	5814441	5815039	0	202	0.00	CG
1	5814441	5815039	1	509	0.20	CHG
1	5814441	5815039	8	2173	0.37	CHH
1	6934697	6934863	230	5	97.87	CG
1	6934697	6934863	99	14	87.61	CHG
1	6934697	6934863	84	364	18.75	CHH
1	7198017	7199243	675	31	95.61	CG
1	7198017	7199243	9	1201	0.74	CHG
1	7198017	7199243	26	4427	0.58	CHH
1	7302410	7302594	1	345	0.29	CG
1	7302410	7302594	0	150	0.00	CHG
1	7302410	7302594	5	713	0.70	CHH
1	7518469	7519081	0	321	0.00	CG
1	7518469	7519081	3	374	0.80	CHG
1	7518469	7519081	2	1460	0.14	CHH
1	7690448	7691550	2	1539	0.13	CG
1	7690448	7691550	9	1359	0.66	CHG
1	7690448	7691550	31	4588	0.67	CHH
1	8124136	8124703	495	17	96.68	CG
1	8124136	8124703	230	120	65.71	CHG
1	8124136	8124703	154	1580	8.88	CHH
1	8426975	8427236	60	21	74.07	CG
1	8426975	8427236	6	271	2.17	CHG
1	8426975	8427236	1	717	0.14	CHH
1	8831214	8831605	395	16	96.11	CG
1	8831214	8831605	225	125	64.29	CHG
1	8831214	8831605	99	1807	5.19	CHH
1	8866192	8866541	137	13	91.33	CG
1	8866192	8866541	60	30	66.67	CHG
1	8866192	8866541	29	246	10.55	CHH
1	9124022	9124118	47	2	95.92	CG
1	9124022	9124118	115	30	79.31	CHG
1	9124022	9124118	46	152	23.23	CHH
1	9260960	9261224	86	2	97.73	CG
1	9260960	9261224	1	294	0.34	CHG
1	9260960	9261224	10	1393	0.71	CHH
1	9681083	9681232	19	18	51.35	CG
1	9681083	9681232	39	70	35.78	CHH
1	9734291	9734532	1	158	0.63	CG
1	9734291	9734532	0	42	0.00	CHG
1	9734291	9734532	33	783	4.04	CHH
1	10263106	10263294	1	323	0.31	CG
1	10263106	10263294	1	201	0.50	CHG
1	10263106	10263294	11	457	2.35	CHH
1	10401973	10403052	25	1441	1.71	CG
1	10401973	10403052	35	934	3.61	CHG
1	10401973	10403052	174	4289	3.90	CHH
1	10417094	10417664	637	21	96.81	CG
1	10417094	10417664	938	149	86.29	CHG
1	10417094	10417664	160	3614	4.24	CHH
1	10590568	10590704	0	63	0.00	CG
1	10590568	10590704	1	68	1.45	CHG
1	10590568	10590704	0	191	0.00	CHH
1	10793800	10794970	366	17	95.56	CG
1	10793800	10794970	81	107	43.09	CHG
1	10793800	10794970	105	678	13.41	CHH
1	11027002	11027352	107	6	94.69	CG
1	11027002	11027352	0	281	0.00	CHG
1	11027002	11027352	4	1325	0.30	CHH
1	11745247	11745281	1	123	0.81	CG
1	11745247	11745281	0	66	0.00	CHG
1	11745247	11745281	0	113	0.00	CHH
1	11861007	11861467	458	17	96.42	CG
1	11861007	11861467	217	103	67.81	CHG
1	11861007	11861467	188	1243	13.14	CHH
1	11988203	11988342	0	514	0.00	CG
1	11988203	11988342	3	269	1.10	CHG
1	11988203	11988342	0	232	0.00	CHH
1	12157565	12159139	20	6405	0.31	CG
1	12157565	12159139	21	3319	0.63	CHG
1	12157565	12159139	29	5862	0.49	CHH
1	12279664	12280353	4	1466	0.27	CG
1	12279664	12280353	1	772	0.13	CHG
1	12279664	12280353	11	2288	0.48	CHH
1	12444629	12444759	156	7	95.71	CG
1	12444629	12444759	125	7	94.70	CHG
1	12444629	12444759	15	509	2.86	CHH
1	12851686	12853647	235	327	41.81	CG
1	12851686	12853647	67	2461	2.65	CHG
1	12851686	12853647	276	8931	3.00	CHH
1	12977793	12977914	38	3	92.68	CG
1	12977793	12977914	6	229	2.55	CHH
1	14112270	14112409	0	50	0.00	CHH
1	14747584	14748346	5	827	0.60	CG
1	14747584	14748346	7	1706	0.41	CHG
1	14747584	14748346	30	4868	0.61	CHH
1	15010958	15011724	0	3	0.00	CHG
1	15010958	15011724	0	18	0.00	CHH
1	15208882	15210074	435	23	94.98	CG
1	15208882	15210074	138	91	60.26	CHG
1	15208882	15210074	86	1836	4.47	CHH
1	15318812	15319293	953	32	96.75	CG
1	15318812	15319293	656	143	82.10	CHG
1	15318812	15319293	68	1995	3.30	CHH
1	15355785	15357554	537	1098	32.84	CG
1	15355785	15357554	312	1873	14.28	CHG
1	15355785	15357554	453	6607	6.42	CHH
1	16453284	16453501	0	15	0.00	CG
1	16453284	16453501	2	38	5.00	CHG
1	16453284	16453501	10	229	4.18	CHH
1	16722902	16723067	21	279	7.00	CG
1	16722902	16723067	2	112	1.75	CHG
1	16722902	16723067	3	1166	0.26	CHH
1	17385639	17385733	1	71	1.39	CHG
1	17385639	17385733	0	265	0.00	CHH
1	17522237	17522624	620	24	96.27	CG
1	17522237	17522624	469	134	77.78	CHG
1	17522237	17522624	41	1468	2.72	CHH
1	17762690	17767322	676	3469	16.31	CG
1	17762690	17767322	750	3626	17.14	CHG
1	17762690	17767322	2937	15034	16.34	CHH
1	17768299	17768525	0	184	0.00	CG
1	17768299	17768525	0	136	0.00	CHG
1	17768299	17768525	1	699	0.14	CHH
1	17915233	17918918	1169	1163	50.13	CG
1	17915233	17918918	673	1110	37.75	CHG
1	17915233	17918918	1867	7130	20.75	CHH
1	18479814	18481021	219	328	40.04	CG
1	18479814	18481021	41	414	9.01	CHG
1	18479814	18481021	82	2946	2.71	CHH
1	18515221	18516018	429	16	96.40	CG
1	18515221	18516018	318	54	85.48	CHG
1	18515221	18516018	65	1062	5.77	CHH
1	18605306	18605413	38	2	95.00	CG
1	18605306	18605413	0	113	0.00	CHG
1	18605306	18605413	1	641	0.16	CHH
1	18679398	18679609	156	6	96.30	CG
1	18679398	18679609	245	24	91.08	CHG
1	18679398	18679609	126	1191	9.57	CHH
1	18781271	18781897	17	589	2.81	CG
1	18781271	18781897	35	908	3.71	CHG
1	18781271	18781897	148	2210	6.28	CHH
1	19418149	19418371	216	10	95.58	CG
1	19418149	19418371	136	71	65.70	CHG
1	19418149	19418371	51	1088	4.48	CHH
1	19588801	19588982	101	1	99.02	CG
1	19588801	19588982	34	13	72.34	CHG
1	19588801	19588982	12	245	4.67	CHH
1	19807993	19809436	1075	28	97.46	CG
1	19807993	19809436	327	163	66.73	CHG
1	19807993	19809436	110	2690	3.93	CHH
1	20220915	20221138	472	17	96.52	CG
1	20220915	20221138	130	78	62.50	CHG
1	20220915	20221138	21	936	2.19	CHH
1	20351135	20352592	804	407	66.39	CG
1	20351135	20352592	26	2732	0.94	CHG
1	20351135	20352592	35	8129	0.43	CHH
1	20353735	20353818	35	1	97.22	CG
1	20353735	20353818	0	137	0.00	CHG
1	20353735	20353818	0	326	0.00	CHH
1	20699332	20703291	1431	2613	35.39	CG
1	20699332	20703291	601	3937	13.24	CHG
1	20699332	20703291	963	13853	6.50	CHH
1	20759940	20760412	542	15	97.31	CG
1	20759940	20760412	545	93	85.42	CHG
1	20759940	20760412	222	1795	11.01	CHH
1	22217602	22218470	372	486	43.36	CG
1	22217602	22218470	145	617	19.03	CHG
1	22217602	22218470	493	2360	17.28	CHH
1	22349537	22349928	21	551	3.67	CG
1	22349537	22349928	3	447	0.67	CHG
1	22349537	22349928	9	952	0.94	CHH
1	22963853	22963900	0	61	0.00	CHG
1	22963853	22963900	0	127	0.00	CHH
1	23088705	23088935	3	244	1.21	CG
1	23088705	23088935	0	159	0.00	CHG
1	23088705	23088935	9	821	1.08	CHH
1	23190581	23192012	418	73	85.13	CG
1	23190581	23192012	69	1423	4.62	CHG
1	23190581	23192012	91	6525	1.38	CHH
1	23334619	23337433	1096	1254	46.64	CG
1	23334619	23337433	143	3947	3.50	CHG
1	23334619	23337433	92	11297	0.81	CHH
1	23865834	23867004	837	670	55.54	CG
1	23865834	23867004	456	1046	30.36	CHG
1	23865834	23867004	932	3645	20.36	CHH
1	24056015	24058047	116	2145	5.13	CG
1	24056015	24058047	103	1686	5.76	CHG
1	24056015	24058047	202	6644	2.95	CHH
1	24127473	24127717	157	63	71.36	CG
1	24127473	24127717	2	285	0.70	CHG
1	24127473	24127717	8	1421	0.56	CHH
1	24218590	24218768	31	190	14.03	CG
1	24218590	24218768	22	140	13.58	CHG
1	24218590	24218768	7	1081	0.64	CHH
1	24367289	24368699	422	1767	19.28	CG
1	24367289	24368699	116	2282	4.84	CHG
1	24367289	24368699	684	6843	9.09	CHH
1	24540618	24541036	175	5	97.22	CG
1	24540618	24541036	3	358	0.83	CHG
1	24540618	24541036	5	1567	0.32	CHH
1	25075086	25078372	39	6846	0.57	CG
1	25075086	25078372	26	5876	0.44	CHG
1	25075086	25078372	56	14366	0.39	CHH
1	26189136	26189851	80	373	17.66	CG
1	26189136	26189851	6	1441	0.41	CHG
1	26189136	26189851	21	3249	0.64	CHH
1	27455091	27455579	620	18	97.18	CG
1	27455091	27455579	496	118	80.78	CHG
1	27455091	27455579	110	1605	6.41	CHH
1	27505658	27505866	0	48	0.00	CG
1	27505658	27505866	0	201	0.00	CHG
1	27505658	27505866	4	659	0.60	CHH
1	27576543	27577893	1344	53	96.21	CG
1	27576543	27577893	753	147	83.67	CHG
1	27576543	27577893	745	5745	11.48	CHH
1	28118813	28118935	1	74	1.33	CG
1	28118813	28118935	2	218	0.91	CHG
1	28118813	28118935	2	778	0.26	CHH
1	29188109	29189334	29	2863	1.00	CG
1	29188109	29189334	27	1676	1.59	CHG
1	29188109	29189334	604	4846	11.08	CHH
1	29223726	29224697	163	2279	6.67	CG
1	29223726	29224697	18	1054	1.68	CHG
1	29223726	29224697	733	3221	18.54	CHH
1	29881105	29881917	361	30	92.33	CG
1	29881105	29881917	298	123	70.78	CHG
1	29881105	29881917	116	1283	8.29	CHH
1	29892038	29892362	0	16	0.00	CG
1	29892038	29892362	0	94	0.00	CHG
1	29892038	29892362	1	772	0.13	CHH
1	30396534	30396644	1	222	0.45	CG
1	30396534	30396644	0	300	0.00	CHG
1	30396534	30396644	4	430	0.92	CHH
1	30947617	30952229	2603	1200	68.45	CG
1	30947617	30952229	1059	4851	17.92	CHG
1	30947617	30952229	542	23161	2.29	CHH
1	30988314	30988439	13	2	86.67	CG
1	30988314	30988439	41	30	57.75	CHG
1	30988314	30988439	3	120	2.44	CHH
1	31131639	31132785	442	1544	22.26	CG
1	31131639	31132785	10	2419	0.41	CHG
1	31131639	31132785	24	5192	0.46	CHH
1	32136432	32136605	1	110	0.90	CG
1	32136432	32136605	2	335	0.59	CHG
1	32136432	32136605	1	816	0.12	CHH
1	33466485	33466748	268	12	95.71	CG
1	33466485	33466748	129	26	83.23	CHG
1	33466485	33466748	236	895	20.87	CHH
1	34289798	34291348	250	749	25.03	CG
1	34289798	34291348	195	1017	16.09	CHG
1	34289798	34291348	566	4316	11.59	CHH
1	34550341	34550600	0	136	0.00	CG
1	34550341	34550600	1	219	0.45	CHG
1	34550341	34550600	4	877	0.45	CHH
1	34749495	34752244	1438	209	87.31	CG
1	34749495	34752244	1368	742	64.83	CHG
1	34749495	34752244	1118	7148	13.53	CHH
1	34928206	34928387	82	0	100.00	CG
1	34928206	34928387	280	28	90.91	CHG
1	34928206	34928387	35	610	5.43	CHH
1	34990120	34992796	2145	786	73.18	CG
1	34990120	34992796	977	1187	45.15	CHG
1	34990120	34992796	1790	7317	19.66	CHH
1	35760612	35760952	0	171	0.00	CG
1	35760612	35760952	0	166	0.00	CHG
1	35760612	35760952	4	933	0.43	CHH
1	35959231	35959351	0	82	0.00	CG
1	35959231	35959351	1	122	0.81	CHG
1	35959231	35959351	3	579	0.52	CHH
1	36112505	36112684	116	53	68.64	CG
1	36112505	36112684	38	37	50.67	CHG
1	36112505	36112684	55	409	11.85	CHH
1	36163384	36164022	78	704	9.97	CG
1	36163384	36164022	69	692	9.07	CHG
1	36163384	36164022	292	2982	8.92	CHH
1	36208524	36209666	735	41	94.72	CG
1	36208524	36209666	878	252	77.70	CHG
1	36208524	36209666	114	4804	2.32	CHH
1	36479686	36479935	27	499	5.13	CG
1	36479686	36479935	0	202	0.00	CHG
1	36479686	36479935	4	840	0.47	CHH
1	36890844	36891048	74	42	63.79	CG
1	36890844	36891048	97	46	67.83	CHG
1	36890844	36891048	276	457	37.65	CHH
1	37118562	37118725	0	68	0.00	CG
1	37118562	37118725	2	173	1.14	CHG
1	37118562	37118725	2	925	0.22	CHH
1	37253827	37256063	1654	83	95.22	CG
1	37253827	37256063	1384	300	82.19	CHG
1	37253827	37256063	838	5880	12.47	CHH
1	37757198	37758019	192	1017	15.88	CG
1	37757198	37758019	103	478	17.73	CHG
1	37757198	37758019	582	1839	24.04	CHH
1	39603253	39603550	94	3	96.91	CG
1	39603253	39603550	1	334	0.30	CHG
1	39603253	39603550	9	832	1.07	CHH
1	40609311	40609427	28	1	96.55	CG
1	40609311	40609427	2	170	1.16	CHG
1	40609311	40609427	0	410	0.00	CHH
1	40785754	40786192	59	48	55.14	CG
1	40785754	40786192	2	882	0.23	CHG
1	40785754	40786192	12	2317	0.52	CHH
1	41209454	41212661	978	4170	19.00	CG
1	41209454	41212661	512	2880	15.09	CHG
1	41209454	41212661	1539	9624	13.79	CHH
1	42990884	42991140	42	1	97.67	CG
1	42990884	42991140	30	7	81.08	CHG
1	42990884	42991140	17	143	10.62	CHH
2	38468	38578	31	0	100.00	CG
2	38468	38578	5	77	6.10	CHG
2	38468	38578	7	234	2.90	CHH
2	578331	578545	51	1	98.08	CG
2	578331	578545	5	581	0.85	CHG
2	578331	578545	7	1520	0.46	CHH
2	1736612	1736996	168	140	54.55	CG
2	1736612	1736996	4	680	0.58	CHG
2	1736612	1736996	13	1897	0.68	CHH
2	2004107	2004464	0	113	0.00	CG
2	2004107	2004464	2	626	0.32	CHG
2	2004107	2004464	5	1865	0.27	CHH
2	2225031	2228646	3272	352	90.29	CG
2	2225031	2228646	2028	1532	56.97	CHG
2	2225031	2228646	1977	12954	13.24	CHH
2	2448881	2450073	142	113	55.69	CG
2	2448881	2450073	201	1197	14.38	CHG
2	2448881	2450073	469	4029	10.43	CHH
2	2455636	2457226	1895	44	97.73	CG
2	2455636	2457226	1253	428	74.54	CHG
2	2455636	2457226	169	2734	5.82	CHH
2	2916264	2916496	47	2	95.92	CG
2	2916264	2916496	0	199	0.00	CHG
2	2916264	2916496	4	802	0.50	CHH
2	3153141	3153726	371	77	82.81	CG
2	3153141	3153726	491	128	79.32	CHG
2	3153141	3153726	267	2184	10.89	CHH
2	3584767	3584907	87	2	97.75	CG
2	3584767	3584907	65	13	83.33	CHG
2	3584767	3584907	230	157	59.43	CHH
2	3668130	3671654	2174	1882	53.60	CG
2	3668130	3671654	1206	2361	33.81	CHG
2	3668130	3671654	1420	9718	12.75	CHH
2	4394475	4394720	0	68	0.00	CG
2	4394475	4394720	3	234	1.27	CHG
2	4394475	4394720	2	752	0.27	CHH
2	4735326	4735671	3	399	0.75	CG
2	4735326	4735671	3	408	0.73	CHG
2	4735326	4735671	9	1160	0.77	CHH
2	4930376	4930562	139	5	96.53	CG
2	4930376	4930562	10	19	34.48	CHG
2	4930376	4930562	15	478	3.04	CHH
2	6097195	6097472	2	172	1.15	CG
2	6097195	6097472	14	414	3.27	CHG
2	6097195	6097472	21	935	2.20	CHH
2	6194639	6194966	2	179	1.10	CG
2	6194639	6194966	3	270	1.10	CHG
2	6194639	6194966	12	1403	0.85	CHH
2	6477169	6477370	116	56	67.44	CG
2	6477169	6477370	0	252	0.00	CHG
2	6477169	6477370	6	1100	0.54	CHH
2	6479819	6479943	7	381	1.80	CHG
2	6479819	6479943	14	942	1.46	CHH
2	7634883	7634997	0	502	0.00	CG
2	7634883	7634997	0	204	0.00	CHG
2	7634883	7634997	2	517	0.39	CHH
2	9263789	9264764	540	19	96.60	CG
2	9263789	9264764	321	83	79.46	CHG
2	9263789	9264764	31	940	3.19	CHH
2	10881944	10882136	6	57	9.52	CG
2	10881944	10882136	3	77	3.75	CHG
2	10881944	10882136	22	380	5.47	CHH
2	11520851	11521291	100	61	62.11	CG
2	11520851	11521291	20	46	30.30	CHG
2	11520851	11521291	106	497	17.58	CHH
2	11599189	11600489	285	519	35.45	CG
2	11599189	11600489	101	613	14.15	CHG
2	11599189	11600489	283	2865	8.99	CHH
2	11939679	11939936	32	1	96.97	CG
2	11939679	11939936	0	164	0.00	CHG
2	11939679	11939936	5	932	0.53	CHH
2	12352060	12352584	735	19	97.48	CG
2	12352060	12352584	520	107	82.93	CHG
2	12352060	12352584	90	1512	5.62	CHH
2	12492889	12493008	1	539	0.19	CG
2	12492889	12493008	2	277	0.72	CHG
2	12492889	12493008	0	440	0.00	CHH
2	12583382	12585233	971	280	77.62	CG
2	12583382	12585233	249	2479	9.13	CHG
2	12583382	12585233	113	8405	1.33	CHH
2	14258242	14258497	190	7	96.45	CG
2	14258242	14258497	123	31	79.87	CHG
2	14258242	14258497	29	700	3.98	CHH
2	14381584	14382260	431	46	90.36	CG
2	14381584	14382260	114	349	24.62	CHG
2	14381584	14382260	46	2635	1.72	CHH
2	14883666	14884152	561	17	97.06	CG
2	14883666	14884152	560	128	81.40	CHG
2	14883666	14884152	104	2021	4.89	CHH
2	15077160	15080035	3742	127	96.72	CG
2	15077160	15080035	2414	851	73.94	CHG
2	15077160	15080035	744	11181	6.24	CHH
2	15300768	15301020	192	9	95.52	CG
2	15300768	15301020	380	95	80.00	CHG
2	15300768	15301020	21	1313	1.57	CHH
2	16462100	16462683	590	146	80.16	CG
2	16462100	16462683	320	592	35.09	CHG
2	16462100	16462683	184	2783	6.20	CHH
2	16469340	16469527	335	12	96.54	CG
2	16469340	16469527	150	80	65.22	CHG
2	16469340	16469527	14	544	2.51	CHH
2	16575455	16575576	51	125	28.98	CG
2	16575455	16575576	7	44	13.73	CHG
2	16575455	16575576	122	453	21.22	CHH
2	16909276	16909402	20	1	95.24	CG
2	16909276	16909402	0	8	0.00	CHG
2	16909276	16909402	66	126	34.38	CHH
2	17470250	17470459	144	0	100.00	CG
2	17470250	17470459	148	18	89.16	CHG
2	17470250	17470459	35	1099	3.09	CHH
2	17693456	17694041	361	329	52.32	CG
2	17693456	17694041	108	483	18.27	CHG
2	17693456	17694041	171	1464	10.46	CHH
2	17846367	17846587	1	676	0.15	CG
2	17846367	17846587	0	276	0.00	CHG
2	17846367	17846587	3	908	0.33	CHH
2	18156897	18157229	683	27	96.20	CG
2	18156897	18157229	288	100	74.23	CHG
2	18156897	18157229	62	1053	5.56	CHH
2	19262811	19262974	111	3	97.37	CG
2	19262811	19262974	9	61	12.86	CHG
2	19262811	19262974	0	850	0.00	CHH
2	19369504	19369623	214	7	96.83	CG
2	19369504	19369623	103	28	78.63	CHG
2	19369504	19369623	13	242	5.10	CHH
2	19649757	19649896	0	485	0.00	CG
2	19649757	19649896	0	230	0.00	CHG
2	19649757	19649896	2	420	0.47	CHH
2	20077988	20078291	272	40	87.18	CG
2	20077988	20078291	121	70	63.35	CHG
2	20077988	20078291	174	845	17.08	CHH
2	22210158	22210334	1	272	0.37	CG
2	22210158	22210334	1	100	0.99	CHG
2	22210158	22210334	3	748	0.40	CHH
2	22275294	22275439	0	39	0.00	CG
2	22275294	22275439	0	154	0.00	CHG
2	22275294	22275439	3	727	0.41	CHH
2	22587752	22588156	310	14	95.68	CG
2	22587752	22588156	174	149	53.87	CHG
2	22587752	22588156	289	1240	18.90	CHH
2	22836225	22836730	3	618	0.48	CG
2	22836225	22836730	3	599	0.50	CHG
2	22836225	22836730	9	2127	0.42	CHH
2	22982677	22982914	0	34	0.00	CG
2	22982677	22982914	0	387	0.00	CHG
2	22982677	22982914	4	1404	0.28	CHH
2	23033077	23033411	33	268	10.96	CG
2	23033077	23033411	46	608	7.03	CHG
2	23033077	23033411	69	1466	4.50	CHH
2	23394395	23395510	999	287	77.68	CG
2	23394395	23395510	246	1418	14.78	CHG
2	23394395	23395510	74	5157	1.41	CHH
2	23471507	23472492	143	8	94.70	CG
2	23471507	23472492	223	49	81.99	CHG
2	23471507	23472492	143	1029	12.20	CHH
2	24044095	24044460	533	19	96.56	CG
2	24044095	24044460	248	76	76.54	CHG
2	24044095	24044460	94	821	10.27	CHH
2	24717341	24717558	1	108	0.92	CG
2	24717341	24717558	0	251	0.00	CHG
2	24717341	24717558	3	838	0.36	CHH
2	25574998	25576239	786	51	93.91	CG
2	25574998	25576239	778	299	72.24	CHG
2	25574998	25576239	676	4930	12.06	CHH
2	25830725	25831459	6	1187	0.50	CG
2	25830725	25831459	7	1001	0.69	CHG
2	25830725	25831459	7	2719	0.26	CHH
2	25835047	25835296	0	333	0.00	CG
2	25835047	25835296	0	239	0.00	CHG
2	25835047	25835296	1	529	0.19	CHH
2	26548831	26549237	384	105	78.53	CG
2	26548831	26549237	57	44	56.44	CHG
2	26548831	26549237	773	573	57.43	CHH
2	26659388	26659535	14	0	100.00	CG
2	26659388	26659535	20	174	10.31	CHH
2	26689413	26692203	180	6188	2.83	CG
2	26689413	26692203	66	4263	1.52	CHG
2	26689413	26692203	637	10242	5.86	CHH
2	28199306	28199617	431	14	96.85	CG
2	28199306	28199617	430	108	79.93	CHG
2	28199306	28199617	92	1534	5.66	CHH
2	29852698	29852922	30	168	15.15	CG
2	29852698	29852922	2	293	0.68	CHG
2	29852698	29852922	11	796	1.36	CHH
2	30157272	30157610	218	111	66.26	CG
2	30157272	30157610	81	217	27.18	CHG
2	30157272	30157610	272	1043	20.68	CHH
2	30823979	30824112	0	114	0.00	CG
2	30823979	30824112	0	158	0.00	CHG
2	30823979	30824112	1	626	0.16	CHH
2	30983625	30984901	10	2515	0.40	CG
2	30983625	30984901	15	4059	0.37	CHG
2	30983625	30984901	40	7898	0.50	CHH
2	31445301	31445449	1	38	2.56	CG
2	31445301	31445449	3	203	1.46	CHG
2	31445301	31445449	7	779	0.89	CHH
2	31855152	31855271	87	3	96.67	CG
2	31855152	31855271	27	23	54.00	CHG
2	31855152	31855271	17	442	3.70	CHH
2	32524707	32526194	578	610	48.65	CG
2	32524707	32526194	107	1536	6.51	CHG
2	32524707	32526194	163	4181	3.75	CHH
2	33158169	33158313	134	4	97.10	CG
2	33158169	33158313	165	32	83.76	CHG
2	33158169	33158313	48	872	5.22	CHH
2	33431516	33431954	97	8	92.38	CG
2	33431516	33431954	1	397	0.25	CHG
2	33431516	33431954	10	2235	0.45	CHH
2	33711999	33712328	27	3	90.00	CG
2	33711999	33712328	0	382	0.00	CHG
2	33711999	33712328	4	1397	0.29	CHH
2	33834944	33835662	72	344	17.31	CG
2	33834944	33835662	4	707	0.56	CHG
2	33834944	33835662	13	3563	0.36	CHH
2	33936933	33937065	0	53	0.00	CG
2	33936933	33937065	0	266	0.00	CHG
2	33936933	33937065	4	939	0.42	CHH
2	34687871	34690219	94	4888	1.89	CG
2	34687871	34690219	117	3690	3.07	CHG
2	34687871	34690219	210	8424	2.43	CHH
2	34772462	34772598	3	88	3.30	CHG
2	34772462	34772598	3	451	0.66	CHH
2	35300370	35300604	27	0	100.00	CG
2	35300370	35300604	0	206	0.00	CHG
2	35300370	35300604	5	895	0.56	CHH
2	35388799	35389069	1	134	0.74	CG
2	35388799	35389069	1	178	0.56	CHG
2	35388799	35389069	3	502	0.59	CHH
3	480369	480630	468	33	93.41	CG
3	480369	480630	3	499	0.60	CHG
3	480369	480630	12	1889	0.63	CHH
3	615186	620505	1595	3834	29.38	CG
3	615186	620505	682	4798	12.45	CHG
3	615186	620505	1373	17194	7.39	CHH
3	1097994	1098400	536	28	95.04	CG
3	1097994	1098400	346	101	77.40	CHG
3	1097994	1098400	150	1674	8.22	CHH
3	2922253	2922366	0	37	0.00	CG
3	2922253	2922366	0	77	0.00	CHG
3	2922253	2922366	4	763	0.52	CHH
3	2924923	2926581	414	154	72.89	CG
3	2924923	2926581	40	1796	2.18	CHG
3	2924923	2926581	173	6628	2.54	CHH
3	3101473	3101729	81	822	8.97	CG
3	3101473	3101729	1	596	0.17	CHG
3	3101473	3101729	1	1222	0.08	CHH
3	3782983	3787490	225	7359	2.97	CG
3	3782983	3787490	132	5632	2.29	CHG
3	3782983	3787490	306	16414	1.83	CHH
3	4471611	4471796	4	715	0.56	CG
3	4471611	4471796	3	422	0.71	CHG
3	4471611	4471796	2	1129	0.18	CHH
3	4501942	4502163	98	412	19.22	CG
3	4501942	4502163	64	291	18.03	CHG
3	4501942	4502163	347	429	44.72	CHH
3	4735915	4736042	0	79	0.00	CG
3	4735915	4736042	0	83	0.00	CHG
3	4735915	4736042	11	397	2.70	CHH
3	5786527	5786697	66	2	97.06	CG
3	5786527	5786697	1	209	0.48	CHG
3	5786527	5786697	4	973	0.41	CHH
3	5790733	5792052	1050	116	90.05	CG
3	5790733	5792052	605	373	61.86	CHG
3	5790733	5792052	578	2988	16.21	CHH
3	5852144	5852325	194	2	98.98	CG
3	5852144	5852325	168	27	86.15	CHG
3	5852144	5852325	194	752	20.51	CHH
3	5861909	5862252	206	43	82.73	CG
3	5861909	5862252	5	647	0.77	CHG
3	5861909	5862252	7	1554	0.45	CHH
3	5863529	5863616	0	104	0.00	CG
3	5863529	5863616	0	164	0.00	CHG
3	5863529	5863616	3	421	0.71	CHH
3	6119207	6119385	3	825	0.36	CG
3	6119207	6119385	3	701	0.43	CHG
3	6119207	6119385	3	867	0.34	CHH
3	6727333	6727471	1	180	0.55	CG
3	6727333	6727471	0	146	0.00	CHG
3	6727333	6727471	4	1010	0.39	CHH
3	7815881	7816020	5	573	0.87	CG
3	7815881	7816020	0	265	0.00	CHG
3	7815881	7816020	2	244	0.81	CHH
3	8124800	8125238	3	940	0.32	CG
3	8124800	8125238	1	590	0.17	CHG
3	8124800	8125238	8	1951	0.41	CHH
3	8292358	8296069	1412	1098	56.25	CG
3	8292358	8296069	1276	2688	32.19	CHG
3	8292358	8296069	983	17401	5.35	CHH
3	8918282	8919468	339	1864	15.39	CG
3	8918282	8919468	106	1166	8.33	CHG
3	8918282	8919468	427	4027	9.59	CHH
3	8932042	8933228	309	331	48.28	CG
3	8932042	8933228	113	269	29.58	CHG
3	8932042	8933228	188	2407	7.24	CHH
3	9007060	9007495	479	18	96.38	CG
3	9007060	9007495	218	62	77.86	CHG
3	9007060	9007495	86	598	12.57	CHH
3	9615393	9615681	2	685	0.29	CG
3	9615393	9615681	3	292	1.02	CHG
3	9615393	9615681	6	1417	0.42	CHH
3	9647322	9647514	0	142	0.00	CG
3	9647322	9647514	2	306	0.65	CHG
3	9647322	9647514	6	878	0.68	CHH
3	9661238	9663204	204	1852	9.92	CG
3	9661238	9663204	112	2022	5.25	CHG
3	9661238	9663204	303	6803	4.26	CHH
3	9703524	9703645	2	159	1.24	CG
3	9703524	9703645	2	127	1.55	CHG
3	9703524	9703645	23	1171	1.93	CHH
3	9741411	9741728	93	13	87.74	CG
3	9741411	9741728	58	21	73.42	CHG
3	9741411	9741728	70	327	17.63	CHH
3	9772110	9773385	1394	235	85.57	CG
3	9772110	9773385	766	376	67.08	CHG
3	9772110	9773385	863	4844	15.12	CHH
3	9970758	9972750	144	3918	3.55	CG
3	9970758	9972750	52	3325	1.54	CHG
3	9970758	9972750	123	6247	1.93	CHH
3	11318102	11319164	117	292	28.61	CG
3	11318102	11319164	71	526	11.89	CHG
3	11318102	11319164	85	2510	3.28	CHH
3	11624874	11625180	51	0	100.00	CG
3	11624874	11625180	1	334	0.30	CHG
3	11624874	11625180	6	1049	0.57	CHH
3	11762654	11762757	11	1	91.67	CG
3	11762654	11762757	0	9	0.00	CHG
3	11762654	11762757	0	84	0.00	CHH
3	12013674	12014450	422	16	96.35	CG
3	12013674	12014450	855	176	82.93	CHG
3	12013674	12014450	253	4199	5.68	CHH
3	13326106	13326294	0	155	0.00	CG
3	13326106	13326294	3	306	0.97	CHG
3	13326106	13326294	0	697	0.00	CHH
3	14484188	14484405	26	0	100.00	CG
3	14484188	14484405	158	14	91.86	CHG
3	14484188	14484405	16	603	2.58	CHH
3	14495901	14496241	6	1614	0.37	CG
3	14495901	14496241	4	765	0.52	CHG
3	14495901	14496241	7	1774	0.39	CHH
3	14633392	14633990	385	17	95.77	CG
3	14633392	14633990	133	29	82.10	CHG
3	14633392	14633990	66	2031	3.15	CHH
3	14886695	14886945	7	134	4.96	CG
3	14886695	14886945	103	85	54.79	CHG
3	14886695	14886945	662	612	51.96	CHH
3	15238637	15238822	146	3	97.99	CG
3	15238637	15238822	177	68	72.24	CHG
3	15238637	15238822	46	1116	3.96	CHH
3	15348429	15348696	335	10	97.10	CG
3	15348429	15348696	331	129	71.96	CHG
3	15348429	15348696	74	2351	3.05	CHH
3	15968990	15969281	4	813	0.49	CG
3	15968990	15969281	5	637	0.78	CHG
3	15968990	15969281	6	1398	0.43	CHH
3	16545195	16545366	86	3	96.63	CG
3	16545195	16545366	82	11	88.17	CHG
3	16545195	16545366	20	515	3.74	CHH
3	16691128	16691290	49	0	100.00	CG
3	16691128	16691290	5	46	9.80	CHG
3	16691128	16691290	77	247	23.77	CHH
3	18086982	18087169	1	146	0.68	CG
3	18086982	18087169	0	179	0.00	CHG
3	18086982	18087169	6	714	0.83	CHH
3	18671229	18673244	768	586	56.72	CG
3	18671229	18673244	325	1054	23.57	CHG
3	18671229	18673244	551	5505	9.10	CHH
3	19066610	19066885	130	8	94.20	CG
3	19066610	19066885	30	28	51.72	CHG
3	19066610	19066885	46	162	22.12	CHH
3	19477758	19477853	116	4	96.67	CG
3	19477758	19477853	69	90	43.40	CHG
3	19477758	19477853	36	563	6.01	CHH
3	20211561	20212451	827	33	96.16	CG
3	20211561	20212451	588	174	77.17	CHG
3	20211561	20212451	283	3088	8.40	CHH
3	20300032	20301332	1032	43	96.00	CG
3	20300032	20301332	1522	247	86.04	CHG
3	20300032	20301332	319	6246	4.86	CHH
3	20506153	20506547	447	9	98.03	CG
3	20506153	20506547	367	113	76.46	CHG
3	20506153	20506547	62	1947	3.09	CHH
3	20529596	20530676	390	2435	13.81	CG
3	20529596	20530676	29	1237	2.29	CHG
3	20529596	20530676	31	1847	1.65	CHH
3	20609274	20609784	257	10	96.25	CG
3	20609274	20609784	202	58	77.69	CHG
3	20609274	20609784	117	1190	8.95	CHH
3	21045714	21046037	162	6	96.43	CG
3	21045714	21046037	79	25	75.96	CHG
3	21045714	21046037	44	829	5.04	CHH
3	21053301	21054404	102	152	40.16	CG
3	21053301	21054404	10	553	1.78	CHG
3	21053301	21054404	35	3733	0.93	CHH
3	21477968	21478334	228	99	69.72	CG
3	21477968	21478334	115	182	38.72	CHG
3	21477968	21478334	401	1035	27.92	CHH
3	21805912	21806253	210	12	94.59	CG
3	21805912	21806253	48	25	65.75	CHG
3	21805912	21806253	41	294	12.24	CHH
3	22443304	22443897	8	1583	0.50	CG
3	22443304	22443897	4	993	0.40	CHG
3	22443304	22443897	13	2089	0.62	CHH
3	22930322	22932315	261	1489	14.91	CG
3	22930322	22932315	40	1828	2.14	CHG
3	22930322	22932315	23	7575	0.30	CHH
3	22977964	22978503	161	80	66.80	CG
3	22977964	22978503	147	243	37.69	CHG
3	22977964	22978503	337	1096	23.52	CHH
3	23158824	23162446	806	4158	16.24	CG
3	23158824	23162446	250	2828	8.12	CHG
3	23158824	23162446	742	10455	6.63	CHH
3	23440227	23440314	0	57	0.00	CHG
3	23440227	23440314	1	361	0.28	CHH
3	23502337	23503127	209	25	89.32	CG
3	23502337	23503127	21	194	9.77	CHG
3	23502337	23503127	319	2173	12.80	CHH
3	24402381	24402506	4	558	0.71	CG
3	24402381	24402506	0	165	0.00	CHG
3	24402381	24402506	0	176	0.00	CHH
3	24697252	24697403	1	58	1.69	CG
3	24697252	24697403	0	119	0.00	CHG
3	24697252	24697403	3	489	0.61	CHH
3	25124576	25125712	563	266	67.91	CG
3	25124576	25125712	309	308	50.08	CHG
3	25124576	25125712	1686	1936	46.55	CHH
3	25238096	25238349	118	22	84.29	CG
3	25238096	25238349	0	310	0.00	CHG
3	25238096	25238349	3	1091	0.27	CHH
3	26463242	26463534	35	254	12.11	CG
3	26463242	26463534	10	278	3.47	CHG
3	26463242	26463534	31	599	4.92	CHH
3	28036385	28036532	1	225	0.44	CG
3	28036385	28036532	2	219	0.90	CHG
3	28036385	28036532	1	651	0.15	CHH
3	28421210	28421588	0	363	0.00	CG
3	28421210	28421588	3	727	0.41	CHG
3	28421210	28421588	11	2251	0.49	CHH
3	28828352	28828674	49	57	46.23	CG
3	28828352	28828674	0	46	0.00	CHG
3	28828352	28828674	313	965	24.49	CHH
3	28883667	28884002	21	24	46.67	CG
3	28883667	28884002	17	93	15.45	CHG
3	28883667	28884002	26	798	3.16	CHH
3	28999678	28999814	13	7	65.00	CG
3	28999678	28999814	9	10	47.37	CHG
3	28999678	28999814	13	104	11.11	CHH
3	29036320	29036527	408	12	97.14	CG
3	29036320	29036527	60	64	48.39	CHG
3	29036320	29036527	79	204	27.92	CHH
3	29048284	29048488	330	8	97.63	CG
3	29048284	29048488	199	51	79.60	CHG
3	29048284	29048488	39	247	13.64	CHH
3	29804060	29804313	1	198	0.50	CG
3	29804060	29804313	3	411	0.72	CHG
3	29804060	29804313	8	1410	0.56	CHH
3	31242980	31243426	285	6	97.94	CG
3	31242980	31243426	124	44	73.81	CHG
3	31242980	31243426	23	339	6.35	CHH
3	31550060	31550292	7	329	2.08	CG
3	31550060	31550292	21	137	13.29	CHG
3	31550060	31550292	74	828	8.20	CHH
3	32992420	32993458	231	263	46.76	CG
3	32992420	32993458	128	327	28.13	CHG
3	32992420	32993458	207	2479	7.71	CHH
3	33907932	33908490	1	114	0.87	CG
3	33907932	33908490	6	696	0.85	CHG
3	33907932	33908490	18	2742	0.65	CHH
3	34241449	34241654	1	180	0.55	CG
3	34241449	34241654	2	476	0.42	CHG
3	34241449	34241654	4	1067	0.37	CHH
3	34254363	34255907	192	1659	10.37	CG
3	34254363	34255907	77	2650	2.82	CHG
3	34254363	34255907	491	5705	7.92	CHH
3	34833000	34833309	466	23	95.30	CG
3	34833000	34833309	302	91	76.84	CHG
3	34833000	34833309	146	739	16.50	CHH
3	35110086	35110256	25	0	100.00	CG
3	35110086	35110256	0	79	0.00	CHG
3	35110086	35110256	2	600	0.33	CHH
3	35180241	35180554	142	6	95.95	CG
3	35180241	35180554	2	464	0.43	CHG
3	35180241	35180554	9	1747	0.51	CHH
3	35917041	35917731	449	228	66.32	CG
3	35917041	35917731	134	331	28.82	CHG
3	35917041	35917731	330	1943	14.52	CHH
3	36048993	36049255	7	164	4.09	CG
3	36048993	36049255	8	267	2.91	CHG
3	36048993	36049255	17	833	2.00	CHH
3	36390761	36392058	48	2856	1.65	CG
3	36390761	36392058	11	2050	0.53	CHG
3	36390761	36392058	23	5166	0.44	CHH
4	2128481	2128855	93	65	58.86	CG
4	2128481	2128855	30	75	28.57	CHG
4	2128481	2128855	344	660	34.26	CHH
4	2540394	2540485	137	6	95.80	CG
4	2540394	2540485	108	38	73.97	CHG
4	2540394	2540485	8	485	1.62	CHH
4	3036997	3037085	51	0	100.00	CG
4	3036997	3037085	10	17	37.04	CHG
4	3036997	3037085	3	46	6.12	CHH
4	4049820	4050064	159	7	95.78	CG
4	4049820	4050064	86	40	68.25	CHG
4	4049820	4050064	39	581	6.29	CHH
4	4695559	4695777	70	1	98.59	CG
4	4695559	4695777	33	20	62.26	CHG
4	4695559	4695777	16	118	11.94	CHH
4	5205473	5206792	1776	74	96.00	CG
4	5205473	5206792	1010	357	73.88	CHG
4	5205473	5206792	220	5925	3.58	CHH
4	5370300	5370990	501	19	96.35	CG
4	5370300	5370990	297	79	78.99	CHG
4	5370300	5370990	24	819	2.85	CHH
4	7250146	7253105	736	5156	12.49	CG
4	7250146	7253105	606	2871	17.43	CHG
4	7250146	7253105	242	9038	2.61	CHH
4	7946934	7947116	317	22	93.51	CG
4	7946934	7947116	227	98	69.85	CHG
4	7946934	7947116	62	1220	4.84	CHH
4	7976120	7976768	38	112	25.33	CG
4	7976120	7976768	15	345	4.17	CHG
4	7976120	7976768	40	1367	2.84	CHH
4	7998972	7999131	2	8	20.00	CG
4	7998972	7999131	0	30	0.00	CHG
4	7998972	7999131	0	164	0.00	CHH
4	9504426	9506750	2338	264	89.85	CG
4	9504426	9506750	1846	877	67.79	CHG
4	9504426	9506750	343	11545	2.89	CHH
4	10597218	10597775	889	26	97.16	CG
4	10597218	10597775	1164	301	79.45	CHG
4	10597218	10597775	76	3259	2.28	CHH
4	11254426	11254603	0	74	0.00	CG
4	11254426	11254603	1	132	0.75	CHG
4	11254426	11254603	2	580	0.34	CHH
4	11479976	11481063	1	391	0.26	CG
4	11479976	11481063	8	712	1.11	CHG
4	11479976	11481063	16	4035	0.39	CHH
4	12511724	12511877	76	4	95.00	CG
4	12511724	12511877	66	206	24.26	CHG
4	12511724	12511877	0	818	0.00	CHH
4	12570254	12573173	3174	95	97.09	CG
4	12570254	12573173	3922	975	80.09	CHG
4	12570254	12573173	634	17994	3.40	CHH
4	14336636	14336825	131	2	98.50	CG
4	14336636	14336825	134	30	81.71	CHG
4	14336636	14336825	2	258	0.77	CHH
4	15422154	15422563	107	5	95.54	CG
4	15422154	15422563	136	54	71.58	CHG
4	15422154	15422563	334	966	25.69	CHH
4	15927777	15928107	3	583	0.51	CG
4	15927777	15928107	1	544	0.18	CHG
4	15927777	15928107	10	1794	0.55	CHH
4	16377949	16378038	127	7	94.78	CG
4	16377949	16378038	112	24	82.35	CHG
4	16377949	16378038	24	345	6.50	CHH
4	16429861	16430118	100	2	98.04	CG
4	16429861	16430118	190	25	88.37	CHG
4	16429861	16430118	46	792	5.49	CHH
4	16739824	16740091	210	17	92.51	CG
4	16739824	16740091	48	38	55.81	CHG
4	16739824	16740091	1	332	0.30	CHH
4	16870850	16871033	74	3	96.10	CG
4	16870850	16871033	1	24	4.00	CHG
4	16870850	16871033	1	655	0.15	CHH
4	16929303	16929386	55	3	94.83	CG
4	16929303	16929386	2	21	8.70	CHG
4	16929303	16929386	1	263	0.38	CHH
4	18861290	18861421	28	3	90.32	CG
4	18861290	18861421	13	6	68.42	CHG
4	18861290	18861421	163	123	56.99	CHH
4	18879559	18879953	606	18	97.12	CG
4	18879559	18879953	370	117	75.98	CHG
4	18879559	18879953	115	817	12.34	CHH
4	19594453	19594613	1	46	2.13	CG
4	19594453	19594613	2	124	1.59	CHG
4	19594453	19594613	26	209	11.06	CHH
4	21836525	21836740	2	280	0.71	CG
4	21836525	21836740	5	510	0.97	CHG
4	21836525	21836740	6	1413	0.42	CHH
4	22149701	22149888	3	578	0.52	CG
4	22149701	22149888	1	218	0.46	CHG
4	22149701	22149888	2	811	0.25	CHH
4	24463582	24463728	1	124	0.80	CG
4	24463582	24463728	1	89	1.11	CHG
4	24463582	24463728	1	611	0.16	CHH
4	24879051	24879296	0	49	0.00	CG
4	24879051	24879296	7	653	1.06	CHG
4	24879051	24879296	4	1035	0.38	CHH
4	25700367	25700823	580	36	94.16	CG
4	25700367	25700823	208	144	59.09	CHG
4	25700367	25700823	298	917	24.53	CHH
4	26025305	26025523	49	1	98.00	CG
4	26025305	26025523	0	157	0.00	CHG
4	26025305	26025523	2	567	0.35	CHH
4	26125746	26125921	92	5	94.85	CG
4	26125746	26125921	69	24	74.19	CHG
4	26125746	26125921	134	692	16.22	CHH
4	28854448	28854672	0	401	0.00	CG
4	28854448	28854672	8	195	3.94	CHG
4	28854448	28854672	21	921	2.23	CHH
4	31600862	31601333	593	27	95.65	CG
4	31600862	31601333	404	359	52.95	CHG
4	31600862	31601333	75	2193	3.31	CHH
4	32665225	32665685	7	1546	0.45	CG
4	32665225	32665685	5	1134	0.44	CHG
4	32665225	32665685	10	2226	0.45	CHH
4	32845260	32845468	154	8	95.06	CG
4	32845260	32845468	3	533	0.56	CHG
4	32845260	32845468	8	1670	0.48	CHH
4	32907649	32907913	357	11	97.01	CG
4	32907649	32907913	411	54	88.39	CHG
4	32907649	32907913	106	1504	6.58	CHH
4	32976630	32976775	0	134	0.00	CG
4	32976630	32976775	1	150	0.66	CHG
4	32976630	32976775	2	837	0.24	CHH
4	33538001	33538284	120	6	95.24	CG
4	33538001	33538284	166	18	90.22	CHG
4	33538001	33538284	27	548	4.70	CHH
5	22552	22704	180	1	99.45	CG
5	22552	22704	118	16	88.06	CHG
5	22552	22704	21	579	3.50	CHH
5	167915	169390	218	151	59.08	CG
5	167915	169390	80	165	32.65	CHG
5	167915	169390	160	2606	5.78	CHH
5	802197	802307	0	67	0.00	CG
5	802197	802307	0	107	0.00	CHG
5	802197	802307	1	566	0.18	CHH
5	1555477	1555743	111	13	89.52	CG
5	1555477	1555743	1	378	0.26	CHG
5	1555477	1555743	3	1272	0.24	CHH
5	1623822	1624065	199	5	97.55	CG
5	1623822	1624065	79	42	65.29	CHG
5	1623822	1624065	11	136	7.48	CHH
5	1649481	1650024	726	44	94.29	CG
5	1649481	1650024	286	222	56.30	CHG
5	1649481	1650024	113	1389	7.52	CHH
5	2535968	2537410	36	3026	1.18	CG
5	2535968	2537410	12	2308	0.52	CHG
5	2535968	2537410	26	6143	0.42	CHH
5	3201536	3202094	42	146	22.34	CG
5	3201536	3202094	59	243	19.54	CHG
5	3201536	3202094	243	1513	13.84	CHH
5	3642042	3642277	279	12	95.88	CG
5	3642042	3642277	30	87	25.64	CHG
5	3642042	3642277	81	627	11.44	CHH
5	4042346	4043559	349	18	95.10	CG
5	4042346	4043559	246	80	75.46	CHG
5	4042346	4043559	54	1169	4.42	CHH
5	5042999	5043643	19	2	90.48	CG
5	5042999	5043643	6	4	60.00	CHG
5	5042999	5043643	3	106	2.75	CHH
5	6697788	6698020	111	26	81.02	CG
5	6697788	6698020	2	251	0.79	CHG
5	6697788	6698020	6	1081	0.55	CHH
5	8888812	8888977	85	2	97.70	CG
5	8888812	8888977	249	38	86.76	CHG
5	8888812	8888977	13	758	1.69	CHH
5	9364313	9364413	171	7	96.07	CG
5	9364313	9364413	78	56	58.21	CHG
5	9364313	9364413	11	224	4.68	CHH
5	12809268	12809477	140	2	98.59	CG
5	12809268	12809477	45	34	56.96	CHG
5	12809268	12809477	24	141	14.55	CHH
5	13857407	13857542	361	16	95.76	CG
5	13857407	13857542	65	45	59.09	CHG
5	13857407	13857542	15	434	3.34	CHH
5	14246535	14246708	0	55	0.00	CG
5	14246535	14246708	0	25	0.00	CHG
5	14246535	14246708	6	547	1.08	CHH
5	15249273	15249609	415	13	96.96	CG
5	15249273	15249609	228	94	70.81	CHG
5	15249273	15249609	85	1621	4.98	CHH
5	15263881	15264136	376	12	96.91	CG
5	15263881	15264136	159	62	71.95	CHG
5	15263881	15264136	61	387	13.62	CHH
5	15295856	15296058	202	6	97.12	CG
5	15295856	15296058	84	40	67.74	CHG
5	15295856	15296058	16	287	5.28	CHH
5	15380224	15380482	9	2	81.82	CG
5	15380224	15380482	16	0	100.00	CHG
5	15380224	15380482	1	44	2.22	CHH
5	16141049	16142222	1386	43	96.99	CG
5	16141049	16142222	877	169	83.84	CHG
5	16141049	16142222	183	4313	4.07	CHH
5	16604726	16607053	1647	122	93.10	CG
5	16604726	16607053	824	664	55.38	CHG
5	16604726	16607053	485	8531	5.38	CHH
5	16695358	16697204	655	686	48.84	CG
5	16695358	16697204	678	628	51.91	CHG
5	16695358	16697204	664	4469	12.94	CHH
5	17145149	17145240	0	29	0.00	CG
5	17145149	17145240	1	271	0.37	CHH
5	17275880	17277194	213	953	18.27	CG
5	17275880	17277194	58	1325	4.19	CHG
5	17275880	17277194	149	5049	2.87	CHH
5	18555974	18556911	1008	150	87.05	CG
5	18555974	18556911	409	324	55.80	CHG
5	18555974	18556911	68	3351	1.99	CHH
5	18614365	18615227	783	19	97.63	CG
5	18614365	18615227	384	116	76.80	CHG
5	18614365	18615227	534	1545	25.69	CHH
5	19082868	19087589	1005	2421	29.33	CG
5	19082868	19087589	62	5587	1.10	CHG
5	19082868	19087589	365	17646	2.03	CHH
5	19475239	19475452	0	198	0.00	CG
5	19475239	19475452	0	302	0.00	CHG
5	19475239	19475452	2	942	0.21	CHH
5	19550564	19550779	4	27	12.90	CHG
5	19550564	19550779	58	388	13.00	CHH
5	19686229	19688559	765	2373	24.38	CG
5	19686229	19688559	425	1570	21.30	CHG
5	19686229	19688559	931	7427	11.14	CHH
5	20197683	20197907	3	1333	0.22	CG
5	20197683	20197907	5	759	0.65	CHG
5	20197683	20197907	4	1369	0.29	CHH
5	20639725	20640817	610	19	96.98	CG
5	20639725	20640817	137	1339	9.28	CHG
5	20639725	20640817	33	4739	0.69	CHH
5	21196473	21196736	57	5	91.94	CG
5	21196473	21196736	98	13	88.29	CHG
5	21196473	21196736	112	658	14.55	CHH
5	21222554	21222810	42	25	62.69	CHG
5	21222554	21222810	23	526	4.19	CHH
5	21231311	21231463	4	361	1.10	CG
5	21231311	21231463	1	335	0.30	CHG
5	21231311	21231463	4	575	0.69	CHH
5	21771662	21772418	364	181	66.79	CG
5	21771662	21772418	293	242	54.77	CHG
5	21771662	21772418	132	1866	6.61	CHH
5	22632027	22632224	2	584	0.34	CG
5	22632027	22632224	2	481	0.41	CHG
5	22632027	22632224	3	872	0.34	CHH
5	23446330	23446424	12	1	92.31	CG
5	23446330	23446424	17	51	25.00	CHH
5	23498602	23498699	53	5	91.38	CG
5	23498602	23498699	19	1	95.00	CHG
5	23498602	23498699	344	76	81.90	CHH
5	23589096	23589233	1	170	0.58	CHG
5	23589096	23589233	2	882	0.23	CHH
5	23597717	23597952	0	60	0.00	CG
5	23597717	23597952	4	147	2.65	CHG
5	23597717	23597952	3	845	0.35	CHH
5	23799970	23800819	10	1677	0.59	CG
5	23799970	23800819	5	1508	0.33	CHG
5	23799970	23800819	25	3947	0.63	CHH
5	24767463	24767619	1	634	0.16	CG
5	24767463	24767619	0	217	0.00	CHG
5	24767463	24767619	1	830	0.12	CHH
5	24958493	24960927	377	563	40.11	CG
5	24958493	24960927	52	1630	3.09	CHG
5	24958493	24960927	88	7280	1.19	CHH
5	25117789	25118255	15	1632	0.91	CG
5	25117789	25118255	3	524	0.57	CHG
5	25117789	25118255	4	1168	0.34	CHH
5	25683760	25686062	486	5843	7.68	CG
5	25683760	25686062	282	4625	5.75	CHG
5	25683760	25686062	845	7726	9.86	CHH
5	25916431	25917101	637	28	95.79	CG
5	25916431	25917101	379	173	68.66	CHG
5	25916431	25917101	317	2286	12.18	CHH
5	26920490	26922938	7	1895	0.37	CG
5	26920490	26922938	36	3844	0.93	CHG
5	26920490	26922938	73	9671	0.75	CHH
5	27294148	27294484	10	669	1.47	CG
5	27294148	27294484	7	505	1.37	CHG
5	27294148	27294484	27	1610	1.65	CHH
5	27692643	27692794	1	349	0.29	CG
5	27692643	27692794	2	347	0.57	CHG
5	27692643	27692794	4	826	0.48	CHH
5	28353397	28355104	345	499	40.88	CG
5	28353397	28355104	34	1400	2.37	CHG
5	28353397	28355104	123	5817	2.07	CHH
5	28438764	28438936	125	2	98.43	CG
5	28438764	28438936	155	16	90.64	CHG
5	28438764	28438936	44	504	8.03	CHH
5	29278792	29278999	144	9	94.12	CG
5	29278792	29278999	115	7	94.26	CHG
5	29278792	29278999	61	540	10.15	CHH
5	29368004	29368261	127	3	97.69	CG
5	29368004	29368261	265	6	97.79	CHG
5	29368004	29368261	135	1531	8.10	CHH
5	29393677	29395023	288	10	96.64	CG
5	29393677	29395023	246	49	83.39	CHG
5	29393677	29395023	53	789	6.29	CHH
5	29485227	29485510	89	158	36.03	CG
5	29485227	29485510	13	244	5.06	CHG
5	29485227	29485510	18	933	1.89	CHH
6	247291	247913	1	541	0.18	CG
6	247291	247913	1	366	0.27	CHG
6	247291	247913	7	929	0.75	CHH
6	368015	368245	2	294	0.68	CG
6	368015	368245	2	359	0.55	CHG
6	368015	368245	9	1332	0.67	CHH
6	521167	522087	102	564	15.32	CG
6	521167	522087	24	529	4.34	CHG
6	521167	522087	236	2563	8.43	CHH
6	813527	813697	91	15	85.85	CG
6	813527	813697	2	297	0.67	CHG
6	813527	813697	8	1598	0.50	CHH
6	958185	960061	1259	935	57.38	CG
6	958185	960061	458	785	36.85	CHG
6	958185	960061	660	4324	13.24	CHH
6	1267865	1268035	267	8	97.09	CG
6	1267865	1268035	132	70	65.35	CHG
6	1267865	1268035	14	333	4.03	CHH
6	2300838	2300945	0	117	0.00	CG
6	2300838	2300945	1	187	0.53	CHG
6	2300838	2300945	2	570	0.35	CHH
6	3639180	3639309	1	210	0.47	CG
6	3639180	3639309	0	235	0.00	CHG
6	3639180	3639309	4	779	0.51	CHH
6	3944739	3945664	141	226	38.42	CG
6	3944739	3945664	177	311	36.27	CHG
6	3944739	3945664	304	2570	10.58	CHH
6	4300749	4300941	296	7	97.69	CG
6	4300749	4300941	117	130	47.37	CHG
6	4300749	4300941	42	891	4.50	CHH
6	4553472	4553595	82	2	97.62	CG
6	4553472	4553595	15	15	50.00	CHG
6	4553472	4553595	7	100	6.54	CHH
6	4806070	4806315	22	575	3.69	CG
6	4806070	4806315	2	288	0.69	CHG
6	4806070	4806315	13	971	1.32	CHH
6	5243918	5246329	838	2144	28.10	CG
6	5243918	5246329	29	5005	0.58	CHG
6	5243918	5246329	78	14267	0.54	CHH
6	5335954	5337126	372	831	30.92	CG
6	5335954	5337126	190	708	21.16	CHG
6	5335954	5337126	681	3196	17.57	CHH
6	6556692	6557000	6	897	0.66	CG
6	6556692	6557000	9	452	1.95	CHG
6	6556692	6557000	19	1251	1.50	CHH
6	7262284	7262394	2	155	1.27	CHG
6	7262284	7262394	5	521	0.95	CHH
6	7296360	7297580	417	10	97.66	CG
6	7296360	7297580	262	76	77.51	CHG
6	7296360	7297580	74	1128	6.16	CHH
6	7450229	7452500	1380	145	90.49	CG
6	7450229	7452500	909	389	70.03	CHG
6	7450229	7452500	626	5450	10.30	CHH
6	8010667	8010997	392	11	97.27	CG
6	8010667	8010997	183	161	53.20	CHG
6	8010667	8010997	70	983	6.65	CHH
6	8383109	8385458	528	5442	8.84	CG
6	8383109	8385458	267	2545	9.50	CHG
6	8383109	8385458	532	7656	6.50	CHH
6	8415805	8416695	1015	31	97.04	CG
6	8415805	8416695	793	269	74.67	CHG
6	8415805	8416695	441	3874	10.22	CHH
6	8434419	8434622	156	2	98.73	CG
6	8434419	8434622	167	69	70.76	CHG
6	8434419	8434622	101	329	23.49	CHH
6	9748876	9749062	128	201	38.91	CG
6	9748876	9749062	9	103	8.04	CHG
6	9748876	9749062	4	623	0.64	CHH
6	9753551	9753693	23	0	100.00	CG
6	9753551	9753693	28	5	84.85	CHG
6	9753551	9753693	8	117	6.40	CHH
6	10075237	10075575	334	16	95.43	CG
6	10075237	10075575	503	102	83.14	CHG
6	10075237	10075575	81	1312	5.81	CHH
6	10093461	10093858	305	51	85.67	CG
6	10093461	10093858	111	143	43.70	CHG
6	10093461	10093858	56	1406	3.83	CHH
6	10113029	10113177	100	1	99.01	CG
6	10113029	10113177	39	37	51.32	CHG
6	10113029	10113177	237	356	39.97	CHH
6	10217891	10218933	860	32	96.41	CG
6	10217891	10218933	995	179	84.75	CHG
6	10217891	10218933	158	3820	3.97	CHH
6	11173234	11173456	14	21	40.00	CG
6	11173234	11173456	226	197	53.43	CHH
6	11608473	11613132	3113	727	81.07	CG
6	11608473	11613132	2295	1942	54.17	CHG
6	11608473	11613132	2057	13089	13.58	CHH
6	11851633	11851862	108	1	99.08	CG
6	11851633	11851862	237	70	77.20	CHG
6	11851633	11851862	24	1024	2.29	CHH
6	14122214	14122520	396	17	95.88	CG
6	14122214	14122520	412	93	81.58	CHG
6	14122214	14122520	197	1314	13.04	CHH
6	14227883	14228030	70	3	95.89	CG
6	14227883	14228030	39	23	62.90	CHG
6	14227883	14228030	15	343	4.19	CHH
6	14470606	14472078	1274	52	96.08	CG
6	14470606	14472078	1344	258	83.90	CHG
6	14470606	14472078	571	4291	11.74	CHH
6	14807254	14809068	1258	604	67.56	CG
6	14807254	14809068	1095	839	56.62	CHG
6	14807254	14809068	1464	6362	18.71	CHH
6	14821713	14821802	87	3	96.67	CG
6	14821713	14821802	181	11	94.27	CHG
6	14821713	14821802	31	435	6.65	CHH
6	14830897	14831902	861	30	96.63	CG
6	14830897	14831902	1326	222	85.66	CHG
6	14830897	14831902	166	5224	3.08	CHH
6	14905971	14906794	1162	24	97.98	CG
6	14905971	14906794	1215	92	92.96	CHG
6	14905971	14906794	412	3367	10.90	CHH
6	15103747	15105627	1460	61	95.99	CG
6	15103747	15105627	1145	259	81.55	CHG
6	15103747	15105627	442	9284	4.54	CHH
6	15441362	15441506	2568	131	95.15	CG
6	15441362	15441506	240	170	58.54	CHG
6	15441362	15441506	298	3215	8.48	CHH
6	15563454	15563591	67	2	97.10	CG
6	15563454	15563591	94	20	82.46	CHG
6	15563454	15563591	19	428	4.25	CHH
6	16686020	16686529	849	24	97.25	CG
6	16686020	16686529	356	129	73.40	CHG
6	16686020	16686529	71	2587	2.67	CHH
6	17158669	17158861	123	40	75.46	CG
6	17158669	17158861	1	111	0.89	CHG
6	17158669	17158861	45	535	7.76	CHH
6	17199198	17199462	94	10	90.38	CG
6	17199198	17199462	6	20	23.08	CHG
6	17199198	17199462	24	627	3.69	CHH
6	17345586	17347256	1627	54	96.79	CG
6	17345586	17347256	965	363	72.67	CHG
6	17345586	17347256	266	4745	5.31	CHH
6	17660877	17661057	267	5	98.16	CG
6	17660877	17661057	335	62	84.38	CHG
6	17660877	17661057	30	1037	2.81	CHH
6	18643334	18643833	171	6	96.61	CG
6	18643334	18643833	44	58	43.14	CHG
6	18643334	18643833	13	100	11.50	CHH
6	18777954	18779043	681	35	95.11	CG
6	18777954	18779043	401	156	71.99	CHG
6	18777954	18779043	144	3744	3.70	CHH
6	18810122	18813496	2776	408	87.19	CG
6	18810122	18813496	1350	1445	48.30	CHG
6	18810122	18813496	404	11668	3.35	CHH
6	19312818	19314797	2264	1356	62.54	CG
6	19312818	19314797	869	1477	37.04	CHG
6	19312818	19314797	1262	9466	11.76	CHH
6	20357482	20357681	232	8	96.67	CG
6	20357482	20357681	104	50	67.53	CHG
6	20357482	20357681	33	885	3.59	CHH
6	20439044	20439654	3	385	0.77	CG
6	20439044	20439654	1	884	0.11	CHG
6	20439044	20439654	7	2328	0.30	CHH
6	21127919	21128043	148	5	96.73	CG
6	21127919	21128043	0	9	0.00	CHG
6	21127919	21128043	17	339	4.78	CHH
6	21587628	21587841	100	4	96.15	CG
6	21587628	21587841	79	7	91.86	CHG
6	21587628	21587841	92	605	13.20	CHH
6	22156671	22156886	5	515	0.96	CG
6	22156671	22156886	2	381	0.52	CHG
6	22156671	22156886	5	1549	0.32	CHH
6	22194216	22196915	1555	716	68.47	CG
6	22194216	22196915	554	2167	20.36	CHG
6	22194216	22196915	201	11256	1.75	CHH
6	22609287	22612484	1988	1779	52.77	CG
6	22609287	22612484	1063	1910	35.76	CHG
6	22609287	22612484	2291	8311	21.61	CHH
6	22611980	22612934	428	1140	27.30	CG
6	22611980	22612934	337	1034	24.58	CHG
6	22611980	22612934	962	3424	21.93	CHH
6	23257492	23257741	180	4	97.83	CG
6	23257492	23257741	74	18	80.43	CHG
6	23257492	23257741	16	177	8.29	CHH
6	23764410	23764702	34	2	94.44	CG
6	23764410	23764702	3	0	100.00	CHG
6	23764410	23764702	61	1429	4.09	CHH
6	23867262	23869017	114	4035	2.75	CG
6	23867262	23869017	215	2101	9.28	CHG
6	23867262	23869017	513	5668	8.30	CHH
6	24469529	24469704	72	2	97.30	CG
6	24469529	24469704	247	16	93.92	CHG
6	24469529	24469704	44	766	5.43	CHH
6	26027042	26027922	70	419	14.31	CG
6	26027042	26027922	15	445	3.26	CHG
6	26027042	26027922	17	2490	0.68	CHH
6	27428621	27432072	595	3202	15.67	CG
6	27428621	27432072	190	4878	3.75	CHG
6	27428621	27432072	524	13019	3.87	CHH
6	27581080	27581338	420	12	97.22	CG
6	27581080	27581338	220	63	77.74	CHG
6	27581080	27581338	220	932	19.10	CHH
6	27924772	27924989	93	5	94.90	CG
6	27924772	27924989	0	342	0.00	CHG
6	27924772	27924989	5	650	0.76	CHH
6	28789509	28791244	113	547	17.12	CG
6	28789509	28791244	50	1364	3.54	CHG
6	28789509	28791244	152	5094	2.90	CHH
6	28955148	28955268	1	173	0.57	CHG
6	28955148	28955268	3	401	0.74	CHH
6	29172271	29175087	395	680	36.74	CG
6	29172271	29175087	22	3618	0.60	CHG
6	29172271	29175087	62	13056	0.47	CHH
6	30516258	30516520	71	234	23.28	CG
6	30516258	30516520	24	113	17.52	CHG
6	30516258	30516520	228	603	27.44	CHH
6	31188015	31188697	113	1	99.12	CG
6	31188015	31188697	8	653	1.21	CHG
6	31188015	31188697	11	2512	0.44	CHH
6	31222643	31224540	859	60	93.47	CG
6	31222643	31224540	59	1633	3.49	CHG
6	31222643	31224540	250	6138	3.91	CHH
7	411438	411715	223	29	88.49	CG
7	411438	411715	152	204	42.70	CHG
7	411438	411715	71	1121	5.96	CHH
7	993029	993215	0	110	0.00	CG
7	993029	993215	0	192	0.00	CHG
7	993029	993215	1	732	0.14	CHH
7	1846760	1848970	1067	436	70.99	CG
7	1846760	1848970	16	2904	0.55	CHG
7	1846760	1848970	60	11309	0.53	CHH
7	2224488	2225213	3	749	0.40	CG
7	2224488	2225213	4	666	0.60	CHG
7	2224488	2225213	6	1552	0.39	CHH
7	2447769	2451203	925	6415	12.60	CG
7	2447769	2451203	342	5095	6.29	CHG
7	2447769	2451203	829	15288	5.14	CHH
7	2483423	2483554	220	68	76.39	CG
7	2483423	2483554	63	12	84.00	CHG
7	2483423	2483554	290	197	59.55	CHH
7	2618288	2618484	44	6	88.00	CG
7	2618288	2618484	0	31	0.00	CHG
7	2618288	2618484	3	451	0.66	CHH
7	2946799	2949545	471	3801	11.03	CG
7	2946799	2949545	18	4817	0.37	CHG
7	2946799	2949545	55	14074	0.39	CHH
7	3992526	3992733	90	14	86.54	CG
7	3992526	3992733	2	315	0.63	CHG
7	3992526	3992733	3	940	0.32	CHH
7	4299561	4299774	44	68	39.29	CG
7	4299561	4299774	1	76	1.30	CHG
7	4299561	4299774	5	391	1.26	CHH
7	4594741	4595750	74	1706	4.16	CG
7	4594741	4595750	11	1954	0.56	CHG
7	4594741	4595750	32	7516	0.42	CHH
7	4802020	4804153	69	1342	4.89	CG
7	4802020	4804153	43	995	4.14	CHG
7	4802020	4804153	118	7111	1.63	CHH
7	5473306	5473520	80	3	96.39	CG
7	5473306	5473520	46	11	80.70	CHG
7	5473306	5473520	30	483	5.85	CHH
7	6327476	6328339	1018	43	95.95	CG
7	6327476	6328339	753	199	79.10	CHG
7	6327476	6328339	117	2990	3.77	CHH
7	6575263	6575711	2	63	3.08	CG
7	6575263	6575711	2	15	11.76	CHG
7	6575263	6575711	9	1294	0.69	CHH
7	6605103	6605624	821	23	97.27	CG
7	6605103	6605624	234	476	32.96	CHG
7	6605103	6605624	68	1655	3.95	CHH
7	6829453	6829599	16	71	18.39	CHG
7	6829453	6829599	8	526	1.50	CHH
7	6919655	6920441	473	160	74.72	CG
7	6919655	6920441	398	439	47.55	CHG
7	6919655	6920441	77	2669	2.80	CHH
7	7348687	7348951	30	1	96.77	CG
7	7348687	7348951	1	157	0.63	CHG
7	7348687	7348951	2	1109	0.18	CHH
7	7538627	7540224	409	235	63.51	CG
7	7538627	7540224	167	412	28.84	CHG
7	7538627	7540224	421	3215	11.58	CHH
7	7676619	7677136	384	13	96.73	CG
7	7676619	7677136	332	92	78.30	CHG
7	7676619	7677136	84	2274	3.56	CHH
7	7868604	7868899	742	23	96.99	CG
7	7868604	7868899	405	179	69.35	CHG
7	7868604	7868899	53	1441	3.55	CHH
7	7896981	7897138	37	1	97.37	CG
7	7896981	7897138	294	42	87.50	CHG
7	7896981	7897138	44	1002	4.21	CHH
7	7950410	7951127	76	1140	6.25	CG
7	7950410	7951127	39	638	5.76	CHG
7	7950410	7951127	210	1783	10.54	CHH
7	8994834	8994985	117	38	75.48	CG
7	8994834	8994985	0	223	0.00	CHG
7	8994834	8994985	2	524	0.38	CHH
7	9688947	9691039	577	3043	15.94	CG
7	9688947	9691039	565	1399	28.77	CHG
7	9688947	9691039	334	5654	5.58	CHH
7	10365529	10365796	315	12	96.33	CG
7	10365529	10365796	56	5	91.80	CHG
7	10365529	10365796	18	564	3.09	CHH
7	10449611	10449795	135	5	96.43	CG
7	10449611	10449795	142	21	87.12	CHG
7	10449611	10449795	36	1008	3.45	CHH
7	10549868	10550083	200	6	97.09	CG
7	10549868	10550083	161	51	75.94	CHG
7	10549868	10550083	18	790	2.23	CHH
7	10635123	10635434	218	174	55.61	CG
7	10635123	10635434	324	92	77.88	CHG
7	10635123	10635434	847	764	52.58	CHH
7	10877526	10878054	1006	24	97.67	CG
7	10877526	10878054	248	149	62.47	CHG
7	10877526	10878054	78	1084	6.71	CHH
7	11466967	11467449	515	25	95.37	CG
7	11466967	11467449	322	93	77.59	CHG
7	11466967	11467449	74	1566	4.51	CHH
7	11601703	11602144	102	12	89.47	CG
7	11601703	11602144	59	50	54.13	CHG
7	11601703	11602144	74	994	6.93	CHH
7	11983577	11984979	595	55	91.54	CG
7	11983577	11984979	536	234	69.61	CHG
7	11983577	11984979	258	5758	4.29	CHH
7	12411232	12411465	17	1	94.44	CG
7	12411232	12411465	8	6	57.14	CHG
7	12411232	12411465	0	27	0.00	CHH
7	12792717	12792888	31	5	86.11	CG
7	12792717	12792888	42	8	84.00	CHG
7	12792717	12792888	34	303	10.09	CHH
7	12807464	12807960	329	58	85.01	CG
7	12807464	12807960	333	351	48.68	CHG
7	12807464	12807960	130	2963	4.20	CHH
7	13460211	13460326	117	3	97.50	CG
7	13460211	13460326	15	21	41.67	CHG
7	13460211	13460326	14	90	13.46	CHH
7	15065372	15067232	1347	40	97.12	CG
7	15065372	15067232	1247	304	80.40	CHG
7	15065372	15067232	229	7329	3.03	CHH
7	15194897	15195154	0	38	0.00	CG
7	15194897	15195154	0	46	0.00	CHG
7	15194897	15195154	2	528	0.38	CHH
7	15838174	15840597	431	1233	25.90	CG
7	15838174	15840597	108	1284	7.76	CHG
7	15838174	15840597	617	6016	9.30	CHH
7	16417756	16417995	84	1	98.82	CG
7	16417756	16417995	48	5	90.57	CHG
7	16417756	16417995	129	836	13.37	CHH
7	17006268	17006989	1570	47	97.09	CG
7	17006268	17006989	525	149	77.89	CHG
7	17006268	17006989	138	2716	4.84	CHH
7	17339592	17339751	0	84	0.00	CG
7	17339592	17339751	0	291	0.00	CHG
7	17339592	17339751	1	942	0.11	CHH
7	17913342	17913726	489	9	98.19	CG
7	17913342	17913726	270	97	73.57	CHG
7	17913342	17913726	169	1403	10.75	CHH
7	18987148	18987233	18	13	58.06	CG
7	18987148	18987233	12	5	70.59	CHG
7	18987148	18987233	1	144	0.69	CHH
7	19215021	19215291	413	9	97.87	CG
7	19215021	19215291	202	53	79.22	CHG
7	19215021	19215291	46	570	7.47	CHH
7	19560035	19560566	664	24	96.51	CG
7	19560035	19560566	428	227	65.34	CHG
7	19560035	19560566	295	1525	16.21	CHH
7	19560091	19560385	394	11	97.28	CG
7	19560091	19560385	249	105	70.34	CHG
7	19560091	19560385	122	732	14.29	CHH
7	19831953	19832039	0	232	0.00	CHG
7	19831953	19832039	6	727	0.82	CHH
7	19834434	19835298	595	42	93.41	CG
7	19834434	19835298	296	172	63.25	CHG
7	19834434	19835298	129	1668	7.18	CHH
7	21131054	21131268	1	41	2.38	CG
7	21131054	21131268	0	116	0.00	CHG
7	21131054	21131268	4	845	0.47	CHH
7	21474944	21475222	99	83	54.40	CG
7	21474944	21475222	5	37	11.90	CHG
7	21474944	21475222	197	713	21.65	CHH
7	21913503	21914249	75	565	11.72	CG
7	21913503	21914249	23	641	3.46	CHG
7	21913503	21914249	313	2586	10.80	CHH
7	22120429	22120613	249	40	86.16	CG
7	22120429	22120613	2	535	0.37	CHG
7	22120429	22120613	16	1550	1.02	CHH
7	22386510	22386982	5	763	0.65	CG
7	22386510	22386982	0	227	0.00	CHG
7	22386510	22386982	3	467	0.64	CHH
7	22569423	22569628	176	8	95.65	CG
7	22569423	22569628	3	361	0.82	CHG
7	22569423	22569628	5	1322	0.38	CHH
7	23187122	23187806	4	653	0.61	CG
7	23187122	23187806	9	784	1.13	CHG
7	23187122	23187806	9	2836	0.32	CHH
7	23391649	23391802	116	4	96.67	CG
7	23391649	23391802	4	249	1.58	CHG
7	23391649	23391802	7	619	1.12	CHH
7	24132747	24133053	93	6	93.94	CG
7	24132747	24133053	6	174	3.33	CHG
7	24132747	24133053	5	1295	0.38	CHH
7	24196787	24197173	389	13	96.77	CG
7	24196787	24197173	378	39	90.65	CHG
7	24196787	24197173	128	2436	4.99	CHH
7	24296352	24296548	78	7	91.76	CG
7	24296352	24296548	0	282	0.00	CHG
7	24296352	24296548	9	1020	0.87	CHH
7	24747117	24747542	545	12	97.85	CG
7	24747117	24747542	211	122	63.36	CHG
7	24747117	24747542	142	427	24.96	CHH
7	25222041	25223348	128	2523	4.83	CG
7	25222041	25223348	184	1506	10.89	CHG
7	25222041	25223348	832	5764	12.61	CHH
7	25256522	25256725	1	443	0.23	CG
7	25256522	25256725	2	301	0.66	CHG
7	25256522	25256725	4	835	0.48	CHH
7	25908465	25908808	0	468	0.00	CG
7	25908465	25908808	4	737	0.54	CHG
7	25908465	25908808	10	1955	0.51	CHH
7	25983000	25983349	195	65	75.00	CG
7	25983000	25983349	8	700	1.13	CHG
7	25983000	25983349	11	2091	0.52	CHH
7	26184639	26186023	817	17	97.96	CG
7	26184639	26186023	434	128	77.22	CHG
7	26184639	26186023	139	1267	9.89	CHH
7	26456564	26456769	1	216	0.46	CG
7	26456564	26456769	1	76	1.30	CHG
7	26456564	26456769	4	640	0.62	CHH
7	27118237	27118566	22	0	100.00	CG
7	27118237	27118566	26	15	63.41	CHG
7	27118237	27118566	68	438	13.44	CHH
7	28429839	28434200	1289	447	74.25	CG
7	28429839	28434200	33	5455	0.60	CHG
7	28429839	28434200	101	20092	0.50	CHH
7	28561953	28562576	13	3601	0.36	CG
7	28561953	28562576	7	1919	0.36	CHG
7	28561953	28562576	6	2136	0.28	CHH
7	29086695	29086979	264	8	97.06	CG
7	29086695	29086979	85	45	65.38	CHG
7	29086695	29086979	105	341	23.54	CHH
8	178569	180215	27	2051	1.30	CG
8	178569	180215	69	1394	4.72	CHG
8	178569	180215	196	4771	3.95	CHH
8	236935	237112	163	3	98.19	CG
8	236935	237112	301	31	90.66	CHG
8	236935	237112	90	853	9.54	CHH
8	451101	451275	2	426	0.47	CG
8	451101	451275	0	173	0.00	CHG
8	451101	451275	1	265	0.38	CHH
8	700792	701075	0	688	0.00	CG
8	700792	701075	2	485	0.41	CHG
8	700792	701075	4	1042	0.38	CHH
8	1029191	1029915	158	698	18.46	CG
8	1029191	1029915	83	413	16.73	CHG
8	1029191	1029915	856	2139	28.58	CHH
8	1151684	1151850	126	20	86.30	CG
8	1151684	1151850	222	101	68.73	CHG
8	1151684	1151850	85	1453	5.53	CHH
8	1263064	1263825	20	5	80.00	CG
8	1263064	1263825	41	11	78.85	CHG
8	1263064	1263825	23	102	18.40	CHH
8	1315995	1316283	212	6	97.25	CG
8	1315995	1316283	191	73	72.35	CHG
8	1315995	1316283	163	1082	13.09	CHH
8	1392517	1392770	546	16	97.15	CG
8	1392517	1392770	107	160	40.07	CHG
8	1392517	1392770	15	1098	1.35	CHH
8	1864926	1865852	1185	31	97.45	CG
8	1864926	1865852	260	356	42.21	CHG
8	1864926	1865852	143	4945	2.81	CHH
8	1952801	1953130	238	71	77.02	CG
8	1952801	1953130	39	184	17.49	CHG
8	1952801	1953130	35	1634	2.10	CHH
8	2740500	2740929	421	12	97.23	CG
8	2740500	2740929	314	120	72.35	CHG
8	2740500	2740929	51	1757	2.82	CHH
8	2874093	2874334	190	10	95.00	CG
8	2874093	2874334	65	60	52.00	CHG
8	2874093	2874334	36	926	3.74	CHH
8	3055231	3055410	5	456	1.08	CHG
8	3055231	3055410	8	1429	0.56	CHH
8	3463082	3465280	295	1282	18.71	CG
8	3463082	3465280	125	2039	5.78	CHG
8	3463082	3465280	701	7821	8.23	CHH
8	4272689	4273002	188	4	97.92	CG
8	4272689	4273002	265	42	86.32	CHG
8	4272689	4273002	67	2285	2.85	CHH
8	4312136	4312445	480	25	95.05	CG
8	4312136	4312445	253	168	60.10	CHG
8	4312136	4312445	75	1810	3.98	CHH
8	4545475	4545770	50	29	63.29	CG
8	4545475	4545770	10	258	3.73	CHG
8	4545475	4545770	17	964	1.73	CHH
8	4853217	4853848	11	2562	0.43	CG
8	4853217	4853848	7	1379	0.51	CHG
8	4853217	4853848	12	2631	0.45	CHH
8	5467560	5467758	4	381	1.04	CG
8	5467560	5467758	1	314	0.32	CHG
8	5467560	5467758	3	1172	0.26	CHH
8	6450044	6451003	1254	47	96.39	CG
8	6450044	6451003	793	220	78.28	CHG
8	6450044	6451003	165	3963	4.00	CHH
8	6675950	6676096	88	3	96.70	CG
8	6675950	6676096	37	7	84.09	CHG
8	6675950	6676096	5	167	2.91	CHH
8	6874782	6875032	364	2	99.45	CG
8	6874782	6875032	131	33	79.88	CHG
8	6874782	6875032	90	1509	5.63	CHH
8	7337780	7340351	1181	1205	49.50	CG
8	7337780	7340351	65	3440	1.85	CHG
8	7337780	7340351	517	12668	3.92	CHH
8	7485595	7487184	1810	94	95.06	CG
8	7485595	7487184	1734	364	82.65	CHG
8	7485595	7487184	544	6607	7.61	CHH
8	7660052	7660308	69	2	97.18	CG
8	7660052	7660308	49	72	40.50	CHG
8	7660052	7660308	25	795	3.05	CHH
8	8117875	8118747	205	40	83.67	CG
8	8117875	8118747	3	828	0.36	CHG
8	8117875	8118747	19	3504	0.54	CHH
8	8283116	8289954	4560	1853	71.11	CG
8	8283116	8289954	2843	5916	32.46	CHG
8	8283116	8289954	1260	29903	4.04	CHH
8	8625179	8626724	2137	52	97.62	CG
8	8625179	8626724	1307	537	70.88	CHG
8	8625179	8626724	146	3148	4.43	CHH
8	10263592	10264820	538	16	97.11	CG
8	10263592	10264820	13	1573	0.82	CHG
8	10263592	10264820	53	5542	0.95	CHH
8	10859005	10859704	206	9	95.81	CG
8	10859005	10859704	253	57	81.61	CHG
8	10859005	10859704	341	2894	10.54	CHH
8	10992041	10993699	1281	115	91.76	CG
8	10992041	10993699	625	540	53.65	CHG
8	10992041	10993699	180	6845	2.56	CHH
8	11166235	11167095	30	0	100.00	CG
8	11166235	11167095	129	23	84.87	CHG
8	11166235	11167095	24	629	3.68	CHH
8	11203659	11203915	1	0	100.00	CG
8	11203659	11203915	11	2	84.62	CHG
8	11203659	11203915	0	51	0.00	CHH
8	12217241	12217417	1	0	100.00	CHG
8	12217241	12217417	0	1	0.00	CHH
8	12220776	12220917	2	0	100.00	CG
8	12220776	12220917	2	0	100.00	CHG
8	12220776	12220917	1	15	6.25	CHH
8	12256460	12256704	0	217	0.00	CG
8	12256460	12256704	1	396	0.25	CHG
8	12256460	12256704	1	1374	0.07	CHH
8	12629860	12629996	36	1	97.30	CG
8	12629860	12629996	135	24	84.91	CHG
8	12629860	12629996	23	543	4.06	CHH
8	13407105	13408116	1084	119	90.11	CG
8	13407105	13408116	299	254	54.07	CHG
8	13407105	13408116	83	1660	4.76	CHH
8	13545344	13545711	263	16	94.27	CG
8	13545344	13545711	64	43	59.81	CHG
8	13545344	13545711	69	1550	4.26	CHH
8	13637622	13639004	2129	72	96.73	CG
8	13637622	13639004	1654	568	74.44	CHG
8	13637622	13639004	195	5530	3.41	CHH
8	13894493	13894788	11	0	100.00	CG
8	13894493	13894788	7	0	100.00	CHG
8	13894493	13894788	0	32	0.00	CHH
8	13952461	13953924	925	215	81.14	CG
8	13952461	13953924	485	361	57.33	CHG
8	13952461	13953924	657	3624	15.35	CHH
8	14213510	14213752	54	207	20.69	CG
8	14213510	14213752	1	163	0.61	CHG
8	14213510	14213752	57	737	7.18	CHH
8	14298148	14298652	250	7	97.28	CG
8	14298148	14298652	343	61	84.90	CHG
8	14298148	14298652	70	1644	4.08	CHH
8	14597668	14597929	482	13	97.37	CG
8	14597668	14597929	253	75	77.13	CHG
8	14597668	14597929	91	640	12.45	CHH
8	14657412	14657652	21	1	95.45	CG
8	14657412	14657652	7	15	31.82	CHG
8	14657412	14657652	7	519	1.33	CHH
8	15580207	15580529	150	7	95.54	CG
8	15580207	15580529	200	49	80.32	CHG
8	15580207	15580529	118	1006	10.50	CHH
8	15967015	15970249	3234	107	96.80	CG
8	15967015	15970249	2254	872	72.10	CHG
8	15967015	15970249	711	14345	4.72	CHH
8	16012976	16013846	1097	34	96.99	CG
8	16012976	16013846	593	170	77.72	CHG
8	16012976	16013846	255	2335	9.85	CHH
8	16216197	16216404	53	24	68.83	CG
8	16216197	16216404	10	461	2.12	CHH
8	16538923	16541131	732	106	87.35	CG
8	16538923	16541131	8	1794	0.44	CHG
8	16538923	16541131	46	7999	0.57	CHH
8	16974676	16975655	251	413	37.80	CG
8	16974676	16975655	113	499	18.46	CHG
8	16974676	16975655	237	3358	6.59	CHH
8	16994050	16994211	0	168	0.00	CG
8	16994050	16994211	1	131	0.76	CHG
8	16994050	16994211	5	610	0.81	CHH
8	17403203	17403300	203	6	97.13	CG
8	17403203	17403300	96	40	70.59	CHG
8	17403203	17403300	8	229	3.38	CHH
8	17719178	17719322	106	4	96.36	CG
8	17719178	17719322	25	36	40.98	CHG
8	17719178	17719322	17	480	3.42	CHH
8	18550794	18553306	1448	585	71.22	CG
8	18550794	18553306	511	1126	31.22	CHG
8	18550794	18553306	868	4788	15.35	CHH
8	20514928	20517189	1779	84	95.49	CG
8	20514928	20517189	482	528	47.72	CHG
8	20514928	20517189	805	14197	5.37	CHH
8	21734995	21740080	5532	176	96.92	CG
8	21734995	21740080	2982	910	76.62	CHG
8	21734995	21740080	910	12971	6.56	CHH
8	21758849	21759020	102	20	83.61	CG
8	21758849	21759020	3	388	0.77	CHG
8	21758849	21759020	15	1690	0.88	CHH
8	22561294	22561443	15	35	30.00	CG
8	22561294	22561443	7	41	14.58	CHG
8	22561294	22561443	1	201	0.50	CHH
8	22681154	22681244	74	12	86.05	CHG
8	22681154	22681244	8	378	2.07	CHH
8	22949183	22951590	418	617	40.39	CG
8	22949183	22951590	288	1353	17.55	CHG
8	22949183	22951590	1075	5543	16.24	CHH
8	23384652	23384882	3	625	0.48	CG
8	23384652	23384882	0	336	0.00	CHG
8	23384652	23384882	3	743	0.40	CHH
8	23517672	23517817	41	1	97.62	CG
8	23517672	23517817	52	8	86.67	CHG
8	23517672	23517817	51	414	10.97	CHH
8	23675662	23675914	97	3	97.00	CG
8	23675662	23675914	25	23	52.08	CHG
8	23675662	23675914	182	74	71.09	CHH
8	24239866	24240191	80	14	85.11	CG
8	24239866	24240191	0	290	0.00	CHG
8	24239866	24240191	8	1252	0.63	CHH
8	24632914	24633182	54	19	73.97	CG
8	24632914	24633182	21	205	9.29	CHG
8	24632914	24633182	17	574	2.88	CHH
8	25281178	25281350	345	17	95.30	CG
8	25281178	25281350	32	32	50.00	CHG
8	25281178	25281350	59	882	6.27	CHH
8	25598370	25598449	16	61	20.78	CHH
8	25696600	25696771	0	377	0.00	CG
8	25696600	25696771	1	239	0.42	CHG
8	25696600	25696771	1	539	0.19	CHH
8	25733898	25741720	4044	3510	53.53	CG
8	25733898	25741720	2299	7583	23.26	CHG
8	25733898	25741720	1616	30885	4.97	CHH
8	26671848	26672550	353	4	98.88	CG
8	26671848	26672550	135	42	76.27	CHG
8	26671848	26672550	67	1079	5.85	CHH
8	26851572	26851796	1	303	0.33	CG
8	26851572	26851796	2	179	1.10	CHG
8	26851572	26851796	0	865	0.00	CHH
8	27327904	27330518	388	6987	5.26	CG
8	27327904	27330518	164	4420	3.58	CHG
8	27327904	27330518	234	9353	2.44	CHH
9	899505	900078	679	30	95.77	CG
9	899505	900078	179	125	58.88	CHG
9	899505	900078	168	2535	6.22	CHH
9	1708905	1710116	2534	82	96.87	CG
9	1708905	1710116	1319	570	69.83	CHG
9	1708905	1710116	161	5118	3.05	CHH
9	2262231	2262612	367	14	96.33	CG
9	2262231	2262612	483	91	84.15	CHG
9	2262231	2262612	65	1660	3.77	CHH
9	2463009	2464211	1232	185	86.94	CG
9	2463009	2464211	783	473	62.34	CHG
9	2463009	2464211	341	5037	6.34	CHH
9	2545349	2545704	360	13	96.51	CG
9	2545349	2545704	332	80	80.58	CHG
9	2545349	2545704	71	1161	5.76	CHH
9	2775400	2775730	2391	115	95.41	CG
9	2775400	2775730	382	262	59.32	CHG
9	2775400	2775730	308	4912	5.90	CHH
9	2854868	2855786	1646	84	95.14	CG
9	2854868	2855786	215	188	53.35	CHG
9	2854868	2855786	322	3264	8.98	CHH
9	2911646	2912272	507	25	95.30	CG
9	2911646	2912272	652	128	83.59	CHG
9	2911646	2912272	140	2070	6.33	CHH
9	3112245	3115702	4188	108	97.49	CG
9	3112245	3115702	1732	585	74.75	CHG
9	3112245	3115702	880	7255	10.82	CHH
9	3214717	3216020	309	108	74.10	CG
9	3214717	3216020	196	169	53.70	CHG
9	3214717	3216020	179	2846	5.92	CHH
9	3330884	3331520	110	5	95.65	CG
9	3330884	3331520	252	45	84.85	CHG
9	3330884	3331520	36	1238	2.83	CHH
9	4522204	4522362	43	1	97.73	CG
9	4522204	4522362	16	8	66.67	CHG
9	4522204	4522362	5	70	6.67	CHH
9	4739227	4745466	1667	1103	60.18	CG
9	4739227	4745466	708	1774	28.53	CHG
9	4739227	4745466	1041	10861	8.75	CHH
9	6140177	6140335	18	1	94.74	CG
9	6140177	6140335	18	3	85.71	CHG
9	6140177	6140335	3	77	3.75	CHH
9	6631347	6632182	123	79	60.89	CG
9	6631347	6632182	469	459	50.54	CHG
9	6631347	6632182	195	3486	5.30	CHH
9	7230219	7230464	276	27	91.09	CG
9	7230219	7230464	55	89	38.19	CHG
9	7230219	7230464	17	369	4.40	CHH
9	7430897	7432040	141	170	45.34	CG
9	7430897	7432040	2	199	1.00	CHG
9	7430897	7432040	66	2701	2.39	CHH
9	8393668	8393832	191	5	97.45	CG
9	8393668	8393832	69	34	66.99	CHG
9	8393668	8393832	25	231	9.77	CHH
9	9923428	9925180	138	243	36.22	CG
9	9923428	9925180	29	536	5.13	CHG
9	9923428	9925180	801	4224	15.94	CHH
9	10766786	10767301	222	15	93.67	CG
9	10766786	10767301	2	675	0.30	CHG
9	10766786	10767301	6	2327	0.26	CHH
9	12030840	12031218	2	742	0.27	CG
9	12030840	12031218	3	484	0.62	CHG
9	12030840	12031218	6	886	0.67	CHH
9	12595903	12596851	2	611	0.33	CG
9	12595903	12596851	10	1305	0.76	CHG
9	12595903	12596851	25	4046	0.61	CHH
9	13404977	13406112	956	20	97.95	CG
9	13404977	13406112	302	133	69.43	CHG
9	13404977	13406112	192	2535	7.04	CHH
9	16489222	16490713	223	1426	13.52	CG
9	16489222	16490713	108	1391	7.20	CHG
9	16489222	16490713	76	5069	1.48	CHH
9	16577282	16577396	69	2	97.18	CG
9	16577282	16577396	33	13	71.74	CHG
9	16577282	16577396	414	151	73.27	CHH
9	17604144	17604323	94	6	94.00	CG
9	17604144	17604323	2	156	1.27	CHG
9	17604144	17604323	7	686	1.01	CHH
9	19383868	19383934	1	47	2.08	CHG
9	19383868	19383934	0	186	0.00	CHH
9	19469244	19469889	39	350	10.03	CG
9	19469244	19469889	38	850	4.28	CHG
9	19469244	19469889	489	1770	21.65	CHH
9	19529704	19533249	1775	2663	40.00	CG
9	19529704	19533249	908	1610	36.06	CHG
9	19529704	19533249	915	12281	6.93	CHH
9	20512179	20515947	1696	1759	49.09	CG
9	20512179	20515947	932	3255	22.26	CHG
9	20512179	20515947	1999	16684	10.70	CHH
9	20811988	20812086	0	413	0.00	CG
9	20811988	20812086	0	56	0.00	CHG
9	20811988	20812086	1	440	0.23	CHH
9	21917576	21917684	0	331	0.00	CG
9	21917576	21917684	0	288	0.00	CHG
9	21917576	21917684	2	436	0.46	CHH
9	22507907	22508014	0	99	0.00	CHG
9	22507907	22508014	2	346	0.57	CHH
9	22587586	22587797	239	5	97.95	CG
9	22587586	22587797	87	39	69.05	CHG
9	22587586	22587797	45	403	10.04	CHH
10	76063	76767	460	51	90.02	CG
10	76063	76767	270	356	43.13	CHG
10	76063	76767	61	2290	2.59	CHH
10	1070598	1072595	837	3342	20.03	CG
10	1070598	1072595	582	2284	20.31	CHG
10	1070598	1072595	776	9432	7.60	CHH
10	1391746	1391999	613	12	98.08	CG
10	1391746	1391999	104	209	33.23	CHG
10	1391746	1391999	6	572	1.04	CHH
10	1614261	1614403	0	33	0.00	CG
10	1614261	1614403	1	230	0.43	CHG
10	1614261	1614403	5	791	0.63	CHH
10	1803629	1804504	532	62	89.56	CG
10	1803629	1804504	468	220	68.02	CHG
10	1803629	1804504	696	2678	20.63	CHH
10	1803768	1804170	493	35	93.37	CG
10	1803768	1804170	249	108	69.75	CHG
10	1803768	1804170	227	1286	15.00	CHH
10	1840873	1840994	0	171	0.00	CG
10	1840873	1840994	0	104	0.00	CHG
10	1840873	1840994	4	532	0.75	CHH
10	2764274	2764493	2	259	0.77	CG
10	2764274	2764493	3	642	0.47	CHG
10	2764274	2764493	1	1323	0.08	CHH
10	3411205	3411730	172	7	96.09	CG
10	3411205	3411730	5	651	0.76	CHG
10	3411205	3411730	12	2045	0.58	CHH
10	3555583	3556236	733	20	97.34	CG
10	3555583	3556236	149	115	56.44	CHG
10	3555583	3556236	141	875	13.88	CHH
10	4747418	4747782	10	42	19.23	CG
10	4747418	4747782	67	234	22.26	CHG
10	4747418	4747782	8	1051	0.76	CHH
10	6032495	6032662	106	1	99.07	CG
10	6032495	6032662	269	31	89.67	CHG
10	6032495	6032662	92	945	8.87	CHH
10	6484932	6485158	54	228	19.15	CG
10	6484932	6485158	4	138	2.82	CHG
10	6484932	6485158	32	764	4.02	CHH
10	6965382	6965620	169	11	93.89	CG
10	6965382	6965620	22	51	30.14	CHG
10	6965382	6965620	5	114	4.20	CHH
10	7289884	7290427	499	10	98.04	CG
10	7289884	7290427	198	54	78.57	CHG
10	7289884	7290427	87	1007	7.95	CHH
10	8713513	8713687	81	0	100.00	CG
10	8713513	8713687	89	29	75.42	CHG
10	8713513	8713687	8	379	2.07	CHH
10	8784304	8784496	131	5	96.32	CG
10	8784304	8784496	45	27	62.50	CHG
10	8784304	8784496	28	720	3.74	CHH
10	9339792	9339997	71	6	92.21	CG
10	9339792	9339997	8	6	57.14	CHG
10	9339792	9339997	201	196	50.63	CHH
10	9455216	9455761	531	21	96.20	CG
10	9455216	9455761	420	102	80.46	CHG
10	9455216	9455761	102	2353	4.15	CHH
10	10070366	10073354	1945	52	97.40	CG
10	10070366	10073354	1208	387	75.74	CHG
10	10070366	10073354	610	4351	12.30	CHH
10	10893887	10894383	143	114	55.64	CG
10	10893887	10894383	213	166	56.20	CHG
10	10893887	10894383	65	2028	3.11	CHH
10	10994069	10994203	90	9	90.91	CG
10	10994069	10994203	0	172	0.00	CHG
10	10994069	10994203	2	521	0.38	CHH
10	11956236	11956518	205	12	94.47	CG
10	11956236	11956518	98	54	64.47	CHG
10	11956236	11956518	345	510	40.35	CHH
10	11967788	11968023	15	1	93.75	CG
10	11967788	11968023	16	1	94.12	CHG
10	11967788	11968023	207	304	40.51	CHH
10	12041078	12041429	5	55	8.33	CG
10	12041078	12041429	83	143	36.73	CHG
10	12041078	12041429	200	882	18.48	CHH
10	12398331	12398410	30	20	60.00	CHG
10	12398331	12398410	33	375	8.09	CHH
10	12783731	12784747	391	2254	14.78	CG
10	12783731	12784747	256	1230	17.23	CHG
10	12783731	12784747	672	3165	17.51	CHH
10	13030461	13031711	195	1718	10.19	CG
10	13030461	13031711	197	1129	14.86	CHG
10	13030461	13031711	717	3351	17.63	CHH
10	13134013	13134625	253	75	77.13	CG
10	13134013	13134625	56	84	40.00	CHG
10	13134013	13134625	303	2022	13.03	CHH
10	14312781	14312940	122	6	95.31	CG
10	14312781	14312940	31	16	65.96	CHG
10	14312781	14312940	18	285	5.94	CHH
10	14415032	14415475	0	445	0.00	CG
10	14415032	14415475	2	351	0.57	CHG
10	14415032	14415475	9	1080	0.83	CHH
10	14939572	14939779	1	386	0.26	CG
10	14939572	14939779	2	236	0.84	CHG
10	14939572	14939779	4	1336	0.30	CHH
10	15358024	15358297	43	5	89.58	CHG
10	15358024	15358297	64	1130	5.36	CHH
10	15388115	15388379	59	1	98.33	CG
10	15388115	15388379	166	107	60.81	CHG
10	15388115	15388379	47	1009	4.45	CHH
10	15623066	15624262	22	2084	1.04	CG
10	15623066	15624262	9	2360	0.38	CHG
10	15623066	15624262	50	5448	0.91	CHH
10	16649407	16649853	3	1099	0.27	CG
10	16649407	16649853	9	1033	0.86	CHG
10	16649407	16649853	10	2398	0.42	CHH
10	17917117	17917361	12	288	4.00	CG
10	17917117	17917361	2	504	0.40	CHG
10	17917117	17917361	13	1406	0.92	CHH
10	18118300	18118455	120	2	98.36	CG
10	18118300	18118455	70	17	80.46	CHG
10	18118300	18118455	225	424	34.67	CHH
10	18249061	18249336	295	27	91.61	CG
10	18249061	18249336	114	109	51.12	CHG
10	18249061	18249336	59	838	6.58	CHH
10	18629501	18629720	1	159	0.62	CG
10	18629501	18629720	0	167	0.00	CHG
10	18629501	18629720	3	1390	0.22	CHH
10	18709862	18710680	175	1300	11.86	CG
10	18709862	18710680	51	1251	3.92	CHG
10	18709862	18710680	259	2552	9.21	CHH
10	19071669	19072430	17	1715	0.98	CG
10	19071669	19072430	20	1906	1.04	CHG
10	19071669	19072430	34	3220	1.04	CHH
10	19727438	19727659	38	1	97.44	CG
10	19727438	19727659	41	15	73.21	CHG
10	19727438	19727659	450	229	66.27	CHH
10	20621568	20621746	117	4	96.69	CG
10	20621568	20621746	99	39	71.74	CHG
10	20621568	20621746	5	251	1.95	CHH
10	20684185	20684453	136	9	93.79	CG
10	20684185	20684453	0	597	0.00	CHG
10	20684185	20684453	3	1698	0.18	CHH
10	20758072	20758229	39	2	95.12	CG
10	20758072	20758229	1	306	0.33	CHG
10	20758072	20758229	4	865	0.46	CHH
10	20876029	20876473	42	160	20.79	CG
10	20876029	20876473	35	253	12.15	CHG
10	20876029	20876473	138	776	15.10	CHH
10	21433314	21437604	797	2215	26.46	CG
10	21433314	21437604	107	2999	3.44	CHG
10	21433314	21437604	249	13557	1.80	CHH
10	21560604	21561484	182	140	56.52	CG
10	21560604	21561484	7	1675	0.42	CHG
10	21560604	21561484	23	5378	0.43	CHH
10	22597491	22597660	1	556	0.18	CG
10	22597491	22597660	1	352	0.28	CHG
10	22597491	22597660	1	480	0.21	CHH
10	22692035	22692362	82	78	51.25	CG
10	22692035	22692362	4	436	0.91	CHG
10	22692035	22692362	8	1872	0.43	CHH
10	22860787	22861438	1	754	0.13	CG
10	22860787	22861438	7	950	0.73	CHG
10	22860787	22861438	10	2845	0.35	CHH
11	505296	505455	213	6	97.26	CG
11	505296	505455	174	38	82.08	CHG
11	505296	505455	14	498	2.73	CHH
11	797708	798586	90	98	47.87	CG
11	797708	798586	108	205	34.50	CHG
11	797708	798586	280	1963	12.48	CHH
11	1050852	1052789	103	2692	3.69	CG
11	1050852	1052789	17	3128	0.54	CHG
11	1050852	1052789	36	7092	0.51	CHH
11	1432574	1432751	1	436	0.23	CG
11	1432574	1432751	2	202	0.98	CHG
11	1432574	1432751	3	789	0.38	CHH
11	1858041	1858566	246	12	95.35	CG
11	1858041	1858566	293	45	86.69	CHG
11	1858041	1858566	621	666	48.25	CHH
11	2504811	2504939	2	281	0.71	CG
11	2504811	2504939	1	276	0.36	CHG
11	2504811	2504939	1	945	0.11	CHH
11	2669596	2669853	4	799	0.50	CG
11	2669596	2669853	1	153	0.65	CHG
11	2669596	2669853	4	1010	0.39	CHH
11	2802873	2804621	389	656	37.22	CG
11	2802873	2804621	428	810	34.57	CHG
11	2802873	2804621	452	4191	9.74	CHH
11	3466044	3470402	1763	1002	63.76	CG
11	3466044	3470402	1398	1608	46.51	CHG
11	3466044	3470402	1708	10803	13.65	CHH
11	3810954	3811089	55	3	94.83	CG
11	3810954	3811089	0	146	0.00	CHG
11	3810954	3811089	3	391	0.76	CHH
11	4224826	4225123	42	4	91.30	CG
11	4224826	4225123	36	287	11.15	CHG
11	4224826	4225123	5	1409	0.35	CHH
11	4595255	4598721	878	3994	18.02	CG
11	4595255	4598721	531	1854	22.26	CHG
11	4595255	4598721	1508	7540	16.67	CHH
11	6038088	6038424	22	1504	1.44	CG
11	6038088	6038424	2	838	0.24	CHG
11	6038088	6038424	6	1083	0.55	CHH
11	6091835	6093414	1384	479	74.29	CG
11	6091835	6093414	638	507	55.72	CHG
11	6091835	6093414	827	4305	16.11	CHH
11	7821028	7821214	39	239	14.03	CG
11	7821028	7821214	19	314	5.71	CHG
11	7821028	7821214	20	658	2.95	CHH
11	9435946	9436636	513	15	97.16	CG
11	9435946	9436636	354	105	77.12	CHG
11	9435946	9436636	379	1673	18.47	CHH
11	9479627	9479991	5	895	0.56	CG
11	9479627	9479991	4	826	0.48	CHG
11	9479627	9479991	8	2029	0.39	CHH
11	9728388	9728616	25	0	100.00	CG
11	9728388	9728616	1	35	2.78	CHG
11	9728388	9728616	17	258	6.18	CHH
11	9810706	9815080	3061	620	83.16	CG
11	9810706	9815080	1875	1601	53.94	CHG
11	9810706	9815080	1131	12393	8.36	CHH
11	9969448	9969633	25	67	27.17	CG
11	9969448	9969633	24	59	28.92	CHG
11	9969448	9969633	38	571	6.24	CHH
11	10499987	10500272	206	5	97.63	CG
11	10499987	10500272	222	19	92.12	CHG
11	10499987	10500272	83	1597	4.94	CHH
11	10502651	10503109	303	6	98.06	CG
11	10502651	10503109	469	46	91.07	CHG
11	10502651	10503109	191	1811	9.54	CHH
11	11632517	11632735	276	9	96.84	CG
11	11632517	11632735	80	76	51.28	CHG
11	11632517	11632735	47	475	9.00	CHH
11	12791330	12791451	144	2	98.63	CG
11	12791330	12791451	75	32	70.09	CHG
11	12791330	12791451	63	295	17.60	CHH
11	13907112	13907730	901	18	98.04	CG
11	13907112	13907730	919	139	86.86	CHG
11	13907112	13907730	257	3267	7.29	CHH
11	14199127	14199230	210	7	96.77	CG
11	14199127	14199230	123	59	67.58	CHG
11	14199127	14199230	26	340	7.10	CHH
11	14246634	14246765	87	5	94.57	CG
11	14246634	14246765	80	6	93.02	CHG
11	14246634	14246765	82	498	14.14	CHH
11	14953985	14954432	170	4	97.70	CG
11	14953985	14954432	72	30	70.59	CHG
11	14953985	14954432	50	633	7.32	CHH
11	15162648	15162882	64	0	100.00	CG
11	15162648	15162882	258	46	84.87	CHG
11	15162648	15162882	96	1347	6.65	CHH
11	15516587	15517994	602	1311	31.47	CG
11	15516587	15517994	186	933	16.62	CHG
11	15516587	15517994	399	4393	8.33	CHH
11	15595496	15598031	2961	574	83.76	CG
11	15595496	15598031	1552	1282	54.76	CHG
11	15595496	15598031	768	12434	5.82	CHH
11	15629573	15629919	187	7	96.39	CG
11	15629573	15629919	291	105	73.48	CHG
11	15629573	15629919	111	2210	4.78	CHH
11	15784095	15784518	6	1480	0.40	CG
11	15784095	15784518	5	992	0.50	CHG
11	15784095	15784518	6	2056	0.29	CHH
11	16587225	16588700	687	405	62.91	CG
11	16587225	16588700	396	467	45.89	CHG
11	16587225	16588700	731	3374	17.81	CHH
11	16590106	16591882	2110	55	97.46	CG
11	16590106	16591882	2847	473	85.75	CHG
11	16590106	16591882	290	7988	3.50	CHH
11	17024541	17024749	117	2	98.32	CG
11	17024541	17024749	102	35	74.45	CHG
11	17024541	17024749	223	492	31.19	CHH
11	17437801	17439859	312	2004	13.47	CG
11	17437801	17439859	35	2144	1.61	CHG
11	17437801	17439859	141	8938	1.55	CHH
11	17734944	17735193	5	1003	0.50	CG
11	17734944	17735193	4	507	0.78	CHG
11	17734944	17735193	2	729	0.27	CHH
11	17903585	17906300	2664	276	90.61	CG
11	17903585	17906300	1888	594	76.07	CHG
11	17903585	17906300	1544	7658	16.78	CHH
11	17974571	17974900	67	427	13.56	CG
11	17974571	17974900	83	467	15.09	CHG
11	17974571	17974900	292	1505	16.25	CHH
11	18221483	18221608	125	4	96.90	CG
11	18221483	18221608	176	41	81.11	CHG
11	18221483	18221608	14	409	3.31	CHH
11	18325064	18325191	0	22	0.00	CG
11	18325064	18325191	0	73	0.00	CHG
11	18325064	18325191	1	348	0.29	CHH
11	18373844	18373989	0	35	0.00	CG
11	18373844	18373989	0	122	0.00	CHG
11	18373844	18373989	0	683	0.00	CHH
11	18718793	18720377	871	507	63.21	CG
11	18718793	18720377	105	1317	7.38	CHG
11	18718793	18720377	196	5738	3.30	CHH
11	18909482	18909881	2	599	0.33	CG
11	18909482	18909881	2	530	0.38	CHG
11	18909482	18909881	2	1071	0.19	CHH
11	19311606	19314032	1867	232	88.95	CG
11	19311606	19314032	1405	1009	58.20	CHG
11	19311606	19314032	891	7103	11.15	CHH
11	20219224	20220414	939	36	96.31	CG
11	20219224	20220414	1196	153	88.66	CHG
11	20219224	20220414	162	5505	2.86	CHH
11	20319451	20320865	793	111	87.72	CG
11	20319451	20320865	796	246	76.39	CHG
11	20319451	20320865	856	4542	15.86	CHH
11	20346784	20346867	0	32	0.00	CG
11	20346784	20346867	1	53	1.85	CHG
11	20346784	20346867	1	380	0.26	CHH
11	20686170	20686465	3	57	5.00	CG
11	20686170	20686465	2	91	2.15	CHG
11	20686170	20686465	2	733	0.27	CHH
11	20872306	20872476	338	4	98.83	CG
11	20872306	20872476	123	73	62.76	CHG
11	20872306	20872476	10	320	3.03	CHH
11	20903615	20904114	252	140	64.29	CG
11	20903615	20904114	10	844	1.17	CHG
11	20903615	20904114	30	3338	0.89	CHH
11	21540161	21540670	340	12	96.59	CG
11	21540161	21540670	144	132	52.17	CHG
11	21540161	21540670	107	1864	5.43	CHH
11	22251376	22252471	115	365	23.96	CG
11	22251376	22252471	93	793	10.50	CHG
11	22251376	22252471	231	4687	4.70	CHH
11	22442650	22442893	218	4	98.20	CG
11	22442650	22442893	38	12	76.00	CHG
11	22442650	22442893	61	1452	4.03	CHH
11	22611185	22611456	0	127	0.00	CG
11	22611185	22611456	1	227	0.44	CHG
11	22611185	22611456	10	1462	0.68	CHH
11	22898553	22899482	160	364	30.53	CG
11	22898553	22899482	97	433	18.30	CHG
11	22898553	22899482	99	2089	4.52	CHH
11	23917291	23918354	368	81	81.96	CG
11	23917291	23918354	105	198	34.65	CHG
11	23917291	23918354	324	2105	13.34	CHH
11	23924021	23924111	0	64	0.00	CG
11	23924021	23924111	1	179	0.56	CHG
11	23924021	23924111	3	428	0.70	CHH
11	24143197	24143872	481	8	98.36	CG
11	24143197	24143872	297	49	85.84	CHG
11	24143197	24143872	75	1238	5.71	CHH
11	24518104	24518669	220	6	97.35	CG
11	24518104	24518669	179	28	86.47	CHG
11	24518104	24518669	26	628	3.98	CHH
11	25340157	25340679	155	13	92.26	CG
11	25340157	25340679	67	75	47.18	CHG
11	25340157	25340679	74	1900	3.75	CHH
11	25356991	25357939	361	34	91.39	CG
11	25356991	25357939	307	329	48.27	CHG
11	25356991	25357939	81	3570	2.22	CHH
11	25450636	25450896	154	4	97.47	CG
11	25450636	25450896	43	59	42.16	CHG
11	25450636	25450896	0	56	0.00	CHH
11	26018351	26019667	1406	53	96.37	CG
11	26018351	26019667	1110	355	75.77	CHG
11	26018351	26019667	260	3686	6.59	CHH
11	26557615	26559410	669	116	85.22	CG
11	26557615	26559410	20	1190	1.65	CHG
11	26557615	26559410	96	5850	1.61	CHH
11	26733617	26733799	180	7	96.26	CG
11	26733617	26733799	131	39	77.06	CHG
11	26733617	26733799	20	583	3.32	CHH
11	26897318	26898575	1211	81	93.73	CG
11	26897318	26898575	426	419	50.41	CHG
11	26897318	26898575	344	2131	13.90	CHH
11	27142723	27144368	666	476	58.32	CG
11	27142723	27144368	313	760	29.17	CHG
11	27142723	27144368	489	3870	11.22	CHH
11	27188061	27188431	191	10	95.02	CG
11	27188061	27188431	93	20	82.30	CHG
11	27188061	27188431	861	1141	43.01	CHH
11	27296398	27296914	154	450	25.50	CG
11	27296398	27296914	44	172	20.37	CHG
11	27296398	27296914	278	950	22.64	CHH
11	27621315	27621467	0	1	0.00	CHG
11	27621315	27621467	1	14	6.67	CHH
11	28581984	28582206	0	29	0.00	CHG
11	28581984	28582206	2	678	0.29	CHH
12	1158418	1158578	1	445	0.22	CG
12	1158418	1158578	0	155	0.00	CHG
12	1158418	1158578	6	1178	0.51	CHH
12	1177184	1177765	2	175	1.13	CG
12	1177184	1177765	3	546	0.55	CHG
12	1177184	1177765	10	2782	0.36	CHH
12	1270256	1270750	89	106	45.64	CG
12	1270256	1270750	9	851	1.05	CHG
12	1270256	1270750	4	1882	0.21	CHH
12	2005465	2005735	224	2	99.12	CG
12	2005465	2005735	23	51	31.08	CHG
12	2005465	2005735	23	132	14.84	CHH
12	2376872	2377309	96	224	30.00	CG
12	2376872	2377309	6	355	1.66	CHG
12	2376872	2377309	10	1760	0.56	CHH
12	3807299	3807471	0	63	0.00	CG
12	3807299	3807471	1	258	0.39	CHG
12	3807299	3807471	11	820	1.32	CHH
12	3811143	3811601	220	89	71.20	CG
12	3811143	3811601	79	162	32.78	CHG
12	3811143	3811601	402	1316	23.40	CHH
12	3837019	3837118	0	10	0.00	CHH
12	4083553	4083794	122	115	51.48	CG
12	4083553	4083794	5	727	0.68	CHG
12	4083553	4083794	6	1689	0.35	CHH
12	5174512	5176042	1232	866	58.72	CG
12	5174512	5176042	371	799	31.71	CHG
12	5174512	5176042	202	3479	5.49	CHH
12	5728433	5728876	447	9	98.03	CG
12	5728433	5728876	325	60	84.42	CHG
12	5728433	5728876	89	679	11.59	CHH
12	6323100	6323289	11	77	12.50	CG
12	6323100	6323289	6	124	4.62	CHG
12	6323100	6323289	10	487	2.01	CHH
12	6480645	6481828	2334	65	97.29	CG
12	6480645	6481828	1147	330	77.66	CHG
12	6480645	6481828	206	5054	3.92	CHH
12	6550600	6551475	630	15	97.67	CG
12	6550600	6551475	330	124	72.69	CHG
12	6550600	6551475	84	1748	4.59	CHH
12	7855054	7855393	164	8	95.35	CG
12	7855054	7855393	174	37	82.46	CHG
12	7855054	7855393	165	642	20.45	CHH
12	8497520	8497653	2	538	0.37	CG
12	8497520	8497653	0	243	0.00	CHG
12	8497520	8497653	0	443	0.00	CHH
12	8555821	8555983	304	13	95.90	CG
12	8555821	8555983	183	58	75.93	CHG
12	8555821	8555983	27	777	3.36	CHH
12	8733248	8733675	3	1	75.00	CG
12	8733248	8733675	11	10	52.38	CHG
12	8733248	8733675	99	193	33.90	CHH
12	8783105	8783207	32	0	100.00	CG
12	8783105	8783207	7	5	58.33	CHG
12	8783105	8783207	4	153	2.55	CHH
12	8846726	8847029	44	133	24.86	CG
12	8846726	8847029	2	70	2.78	CHG
12	8846726	8847029	15	866	1.70	CHH
12	9326878	9327074	107	4	96.40	CG
12	9326878	9327074	72	25	74.23	CHG
12	9326878	9327074	39	358	9.82	CHH
12	9368388	9368605	108	6	94.74	CG
12	9368388	9368605	57	29	66.28	CHG
12	9368388	9368605	65	782	7.67	CHH
12	11421434	11422871	379	15	96.19	CG
12	11421434	11422871	10	1856	0.54	CHG
12	11421434	11422871	37	6497	0.57	CHH
12	11519644	11519807	84	2	97.67	CG
12	11519644	11519807	68	19	78.16	CHG
12	11519644	11519807	37	540	6.41	CHH
12	12193685	12193957	528	35	93.78	CG
12	12193685	12193957	221	256	46.33	CHG
12	12193685	12193957	136	1794	7.05	CHH
12	12596401	12596694	120	5	96.00	CG
12	12596401	12596694	189	39	82.89	CHG
12	12596401	12596694	64	1101	5.49	CHH
12	12742760	12743615	909	68	93.04	CG
12	12742760	12743615	672	154	81.36	CHG
12	12742760	12743615	306	2951	9.40	CHH
12	13187459	13188652	254	1001	20.24	CG
12	13187459	13188652	78	1033	7.02	CHG
12	13187459	13188652	399	2834	12.34	CHH
12	14284341	14284547	11	191	5.45	CG
12	14284341	14284547	1	55	1.79	CHG
12	14284341	14284547	6	659	0.90	CHH
12	14803452	14803625	83	1	98.81	CG
12	14803452	14803625	179	21	89.50	CHG
12	14803452	14803625	37	1136	3.15	CHH
12	15067951	15069074	1022	39	96.32	CG
12	15067951	15069074	863	160	84.36	CHG
12	15067951	15069074	233	3831	5.73	CHH
12	15348530	15353993	4541	183	96.13	CG
12	15348530	15353993	5079	1231	80.49	CHG
12	15348530	15353993	1211	26760	4.33	CHH
12	16142723	16142824	169	2	98.83	CG
12	16142723	16142824	130	18	87.84	CHG
12	16142723	16142824	9	444	1.99	CHH
12	16276461	16276731	155	4	97.48	CG
12	16276461	16276731	131	61	68.23	CHG
12	16276461	16276731	2	353	0.56	CHH
12	16529727	16530963	1518	93	94.23	CG
12	16529727	16530963	671	302	68.96	CHG
12	16529727	16530963	161	4101	3.78	CHH
12	17830991	17831311	0	48	0.00	CG
12	17830991	17831311	2	319	0.62	CHG
12	17830991	17831311	7	1001	0.69	CHH
12	18708202	18708465	79	14	84.95	CG
12	18708202	18708465	11	220	4.76	CHG
12	18708202	18708465	12	1110	1.07	CHH
12	18864903	18867127	1653	265	86.18	CG
12	18864903	18867127	921	555	62.40	CHG
12	18864903	18867127	1197	6242	16.09	CHH
12	19240695	19241251	155	8	95.09	CG
12	19240695	19241251	96	145	39.83	CHG
12	19240695	19241251	99	2895	3.31	CHH
12	20271167	20271395	172	6	96.63	CG
12	20271167	20271395	194	45	81.17	CHG
12	20271167	20271395	57	1347	4.06	CHH
12	21012743	21013159	110	194	36.18	CG
12	21012743	21013159	43	618	6.51	CHG
12	21012743	21013159	72	1491	4.61	CHH
12	21325595	21326775	564	164	77.47	CG
12	21325595	21326775	18	2396	0.75	CHG
12	21325595	21326775	38	7019	0.54	CHH
12	21498142	21500190	959	224	81.07	CG
12	21498142	21500190	34	2709	1.24	CHG
12	21498142	21500190	47	9567	0.49	CHH
12	21799965	21804009	770	3021	20.31	CG
12	21799965	21804009	91	5022	1.78	CHG
12	21799965	21804009	436	17088	2.49	CHH
12	22237684	22237932	2	461	0.43	CG
12	22237684	22237932	0	368	0.00	CHG
12	22237684	22237932	4	515	0.77	CHH
12	22424783	22424873	38	2	95.00	CG
12	22424783	22424873	0	261	0.00	CHG
12	22424783	22424873	2	388	0.51	CHH
12	22599880	22601854	363	2125	14.59	CG
12	22599880	22601854	15	2418	0.62	CHG
12	22599880	22601854	108	7291	1.46	CHH
12	22827958	22829855	627	150	80.69	CG
12	22827958	22829855	1038	257	80.15	CHG
12	22827958	22829855	416	4460	8.53	CHH
12	22914184	22914456	147	4	97.35	CG
12	22914184	22914456	211	30	87.55	CHG
12	22914184	22914456	53	792	6.27	CHH
12	23044811	23045065	0	99	0.00	CG
12	23044811	23045065	3	386	0.77	CHG
12	23044811	23045065	5	1153	0.43	CHH
12	24286289	24286454	117	21	84.78	CG
12	24286289	24286454	37	58	38.95	CHG
12	24286289	24286454	13	1247	1.03	CHH
12	24305556	24308650	1649	292	84.96	CG
12	24305556	24308650	373	3626	9.33	CHG
12	24305556	24308650	266	14539	1.80	CHH
12	24482972	24483119	2	113	1.74	CG
12	24482972	24483119	42	198	17.50	CHG
12	24482972	24483119	134	683	16.40	CHH
12	25415184	25415420	100	44	69.44	CG
12	25415184	25415420	13	61	17.57	CHG
12	25415184	25415420	101	433	18.91	CHH
12	26429400	26431294	13	2781	0.47	CG
12	26429400	26431294	9	2425	0.37	CHG
12	26429400	26431294	19	5987	0.32	CHH
12	26619179	26619379	14	7	66.67	CG
12	26619179	26619379	1	134	0.74	CHG
12	26619179	26619379	6	767	0.78	CHH
12	26739873	26743547	3300	98	97.12	CG
12	26739873	26743547	3393	609	84.78	CHG
12	26739873	26743547	1256	14902	7.77	CHH
12	26756376	26756465	83	7	92.22	CG
12	26756376	26756465	27	14	65.85	CHG
12	26756376	26756465	8	290	2.68	CHH
