1	301401	301650	128	8	94.12	CG
1	301401	301650	52	20	72.22	CHG
1	301401	301650	934	585	61.49	CHH
1	751422	751630	198	16	92.52	CG
1	751422	751630	27	18	60.00	CHG
1	751422	751630	318	666	32.32	CHH
1	831964	832562	366	9	97.60	CG
1	831964	832562	321	53	85.83	CHG
1	831964	832562	269	1045	20.47	CHH
1	1349307	1349537	15	4	78.95	CHG
1	1349307	1349537	151	617	19.66	CHH
1	1377440	1378052	77	4	95.06	CG
1	1377440	1378052	73	31	70.19	CHG
1	1377440	1378052	941	1137	45.28	CHH
1	1788440	1788928	199	4	98.03	CG
1	1788440	1788928	6	14	30.00	CHG
1	1788440	1788928	778	1070	42.10	CHH
1	1789091	1789350	73	3	96.05	CG
1	1789091	1789350	97	15	86.61	CHG
1	1789091	1789350	956	771	55.36	CHH
1	2238174	2238281	31	0	100.00	CG
1	2238174	2238281	20	6	76.92	CHG
1	2238174	2238281	104	569	15.45	CHH
1	2260684	2260758	53	172	23.56	CHH
1	4981767	4981906	461	90	83.67	CHH
1	7687746	7687909	15	3	83.33	CG
1	7687746	7687909	1	3	25.00	CHG
1	7687746	7687909	46	410	10.09	CHH
1	8431744	8431928	32	3	91.43	CG
1	8431744	8431928	518	318	61.96	CHH
1	9585903	9586147	53	38	58.24	CHG
1	9585903	9586147	740	467	61.31	CHH
1	9767360	9767454	23	2	92.00	CG
1	9767360	9767454	22	2	91.67	CHG
1	9767360	9767454	222	145	60.49	CHH
1	10432345	10432562	103	842	10.90	CG
1	10432345	10432562	19	467	3.91	CHG
1	10432345	10432562	33	877	3.63	CHH
1	10834154	10834494	23	15	60.53	CHG
1	10834154	10834494	654	998	39.59	CHH
1	10926897	10927718	1163	82	93.41	CG
1	10926897	10927718	986	348	73.91	CHG
1	10926897	10927718	163	3092	5.01	CHH
1	11189069	11189507	450	215	67.67	CG
1	11189069	11189507	119	237	33.43	CHG
1	11189069	11189507	130	2282	5.39	CHH
1	11191256	11191497	326	29	91.83	CG
1	11191256	11191497	89	66	57.42	CHG
1	11191256	11191497	86	405	17.52	CHH
1	11796108	11796316	67	38	63.81	CG
1	11796108	11796316	56	174	24.35	CHG
1	11796108	11796316	78	781	9.08	CHH
1	11928347	11928520	127	837	13.17	CHH
1	11940126	11940209	34	316	9.71	CHH
1	12597813	12598048	831	467	64.02	CHH
1	14322168	14322402	63	1	98.44	CG
1	14322168	14322402	25	6	80.65	CHG
1	14322168	14322402	279	191	59.36	CHH
1	14347206	14347429	26	18	59.09	CG
1	14347206	14347429	67	255	20.81	CHG
1	14347206	14347429	116	1229	8.62	CHH
1	14358588	14358799	60	6	90.91	CG
1	14358588	14358799	68	4	94.44	CHG
1	14358588	14358799	649	244	72.68	CHH
1	16709412	16710638	1372	49	96.55	CG
1	16709412	16710638	832	317	72.41	CHG
1	16709412	16710638	938	3669	20.36	CHH
1	17043053	17043218	294	7	97.67	CG
1	17043053	17043218	103	21	83.06	CHG
1	17043053	17043218	329	432	43.23	CHH
1	18600195	18600325	63	0	100.00	CG
1	18600195	18600325	15	6	71.43	CHG
1	18600195	18600325	99	421	19.04	CHH
1	18600619	18600880	44	6	88.00	CG
1	18600619	18600880	15	0	100.00	CHG
1	18600619	18600880	81	785	9.35	CHH
1	18984904	18985083	20	1	95.24	CG
1	18984904	18985083	28	4	87.50	CHG
1	18984904	18985083	257	180	58.81	CHH
1	23765099	23765215	4	174	2.25	CG
1	23765099	23765215	7	159	4.22	CHG
1	23765099	23765215	7	447	1.54	CHH
1	24162719	24162945	552	397	58.17	CHH
1	26098395	26098876	74	2	97.37	CG
1	26098395	26098876	92	22	80.70	CHG
1	26098395	26098876	1021	889	53.46	CHH
1	26638981	26639111	27	1	96.43	CG
1	26638981	26639111	39	8	82.98	CHG
1	26638981	26639111	95	154	38.15	CHH
1	27335823	27335919	62	28	68.89	CG
1	27335823	27335919	14	34	29.17	CHG
1	27335823	27335919	141	350	28.72	CHH
1	27892634	27893201	157	12	92.90	CG
1	27892634	27893201	244	59	80.53	CHG
1	27892634	27893201	1742	1840	48.63	CHH
1	28104533	28104643	44	0	100.00	CG
1	28104533	28104643	487	153	76.09	CHH
1	28181036	28181173	24	1	96.00	CG
1	28181036	28181173	12	44	21.43	CHG
1	28181036	28181173	16	351	4.36	CHH
1	28494153	28494502	27	2	93.10	CG
1	28494153	28494502	56	2	96.55	CHG
1	28494153	28494502	1089	346	75.89	CHH
1	30431887	30432457	357	14	96.23	CG
1	30431887	30432457	80	27	74.77	CHG
1	30431887	30432457	2017	1243	61.87	CHH
1	31405810	31406074	59	6	90.77	CG
1	31405810	31406074	97	18	84.35	CHG
1	31405810	31406074	1022	322	76.04	CHH
1	31589315	31589440	341	381	47.23	CHH
1	31867822	31868209	56	1	98.25	CG
1	31867822	31868209	919	1096	45.61	CHH
1	32128407	32128528	18	1	94.74	CG
1	32128407	32128528	230	149	60.69	CHH
1	32850978	32851159	73	3	96.05	CG
1	32850978	32851159	80	14	85.11	CHG
1	32850978	32851159	849	326	72.26	CHH
1	33209708	33209844	23	2	92.00	CG
1	33209708	33209844	4	5	44.44	CHG
1	33209708	33209844	155	338	31.44	CHH
1	35537016	35537182	174	132	56.86	CHH
1	37056464	37056585	24	8	75.00	CHG
1	37056464	37056585	121	150	44.65	CHH
1	37328188	37328369	67	5	93.06	CG
1	37328188	37328369	30	6	83.33	CHG
1	37328188	37328369	732	183	80.00	CHH
1	38496092	38496280	124	7	94.66	CG
1	38496092	38496280	18	39	31.58	CHG
1	38496092	38496280	64	808	7.34	CHH
1	38517320	38517498	24	9	72.73	CG
1	38517320	38517498	40	6	86.96	CHG
1	38517320	38517498	397	192	67.40	CHH
1	38671419	38671601	123	6	95.35	CG
1	38671419	38671601	665	330	66.83	CHH
1	40300213	40300335	381	457	45.47	CHH
1	40395626	40395876	24	3	88.89	CG
1	40395626	40395876	301	546	35.54	CHH
1	40617610	40617749	17	277	5.78	CHG
1	40617610	40617749	19	489	3.74	CHH
1	40701980	40702243	23	1	95.83	CG
1	40701980	40702243	854	202	80.87	CHH
1	41145044	41145188	467	228	67.19	CHH
1	41155306	41155562	11	33	25.00	CHG
1	41155306	41155562	858	567	60.21	CHH
1	41890335	41890557	39	2	95.12	CG
1	41890335	41890557	263	89	74.72	CHG
1	41890335	41890557	671	433	60.78	CHH
1	42087976	42088125	377	521	41.98	CHH
1	42408453	42409215	860	15	98.29	CG
1	42408453	42409215	518	204	71.75	CHG
1	42408453	42409215	665	2295	22.47	CHH
2	109398	109590	165	5	97.06	CG
2	109398	109590	141	57	71.21	CHG
2	109398	109590	210	402	34.31	CHH
2	1869793	1870778	1060	45	95.93	CG
2	1869793	1870778	869	187	82.29	CHG
2	1869793	1870778	1587	2343	40.38	CHH
2	2040558	2041143	497	32	93.95	CG
2	2040558	2041143	412	112	78.63	CHG
2	2040558	2041143	331	2796	10.59	CHH
2	2375551	2375771	733	290	71.65	CHH
2	3701574	3702250	309	83	78.83	CG
2	3701574	3702250	172	401	30.02	CHG
2	3701574	3702250	412	3413	10.77	CHH
2	4194209	4194385	48	8	85.71	CHG
2	4194209	4194385	457	221	67.40	CHH
2	4474885	4475212	288	7	97.63	CG
2	4474885	4475212	130	41	76.02	CHG
2	4474885	4475212	940	637	59.61	CHH
2	4648186	4648420	71	5	93.42	CG
2	4648186	4648420	22	9	70.97	CHG
2	4648186	4648420	368	325	53.10	CHH
2	4947306	4947538	18	2	90.00	CG
2	4947306	4947538	235	518	31.21	CHH
2	5499042	5499299	293	10	96.70	CG
2	5499042	5499299	177	25	87.62	CHG
2	5499042	5499299	160	1161	12.11	CHH
2	5521685	5521830	81	2	97.59	CHG
2	5521685	5521830	813	183	81.63	CHH
2	6545608	6545822	44	2	95.65	CG
2	6545608	6545822	944	994	48.71	CHH
2	6761735	6762038	33	0	100.00	CG
2	6761735	6762038	28	19	59.57	CHG
2	6761735	6762038	12	672	1.75	CHH
2	6762287	6762792	162	13	92.57	CG
2	6762287	6762792	144	56	72.00	CHG
2	6762287	6762792	87	1970	4.23	CHH
2	7605117	7605555	58	6	90.62	CG
2	7605117	7605555	60	8	88.24	CHG
2	7605117	7605555	387	943	29.10	CHH
2	7945618	7946024	38	2	95.00	CG
2	7945618	7946024	4	7	36.36	CHG
2	7945618	7946024	213	859	19.87	CHH
2	8190084	8190413	34	3	91.89	CHG
2	8190084	8190413	994	1188	45.55	CHH
2	10791440	10791566	209	89	70.13	CHH
2	11873649	11873886	21	2	91.30	CG
2	11873649	11873886	339	628	35.06	CHH
2	12097817	12097953	66	3	95.65	CG
2	12097817	12097953	31	584	5.04	CHH
2	12299222	12299385	14	14	50.00	CHG
2	12299222	12299385	162	385	29.62	CHH
2	12333889	12333999	42	1	97.67	CG
2	12333889	12333999	23	16	58.97	CHG
2	12333889	12333999	135	192	41.28	CHH
2	12582950	12583307	114	4	96.61	CG
2	12582950	12583307	43	22	66.15	CHG
2	12582950	12583307	122	999	10.88	CHH
2	13872268	13872613	70	144	32.71	CG
2	13872268	13872613	15	303	4.72	CHG
2	13872268	13872613	40	1622	2.41	CHH
2	13948832	13949084	60	5	92.31	CHG
2	13948832	13949084	864	264	76.60	CHH
2	15589940	15590192	30	0	100.00	CG
2	15589940	15590192	147	96	60.49	CHG
2	15589940	15590192	463	323	58.91	CHH
2	17785746	17785984	66	1	98.51	CG
2	17785746	17785984	932	264	77.93	CHH
2	19211404	19211621	71	4	94.67	CG
2	19211404	19211621	12	1	92.31	CHG
2	19211404	19211621	975	169	85.23	CHH
2	19443247	19443361	56	3	94.92	CG
2	19443247	19443361	7	17	29.17	CHG
2	19443247	19443361	76	172	30.65	CHH
2	19977858	19978135	236	11	95.55	CG
2	19977858	19978135	296	147	66.82	CHG
2	19977858	19978135	169	1439	10.51	CHH
2	20745916	20746102	55	2	96.49	CG
2	20745916	20746102	31	11	73.81	CHG
2	20745916	20746102	369	348	51.46	CHH
2	22202087	22202425	352	36	90.72	CG
2	22202087	22202425	42	102	29.17	CHG
2	22202087	22202425	422	1099	27.74	CHH
2	22399133	22399342	53	7	88.33	CG
2	22399133	22399342	556	351	61.30	CHH
2	23077446	23077593	600	268	69.12	CHH
2	23988341	23988565	27	14	65.85	CHG
2	23988341	23988565	864	444	66.06	CHH
2	24094388	24094772	30	6	83.33	CG
2	24094388	24094772	98	57	63.23	CHG
2	24094388	24094772	1142	706	61.80	CHH
2	24587774	24587906	53	6	89.83	CG
2	24587774	24587906	26	4	86.67	CHG
2	24587774	24587906	127	460	21.64	CHH
2	24968367	24968732	138	9	93.88	CG
2	24968367	24968732	149	47	76.02	CHG
2	24968367	24968732	662	817	44.76	CHH
2	25258399	25258520	555	320	63.43	CHH
2	25342968	25343092	24	1	96.00	CG
2	25342968	25343092	22	3	88.00	CHG
2	25342968	25343092	66	193	25.48	CHH
2	25971572	25971883	321	327	49.54	CHH
2	27849839	27850325	809	18	97.82	CG
2	27849839	27850325	206	100	67.32	CHG
2	27849839	27850325	920	983	48.34	CHH
2	27969163	27969436	68	8	89.47	CG
2	27969163	27969436	71	27	72.45	CHG
2	27969163	27969436	883	437	66.89	CHH
2	28230238	28230572	191	35	84.51	CHG
2	28230238	28230572	806	1239	39.41	CHH
2	28737277	28737416	148	436	25.34	CHH
2	28787543	28787788	104	3	97.20	CG
2	28787543	28787788	36	14	72.00	CHG
2	28787543	28787788	434	598	42.05	CHH
2	29123726	29123981	89	392	18.50	CHH
2	30949004	30949191	43	4	91.49	CG
2	30949004	30949191	19	9	67.86	CHG
2	30949004	30949191	496	221	69.18	CHH
2	31639383	31639502	20	1	95.24	CG
2	31639383	31639502	193	153	55.78	CHH
2	32251509	32251649	19	2	90.48	CHG
2	32251509	32251649	124	54	69.66	CHH
2	32687570	32687718	1	224	0.44	CG
2	32687570	32687718	1	194	0.51	CHG
2	32687570	32687718	3	469	0.64	CHH
2	32980551	32980821	790	485	61.96	CHH
2	33849781	33850113	71	72	49.65	CG
2	33849781	33850113	41	100	29.08	CHG
2	33849781	33850113	38	1499	2.47	CHH
2	33970498	33970631	4	84	4.55	CG
2	33970498	33970631	0	135	0.00	CHG
2	33970498	33970631	6	516	1.15	CHH
2	34234930	34235049	154	201	43.38	CHH
2	34582792	34582911	24	7	77.42	CHG
2	34582792	34582911	629	266	70.28	CHH
2	34952077	34952811	512	148	77.58	CG
2	34952077	34952811	214	244	46.72	CHG
2	34952077	34952811	150	2826	5.04	CHH
2	34955560	34955809	560	626	47.22	CHH
3	811663	812098	460	39	92.18	CG
3	811663	812098	66	114	36.67	CHG
3	811663	812098	146	1346	9.79	CHH
3	881089	881240	346	39	89.87	CG
3	881089	881240	39	111	26.00	CHG
3	881089	881240	80	508	13.61	CHH
3	1354664	1354914	145	7	95.39	CG
3	1354664	1354914	157	74	67.97	CHG
3	1354664	1354914	293	930	23.96	CHH
3	2169030	2169371	538	23	95.90	CG
3	2169030	2169371	135	87	60.81	CHG
3	2169030	2169371	358	925	27.90	CHH
3	3169366	3169453	108	143	43.03	CHH
3	3832576	3832832	31	0	100.00	CG
3	3832576	3832832	72	8	90.00	CHG
3	3832576	3832832	1266	306	80.53	CHH
3	6047207	6047392	40	1	97.56	CG
3	6047207	6047392	9	10	47.37	CHG
3	6047207	6047392	317	148	68.17	CHH
3	6570907	6571273	574	18	96.96	CG
3	6570907	6571273	110	54	67.07	CHG
3	6570907	6571273	564	816	40.87	CHH
3	7246619	7246872	307	18	94.46	CG
3	7246619	7246872	80	24	76.92	CHG
3	7246619	7246872	365	428	46.03	CHH
3	8015940	8016118	200	286	41.15	CHH
3	8409618	8409743	4	173	2.26	CG
3	8409618	8409743	2	157	1.26	CHG
3	8409618	8409743	2	589	0.34	CHH
3	8629457	8629689	24	3	88.89	CG
3	8629457	8629689	31	1	96.88	CHG
3	8629457	8629689	632	408	60.77	CHH
3	8942617	8943063	210	9	95.89	CG
3	8942617	8943063	243	25	90.67	CHG
3	8942617	8943063	903	1528	37.15	CHH
3	9319923	9320317	94	5	94.95	CG
3	9319923	9320317	9	5	64.29	CHG
3	9319923	9320317	156	731	17.59	CHH
3	11067334	11067625	18	1	94.74	CG
3	11067334	11067625	24	0	100.00	CHG
3	11067334	11067625	474	337	58.45	CHH
3	11642409	11642580	53	27	66.25	CHG
3	11642409	11642580	791	204	79.50	CHH
3	11857284	11857411	13	8	61.90	CHG
3	11857284	11857411	199	308	39.25	CHH
3	12675151	12675358	25	1	96.15	CG
3	12675151	12675358	5	9	35.71	CHG
3	12675151	12675358	609	473	56.28	CHH
3	13124743	13124928	37	4	90.24	CG
3	13124743	13124928	19	1	95.00	CHG
3	13124743	13124928	450	65	87.38	CHH
3	13748697	13748918	21	2	91.30	CHG
3	13748697	13748918	403	383	51.27	CHH
3	14057905	14058092	171	8	95.53	CG
3	14057905	14058092	42	21	66.67	CHG
3	14057905	14058092	123	794	13.41	CHH
3	14749193	14749460	75	3	96.15	CG
3	14749193	14749460	957	393	70.89	CHH
3	15103668	15103782	26	3	89.66	CHG
3	15103668	15103782	221	326	40.40	CHH
3	15113224	15113412	414	488	45.90	CHH
3	15134383	15134587	370	572	39.28	CHH
3	15613686	15613799	4	58	6.45	CG
3	15613686	15613799	5	57	8.06	CHG
3	15613686	15613799	6	264	2.22	CHH
3	16709783	16710100	269	21	92.76	CG
3	16709783	16710100	180	94	65.69	CHG
3	16709783	16710100	203	1263	13.85	CHH
3	16776362	16776567	288	739	28.04	CHH
3	17308009	17308190	28	5	84.85	CG
3	17308009	17308190	26	7	78.79	CHG
3	17308009	17308190	206	683	23.17	CHH
3	17916587	17916910	54	11	83.08	CG
3	17916587	17916910	12	3	80.00	CHG
3	17916587	17916910	424	235	64.34	CHH
3	18637898	18638001	36	2	94.74	CG
3	18637898	18638001	198	109	64.50	CHH
3	20725201	20725339	29	2	93.55	CG
3	20725201	20725339	30	10	75.00	CHG
3	20725201	20725339	145	617	19.03	CHH
3	23359385	23359602	60	5	92.31	CG
3	23359385	23359602	8	13	38.10	CHG
3	23359385	23359602	501	657	43.26	CHH
3	24411908	24412466	20	205	8.89	CG
3	24411908	24412466	8	179	4.28	CHG
3	24411908	24412466	11	1420	0.77	CHH
3	24572450	24572571	12	361	3.22	CHH
3	24924369	24924505	70	2	97.22	CG
3	24924369	24924505	4	2	66.67	CHG
3	24924369	24924505	587	185	76.04	CHH
3	25320199	25320294	114	408	21.84	CHH
3	26123077	26123398	134	12	91.78	CG
3	26123077	26123398	204	143	58.79	CHG
3	26123077	26123398	122	1161	9.51	CHH
3	26143599	26144289	93	306	23.31	CG
3	26143599	26144289	21	548	3.69	CHG
3	26143599	26144289	75	2890	2.53	CHH
3	26819731	26819992	25	3	89.29	CHG
3	26819731	26819992	399	706	36.11	CHH
3	27436719	27436866	21	6	77.78	CHG
3	27436719	27436866	137	316	30.24	CHH
3	27617928	27618015	9	66	12.00	CG
3	27617928	27618015	7	40	14.89	CHG
3	27617928	27618015	11	279	3.79	CHH
3	27618313	27618751	33	25	56.90	CG
3	27618313	27618751	32	160	16.67	CHG
3	27618313	27618751	27	890	2.94	CHH
3	27626160	27626452	138	52	72.63	CG
3	27626160	27626452	31	84	26.96	CHG
3	27626160	27626452	198	901	18.02	CHH
3	27785308	27785617	33	2	94.29	CG
3	27785308	27785617	940	561	62.62	CHH
3	28228225	28228487	417	600	41.00	CHH
3	29591935	29592097	27	6	81.82	CG
3	29591935	29592097	3	3	50.00	CHG
3	29591935	29592097	276	210	56.79	CHH
3	29675163	29675476	20	4	83.33	CG
3	29675163	29675476	749	726	50.78	CHH
3	29885011	29885181	27	1	96.43	CG
3	29885011	29885181	35	7	83.33	CHG
3	29885011	29885181	247	144	63.17	CHH
3	30100210	30100463	26	1	96.30	CG
3	30100210	30100463	287	786	26.75	CHH
3	30420791	30420983	797	308	72.13	CHH
3	30830679	30830818	522	330	61.27	CHH
3	31089191	31090510	1796	62	96.66	CG
3	31089191	31090510	1219	277	81.48	CHG
3	31089191	31090510	1797	3789	32.17	CHH
3	31423977	31424278	356	328	52.05	CHH
3	31722863	31723138	748	500	59.94	CHH
3	32006376	32006716	25	3	89.29	CHG
3	32006376	32006716	954	648	59.55	CHH
3	32110687	32111197	488	17	96.63	CG
3	32110687	32111197	330	99	76.92	CHG
3	32110687	32111197	1097	906	54.77	CHH
3	32173553	32173723	41	41	50.00	CHG
3	32173553	32173723	20	663	2.93	CHH
3	32182087	32182430	29	3	90.62	CG
3	32182087	32182430	8	27	22.86	CHG
3	32182087	32182430	743	467	61.40	CHH
3	33684752	33685642	758	73	91.22	CG
3	33684752	33685642	446	278	61.60	CHG
3	33684752	33685642	886	3837	18.76	CHH
4	468669	468758	65	198	24.71	CHH
4	4915709	4916399	716	24	96.76	CG
4	4915709	4916399	299	104	74.19	CHG
4	4915709	4916399	562	2113	21.01	CHH
4	7381268	7381662	112	6	94.92	CG
4	7381268	7381662	182	35	83.87	CHG
4	7381268	7381662	893	1110	44.58	CHH
4	7888722	7888904	63	0	100.00	CG
4	7888722	7888904	27	5	84.38	CHG
4	7888722	7888904	570	184	75.60	CHH
4	7955024	7955201	43	0	100.00	CG
4	7955024	7955201	17	5	77.27	CHG
4	7955024	7955201	407	171	70.42	CHH
4	15396846	15397090	246	7	97.23	CG
4	15396846	15397090	191	53	78.28	CHG
4	15396846	15397090	141	638	18.10	CHH
4	19683995	19684552	243	302	44.59	CG
4	19683995	19684552	108	565	16.05	CHG
4	19683995	19684552	97	2711	3.45	CHH
4	19744896	19745083	62	11	84.93	CG
4	19744896	19745083	230	774	22.91	CHH
4	20001003	20001260	67	11	85.90	CHG
4	20001003	20001260	1086	331	76.64	CHH
4	20595423	20595521	21	0	100.00	CG
4	20595423	20595521	4	9	30.77	CHG
4	20595423	20595521	130	254	33.85	CHH
4	21627729	21627912	46	5	90.20	CG
4	21627729	21627912	30	5	85.71	CHG
4	21627729	21627912	578	165	77.79	CHH
4	21744228	21744373	55	11	83.33	CG
4	21744228	21744373	0	16	0.00	CHG
4	21744228	21744373	317	259	55.03	CHH
4	21934032	21934221	598	383	60.96	CHH
4	21962681	21962889	75	1	98.68	CG
4	21962681	21962889	54	21	72.00	CHG
4	21962681	21962889	368	434	45.89	CHH
4	22575513	22575843	808	979	45.22	CHH
4	24030042	24030690	278	6	97.89	CG
4	24030042	24030690	320	68	82.47	CHG
4	24030042	24030690	1627	2277	41.68	CHH
4	24127511	24127670	74	1	98.67	CG
4	24127511	24127670	30	4	88.24	CHG
4	24127511	24127670	492	285	63.32	CHH
4	25426804	25426964	9	22	29.03	CHG
4	25426804	25426964	347	533	39.43	CHH
4	25457672	25458128	896	28	96.97	CG
4	25457672	25458128	224	119	65.31	CHG
4	25457672	25458128	748	1725	30.25	CHH
4	25472006	25472224	5	15	25.00	CHG
4	25472006	25472224	81	410	16.50	CHH
4	25475165	25475574	104	3	97.20	CG
4	25475165	25475574	276	108	71.88	CHG
4	25475165	25475574	1196	832	58.97	CHH
4	26530153	26530244	180	174	50.85	CHH
4	27630370	27630458	62	196	24.03	CHH
4	27903713	27903888	478	462	50.85	CHH
4	27907257	27907388	25	6	80.65	CG
4	27907257	27907388	0	19	0.00	CHG
4	27907257	27907388	470	468	50.11	CHH
4	28531802	28532069	15	1	93.75	CG
4	28531802	28532069	1	4	20.00	CHG
4	28531802	28532069	279	427	39.52	CHH
4	28847972	28848187	21	0	100.00	CG
4	28847972	28848187	8	1	88.89	CHG
4	28847972	28848187	279	628	30.76	CHH
4	29191225	29191443	31	3	91.18	CG
4	29191225	29191443	68	32	68.00	CHG
4	29191225	29191443	308	341	47.46	CHH
4	30022367	30022520	45	4	91.84	CG
4	30022367	30022520	292	306	48.83	CHH
4	30176025	30176485	124	11	91.85	CG
4	30176025	30176485	26	34	43.33	CHG
4	30176025	30176485	1182	861	57.86	CHH
4	32693175	32693646	364	9	97.59	CG
4	32693175	32693646	261	78	76.99	CHG
4	32693175	32693646	286	979	22.61	CHH
4	33655119	33655383	80	4	95.24	CG
4	33655119	33655383	143	824	14.79	CHH
4	33656481	33656726	373	31	92.33	CG
4	33656481	33656726	14	50	21.88	CHG
4	33656481	33656726	94	783	10.72	CHH
4	33881401	33881625	318	4	98.76	CG
4	33881401	33881625	273	102	72.80	CHG
4	33881401	33881625	440	638	40.82	CHH
4	35050130	35050413	1	146	0.68	CG
4	35050130	35050413	1	209	0.48	CHG
4	35050130	35050413	4	1304	0.31	CHH
5	490310	490462	288	12	96.00	CG
5	490310	490462	259	51	83.55	CHG
5	490310	490462	148	719	17.07	CHH
5	1679699	1679790	290	234	55.34	CHH
5	2851958	2852160	484	345	58.38	CHH
5	4894101	4894252	521	285	64.64	CHH
5	5433067	5433323	78	4	95.12	CG
5	5433067	5433323	92	28	76.67	CHG
5	5433067	5433323	787	437	64.30	CHH
5	5754539	5754748	22	12	64.71	CG
5	5754539	5754748	9	15	37.50	CHG
5	5754539	5754748	178	372	32.36	CHH
5	6765407	6765604	49	1	98.00	CG
5	6765407	6765604	38	35	52.05	CHG
5	6765407	6765604	95	476	16.64	CHH
5	6820542	6820679	22	1	95.65	CG
5	6820542	6820679	12	3	80.00	CHG
5	6820542	6820679	265	223	54.30	CHH
5	7418842	7418942	111	24	82.22	CHH
5	7972537	7972780	30	4	88.24	CG
5	7972537	7972780	22	17	56.41	CHG
5	7972537	7972780	812	613	56.98	CHH
5	10755227	10755310	58	1	98.31	CG
5	10755227	10755310	43	204	17.41	CHH
5	10919623	10920166	293	97	75.13	CG
5	10919623	10920166	60	66	47.62	CHG
5	10919623	10920166	111	2094	5.03	CHH
5	16273063	16273157	278	190	59.40	CHH
5	16311105	16311318	45	0	100.00	CG
5	16311105	16311318	42	10	80.77	CHG
5	16311105	16311318	498	395	55.77	CHH
5	16856035	16856371	143	11	92.86	CG
5	16856035	16856371	181	48	79.04	CHG
5	16856035	16856371	226	1162	16.28	CHH
5	17137118	17137270	36	1	97.30	CG
5	17137118	17137270	546	212	72.03	CHH
5	17258135	17258245	25	1	96.15	CG
5	17258135	17258245	311	75	80.57	CHH
5	17317435	17317693	67	3	95.71	CG
5	17317435	17317693	116	10	92.06	CHG
5	17317435	17317693	1047	475	68.79	CHH
5	19716275	19716490	34	0	100.00	CG
5	19716275	19716490	2	15	11.76	CHG
5	19716275	19716490	458	711	39.18	CHH
5	21149049	21149184	2	106	1.85	CG
5	21149049	21149184	2	110	1.79	CHG
5	21149049	21149184	5	412	1.20	CHH
5	21464548	21464805	296	440	40.22	CHH
5	21857485	21857720	119	8	93.70	CG
5	21857485	21857720	148	48	75.51	CHG
5	21857485	21857720	193	771	20.02	CHH
5	21875509	21875764	162	8	95.29	CG
5	21875509	21875764	146	65	69.19	CHG
5	21875509	21875764	276	1169	19.10	CHH
5	22000757	22000964	36	4	90.00	CHG
5	22000757	22000964	942	210	81.77	CHH
5	22219878	22220102	1135	198	85.15	CHH
5	22429520	22429752	77	4	95.06	CG
5	22429520	22429752	44	10	81.48	CHG
5	22429520	22429752	858	367	70.04	CHH
5	22973734	22973969	395	748	34.56	CHH
5	23987118	23987584	346	34	91.05	CG
5	23987118	23987584	430	142	75.17	CHG
5	23987118	23987584	112	2214	4.82	CHH
5	24142822	24143088	119	2	98.35	CG
5	24142822	24143088	16	20	44.44	CHG
5	24142822	24143088	482	611	44.10	CHH
5	24848633	24848969	103	26	79.84	CHG
5	24848633	24848969	1271	833	60.41	CHH
5	25347572	25347835	21	229	8.40	CG
5	25347572	25347835	2	251	0.79	CHG
5	25347572	25347835	13	997	1.29	CHH
5	25348057	25348813	140	90	60.87	CG
5	25348057	25348813	16	1080	1.46	CHG
5	25348057	25348813	76	3739	1.99	CHH
5	25916465	25916630	23	1	95.83	CHG
5	25916465	25916630	138	126	52.27	CHH
5	26950841	26950938	16	0	100.00	CG
5	26950841	26950938	49	130	27.37	CHH
5	26989629	26989802	10	6	62.50	CHG
5	26989629	26989802	532	368	59.11	CHH
6	302524	302830	31	1	96.88	CG
6	302524	302830	927	486	65.61	CHH
6	2377299	2377436	36	22	62.07	CG
6	2377299	2377436	5	47	9.62	CHG
6	2377299	2377436	18	445	3.89	CHH
6	2717082	2717211	257	164	61.05	CHH
6	2924454	2924561	59	6	90.77	CG
6	2924454	2924561	105	243	30.17	CHH
6	3943947	3944133	435	571	43.24	CHH
6	4186290	4186414	176	289	37.85	CHH
6	5151759	5151869	118	28	80.82	CHH
6	5377103	5377226	11	25	30.56	CHG
6	5377103	5377226	250	384	39.43	CHH
6	6081368	6081698	33	373	8.13	CG
6	6081368	6081698	3	218	1.36	CHG
6	6081368	6081698	37	1371	2.63	CHH
6	7060562	7060710	710	402	63.85	CHH
6	7540043	7540265	93	1	98.94	CG
6	7540043	7540265	25	20	55.56	CHG
6	7540043	7540265	306	1127	21.35	CHH
6	7540556	7540748	56	6	90.32	CG
6	7540556	7540748	323	700	31.57	CHH
6	7725720	7725950	212	3	98.60	CG
6	7725720	7725950	218	87	71.48	CHG
6	7725720	7725950	63	832	7.04	CHH
6	8356414	8356617	778	325	70.53	CHH
6	8927960	8928209	40	1	97.56	CG
6	8927960	8928209	250	75	76.92	CHG
6	8927960	8928209	919	437	67.77	CHH
6	9469938	9470183	580	580	50.00	CHH
6	11300952	11301165	26	2	92.86	CG
6	11300952	11301165	28	55	33.73	CHG
6	11300952	11301165	38	879	4.14	CHH
6	11305250	11305430	0	149	0.00	CG
6	11305250	11305430	0	25	0.00	CHG
6	11305250	11305430	8	542	1.45	CHH
6	11997277	11997419	97	3	97.00	CG
6	11997277	11997419	24	34	41.38	CHG
6	11997277	11997419	21	623	3.26	CHH
6	13738650	13738842	14	40	25.93	CG
6	13738650	13738842	0	130	0.00	CHG
6	13738650	13738842	9	744	1.20	CHH
6	13951510	13951630	78	8	90.70	CG
6	13951510	13951630	118	85	58.13	CHG
6	13951510	13951630	75	687	9.84	CHH
6	14809518	14809915	180	9	95.24	CG
6	14809518	14809915	146	108	57.48	CHG
6	14809518	14809915	1118	1533	42.17	CHH
6	19710274	19711097	374	57	86.77	CG
6	19710274	19711097	318	523	37.81	CHG
6	19710274	19711097	381	2598	12.79	CHH
6	20384125	20384463	45	221	16.92	CG
6	20384125	20384463	50	322	13.44	CHG
6	20384125	20384463	167	1737	8.77	CHH
6	22376044	22376666	134	20	87.01	CG
6	22376044	22376666	34	65	34.34	CHG
6	22376044	22376666	626	1752	26.32	CHH
6	23395298	23395797	135	7	95.07	CG
6	23395298	23395797	55	13	80.88	CHG
6	23395298	23395797	1447	803	64.31	CHH
6	23537611	23537873	48	16	75.00	CHG
6	23537611	23537873	273	644	29.77	CHH
6	24030066	24030155	58	10	85.29	CHG
6	24030066	24030155	260	39	86.96	CHH
6	24282820	24282990	40	3	93.02	CHG
6	24282820	24282990	520	347	59.98	CHH
6	25073298	25073513	69	1	98.57	CG
6	25073298	25073513	40	39	50.63	CHG
6	25073298	25073513	463	558	45.35	CHH
6	25078471	25078618	19	17	52.78	CHG
6	25078471	25078618	389	498	43.86	CHH
6	25314682	25315364	222	18	92.50	CG
6	25314682	25315364	228	72	76.00	CHG
6	25314682	25315364	2055	1978	50.95	CHH
6	26183206	26183498	51	1	98.08	CG
6	26183206	26183498	1278	484	72.53	CHH
6	26270983	26271153	39	2	95.12	CG
6	26270983	26271153	32	9	78.05	CHG
6	26270983	26271153	847	204	80.59	CHH
6	26899910	26900127	35	1	97.22	CG
6	26899910	26900127	590	490	54.63	CHH
6	27022910	27023085	192	6	96.97	CG
6	27022910	27023085	167	391	29.93	CHH
6	29399343	29399607	68	6	91.89	CG
6	29399343	29399607	31	26	54.39	CHG
6	29399343	29399607	1066	564	65.40	CHH
6	30191023	30191331	122	8	93.85	CG
6	30191023	30191331	214	26	89.17	CHG
6	30191023	30191331	527	728	41.99	CHH
6	30403805	30404034	284	539	34.51	CHH
6	30913757	30913901	32	1	96.97	CG
6	30913757	30913901	6	1	85.71	CHG
6	30913757	30913901	293	90	76.50	CHH
7	436559	436644	16	11	59.26	CHH
7	553125	553382	18	16	52.94	CHG
7	553125	553382	557	1130	33.02	CHH
7	1581483	1581569	15	14	51.72	CHG
7	1581483	1581569	118	266	30.73	CHH
7	2236802	2236948	76	2	97.44	CG
7	2236802	2236948	12	10	54.55	CHG
7	2236802	2236948	135	716	15.86	CHH
7	2529367	2529520	743	204	78.46	CHH
7	3142735	3143078	193	8	96.02	CG
7	3142735	3143078	154	73	67.84	CHG
7	3142735	3143078	359	872	29.16	CHH
7	3169312	3169590	11	23	32.35	CHG
7	3169312	3169590	868	814	51.61	CHH
7	3220899	3221205	22	0	100.00	CG
7	3220899	3221205	590	484	54.93	CHH
7	3739834	3740067	102	3	97.14	CG
7	3739834	3740067	39	31	55.71	CHG
7	3739834	3740067	756	554	57.71	CHH
7	4348410	4348541	1	113	0.88	CG
7	4348410	4348541	1	92	1.08	CHG
7	4348410	4348541	2	535	0.37	CHH
7	5121301	5121458	58	2	96.67	CG
7	5121301	5121458	23	5	82.14	CHG
7	5121301	5121458	438	234	65.18	CHH
7	6141659	6141862	296	8	97.37	CG
7	6141659	6141862	156	35	81.68	CHG
7	6141659	6141862	395	681	36.71	CHH
7	7806227	7806511	16	12	57.14	CHG
7	7806227	7806511	728	518	58.43	CHH
7	8049142	8049326	215	7	96.85	CG
7	8049142	8049326	36	47	43.37	CHG
7	8049142	8049326	176	477	26.95	CHH
7	8294134	8294483	2	255	0.78	CG
7	8294134	8294483	1	278	0.36	CHG
7	8294134	8294483	6	1632	0.37	CHH
7	8334119	8334358	17	17	50.00	CHG
7	8334119	8334358	694	326	68.04	CHH
7	8993394	8993705	96	4	96.00	CG
7	8993394	8993705	963	878	52.31	CHH
7	13286370	13286485	60	419	12.53	CHH
7	15188698	15188829	18	7	72.00	CHG
7	15188698	15188829	32	524	5.76	CHH
7	15431878	15432092	79	5	94.05	CG
7	15431878	15432092	32	8	80.00	CHG
7	15431878	15432092	590	294	66.74	CHH
7	15677983	15678606	224	317	41.40	CG
7	15677983	15678606	98	425	18.74	CHG
7	15677983	15678606	85	2445	3.36	CHH
7	16599468	16599909	86	5	94.51	CG
7	16599468	16599909	55	343	13.82	CHG
7	16599468	16599909	71	1615	4.21	CHH
7	17099241	17099723	34	2	94.44	CHG
7	17099241	17099723	1723	823	67.67	CHH
7	17790357	17790553	38	2	95.00	CG
7	17790357	17790553	84	39	68.29	CHG
7	17790357	17790553	773	357	68.41	CHH
7	18624941	18625154	43	3	93.48	CG
7	18624941	18625154	57	15	79.17	CHG
7	18624941	18625154	804	794	50.31	CHH
7	18712663	18712940	546	857	38.92	CHH
7	19254932	19255653	116	367	24.02	CG
7	19254932	19255653	68	1288	5.01	CHG
7	19254932	19255653	65	3447	1.85	CHH
7	20129015	20129222	493	492	50.05	CHH
7	20150949	20151108	34	3	91.89	CG
7	20150949	20151108	51	43	54.26	CHG
7	20150949	20151108	191	1060	15.27	CHH
7	20424851	20425235	35	3	92.11	CG
7	20424851	20425235	627	983	38.94	CHH
7	21311702	21311873	81	1	98.78	CG
7	21311702	21311873	107	22	82.95	CHG
7	21311702	21311873	700	378	64.94	CHH
7	22392996	22393180	135	15	90.00	CG
7	22392996	22393180	153	9	94.44	CHG
7	22392996	22393180	180	784	18.67	CHH
7	22532503	22532689	579	273	67.96	CHH
7	22933956	22934220	469	26	94.75	CG
7	22933956	22934220	162	52	75.70	CHG
7	22933956	22934220	499	768	39.38	CHH
7	24616760	24617444	588	55	91.45	CG
7	24616760	24617444	399	173	69.76	CHG
7	24616760	24617444	475	2060	18.74	CHH
7	24811648	24811977	23	1	95.83	CG
7	24811648	24811977	30	7	81.08	CHG
7	24811648	24811977	819	729	52.91	CHH
7	24948880	24949085	237	493	32.47	CHH
7	25909857	25910353	239	12	95.22	CG
7	25909857	25910353	276	113	70.95	CHG
7	25909857	25910353	698	1397	33.32	CHH
7	26251607	26251758	502	165	75.26	CHH
7	26258085	26258557	650	28	95.87	CG
7	26258085	26258557	144	48	75.00	CHG
7	26258085	26258557	868	725	54.49	CHH
7	27119822	27120089	35	2	94.59	CG
7	27119822	27120089	10	27	27.03	CHG
7	27119822	27120089	687	810	45.89	CHH
7	27169621	27169836	0	37	0.00	CG
7	27169621	27169836	12	226	5.04	CHG
7	27169621	27169836	37	886	4.01	CHH
7	27307263	27307688	324	12	96.43	CG
7	27307263	27307688	255	105	70.83	CHG
7	27307263	27307688	733	999	42.32	CHH
7	28376367	28376563	40	0	100.00	CG
7	28376367	28376563	40	4	90.91	CHG
7	28376367	28376563	478	245	66.11	CHH
7	29243799	29244004	460	387	54.31	CHH
7	29311074	29311344	770	476	61.80	CHH
7	29467990	29468204	702	391	64.23	CHH
8	1575049	1575210	533	484	52.41	CHH
8	1623373	1623626	23	0	100.00	CG
8	1623373	1623626	5	8	38.46	CHG
8	1623373	1623626	402	498	44.67	CHH
8	2431336	2431426	51	76	40.16	CG
8	2431336	2431426	11	1	91.67	CHG
8	2431336	2431426	164	470	25.87	CHH
8	3073639	3073816	21	51	29.17	CG
8	3073639	3073816	75	114	39.68	CHG
8	3073639	3073816	154	582	20.92	CHH
8	3388417	3388667	63	7	90.00	CG
8	3388417	3388667	40	35	53.33	CHG
8	3388417	3388667	802	622	56.32	CHH
8	3751907	3752073	176	7	96.17	CG
8	3751907	3752073	92	43	68.15	CHG
8	3751907	3752073	79	484	14.03	CHH
8	3958363	3958508	408	176	69.86	CHH
8	5131858	5132029	75	4	94.94	CHG
8	5131858	5132029	549	482	53.25	CHH
8	5321619	5321826	37	2	94.87	CG
8	5321619	5321826	3	2	60.00	CHG
8	5321619	5321826	447	257	63.49	CHH
8	5680035	5680214	58	7	89.23	CG
8	5680035	5680214	57	8	87.69	CHG
8	5680035	5680214	258	665	27.95	CHH
8	5836841	5837082	95	2	97.94	CG
8	5836841	5837082	467	471	49.79	CHH
8	6111458	6111746	156	4	97.50	CG
8	6111458	6111746	106	62	63.10	CHG
8	6111458	6111746	346	1132	23.41	CHH
8	6753823	6754136	35	0	100.00	CG
8	6753823	6754136	77	13	85.56	CHG
8	6753823	6754136	763	557	57.80	CHH
8	7603360	7603612	44	2	95.65	CG
8	7603360	7603612	447	376	54.31	CHH
8	8071926	8072156	192	4	97.96	CG
8	8071926	8072156	34	11	75.56	CHG
8	8071926	8072156	301	562	34.88	CHH
8	10060129	10060270	606	168	78.29	CHH
8	10886885	10887057	34	1	97.14	CG
8	10886885	10887057	0	4	0.00	CHG
8	10886885	10887057	66	328	16.75	CHH
8	11782944	11783090	40	14	74.07	CHG
8	11782944	11783090	415	511	44.82	CHH
8	12350212	12350309	22	1	95.65	CG
8	12350212	12350309	3	10	23.08	CHG
8	12350212	12350309	100	293	25.45	CHH
8	15503593	15503835	38	6	86.36	CG
8	15503593	15503835	1187	512	69.86	CHH
8	18141156	18141305	217	201	51.91	CHH
8	19423131	19423387	15	2	88.24	CG
8	19423131	19423387	2	8	20.00	CHG
8	19423131	19423387	365	594	38.06	CHH
8	20377385	20377714	565	27	95.44	CG
8	20377385	20377714	104	42	71.23	CHG
8	20377385	20377714	358	969	26.98	CHH
8	20558563	20558824	24	3	88.89	CG
8	20558563	20558824	22	10	68.75	CHG
8	20558563	20558824	609	225	73.02	CHH
8	21654366	21654527	75	42	64.10	CG
8	21654366	21654527	47	72	39.50	CHG
8	21654366	21654527	230	392	36.98	CHH
8	22741998	22742320	15	17	46.88	CHG
8	22741998	22742320	582	677	46.23	CHH
8	22776595	22776863	27	0	100.00	CG
8	22776595	22776863	99	45	68.75	CHG
8	22776595	22776863	564	333	62.88	CHH
8	22948102	22948411	33	2	94.29	CG
8	22948102	22948411	801	713	52.91	CHH
8	23349964	23350100	66	4	94.29	CG
8	23349964	23350100	195	573	25.39	CHH
8	23488434	23488729	226	17	93.00	CG
8	23488434	23488729	98	48	67.12	CHG
8	23488434	23488729	393	1364	22.37	CHH
8	24309357	24309533	0	116	0.00	CG
8	24309357	24309533	0	271	0.00	CHG
8	24309357	24309533	5	858	0.58	CHH
8	24422312	24422568	51	1	98.08	CG
8	24422312	24422568	83	39	68.03	CHG
8	24422312	24422568	909	864	51.27	CHH
8	24735337	24736197	355	64	84.73	CG
8	24735337	24736197	282	401	41.29	CHG
8	24735337	24736197	271	4828	5.31	CHH
8	24736834	24737078	347	18	95.07	CG
8	24736834	24737078	36	98	26.87	CHG
8	24736834	24737078	14	1029	1.34	CHH
8	24750449	24750953	290	20	93.55	CG
8	24750449	24750953	251	101	71.31	CHG
8	24750449	24750953	156	2831	5.22	CHH
8	24768225	24768508	107	9	92.24	CG
8	24768225	24768508	5	176	2.76	CHG
8	24768225	24768508	43	1734	2.42	CHH
8	24784953	24785097	63	6	91.30	CG
8	24784953	24785097	27	23	54.00	CHG
8	24784953	24785097	79	706	10.06	CHH
8	24834030	24834325	68	0	100.00	CG
8	24834030	24834325	25	4	86.21	CHG
8	24834030	24834325	983	520	65.40	CHH
8	24968997	24969171	31	0	100.00	CG
8	24968997	24969171	31	4	88.57	CHG
8	24968997	24969171	257	152	62.84	CHH
8	26169264	26169435	129	4	96.99	CG
8	26169264	26169435	28	14	66.67	CHG
8	26169264	26169435	227	83	73.23	CHH
8	26441035	26441114	18	14	56.25	CHG
8	26441035	26441114	60	170	26.09	CHH
8	26827794	26828034	35	177	16.51	CG
8	26827794	26828034	14	150	8.54	CHG
8	26827794	26828034	84	610	12.10	CHH
8	27623734	27623958	209	8	96.31	CG
8	27623734	27623958	125	42	74.85	CHG
8	27623734	27623958	451	394	53.37	CHH
8	28152674	28152872	842	189	81.67	CHH
8	28409753	28410078	66	2	97.06	CG
8	28409753	28410078	92	8	92.00	CHG
8	28409753	28410078	855	862	49.80	CHH
9	1254705	1254916	149	8	94.90	CG
9	1254705	1254916	1	13	7.14	CHG
9	1254705	1254916	293	466	38.60	CHH
9	1884036	1884200	492	334	59.56	CHH
9	3634113	3634220	23	5	82.14	CHG
9	3634113	3634220	366	114	76.25	CHH
9	3933418	3933532	35	2	94.59	CG
9	3933418	3933532	32	7	82.05	CHG
9	3933418	3933532	385	240	61.60	CHH
9	4570159	4570785	584	26	95.74	CG
9	4570159	4570785	541	181	74.93	CHG
9	4570159	4570785	630	2551	19.81	CHH
9	7158967	7159348	1	83	1.19	CG
9	7158967	7159348	5	143	3.38	CHG
9	7158967	7159348	20	1337	1.47	CHH
9	10378957	10379055	107	110	49.31	CG
9	10378957	10379055	36	155	18.85	CHG
9	10378957	10379055	38	525	6.75	CHH
9	10754150	10754480	40	2	95.24	CG
9	10754150	10754480	67	15	81.71	CHG
9	10754150	10754480	888	878	50.28	CHH
9	11037393	11037551	274	450	37.85	CHH
9	14633566	14633811	140	2	98.59	CG
9	14633566	14633811	90	19	82.57	CHG
9	14633566	14633811	673	325	67.43	CHH
9	16086094	16086273	41	9	82.00	CG
9	16086094	16086273	25	16	60.98	CHG
9	16086094	16086273	182	329	35.62	CHH
9	16215726	16215834	252	322	43.90	CHH
9	16663866	16664244	171	186	47.90	CG
9	16663866	16664244	30	477	5.92	CHG
9	16663866	16664244	74	2276	3.15	CHH
9	16928122	16928188	35	350	9.09	CHH
9	17420619	17420974	45	2	95.74	CG
9	17420619	17420974	137	32	81.07	CHG
9	17420619	17420974	483	932	34.13	CHH
9	19098095	19098253	28	3	90.32	CG
9	19098095	19098253	39	20	66.10	CHG
9	19098095	19098253	424	378	52.87	CHH
9	21886164	21886293	73	481	13.18	CHH
10	368179	368447	32	17	65.31	CHG
10	368179	368447	477	723	39.75	CHH
10	404795	404929	118	2	98.33	CG
10	404795	404929	2	17	10.53	CHG
10	404795	404929	78	159	32.91	CHH
10	1838124	1838526	61	4	93.85	CG
10	1838124	1838526	26	2	92.86	CHG
10	1838124	1838526	1172	539	68.50	CHH
10	1890175	1890720	302	36	89.35	CG
10	1890175	1890720	242	253	48.89	CHG
10	1890175	1890720	364	2191	14.25	CHH
10	2576261	2576420	853	429	66.54	CHH
10	3444619	3445144	29	215	11.89	CG
10	3444619	3445144	22	301	6.81	CHG
10	3444619	3445144	94	1541	5.75	CHH
10	5680298	5680662	10	902	1.10	CG
10	5680298	5680662	26	939	2.69	CHG
10	5680298	5680662	67	1586	4.05	CHH
10	6420591	6420748	3	175	1.69	CHG
10	6420591	6420748	3	760	0.39	CHH
10	7535391	7535626	82	625	11.60	CHH
10	8506073	8506152	6	79	7.06	CG
10	8506073	8506152	47	462	9.23	CHH
10	9497876	9498140	177	5	97.25	CG
10	9497876	9498140	32	15	68.09	CHG
10	9497876	9498140	858	645	57.09	CHH
10	11192936	11193103	93	3	96.88	CG
10	11192936	11193103	44	52	45.83	CHG
10	11192936	11193103	259	243	51.59	CHH
10	11922949	11923127	35	3	92.11	CG
10	11922949	11923127	79	28	73.83	CHG
10	11922949	11923127	197	280	41.30	CHH
10	12206026	12206233	25	6	80.65	CG
10	12206026	12206233	9	22	29.03	CHG
10	12206026	12206233	601	447	57.35	CHH
10	13147744	13147963	230	6	97.46	CG
10	13147744	13147963	81	22	78.64	CHG
10	13147744	13147963	497	858	36.68	CHH
10	15011394	15011890	312	51	85.95	CG
10	15011394	15011890	138	148	48.25	CHG
10	15011394	15011890	485	1202	28.75	CHH
10	15870323	15870605	49	4	92.45	CG
10	15870323	15870605	119	102	53.85	CHG
10	15870323	15870605	301	450	40.08	CHH
10	15986243	15986518	4	17	19.05	CG
10	15986243	15986518	2	100	1.96	CHG
10	15986243	15986518	14	678	2.02	CHH
10	15991567	15992011	5	442	1.12	CG
10	15991567	15992011	3	572	0.52	CHG
10	15991567	15992011	32	1877	1.68	CHH
10	16003795	16003950	2	25	7.41	CG
10	16003795	16003950	1	161	0.62	CHG
10	16003795	16003950	4	549	0.72	CHH
10	16208913	16209034	34	1	97.14	CG
10	16208913	16209034	40	7	85.11	CHG
10	16208913	16209034	596	223	72.77	CHH
10	17033161	17033405	389	21	94.88	CG
10	17033161	17033405	133	24	84.71	CHG
10	17033161	17033405	578	493	53.97	CHH
10	18046108	18046282	557	170	76.62	CHH
10	18101624	18101816	151	11	93.21	CG
10	18101624	18101816	76	47	61.79	CHG
10	18101624	18101816	404	264	60.48	CHH
10	18561922	18562175	197	9	95.63	CG
10	18561922	18562175	259	86	75.07	CHG
10	18561922	18562175	399	916	30.34	CHH
10	18632472	18632641	285	373	43.31	CHH
10	19698082	19698409	65	4	94.20	CG
10	19698082	19698409	95	11	89.62	CHG
10	19698082	19698409	968	850	53.25	CHH
10	19941399	19941637	23	2	92.00	CG
10	19941399	19941637	323	559	36.62	CHH
10	20291443	20292459	1111	21	98.14	CG
10	20291443	20292459	514	185	73.53	CHG
10	20291443	20292459	782	2862	21.46	CHH
10	20762313	20762534	1	139	0.71	CG
10	20762313	20762534	0	279	0.00	CHG
10	20762313	20762534	4	870	0.46	CHH
10	20778820	20779263	15	294	4.85	CG
10	20778820	20779263	10	648	1.52	CHG
10	20778820	20779263	75	1920	3.76	CHH
10	21827999	21828272	30	19	61.22	CHG
10	21827999	21828272	859	498	63.30	CHH
10	22689536	22689741	872	487	64.16	CHH
10	22690213	22690439	424	267	61.36	CHH
11	569050	569549	66	1	98.51	CG
11	569050	569549	280	68	80.46	CHG
11	569050	569549	1309	958	57.74	CHH
11	1200546	1200636	32	4	88.89	CG
11	1200546	1200636	28	8	77.78	CHG
11	1200546	1200636	69	542	11.29	CHH
11	1713742	1714360	375	32	92.14	CG
11	1713742	1714360	325	81	80.05	CHG
11	1713742	1714360	899	2165	29.34	CHH
11	1878755	1878890	4	64	5.88	CG
11	1878755	1878890	11	105	9.48	CHG
11	1878755	1878890	28	523	5.08	CHH
11	1932470	1932979	36	2	94.74	CG
11	1932470	1932979	95	35	73.08	CHG
11	1932470	1932979	1256	1059	54.25	CHH
11	1947206	1947542	17	2	89.47	CG
11	1947206	1947542	380	843	31.07	CHH
11	2378673	2378944	155	7	95.68	CG
11	2378673	2378944	20	17	54.05	CHG
11	2378673	2378944	991	379	72.34	CHH
11	5554822	5555192	65	0	100.00	CG
11	5554822	5555192	303	33	90.18	CHG
11	5554822	5555192	1236	539	69.63	CHH
11	7332863	7333120	68	5	93.15	CG
11	7332863	7333120	49	27	64.47	CHG
11	7332863	7333120	673	654	50.72	CHH
11	7589703	7589963	24	3	88.89	CG
11	7589703	7589963	21	5	80.77	CHG
11	7589703	7589963	557	360	60.74	CHH
11	7735709	7735929	97	14	87.39	CG
11	7735709	7735929	59	65	47.58	CHG
11	7735709	7735929	33	780	4.06	CHH
11	8045721	8046006	327	147	68.99	CG
11	8045721	8046006	34	106	24.29	CHG
11	8045721	8046006	307	1360	18.42	CHH
11	9151816	9151968	17	16	51.52	CHG
11	9151816	9151968	431	431	50.00	CHH
11	11662804	11663369	183	6	96.83	CG
11	11662804	11663369	321	31	91.19	CHG
11	11662804	11663369	1376	1834	42.87	CHH
11	11787143	11787246	515	375	57.87	CHH
11	13632522	13632647	4	181	2.16	CHG
11	13632522	13632647	21	618	3.29	CHH
11	14005572	14005699	70	393	15.12	CHH
11	14006096	14006227	126	390	24.42	CHH
11	14311549	14311878	418	10	97.66	CG
11	14311549	14311878	127	23	84.67	CHG
11	14311549	14311878	375	749	33.36	CHH
11	16006890	16007049	34	0	100.00	CG
11	16006890	16007049	17	8	68.00	CHG
11	16006890	16007049	636	345	64.83	CHH
11	16339318	16339504	91	8	91.92	CG
11	16339318	16339504	1	17	5.56	CHG
11	16339318	16339504	63	421	13.02	CHH
11	16884445	16884740	65	5	92.86	CG
11	16884445	16884740	963	390	71.18	CHH
11	16979978	16980123	19	9	67.86	CG
11	16979978	16980123	187	415	31.06	CHH
11	18415594	18415828	32	0	100.00	CG
11	18415594	18415828	602	700	46.24	CHH
11	19478887	19479310	241	7	97.18	CG
11	19478887	19479310	270	255	51.43	CHG
11	19478887	19479310	425	1654	20.44	CHH
11	19817539	19817761	28	23	54.90	CHG
11	19817539	19817761	525	558	48.48	CHH
11	21197890	21198236	38	35	52.05	CHG
11	21197890	21198236	1550	893	63.45	CHH
11	21255747	21256111	227	16	93.42	CG
11	21255747	21256111	267	50	84.23	CHG
11	21255747	21256111	156	1372	10.21	CHH
11	21412886	21413094	237	11	95.56	CG
11	21412886	21413094	46	140	24.73	CHG
11	21412886	21413094	70	783	8.21	CHH
11	22039593	22039763	65	15	81.25	CHG
11	22039593	22039763	540	317	63.01	CHH
11	23435202	23435727	58	31	65.17	CG
11	23435202	23435727	126	434	22.50	CHG
11	23435202	23435727	115	1942	5.59	CHH
11	24395075	24395260	19	126	13.10	CG
11	24395075	24395260	3	51	5.56	CHG
11	24395075	24395260	12	801	1.48	CHH
11	24851409	24851658	251	8	96.91	CG
11	24851409	24851658	298	28	91.41	CHG
11	24851409	24851658	221	1164	15.96	CHH
11	24991462	24991590	43	2	95.56	CG
11	24991462	24991590	90	69	56.60	CHG
11	24991462	24991590	282	180	61.04	CHH
11	25110396	25110624	46	5	90.20	CG
11	25110396	25110624	4	11	26.67	CHG
11	25110396	25110624	178	589	23.21	CHH
11	25586084	25586542	192	8	96.00	CG
11	25586084	25586542	178	39	82.03	CHG
11	25586084	25586542	883	1792	33.01	CHH
11	25784649	25784892	71	8	89.87	CG
11	25784649	25784892	77	49	61.11	CHG
11	25784649	25784892	208	968	17.69	CHH
11	25810584	25810761	28	7	80.00	CHG
11	25810584	25810761	535	499	51.74	CHH
11	25853608	25853790	26	0	100.00	CG
11	25853608	25853790	540	380	58.70	CHH
11	26205598	26205997	86	27	76.11	CG
11	26205598	26205997	5	194	2.51	CHG
11	26205598	26205997	28	1583	1.74	CHH
11	27682635	27683583	1074	31	97.19	CG
11	27682635	27683583	691	231	74.95	CHG
11	27682635	27683583	631	2487	20.24	CHH
11	28181129	28181426	48	5	90.57	CG
11	28181129	28181426	391	677	36.61	CHH
12	217168	217301	73	6	92.41	CG
12	217168	217301	28	9	75.68	CHG
12	217168	217301	595	260	69.59	CHH
12	552916	553122	239	601	28.45	CHH
12	793700	793972	39	5	88.64	CHG
12	793700	793972	1223	387	75.96	CHH
12	961100	961336	84	20	80.77	CG
12	961100	961336	138	307	31.01	CHG
12	961100	961336	168	1342	11.13	CHH
12	1049649	1049822	716	339	67.87	CHH
12	1548545	1548692	35	9	79.55	CHG
12	1548545	1548692	245	259	48.61	CHH
12	1801896	1802216	68	38	64.15	CG
12	1801896	1802216	60	88	40.54	CHG
12	1801896	1802216	127	1122	10.17	CHH
12	1816647	1816809	43	3	93.48	CG
12	1816647	1816809	499	245	67.07	CHH
12	2466366	2466538	50	4	92.59	CHG
12	2466366	2466538	580	461	55.72	CHH
12	5021892	5024116	563	16	97.24	CG
12	5021892	5024116	1507	471	76.19	CHG
12	5021892	5024116	497	8208	5.71	CHH
12	5024498	5027592	839	34	96.11	CG
12	5024498	5027592	1457	819	64.02	CHG
12	5024498	5027592	715	11820	5.70	CHH
12	7849278	7849532	220	9	96.07	CG
12	7849278	7849532	3	18	14.29	CHG
12	7849278	7849532	164	1056	13.44	CHH
12	10927998	10928435	17	3	85.00	CG
12	10927998	10928435	21	48	30.43	CHG
12	10927998	10928435	115	1450	7.35	CHH
12	11362213	11362441	38	3	92.68	CG
12	11362213	11362441	22	20	52.38	CHG
12	11362213	11362441	1057	462	69.59	CHH
12	12440435	12440631	196	254	43.56	CG
12	12440435	12440631	49	196	20.00	CHG
12	12440435	12440631	131	744	14.97	CHH
12	12966688	12966790	176	89	66.42	CHH
12	15202347	15202507	83	11	88.30	CG
12	15202347	15202507	23	20	53.49	CHG
12	15202347	15202507	134	685	16.36	CHH
12	17986589	17987047	178	10	94.68	CG
12	17986589	17987047	205	31	86.86	CHG
12	17986589	17987047	194	2029	8.73	CHH
12	18936325	18936741	425	11	97.48	CG
12	18936325	18936741	67	31	68.37	CHG
12	18936325	18936741	490	967	33.63	CHH
12	19120680	19120950	32	23	58.18	CG
12	19120680	19120950	17	17	50.00	CHG
12	19120680	19120950	245	936	20.75	CHH
12	19156150	19156313	31	0	100.00	CG
12	19156150	19156313	81	8	91.01	CHG
12	19156150	19156313	516	193	72.78	CHH
12	21483416	21483688	113	4	96.58	CG
12	21483416	21483688	192	45	81.01	CHG
12	21483416	21483688	408	1128	26.56	CHH
12	21831911	21832012	89	371	19.35	CHH
12	22451242	22451490	14	15	48.28	CHG
12	22451242	22451490	926	485	65.63	CHH
12	22462835	22463098	1	163	0.61	CG
12	22462835	22463098	37	213	14.80	CHG
12	22462835	22463098	582	951	37.96	CHH
12	22503691	22503984	148	6	96.10	CG
12	22503691	22503984	97	26	78.86	CHG
12	22503691	22503984	726	616	54.10	CHH
12	23090136	23090406	36	0	100.00	CG
12	23090136	23090406	648	504	56.25	CHH
12	23253874	23254115	74	2	97.37	CG
12	23253874	23254115	19	18	51.35	CHG
12	23253874	23254115	558	553	50.23	CHH
12	23419385	23419484	20	2	90.91	CG
12	23419385	23419484	38	254	13.01	CHH
12	23569460	23569549	64	11	85.33	CG
12	23569460	23569549	19	8	70.37	CHG
12	23569460	23569549	41	319	11.39	CHH
12	24432087	24432276	122	467	20.71	CHH
12	25119408	25119711	272	14	95.10	CG
12	25119408	25119711	159	155	50.64	CHG
12	25119408	25119711	212	1367	13.43	CHH
12	25285613	25285813	33	2	94.29	CG
12	25285613	25285813	630	489	56.30	CHH
12	25690213	25690552	122	104	53.98	CG
12	25690213	25690552	20	102	16.39	CHG
12	25690213	25690552	97	1067	8.33	CHH
12	26052913	26053003	7	128	5.19	CHG
12	26052913	26053003	19	384	4.71	CHH
