1	2522874	2523845	1113	46	96.03	CG
1	2522874	2523845	441	170	72.18	CHG
1	2522874	2523845	186	2912	6.00	CHH
1	2555530	2559489	5341	160	97.09	CG
1	2555530	2559489	3874	786	83.13	CHG
1	2555530	2559489	1010	15248	6.21	CHH
1	9039676	9042883	1693	51	97.08	CG
1	9039676	9042883	1730	114	93.82	CHG
1	9039676	9042883	863	11792	6.82	CHH
1	9436233	9436871	229	856	21.11	CG
1	9436233	9436871	138	1042	11.69	CHG
1	9436233	9436871	23	1986	1.14	CHH
1	9436980	9439656	2749	105	96.32	CG
1	9436980	9439656	2007	371	84.40	CHG
1	9436980	9439656	912	9842	8.48	CHH
1	10925172	10926364	1059	65	94.22	CG
1	10925172	10926364	617	576	51.72	CHG
1	10925172	10926364	67	4414	1.50	CHH
1	11189866	11190945	434	39	91.75	CG
1	11189866	11190945	523	375	58.24	CHG
1	11189866	11190945	197	3851	4.87	CHH
1	11197263	11198365	1004	23	97.76	CG
1	11197263	11198365	1016	117	89.67	CHG
1	11197263	11198365	615	4341	12.41	CHH
1	11198486	11199929	1911	118	94.18	CG
1	11198486	11199929	1101	587	65.23	CHG
1	11198486	11199929	308	6171	4.75	CHH
1	11360960	11365572	2061	3833	34.97	CG
1	11360960	11365572	879	4004	18.00	CHG
1	11360960	11365572	286	18399	1.53	CHH
1	11470807	11475439	3071	229	93.06	CG
1	11470807	11475439	2344	1980	54.21	CHG
1	11470807	11475439	345	18801	1.80	CHH
1	12142608	12144844	1363	359	79.15	CG
1	12142608	12144844	685	1139	37.55	CHG
1	12142608	12144844	112	7369	1.50	CHH
1	14333116	14335930	2831	403	87.54	CG
1	14333116	14335930	1219	808	60.14	CHG
1	14333116	14335930	326	10085	3.13	CHH
1	14336094	14337863	1147	65	94.64	CG
1	14336094	14337863	743	617	54.63	CHG
1	14336094	14337863	167	5687	2.85	CHH
1	14337928	14339960	1559	225	87.39	CG
1	14337928	14339960	649	431	60.09	CHG
1	14337928	14339960	166	6442	2.51	CHH
1	14959930	14960645	795	155	83.68	CG
1	14959930	14960645	128	538	19.22	CHG
1	14959930	14960645	40	2457	1.60	CHH
1	14961862	14963386	774	725	51.63	CG
1	14961862	14963386	248	1224	16.85	CHG
1	14961862	14963386	64	5331	1.19	CHH
1	20810206	20811074	171	519	24.78	CG
1	20810206	20811074	58	827	6.55	CHG
1	20810206	20811074	74	3005	2.40	CHH
1	20811098	20811489	143	80	64.13	CG
1	20811098	20811489	18	327	5.22	CHG
1	20811098	20811489	11	1960	0.56	CHH
1	25253636	25254054	173	293	37.12	CG
1	25253636	25254054	116	223	34.22	CHG
1	25253636	25254054	20	2022	0.98	CHH
1	25311949	25313299	910	554	62.16	CG
1	25311949	25313299	375	490	43.35	CHG
1	25311949	25313299	260	4432	5.54	CHH
1	28200381	28203326	1357	73	94.90	CG
1	28200381	28203326	830	537	60.72	CHG
1	28200381	28203326	340	9141	3.59	CHH
1	28203588	28206337	1221	46	96.37	CG
1	28203588	28206337	1312	624	67.77	CHG
1	28203588	28206337	281	9918	2.76	CHH
1	28212221	28215906	2870	104	96.50	CG
1	28212221	28215906	1561	442	77.93	CHG
1	28212221	28215906	635	15578	3.92	CHH
1	29053362	29056648	1477	2376	38.33	CG
1	29053362	29056648	472	3660	11.42	CHG
1	29053362	29056648	186	14375	1.28	CHH
1	30809134	30810708	808	74	91.61	CG
1	30809134	30810708	270	185	59.34	CHG
1	30809134	30810708	105	4387	2.34	CHH
1	30810807	30811279	325	128	71.74	CG
1	30810807	30811279	54	340	13.71	CHG
1	30810807	30811279	26	2557	1.01	CHH
1	39322772	39323918	775	156	83.24	CG
1	39322772	39323918	249	326	43.30	CHG
1	39322772	39323918	58	3554	1.61	CHH
2	5902991	5906606	1713	135	92.69	CG
2	5902991	5906606	1716	1593	51.86	CHG
2	5902991	5906606	336	13720	2.39	CHH
2	6795753	6796945	237	832	22.17	CG
2	6795753	6796945	215	1455	12.87	CHG
2	6795753	6796945	389	4223	8.43	CHH
2	6797357	6798332	546	241	69.38	CG
2	6797357	6798332	120	667	15.25	CHG
2	6797357	6798332	58	3414	1.67	CHH
2	7605632	7607483	596	33	94.75	CG
2	7605632	7607483	514	140	78.59	CHG
2	7605632	7607483	220	7266	2.94	CHH
2	7607588	7609075	643	499	56.30	CG
2	7607588	7609075	156	590	20.91	CHG
2	7607588	7609075	59	5667	1.03	CHH
2	8343843	8345084	777	23	97.12	CG
2	8343843	8345084	654	86	88.38	CHG
2	8343843	8345084	261	4781	5.18	CHH
2	8345254	8345972	404	12	97.12	CG
2	8345254	8345972	351	104	77.14	CHG
2	8345254	8345972	124	2755	4.31	CHH
2	13582835	13586359	1841	112	94.27	CG
2	13582835	13586359	2114	566	78.88	CHG
2	13582835	13586359	472	11900	3.82	CHH
2	19468985	19471775	2750	2386	53.54	CG
2	19468985	19471775	378	3056	11.01	CHG
2	19468985	19471775	129	13150	0.97	CHH
2	34952932	34953515	806	63	92.75	CG
2	34952932	34953515	349	233	59.97	CHG
2	34952932	34953515	56	3385	1.63	CHH
3	12710232	12710825	924	33	96.55	CG
3	12710232	12710825	189	331	36.35	CHG
3	12710232	12710825	85	3710	2.24	CHH
3	15612855	15613394	233	83	73.73	CG
3	15612855	15613394	95	513	15.62	CHG
3	15612855	15613394	25	2190	1.13	CHH
3	16165130	16166316	487	58	89.36	CG
3	16165130	16166316	259	365	41.51	CHG
3	16165130	16166316	102	3278	3.02	CHH
3	16790757	16792301	1433	488	74.60	CG
3	16790757	16792301	699	576	54.82	CHG
3	16790757	16792301	338	5678	5.62	CHH
3	20791633	20793625	1483	438	77.20	CG
3	20791633	20793625	565	1585	26.28	CHG
3	20791633	20793625	96	8679	1.09	CHH
3	22406159	22410666	2044	583	77.81	CG
3	22406159	22410666	2516	1131	68.99	CHG
3	22406159	22410666	472	17547	2.62	CHH
3	24566821	24572140	3314	135	96.09	CG
3	24566821	24572140	3515	533	86.83	CHG
3	24566821	24572140	955	18614	4.88	CHH
3	24572855	24573143	191	2	98.96	CG
3	24572855	24573143	168	57	74.67	CHG
3	24572855	24573143	52	1192	4.18	CHH
3	24601239	24602425	912	24	97.44	CG
3	24601239	24602425	836	284	74.64	CHG
3	24601239	24602425	258	4553	5.36	CHH
3	24602550	24603653	680	18	97.42	CG
3	24602550	24603653	564	107	84.05	CHG
3	24602550	24603653	229	4936	4.43	CHH
3	24603786	24605086	1063	67	94.07	CG
3	24603786	24605086	895	401	69.06	CHG
3	24603786	24605086	173	5399	3.10	CHH
3	24605202	24605537	131	3	97.76	CG
3	24605202	24605537	44	35	55.70	CHG
3	24605202	24605537	13	850	1.51	CHH
3	26123604	26125619	2262	81	96.54	CG
3	26123604	26125619	1679	226	88.14	CHG
3	26123604	26125619	487	9471	4.89	CHH
3	27619055	27619377	91	26	77.78	CG
3	27619055	27619377	35	119	22.73	CHG
3	27619055	27619377	18	1138	1.56	CHH
3	27619514	27621480	1048	1416	42.53	CG
3	27619514	27621480	88	1776	4.72	CHG
3	27619514	27621480	112	7948	1.39	CHH
3	28510857	28511647	819	58	93.39	CG
3	28510857	28511647	557	145	79.34	CHG
3	28510857	28511647	360	3651	8.98	CHH
3	29750151	29753862	2881	73	97.53	CG
3	29750151	29753862	1593	122	92.89	CHG
3	29750151	29753862	1041	13434	7.19	CHH
4	19682492	19683811	419	152	73.38	CG
4	19682492	19683811	82	270	23.30	CHG
4	19682492	19683811	31	3427	0.90	CHH
4	20353569	20355893	1262	3668	25.60	CG
4	20353569	20355893	646	1928	25.10	CHG
4	20353569	20355893	346	9570	3.49	CHH
4	35050583	35053502	2473	727	77.28	CG
4	35050583	35053502	886	1055	45.65	CHG
4	35050583	35053502	427	11862	3.47	CHH
5	1134973	1135617	168	254	39.81	CG
5	1134973	1135617	48	733	6.15	CHG
5	1134973	1135617	15	1791	0.83	CHH
5	1135839	1136509	87	518	14.38	CG
5	1135839	1136509	35	754	4.44	CHG
5	1135839	1136509	8	2217	0.36	CHH
5	1681242	1683572	1592	398	80.00	CG
5	1681242	1683572	1126	1008	52.76	CHG
5	1681242	1683572	558	8318	6.29	CHH
5	4826765	4827938	422	12	97.24	CG
5	4826765	4827938	394	147	72.83	CHG
5	4826765	4827938	122	4148	2.86	CHH
5	4828077	4828939	246	936	20.81	CG
5	4828077	4828939	55	1168	4.50	CHG
5	4828077	4828939	26	5472	0.47	CHH
5	4829016	4830108	878	26	97.12	CG
5	4829016	4830108	285	198	59.01	CHG
5	4829016	4830108	66	2897	2.23	CHH
5	4830234	4831171	182	462	28.26	CG
5	4830234	4831171	40	553	6.75	CHG
5	4830234	4831171	33	4010	0.82	CHH
5	10917777	10919484	1333	109	92.44	CG
5	10917777	10919484	1067	763	58.31	CHG
5	10917777	10919484	159	8326	1.87	CHH
5	10920452	10921894	1256	502	71.44	CG
5	10920452	10921894	368	1349	21.43	CHG
5	10920452	10921894	66	6530	1.00	CHH
5	11242593	11245041	1322	375	77.90	CG
5	11242593	11245041	1452	1057	57.87	CHG
5	11242593	11245041	329	11749	2.72	CHH
5	16055530	16057857	1262	517	70.94	CG
5	16055530	16057857	154	1515	9.23	CHG
5	16055530	16057857	103	9502	1.07	CHH
5	25352498	25357219	2061	730	73.84	CG
5	25352498	25357219	1102	2657	29.32	CHG
5	25352498	25357219	269	17525	1.51	CHH
5	26872353	26874199	700	757	48.04	CG
5	26872353	26874199	368	814	31.13	CHG
5	26872353	26874199	108	6902	1.54	CHH
6	6078050	6080866	1801	82	95.65	CG
6	6078050	6080866	1514	1166	56.49	CHG
6	6078050	6080866	188	10439	1.77	CHH
6	7380338	7382317	685	2763	19.87	CG
6	7380338	7382317	187	2632	6.63	CHG
6	7380338	7382317	72	8022	0.89	CHH
6	7535832	7537646	280	913	23.47	CG
6	7535832	7537646	42	1354	3.01	CHG
6	7535832	7537646	86	7117	1.19	CHH
6	7537740	7538960	1436	51	96.57	CG
6	7537740	7538960	608	509	54.43	CHG
6	7537740	7538960	166	6141	2.63	CHH
6	11302246	11304945	2052	157	92.89	CG
6	11302246	11304945	1371	854	61.62	CHG
6	11302246	11304945	393	11043	3.44	CHH
6	13427986	13432645	2831	155	94.81	CG
6	13427986	13432645	2602	866	75.03	CHG
6	13427986	13432645	539	15753	3.31	CHH
6	17321399	17322324	146	92	61.34	CG
6	17321399	17322324	64	306	17.30	CHG
6	17321399	17322324	22	2239	0.97	CHH
6	18069876	18071348	825	41	95.27	CG
6	18069876	18071348	423	374	53.07	CHG
6	18069876	18071348	108	4799	2.20	CHH
6	19711136	19712026	105	917	10.27	CG
6	19711136	19712026	35	708	4.71	CHG
6	19711136	19712026	20	3520	0.56	CHH
6	27799534	27800454	113	229	33.04	CG
6	27799534	27800454	39	406	8.76	CHG
6	27799534	27800454	39	3079	1.25	CHH
6	27801639	27803910	1965	446	81.50	CG
6	27801639	27803910	693	865	44.48	CHG
6	27801639	27803910	260	5874	4.24	CHH
6	27804002	27806413	1655	62	96.39	CG
6	27804002	27806413	1089	770	58.58	CHG
6	27804002	27806413	189	8130	2.27	CHH
6	27807200	27809097	541	946	36.38	CG
6	27807200	27809097	551	1666	24.85	CHG
6	27807200	27809097	130	6662	1.91	CHH
6	28518022	28518632	264	150	63.77	CG
6	28518022	28518632	145	584	19.89	CHG
6	28518022	28518632	80	3385	2.31	CHH
6	29376932	29380306	2967	118	96.18	CG
6	29376932	29380306	2083	718	74.37	CHG
6	29376932	29380306	646	11260	5.43	CHH
7	998684	999693	312	206	60.23	CG
7	998684	999693	188	576	24.61	CHG
7	998684	999693	35	3714	0.93	CHH
7	4348717	4353078	3229	119	96.45	CG
7	4348717	4353078	2203	711	75.60	CHG
7	4348717	4353078	613	13915	4.22	CHH
7	4372878	4376312	1269	135	90.38	CG
7	4372878	4376312	763	950	44.54	CHG
7	4372878	4376312	192	11082	1.70	CHH
7	8295268	8297360	640	21	96.82	CG
7	8295268	8297360	856	182	82.47	CHG
7	8295268	8297360	214	5800	3.56	CHH
7	8297456	8298242	255	15	94.44	CG
7	8297456	8298242	314	141	69.01	CHG
7	8297456	8298242	76	2464	2.99	CHH
7	15712666	15714876	1623	1382	54.01	CG
7	15712666	15714876	565	1302	30.26	CHG
7	15712666	15714876	218	7380	2.87	CHH
7	15714975	15716282	721	147	83.06	CG
7	15714975	15716282	202	1167	14.76	CHG
7	15714975	15716282	59	4664	1.25	CHH
7	15716649	15718051	886	786	52.99	CG
7	15716649	15718051	507	708	41.73	CHG
7	15716649	15718051	131	5410	2.36	CHH
7	15987635	15990381	898	222	80.18	CG
7	15987635	15990381	379	1222	23.67	CHG
7	15987635	15990381	79	9507	0.82	CHH
7	20001702	20003835	1853	286	86.63	CG
7	20001702	20003835	1174	654	64.22	CHG
7	20001702	20003835	167	7704	2.12	CHH
7	20003935	20004681	429	585	42.31	CG
7	20003935	20004681	75	851	8.10	CHG
7	20003935	20004681	22	3158	0.69	CHH
7	22460398	22460784	4	727	0.55	CG
7	22460398	22460784	4	442	0.90	CHG
7	22460398	22460784	7	1424	0.49	CHH
8	5778017	5780215	923	774	54.39	CG
8	5778017	5780215	114	1340	7.84	CHG
8	5778017	5780215	85	7115	1.18	CHH
8	7765923	7767569	808	56	93.52	CG
8	7765923	7767569	833	1243	40.13	CHG
8	7765923	7767569	84	7141	1.16	CHH
8	7767694	7769902	1080	49	95.66	CG
8	7767694	7769902	756	591	56.12	CHG
8	7767694	7769902	173	8291	2.04	CHH
8	7990731	7992320	1062	314	77.18	CG
8	7990731	7992320	482	359	57.31	CHG
8	7990731	7992320	277	4941	5.31	CHH
8	9447347	9448071	240	1179	16.91	CG
8	9447347	9448071	68	1062	6.02	CHG
8	9447347	9448071	35	3954	0.88	CHH
8	10491753	10499575	8388	952	89.81	CG
8	10491753	10499575	4909	2451	66.70	CHG
8	10491753	10499575	1265	30470	3.99	CHH
8	15455254	15462092	4844	215	95.75	CG
8	15455254	15462092	3433	755	81.97	CHG
8	15455254	15462092	1125	23838	4.51	CHH
8	16976241	16978812	882	41	95.56	CG
8	16976241	16978812	1631	629	72.17	CHG
8	16976241	16978812	339	11739	2.81	CHH
8	20980680	20981047	2	283	0.70	CG
8	20980680	20981047	2	293	0.68	CHG
8	20980680	20981047	1	752	0.13	CHH
8	21691415	21692643	531	13	97.61	CG
8	21691415	21692643	392	51	88.49	CHG
8	21691415	21692643	327	3070	9.63	CHH
8	21692742	21695254	1738	227	88.45	CG
8	21692742	21695254	1713	706	70.81	CHG
8	21692742	21695254	571	11115	4.89	CHH
8	27145493	27147151	419	391	51.73	CG
8	27145493	27147151	70	512	12.03	CHG
8	27145493	27147151	70	6350	1.09	CHH
9	12621913	12622831	318	569	35.85	CG
9	12621913	12622831	44	422	9.44	CHG
9	12621913	12622831	49	3263	1.48	CHH
9	12622904	12623419	135	596	18.47	CG
9	12622904	12623419	20	414	4.61	CHG
9	12622904	12623419	71	1736	3.93	CHH
9	15228205	15229508	622	307	66.95	CG
9	15228205	15229508	566	468	54.74	CHG
9	15228205	15229508	217	4462	4.64	CHH
9	16723080	16726848	2357	117	95.27	CG
9	16723080	16726848	1101	995	52.53	CHG
9	16723080	16726848	211	13330	1.56	CHH
10	403342	404217	596	99	85.76	CG
10	403342	404217	84	784	9.68	CHG
10	403342	404217	21	2696	0.77	CHH
10	707135	707747	456	167	73.19	CG
10	707135	707747	44	751	5.53	CHG
10	707135	707747	7	1854	0.38	CHH
10	708160	710157	2221	108	95.36	CG
10	708160	710157	920	847	52.07	CHG
10	708160	710157	199	6442	3.00	CHH
10	5928508	5929269	476	26	94.82	CG
10	5928508	5929269	401	272	59.58	CHG
10	5928508	5929269	38	2792	1.34	CHH
10	5929420	5932408	3130	167	94.93	CG
10	5929420	5932408	530	3637	12.72	CHG
10	5929420	5932408	141	12710	1.10	CHH
10	5932682	5933500	138	767	15.25	CG
10	5932682	5933500	10	662	1.49	CHG
10	5932682	5933500	78	3125	2.44	CHH
10	5933589	5934240	199	902	18.07	CG
10	5933589	5934240	45	1031	4.18	CHG
10	5933589	5934240	71	2453	2.81	CHH
10	15986962	15991252	3243	151	95.55	CG
10	15986962	15991252	1748	1414	55.28	CHG
10	15986962	15991252	685	15622	4.20	CHH
10	16004291	16005179	103	1785	5.46	CG
10	16004291	16005179	48	1154	3.99	CHG
10	16004291	16005179	47	2862	1.62	CHH
10	16006405	16007058	71	889	7.40	CG
10	16006405	16007058	42	775	5.14	CHG
10	16006405	16007058	43	2067	2.04	CHH
10	20777395	20778645	817	26	96.92	CG
10	20777395	20778645	622	251	71.25	CHG
10	20777395	20778645	217	4000	5.15	CHH
11	2541477	2543903	147	954	13.35	CG
11	2541477	2543903	70	3379	2.03	CHG
11	2541477	2543903	154	12263	1.24	CHH
11	3230260	3231735	1219	81	93.77	CG
11	3230260	3231735	216	919	19.03	CHG
11	3230260	3231735	61	4700	1.28	CHH
11	3231885	3232407	61	163	27.23	CG
11	3231885	3232407	4	200	1.96	CHG
11	3231885	3232407	21	760	2.69	CHH
11	7333461	7334651	416	722	36.56	CG
11	7333461	7334651	194	754	20.46	CHG
11	7333461	7334651	51	2928	1.71	CHH
11	7731058	7734524	1165	115	91.02	CG
11	7731058	7734524	1093	809	57.47	CHG
11	7731058	7734524	355	12682	2.72	CHH
11	7734625	7735554	350	13	96.42	CG
11	7734625	7735554	151	192	44.02	CHG
11	7734625	7735554	69	3210	2.10	CHH
11	7740136	7741715	1263	72	94.61	CG
11	7740136	7741715	820	418	66.24	CHG
11	7740136	7741715	159	5197	2.97	CHH
11	7741937	7742453	308	264	53.85	CG
11	7741937	7742453	50	488	9.29	CHG
11	7741937	7742453	18	1476	1.20	CHH
11	16330924	16332019	343	289	54.27	CG
11	16330924	16332019	197	1040	15.93	CHG
11	16330924	16332019	235	4483	4.98	CHH
11	16332352	16336726	3189	956	76.94	CG
11	16332352	16336726	738	3571	17.13	CHG
11	16332352	16336726	145	18553	0.78	CHH
11	19254506	19255920	829	632	56.74	CG
11	19254506	19255920	327	779	29.57	CHG
11	19254506	19255920	180	4009	4.30	CHH
11	20707200	20708263	304	123	71.19	CG
11	20707200	20708263	215	525	29.05	CHG
11	20707200	20708263	60	2835	2.07	CHH
11	24387298	24390013	1412	618	69.56	CG
11	24387298	24390013	539	3661	12.83	CHG
11	24387298	24390013	145	15856	0.91	CHH
11	24390912	24392970	575	34	94.42	CG
11	24390912	24392970	543	1461	27.10	CHG
11	24390912	24392970	68	8000	0.84	CHH
11	24393231	24394638	952	72	92.97	CG
11	24393231	24394638	557	515	51.96	CHG
11	24393231	24394638	128	3850	3.22	CHH
11	27017498	27019274	755	106	87.69	CG
11	27017498	27019274	19	1628	1.15	CHG
11	27017498	27019274	28	6658	0.42	CHH
12	4729330	4730513	647	18	97.29	CG
12	4729330	4730513	359	230	60.95	CHG
12	4729330	4730513	171	5367	3.09	CHH
12	4730781	4736244	2519	142	94.66	CG
12	4730781	4736244	1997	1448	57.97	CHG
12	4730781	4736244	405	22557	1.76	CHH
12	4736420	4737295	607	53	91.97	CG
12	4736420	4737295	238	367	39.34	CHG
12	4736420	4737295	46	2463	1.83	CHH
12	4899872	4901766	1398	50	96.55	CG
12	4899872	4901766	764	668	53.35	CHG
12	4899872	4901766	99	5958	1.63	CHH
12	4912416	4913853	2631	139	94.98	CG
12	4912416	4913853	956	1502	38.89	CHG
12	4912416	4913853	130	8581	1.49	CHH
12	4913948	4915922	709	109	86.67	CG
12	4913948	4915922	850	1010	45.70	CHG
12	4913948	4915922	90	8430	1.06	CHH
12	17500154	17503828	1249	1503	45.39	CG
12	17500154	17503828	961	2072	31.68	CHG
12	17500154	17503828	317	15770	1.97	CHH
12	17984443	17985623	124	567	17.95	CG
12	17984443	17985623	146	658	18.16	CHG
12	17984443	17985623	15	3395	0.44	CHH
12	17985763	17986319	268	6	97.81	CG
12	17985763	17986319	92	17	84.40	CHG
12	17985763	17986319	34	1344	2.47	CHH
12	18392209	18392790	101	220	31.46	CG
12	18392209	18392790	32	342	8.56	CHG
12	18392209	18392790	36	1937	1.82	CHH
12	18393154	18394277	275	255	51.89	CG
12	18393154	18394277	62	367	14.45	CHG
12	18393154	18394277	26	3338	0.77	CHH
12	18395685	18396921	169	1758	8.77	CG
12	18395685	18396921	25	1949	1.27	CHG
12	18395685	18396921	37	6016	0.61	CHH
12	24728410	24730458	905	1145	44.15	CG
12	24728410	24730458	426	2444	14.84	CHG
12	24728410	24730458	163	6830	2.33	CHH
12	24730552	24734596	2886	565	83.63	CG
12	24730552	24734596	2166	1683	56.27	CHG
12	24730552	24734596	514	12896	3.83	CHH
