1	301401	301650	106	11	90.60	CG
1	301401	301650	48	21	69.57	CHG
1	301401	301650	920	356	72.10	CHH
1	751422	751630	210	10	95.45	CG
1	751422	751630	27	17	61.36	CHG
1	751422	751630	321	691	31.72	CHH
1	831964	832562	469	17	96.50	CG
1	831964	832562	473	53	89.92	CHG
1	831964	832562	1020	908	52.90	CHH
1	1349307	1349537	21	3	87.50	CHG
1	1349307	1349537	420	450	48.28	CHH
1	1377440	1378052	86	2	97.73	CG
1	1377440	1378052	98	17	85.22	CHG
1	1377440	1378052	1213	982	55.26	CHH
1	1788440	1788928	289	11	96.33	CG
1	1788440	1788928	18	24	42.86	CHG
1	1788440	1788928	898	1202	42.76	CHH
1	1789091	1789350	67	1	98.53	CG
1	1789091	1789350	80	8	90.91	CHG
1	1789091	1789350	1073	537	66.65	CHH
1	2238174	2238281	28	0	100.00	CG
1	2238174	2238281	23	4	85.19	CHG
1	2238174	2238281	303	271	52.79	CHH
1	2260684	2260758	265	100	72.60	CHH
1	4981767	4981906	359	61	85.48	CHH
1	7687746	7687909	21	6	77.78	CG
1	7687746	7687909	3	3	50.00	CHG
1	7687746	7687909	211	271	43.78	CHH
1	8431744	8431928	16	1	94.12	CG
1	8431744	8431928	298	153	66.08	CHH
1	9585903	9586147	76	18	80.85	CHG
1	9585903	9586147	766	301	71.79	CHH
1	9767360	9767454	31	1	96.88	CG
1	9767360	9767454	30	3	90.91	CHG
1	9767360	9767454	292	191	60.46	CHH
1	10432345	10432562	203	447	31.23	CG
1	10432345	10432562	76	252	23.17	CHG
1	10432345	10432562	244	406	37.54	CHH
1	10834154	10834494	31	5	86.11	CHG
1	10834154	10834494	943	719	56.74	CHH
1	10926897	10927718	589	44	93.05	CG
1	10926897	10927718	536	119	81.83	CHG
1	10926897	10927718	382	1338	22.21	CHH
1	11189069	11189507	339	183	64.94	CG
1	11189069	11189507	155	135	53.45	CHG
1	11189069	11189507	780	1381	36.09	CHH
1	11191256	11191497	241	11	95.63	CG
1	11191256	11191497	88	28	75.86	CHG
1	11191256	11191497	156	199	43.94	CHH
1	11796108	11796316	77	9	89.53	CG
1	11796108	11796316	97	87	52.72	CHG
1	11796108	11796316	339	410	45.26	CHH
1	11928347	11928520	277	691	28.62	CHH
1	11940126	11940209	229	154	59.79	CHH
1	12597813	12598048	763	290	72.46	CHH
1	14322168	14322402	67	1	98.53	CG
1	14322168	14322402	33	1	97.06	CHG
1	14322168	14322402	320	244	56.74	CHH
1	14347206	14347429	15	10	60.00	CG
1	14347206	14347429	87	99	46.77	CHG
1	14347206	14347429	333	474	41.26	CHH
1	14358588	14358799	65	4	94.20	CG
1	14358588	14358799	67	8	89.33	CHG
1	14358588	14358799	631	259	70.90	CHH
1	16709412	16710638	1212	26	97.90	CG
1	16709412	16710638	737	154	82.72	CHG
1	16709412	16710638	1996	1948	50.61	CHH
1	17043053	17043218	227	5	97.84	CG
1	17043053	17043218	79	6	92.94	CHG
1	17043053	17043218	369	196	65.31	CHH
1	18600195	18600325	42	0	100.00	CG
1	18600195	18600325	10	4	71.43	CHG
1	18600195	18600325	127	280	31.20	CHH
1	18600619	18600880	69	2	97.18	CG
1	18600619	18600880	25	0	100.00	CHG
1	18600619	18600880	489	945	34.10	CHH
1	18984904	18985083	23	1	95.83	CG
1	18984904	18985083	29	12	70.73	CHG
1	18984904	18985083	235	294	44.42	CHH
1	23765099	23765215	9	143	5.92	CG
1	23765099	23765215	30	89	25.21	CHG
1	23765099	23765215	100	359	21.79	CHH
1	24162719	24162945	826	339	70.90	CHH
1	26098395	26098876	57	3	95.00	CG
1	26098395	26098876	88	6	93.62	CHG
1	26098395	26098876	782	689	53.16	CHH
1	26638981	26639111	33	0	100.00	CG
1	26638981	26639111	50	9	84.75	CHG
1	26638981	26639111	195	219	47.10	CHH
1	27335823	27335919	68	8	89.47	CG
1	27335823	27335919	27	16	62.79	CHG
1	27335823	27335919	157	225	41.10	CHH
1	27892634	27893201	110	8	93.22	CG
1	27892634	27893201	192	43	81.70	CHG
1	27892634	27893201	1033	1491	40.93	CHH
1	28104533	28104643	41	1	97.62	CG
1	28104533	28104643	481	203	70.32	CHH
1	28181036	28181173	33	0	100.00	CG
1	28181036	28181173	27	41	39.71	CHG
1	28181036	28181173	167	293	36.30	CHH
1	28494153	28494502	28	1	96.55	CG
1	28494153	28494502	52	5	91.23	CHG
1	28494153	28494502	1173	399	74.62	CHH
1	30431887	30432457	292	6	97.99	CG
1	30431887	30432457	64	30	68.09	CHG
1	30431887	30432457	1474	820	64.25	CHH
1	31405810	31406074	58	1	98.31	CG
1	31405810	31406074	94	15	86.24	CHG
1	31405810	31406074	924	318	74.40	CHH
1	31589315	31589440	441	425	50.92	CHH
1	31867822	31868209	60	1	98.36	CG
1	31867822	31868209	1240	853	59.25	CHH
1	32128407	32128528	26	0	100.00	CG
1	32128407	32128528	297	234	55.93	CHH
1	32850978	32851159	81	3	96.43	CG
1	32850978	32851159	98	13	88.29	CHG
1	32850978	32851159	1055	259	80.29	CHH
1	33209708	33209844	35	1	97.22	CG
1	33209708	33209844	7	5	58.33	CHG
1	33209708	33209844	234	446	34.41	CHH
1	35537016	35537182	161	226	41.60	CHH
1	37056464	37056585	47	3	94.00	CHG
1	37056464	37056585	257	166	60.76	CHH
1	37328188	37328369	51	1	98.08	CG
1	37328188	37328369	24	1	96.00	CHG
1	37328188	37328369	628	156	80.10	CHH
1	38496092	38496280	117	6	95.12	CG
1	38496092	38496280	26	26	50.00	CHG
1	38496092	38496280	355	452	43.99	CHH
1	38517320	38517498	35	5	87.50	CG
1	38517320	38517498	46	6	88.46	CHG
1	38517320	38517498	492	229	68.24	CHH
1	38671419	38671601	77	1	98.72	CG
1	38671419	38671601	550	178	75.55	CHH
1	40300213	40300335	312	272	53.42	CHH
1	40395626	40395876	30	1	96.77	CG
1	40395626	40395876	699	470	59.79	CHH
1	40617610	40617749	138	160	46.31	CHG
1	40617610	40617749	252	282	47.19	CHH
1	40701980	40702243	27	0	100.00	CG
1	40701980	40702243	840	142	85.54	CHH
1	41145044	41145188	455	294	60.75	CHH
1	41155306	41155562	20	14	58.82	CHG
1	41155306	41155562	938	301	75.71	CHH
1	41890335	41890557	30	2	93.75	CG
1	41890335	41890557	191	45	80.93	CHG
1	41890335	41890557	530	341	60.85	CHH
1	42087976	42088125	443	538	45.16	CHH
1	42408453	42409215	667	14	97.94	CG
1	42408453	42409215	506	132	79.31	CHG
1	42408453	42409215	990	1442	40.71	CHH
2	109398	109590	207	4	98.10	CG
2	109398	109590	195	41	82.63	CHG
2	109398	109590	246	432	36.28	CHH
2	1869793	1870778	986	24	97.62	CG
2	1869793	1870778	835	146	85.12	CHG
2	1869793	1870778	1301	2169	37.49	CHH
2	2040558	2041143	405	12	97.12	CG
2	2040558	2041143	320	48	86.96	CHG
2	2040558	2041143	1126	1221	47.98	CHH
2	2375551	2375771	687	217	76.00	CHH
2	3701574	3702250	237	47	83.45	CG
2	3701574	3702250	137	297	31.57	CHG
2	3701574	3702250	965	2297	29.58	CHH
2	4194209	4194385	58	6	90.62	CHG
2	4194209	4194385	462	184	71.52	CHH
2	4474885	4475212	299	4	98.68	CG
2	4474885	4475212	145	29	83.33	CHG
2	4474885	4475212	997	605	62.23	CHH
2	4648186	4648420	74	3	96.10	CG
2	4648186	4648420	27	10	72.97	CHG
2	4648186	4648420	447	288	60.82	CHH
2	4947306	4947538	21	2	91.30	CG
2	4947306	4947538	530	315	62.72	CHH
2	5499042	5499299	309	13	95.96	CG
2	5499042	5499299	205	12	94.47	CHG
2	5499042	5499299	474	963	32.99	CHH
2	5521685	5521830	63	3	95.45	CHG
2	5521685	5521830	575	186	75.56	CHH
2	6545608	6545822	24	1	96.00	CG
2	6545608	6545822	622	424	59.46	CHH
2	6761735	6762038	29	1	96.67	CG
2	6761735	6762038	42	9	82.35	CHG
2	6761735	6762038	246	455	35.09	CHH
2	6762287	6762792	192	4	97.96	CG
2	6762287	6762792	163	60	73.09	CHG
2	6762287	6762792	564	1533	26.90	CHH
2	7605117	7605555	56	4	93.33	CG
2	7605117	7605555	52	3	94.55	CHG
2	7605117	7605555	428	958	30.88	CHH
2	7945618	7946024	40	2	95.24	CG
2	7945618	7946024	8	1	88.89	CHG
2	7945618	7946024	646	642	50.16	CHH
2	8190084	8190413	29	1	96.67	CHG
2	8190084	8190413	781	925	45.78	CHH
2	10791440	10791566	387	168	69.73	CHH
2	11873649	11873886	33	1	97.06	CG
2	11873649	11873886	505	436	53.67	CHH
2	12097817	12097953	68	2	97.14	CG
2	12097817	12097953	204	433	32.03	CHH
2	12299222	12299385	17	4	80.95	CHG
2	12299222	12299385	279	201	58.13	CHH
2	12333889	12333999	31	1	96.88	CG
2	12333889	12333999	17	6	73.91	CHG
2	12333889	12333999	167	143	53.87	CHH
2	12582950	12583307	100	6	94.34	CG
2	12582950	12583307	42	17	71.19	CHG
2	12582950	12583307	663	809	45.04	CHH
2	13872268	13872613	105	133	44.12	CG
2	13872268	13872613	60	303	16.53	CHG
2	13872268	13872613	483	1372	26.04	CHH
2	13948832	13949084	60	2	96.77	CHG
2	13948832	13949084	720	261	73.39	CHH
2	15589940	15590192	31	0	100.00	CG
2	15589940	15590192	197	65	75.19	CHG
2	15589940	15590192	521	173	75.07	CHH
2	17785746	17785984	88	3	96.70	CG
2	17785746	17785984	1347	250	84.35	CHH
2	19211404	19211621	57	2	96.61	CG
2	19211404	19211621	4	3	57.14	CHG
2	19211404	19211621	765	175	81.38	CHH
2	19443247	19443361	25	0	100.00	CG
2	19443247	19443361	5	7	41.67	CHG
2	19443247	19443361	48	54	47.06	CHH
2	19977858	19978135	175	7	96.15	CG
2	19977858	19978135	310	78	79.90	CHG
2	19977858	19978135	571	657	46.50	CHH
2	20745916	20746102	63	1	98.44	CG
2	20745916	20746102	35	7	83.33	CHG
2	20745916	20746102	570	257	68.92	CHH
2	22202087	22202425	406	19	95.53	CG
2	22202087	22202425	87	80	52.10	CHG
2	22202087	22202425	938	727	56.34	CHH
2	22399133	22399342	33	0	100.00	CG
2	22399133	22399342	274	183	59.96	CHH
2	23077446	23077593	666	263	71.69	CHH
2	23988341	23988565	24	6	80.00	CHG
2	23988341	23988565	686	483	58.68	CHH
2	24094388	24094772	33	1	97.06	CG
2	24094388	24094772	107	36	74.83	CHG
2	24094388	24094772	1035	554	65.14	CHH
2	24587774	24587906	57	1	98.28	CG
2	24587774	24587906	21	0	100.00	CHG
2	24587774	24587906	341	219	60.89	CHH
2	24968367	24968732	144	4	97.30	CG
2	24968367	24968732	137	34	80.12	CHG
2	24968367	24968732	456	900	33.63	CHH
2	25258399	25258520	501	259	65.92	CHH
2	25342968	25343092	20	3	86.96	CG
2	25342968	25343092	25	3	89.29	CHG
2	25342968	25343092	127	212	37.46	CHH
2	25971572	25971883	206	187	52.42	CHH
2	27849839	27850325	581	23	96.19	CG
2	27849839	27850325	165	87	65.48	CHG
2	27849839	27850325	760	962	44.13	CHH
2	27969163	27969436	76	2	97.44	CG
2	27969163	27969436	78	21	78.79	CHG
2	27969163	27969436	911	337	73.00	CHH
2	28230238	28230572	142	22	86.59	CHG
2	28230238	28230572	487	1035	32.00	CHH
2	28737277	28737416	475	218	68.54	CHH
2	28787543	28787788	88	1	98.88	CG
2	28787543	28787788	31	6	83.78	CHG
2	28787543	28787788	552	367	60.07	CHH
2	29123726	29123981	494	538	47.87	CHH
2	30949004	30949191	56	3	94.92	CG
2	30949004	30949191	27	7	79.41	CHG
2	30949004	30949191	539	320	62.75	CHH
2	31639383	31639502	26	2	92.86	CG
2	31639383	31639502	265	178	59.82	CHH
2	32251509	32251649	15	1	93.75	CHG
2	32251509	32251649	128	69	64.97	CHH
2	32687570	32687718	17	209	7.52	CG
2	32687570	32687718	21	185	10.19	CHG
2	32687570	32687718	96	403	19.24	CHH
2	32980551	32980821	657	277	70.34	CHH
2	33849781	33850113	65	53	55.08	CG
2	33849781	33850113	34	74	31.48	CHG
2	33849781	33850113	103	1030	9.09	CHH
2	33970498	33970631	27	93	22.50	CG
2	33970498	33970631	54	129	29.51	CHG
2	33970498	33970631	243	480	33.61	CHH
2	34234930	34235049	190	63	75.10	CHH
2	34582792	34582911	29	2	93.55	CHG
2	34582792	34582911	467	157	74.84	CHH
2	34952077	34952811	435	125	77.68	CG
2	34952077	34952811	223	185	54.66	CHG
2	34952077	34952811	570	1891	23.16	CHH
2	34955560	34955809	1345	308	81.37	CHH
3	811663	812098	510	19	96.41	CG
3	811663	812098	103	92	52.82	CHG
3	811663	812098	355	1281	21.70	CHH
3	881089	881240	242	13	94.90	CG
3	881089	881240	53	55	49.07	CHG
3	881089	881240	149	253	37.06	CHH
3	1354664	1354914	123	4	96.85	CG
3	1354664	1354914	162	27	85.71	CHG
3	1354664	1354914	643	340	65.41	CHH
3	2169030	2169371	451	12	97.41	CG
3	2169030	2169371	120	41	74.53	CHG
3	2169030	2169371	282	716	28.26	CHH
3	3169366	3169453	141	103	57.79	CHH
3	3832576	3832832	22	2	91.67	CG
3	3832576	3832832	46	6	88.46	CHG
3	3832576	3832832	761	274	73.53	CHH
3	6047207	6047392	46	0	100.00	CG
3	6047207	6047392	7	15	31.82	CHG
3	6047207	6047392	167	159	51.23	CHH
3	6570907	6571273	587	21	96.55	CG
3	6570907	6571273	133	39	77.33	CHG
3	6570907	6571273	705	1025	40.75	CHH
3	7246619	7246872	329	21	94.00	CG
3	7246619	7246872	84	22	79.25	CHG
3	7246619	7246872	227	418	35.19	CHH
3	8015940	8016118	233	293	44.30	CHH
3	8409618	8409743	7	125	5.30	CG
3	8409618	8409743	8	111	6.72	CHG
3	8409618	8409743	27	396	6.38	CHH
3	8629457	8629689	27	1	96.43	CG
3	8629457	8629689	26	1	96.30	CHG
3	8629457	8629689	729	141	83.79	CHH
3	8942617	8943063	247	18	93.21	CG
3	8942617	8943063	290	22	92.95	CHG
3	8942617	8943063	1065	1917	35.71	CHH
3	9319923	9320317	113	5	95.76	CG
3	9319923	9320317	23	4	85.19	CHG
3	9319923	9320317	613	375	62.04	CHH
3	11067334	11067625	22	0	100.00	CG
3	11067334	11067625	30	0	100.00	CHG
3	11067334	11067625	668	347	65.81	CHH
3	11642409	11642580	70	14	83.33	CHG
3	11642409	11642580	847	166	83.61	CHH
3	11857284	11857411	22	6	78.57	CHG
3	11857284	11857411	531	106	83.36	CHH
3	12675151	12675358	29	1	96.67	CG
3	12675151	12675358	4	5	44.44	CHG
3	12675151	12675358	469	426	52.40	CHH
3	13124743	13124928	45	3	93.75	CG
3	13124743	13124928	20	2	90.91	CHG
3	13124743	13124928	369	78	82.55	CHH
3	13748697	13748918	15	0	100.00	CHG
3	13748697	13748918	290	255	53.21	CHH
3	14057905	14058092	163	6	96.45	CG
3	14057905	14058092	41	21	66.13	CHG
3	14057905	14058092	246	475	34.12	CHH
3	14749193	14749460	60	1	98.36	CG
3	14749193	14749460	740	239	75.59	CHH
3	15103668	15103782	30	3	90.91	CHG
3	15103668	15103782	285	357	44.39	CHH
3	15113224	15113412	602	368	62.06	CHH
3	15134383	15134587	588	495	54.29	CHH
3	15613686	15613799	27	63	30.00	CG
3	15613686	15613799	31	63	32.98	CHG
3	15613686	15613799	179	225	44.31	CHH
3	16709783	16710100	288	11	96.32	CG
3	16709783	16710100	229	57	80.07	CHG
3	16709783	16710100	724	580	55.52	CHH
3	16776362	16776567	489	663	42.45	CHH
3	17308009	17308190	27	1	96.43	CG
3	17308009	17308190	23	1	95.83	CHG
3	17308009	17308190	293	369	44.26	CHH
3	17916587	17916910	111	10	91.74	CG
3	17916587	17916910	34	1	97.14	CHG
3	17916587	17916910	673	531	55.90	CHH
3	18637898	18638001	35	0	100.00	CG
3	18637898	18638001	97	109	47.09	CHH
3	20725201	20725339	33	2	94.29	CG
3	20725201	20725339	40	3	93.02	CHG
3	20725201	20725339	431	501	46.24	CHH
3	23359385	23359602	68	2	97.14	CG
3	23359385	23359602	11	8	57.89	CHG
3	23359385	23359602	735	472	60.89	CHH
3	24411908	24412466	53	238	18.21	CG
3	24411908	24412466	55	202	21.40	CHG
3	24411908	24412466	379	1548	19.67	CHH
3	24572450	24572571	41	257	13.76	CHH
3	24924369	24924505	64	0	100.00	CG
3	24924369	24924505	6	7	46.15	CHG
3	24924369	24924505	522	161	76.43	CHH
3	25320199	25320294	271	283	48.92	CHH
3	26123077	26123398	117	10	92.13	CG
3	26123077	26123398	190	86	68.84	CHG
3	26123077	26123398	306	762	28.65	CHH
3	26143599	26144289	140	280	33.33	CG
3	26143599	26144289	175	391	30.92	CHG
3	26143599	26144289	988	2052	32.50	CHH
3	26819731	26819992	26	2	92.86	CHG
3	26819731	26819992	635	411	60.71	CHH
3	27436719	27436866	22	0	100.00	CHG
3	27436719	27436866	136	241	36.07	CHH
3	27617928	27618015	38	58	39.58	CG
3	27617928	27618015	36	29	55.38	CHG
3	27617928	27618015	206	169	54.93	CHH
3	27618313	27618751	29	21	58.00	CG
3	27618313	27618751	42	101	29.37	CHG
3	27618313	27618751	125	510	19.69	CHH
3	27626160	27626452	157	54	74.41	CG
3	27626160	27626452	45	75	37.50	CHG
3	27626160	27626452	429	861	33.26	CHH
3	27785308	27785617	38	4	90.48	CG
3	27785308	27785617	1168	464	71.57	CHH
3	28228225	28228487	817	395	67.41	CHH
3	29591935	29592097	20	0	100.00	CG
3	29591935	29592097	2	0	100.00	CHG
3	29591935	29592097	158	52	75.24	CHH
3	29675163	29675476	24	1	96.00	CG
3	29675163	29675476	704	482	59.36	CHH
3	29885011	29885181	37	0	100.00	CG
3	29885011	29885181	35	5	87.50	CHG
3	29885011	29885181	178	120	59.73	CHH
3	30100210	30100463	27	1	96.43	CG
3	30100210	30100463	585	462	55.87	CHH
3	30420791	30420983	584	173	77.15	CHH
3	30830679	30830818	482	354	57.66	CHH
3	31089191	31090510	1530	54	96.59	CG
3	31089191	31090510	1010	188	84.31	CHG
3	31089191	31090510	1817	2812	39.25	CHH
3	31423977	31424278	543	178	75.31	CHH
3	31722863	31723138	1121	479	70.06	CHH
3	32006376	32006716	29	2	93.55	CHG
3	32006376	32006716	1065	560	65.54	CHH
3	32110687	32111197	394	12	97.04	CG
3	32110687	32111197	276	80	77.53	CHG
3	32110687	32111197	825	769	51.76	CHH
3	32173553	32173723	42	34	55.26	CHG
3	32173553	32173723	237	424	35.85	CHH
3	32182087	32182430	40	0	100.00	CG
3	32182087	32182430	15	25	37.50	CHG
3	32182087	32182430	736	503	59.40	CHH
3	33684752	33685642	765	28	96.47	CG
3	33684752	33685642	512	164	75.74	CHG
3	33684752	33685642	1320	3121	29.72	CHH
4	468669	468758	163	279	36.88	CHH
4	4915709	4916399	556	18	96.86	CG
4	4915709	4916399	264	57	82.24	CHG
4	4915709	4916399	777	1511	33.96	CHH
4	7381268	7381662	103	1	99.04	CG
4	7381268	7381662	153	17	90.00	CHG
4	7381268	7381662	576	957	37.57	CHH
4	7888722	7888904	49	2	96.08	CG
4	7888722	7888904	25	2	92.59	CHG
4	7888722	7888904	539	184	74.55	CHH
4	7955024	7955201	77	1	98.72	CG
4	7955024	7955201	32	4	88.89	CHG
4	7955024	7955201	587	288	67.09	CHH
4	15396846	15397090	199	10	95.22	CG
4	15396846	15397090	188	20	90.38	CHG
4	15396846	15397090	235	405	36.72	CHH
4	19683995	19684552	270	212	56.02	CG
4	19683995	19684552	221	371	37.33	CHG
4	19683995	19684552	662	1873	26.11	CHH
4	19744896	19745083	52	6	89.66	CG
4	19744896	19745083	393	541	42.08	CHH
4	20001003	20001260	52	6	89.66	CHG
4	20001003	20001260	806	247	76.54	CHH
4	20595423	20595521	20	1	95.24	CG
4	20595423	20595521	5	6	45.45	CHG
4	20595423	20595521	241	200	54.65	CHH
4	21627729	21627912	49	3	94.23	CG
4	21627729	21627912	34	2	94.44	CHG
4	21627729	21627912	571	193	74.74	CHH
4	21744228	21744373	52	6	89.66	CG
4	21744228	21744373	4	8	33.33	CHG
4	21744228	21744373	356	221	61.70	CHH
4	21934032	21934221	562	203	73.46	CHH
4	21962681	21962889	64	0	100.00	CG
4	21962681	21962889	37	14	72.55	CHG
4	21962681	21962889	218	366	37.33	CHH
4	22575513	22575843	903	574	61.14	CHH
4	24030042	24030690	228	5	97.85	CG
4	24030042	24030690	262	47	84.79	CHG
4	24030042	24030690	1015	2013	33.52	CHH
4	24127511	24127670	77	3	96.25	CG
4	24127511	24127670	36	0	100.00	CHG
4	24127511	24127670	700	267	72.39	CHH
4	25426804	25426964	19	14	57.58	CHG
4	25426804	25426964	452	490	47.98	CHH
4	25457672	25458128	639	25	96.23	CG
4	25457672	25458128	152	77	66.38	CHG
4	25457672	25458128	617	1280	32.53	CHH
4	25472006	25472224	11	12	47.83	CHG
4	25472006	25472224	167	352	32.18	CHH
4	25475165	25475574	99	1	99.00	CG
4	25475165	25475574	261	69	79.09	CHG
4	25475165	25475574	1508	497	75.21	CHH
4	26530153	26530244	183	128	58.84	CHH
4	27630370	27630458	227	229	49.78	CHH
4	27903713	27903888	420	422	49.88	CHH
4	27907257	27907388	20	0	100.00	CG
4	27907257	27907388	2	8	20.00	CHG
4	27907257	27907388	350	184	65.54	CHH
4	28531802	28532069	32	2	94.12	CG
4	28531802	28532069	11	4	73.33	CHG
4	28531802	28532069	870	455	65.66	CHH
4	28847972	28848187	13	2	86.67	CG
4	28847972	28848187	6	1	85.71	CHG
4	28847972	28848187	465	441	51.32	CHH
4	29191225	29191443	34	1	97.14	CG
4	29191225	29191443	72	22	76.60	CHG
4	29191225	29191443	317	326	49.30	CHH
4	30022367	30022520	63	5	92.65	CG
4	30022367	30022520	593	258	69.68	CHH
4	30176025	30176485	102	1	99.03	CG
4	30176025	30176485	14	36	28.00	CHG
4	30176025	30176485	864	756	53.33	CHH
4	32693175	32693646	328	15	95.63	CG
4	32693175	32693646	271	58	82.37	CHG
4	32693175	32693646	422	840	33.44	CHH
4	33655119	33655383	116	4	96.67	CG
4	33655119	33655383	381	932	29.02	CHH
4	33656481	33656726	292	4	98.65	CG
4	33656481	33656726	19	38	33.33	CHG
4	33656481	33656726	152	350	30.28	CHH
4	33881401	33881625	194	11	94.63	CG
4	33881401	33881625	173	60	74.25	CHG
4	33881401	33881625	326	396	45.15	CHH
4	35050130	35050413	10	125	7.41	CG
4	35050130	35050413	37	145	20.33	CHG
4	35050130	35050413	233	1011	18.73	CHH
5	490310	490462	160	7	95.81	CG
5	490310	490462	154	31	83.24	CHG
5	490310	490462	151	439	25.59	CHH
5	1679699	1679790	292	245	54.38	CHH
5	2851958	2852160	398	375	51.49	CHH
5	4894101	4894252	451	227	66.52	CHH
5	5433067	5433323	45	0	100.00	CG
5	5433067	5433323	53	12	81.54	CHG
5	5433067	5433323	608	226	72.90	CHH
5	5754539	5754748	19	6	76.00	CG
5	5754539	5754748	14	6	70.00	CHG
5	5754539	5754748	280	118	70.35	CHH
5	6765407	6765604	48	4	92.31	CG
5	6765407	6765604	41	35	53.95	CHG
5	6765407	6765604	153	346	30.66	CHH
5	6820542	6820679	32	1	96.97	CG
5	6820542	6820679	9	10	47.37	CHG
5	6820542	6820679	344	415	45.32	CHH
5	7418842	7418942	87	46	65.41	CHH
5	7972537	7972780	25	4	86.21	CG
5	7972537	7972780	19	5	79.17	CHG
5	7972537	7972780	595	408	59.32	CHH
5	10755227	10755310	52	1	98.11	CG
5	10755227	10755310	126	106	54.31	CHH
5	10919623	10920166	342	67	83.62	CG
5	10919623	10920166	85	57	59.86	CHG
5	10919623	10920166	866	1291	40.15	CHH
5	16273063	16273157	279	83	77.07	CHH
5	16311105	16311318	39	4	90.70	CG
5	16311105	16311318	51	2	96.23	CHG
5	16311105	16311318	579	244	70.35	CHH
5	16856035	16856371	153	0	100.00	CG
5	16856035	16856371	225	18	92.59	CHG
5	16856035	16856371	853	692	55.21	CHH
5	17137118	17137270	23	2	92.00	CG
5	17137118	17137270	504	119	80.90	CHH
5	17258135	17258245	24	3	88.89	CG
5	17258135	17258245	314	78	80.10	CHH
5	17317435	17317693	53	1	98.15	CG
5	17317435	17317693	85	7	92.39	CHG
5	17317435	17317693	763	355	68.25	CHH
5	19716275	19716490	27	1	96.43	CG
5	19716275	19716490	6	5	54.55	CHG
5	19716275	19716490	382	552	40.90	CHH
5	21149049	21149184	17	128	11.72	CG
5	21149049	21149184	29	132	18.01	CHG
5	21149049	21149184	121	452	21.12	CHH
5	21464548	21464805	599	301	66.56	CHH
5	21857485	21857720	123	3	97.62	CG
5	21857485	21857720	169	28	85.79	CHG
5	21857485	21857720	629	410	60.54	CHH
5	21875509	21875764	126	6	95.45	CG
5	21875509	21875764	137	14	90.73	CHG
5	21875509	21875764	636	503	55.84	CHH
5	22000757	22000964	37	10	78.72	CHG
5	22000757	22000964	942	252	78.89	CHH
5	22219878	22220102	1259	257	83.05	CHH
5	22429520	22429752	57	0	100.00	CG
5	22429520	22429752	35	7	83.33	CHG
5	22429520	22429752	735	403	64.59	CHH
5	22973734	22973969	493	469	51.25	CHH
5	23987118	23987584	339	12	96.58	CG
5	23987118	23987584	581	110	84.08	CHG
5	23987118	23987584	176	2244	7.27	CHH
5	24142822	24143088	131	4	97.04	CG
5	24142822	24143088	35	18	66.04	CHG
5	24142822	24143088	620	489	55.91	CHH
5	24848633	24848969	94	15	86.24	CHG
5	24848633	24848969	1141	661	63.32	CHH
5	25347572	25347835	21	248	7.81	CG
5	25347572	25347835	20	251	7.38	CHG
5	25347572	25347835	127	1019	11.08	CHH
5	25348057	25348813	180	61	74.69	CG
5	25348057	25348813	306	744	29.14	CHG
5	25348057	25348813	1460	2466	37.19	CHH
5	25916465	25916630	27	1	96.43	CHG
5	25916465	25916630	221	236	48.36	CHH
5	26950841	26950938	18	0	100.00	CG
5	26950841	26950938	137	89	60.62	CHH
5	26989629	26989802	20	5	80.00	CHG
5	26989629	26989802	545	446	54.99	CHH
6	302524	302830	29	0	100.00	CG
6	302524	302830	793	308	72.03	CHH
6	2377299	2377436	41	16	71.93	CG
6	2377299	2377436	21	37	36.21	CHG
6	2377299	2377436	203	225	47.43	CHH
6	2717082	2717211	193	233	45.31	CHH
6	2924454	2924561	50	0	100.00	CG
6	2924454	2924561	217	78	73.56	CHH
6	3943947	3944133	525	700	42.86	CHH
6	4186290	4186414	215	233	47.99	CHH
6	5151759	5151869	94	11	89.52	CHH
6	5377103	5377226	35	11	76.09	CHG
6	5377103	5377226	500	208	70.62	CHH
6	6081368	6081698	43	359	10.70	CG
6	6081368	6081698	12	208	5.45	CHG
6	6081368	6081698	150	1339	10.07	CHH
6	7060562	7060710	418	129	76.42	CHH
6	7540043	7540265	64	3	95.52	CG
6	7540043	7540265	17	15	53.12	CHG
6	7540043	7540265	326	615	34.64	CHH
6	7540556	7540748	59	8	88.06	CG
6	7540556	7540748	338	339	49.93	CHH
6	7725720	7725950	214	7	96.83	CG
6	7725720	7725950	234	73	76.22	CHG
6	7725720	7725950	302	623	32.65	CHH
6	8356414	8356617	624	171	78.49	CHH
6	8927960	8928209	37	2	94.87	CG
6	8927960	8928209	251	69	78.44	CHG
6	8927960	8928209	679	519	56.68	CHH
6	9469938	9470183	1134	311	78.48	CHH
6	11300952	11301165	24	4	85.71	CG
6	11300952	11301165	30	53	36.14	CHG
6	11300952	11301165	207	768	21.23	CHH
6	11305250	11305430	7	126	5.26	CG
6	11305250	11305430	1	22	4.35	CHG
6	11305250	11305430	113	439	20.47	CHH
6	11997277	11997419	105	4	96.33	CG
6	11997277	11997419	35	24	59.32	CHG
6	11997277	11997419	182	504	26.53	CHH
6	13738650	13738842	23	62	27.06	CG
6	13738650	13738842	21	173	10.82	CHG
6	13738650	13738842	137	997	12.08	CHH
6	13951510	13951630	56	1	98.25	CG
6	13951510	13951630	87	42	67.44	CHG
6	13951510	13951630	148	376	28.24	CHH
6	14809518	14809915	156	4	97.50	CG
6	14809518	14809915	160	71	69.26	CHG
6	14809518	14809915	1336	1008	57.00	CHH
6	19710274	19711097	437	50	89.73	CG
6	19710274	19711097	516	405	56.03	CHG
6	19710274	19711097	1216	2016	37.62	CHH
6	20384125	20384463	46	219	17.36	CG
6	20384125	20384463	111	281	28.32	CHG
6	20384125	20384463	448	1549	22.43	CHH
6	22376044	22376666	157	15	91.28	CG
6	22376044	22376666	75	50	60.00	CHG
6	22376044	22376666	1328	1265	51.21	CHH
6	23395298	23395797	123	3	97.62	CG
6	23395298	23395797	53	10	84.13	CHG
6	23395298	23395797	1409	696	66.94	CHH
6	23537611	23537873	31	1	96.88	CHG
6	23537611	23537873	258	274	48.50	CHH
6	24030066	24030155	72	0	100.00	CHG
6	24030066	24030155	200	54	78.74	CHH
6	24282820	24282990	50	5	90.91	CHG
6	24282820	24282990	615	381	61.75	CHH
6	25073298	25073513	71	2	97.26	CG
6	25073298	25073513	39	42	48.15	CHG
6	25073298	25073513	431	660	39.51	CHH
6	25078471	25078618	29	6	82.86	CHG
6	25078471	25078618	406	396	50.62	CHH
6	25314682	25315364	219	6	97.33	CG
6	25314682	25315364	211	39	84.40	CHG
6	25314682	25315364	1299	2259	36.51	CHH
6	26183206	26183498	36	3	92.31	CG
6	26183206	26183498	1235	228	84.42	CHH
6	26270983	26271153	35	0	100.00	CG
6	26270983	26271153	25	10	71.43	CHG
6	26270983	26271153	631	180	77.81	CHH
6	26899910	26900127	36	2	94.74	CG
6	26899910	26900127	771	341	69.33	CHH
6	27022910	27023085	148	4	97.37	CG
6	27022910	27023085	135	394	25.52	CHH
6	29399343	29399607	64	5	92.75	CG
6	29399343	29399607	33	17	66.00	CHG
6	29399343	29399607	790	575	57.88	CHH
6	30191023	30191331	86	3	96.63	CG
6	30191023	30191331	172	9	95.03	CHG
6	30191023	30191331	437	484	47.45	CHH
6	30403805	30404034	310	253	55.06	CHH
6	30913757	30913901	27	1	96.43	CG
6	30913757	30913901	6	0	100.00	CHG
6	30913757	30913901	230	94	70.99	CHH
7	436559	436644	63	61	50.81	CHH
7	553125	553382	20	4	83.33	CHG
7	553125	553382	630	502	55.65	CHH
7	1581483	1581569	19	13	59.38	CHG
7	1581483	1581569	172	261	39.72	CHH
7	2236802	2236948	41	0	100.00	CG
7	2236802	2236948	10	2	83.33	CHG
7	2236802	2236948	312	186	62.65	CHH
7	2529367	2529520	629	273	69.73	CHH
7	3142735	3143078	245	6	97.61	CG
7	3142735	3143078	250	39	86.51	CHG
7	3142735	3143078	980	505	65.99	CHH
7	3169312	3169590	19	13	59.38	CHG
7	3169312	3169590	1000	406	71.12	CHH
7	3220899	3221205	24	1	96.00	CG
7	3220899	3221205	940	382	71.10	CHH
7	3739834	3740067	79	3	96.34	CG
7	3739834	3740067	41	14	74.55	CHG
7	3739834	3740067	769	510	60.13	CHH
7	4348410	4348541	0	72	0.00	CG
7	4348410	4348541	6	54	10.00	CHG
7	4348410	4348541	19	373	4.85	CHH
7	5121301	5121458	59	0	100.00	CG
7	5121301	5121458	27	1	96.43	CHG
7	5121301	5121458	494	234	67.86	CHH
7	6141659	6141862	203	6	97.13	CG
7	6141659	6141862	107	23	82.31	CHG
7	6141659	6141862	310	406	43.30	CHH
7	7806227	7806511	32	0	100.00	CHG
7	7806227	7806511	997	190	83.99	CHH
7	8049142	8049326	158	4	97.53	CG
7	8049142	8049326	33	35	48.53	CHG
7	8049142	8049326	170	357	32.26	CHH
7	8294134	8294483	3	183	1.61	CG
7	8294134	8294483	7	244	2.79	CHG
7	8294134	8294483	53	1338	3.81	CHH
7	8334119	8334358	23	9	71.88	CHG
7	8334119	8334358	656	290	69.34	CHH
7	8993394	8993705	76	3	96.20	CG
7	8993394	8993705	1144	375	75.31	CHH
7	13286370	13286485	120	210	36.36	CHH
7	15188698	15188829	21	6	77.78	CHG
7	15188698	15188829	260	318	44.98	CHH
7	15431878	15432092	68	2	97.14	CG
7	15431878	15432092	33	6	84.62	CHG
7	15431878	15432092	613	202	75.21	CHH
7	15677983	15678606	199	416	32.36	CG
7	15677983	15678606	161	470	25.52	CHG
7	15677983	15678606	564	2089	21.26	CHH
7	16599468	16599909	71	3	95.95	CG
7	16599468	16599909	104	236	30.59	CHG
7	16599468	16599909	341	1131	23.17	CHH
7	17099241	17099723	21	2	91.30	CHG
7	17099241	17099723	1367	473	74.29	CHH
7	17790357	17790553	37	3	92.50	CG
7	17790357	17790553	75	35	68.18	CHG
7	17790357	17790553	572	504	53.16	CHH
7	18624941	18625154	31	1	96.88	CG
7	18624941	18625154	32	13	71.11	CHG
7	18624941	18625154	815	350	69.96	CHH
7	18712663	18712940	474	520	47.69	CHH
7	19254932	19255653	166	229	42.03	CG
7	19254932	19255653	417	676	38.15	CHG
7	19254932	19255653	994	1851	34.94	CHH
7	20129015	20129222	786	365	68.29	CHH
7	20150949	20151108	34	0	100.00	CG
7	20150949	20151108	70	13	84.34	CHG
7	20150949	20151108	413	577	41.72	CHH
7	20424851	20425235	28	2	93.33	CG
7	20424851	20425235	790	829	48.80	CHH
7	21311702	21311873	57	0	100.00	CG
7	21311702	21311873	79	13	85.87	CHG
7	21311702	21311873	556	234	70.38	CHH
7	22392996	22393180	102	7	93.58	CG
7	22392996	22393180	126	10	92.65	CHG
7	22392996	22393180	313	393	44.33	CHH
7	22532503	22532689	605	270	69.14	CHH
7	22933956	22934220	350	13	96.42	CG
7	22933956	22934220	105	39	72.92	CHG
7	22933956	22934220	315	579	35.23	CHH
7	24616760	24617444	414	21	95.17	CG
7	24616760	24617444	295	68	81.27	CHG
7	24616760	24617444	776	900	46.30	CHH
7	24811648	24811977	34	0	100.00	CG
7	24811648	24811977	28	3	90.32	CHG
7	24811648	24811977	1099	639	63.23	CHH
7	24948880	24949085	712	260	73.25	CHH
7	25909857	25910353	317	11	96.65	CG
7	25909857	25910353	349	142	71.08	CHG
7	25909857	25910353	1160	1569	42.51	CHH
7	26251607	26251758	375	113	76.84	CHH
7	26258085	26258557	544	29	94.94	CG
7	26258085	26258557	155	33	82.45	CHG
7	26258085	26258557	628	745	45.74	CHH
7	27119822	27120089	15	0	100.00	CG
7	27119822	27120089	5	10	33.33	CHG
7	27119822	27120089	510	344	59.72	CHH
7	27169621	27169836	7	19	26.92	CG
7	27169621	27169836	117	134	46.61	CHG
7	27169621	27169836	496	462	51.77	CHH
7	27307263	27307688	255	3	98.84	CG
7	27307263	27307688	206	55	78.93	CHG
7	27307263	27307688	648	632	50.62	CHH
7	28376367	28376563	34	2	94.44	CG
7	28376367	28376563	33	7	82.50	CHG
7	28376367	28376563	415	221	65.25	CHH
7	29243799	29244004	535	322	62.43	CHH
7	29311074	29311344	714	357	66.67	CHH
7	29467990	29468204	670	356	65.30	CHH
8	1575049	1575210	336	297	53.08	CHH
8	1623373	1623626	18	0	100.00	CG
8	1623373	1623626	7	3	70.00	CHG
8	1623373	1623626	714	243	74.61	CHH
8	2431336	2431426	85	42	66.93	CG
8	2431336	2431426	11	7	61.11	CHG
8	2431336	2431426	354	262	57.47	CHH
8	3073639	3073816	33	43	43.42	CG
8	3073639	3073816	66	140	32.04	CHG
8	3073639	3073816	170	586	22.49	CHH
8	3388417	3388667	82	5	94.25	CG
8	3388417	3388667	68	16	80.95	CHG
8	3388417	3388667	1280	504	71.75	CHH
8	3751907	3752073	171	4	97.71	CG
8	3751907	3752073	84	45	65.12	CHG
8	3751907	3752073	141	418	25.22	CHH
8	3958363	3958508	375	244	60.58	CHH
8	5131858	5132029	75	1	98.68	CHG
8	5131858	5132029	492	405	54.85	CHH
8	5321619	5321826	22	0	100.00	CG
8	5321619	5321826	3	0	100.00	CHG
8	5321619	5321826	293	136	68.30	CHH
8	5680035	5680214	52	1	98.11	CG
8	5680035	5680214	60	7	89.55	CHG
8	5680035	5680214	298	546	35.31	CHH
8	5836841	5837082	68	0	100.00	CG
8	5836841	5837082	454	402	53.04	CHH
8	6111458	6111746	124	6	95.38	CG
8	6111458	6111746	83	35	70.34	CHG
8	6111458	6111746	239	832	22.32	CHH
8	6753823	6754136	33	1	97.06	CG
8	6753823	6754136	90	6	93.75	CHG
8	6753823	6754136	744	619	54.59	CHH
8	7603360	7603612	58	1	98.31	CG
8	7603360	7603612	770	264	74.47	CHH
8	8071926	8072156	225	1	99.56	CG
8	8071926	8072156	27	12	69.23	CHG
8	8071926	8072156	369	574	39.13	CHH
8	10060129	10060270	584	123	82.60	CHH
8	10886885	10887057	27	1	96.43	CG
8	10886885	10887057	1	6	14.29	CHG
8	10886885	10887057	138	213	39.32	CHH
8	11782944	11783090	20	5	80.00	CHG
8	11782944	11783090	203	233	46.56	CHH
8	12350212	12350309	11	0	100.00	CG
8	12350212	12350309	1	2	33.33	CHG
8	12350212	12350309	58	123	32.04	CHH
8	15503593	15503835	24	0	100.00	CG
8	15503593	15503835	665	390	63.03	CHH
8	18141156	18141305	247	127	66.04	CHH
8	19423131	19423387	22	1	95.65	CG
8	19423131	19423387	1	7	12.50	CHG
8	19423131	19423387	746	495	60.11	CHH
8	20377385	20377714	548	15	97.34	CG
8	20377385	20377714	102	40	71.83	CHG
8	20377385	20377714	441	1066	29.26	CHH
8	20558563	20558824	24	3	88.89	CG
8	20558563	20558824	21	2	91.30	CHG
8	20558563	20558824	441	257	63.18	CHH
8	21654366	21654527	106	35	75.18	CG
8	21654366	21654527	108	49	68.79	CHG
8	21654366	21654527	484	314	60.65	CHH
8	22741998	22742320	25	6	80.65	CHG
8	22741998	22742320	755	522	59.12	CHH
8	22776595	22776863	30	0	100.00	CG
8	22776595	22776863	143	51	73.71	CHG
8	22776595	22776863	619	399	60.81	CHH
8	22948102	22948411	22	0	100.00	CG
8	22948102	22948411	574	429	57.23	CHH
8	23349964	23350100	55	2	96.49	CG
8	23349964	23350100	309	452	40.60	CHH
8	23488434	23488729	149	10	93.71	CG
8	23488434	23488729	84	17	83.17	CHG
8	23488434	23488729	423	720	37.01	CHH
8	24309357	24309533	8	100	7.41	CG
8	24309357	24309533	79	215	26.87	CHG
8	24309357	24309533	414	605	40.63	CHH
8	24422312	24422568	42	2	95.45	CG
8	24422312	24422568	80	25	76.19	CHG
8	24422312	24422568	831	596	58.23	CHH
8	24735337	24736197	315	43	87.99	CG
8	24735337	24736197	327	264	55.33	CHG
8	24735337	24736197	1883	2276	45.28	CHH
8	24736834	24737078	341	15	95.79	CG
8	24736834	24737078	56	75	42.75	CHG
8	24736834	24737078	332	713	31.77	CHH
8	24750449	24750953	235	12	95.14	CG
8	24750449	24750953	273	42	86.67	CHG
8	24750449	24750953	1072	1446	42.57	CHH
8	24768225	24768508	117	8	93.60	CG
8	24768225	24768508	58	136	29.90	CHG
8	24768225	24768508	602	1262	32.30	CHH
8	24784953	24785097	72	4	94.74	CG
8	24784953	24785097	43	10	81.13	CHG
8	24784953	24785097	331	540	38.00	CHH
8	24834030	24834325	57	1	98.28	CG
8	24834030	24834325	32	0	100.00	CHG
8	24834030	24834325	797	359	68.94	CHH
8	24968997	24969171	24	0	100.00	CG
8	24968997	24969171	26	0	100.00	CHG
8	24968997	24969171	340	178	65.64	CHH
8	26169264	26169435	224	6	97.39	CG
8	26169264	26169435	51	28	64.56	CHG
8	26169264	26169435	315	99	76.09	CHH
8	26441035	26441114	24	10	70.59	CHG
8	26441035	26441114	162	62	72.32	CHH
8	26827794	26828034	37	55	40.22	CG
8	26827794	26828034	31	45	40.79	CHG
8	26827794	26828034	210	188	52.76	CHH
8	27623734	27623958	256	9	96.60	CG
8	27623734	27623958	145	43	77.13	CHG
8	27623734	27623958	313	465	40.23	CHH
8	28152674	28152872	769	207	78.79	CHH
8	28409753	28410078	64	0	100.00	CG
8	28409753	28410078	90	5	94.74	CHG
8	28409753	28410078	905	650	58.20	CHH
9	1254705	1254916	132	5	96.35	CG
9	1254705	1254916	5	12	29.41	CHG
9	1254705	1254916	378	364	50.94	CHH
9	1884036	1884200	463	354	56.67	CHH
9	3634113	3634220	23	4	85.19	CHG
9	3634113	3634220	312	130	70.59	CHH
9	3933418	3933532	31	1	96.88	CG
9	3933418	3933532	30	3	90.91	CHG
9	3933418	3933532	460	97	82.59	CHH
9	4570159	4570785	448	14	96.97	CG
9	4570159	4570785	440	83	84.13	CHG
9	4570159	4570785	1260	1230	50.60	CHH
9	7158967	7159348	9	58	13.43	CG
9	7158967	7159348	22	96	18.64	CHG
9	7158967	7159348	281	902	23.75	CHH
9	10378957	10379055	123	18	87.23	CG
9	10378957	10379055	61	64	48.80	CHG
9	10378957	10379055	166	201	45.23	CHH
9	10754150	10754480	29	1	96.67	CG
9	10754150	10754480	50	10	83.33	CHG
9	10754150	10754480	1068	343	75.69	CHH
9	11037393	11037551	355	372	48.83	CHH
9	14633566	14633811	140	7	95.24	CG
9	14633566	14633811	92	10	90.20	CHG
9	14633566	14633811	752	251	74.98	CHH
9	16086094	16086273	64	4	94.12	CG
9	16086094	16086273	38	17	69.09	CHG
9	16086094	16086273	238	233	50.53	CHH
9	16215726	16215834	314	134	70.09	CHH
9	16663866	16664244	144	88	62.07	CG
9	16663866	16664244	73	254	22.32	CHG
9	16663866	16664244	328	1158	22.07	CHH
9	16928122	16928188	312	179	63.54	CHH
9	17420619	17420974	36	0	100.00	CG
9	17420619	17420974	126	38	76.83	CHG
9	17420619	17420974	285	1099	20.59	CHH
9	19098095	19098253	26	1	96.30	CG
9	19098095	19098253	37	17	68.52	CHG
9	19098095	19098253	347	395	46.77	CHH
9	21886164	21886293	321	401	44.46	CHH
10	368179	368447	47	12	79.66	CHG
10	368179	368447	663	907	42.23	CHH
10	404795	404929	158	4	97.53	CG
10	404795	404929	2	23	8.00	CHG
10	404795	404929	120	259	31.66	CHH
10	1838124	1838526	62	2	96.88	CG
10	1838124	1838526	39	1	97.50	CHG
10	1838124	1838526	960	430	69.06	CHH
10	1890175	1890720	294	11	96.39	CG
10	1890175	1890720	297	172	63.33	CHG
10	1890175	1890720	926	1730	34.86	CHH
10	2576261	2576420	496	288	63.27	CHH
10	3444619	3445144	50	116	30.12	CG
10	3444619	3445144	46	198	18.85	CHG
10	3444619	3445144	224	919	19.60	CHH
10	5680298	5680662	65	558	10.43	CG
10	5680298	5680662	189	545	25.75	CHG
10	5680298	5680662	503	919	35.37	CHH
10	6420591	6420748	43	122	26.06	CHG
10	6420591	6420748	170	506	25.15	CHH
10	7535391	7535626	466	347	57.32	CHH
10	8506073	8506152	16	68	19.05	CG
10	8506073	8506152	292	232	55.73	CHH
10	9497876	9498140	125	1	99.21	CG
10	9497876	9498140	27	3	90.00	CHG
10	9497876	9498140	786	315	71.39	CHH
10	11192936	11193103	80	3	96.39	CG
10	11192936	11193103	53	32	62.35	CHG
10	11192936	11193103	350	141	71.28	CHH
10	11922949	11923127	26	0	100.00	CG
10	11922949	11923127	61	12	83.56	CHG
10	11922949	11923127	202	154	56.74	CHH
10	12206026	12206233	24	0	100.00	CG
10	12206026	12206233	12	9	57.14	CHG
10	12206026	12206233	412	369	52.75	CHH
10	13147744	13147963	191	5	97.45	CG
10	13147744	13147963	70	11	86.42	CHG
10	13147744	13147963	425	727	36.89	CHH
10	15011394	15011890	303	34	89.91	CG
10	15011394	15011890	159	100	61.39	CHG
10	15011394	15011890	640	838	43.30	CHH
10	15870323	15870605	46	3	93.88	CG
10	15870323	15870605	121	65	65.05	CHG
10	15870323	15870605	348	319	52.17	CHH
10	15986243	15986518	2	20	9.09	CG
10	15986243	15986518	7	88	7.37	CHG
10	15986243	15986518	42	721	5.50	CHH
10	15991567	15992011	28	538	4.95	CG
10	15991567	15992011	72	775	8.50	CHG
10	15991567	15992011	281	2319	10.81	CHH
10	16003795	16003950	2	17	10.53	CG
10	16003795	16003950	11	127	7.97	CHG
10	16003795	16003950	66	423	13.50	CHH
10	16208913	16209034	34	1	97.14	CG
10	16208913	16209034	48	3	94.12	CHG
10	16208913	16209034	556	79	87.56	CHH
10	17033161	17033405	394	26	93.81	CG
10	17033161	17033405	122	33	78.71	CHG
10	17033161	17033405	534	454	54.05	CHH
10	18046108	18046282	557	121	82.15	CHH
10	18101624	18101816	192	12	94.12	CG
10	18101624	18101816	117	47	71.34	CHG
10	18101624	18101816	586	179	76.60	CHH
10	18561922	18562175	153	3	98.08	CG
10	18561922	18562175	223	48	82.29	CHG
10	18561922	18562175	344	711	32.61	CHH
10	18632472	18632641	417	342	54.94	CHH
10	19698082	19698409	45	1	97.83	CG
10	19698082	19698409	62	2	96.88	CHG
10	19698082	19698409	699	537	56.55	CHH
10	19941399	19941637	40	1	97.56	CG
10	19941399	19941637	671	694	49.16	CHH
10	20291443	20292459	947	26	97.33	CG
10	20291443	20292459	556	98	85.02	CHG
10	20291443	20292459	1275	2224	36.44	CHH
10	20762313	20762534	0	133	0.00	CG
10	20762313	20762534	1	283	0.35	CHG
10	20762313	20762534	9	858	1.04	CHH
10	20778820	20779263	33	298	9.97	CG
10	20778820	20779263	158	520	23.30	CHG
10	20778820	20779263	697	1384	33.49	CHH
10	21827999	21828272	38	15	71.70	CHG
10	21827999	21828272	858	491	63.60	CHH
10	22689536	22689741	521	469	52.63	CHH
10	22690213	22690439	749	148	83.50	CHH
11	569050	569549	73	4	94.81	CG
11	569050	569549	340	33	91.15	CHG
11	569050	569549	1783	667	72.78	CHH
11	1200546	1200636	20	2	90.91	CG
11	1200546	1200636	21	2	91.30	CHG
11	1200546	1200636	168	192	46.67	CHH
11	1713742	1714360	335	6	98.24	CG
11	1713742	1714360	306	29	91.34	CHG
11	1713742	1714360	1643	900	64.61	CHH
11	1878755	1878890	30	35	46.15	CG
11	1878755	1878890	49	63	43.75	CHG
11	1878755	1878890	210	348	37.63	CHH
11	1932470	1932979	32	1	96.97	CG
11	1932470	1932979	82	17	82.83	CHG
11	1932470	1932979	1263	625	66.90	CHH
11	1947206	1947542	16	0	100.00	CG
11	1947206	1947542	574	637	47.40	CHH
11	2378673	2378944	119	4	96.75	CG
11	2378673	2378944	14	11	56.00	CHG
11	2378673	2378944	725	301	70.66	CHH
11	5554822	5555192	44	3	93.62	CG
11	5554822	5555192	215	11	95.13	CHG
11	5554822	5555192	787	281	73.69	CHH
11	7332863	7333120	62	1	98.41	CG
11	7332863	7333120	64	18	78.05	CHG
11	7332863	7333120	614	532	53.58	CHH
11	7589703	7589963	19	0	100.00	CG
11	7589703	7589963	18	0	100.00	CHG
11	7589703	7589963	447	146	75.38	CHH
11	7735709	7735929	87	2	97.75	CG
11	7735709	7735929	43	61	41.35	CHG
11	7735709	7735929	123	569	17.77	CHH
11	8045721	8046006	305	96	76.06	CG
11	8045721	8046006	38	87	30.40	CHG
11	8045721	8046006	284	1101	20.51	CHH
11	9151816	9151968	32	5	86.49	CHG
11	9151816	9151968	666	337	66.40	CHH
11	11662804	11663369	141	4	97.24	CG
11	11662804	11663369	227	23	90.80	CHG
11	11662804	11663369	874	1271	40.75	CHH
11	11787143	11787246	506	248	67.11	CHH
11	13632522	13632647	94	84	52.81	CHG
11	13632522	13632647	310	231	57.30	CHH
11	14005572	14005699	416	217	65.72	CHH
11	14006096	14006227	518	130	79.94	CHH
11	14311549	14311878	409	15	96.46	CG
11	14311549	14311878	125	18	87.41	CHG
11	14311549	14311878	400	638	38.54	CHH
11	16006890	16007049	20	0	100.00	CG
11	16006890	16007049	14	1	93.33	CHG
11	16006890	16007049	402	130	75.56	CHH
11	16339318	16339504	155	4	97.48	CG
11	16339318	16339504	3	27	10.00	CHG
11	16339318	16339504	294	350	45.65	CHH
11	16884445	16884740	73	1	98.65	CG
11	16884445	16884740	1061	437	70.83	CHH
11	16979978	16980123	23	5	82.14	CG
11	16979978	16980123	259	451	36.48	CHH
11	18415594	18415828	21	1	95.45	CG
11	18415594	18415828	538	463	53.75	CHH
11	19478887	19479310	204	10	95.33	CG
11	19478887	19479310	288	133	68.41	CHG
11	19478887	19479310	905	730	55.35	CHH
11	19817539	19817761	30	20	60.00	CHG
11	19817539	19817761	726	405	64.19	CHH
11	21197890	21198236	31	12	72.09	CHG
11	21197890	21198236	936	413	69.38	CHH
11	21255747	21256111	269	6	97.82	CG
11	21255747	21256111	399	29	93.22	CHG
11	21255747	21256111	821	980	45.59	CHH
11	21412886	21413094	179	7	96.24	CG
11	21412886	21413094	56	86	39.44	CHG
11	21412886	21413094	169	413	29.04	CHH
11	22039593	22039763	65	12	84.42	CHG
11	22039593	22039763	520	297	63.65	CHH
11	23435202	23435727	66	19	77.65	CG
11	23435202	23435727	355	192	64.90	CHG
11	23435202	23435727	1216	869	58.32	CHH
11	24395075	24395260	49	104	32.03	CG
11	24395075	24395260	11	48	18.64	CHG
11	24395075	24395260	194	714	21.37	CHH
11	24851409	24851658	213	5	97.71	CG
11	24851409	24851658	253	16	94.05	CHG
11	24851409	24851658	403	725	35.73	CHH
11	24991462	24991590	39	1	97.50	CG
11	24991462	24991590	100	38	72.46	CHG
11	24991462	24991590	355	162	68.67	CHH
11	25110396	25110624	61	2	96.83	CG
11	25110396	25110624	10	6	62.50	CHG
11	25110396	25110624	498	483	50.76	CHH
11	25586084	25586542	189	6	96.92	CG
11	25586084	25586542	204	32	86.44	CHG
11	25586084	25586542	584	2018	22.44	CHH
11	25784649	25784892	49	1	98.00	CG
11	25784649	25784892	75	22	77.32	CHG
11	25784649	25784892	508	622	44.96	CHH
11	25810584	25810761	17	4	80.95	CHG
11	25810584	25810761	406	276	59.53	CHH
11	25853608	25853790	17	0	100.00	CG
11	25853608	25853790	361	327	52.47	CHH
11	26205598	26205997	77	34	69.37	CG
11	26205598	26205997	16	172	8.51	CHG
11	26205598	26205997	175	1408	11.05	CHH
11	27682635	27683583	862	27	96.96	CG
11	27682635	27683583	603	166	78.41	CHG
11	27682635	27683583	1053	1557	40.34	CHH
11	28181129	28181426	35	2	94.59	CG
11	28181129	28181426	419	350	54.49	CHH
12	217168	217301	83	0	100.00	CG
12	217168	217301	31	8	79.49	CHG
12	217168	217301	681	238	74.10	CHH
12	552916	553122	518	424	54.99	CHH
12	793700	793972	32	1	96.97	CHG
12	793700	793972	860	384	69.13	CHH
12	961100	961336	83	8	91.21	CG
12	961100	961336	195	223	46.65	CHG
12	961100	961336	444	972	31.36	CHH
12	1049649	1049822	649	310	67.67	CHH
12	1548545	1548692	56	3	94.92	CHG
12	1548545	1548692	445	165	72.95	CHH
12	1801896	1802216	54	28	65.85	CG
12	1801896	1802216	106	45	70.20	CHG
12	1801896	1802216	537	655	45.05	CHH
12	1816647	1816809	34	2	94.44	CG
12	1816647	1816809	530	166	76.15	CHH
12	2466366	2466538	32	2	94.12	CHG
12	2466366	2466538	406	340	54.42	CHH
12	5021892	5024116	705	21	97.11	CG
12	5021892	5024116	1793	376	82.66	CHG
12	5021892	5024116	4161	5635	42.48	CHH
12	5024498	5027592	746	41	94.79	CG
12	5024498	5027592	1780	461	79.43	CHG
12	5024498	5027592	6284	6497	49.17	CHH
12	7849278	7849532	152	8	95.00	CG
12	7849278	7849532	4	9	30.77	CHG
12	7849278	7849532	249	619	28.69	CHH
12	10927998	10928435	23	0	100.00	CG
12	10927998	10928435	41	38	51.90	CHG
12	10927998	10928435	408	1333	23.43	CHH
12	11362213	11362441	31	0	100.00	CG
12	11362213	11362441	33	4	89.19	CHG
12	11362213	11362441	886	329	72.92	CHH
12	12440435	12440631	225	68	76.79	CG
12	12440435	12440631	73	94	43.71	CHG
12	12440435	12440631	147	393	27.22	CHH
12	12966688	12966790	88	69	56.05	CHH
12	15202347	15202507	79	2	97.53	CG
12	15202347	15202507	22	18	55.00	CHG
12	15202347	15202507	268	491	35.31	CHH
12	17986589	17987047	159	3	98.15	CG
12	17986589	17987047	193	15	92.79	CHG
12	17986589	17987047	1010	989	50.53	CHH
12	18936325	18936741	369	12	96.85	CG
12	18936325	18936741	70	18	79.55	CHG
12	18936325	18936741	621	697	47.12	CHH
12	19120680	19120950	40	15	72.73	CG
12	19120680	19120950	31	1	96.88	CHG
12	19120680	19120950	903	445	66.99	CHH
12	19156150	19156313	23	0	100.00	CG
12	19156150	19156313	67	4	94.37	CHG
12	19156150	19156313	441	103	81.07	CHH
12	21483416	21483688	116	0	100.00	CG
12	21483416	21483688	195	25	88.64	CHG
12	21483416	21483688	397	1142	25.80	CHH
12	21831911	21832012	154	253	37.84	CHH
12	22451242	22451490	24	5	82.76	CHG
12	22451242	22451490	894	318	73.76	CHH
12	22462835	22463098	2	153	1.29	CG
12	22462835	22463098	38	186	16.96	CHG
12	22462835	22463098	501	836	37.47	CHH
12	22503691	22503984	113	1	99.12	CG
12	22503691	22503984	82	12	87.23	CHG
12	22503691	22503984	595	340	63.64	CHH
12	23090136	23090406	28	1	96.55	CG
12	23090136	23090406	759	413	64.76	CHH
12	23253874	23254115	70	1	98.59	CG
12	23253874	23254115	17	19	47.22	CHG
12	23253874	23254115	569	444	56.17	CHH
12	23419385	23419484	23	1	95.83	CG
12	23419385	23419484	304	81	78.96	CHH
12	23569460	23569549	77	2	97.47	CG
12	23569460	23569549	23	1	95.83	CHG
12	23569460	23569549	173	210	45.17	CHH
12	24432087	24432276	306	658	31.74	CHH
12	25119408	25119711	247	2	99.20	CG
12	25119408	25119711	184	88	67.65	CHG
12	25119408	25119711	628	630	49.92	CHH
12	25285613	25285813	28	0	100.00	CG
12	25285613	25285813	492	296	62.44	CHH
12	25690213	25690552	106	60	63.86	CG
12	25690213	25690552	29	69	29.59	CHG
12	25690213	25690552	212	686	23.61	CHH
12	26052913	26053003	72	93	43.64	CHG
12	26052913	26053003	236	255	48.07	CHH
