1	2522874	2523845	856	23	97.38	CG
1	2522874	2523845	333	117	74.00	CHG
1	2522874	2523845	467	2022	18.76	CHH
1	2555530	2559489	4368	107	97.61	CG
1	2555530	2559489	3176	411	88.54	CHG
1	2555530	2559489	4061	9534	29.87	CHH
1	9039676	9042883	1533	32	97.96	CG
1	9039676	9042883	1630	134	92.40	CHG
1	9039676	9042883	7604	5199	59.39	CHH
1	9436233	9436871	480	203	70.28	CG
1	9436233	9436871	354	330	51.75	CHG
1	9436233	9436871	636	724	46.76	CHH
1	9436980	9439656	2269	73	96.88	CG
1	9436980	9439656	1744	253	87.33	CHG
1	9436980	9439656	3536	5660	38.45	CHH
1	10925172	10926364	959	77	92.57	CG
1	10925172	10926364	838	294	74.03	CHG
1	10925172	10926364	2203	2249	49.48	CHH
1	11189866	11190945	350	84	80.65	CG
1	11189866	11190945	673	208	76.39	CHG
1	11189866	11190945	2079	1839	53.06	CHH
1	11197263	11198365	892	27	97.06	CG
1	11197263	11198365	934	108	89.64	CHG
1	11197263	11198365	1631	2880	36.16	CHH
1	11198486	11199929	1579	82	95.06	CG
1	11198486	11199929	1059	398	72.68	CHG
1	11198486	11199929	804	4607	14.86	CHH
1	11360960	11365572	2318	4489	34.05	CG
1	11360960	11365572	1911	3346	36.35	CHG
1	11360960	11365572	6727	12588	34.83	CHH
1	11470807	11475439	2838	89	96.96	CG
1	11470807	11475439	2984	719	80.58	CHG
1	11470807	11475439	6507	12394	34.43	CHH
1	12142608	12144844	1124	486	69.81	CG
1	12142608	12144844	881	943	48.30	CHG
1	12142608	12144844	1035	6358	14.00	CHH
1	14333116	14335930	2368	486	82.97	CG
1	14333116	14335930	1331	634	67.74	CHG
1	14333116	14335930	4364	5236	45.46	CHH
1	14336094	14337863	776	32	96.04	CG
1	14336094	14337863	798	102	88.67	CHG
1	14336094	14337863	2323	1832	55.91	CHH
1	14337928	14339960	1578	120	92.93	CG
1	14337928	14339960	764	261	74.54	CHG
1	14337928	14339960	2630	3616	42.11	CHH
1	14959930	14960645	505	139	78.42	CG
1	14959930	14960645	198	227	46.59	CHG
1	14959930	14960645	319	1421	18.33	CHH
1	14961862	14963386	952	454	67.71	CG
1	14961862	14963386	790	640	55.24	CHG
1	14961862	14963386	1437	3895	26.95	CHH
1	20810206	20811074	294	208	58.57	CG
1	20810206	20811074	396	211	65.24	CHG
1	20810206	20811074	891	1521	36.94	CHH
1	20811098	20811489	77	115	40.10	CG
1	20811098	20811489	131	159	45.17	CHG
1	20811098	20811489	549	1061	34.10	CHH
1	25253636	25254054	151	231	39.53	CG
1	25253636	25254054	140	137	50.54	CHG
1	25253636	25254054	651	939	40.94	CHH
1	25311949	25313299	569	215	72.58	CG
1	25311949	25313299	270	188	58.95	CHG
1	25311949	25313299	931	2035	31.39	CHH
1	28200381	28203326	1218	35	97.21	CG
1	28200381	28203326	1074	147	87.96	CHG
1	28200381	28203326	4767	4720	50.25	CHH
1	28203588	28206337	923	33	96.55	CG
1	28203588	28206337	1306	384	77.28	CHG
1	28203588	28206337	2092	7594	21.60	CHH
1	28212221	28215906	2491	85	96.70	CG
1	28212221	28215906	1706	248	87.31	CHG
1	28212221	28215906	4022	11545	25.84	CHH
1	29053362	29056648	1300	1751	42.61	CG
1	29053362	29056648	1213	2156	36.00	CHG
1	29053362	29056648	2279	9931	18.67	CHH
1	30809134	30810708	855	98	89.72	CG
1	30809134	30810708	333	152	68.66	CHG
1	30809134	30810708	1416	3655	27.92	CHH
1	30810807	30811279	250	123	67.02	CG
1	30810807	30811279	96	235	29.00	CHG
1	30810807	30811279	571	1639	25.84	CHH
1	39322772	39323918	780	161	82.89	CG
1	39322772	39323918	251	348	41.90	CHG
1	39322772	39323918	867	3201	21.31	CHH
2	5902991	5906606	1610	153	91.32	CG
2	5902991	5906606	2257	961	70.14	CHG
2	5902991	5906606	7409	6642	52.73	CHH
2	6795753	6796945	215	346	38.32	CG
2	6795753	6796945	590	358	62.24	CHG
2	6795753	6796945	1308	1422	47.91	CHH
2	6797357	6798332	435	103	80.86	CG
2	6797357	6798332	328	196	62.60	CHG
2	6797357	6798332	1143	1449	44.10	CHH
2	7605632	7607483	553	27	95.34	CG
2	7605632	7607483	383	214	64.15	CHG
2	7605632	7607483	1677	5399	23.70	CHH
2	7607588	7609075	1028	99	91.22	CG
2	7607588	7609075	512	293	63.60	CHG
2	7607588	7609075	1985	4048	32.90	CHH
2	8343843	8345084	886	18	98.01	CG
2	8343843	8345084	771	104	88.11	CHG
2	8343843	8345084	2058	3871	34.71	CHH
2	8345254	8345972	454	14	97.01	CG
2	8345254	8345972	443	76	85.36	CHG
2	8345254	8345972	572	2774	17.10	CHH
2	13582835	13586359	1839	53	97.20	CG
2	13582835	13586359	2313	275	89.37	CHG
2	13582835	13586359	4300	8223	34.34	CHH
2	19468985	19471775	2041	1834	52.67	CG
2	19468985	19471775	995	1541	39.24	CHG
2	19468985	19471775	3192	6578	32.67	CHH
2	34952932	34953515	658	12	98.21	CG
2	34952932	34953515	338	102	76.82	CHG
2	34952932	34953515	417	2105	16.53	CHH
3	12710232	12710825	444	234	65.49	CG
3	12710232	12710825	205	161	56.01	CHG
3	12710232	12710825	768	1844	29.40	CHH
3	15612855	15613394	301	3	99.01	CG
3	15612855	15613394	504	73	87.35	CHG
3	15612855	15613394	1331	960	58.10	CHH
3	16165130	16166316	499	68	88.01	CG
3	16165130	16166316	423	300	58.51	CHG
3	16165130	16166316	1158	2231	34.17	CHH
3	16790757	16792301	1159	578	66.72	CG
3	16790757	16792301	554	607	47.72	CHG
3	16790757	16792301	942	4090	18.72	CHH
3	20791633	20793625	1246	313	79.92	CG
3	20791633	20793625	1183	712	62.43	CHG
3	20791633	20793625	2405	6154	28.10	CHH
3	22406159	22410666	1653	440	78.98	CG
3	22406159	22410666	2546	511	83.28	CHG
3	22406159	22410666	8275	8134	50.43	CHH
3	24566821	24572140	3125	101	96.87	CG
3	24566821	24572140	3390	489	87.39	CHG
3	24566821	24572140	5365	14573	26.91	CHH
3	24572855	24573143	164	4	97.62	CG
3	24572855	24573143	141	59	70.50	CHG
3	24572855	24573143	240	909	20.89	CHH
3	24601239	24602425	655	20	97.04	CG
3	24601239	24602425	692	214	76.38	CHG
3	24601239	24602425	746	3397	18.01	CHH
3	24602550	24603653	555	25	95.69	CG
3	24602550	24603653	483	97	83.28	CHG
3	24602550	24603653	951	3604	20.88	CHH
3	24603786	24605086	1059	29	97.33	CG
3	24603786	24605086	1034	215	82.79	CHG
3	24603786	24605086	1948	3602	35.10	CHH
3	24605202	24605537	142	5	96.60	CG
3	24605202	24605537	63	29	68.48	CHG
3	24605202	24605537	190	797	19.25	CHH
3	26123604	26125619	2012	57	97.25	CG
3	26123604	26125619	1403	253	84.72	CHG
3	26123604	26125619	1581	7056	18.30	CHH
3	27619055	27619377	105	6	94.59	CG
3	27619055	27619377	94	35	72.87	CHG
3	27619055	27619377	473	681	40.99	CHH
3	27619514	27621480	1056	982	51.82	CG
3	27619514	27621480	685	956	41.74	CHG
3	27619514	27621480	2296	4266	34.99	CHH
3	28510857	28511647	704	18	97.51	CG
3	28510857	28511647	415	125	76.85	CHG
3	28510857	28511647	1136	2422	31.93	CHH
3	29750151	29753862	2692	59	97.86	CG
3	29750151	29753862	1663	137	92.39	CHG
3	29750151	29753862	6861	8249	45.41	CHH
4	19682492	19683811	533	13	97.62	CG
4	19682492	19683811	270	83	76.49	CHG
4	19682492	19683811	1611	2092	43.51	CHH
4	20353569	20355893	967	2902	24.99	CG
4	20353569	20355893	555	1490	27.14	CHG
4	20353569	20355893	878	6890	11.30	CHH
4	35050583	35053502	2105	580	78.40	CG
4	35050583	35053502	1260	599	67.78	CHG
4	35050583	35053502	5126	5990	46.11	CHH
5	1134973	1135617	223	294	43.13	CG
5	1134973	1135617	210	675	23.73	CHG
5	1134973	1135617	212	2110	9.13	CHH
5	1135839	1136509	173	463	27.20	CG
5	1135839	1136509	151	661	18.60	CHG
5	1135839	1136509	513	1945	20.87	CHH
5	1681242	1683572	1592	213	88.20	CG
5	1681242	1683572	1289	530	70.86	CHG
5	1681242	1683572	2554	6267	28.95	CHH
5	4826765	4827938	420	11	97.45	CG
5	4826765	4827938	493	88	84.85	CHG
5	4826765	4827938	1628	2737	37.30	CHH
5	4828077	4828939	154	612	20.10	CG
5	4828077	4828939	272	502	35.14	CHG
5	4828077	4828939	1148	2493	31.53	CHH
5	4829016	4830108	675	66	91.09	CG
5	4829016	4830108	209	201	50.98	CHG
5	4829016	4830108	664	2122	23.83	CHH
5	4830234	4831171	213	439	32.67	CG
5	4830234	4831171	220	390	36.07	CHG
5	4830234	4831171	1169	2694	30.26	CHH
5	10917777	10919484	962	75	92.77	CG
5	10917777	10919484	883	517	63.07	CHG
5	10917777	10919484	2823	4368	39.26	CHH
5	10920452	10921894	852	577	59.62	CG
5	10920452	10921894	576	822	41.20	CHG
5	10920452	10921894	1130	4111	21.56	CHH
5	11242593	11245041	1407	46	96.83	CG
5	11242593	11245041	1940	165	92.16	CHG
5	11242593	11245041	3715	6515	36.31	CHH
5	16055530	16057857	1034	325	76.09	CG
5	16055530	16057857	534	896	37.34	CHG
5	16055530	16057857	2243	5721	28.16	CHH
5	25352498	25357219	2145	413	83.85	CG
5	25352498	25357219	2078	1331	60.96	CHG
5	25352498	25357219	7483	10022	42.75	CHH
5	26872353	26874199	701	577	54.85	CG
5	26872353	26874199	563	404	58.22	CHG
5	26872353	26874199	2689	4019	40.09	CHH
6	6078050	6080866	1513	44	97.17	CG
6	6078050	6080866	1838	627	74.56	CHG
6	6078050	6080866	3173	7162	30.70	CHH
6	7380338	7382317	635	2572	19.80	CG
6	7380338	7382317	611	1983	23.55	CHG
6	7380338	7382317	1608	5592	22.33	CHH
6	7535832	7537646	671	98	87.26	CG
6	7535832	7537646	589	302	66.11	CHG
6	7535832	7537646	2651	3103	46.07	CHH
6	7537740	7538960	1204	40	96.78	CG
6	7537740	7538960	737	166	81.62	CHG
6	7537740	7538960	2084	3590	36.73	CHH
6	11302246	11304945	1457	55	96.36	CG
6	11302246	11304945	1393	337	80.52	CHG
6	11302246	11304945	3588	5635	38.90	CHH
6	13427986	13432645	2635	53	98.03	CG
6	13427986	13432645	2595	575	81.86	CHG
6	13427986	13432645	7630	8727	46.65	CHH
6	17321399	17322324	105	82	56.15	CG
6	17321399	17322324	122	181	40.26	CHG
6	17321399	17322324	411	1492	21.60	CHH
6	18069876	18071348	794	15	98.15	CG
6	18069876	18071348	490	282	63.47	CHG
6	18069876	18071348	713	4148	14.67	CHH
6	19711136	19712026	200	803	19.94	CG
6	19711136	19712026	237	487	32.73	CHG
6	19711136	19712026	1191	2592	31.48	CHH
6	27799534	27800454	111	207	34.91	CG
6	27799534	27800454	91	368	19.83	CHG
6	27799534	27800454	372	2797	11.74	CHH
6	27801639	27803910	1952	336	85.31	CG
6	27801639	27803910	722	888	44.84	CHG
6	27801639	27803910	868	5133	14.46	CHH
6	27804002	27806413	1388	455	75.31	CG
6	27804002	27806413	989	1050	48.50	CHG
6	27804002	27806413	3047	5578	35.33	CHH
6	27807200	27809097	693	894	43.67	CG
6	27807200	27809097	972	1467	39.85	CHG
6	27807200	27809097	2790	5610	33.21	CHH
6	28518022	28518632	299	64	82.37	CG
6	28518022	28518632	317	249	56.01	CHG
6	28518022	28518632	866	2009	30.12	CHH
6	29376932	29380306	2307	103	95.73	CG
6	29376932	29380306	1931	332	85.33	CHG
6	29376932	29380306	5458	5341	50.54	CHH
7	998684	999693	267	156	63.12	CG
7	998684	999693	439	493	47.10	CHG
7	998684	999693	1031	3381	23.37	CHH
7	4348717	4353078	3069	122	96.18	CG
7	4348717	4353078	2059	614	77.03	CHG
7	4348717	4353078	5526	9318	37.23	CHH
7	4372878	4376312	1164	276	80.83	CG
7	4372878	4376312	982	667	59.55	CHG
7	4372878	4376312	5595	6096	47.86	CHH
7	8295268	8297360	633	21	96.79	CG
7	8295268	8297360	815	177	82.16	CHG
7	8295268	8297360	2050	3691	35.71	CHH
7	8297456	8298242	227	8	96.60	CG
7	8297456	8298242	303	92	76.71	CHG
7	8297456	8298242	632	1428	30.68	CHH
7	15712666	15714876	1834	1453	55.80	CG
7	15712666	15714876	764	1309	36.85	CHG
7	15712666	15714876	1607	6802	19.11	CHH
7	15714975	15716282	491	180	73.17	CG
7	15714975	15716282	672	328	67.20	CHG
7	15714975	15716282	1654	1956	45.82	CHH
7	15716649	15718051	817	657	55.43	CG
7	15716649	15718051	417	627	39.94	CHG
7	15716649	15718051	1231	3740	24.76	CHH
7	15987635	15990381	1140	143	88.85	CG
7	15987635	15990381	1123	526	68.10	CHG
7	15987635	15990381	4350	6776	39.10	CHH
7	20001702	20003835	1806	255	87.63	CG
7	20001702	20003835	901	729	55.28	CHG
7	20001702	20003835	1412	5683	19.90	CHH
7	20003935	20004681	525	491	51.67	CG
7	20003935	20004681	207	672	23.55	CHG
7	20003935	20004681	568	2582	18.03	CHH
7	22460398	22460784	54	649	7.68	CG
7	22460398	22460784	52	338	13.33	CHG
7	22460398	22460784	412	1173	25.99	CHH
8	5778017	5780215	979	370	72.57	CG
8	5778017	5780215	701	507	58.03	CHG
8	5778017	5780215	2536	3449	42.37	CHH
8	7765923	7767569	879	20	97.78	CG
8	7765923	7767569	1579	400	79.79	CHG
8	7765923	7767569	1046	6716	13.48	CHH
8	7767694	7769902	953	45	95.49	CG
8	7767694	7769902	935	294	76.08	CHG
8	7767694	7769902	2106	5574	27.42	CHH
8	7990731	7992320	1204	213	84.97	CG
8	7990731	7992320	566	292	65.97	CHG
8	7990731	7992320	1145	4180	21.50	CHH
8	9447347	9448071	301	914	24.77	CG
8	9447347	9448071	185	737	20.07	CHG
8	9447347	9448071	589	2662	18.12	CHH
8	10491753	10499575	7401	1004	88.05	CG
8	10491753	10499575	4392	2275	65.88	CHG
8	10491753	10499575	5567	24348	18.61	CHH
8	15455254	15462092	4374	122	97.29	CG
8	15455254	15462092	3275	611	84.28	CHG
8	15455254	15462092	11740	12248	48.94	CHH
8	16976241	16978812	886	21	97.68	CG
8	16976241	16978812	1876	290	86.61	CHG
8	16976241	16978812	1784	8778	16.89	CHH
8	20980680	20981047	57	194	22.71	CG
8	20980680	20981047	40	195	17.02	CHG
8	20980680	20981047	214	633	25.27	CHH
8	21691415	21692643	518	13	97.55	CG
8	21691415	21692643	371	93	79.96	CHG
8	21691415	21692643	1093	2422	31.10	CHH
8	21692742	21695254	1346	252	84.23	CG
8	21692742	21695254	1365	633	68.32	CHG
8	21692742	21695254	3719	6150	37.68	CHH
8	27145493	27147151	555	308	64.31	CG
8	27145493	27147151	353	269	56.75	CHG
8	27145493	27147151	3159	3815	45.30	CHH
9	12621913	12622831	548	646	45.90	CG
9	12621913	12622831	293	348	45.71	CHG
9	12621913	12622831	1483	3230	31.47	CHH
9	12622904	12623419	281	530	34.65	CG
9	12622904	12623419	244	254	49.00	CHG
9	12622904	12623419	922	1114	45.28	CHH
9	15228205	15229508	641	270	70.36	CG
9	15228205	15229508	499	461	51.98	CHG
9	15228205	15229508	1574	3133	33.44	CHH
9	16723080	16726848	2090	130	94.14	CG
9	16723080	16726848	1593	369	81.19	CHG
9	16723080	16726848	5061	8200	38.16	CHH
10	403342	404217	562	148	79.15	CG
10	403342	404217	392	443	46.95	CHG
10	403342	404217	1130	1598	41.42	CHH
10	707135	707747	419	92	82.00	CG
10	707135	707747	257	330	43.78	CHG
10	707135	707747	689	872	44.14	CHH
10	708160	710157	2029	56	97.31	CG
10	708160	710157	1269	325	79.61	CHG
10	708160	710157	2207	4113	34.92	CHH
10	5928508	5929269	462	11	97.67	CG
10	5928508	5929269	566	133	80.97	CHG
10	5928508	5929269	1031	2173	32.18	CHH
10	5929420	5932408	2430	222	91.63	CG
10	5929420	5932408	1878	1322	58.69	CHG
10	5929420	5932408	4772	6541	42.18	CHH
10	5932682	5933500	137	740	15.62	CG
10	5932682	5933500	122	562	17.84	CHG
10	5932682	5933500	872	2556	25.44	CHH
10	5933589	5934240	286	896	24.20	CG
10	5933589	5934240	261	920	22.10	CHG
10	5933589	5934240	633	2268	21.82	CHH
10	15986962	15991252	2662	96	96.52	CG
10	15986962	15991252	1955	989	66.41	CHG
10	15986962	15991252	4949	11223	30.60	CHH
10	16004291	16005179	164	1355	10.80	CG
10	16004291	16005179	300	905	24.90	CHG
10	16004291	16005179	1069	1895	36.07	CHH
10	16006405	16007058	275	770	26.32	CG
10	16006405	16007058	407	514	44.19	CHG
10	16006405	16007058	973	1594	37.90	CHH
10	20777395	20778645	567	20	96.59	CG
10	20777395	20778645	569	83	87.27	CHG
10	20777395	20778645	1979	1535	56.32	CHH
11	2541477	2543903	131	986	11.73	CG
11	2541477	2543903	149	3111	4.57	CHG
11	2541477	2543903	709	11071	6.02	CHH
11	3230260	3231735	1163	140	89.26	CG
11	3230260	3231735	685	442	60.78	CHG
11	3230260	3231735	2148	2923	42.36	CHH
11	3231885	3232407	179	152	54.08	CG
11	3231885	3232407	150	133	53.00	CHG
11	3231885	3232407	584	638	47.79	CHH
11	7333461	7334651	508	506	50.10	CG
11	7333461	7334651	462	334	58.04	CHG
11	7333461	7334651	1042	1671	38.41	CHH
11	7731058	7734524	1135	63	94.74	CG
11	7731058	7734524	1610	327	83.12	CHG
11	7731058	7734524	6679	7011	48.79	CHH
11	7734625	7735554	283	8	97.25	CG
11	7734625	7735554	244	101	70.72	CHG
11	7734625	7735554	790	2484	24.13	CHH
11	7740136	7741715	1131	161	87.54	CG
11	7740136	7741715	919	284	76.39	CHG
11	7740136	7741715	2206	2864	43.51	CHH
11	7741937	7742453	437	84	83.88	CG
11	7741937	7742453	305	209	59.34	CHG
11	7741937	7742453	618	776	44.33	CHH
11	16330924	16332019	260	320	44.83	CG
11	16330924	16332019	362	777	31.78	CHG
11	16330924	16332019	1262	3114	28.84	CHH
11	16332352	16336726	3070	468	86.77	CG
11	16332352	16336726	2752	887	75.63	CHG
11	16332352	16336726	8683	8928	49.30	CHH
11	19254506	19255920	805	413	66.09	CG
11	19254506	19255920	470	516	47.67	CHG
11	19254506	19255920	876	2652	24.83	CHH
11	20707200	20708263	244	107	69.52	CG
11	20707200	20708263	387	241	61.62	CHG
11	20707200	20708263	1072	1430	42.85	CHH
11	24387298	24390013	1433	478	74.99	CG
11	24387298	24390013	2084	2007	50.94	CHG
11	24387298	24390013	900	14635	5.79	CHH
11	24390912	24392970	574	9	98.46	CG
11	24390912	24392970	1491	395	79.06	CHG
11	24390912	24392970	2325	5458	29.87	CHH
11	24393231	24394638	1237	34	97.32	CG
11	24393231	24394638	1031	290	78.05	CHG
11	24393231	24394638	2012	2701	42.69	CHH
11	27017498	27019274	677	47	93.51	CG
11	27017498	27019274	697	815	46.10	CHG
11	27017498	27019274	1907	4686	28.92	CHH
12	4729330	4730513	495	35	93.40	CG
12	4729330	4730513	339	155	68.62	CHG
12	4729330	4730513	1141	3677	23.68	CHH
12	4730781	4736244	2306	80	96.65	CG
12	4730781	4736244	2589	506	83.65	CHG
12	4730781	4736244	11167	10741	50.97	CHH
12	4736420	4737295	404	127	76.08	CG
12	4736420	4737295	373	168	68.95	CHG
12	4736420	4737295	1366	1107	55.24	CHH
12	4899872	4901766	1305	43	96.81	CG
12	4899872	4901766	899	472	65.57	CHG
12	4899872	4901766	2024	4621	30.46	CHH
12	4912416	4913853	2259	90	96.17	CG
12	4912416	4913853	1364	706	65.89	CHG
12	4912416	4913853	2028	5436	27.17	CHH
12	4913948	4915922	616	16	97.47	CG
12	4913948	4915922	1139	365	75.73	CHG
12	4913948	4915922	2701	4854	35.75	CHH
12	17500154	17503828	1410	1084	56.54	CG
12	17500154	17503828	1376	1324	50.96	CHG
12	17500154	17503828	6191	10064	38.09	CHH
12	17984443	17985623	186	720	20.53	CG
12	17984443	17985623	283	738	27.72	CHG
12	17984443	17985623	903	3343	21.27	CHH
12	17985763	17986319	225	41	84.59	CG
12	17985763	17986319	82	42	66.13	CHG
12	17985763	17986319	571	815	41.20	CHH
12	18392209	18392790	165	201	45.08	CG
12	18392209	18392790	125	320	28.09	CHG
12	18392209	18392790	307	1789	14.65	CHH
12	18393154	18394277	171	337	33.66	CG
12	18393154	18394277	169	249	40.43	CHG
12	18393154	18394277	1500	2237	40.14	CHH
12	18395685	18396921	348	1343	20.58	CG
12	18395685	18396921	322	1383	18.89	CHG
12	18395685	18396921	1016	3965	20.40	CHH
12	24728410	24730458	911	474	65.78	CG
12	24728410	24730458	1120	826	57.55	CHG
12	24728410	24730458	2585	2480	51.04	CHH
12	24730552	24734596	2800	577	82.91	CG
12	24730552	24734596	2402	1415	62.93	CHG
12	24730552	24734596	4630	8380	35.59	CHH
