1	104478	104599	2	0	100.00	CG
1	104478	104599	1	0	100.00	CHG
1	104478	104599	0	3	0.00	CHH
1	521199	522723	764	1297	37.07	CG
1	521199	522723	11	1946	0.56	CHG
1	521199	522723	32	8409	0.38	CHH
1	718927	719135	0	227	0.00	CG
1	718927	719135	2	362	0.55	CHG
1	718927	719135	9	1614	0.55	CHH
1	1687637	1688991	2	1067	0.19	CG
1	1687637	1688991	7	1268	0.55	CHG
1	1687637	1688991	16	5217	0.31	CHH
1	1781116	1781366	3	501	0.60	CG
1	1781116	1781366	1	180	0.55	CHG
1	1781116	1781366	2	310	0.64	CHH
1	2137510	2140455	291	5347	5.16	CG
1	2137510	2140455	295	4197	6.57	CHG
1	2137510	2140455	438	14363	2.96	CHH
1	2172488	2172625	23	65	26.14	CG
1	2172488	2172625	6	612	0.97	CHH
1	2198640	2199644	884	24	97.36	CG
1	2198640	2199644	441	206	68.16	CHG
1	2198640	2199644	78	886	8.09	CHH
1	2541454	2541598	62	93	40.00	CG
1	2541454	2541598	21	67	23.86	CHG
1	2541454	2541598	45	526	7.88	CHH
1	2579778	2580676	737	257	74.14	CG
1	2579778	2580676	12	1266	0.94	CHG
1	2579778	2580676	15	3648	0.41	CHH
1	3016827	3017062	3	875	0.34	CG
1	3016827	3017062	3	428	0.70	CHG
1	3016827	3017062	5	1255	0.40	CHH
1	4122738	4127182	861	3200	21.20	CG
1	4122738	4127182	114	5808	1.93	CHG
1	4122738	4127182	1001	14427	6.49	CHH
1	4510347	4510477	18	1	94.74	CG
1	4510347	4510477	7	26	21.21	CHG
1	4510347	4510477	67	264	20.24	CHH
1	4702022	4702256	31	106	22.63	CG
1	4702022	4702256	1	73	1.35	CHG
1	4702022	4702256	22	196	10.09	CHH
1	5814441	5815039	0	205	0.00	CG
1	5814441	5815039	5	498	0.99	CHG
1	5814441	5815039	3	2197	0.14	CHH
1	6934697	6934863	249	10	96.14	CG
1	6934697	6934863	113	20	84.96	CHG
1	6934697	6934863	68	451	13.10	CHH
1	7198017	7199243	784	22	97.27	CG
1	7198017	7199243	18	1347	1.32	CHG
1	7198017	7199243	41	4887	0.83	CHH
1	7302410	7302594	1	317	0.31	CG
1	7302410	7302594	0	121	0.00	CHG
1	7302410	7302594	2	730	0.27	CHH
1	7518469	7519081	0	365	0.00	CG
1	7518469	7519081	4	386	1.03	CHG
1	7518469	7519081	18	1542	1.15	CHH
1	7690448	7691550	7	1791	0.39	CG
1	7690448	7691550	5	1530	0.33	CHG
1	7690448	7691550	14	4930	0.28	CHH
1	8124136	8124703	387	15	96.27	CG
1	8124136	8124703	212	98	68.39	CHG
1	8124136	8124703	125	1369	8.37	CHH
1	8426975	8427236	75	26	74.26	CG
1	8426975	8427236	2	325	0.61	CHG
1	8426975	8427236	5	853	0.58	CHH
1	8831214	8831605	317	8	97.54	CG
1	8831214	8831605	179	88	67.04	CHG
1	8831214	8831605	47	1535	2.97	CHH
1	8866192	8866541	66	1	98.51	CG
1	8866192	8866541	24	15	61.54	CHG
1	8866192	8866541	10	130	7.14	CHH
1	9124022	9124118	52	1	98.11	CG
1	9124022	9124118	132	27	83.02	CHG
1	9124022	9124118	69	206	25.09	CHH
1	9260960	9261224	58	2	96.67	CG
1	9260960	9261224	0	201	0.00	CHG
1	9260960	9261224	5	1055	0.47	CHH
1	9681083	9681232	37	19	66.07	CG
1	9681083	9681232	48	127	27.43	CHH
1	9734291	9734532	0	157	0.00	CG
1	9734291	9734532	1	39	2.50	CHG
1	9734291	9734532	19	718	2.58	CHH
1	10263106	10263294	0	248	0.00	CG
1	10263106	10263294	2	164	1.20	CHG
1	10263106	10263294	1	297	0.34	CHH
1	10401973	10403052	33	1406	2.29	CG
1	10401973	10403052	35	919	3.67	CHG
1	10401973	10403052	89	4276	2.04	CHH
1	10417094	10417664	679	25	96.45	CG
1	10417094	10417664	927	109	89.48	CHG
1	10417094	10417664	114	3535	3.12	CHH
1	10590568	10590704	1	60	1.64	CG
1	10590568	10590704	0	60	0.00	CHG
1	10590568	10590704	0	187	0.00	CHH
1	10793800	10794970	166	5	97.08	CG
1	10793800	10794970	39	26	60.00	CHG
1	10793800	10794970	84	404	17.21	CHH
1	11027002	11027352	168	7	96.00	CG
1	11027002	11027352	3	372	0.80	CHG
1	11027002	11027352	11	1782	0.61	CHH
1	11745247	11745281	1	187	0.53	CG
1	11745247	11745281	0	91	0.00	CHG
1	11745247	11745281	1	162	0.61	CHH
1	11861007	11861467	395	11	97.29	CG
1	11861007	11861467	202	96	67.79	CHG
1	11861007	11861467	128	1261	9.22	CHH
1	11988203	11988342	2	496	0.40	CG
1	11988203	11988342	1	291	0.34	CHG
1	11988203	11988342	3	324	0.92	CHH
1	12157565	12159139	31	7157	0.43	CG
1	12157565	12159139	13	3743	0.35	CHG
1	12157565	12159139	30	6644	0.45	CHH
1	12279664	12280353	4	1391	0.29	CG
1	12279664	12280353	4	782	0.51	CHG
1	12279664	12280353	4	2061	0.19	CHH
1	12444629	12444759	172	5	97.18	CG
1	12444629	12444759	132	8	94.29	CHG
1	12444629	12444759	14	599	2.28	CHH
1	12851686	12853647	290	388	42.77	CG
1	12851686	12853647	70	2903	2.35	CHG
1	12851686	12853647	250	10359	2.36	CHH
1	12977793	12977914	34	2	94.44	CG
1	12977793	12977914	4	238	1.65	CHH
1	14112270	14112409	0	69	0.00	CHH
1	14747584	14748346	7	663	1.04	CG
1	14747584	14748346	15	1430	1.04	CHG
1	14747584	14748346	51	4001	1.26	CHH
1	15010958	15011724	0	10	0.00	CHG
1	15010958	15011724	0	43	0.00	CHH
1	15208882	15210074	383	25	93.87	CG
1	15208882	15210074	132	78	62.86	CHG
1	15208882	15210074	38	1712	2.17	CHH
1	15318812	15319293	807	27	96.76	CG
1	15318812	15319293	541	90	85.74	CHG
1	15318812	15319293	59	1443	3.93	CHH
1	15355785	15357554	465	1364	25.42	CG
1	15355785	15357554	342	2202	13.44	CHG
1	15355785	15357554	488	7781	5.90	CHH
1	16453284	16453501	0	12	0.00	CG
1	16453284	16453501	2	30	6.25	CHG
1	16453284	16453501	18	212	7.83	CHH
1	16722902	16723067	5	247	1.98	CG
1	16722902	16723067	3	96	3.03	CHG
1	16722902	16723067	4	1005	0.40	CHH
1	17385639	17385733	2	72	2.70	CHG
1	17385639	17385733	1	240	0.41	CHH
1	17522237	17522624	591	24	96.10	CG
1	17522237	17522624	468	101	82.25	CHG
1	17522237	17522624	38	1300	2.84	CHH
1	17762690	17767322	610	3116	16.37	CG
1	17762690	17767322	632	3170	16.62	CHG
1	17762690	17767322	2397	13071	15.50	CHH
1	17768299	17768525	2	142	1.39	CG
1	17768299	17768525	0	114	0.00	CHG
1	17768299	17768525	2	557	0.36	CHH
1	17915233	17918918	1195	1264	48.60	CG
1	17915233	17918918	656	1269	34.08	CHG
1	17915233	17918918	1865	8208	18.51	CHH
1	18479814	18481021	220	278	44.18	CG
1	18479814	18481021	57	384	12.93	CHG
1	18479814	18481021	134	2786	4.59	CHH
1	18515221	18516018	343	14	96.08	CG
1	18515221	18516018	286	45	86.40	CHG
1	18515221	18516018	75	942	7.37	CHH
1	18605306	18605413	39	2	95.12	CG
1	18605306	18605413	1	131	0.76	CHG
1	18605306	18605413	6	737	0.81	CHH
1	18679398	18679609	136	2	98.55	CG
1	18679398	18679609	222	12	94.87	CHG
1	18679398	18679609	67	1075	5.87	CHH
1	18781271	18781897	24	606	3.81	CG
1	18781271	18781897	20	1068	1.84	CHG
1	18781271	18781897	72	2045	3.40	CHH
1	19418149	19418371	245	8	96.84	CG
1	19418149	19418371	165	77	68.18	CHG
1	19418149	19418371	37	1237	2.90	CHH
1	19588801	19588982	80	2	97.56	CG
1	19588801	19588982	29	6	82.86	CHG
1	19588801	19588982	8	196	3.92	CHH
1	19807993	19809436	891	22	97.59	CG
1	19807993	19809436	231	93	71.30	CHG
1	19807993	19809436	114	2249	4.82	CHH
1	20220915	20221138	446	14	96.96	CG
1	20220915	20221138	137	53	72.11	CHG
1	20220915	20221138	18	814	2.16	CHH
1	20351135	20352592	827	371	69.03	CG
1	20351135	20352592	16	2598	0.61	CHG
1	20351135	20352592	55	7805	0.70	CHH
1	20353735	20353818	28	0	100.00	CG
1	20353735	20353818	0	110	0.00	CHG
1	20353735	20353818	1	259	0.38	CHH
1	20699332	20703291	1276	2126	37.51	CG
1	20699332	20703291	569	3552	13.81	CHG
1	20699332	20703291	670	13376	4.77	CHH
1	20759940	20760412	425	11	97.48	CG
1	20759940	20760412	449	68	86.85	CHG
1	20759940	20760412	113	1403	7.45	CHH
1	22217602	22218470	347	576	37.59	CG
1	22217602	22218470	135	737	15.48	CHG
1	22217602	22218470	405	2505	13.92	CHH
1	22349537	22349928	22	533	3.96	CG
1	22349537	22349928	2	426	0.47	CHG
1	22349537	22349928	7	1085	0.64	CHH
1	22963853	22963900	0	44	0.00	CHG
1	22963853	22963900	1	81	1.22	CHH
1	23088705	23088935	0	240	0.00	CG
1	23088705	23088935	0	172	0.00	CHG
1	23088705	23088935	3	836	0.36	CHH
1	23190581	23192012	517	72	87.78	CG
1	23190581	23192012	122	1773	6.44	CHG
1	23190581	23192012	148	8277	1.76	CHH
1	23334619	23337433	1023	1495	40.63	CG
1	23334619	23337433	167	4182	3.84	CHG
1	23334619	23337433	152	11595	1.29	CHH
1	23865834	23867004	757	504	60.03	CG
1	23865834	23867004	389	881	30.63	CHG
1	23865834	23867004	580	3072	15.88	CHH
1	24056015	24058047	97	2136	4.34	CG
1	24056015	24058047	91	1621	5.32	CHG
1	24056015	24058047	130	6568	1.94	CHH
1	24127473	24127717	121	50	70.76	CG
1	24127473	24127717	1	231	0.43	CHG
1	24127473	24127717	7	1079	0.64	CHH
1	24218590	24218768	20	129	13.42	CG
1	24218590	24218768	10	91	9.90	CHG
1	24218590	24218768	5	732	0.68	CHH
1	24367289	24368699	517	1789	22.42	CG
1	24367289	24368699	181	2309	7.27	CHG
1	24367289	24368699	608	6569	8.47	CHH
1	24540618	24541036	210	6	97.22	CG
1	24540618	24541036	4	419	0.95	CHG
1	24540618	24541036	6	1748	0.34	CHH
1	25075086	25078372	39	7171	0.54	CG
1	25075086	25078372	23	6214	0.37	CHG
1	25075086	25078372	65	15395	0.42	CHH
1	26189136	26189851	118	544	17.82	CG
1	26189136	26189851	11	1707	0.64	CHG
1	26189136	26189851	14	3818	0.37	CHH
1	27455091	27455579	407	10	97.60	CG
1	27455091	27455579	373	85	81.44	CHG
1	27455091	27455579	67	1158	5.47	CHH
1	27505658	27505866	0	42	0.00	CG
1	27505658	27505866	1	186	0.53	CHG
1	27505658	27505866	2	658	0.30	CHH
1	27576543	27577893	1143	44	96.29	CG
1	27576543	27577893	699	114	85.98	CHG
1	27576543	27577893	482	5442	8.14	CHH
1	28118813	28118935	0	74	0.00	CG
1	28118813	28118935	0	217	0.00	CHG
1	28118813	28118935	7	735	0.94	CHH
1	29188109	29189334	18	2507	0.71	CG
1	29188109	29189334	13	1553	0.83	CHG
1	29188109	29189334	508	5032	9.17	CHH
1	29223726	29224697	190	2665	6.65	CG
1	29223726	29224697	21	1326	1.56	CHG
1	29223726	29224697	619	3777	14.08	CHH
1	29881105	29881917	245	26	90.41	CG
1	29881105	29881917	233	59	79.79	CHG
1	29881105	29881917	62	1069	5.48	CHH
1	29892038	29892362	3	21	12.50	CG
1	29892038	29892362	2	102	1.92	CHG
1	29892038	29892362	5	838	0.59	CHH
1	30396534	30396644	0	258	0.00	CG
1	30396534	30396644	1	343	0.29	CHG
1	30396534	30396644	1	520	0.19	CHH
1	30947617	30952229	2119	851	71.35	CG
1	30947617	30952229	790	3963	16.62	CHG
1	30947617	30952229	305	19620	1.53	CHH
1	30988314	30988439	12	1	92.31	CG
1	30988314	30988439	36	40	47.37	CHG
1	30988314	30988439	5	161	3.01	CHH
1	31131639	31132785	397	1850	17.67	CG
1	31131639	31132785	19	2577	0.73	CHG
1	31131639	31132785	44	5737	0.76	CHH
1	32136432	32136605	0	95	0.00	CG
1	32136432	32136605	2	300	0.66	CHG
1	32136432	32136605	4	747	0.53	CHH
1	33466485	33466748	242	6	97.58	CG
1	33466485	33466748	120	35	77.42	CHG
1	33466485	33466748	112	694	13.90	CHH
1	34289798	34291348	321	732	30.48	CG
1	34289798	34291348	228	1047	17.88	CHG
1	34289798	34291348	654	4437	12.85	CHH
1	34550341	34550600	1	169	0.59	CG
1	34550341	34550600	2	267	0.74	CHG
1	34550341	34550600	7	1046	0.66	CHH
1	34749495	34752244	1490	165	90.03	CG
1	34749495	34752244	1472	541	73.12	CHG
1	34749495	34752244	862	6962	11.02	CHH
1	34928206	34928387	102	3	97.14	CG
1	34928206	34928387	329	22	93.73	CHG
1	34928206	34928387	48	698	6.43	CHH
1	34990120	34992796	1762	670	72.45	CG
1	34990120	34992796	846	912	48.12	CHG
1	34990120	34992796	1489	6398	18.88	CHH
1	35760612	35760952	2	179	1.10	CG
1	35760612	35760952	1	210	0.47	CHG
1	35760612	35760952	5	1154	0.43	CHH
1	35959231	35959351	0	84	0.00	CG
1	35959231	35959351	0	123	0.00	CHG
1	35959231	35959351	3	613	0.49	CHH
1	36112505	36112684	133	49	73.08	CG
1	36112505	36112684	37	43	46.25	CHG
1	36112505	36112684	107	397	21.23	CHH
1	36163384	36164022	92	645	12.48	CG
1	36163384	36164022	74	672	9.92	CHG
1	36163384	36164022	235	2941	7.40	CHH
1	36208524	36209666	614	22	96.54	CG
1	36208524	36209666	810	196	80.52	CHG
1	36208524	36209666	103	4884	2.07	CHH
1	36479686	36479935	55	765	6.71	CG
1	36479686	36479935	1	304	0.33	CHG
1	36479686	36479935	10	1437	0.69	CHH
1	36890844	36891048	103	41	71.53	CG
1	36890844	36891048	85	48	63.91	CHG
1	36890844	36891048	203	558	26.68	CHH
1	37118562	37118725	0	79	0.00	CG
1	37118562	37118725	0	215	0.00	CHG
1	37118562	37118725	2	1000	0.20	CHH
1	37253827	37256063	1455	72	95.28	CG
1	37253827	37256063	1128	211	84.24	CHG
1	37253827	37256063	657	4883	11.86	CHH
1	37757198	37758019	207	1018	16.90	CG
1	37757198	37758019	97	500	16.25	CHG
1	37757198	37758019	404	2058	16.41	CHH
1	39603253	39603550	65	6	91.55	CG
1	39603253	39603550	0	281	0.00	CHG
1	39603253	39603550	2	743	0.27	CHH
1	40609311	40609427	34	5	87.18	CG
1	40609311	40609427	3	230	1.29	CHG
1	40609311	40609427	3	584	0.51	CHH
1	40785754	40786192	63	47	57.27	CG
1	40785754	40786192	9	801	1.11	CHG
1	40785754	40786192	7	2077	0.34	CHH
1	41209454	41212661	864	3307	20.71	CG
1	41209454	41212661	465	2344	16.55	CHG
1	41209454	41212661	1228	8091	13.18	CHH
1	42990884	42991140	34	0	100.00	CG
1	42990884	42991140	28	2	93.33	CHG
1	42990884	42991140	21	142	12.88	CHH
2	38468	38578	27	1	96.43	CG
2	38468	38578	5	88	5.38	CHG
2	38468	38578	10	273	3.53	CHH
2	578331	578545	60	0	100.00	CG
2	578331	578545	4	658	0.60	CHG
2	578331	578545	7	1748	0.40	CHH
2	1736612	1736996	208	138	60.12	CG
2	1736612	1736996	2	725	0.28	CHG
2	1736612	1736996	10	1873	0.53	CHH
2	2004107	2004464	0	132	0.00	CG
2	2004107	2004464	3	677	0.44	CHG
2	2004107	2004464	4	1969	0.20	CHH
2	2225031	2228646	3051	302	90.99	CG
2	2225031	2228646	2038	1226	62.44	CHG
2	2225031	2228646	2283	12361	15.59	CHH
2	2448881	2450073	165	111	59.78	CG
2	2448881	2450073	312	1242	20.08	CHG
2	2448881	2450073	772	4274	15.30	CHH
2	2455636	2457226	1587	49	97.00	CG
2	2455636	2457226	1099	349	75.90	CHG
2	2455636	2457226	117	2538	4.41	CHH
2	2916264	2916496	62	0	100.00	CG
2	2916264	2916496	3	252	1.18	CHG
2	2916264	2916496	6	1055	0.57	CHH
2	3153141	3153726	328	64	83.67	CG
2	3153141	3153726	444	119	78.86	CHG
2	3153141	3153726	128	1939	6.19	CHH
2	3584767	3584907	89	5	94.68	CG
2	3584767	3584907	57	21	73.08	CHG
2	3584767	3584907	162	216	42.86	CHH
2	3668130	3671654	1899	1693	52.87	CG
2	3668130	3671654	990	2196	31.07	CHG
2	3668130	3671654	742	8894	7.70	CHH
2	4394475	4394720	1	59	1.67	CG
2	4394475	4394720	4	213	1.84	CHG
2	4394475	4394720	14	492	2.77	CHH
2	4735326	4735671	5	425	1.16	CG
2	4735326	4735671	6	447	1.32	CHG
2	4735326	4735671	6	1237	0.48	CHH
2	4930376	4930562	114	2	98.28	CG
2	4930376	4930562	7	18	28.00	CHG
2	4930376	4930562	8	460	1.71	CHH
2	6097195	6097472	0	150	0.00	CG
2	6097195	6097472	3	375	0.79	CHG
2	6097195	6097472	5	841	0.59	CHH
2	6194639	6194966	2	201	0.99	CG
2	6194639	6194966	2	316	0.63	CHG
2	6194639	6194966	23	1713	1.32	CHH
2	6477169	6477370	136	46	74.73	CG
2	6477169	6477370	1	268	0.37	CHG
2	6477169	6477370	3	1144	0.26	CHH
2	6479819	6479943	2	428	0.47	CHG
2	6479819	6479943	4	1093	0.36	CHH
2	7634883	7634997	1	372	0.27	CG
2	7634883	7634997	0	197	0.00	CHG
2	7634883	7634997	3	398	0.75	CHH
2	9263789	9264764	289	3	98.97	CG
2	9263789	9264764	187	36	83.86	CHG
2	9263789	9264764	22	491	4.29	CHH
2	10881944	10882136	1	127	0.78	CG
2	10881944	10882136	3	147	2.00	CHG
2	10881944	10882136	3	823	0.36	CHH
2	11520851	11521291	88	69	56.05	CG
2	11520851	11521291	21	47	30.88	CHG
2	11520851	11521291	81	448	15.31	CHH
2	11599189	11600489	241	565	29.90	CG
2	11599189	11600489	84	655	11.37	CHG
2	11599189	11600489	201	3152	5.99	CHH
2	11939679	11939936	28	1	96.55	CG
2	11939679	11939936	2	158	1.25	CHG
2	11939679	11939936	11	926	1.17	CHH
2	12352060	12352584	516	15	97.18	CG
2	12352060	12352584	422	82	83.73	CHG
2	12352060	12352584	62	1271	4.65	CHH
2	12492889	12493008	5	554	0.89	CG
2	12492889	12493008	1	304	0.33	CHG
2	12492889	12493008	1	416	0.24	CHH
2	12583382	12585233	788	258	75.33	CG
2	12583382	12585233	198	2069	8.73	CHG
2	12583382	12585233	185	7606	2.37	CHH
2	14258242	14258497	138	6	95.83	CG
2	14258242	14258497	90	18	83.33	CHG
2	14258242	14258497	23	571	3.87	CHH
2	14381584	14382260	351	12	96.69	CG
2	14381584	14382260	135	233	36.68	CHG
2	14381584	14382260	55	2195	2.44	CHH
2	14883666	14884152	476	24	95.20	CG
2	14883666	14884152	486	72	87.10	CHG
2	14883666	14884152	121	1657	6.81	CHH
2	15077160	15080035	3287	98	97.10	CG
2	15077160	15080035	2232	586	79.21	CHG
2	15077160	15080035	398	9845	3.89	CHH
2	15300768	15301020	185	8	95.85	CG
2	15300768	15301020	417	84	83.23	CHG
2	15300768	15301020	28	1408	1.95	CHH
2	16462100	16462683	559	128	81.37	CG
2	16462100	16462683	266	618	30.09	CHG
2	16462100	16462683	181	2956	5.77	CHH
2	16469340	16469527	307	6	98.08	CG
2	16469340	16469527	150	71	67.87	CHG
2	16469340	16469527	9	502	1.76	CHH
2	16575455	16575576	53	129	29.12	CG
2	16575455	16575576	7	49	12.50	CHG
2	16575455	16575576	73	496	12.83	CHH
2	16909276	16909402	24	1	96.00	CG
2	16909276	16909402	1	9	10.00	CHG
2	16909276	16909402	85	166	33.86	CHH
2	17470250	17470459	126	7	94.74	CG
2	17470250	17470459	130	16	89.04	CHG
2	17470250	17470459	36	1082	3.22	CHH
2	17693456	17694041	352	295	54.40	CG
2	17693456	17694041	96	453	17.49	CHG
2	17693456	17694041	71	1611	4.22	CHH
2	17846367	17846587	2	466	0.43	CG
2	17846367	17846587	0	185	0.00	CHG
2	17846367	17846587	3	599	0.50	CHH
2	18156897	18157229	457	21	95.61	CG
2	18156897	18157229	211	50	80.84	CHG
2	18156897	18157229	34	654	4.94	CHH
2	19262811	19262974	135	0	100.00	CG
2	19262811	19262974	7	88	7.37	CHG
2	19262811	19262974	4	994	0.40	CHH
2	19369504	19369623	281	6	97.91	CG
2	19369504	19369623	148	28	84.09	CHG
2	19369504	19369623	17	317	5.09	CHH
2	19649757	19649896	4	525	0.76	CG
2	19649757	19649896	1	250	0.40	CHG
2	19649757	19649896	1	485	0.21	CHH
2	20077988	20078291	272	32	89.47	CG
2	20077988	20078291	117	72	61.90	CHG
2	20077988	20078291	160	865	15.61	CHH
2	22210158	22210334	12	367	3.17	CG
2	22210158	22210334	1	136	0.73	CHG
2	22210158	22210334	20	929	2.11	CHH
2	22275294	22275439	0	43	0.00	CG
2	22275294	22275439	0	201	0.00	CHG
2	22275294	22275439	3	885	0.34	CHH
2	22587752	22588156	348	17	95.34	CG
2	22587752	22588156	158	180	46.75	CHG
2	22587752	22588156	179	1309	12.03	CHH
2	22836225	22836730	0	554	0.00	CG
2	22836225	22836730	4	570	0.70	CHG
2	22836225	22836730	5	1892	0.26	CHH
2	22982677	22982914	1	40	2.44	CG
2	22982677	22982914	9	388	2.27	CHG
2	22982677	22982914	23	1496	1.51	CHH
2	23033077	23033411	43	204	17.41	CG
2	23033077	23033411	74	443	14.31	CHG
2	23033077	23033411	94	1140	7.62	CHH
2	23394395	23395510	1009	338	74.91	CG
2	23394395	23395510	206	1536	11.83	CHG
2	23394395	23395510	78	5304	1.45	CHH
2	23471507	23472492	156	6	96.30	CG
2	23471507	23472492	239	48	83.28	CHG
2	23471507	23472492	98	1185	7.64	CHH
2	24044095	24044460	415	14	96.74	CG
2	24044095	24044460	205	38	84.36	CHG
2	24044095	24044460	80	760	9.52	CHH
2	24717341	24717558	0	158	0.00	CG
2	24717341	24717558	2	338	0.59	CHG
2	24717341	24717558	4	1151	0.35	CHH
2	25574998	25576239	705	36	95.14	CG
2	25574998	25576239	570	336	62.91	CHG
2	25574998	25576239	418	4625	8.29	CHH
2	25830725	25831459	2	1110	0.18	CG
2	25830725	25831459	7	936	0.74	CHG
2	25830725	25831459	11	2489	0.44	CHH
2	25835047	25835296	1	366	0.27	CG
2	25835047	25835296	0	259	0.00	CHG
2	25835047	25835296	0	652	0.00	CHH
2	26548831	26549237	423	82	83.76	CG
2	26548831	26549237	41	80	33.88	CHG
2	26548831	26549237	733	658	52.70	CHH
2	26659388	26659535	14	0	100.00	CG
2	26659388	26659535	24	183	11.59	CHH
2	26689413	26692203	183	6196	2.87	CG
2	26689413	26692203	75	4031	1.83	CHG
2	26689413	26692203	491	9960	4.70	CHH
2	28199306	28199617	335	7	97.95	CG
2	28199306	28199617	422	80	84.06	CHG
2	28199306	28199617	43	1109	3.73	CHH
2	29852698	29852922	25	193	11.47	CG
2	29852698	29852922	3	313	0.95	CHG
2	29852698	29852922	20	826	2.36	CHH
2	30157272	30157610	208	82	71.72	CG
2	30157272	30157610	70	181	27.89	CHG
2	30157272	30157610	228	835	21.45	CHH
2	30823979	30824112	0	120	0.00	CG
2	30823979	30824112	1	173	0.57	CHG
2	30823979	30824112	2	702	0.28	CHH
2	30983625	30984901	20	2661	0.75	CG
2	30983625	30984901	21	4168	0.50	CHG
2	30983625	30984901	34	8471	0.40	CHH
2	31445301	31445449	0	41	0.00	CG
2	31445301	31445449	1	202	0.49	CHG
2	31445301	31445449	4	781	0.51	CHH
2	31855152	31855271	107	4	96.40	CG
2	31855152	31855271	39	19	67.24	CHG
2	31855152	31855271	47	642	6.82	CHH
2	32524707	32526194	540	647	45.49	CG
2	32524707	32526194	71	1601	4.25	CHG
2	32524707	32526194	158	4580	3.33	CHH
2	33158169	33158313	85	3	96.59	CG
2	33158169	33158313	108	23	82.44	CHG
2	33158169	33158313	21	623	3.26	CHH
2	33431516	33431954	74	7	91.36	CG
2	33431516	33431954	2	330	0.60	CHG
2	33431516	33431954	4	1837	0.22	CHH
2	33711999	33712328	27	1	96.43	CG
2	33711999	33712328	3	398	0.75	CHG
2	33711999	33712328	9	1311	0.68	CHH
2	33834944	33835662	72	288	20.00	CG
2	33834944	33835662	2	592	0.34	CHG
2	33834944	33835662	8	2914	0.27	CHH
2	33936933	33937065	1	39	2.50	CG
2	33936933	33937065	0	232	0.00	CHG
2	33936933	33937065	3	827	0.36	CHH
2	34687871	34690219	38	4874	0.77	CG
2	34687871	34690219	101	3439	2.85	CHG
2	34687871	34690219	144	8412	1.68	CHH
2	34772462	34772598	1	61	1.61	CHG
2	34772462	34772598	3	228	1.30	CHH
2	35300370	35300604	50	4	92.59	CG
2	35300370	35300604	2	412	0.48	CHG
2	35300370	35300604	5	1656	0.30	CHH
2	35388799	35389069	0	166	0.00	CG
2	35388799	35389069	1	260	0.38	CHG
2	35388799	35389069	3	727	0.41	CHH
3	480369	480630	432	17	96.21	CG
3	480369	480630	5	450	1.10	CHG
3	480369	480630	3	1767	0.17	CHH
3	615186	620505	1335	3492	27.66	CG
3	615186	620505	558	4464	11.11	CHG
3	615186	620505	937	16636	5.33	CHH
3	1097994	1098400	545	21	96.29	CG
3	1097994	1098400	357	80	81.69	CHG
3	1097994	1098400	161	1547	9.43	CHH
3	2922253	2922366	1	41	2.38	CG
3	2922253	2922366	1	75	1.32	CHG
3	2922253	2922366	1	800	0.12	CHH
3	2924923	2926581	377	159	70.34	CG
3	2924923	2926581	42	1657	2.47	CHG
3	2924923	2926581	132	6052	2.13	CHH
3	3101473	3101729	91	777	10.48	CG
3	3101473	3101729	5	584	0.85	CHG
3	3101473	3101729	1	1126	0.09	CHH
3	3782983	3787490	201	6789	2.88	CG
3	3782983	3787490	187	5268	3.43	CHG
3	3782983	3787490	273	15119	1.77	CHH
3	4471611	4471796	1	607	0.16	CG
3	4471611	4471796	3	379	0.79	CHG
3	4471611	4471796	2	981	0.20	CHH
3	4501942	4502163	114	265	30.08	CG
3	4501942	4502163	58	192	23.20	CHG
3	4501942	4502163	319	324	49.61	CHH
3	4735915	4736042	1	91	1.09	CG
3	4735915	4736042	0	95	0.00	CHG
3	4735915	4736042	17	494	3.33	CHH
3	5786527	5786697	73	2	97.33	CG
3	5786527	5786697	0	226	0.00	CHG
3	5786527	5786697	6	1031	0.58	CHH
3	5790733	5792052	664	65	91.08	CG
3	5790733	5792052	434	254	63.08	CHG
3	5790733	5792052	393	2339	14.39	CHH
3	5852144	5852325	181	4	97.84	CG
3	5852144	5852325	142	29	83.04	CHG
3	5852144	5852325	181	713	20.25	CHH
3	5861909	5862252	219	43	83.59	CG
3	5861909	5862252	6	639	0.93	CHG
3	5861909	5862252	7	1476	0.47	CHH
3	5863529	5863616	1	120	0.83	CG
3	5863529	5863616	2	196	1.01	CHG
3	5863529	5863616	3	543	0.55	CHH
3	6119207	6119385	5	896	0.55	CG
3	6119207	6119385	2	739	0.27	CHG
3	6119207	6119385	1	925	0.11	CHH
3	6727333	6727471	0	94	0.00	CG
3	6727333	6727471	0	75	0.00	CHG
3	6727333	6727471	2	528	0.38	CHH
3	7815881	7816020	3	897	0.33	CG
3	7815881	7816020	0	403	0.00	CHG
3	7815881	7816020	1	360	0.28	CHH
3	8124800	8125238	3	950	0.31	CG
3	8124800	8125238	2	546	0.36	CHG
3	8124800	8125238	12	1958	0.61	CHH
3	8292358	8296069	1215	1047	53.71	CG
3	8292358	8296069	975	2607	27.22	CHG
3	8292358	8296069	639	17100	3.60	CHH
3	8918282	8919468	352	2153	14.05	CG
3	8918282	8919468	105	1400	6.98	CHG
3	8918282	8919468	440	4495	8.92	CHH
3	8932042	8933228	308	301	50.57	CG
3	8932042	8933228	121	266	31.27	CHG
3	8932042	8933228	223	2537	8.08	CHH
3	9007060	9007495	316	9	97.23	CG
3	9007060	9007495	179	53	77.16	CHG
3	9007060	9007495	49	503	8.88	CHH
3	9615393	9615681	4	704	0.56	CG
3	9615393	9615681	1	314	0.32	CHG
3	9615393	9615681	5	1517	0.33	CHH
3	9647322	9647514	1	183	0.54	CG
3	9647322	9647514	1	373	0.27	CHG
3	9647322	9647514	4	1160	0.34	CHH
3	9661238	9663204	183	1752	9.46	CG
3	9661238	9663204	117	1893	5.82	CHG
3	9661238	9663204	322	6193	4.94	CHH
3	9703524	9703645	1	135	0.74	CG
3	9703524	9703645	0	110	0.00	CHG
3	9703524	9703645	5	1033	0.48	CHH
3	9741411	9741728	87	8	91.58	CG
3	9741411	9741728	61	13	82.43	CHG
3	9741411	9741728	63	318	16.54	CHH
3	9772110	9773385	933	266	77.81	CG
3	9772110	9773385	480	447	51.78	CHG
3	9772110	9773385	478	4428	9.74	CHH
3	9970758	9972750	119	4211	2.75	CG
3	9970758	9972750	39	3460	1.11	CHG
3	9970758	9972750	58	6482	0.89	CHH
3	11318102	11319164	131	298	30.54	CG
3	11318102	11319164	76	497	13.26	CHG
3	11318102	11319164	87	2661	3.17	CHH
3	11624874	11625180	50	2	96.15	CG
3	11624874	11625180	0	297	0.00	CHG
3	11624874	11625180	3	928	0.32	CHH
3	11762654	11762757	21	3	87.50	CG
3	11762654	11762757	1	11	8.33	CHG
3	11762654	11762757	3	128	2.29	CHH
3	12013674	12014450	406	17	95.98	CG
3	12013674	12014450	861	132	86.71	CHG
3	12013674	12014450	238	4222	5.34	CHH
3	13326106	13326294	11	173	5.98	CG
3	13326106	13326294	2	352	0.56	CHG
3	13326106	13326294	5	827	0.60	CHH
3	14484188	14484405	21	0	100.00	CG
3	14484188	14484405	137	10	93.20	CHG
3	14484188	14484405	8	562	1.40	CHH
3	14495901	14496241	8	1712	0.47	CG
3	14495901	14496241	1	709	0.14	CHG
3	14495901	14496241	8	1689	0.47	CHH
3	14633392	14633990	390	13	96.77	CG
3	14633392	14633990	144	19	88.34	CHG
3	14633392	14633990	88	2128	3.97	CHH
3	14886695	14886945	9	138	6.12	CG
3	14886695	14886945	78	45	63.41	CHG
3	14886695	14886945	545	379	58.98	CHH
3	15238637	15238822	165	3	98.21	CG
3	15238637	15238822	226	38	85.61	CHG
3	15238637	15238822	60	1208	4.73	CHH
3	15348429	15348696	248	4	98.41	CG
3	15348429	15348696	259	89	74.43	CHG
3	15348429	15348696	57	1766	3.13	CHH
3	15968990	15969281	4	858	0.46	CG
3	15968990	15969281	3	686	0.44	CHG
3	15968990	15969281	8	1439	0.55	CHH
3	16545195	16545366	82	4	95.35	CG
3	16545195	16545366	81	14	85.26	CHG
3	16545195	16545366	9	540	1.64	CHH
3	16691128	16691290	52	1	98.11	CG
3	16691128	16691290	11	51	17.74	CHG
3	16691128	16691290	75	305	19.74	CHH
3	18086982	18087169	0	136	0.00	CG
3	18086982	18087169	1	163	0.61	CHG
3	18086982	18087169	1	658	0.15	CHH
3	18671229	18673244	618	683	47.50	CG
3	18671229	18673244	271	1179	18.69	CHG
3	18671229	18673244	357	5787	5.81	CHH
3	19066610	19066885	203	5	97.60	CG
3	19066610	19066885	25	29	46.30	CHG
3	19066610	19066885	25	112	18.25	CHH
3	19477758	19477853	77	0	100.00	CG
3	19477758	19477853	52	52	50.00	CHG
3	19477758	19477853	10	354	2.75	CHH
3	20211561	20212451	658	21	96.91	CG
3	20211561	20212451	548	102	84.31	CHG
3	20211561	20212451	266	3015	8.11	CHH
3	20300032	20301332	895	28	96.97	CG
3	20300032	20301332	1605	135	92.24	CHG
3	20300032	20301332	239	6026	3.81	CHH
3	20506153	20506547	394	23	94.48	CG
3	20506153	20506547	347	95	78.51	CHG
3	20506153	20506547	51	1802	2.75	CHH
3	20529596	20530676	273	2013	11.94	CG
3	20529596	20530676	31	1035	2.91	CHG
3	20529596	20530676	38	1533	2.42	CHH
3	20609274	20609784	208	5	97.65	CG
3	20609274	20609784	162	40	80.20	CHG
3	20609274	20609784	53	972	5.17	CHH
3	21045714	21046037	136	7	95.10	CG
3	21045714	21046037	72	13	84.71	CHG
3	21045714	21046037	20	831	2.35	CHH
3	21053301	21054404	115	145	44.23	CG
3	21053301	21054404	20	590	3.28	CHG
3	21053301	21054404	97	3771	2.51	CHH
3	21477968	21478334	274	78	77.84	CG
3	21477968	21478334	88	182	32.59	CHG
3	21477968	21478334	196	1219	13.85	CHH
3	21805912	21806253	128	8	94.12	CG
3	21805912	21806253	23	23	50.00	CHG
3	21805912	21806253	19	195	8.88	CHH
3	22443304	22443897	5	1413	0.35	CG
3	22443304	22443897	6	923	0.65	CHG
3	22443304	22443897	9	2150	0.42	CHH
3	22930322	22932315	261	1678	13.46	CG
3	22930322	22932315	49	1802	2.65	CHG
3	22930322	22932315	80	7056	1.12	CHH
3	22977964	22978503	167	81	67.34	CG
3	22977964	22978503	167	272	38.04	CHG
3	22977964	22978503	281	1288	17.91	CHH
3	23158824	23162446	922	3951	18.92	CG
3	23158824	23162446	261	2824	8.46	CHG
3	23158824	23162446	551	10853	4.83	CHH
3	23440227	23440314	0	43	0.00	CHG
3	23440227	23440314	1	243	0.41	CHH
3	23502337	23503127	256	21	92.42	CG
3	23502337	23503127	22	247	8.18	CHG
3	23502337	23503127	462	2603	15.07	CHH
3	24402381	24402506	2	812	0.25	CG
3	24402381	24402506	1	246	0.40	CHG
3	24402381	24402506	3	429	0.69	CHH
3	24697252	24697403	0	80	0.00	CG
3	24697252	24697403	1	162	0.61	CHG
3	24697252	24697403	3	702	0.43	CHH
3	25124576	25125712	368	183	66.79	CG
3	25124576	25125712	224	212	51.38	CHG
3	25124576	25125712	1089	1649	39.77	CHH
3	25238096	25238349	124	25	83.22	CG
3	25238096	25238349	3	335	0.89	CHG
3	25238096	25238349	8	1233	0.64	CHH
3	26463242	26463534	43	293	12.80	CG
3	26463242	26463534	4	305	1.29	CHG
3	26463242	26463534	20	674	2.88	CHH
3	28036385	28036532	4	283	1.39	CG
3	28036385	28036532	6	271	2.17	CHG
3	28036385	28036532	21	792	2.58	CHH
3	28421210	28421588	3	335	0.89	CG
3	28421210	28421588	0	625	0.00	CHG
3	28421210	28421588	6	2068	0.29	CHH
3	28828352	28828674	44	38	53.66	CG
3	28828352	28828674	0	37	0.00	CHG
3	28828352	28828674	346	687	33.49	CHH
3	28883667	28884002	11	20	35.48	CG
3	28883667	28884002	12	66	15.38	CHG
3	28883667	28884002	9	586	1.51	CHH
3	28999678	28999814	16	8	66.67	CG
3	28999678	28999814	9	11	45.00	CHG
3	28999678	28999814	24	116	17.14	CHH
3	29036320	29036527	344	10	97.18	CG
3	29036320	29036527	59	57	50.86	CHG
3	29036320	29036527	91	115	44.17	CHH
3	29048284	29048488	248	8	96.88	CG
3	29048284	29048488	168	41	80.38	CHG
3	29048284	29048488	24	197	10.86	CHH
3	29804060	29804313	11	183	5.67	CG
3	29804060	29804313	12	411	2.84	CHG
3	29804060	29804313	45	1303	3.34	CHH
3	31242980	31243426	312	7	97.81	CG
3	31242980	31243426	160	35	82.05	CHG
3	31242980	31243426	33	362	8.35	CHH
3	31550060	31550292	11	357	2.99	CG
3	31550060	31550292	24	136	15.00	CHG
3	31550060	31550292	57	795	6.69	CHH
3	32992420	32993458	238	308	43.59	CG
3	32992420	32993458	117	341	25.55	CHG
3	32992420	32993458	138	2811	4.68	CHH
3	33907932	33908490	2	110	1.79	CG
3	33907932	33908490	10	683	1.44	CHG
3	33907932	33908490	20	2769	0.72	CHH
3	34241449	34241654	0	181	0.00	CG
3	34241449	34241654	0	465	0.00	CHG
3	34241449	34241654	3	940	0.32	CHH
3	34254363	34255907	286	1247	18.66	CG
3	34254363	34255907	68	2306	2.86	CHG
3	34254363	34255907	715	5817	10.95	CHH
3	34833000	34833309	196	3	98.49	CG
3	34833000	34833309	131	34	79.39	CHG
3	34833000	34833309	31	371	7.71	CHH
3	35110086	35110256	25	2	92.59	CG
3	35110086	35110256	1	96	1.03	CHG
3	35110086	35110256	2	674	0.30	CHH
3	35180241	35180554	146	10	93.59	CG
3	35180241	35180554	2	541	0.37	CHG
3	35180241	35180554	11	1859	0.59	CHH
3	35917041	35917731	680	241	73.83	CG
3	35917041	35917731	212	342	38.27	CHG
3	35917041	35917731	289	2435	10.61	CHH
3	36048993	36049255	11	105	9.48	CG
3	36048993	36049255	3	190	1.55	CHG
3	36048993	36049255	6	578	1.03	CHH
3	36390761	36392058	34	2832	1.19	CG
3	36390761	36392058	17	1943	0.87	CHG
3	36390761	36392058	23	4687	0.49	CHH
4	2128481	2128855	95	43	68.84	CG
4	2128481	2128855	30	60	33.33	CHG
4	2128481	2128855	110	620	15.07	CHH
4	2540394	2540485	158	2	98.75	CG
4	2540394	2540485	128	43	74.85	CHG
4	2540394	2540485	7	527	1.31	CHH
4	3036997	3037085	54	1	98.18	CG
4	3036997	3037085	14	20	41.18	CHG
4	3036997	3037085	7	57	10.94	CHH
4	4049820	4050064	235	5	97.92	CG
4	4049820	4050064	130	57	69.52	CHG
4	4049820	4050064	49	841	5.51	CHH
4	4695559	4695777	86	2	97.73	CG
4	4695559	4695777	27	19	58.70	CHG
4	4695559	4695777	15	154	8.88	CHH
4	5205473	5206792	1588	43	97.36	CG
4	5205473	5206792	1002	233	81.13	CHG
4	5205473	5206792	231	5492	4.04	CHH
4	5370300	5370990	396	9	97.78	CG
4	5370300	5370990	250	49	83.61	CHG
4	5370300	5370990	21	660	3.08	CHH
4	7250146	7253105	773	6149	11.17	CG
4	7250146	7253105	641	3304	16.25	CHG
4	7250146	7253105	295	10385	2.76	CHH
4	7946934	7947116	179	9	95.21	CG
4	7946934	7947116	143	65	68.75	CHG
4	7946934	7947116	26	757	3.32	CHH
4	7976120	7976768	19	138	12.10	CG
4	7976120	7976768	17	393	4.15	CHG
4	7976120	7976768	10	1468	0.68	CHH
4	7998972	7999131	0	17	0.00	CG
4	7998972	7999131	0	49	0.00	CHG
4	7998972	7999131	0	268	0.00	CHH
4	9504426	9506750	2145	233	90.20	CG
4	9504426	9506750	1848	770	70.59	CHG
4	9504426	9506750	219	11291	1.90	CHH
4	10597218	10597775	899	18	98.04	CG
4	10597218	10597775	1161	267	81.30	CHG
4	10597218	10597775	64	3077	2.04	CHH
4	11254426	11254603	0	82	0.00	CG
4	11254426	11254603	0	129	0.00	CHG
4	11254426	11254603	2	638	0.31	CHH
4	11479976	11481063	1	380	0.26	CG
4	11479976	11481063	7	660	1.05	CHG
4	11479976	11481063	22	3714	0.59	CHH
4	12511724	12511877	78	3	96.30	CG
4	12511724	12511877	97	156	38.34	CHG
4	12511724	12511877	4	683	0.58	CHH
4	12570254	12573173	2833	94	96.79	CG
4	12570254	12573173	3582	688	83.89	CHG
4	12570254	12573173	504	15875	3.08	CHH
4	14336636	14336825	134	2	98.53	CG
4	14336636	14336825	138	43	76.24	CHG
4	14336636	14336825	7	263	2.59	CHH
4	15422154	15422563	95	4	95.96	CG
4	15422154	15422563	144	33	81.36	CHG
4	15422154	15422563	299	759	28.26	CHH
4	15927777	15928107	2	471	0.42	CG
4	15927777	15928107	3	464	0.64	CHG
4	15927777	15928107	7	1450	0.48	CHH
4	16377949	16378038	99	3	97.06	CG
4	16377949	16378038	95	14	87.16	CHG
4	16377949	16378038	13	257	4.81	CHH
4	16429861	16430118	72	2	97.30	CG
4	16429861	16430118	135	22	85.99	CHG
4	16429861	16430118	30	556	5.12	CHH
4	16739824	16740091	185	21	89.81	CG
4	16739824	16740091	41	36	53.25	CHG
4	16739824	16740091	3	280	1.06	CHH
4	16870850	16871033	78	2	97.50	CG
4	16870850	16871033	1	25	3.85	CHG
4	16870850	16871033	3	670	0.45	CHH
4	16929303	16929386	56	0	100.00	CG
4	16929303	16929386	6	15	28.57	CHG
4	16929303	16929386	5	259	1.89	CHH
4	18861290	18861421	25	0	100.00	CG
4	18861290	18861421	14	2	87.50	CHG
4	18861290	18861421	104	98	51.49	CHH
4	18879559	18879953	627	18	97.21	CG
4	18879559	18879953	356	127	73.71	CHG
4	18879559	18879953	90	824	9.85	CHH
4	19594453	19594613	1	59	1.67	CG
4	19594453	19594613	1	153	0.65	CHG
4	19594453	19594613	50	263	15.97	CHH
4	21836525	21836740	0	255	0.00	CG
4	21836525	21836740	3	457	0.65	CHG
4	21836525	21836740	4	1202	0.33	CHH
4	22149701	22149888	0	368	0.00	CG
4	22149701	22149888	1	151	0.66	CHG
4	22149701	22149888	2	416	0.48	CHH
4	24463582	24463728	2	145	1.36	CG
4	24463582	24463728	1	112	0.88	CHG
4	24463582	24463728	8	685	1.15	CHH
4	24879051	24879296	0	47	0.00	CG
4	24879051	24879296	4	733	0.54	CHG
4	24879051	24879296	10	1222	0.81	CHH
4	25700367	25700823	589	39	93.79	CG
4	25700367	25700823	207	141	59.48	CHG
4	25700367	25700823	168	877	16.08	CHH
4	26025305	26025523	48	1	97.96	CG
4	26025305	26025523	0	171	0.00	CHG
4	26025305	26025523	5	592	0.84	CHH
4	26125746	26125921	79	1	98.75	CG
4	26125746	26125921	70	14	83.33	CHG
4	26125746	26125921	71	642	9.96	CHH
4	28854448	28854672	3	311	0.96	CG
4	28854448	28854672	2	121	1.63	CHG
4	28854448	28854672	18	564	3.09	CHH
4	31600862	31601333	552	16	97.18	CG
4	31600862	31601333	337	325	50.91	CHG
4	31600862	31601333	71	2009	3.41	CHH
4	32665225	32665685	6	1630	0.37	CG
4	32665225	32665685	11	1238	0.88	CHG
4	32665225	32665685	12	2640	0.45	CHH
4	32845260	32845468	126	7	94.74	CG
4	32845260	32845468	3	438	0.68	CHG
4	32845260	32845468	7	1393	0.50	CHH
4	32907649	32907913	421	17	96.12	CG
4	32907649	32907913	466	51	90.14	CHG
4	32907649	32907913	87	1655	4.99	CHH
4	32976630	32976775	1	143	0.69	CG
4	32976630	32976775	1	150	0.66	CHG
4	32976630	32976775	1	833	0.12	CHH
4	33538001	33538284	60	3	95.24	CG
4	33538001	33538284	86	13	86.87	CHG
4	33538001	33538284	11	286	3.70	CHH
5	22552	22704	196	8	96.08	CG
5	22552	22704	135	14	90.60	CHG
5	22552	22704	23	613	3.62	CHH
5	167915	169390	158	118	57.25	CG
5	167915	169390	56	120	31.82	CHG
5	167915	169390	128	2049	5.88	CHH
5	802197	802307	0	64	0.00	CG
5	802197	802307	0	107	0.00	CHG
5	802197	802307	3	562	0.53	CHH
5	1555477	1555743	83	1	98.81	CG
5	1555477	1555743	1	276	0.36	CHG
5	1555477	1555743	1	969	0.10	CHH
5	1623822	1624065	176	3	98.32	CG
5	1623822	1624065	74	26	74.00	CHG
5	1623822	1624065	12	115	9.45	CHH
5	1649481	1650024	595	31	95.05	CG
5	1649481	1650024	247	218	53.12	CHG
5	1649481	1650024	78	1484	4.99	CHH
5	2535968	2537410	61	3557	1.69	CG
5	2535968	2537410	8	2698	0.30	CHG
5	2535968	2537410	27	7284	0.37	CHH
5	3201536	3202094	33	131	20.12	CG
5	3201536	3202094	47	229	17.03	CHG
5	3201536	3202094	222	1311	14.48	CHH
5	3642042	3642277	315	9	97.22	CG
5	3642042	3642277	46	80	36.51	CHG
5	3642042	3642277	34	727	4.47	CHH
5	4042346	4043559	484	10	97.98	CG
5	4042346	4043559	396	96	80.49	CHG
5	4042346	4043559	50	1604	3.02	CHH
5	5042999	5043643	14	1	93.33	CG
5	5042999	5043643	8	1	88.89	CHG
5	5042999	5043643	5	82	5.75	CHH
5	6697788	6698020	174	8	95.60	CG
5	6697788	6698020	0	303	0.00	CHG
5	6697788	6698020	4	1385	0.29	CHH
5	8888812	8888977	96	2	97.96	CG
5	8888812	8888977	287	37	88.58	CHG
5	8888812	8888977	13	851	1.50	CHH
5	9364313	9364413	202	6	97.12	CG
5	9364313	9364413	129	41	75.88	CHG
5	9364313	9364413	13	260	4.76	CHH
5	12809268	12809477	93	1	98.94	CG
5	12809268	12809477	22	15	59.46	CHG
5	12809268	12809477	7	72	8.86	CHH
5	13857407	13857542	177	2	98.88	CG
5	13857407	13857542	36	21	63.16	CHG
5	13857407	13857542	5	215	2.27	CHH
5	14246535	14246708	0	74	0.00	CG
5	14246535	14246708	0	37	0.00	CHG
5	14246535	14246708	3	857	0.35	CHH
5	15249273	15249609	407	18	95.76	CG
5	15249273	15249609	244	77	76.01	CHG
5	15249273	15249609	49	1488	3.19	CHH
5	15263881	15264136	458	13	97.24	CG
5	15263881	15264136	196	67	74.52	CHG
5	15263881	15264136	50	457	9.86	CHH
5	15295856	15296058	215	5	97.73	CG
5	15295856	15296058	92	31	74.80	CHG
5	15295856	15296058	19	285	6.25	CHH
5	15380224	15380482	7	0	100.00	CG
5	15380224	15380482	11	1	91.67	CHG
5	15380224	15380482	0	15	0.00	CHH
5	16141049	16142222	1235	43	96.64	CG
5	16141049	16142222	912	131	87.44	CHG
5	16141049	16142222	289	4536	5.99	CHH
5	16604726	16607053	1399	67	95.43	CG
5	16604726	16607053	739	513	59.03	CHG
5	16604726	16607053	396	7282	5.16	CHH
5	16695358	16697204	495	835	37.22	CG
5	16695358	16697204	578	673	46.20	CHG
5	16695358	16697204	408	4707	7.98	CHH
5	17145149	17145240	1	15	6.25	CG
5	17145149	17145240	5	166	2.92	CHH
5	17275880	17277194	238	902	20.88	CG
5	17275880	17277194	56	1181	4.53	CHG
5	17275880	17277194	228	4617	4.71	CHH
5	18555974	18556911	857	145	85.53	CG
5	18555974	18556911	343	302	53.18	CHG
5	18555974	18556911	88	3135	2.73	CHH
5	18614365	18615227	733	17	97.73	CG
5	18614365	18615227	383	122	75.84	CHG
5	18614365	18615227	341	1521	18.31	CHH
5	19082868	19087589	1142	2252	33.65	CG
5	19082868	19087589	70	5894	1.17	CHG
5	19082868	19087589	325	19224	1.66	CHH
5	19475239	19475452	3	223	1.33	CG
5	19475239	19475452	9	351	2.50	CHG
5	19475239	19475452	17	1011	1.65	CHH
5	19550564	19550779	2	34	5.56	CHG
5	19550564	19550779	32	457	6.54	CHH
5	19686229	19688559	649	2022	24.30	CG
5	19686229	19688559	364	1375	20.93	CHG
5	19686229	19688559	636	7075	8.25	CHH
5	20197683	20197907	5	1371	0.36	CG
5	20197683	20197907	2	756	0.26	CHG
5	20197683	20197907	7	1454	0.48	CHH
5	20639725	20640817	524	17	96.86	CG
5	20639725	20640817	113	1190	8.67	CHG
5	20639725	20640817	44	4153	1.05	CHH
5	21196473	21196736	76	5	93.83	CG
5	21196473	21196736	119	6	95.20	CHG
5	21196473	21196736	109	837	11.52	CHH
5	21222554	21222810	39	43	47.56	CHG
5	21222554	21222810	24	619	3.73	CHH
5	21231311	21231463	2	448	0.44	CG
5	21231311	21231463	0	423	0.00	CHG
5	21231311	21231463	3	697	0.43	CHH
5	21771662	21772418	417	169	71.16	CG
5	21771662	21772418	414	236	63.69	CHG
5	21771662	21772418	187	1985	8.61	CHH
5	22632027	22632224	0	473	0.00	CG
5	22632027	22632224	3	418	0.71	CHG
5	22632027	22632224	2	744	0.27	CHH
5	23446330	23446424	7	0	100.00	CG
5	23446330	23446424	6	21	22.22	CHH
5	23498602	23498699	54	2	96.43	CG
5	23498602	23498699	19	2	90.48	CHG
5	23498602	23498699	343	104	76.73	CHH
5	23589096	23589233	4	177	2.21	CHG
5	23589096	23589233	21	925	2.22	CHH
5	23597717	23597952	0	72	0.00	CG
5	23597717	23597952	2	204	0.97	CHG
5	23597717	23597952	6	1054	0.57	CHH
5	23799970	23800819	4	1675	0.24	CG
5	23799970	23800819	10	1495	0.66	CHG
5	23799970	23800819	14	3555	0.39	CHH
5	24767463	24767619	4	609	0.65	CG
5	24767463	24767619	0	218	0.00	CHG
5	24767463	24767619	2	787	0.25	CHH
5	24958493	24960927	284	831	25.47	CG
5	24958493	24960927	40	1884	2.08	CHG
5	24958493	24960927	63	8771	0.71	CHH
5	25117789	25118255	8	1149	0.69	CG
5	25117789	25118255	0	366	0.00	CHG
5	25117789	25118255	7	794	0.87	CHH
5	25683760	25686062	414	5961	6.49	CG
5	25683760	25686062	228	4543	4.78	CHG
5	25683760	25686062	719	7614	8.63	CHH
5	25916431	25917101	469	20	95.91	CG
5	25916431	25917101	263	159	62.32	CHG
5	25916431	25917101	342	1941	14.98	CHH
5	26920490	26922938	8	1907	0.42	CG
5	26920490	26922938	28	3717	0.75	CHG
5	26920490	26922938	69	9918	0.69	CHH
5	27294148	27294484	3	666	0.45	CG
5	27294148	27294484	4	458	0.87	CHG
5	27294148	27294484	8	1595	0.50	CHH
5	27692643	27692794	2	360	0.55	CG
5	27692643	27692794	4	355	1.11	CHG
5	27692643	27692794	6	843	0.71	CHH
5	28353397	28355104	391	585	40.06	CG
5	28353397	28355104	43	1652	2.54	CHG
5	28353397	28355104	107	7060	1.49	CHH
5	28438764	28438936	92	4	95.83	CG
5	28438764	28438936	129	7	94.85	CHG
5	28438764	28438936	22	359	5.77	CHH
5	29278792	29278999	110	10	91.67	CG
5	29278792	29278999	101	6	94.39	CHG
5	29278792	29278999	9	481	1.84	CHH
5	29368004	29368261	115	3	97.46	CG
5	29368004	29368261	259	5	98.11	CHG
5	29368004	29368261	72	1463	4.69	CHH
5	29393677	29395023	281	13	95.58	CG
5	29393677	29395023	260	36	87.84	CHG
5	29393677	29395023	33	823	3.86	CHH
5	29485227	29485510	147	174	45.79	CG
5	29485227	29485510	22	332	6.21	CHG
5	29485227	29485510	17	1255	1.34	CHH
6	247291	247913	2	571	0.35	CG
6	247291	247913	2	362	0.55	CHG
6	247291	247913	5	850	0.58	CHH
6	368015	368245	0	259	0.00	CG
6	368015	368245	3	308	0.96	CHG
6	368015	368245	8	1153	0.69	CHH
6	521167	522087	96	481	16.64	CG
6	521167	522087	23	501	4.39	CHG
6	521167	522087	187	2353	7.36	CHH
6	813527	813697	89	6	93.68	CG
6	813527	813697	1	259	0.38	CHG
6	813527	813697	3	1357	0.22	CHH
6	958185	960061	896	733	55.00	CG
6	958185	960061	361	560	39.20	CHG
6	958185	960061	320	3567	8.23	CHH
6	1267865	1268035	218	5	97.76	CG
6	1267865	1268035	120	44	73.17	CHG
6	1267865	1268035	5	245	2.00	CHH
6	2300838	2300945	0	120	0.00	CG
6	2300838	2300945	0	198	0.00	CHG
6	2300838	2300945	1	593	0.17	CHH
6	3639180	3639309	3	219	1.35	CG
6	3639180	3639309	3	243	1.22	CHG
6	3639180	3639309	12	852	1.39	CHH
6	3944739	3945664	137	305	31.00	CG
6	3944739	3945664	135	384	26.01	CHG
6	3944739	3945664	226	3192	6.61	CHH
6	4300749	4300941	147	3	98.00	CG
6	4300749	4300941	61	57	51.69	CHG
6	4300749	4300941	8	510	1.54	CHH
6	4553472	4553595	49	4	92.45	CG
6	4553472	4553595	9	10	47.37	CHG
6	4553472	4553595	6	52	10.34	CHH
6	4806070	4806315	28	505	5.25	CG
6	4806070	4806315	4	254	1.55	CHG
6	4806070	4806315	7	923	0.75	CHH
6	5243918	5246329	1077	1769	37.84	CG
6	5243918	5246329	18	4829	0.37	CHG
6	5243918	5246329	70	14010	0.50	CHH
6	5335954	5337126	467	551	45.87	CG
6	5335954	5337126	252	602	29.51	CHG
6	5335954	5337126	605	2757	18.00	CHH
6	6556692	6557000	3	931	0.32	CG
6	6556692	6557000	0	470	0.00	CHG
6	6556692	6557000	2	1351	0.15	CHH
6	7262284	7262394	0	146	0.00	CHG
6	7262284	7262394	2	551	0.36	CHH
6	7296360	7297580	247	5	98.02	CG
6	7296360	7297580	147	39	79.03	CHG
6	7296360	7297580	29	656	4.23	CHH
6	7450229	7452500	1498	166	90.02	CG
6	7450229	7452500	1055	440	70.57	CHG
6	7450229	7452500	493	5971	7.63	CHH
6	8010667	8010997	389	6	98.48	CG
6	8010667	8010997	164	151	52.06	CHG
6	8010667	8010997	27	987	2.66	CHH
6	8383109	8385458	464	5731	7.49	CG
6	8383109	8385458	218	2617	7.69	CHG
6	8383109	8385458	184	7756	2.32	CHH
6	8415805	8416695	781	20	97.50	CG
6	8415805	8416695	649	150	81.23	CHG
6	8415805	8416695	150	3301	4.35	CHH
6	8434419	8434622	144	3	97.96	CG
6	8434419	8434622	178	47	79.11	CHG
6	8434419	8434622	90	383	19.03	CHH
6	9748876	9749062	224	208	51.85	CG
6	9748876	9749062	12	141	7.84	CHG
6	9748876	9749062	8	884	0.90	CHH
6	9753551	9753693	53	5	91.38	CG
6	9753551	9753693	62	20	75.61	CHG
6	9753551	9753693	11	270	3.91	CHH
6	10075237	10075575	382	9	97.70	CG
6	10075237	10075575	585	90	86.67	CHG
6	10075237	10075575	81	1620	4.76	CHH
6	10093461	10093858	306	21	93.58	CG
6	10093461	10093858	115	133	46.37	CHG
6	10093461	10093858	42	1403	2.91	CHH
6	10113029	10113177	52	3	94.55	CG
6	10113029	10113177	30	12	71.43	CHG
6	10113029	10113177	93	188	33.10	CHH
6	10217891	10218933	896	29	96.86	CG
6	10217891	10218933	1068	145	88.05	CHG
6	10217891	10218933	122	4274	2.78	CHH
6	11173234	11173456	9	19	32.14	CG
6	11173234	11173456	190	132	59.01	CHH
6	11608473	11613132	3249	615	84.08	CG
6	11608473	11613132	2460	1698	59.16	CHG
6	11608473	11613132	1473	13173	10.06	CHH
6	11851633	11851862	110	2	98.21	CG
6	11851633	11851862	244	62	79.74	CHG
6	11851633	11851862	19	917	2.03	CHH
6	14122214	14122520	395	16	96.11	CG
6	14122214	14122520	432	64	87.10	CHG
6	14122214	14122520	193	1260	13.28	CHH
6	14227883	14228030	69	2	97.18	CG
6	14227883	14228030	44	13	77.19	CHG
6	14227883	14228030	11	291	3.64	CHH
6	14470606	14472078	1059	30	97.25	CG
6	14470606	14472078	1068	155	87.33	CHG
6	14470606	14472078	337	3887	7.98	CHH
6	14807254	14809068	1226	598	67.21	CG
6	14807254	14809068	1102	850	56.45	CHG
6	14807254	14809068	1558	6171	20.16	CHH
6	14821713	14821802	63	3	95.45	CG
6	14821713	14821802	138	9	93.88	CHG
6	14821713	14821802	15	335	4.29	CHH
6	14830897	14831902	933	35	96.38	CG
6	14830897	14831902	1384	190	87.93	CHG
6	14830897	14831902	188	5705	3.19	CHH
6	14905971	14906794	1021	21	97.98	CG
6	14905971	14906794	1072	68	94.04	CHG
6	14905971	14906794	250	3209	7.23	CHH
6	15103747	15105627	1751	60	96.69	CG
6	15103747	15105627	1344	319	80.82	CHG
6	15103747	15105627	429	11016	3.75	CHH
6	15441362	15441506	2360	168	93.35	CG
6	15441362	15441506	243	149	61.99	CHG
6	15441362	15441506	179	3073	5.50	CHH
6	15563454	15563591	82	4	95.35	CG
6	15563454	15563591	142	13	91.61	CHG
6	15563454	15563591	17	595	2.78	CHH
6	16686020	16686529	557	13	97.72	CG
6	16686020	16686529	244	71	77.46	CHG
6	16686020	16686529	30	1630	1.81	CHH
6	17158669	17158861	108	27	80.00	CG
6	17158669	17158861	2	102	1.92	CHG
6	17158669	17158861	37	514	6.72	CHH
6	17199198	17199462	67	1	98.53	CG
6	17199198	17199462	4	14	22.22	CHG
6	17199198	17199462	19	413	4.40	CHH
6	17345586	17347256	1515	58	96.31	CG
6	17345586	17347256	943	249	79.11	CHG
6	17345586	17347256	247	4483	5.22	CHH
6	17660877	17661057	272	10	96.45	CG
6	17660877	17661057	363	52	87.47	CHG
6	17660877	17661057	33	1080	2.96	CHH
6	18643334	18643833	166	1	99.40	CG
6	18643334	18643833	47	54	46.53	CHG
6	18643334	18643833	3	90	3.23	CHH
6	18777954	18779043	721	25	96.65	CG
6	18777954	18779043	400	135	74.77	CHG
6	18777954	18779043	145	4155	3.37	CHH
6	18810122	18813496	2830	375	88.30	CG
6	18810122	18813496	1551	1371	53.08	CHG
6	18810122	18813496	356	11912	2.90	CHH
6	19312818	19314797	1826	1469	55.42	CG
6	19312818	19314797	731	1470	33.21	CHG
6	19312818	19314797	816	8383	8.87	CHH
6	20357482	20357681	213	5	97.71	CG
6	20357482	20357681	114	32	78.08	CHG
6	20357482	20357681	47	818	5.43	CHH
6	20439044	20439654	3	353	0.84	CG
6	20439044	20439654	2	855	0.23	CHG
6	20439044	20439654	7	2357	0.30	CHH
6	21127919	21128043	183	4	97.86	CG
6	21127919	21128043	1	14	6.67	CHG
6	21127919	21128043	15	450	3.23	CHH
6	21587628	21587841	113	5	95.76	CG
6	21587628	21587841	88	7	92.63	CHG
6	21587628	21587841	218	709	23.52	CHH
6	22156671	22156886	1	521	0.19	CG
6	22156671	22156886	1	399	0.25	CHG
6	22156671	22156886	6	1581	0.38	CHH
6	22194216	22196915	1355	713	65.52	CG
6	22194216	22196915	457	2162	17.45	CHG
6	22194216	22196915	134	10520	1.26	CHH
6	22609287	22612484	1403	1688	45.39	CG
6	22609287	22612484	808	1652	32.85	CHG
6	22609287	22612484	1417	7603	15.71	CHH
6	22611980	22612934	362	1449	19.99	CG
6	22611980	22612934	287	1194	19.38	CHG
6	22611980	22612934	1002	3827	20.75	CHH
6	23257492	23257741	197	13	93.81	CG
6	23257492	23257741	86	18	82.69	CHG
6	23257492	23257741	16	213	6.99	CHH
6	23764410	23764702	45	2	95.74	CG
6	23764410	23764702	4	0	100.00	CHG
6	23764410	23764702	51	1651	3.00	CHH
6	23867262	23869017	106	4752	2.18	CG
6	23867262	23869017	162	2428	6.25	CHG
6	23867262	23869017	323	5482	5.56	CHH
6	24469529	24469704	79	3	96.34	CG
6	24469529	24469704	284	6	97.93	CHG
6	24469529	24469704	46	877	4.98	CHH
6	26027042	26027922	123	363	25.31	CG
6	26027042	26027922	22	424	4.93	CHG
6	26027042	26027922	70	2729	2.50	CHH
6	27428621	27432072	511	2550	16.69	CG
6	27428621	27432072	121	4541	2.60	CHG
6	27428621	27432072	274	12372	2.17	CHH
6	27581080	27581338	473	12	97.53	CG
6	27581080	27581338	247	54	82.06	CHG
6	27581080	27581338	195	1022	16.02	CHH
6	27924772	27924989	109	2	98.20	CG
6	27924772	27924989	2	411	0.48	CHG
6	27924772	27924989	4	804	0.50	CHH
6	28789509	28791244	112	561	16.64	CG
6	28789509	28791244	49	1442	3.29	CHG
6	28789509	28791244	193	5349	3.48	CHH
6	28955148	28955268	2	234	0.85	CHG
6	28955148	28955268	0	563	0.00	CHH
6	29172271	29175087	549	635	46.37	CG
6	29172271	29175087	16	3918	0.41	CHG
6	29172271	29175087	74	14287	0.52	CHH
6	30516258	30516520	82	227	26.54	CG
6	30516258	30516520	27	108	20.00	CHG
6	30516258	30516520	250	601	29.38	CHH
6	31188015	31188697	142	6	95.95	CG
6	31188015	31188697	2	840	0.24	CHG
6	31188015	31188697	13	3224	0.40	CHH
6	31222643	31224540	749	53	93.39	CG
6	31222643	31224540	41	1636	2.44	CHG
6	31222643	31224540	156	5739	2.65	CHH
7	411438	411715	231	9	96.25	CG
7	411438	411715	137	196	41.14	CHG
7	411438	411715	86	1138	7.03	CHH
7	993029	993215	0	121	0.00	CG
7	993029	993215	1	209	0.48	CHG
7	993029	993215	2	748	0.27	CHH
7	1846760	1848970	954	403	70.30	CG
7	1846760	1848970	19	2647	0.71	CHG
7	1846760	1848970	44	10471	0.42	CHH
7	2224488	2225213	5	869	0.57	CG
7	2224488	2225213	2	740	0.27	CHG
7	2224488	2225213	11	1885	0.58	CHH
7	2447769	2451203	777	6024	11.42	CG
7	2447769	2451203	241	5058	4.55	CHG
7	2447769	2451203	810	14751	5.21	CHH
7	2483423	2483554	121	25	82.88	CG
7	2483423	2483554	30	9	76.92	CHG
7	2483423	2483554	96	164	36.92	CHH
7	2618288	2618484	63	1	98.44	CG
7	2618288	2618484	0	28	0.00	CHG
7	2618288	2618484	3	531	0.56	CHH
7	2946799	2949545	401	3330	10.75	CG
7	2946799	2949545	21	4188	0.50	CHG
7	2946799	2949545	92	12344	0.74	CHH
7	3992526	3992733	138	5	96.50	CG
7	3992526	3992733	9	482	1.83	CHG
7	3992526	3992733	30	1450	2.03	CHH
7	4299561	4299774	73	38	65.77	CG
7	4299561	4299774	5	69	6.76	CHG
7	4299561	4299774	13	357	3.51	CHH
7	4594741	4595750	48	1362	3.40	CG
7	4594741	4595750	7	1606	0.43	CHG
7	4594741	4595750	29	6356	0.45	CHH
7	4802020	4804153	59	1186	4.74	CG
7	4802020	4804153	50	808	5.83	CHG
7	4802020	4804153	169	6249	2.63	CHH
7	5473306	5473520	49	1	98.00	CG
7	5473306	5473520	37	0	100.00	CHG
7	5473306	5473520	9	281	3.10	CHH
7	6327476	6328339	973	29	97.11	CG
7	6327476	6328339	653	144	81.93	CHG
7	6327476	6328339	75	2769	2.64	CHH
7	6575263	6575711	2	41	4.65	CG
7	6575263	6575711	4	8	33.33	CHG
7	6575263	6575711	14	1050	1.32	CHH
7	6605103	6605624	577	13	97.80	CG
7	6605103	6605624	155	332	31.83	CHG
7	6605103	6605624	66	1275	4.92	CHH
7	6829453	6829599	15	89	14.42	CHG
7	6829453	6829599	5	575	0.86	CHH
7	6919655	6920441	444	139	76.16	CG
7	6919655	6920441	373	393	48.69	CHG
7	6919655	6920441	49	2270	2.11	CHH
7	7348687	7348951	21	1	95.45	CG
7	7348687	7348951	1	111	0.89	CHG
7	7348687	7348951	3	800	0.37	CHH
7	7538627	7540224	419	226	64.96	CG
7	7538627	7540224	166	409	28.87	CHG
7	7538627	7540224	393	3086	11.30	CHH
7	7676619	7677136	245	12	95.33	CG
7	7676619	7677136	227	59	79.37	CHG
7	7676619	7677136	60	1430	4.03	CHH
7	7868604	7868899	557	8	98.58	CG
7	7868604	7868899	301	125	70.66	CHG
7	7868604	7868899	30	1097	2.66	CHH
7	7896981	7897138	34	1	97.14	CG
7	7896981	7897138	280	23	92.41	CHG
7	7896981	7897138	30	874	3.32	CHH
7	7950410	7951127	73	1202	5.73	CG
7	7950410	7951127	40	717	5.28	CHG
7	7950410	7951127	168	1876	8.22	CHH
7	8994834	8994985	133	35	79.17	CG
7	8994834	8994985	4	228	1.72	CHG
7	8994834	8994985	6	529	1.12	CHH
7	9688947	9691039	403	3102	11.50	CG
7	9688947	9691039	434	1438	23.18	CHG
7	9688947	9691039	226	5445	3.99	CHH
7	10365529	10365796	228	6	97.44	CG
7	10365529	10365796	44	3	93.62	CHG
7	10365529	10365796	7	445	1.55	CHH
7	10449611	10449795	158	5	96.93	CG
7	10449611	10449795	168	26	86.60	CHG
7	10449611	10449795	34	1184	2.79	CHH
7	10549868	10550083	188	5	97.41	CG
7	10549868	10550083	165	45	78.57	CHG
7	10549868	10550083	20	782	2.49	CHH
7	10635123	10635434	177	155	53.31	CG
7	10635123	10635434	251	78	76.29	CHG
7	10635123	10635434	586	631	48.15	CHH
7	10877526	10878054	775	23	97.12	CG
7	10877526	10878054	262	124	67.88	CHG
7	10877526	10878054	79	845	8.55	CHH
7	11466967	11467449	588	26	95.77	CG
7	11466967	11467449	371	74	83.37	CHG
7	11466967	11467449	90	1747	4.90	CHH
7	11601703	11602144	118	3	97.52	CG
7	11601703	11602144	98	29	77.17	CHG
7	11601703	11602144	91	1182	7.15	CHH
7	11983577	11984979	550	62	89.87	CG
7	11983577	11984979	557	209	72.72	CHG
7	11983577	11984979	213	5639	3.64	CHH
7	12792717	12792888	41	3	93.18	CG
7	12792717	12792888	57	5	91.94	CHG
7	12792717	12792888	39	394	9.01	CHH
7	12807464	12807960	294	40	88.02	CG
7	12807464	12807960	398	310	56.21	CHG
7	12807464	12807960	104	3180	3.17	CHH
7	13460211	13460326	92	0	100.00	CG
7	13460211	13460326	3	12	20.00	CHG
7	13460211	13460326	5	46	9.80	CHH
7	15065372	15067232	1381	41	97.12	CG
7	15065372	15067232	1325	272	82.97	CHG
7	15065372	15067232	213	7339	2.82	CHH
7	15194897	15195154	0	56	0.00	CG
7	15194897	15195154	0	58	0.00	CHG
7	15194897	15195154	2	781	0.26	CHH
7	15838174	15840597	516	1137	31.22	CG
7	15838174	15840597	148	1151	11.39	CHG
7	15838174	15840597	743	6141	10.79	CHH
7	16417756	16417995	60	2	96.77	CG
7	16417756	16417995	27	3	90.00	CHG
7	16417756	16417995	98	724	11.92	CHH
7	17006268	17006989	1320	36	97.35	CG
7	17006268	17006989	471	128	78.63	CHG
7	17006268	17006989	114	2452	4.44	CHH
7	17339592	17339751	0	72	0.00	CG
7	17339592	17339751	1	213	0.47	CHG
7	17339592	17339751	4	645	0.62	CHH
7	17913342	17913726	367	18	95.32	CG
7	17913342	17913726	230	58	79.86	CHG
7	17913342	17913726	130	1194	9.82	CHH
7	18987148	18987233	17	13	56.67	CG
7	18987148	18987233	9	6	60.00	CHG
7	18987148	18987233	8	139	5.44	CHH
7	19215021	19215291	465	12	97.48	CG
7	19215021	19215291	249	69	78.30	CHG
7	19215021	19215291	33	686	4.59	CHH
7	19560035	19560566	485	16	96.81	CG
7	19560035	19560566	366	131	73.64	CHG
7	19560035	19560566	151	1127	11.82	CHH
7	19560091	19560385	328	14	95.91	CG
7	19560091	19560385	248	74	77.02	CHG
7	19560091	19560385	94	620	13.17	CHH
7	19831953	19832039	1	187	0.53	CHG
7	19831953	19832039	4	599	0.66	CHH
7	19834434	19835298	531	37	93.49	CG
7	19834434	19835298	314	169	65.01	CHG
7	19834434	19835298	101	1840	5.20	CHH
7	21131054	21131268	1	47	2.08	CG
7	21131054	21131268	0	121	0.00	CHG
7	21131054	21131268	3	867	0.34	CHH
7	21474944	21475222	61	43	58.65	CG
7	21474944	21475222	4	19	17.39	CHG
7	21474944	21475222	95	439	17.79	CHH
7	21913503	21914249	49	462	9.59	CG
7	21913503	21914249	17	550	3.00	CHG
7	21913503	21914249	193	1999	8.80	CHH
7	22120429	22120613	289	9	96.98	CG
7	22120429	22120613	0	546	0.00	CHG
7	22120429	22120613	11	1547	0.71	CHH
7	22386510	22386982	19	617	2.99	CG
7	22386510	22386982	9	172	4.97	CHG
7	22386510	22386982	43	423	9.23	CHH
7	22569423	22569628	192	12	94.12	CG
7	22569423	22569628	1	434	0.23	CHG
7	22569423	22569628	7	1680	0.41	CHH
7	23187122	23187806	12	854	1.39	CG
7	23187122	23187806	5	997	0.50	CHG
7	23187122	23187806	15	3689	0.40	CHH
7	23391649	23391802	91	5	94.79	CG
7	23391649	23391802	2	220	0.90	CHG
7	23391649	23391802	0	533	0.00	CHH
7	24132747	24133053	126	3	97.67	CG
7	24132747	24133053	5	203	2.40	CHG
7	24132747	24133053	29	1490	1.91	CHH
7	24196787	24197173	384	12	96.97	CG
7	24196787	24197173	438	17	96.26	CHG
7	24196787	24197173	98	2675	3.53	CHH
7	24296352	24296548	82	3	96.47	CG
7	24296352	24296548	1	262	0.38	CHG
7	24296352	24296548	6	1029	0.58	CHH
7	24747117	24747542	336	5	98.53	CG
7	24747117	24747542	154	48	76.24	CHG
7	24747117	24747542	51	294	14.78	CHH
7	25222041	25223348	134	2639	4.83	CG
7	25222041	25223348	198	1469	11.88	CHG
7	25222041	25223348	649	6094	9.62	CHH
7	25256522	25256725	6	391	1.51	CG
7	25256522	25256725	6	304	1.94	CHG
7	25256522	25256725	13	828	1.55	CHH
7	25908465	25908808	0	658	0.00	CG
7	25908465	25908808	6	1121	0.53	CHG
7	25908465	25908808	10	2990	0.33	CHH
7	25983000	25983349	183	47	79.57	CG
7	25983000	25983349	1	560	0.18	CHG
7	25983000	25983349	3	1558	0.19	CHH
7	26184639	26186023	596	14	97.70	CG
7	26184639	26186023	385	69	84.80	CHG
7	26184639	26186023	99	1049	8.62	CHH
7	26456564	26456769	0	161	0.00	CG
7	26456564	26456769	0	61	0.00	CHG
7	26456564	26456769	4	443	0.89	CHH
7	27118237	27118566	21	0	100.00	CG
7	27118237	27118566	22	12	64.71	CHG
7	27118237	27118566	48	396	10.81	CHH
7	28429839	28434200	1168	517	69.32	CG
7	28429839	28434200	40	5406	0.73	CHG
7	28429839	28434200	144	19575	0.73	CHH
7	28561953	28562576	5	3031	0.16	CG
7	28561953	28562576	5	1583	0.31	CHG
7	28561953	28562576	6	1880	0.32	CHH
7	28603030	28603161	2	0	100.00	CG
7	28603030	28603161	4	0	100.00	CHG
7	28603030	28603161	1	41	2.38	CHH
7	29086695	29086979	187	24	88.63	CG
7	29086695	29086979	60	21	74.07	CHG
7	29086695	29086979	50	209	19.31	CHH
8	178569	180215	41	2641	1.53	CG
8	178569	180215	86	1765	4.65	CHG
8	178569	180215	268	5971	4.30	CHH
8	236935	237112	184	4	97.87	CG
8	236935	237112	330	31	91.41	CHG
8	236935	237112	95	964	8.97	CHH
8	451101	451275	2	555	0.36	CG
8	451101	451275	1	236	0.42	CHG
8	451101	451275	2	389	0.51	CHH
8	700792	701075	4	847	0.47	CG
8	700792	701075	3	620	0.48	CHG
8	700792	701075	8	1365	0.58	CHH
8	1029191	1029915	111	694	13.79	CG
8	1029191	1029915	68	421	13.91	CHG
8	1029191	1029915	602	2099	22.29	CHH
8	1151684	1151850	76	1	98.70	CG
8	1151684	1151850	122	47	72.19	CHG
8	1151684	1151850	48	769	5.88	CHH
8	1263064	1263825	45	0	100.00	CG
8	1263064	1263825	64	13	83.12	CHG
8	1263064	1263825	5	182	2.67	CHH
8	1315995	1316283	230	4	98.29	CG
8	1315995	1316283	232	79	74.60	CHG
8	1315995	1316283	159	1260	11.21	CHH
8	1392517	1392770	480	15	96.97	CG
8	1392517	1392770	86	154	35.83	CHG
8	1392517	1392770	10	929	1.06	CHH
8	1864926	1865852	1084	37	96.70	CG
8	1864926	1865852	258	300	46.24	CHG
8	1864926	1865852	137	4521	2.94	CHH
8	1952801	1953130	251	74	77.23	CG
8	1952801	1953130	41	179	18.64	CHG
8	1952801	1953130	21	1579	1.31	CHH
8	2740500	2740929	334	7	97.95	CG
8	2740500	2740929	315	62	83.55	CHG
8	2740500	2740929	60	1496	3.86	CHH
8	2874093	2874334	292	12	96.05	CG
8	2874093	2874334	125	66	65.45	CHG
8	2874093	2874334	37	1185	3.03	CHH
8	3055231	3055410	5	418	1.18	CHG
8	3055231	3055410	5	1310	0.38	CHH
8	3463082	3465280	333	1221	21.43	CG
8	3463082	3465280	134	2094	6.01	CHG
8	3463082	3465280	806	8173	8.98	CHH
8	4272689	4273002	137	5	96.48	CG
8	4272689	4273002	191	32	85.65	CHG
8	4272689	4273002	44	1835	2.34	CHH
8	4312136	4312445	582	38	93.87	CG
8	4312136	4312445	291	221	56.84	CHG
8	4312136	4312445	93	2213	4.03	CHH
8	4545475	4545770	58	28	67.44	CG
8	4545475	4545770	9	312	2.80	CHG
8	4545475	4545770	17	1115	1.50	CHH
8	4853217	4853848	6	2538	0.24	CG
8	4853217	4853848	7	1152	0.60	CHG
8	4853217	4853848	9	2413	0.37	CHH
8	5467560	5467758	1	454	0.22	CG
8	5467560	5467758	3	376	0.79	CHG
8	5467560	5467758	5	1450	0.34	CHH
8	6450044	6451003	1152	38	96.81	CG
8	6450044	6451003	822	180	82.04	CHG
8	6450044	6451003	208	3936	5.02	CHH
8	6675950	6676096	91	3	96.81	CG
8	6675950	6676096	35	10	77.78	CHG
8	6675950	6676096	11	175	5.91	CHH
8	6874782	6875032	288	14	95.36	CG
8	6874782	6875032	89	38	70.08	CHG
8	6874782	6875032	79	1020	7.19	CHH
8	7337780	7340351	1140	1236	47.98	CG
8	7337780	7340351	80	3276	2.38	CHG
8	7337780	7340351	591	12512	4.51	CHH
8	7485595	7487184	1873	95	95.17	CG
8	7485595	7487184	1987	325	85.94	CHG
8	7485595	7487184	473	8010	5.58	CHH
8	7660052	7660308	76	2	97.44	CG
8	7660052	7660308	39	93	29.55	CHG
8	7660052	7660308	46	840	5.19	CHH
8	8117875	8118747	182	28	86.67	CG
8	8117875	8118747	8	703	1.13	CHG
8	8117875	8118747	49	3130	1.54	CHH
8	8283116	8289954	4234	1651	71.95	CG
8	8283116	8289954	2817	5723	32.99	CHG
8	8283116	8289954	886	28861	2.98	CHH
8	8625179	8626724	1640	40	97.62	CG
8	8625179	8626724	1051	326	76.33	CHG
8	8625179	8626724	134	2678	4.77	CHH
8	10263592	10264820	474	15	96.93	CG
8	10263592	10264820	6	1434	0.42	CHG
8	10263592	10264820	17	4880	0.35	CHH
8	10859005	10859704	202	2	99.02	CG
8	10859005	10859704	271	32	89.44	CHG
8	10859005	10859704	249	3036	7.58	CHH
8	10992041	10993699	936	99	90.43	CG
8	10992041	10993699	552	482	53.38	CHG
8	10992041	10993699	135	5994	2.20	CHH
8	11166235	11167095	30	1	96.77	CG
8	11166235	11167095	141	13	91.56	CHG
8	11166235	11167095	24	601	3.84	CHH
8	11203659	11203915	1	0	100.00	CG
8	11203659	11203915	2	0	100.00	CHG
8	11203659	11203915	1	10	9.09	CHH
8	12217241	12217417	7	0	100.00	CHG
8	12217241	12217417	4	26	13.33	CHH
8	12220776	12220917	4	1	80.00	CG
8	12220776	12220917	4	0	100.00	CHG
8	12220776	12220917	1	48	2.04	CHH
8	12256460	12256704	0	190	0.00	CG
8	12256460	12256704	2	318	0.62	CHG
8	12256460	12256704	4	1111	0.36	CHH
8	12629860	12629996	37	2	94.87	CG
8	12629860	12629996	134	17	88.74	CHG
8	12629860	12629996	16	583	2.67	CHH
8	13407105	13408116	1234	117	91.34	CG
8	13407105	13408116	298	220	57.53	CHG
8	13407105	13408116	95	1601	5.60	CHH
8	13545344	13545711	281	22	92.74	CG
8	13545344	13545711	73	48	60.33	CHG
8	13545344	13545711	76	1587	4.57	CHH
8	13637622	13639004	1606	54	96.75	CG
8	13637622	13639004	1406	351	80.02	CHG
8	13637622	13639004	162	4877	3.21	CHH
8	13894493	13894788	28	0	100.00	CG
8	13894493	13894788	12	4	75.00	CHG
8	13894493	13894788	0	52	0.00	CHH
8	13952461	13953924	780	254	75.44	CG
8	13952461	13953924	364	351	50.91	CHG
8	13952461	13953924	396	3172	11.10	CHH
8	14213510	14213752	59	150	28.23	CG
8	14213510	14213752	0	135	0.00	CHG
8	14213510	14213752	44	690	5.99	CHH
8	14298148	14298652	226	5	97.84	CG
8	14298148	14298652	285	43	86.89	CHG
8	14298148	14298652	80	1597	4.77	CHH
8	14597668	14597929	204	4	98.08	CG
8	14597668	14597929	107	31	77.54	CHG
8	14597668	14597929	48	272	15.00	CHH
8	14657412	14657652	9	1	90.00	CG
8	14657412	14657652	3	8	27.27	CHG
8	14657412	14657652	3	272	1.09	CHH
8	15580207	15580529	146	3	97.99	CG
8	15580207	15580529	200	24	89.29	CHG
8	15580207	15580529	67	1015	6.19	CHH
8	15967015	15970249	2604	85	96.84	CG
8	15967015	15970249	2022	623	76.45	CHG
8	15967015	15970249	450	13067	3.33	CHH
8	16012976	16013846	934	25	97.39	CG
8	16012976	16013846	482	144	77.00	CHG
8	16012976	16013846	209	1827	10.27	CHH
8	16216197	16216404	44	25	63.77	CG
8	16216197	16216404	3	428	0.70	CHH
8	16538923	16541131	714	91	88.70	CG
8	16538923	16541131	19	1759	1.07	CHG
8	16538923	16541131	77	7829	0.97	CHH
8	16974676	16975655	202	358	36.07	CG
8	16974676	16975655	109	438	19.93	CHG
8	16974676	16975655	149	2947	4.81	CHH
8	16994050	16994211	1	188	0.53	CG
8	16994050	16994211	4	134	2.90	CHG
8	16994050	16994211	17	708	2.34	CHH
8	17403203	17403300	187	5	97.40	CG
8	17403203	17403300	103	25	80.47	CHG
8	17403203	17403300	10	178	5.32	CHH
8	17719178	17719322	57	2	96.61	CG
8	17719178	17719322	21	12	63.64	CHG
8	17719178	17719322	10	269	3.58	CHH
8	18550794	18553306	1288	542	70.38	CG
8	18550794	18553306	472	958	33.01	CHG
8	18550794	18553306	746	4680	13.75	CHH
8	20514928	20517189	1607	53	96.81	CG
8	20514928	20517189	504	375	57.34	CHG
8	20514928	20517189	672	13212	4.84	CHH
8	21734995	21740080	5116	179	96.62	CG
8	21734995	21740080	2949	582	83.52	CHG
8	21734995	21740080	784	12094	6.09	CHH
8	21758849	21759020	92	18	83.64	CG
8	21758849	21759020	2	372	0.53	CHG
8	21758849	21759020	6	1632	0.37	CHH
8	22561294	22561443	20	26	43.48	CG
8	22561294	22561443	8	39	17.02	CHG
8	22561294	22561443	2	215	0.92	CHH
8	22681154	22681244	74	5	93.67	CHG
8	22681154	22681244	11	356	3.00	CHH
8	22949183	22951590	546	716	43.26	CG
8	22949183	22951590	314	1575	16.62	CHG
8	22949183	22951590	975	6442	13.15	CHH
8	23384652	23384882	6	609	0.98	CG
8	23384652	23384882	5	318	1.55	CHG
8	23384652	23384882	20	662	2.93	CHH
8	23517672	23517817	36	1	97.30	CG
8	23517672	23517817	47	1	97.92	CHG
8	23517672	23517817	28	371	7.02	CHH
8	23675662	23675914	126	7	94.74	CG
8	23675662	23675914	35	15	70.00	CHG
8	23675662	23675914	205	85	70.69	CHH
8	24239866	24240191	125	1	99.21	CG
8	24239866	24240191	2	433	0.46	CHG
8	24239866	24240191	5	1815	0.27	CHH
8	24632914	24633182	65	21	75.58	CG
8	24632914	24633182	34	222	13.28	CHG
8	24632914	24633182	41	671	5.76	CHH
8	25281178	25281350	313	8	97.51	CG
8	25281178	25281350	31	30	50.82	CHG
8	25281178	25281350	51	690	6.88	CHH
8	25598370	25598449	21	137	13.29	CHH
8	25696600	25696771	1	449	0.22	CG
8	25696600	25696771	1	279	0.36	CHG
8	25696600	25696771	2	613	0.33	CHH
8	25733898	25741720	3146	3858	44.92	CG
8	25733898	25741720	1841	7560	19.58	CHG
8	25733898	25741720	1523	31046	4.68	CHH
8	26671848	26672550	226	5	97.84	CG
8	26671848	26672550	80	8	90.91	CHG
8	26671848	26672550	31	694	4.28	CHH
8	26851572	26851796	0	448	0.00	CG
8	26851572	26851796	1	262	0.38	CHG
8	26851572	26851796	3	1127	0.27	CHH
8	27327904	27330518	254	6556	3.73	CG
8	27327904	27330518	113	4195	2.62	CHG
8	27327904	27330518	136	9052	1.48	CHH
9	899505	900078	571	21	96.45	CG
9	899505	900078	176	75	70.12	CHG
9	899505	900078	165	2238	6.87	CHH
9	1708905	1710116	1780	72	96.11	CG
9	1708905	1710116	966	376	71.98	CHG
9	1708905	1710116	107	3873	2.69	CHH
9	2262231	2262612	335	11	96.82	CG
9	2262231	2262612	454	63	87.81	CHG
9	2262231	2262612	68	1654	3.95	CHH
9	2463009	2464211	1218	130	90.36	CG
9	2463009	2464211	740	425	63.52	CHG
9	2463009	2464211	253	5059	4.76	CHH
9	2545349	2545704	354	7	98.06	CG
9	2545349	2545704	369	45	89.13	CHG
9	2545349	2545704	66	1151	5.42	CHH
9	2775400	2775730	2187	108	95.29	CG
9	2775400	2775730	376	228	62.25	CHG
9	2775400	2775730	346	4597	7.00	CHH
9	2854868	2855786	1418	79	94.72	CG
9	2854868	2855786	188	162	53.71	CHG
9	2854868	2855786	270	2981	8.31	CHH
9	2911646	2912272	637	18	97.25	CG
9	2911646	2912272	874	129	87.14	CHG
9	2911646	2912272	131	2797	4.47	CHH
9	3112245	3115702	4117	90	97.86	CG
9	3112245	3115702	1856	491	79.08	CHG
9	3112245	3115702	603	7430	7.51	CHH
9	3214717	3216020	322	117	73.35	CG
9	3214717	3216020	197	155	55.97	CHG
9	3214717	3216020	88	2758	3.09	CHH
9	3330884	3331520	111	5	95.69	CG
9	3330884	3331520	246	25	90.77	CHG
9	3330884	3331520	31	1324	2.29	CHH
9	4522204	4522362	56	7	88.89	CG
9	4522204	4522362	26	5	83.87	CHG
9	4522204	4522362	6	109	5.22	CHH
9	4739227	4745466	1631	1014	61.66	CG
9	4739227	4745466	664	1675	28.39	CHG
9	4739227	4745466	873	10835	7.46	CHH
9	6140177	6140335	43	3	93.48	CG
9	6140177	6140335	39	4	90.70	CHG
9	6140177	6140335	3	189	1.56	CHH
9	6631347	6632182	92	68	57.50	CG
9	6631347	6632182	418	328	56.03	CHG
9	6631347	6632182	93	2567	3.50	CHH
9	7230219	7230464	204	35	85.36	CG
9	7230219	7230464	49	81	37.69	CHG
9	7230219	7230464	9	295	2.96	CHH
9	7430897	7432040	147	136	51.94	CG
9	7430897	7432040	5	181	2.69	CHG
9	7430897	7432040	105	2303	4.36	CHH
9	8393668	8393832	224	2	99.12	CG
9	8393668	8393832	87	38	69.60	CHG
9	8393668	8393832	15	296	4.82	CHH
9	9923428	9925180	132	240	35.48	CG
9	9923428	9925180	22	591	3.59	CHG
9	9923428	9925180	585	4203	12.22	CHH
9	10766786	10767301	213	16	93.01	CG
9	10766786	10767301	3	715	0.42	CHG
9	10766786	10767301	10	2518	0.40	CHH
9	12030840	12031218	6	820	0.73	CG
9	12030840	12031218	2	500	0.40	CHG
9	12030840	12031218	2	827	0.24	CHH
9	12595903	12596851	0	570	0.00	CG
9	12595903	12596851	4	1211	0.33	CHG
9	12595903	12596851	9	3750	0.24	CHH
9	13404977	13406112	796	42	94.99	CG
9	13404977	13406112	273	115	70.36	CHG
9	13404977	13406112	144	2244	6.03	CHH
9	16489222	16490713	240	1365	14.95	CG
9	16489222	16490713	102	1342	7.06	CHG
9	16489222	16490713	49	5095	0.95	CHH
9	16577282	16577396	66	3	95.65	CG
9	16577282	16577396	32	9	78.05	CHG
9	16577282	16577396	452	103	81.44	CHH
9	17604144	17604323	76	7	91.57	CG
9	17604144	17604323	1	125	0.79	CHG
9	17604144	17604323	3	545	0.55	CHH
9	19383868	19383934	0	50	0.00	CHG
9	19383868	19383934	0	192	0.00	CHH
9	19469244	19469889	33	250	11.66	CG
9	19469244	19469889	21	610	3.33	CHG
9	19469244	19469889	315	1349	18.93	CHH
9	19529704	19533249	1462	2674	35.35	CG
9	19529704	19533249	678	1576	30.08	CHG
9	19529704	19533249	516	11125	4.43	CHH
9	20512179	20515947	1424	1778	44.47	CG
9	20512179	20515947	836	3357	19.94	CHG
9	20512179	20515947	1599	15767	9.21	CHH
9	20811988	20812086	1	587	0.17	CG
9	20811988	20812086	1	80	1.23	CHG
9	20811988	20812086	2	608	0.33	CHH
9	21917576	21917684	2	226	0.88	CG
9	21917576	21917684	0	193	0.00	CHG
9	21917576	21917684	2	293	0.68	CHH
9	22507907	22508014	0	117	0.00	CHG
9	22507907	22508014	1	411	0.24	CHH
9	22587586	22587797	122	3	97.60	CG
9	22587586	22587797	51	20	71.83	CHG
9	22587586	22587797	19	196	8.84	CHH
10	76063	76767	422	35	92.34	CG
10	76063	76767	315	358	46.81	CHG
10	76063	76767	64	2471	2.52	CHH
10	1070598	1072595	656	2882	18.54	CG
10	1070598	1072595	448	1900	19.08	CHG
10	1070598	1072595	517	8329	5.84	CHH
10	1391746	1391999	385	11	97.22	CG
10	1391746	1391999	64	133	32.49	CHG
10	1391746	1391999	5	375	1.32	CHH
10	1614261	1614403	0	42	0.00	CG
10	1614261	1614403	0	296	0.00	CHG
10	1614261	1614403	8	1005	0.79	CHH
10	1803629	1804504	411	69	85.62	CG
10	1803629	1804504	431	174	71.24	CHG
10	1803629	1804504	537	2545	17.42	CHH
10	1803768	1804170	373	29	92.79	CG
10	1803768	1804170	197	72	73.23	CHG
10	1803768	1804170	134	994	11.88	CHH
10	1840873	1840994	0	132	0.00	CG
10	1840873	1840994	0	78	0.00	CHG
10	1840873	1840994	1	377	0.26	CHH
10	2764274	2764493	1	262	0.38	CG
10	2764274	2764493	2	626	0.32	CHG
10	2764274	2764493	5	1317	0.38	CHH
10	3411205	3411730	184	5	97.35	CG
10	3411205	3411730	8	627	1.26	CHG
10	3411205	3411730	34	1922	1.74	CHH
10	3555583	3556236	686	20	97.17	CG
10	3555583	3556236	165	79	67.62	CHG
10	3555583	3556236	73	807	8.30	CHH
10	4747418	4747782	11	43	20.37	CG
10	4747418	4747782	66	240	21.57	CHG
10	4747418	4747782	10	1158	0.86	CHH
10	6032495	6032662	105	4	96.33	CG
10	6032495	6032662	288	20	93.51	CHG
10	6032495	6032662	77	990	7.22	CHH
10	6484932	6485158	43	206	17.27	CG
10	6484932	6485158	3	124	2.36	CHG
10	6484932	6485158	4	702	0.57	CHH
10	6965382	6965620	80	3	96.39	CG
10	6965382	6965620	11	6	64.71	CHG
10	6965382	6965620	1	37	2.63	CHH
10	7289884	7290427	407	24	94.43	CG
10	7289884	7290427	178	51	77.73	CHG
10	7289884	7290427	44	931	4.51	CHH
10	8713513	8713687	73	0	100.00	CG
10	8713513	8713687	85	20	80.95	CHG
10	8713513	8713687	14	316	4.24	CHH
10	8784304	8784496	61	4	93.85	CG
10	8784304	8784496	30	13	69.77	CHG
10	8784304	8784496	16	438	3.52	CHH
10	9339792	9339997	90	4	95.74	CG
10	9339792	9339997	9	2	81.82	CHG
10	9339792	9339997	256	201	56.02	CHH
10	9455216	9455761	553	14	97.53	CG
10	9455216	9455761	436	86	83.52	CHG
10	9455216	9455761	125	2269	5.22	CHH
10	10070366	10073354	1504	72	95.43	CG
10	10070366	10073354	1056	282	78.92	CHG
10	10070366	10073354	224	3903	5.43	CHH
10	10893887	10894383	208	618	25.18	CG
10	10893887	10894383	269	835	24.37	CHG
10	10893887	10894383	74	6263	1.17	CHH
10	10994069	10994203	82	8	91.11	CG
10	10994069	10994203	2	148	1.33	CHG
10	10994069	10994203	3	462	0.65	CHH
10	11956236	11956518	203	8	96.21	CG
10	11956236	11956518	104	40	72.22	CHG
10	11956236	11956518	331	506	39.55	CHH
10	11967788	11968023	10	0	100.00	CG
10	11967788	11968023	16	0	100.00	CHG
10	11967788	11968023	186	410	31.21	CHH
10	12041078	12041429	10	37	21.28	CG
10	12041078	12041429	71	113	38.59	CHG
10	12041078	12041429	183	607	23.16	CHH
10	12398331	12398410	30	4	88.24	CHG
10	12398331	12398410	17	300	5.36	CHH
10	12783731	12784747	290	2440	10.62	CG
10	12783731	12784747	172	1318	11.54	CHG
10	12783731	12784747	512	2971	14.70	CHH
10	13030461	13031711	245	1733	12.39	CG
10	13030461	13031711	144	1143	11.19	CHG
10	13030461	13031711	475	3325	12.50	CHH
10	13134013	13134625	189	52	78.42	CG
10	13134013	13134625	30	59	33.71	CHG
10	13134013	13134625	239	1633	12.77	CHH
10	14312781	14312940	140	6	95.89	CG
10	14312781	14312940	51	24	68.00	CHG
10	14312781	14312940	36	476	7.03	CHH
10	14415032	14415475	0	470	0.00	CG
10	14415032	14415475	1	367	0.27	CHG
10	14415032	14415475	10	1126	0.88	CHH
10	14939572	14939779	1	427	0.23	CG
10	14939572	14939779	2	252	0.79	CHG
10	14939572	14939779	8	1434	0.55	CHH
10	15358024	15358297	57	2	96.61	CHG
10	15358024	15358297	92	1189	7.18	CHH
10	15388115	15388379	49	0	100.00	CG
10	15388115	15388379	152	75	66.96	CHG
10	15388115	15388379	27	782	3.34	CHH
10	15623066	15624262	20	1928	1.03	CG
10	15623066	15624262	18	2125	0.84	CHG
10	15623066	15624262	86	4489	1.88	CHH
10	16649407	16649853	8	1020	0.78	CG
10	16649407	16649853	4	990	0.40	CHG
10	16649407	16649853	5	2371	0.21	CHH
10	17917117	17917361	14	287	4.65	CG
10	17917117	17917361	3	513	0.58	CHG
10	17917117	17917361	5	1310	0.38	CHH
10	18118300	18118455	135	4	97.12	CG
10	18118300	18118455	90	10	90.00	CHG
10	18118300	18118455	178	553	24.35	CHH
10	18249061	18249336	341	14	96.06	CG
10	18249061	18249336	96	106	47.52	CHG
10	18249061	18249336	27	772	3.38	CHH
10	18629501	18629720	0	132	0.00	CG
10	18629501	18629720	0	139	0.00	CHG
10	18629501	18629720	1	1134	0.09	CHH
10	18709862	18710680	228	1613	12.38	CG
10	18709862	18710680	70	1539	4.35	CHG
10	18709862	18710680	244	3064	7.38	CHH
10	19071669	19072430	10	1674	0.59	CG
10	19071669	19072430	6	1802	0.33	CHG
10	19071669	19072430	17	3048	0.55	CHH
10	19727438	19727659	41	0	100.00	CG
10	19727438	19727659	40	27	59.70	CHG
10	19727438	19727659	395	253	60.96	CHH
10	20621568	20621746	70	4	94.59	CG
10	20621568	20621746	58	26	69.05	CHG
10	20621568	20621746	7	130	5.11	CHH
10	20684185	20684453	122	6	95.31	CG
10	20684185	20684453	3	602	0.50	CHG
10	20684185	20684453	17	1706	0.99	CHH
10	20758072	20758229	31	1	96.88	CG
10	20758072	20758229	0	312	0.00	CHG
10	20758072	20758229	3	790	0.38	CHH
10	20876029	20876473	45	180	20.00	CG
10	20876029	20876473	42	280	13.04	CHG
10	20876029	20876473	73	936	7.23	CHH
10	21433314	21437604	878	2184	28.67	CG
10	21433314	21437604	128	3273	3.76	CHG
10	21433314	21437604	277	15110	1.80	CHH
10	21560604	21561484	191	157	54.89	CG
10	21560604	21561484	12	1814	0.66	CHG
10	21560604	21561484	27	5926	0.45	CHH
10	22597491	22597660	2	536	0.37	CG
10	22597491	22597660	0	317	0.00	CHG
10	22597491	22597660	2	658	0.30	CHH
10	22692035	22692362	85	103	45.21	CG
10	22692035	22692362	4	494	0.80	CHG
10	22692035	22692362	11	2076	0.53	CHH
10	22860787	22861438	5	770	0.65	CG
10	22860787	22861438	4	968	0.41	CHG
10	22860787	22861438	8	2948	0.27	CHH
11	505296	505455	284	7	97.59	CG
11	505296	505455	227	55	80.50	CHG
11	505296	505455	23	670	3.32	CHH
11	797708	798586	66	88	42.86	CG
11	797708	798586	93	146	38.91	CHG
11	797708	798586	135	1510	8.21	CHH
11	1050852	1052789	104	2559	3.91	CG
11	1050852	1052789	36	3020	1.18	CHG
11	1050852	1052789	62	7155	0.86	CHH
11	1432574	1432751	2	312	0.64	CG
11	1432574	1432751	0	130	0.00	CHG
11	1432574	1432751	0	530	0.00	CHH
11	1858041	1858566	183	9	95.31	CG
11	1858041	1858566	238	35	87.18	CHG
11	1858041	1858566	437	496	46.84	CHH
11	2504811	2504939	2	346	0.57	CG
11	2504811	2504939	1	367	0.27	CHG
11	2504811	2504939	7	1214	0.57	CHH
11	2669596	2669853	4	463	0.86	CG
11	2669596	2669853	1	111	0.89	CHG
11	2669596	2669853	0	743	0.00	CHH
11	2802873	2804621	383	811	32.08	CG
11	2802873	2804621	422	924	31.35	CHG
11	2802873	2804621	443	4664	8.67	CHH
11	3466044	3470402	1409	945	59.86	CG
11	3466044	3470402	1226	1381	47.03	CHG
11	3466044	3470402	1056	9934	9.61	CHH
11	3810954	3811089	75	1	98.68	CG
11	3810954	3811089	1	183	0.54	CHG
11	3810954	3811089	0	480	0.00	CHH
11	4224826	4225123	32	1	96.97	CG
11	4224826	4225123	28	235	10.65	CHG
11	4224826	4225123	6	1200	0.50	CHH
11	4595255	4598721	759	3682	17.09	CG
11	4595255	4598721	491	1830	21.15	CHG
11	4595255	4598721	1179	7737	13.22	CHH
11	6038088	6038424	18	1808	0.99	CG
11	6038088	6038424	13	981	1.31	CHG
11	6038088	6038424	5	1439	0.35	CHH
11	6091835	6093414	1032	486	67.98	CG
11	6091835	6093414	440	507	46.46	CHG
11	6091835	6093414	513	4184	10.92	CHH
11	7821028	7821214	39	197	16.53	CG
11	7821028	7821214	13	270	4.59	CHG
11	7821028	7821214	11	612	1.77	CHH
11	9435946	9436636	416	14	96.74	CG
11	9435946	9436636	303	61	83.24	CHG
11	9435946	9436636	354	1575	18.35	CHH
11	9479627	9479991	4	1276	0.31	CG
11	9479627	9479991	8	1213	0.66	CHG
11	9479627	9479991	6	2721	0.22	CHH
11	9728388	9728616	26	0	100.00	CG
11	9728388	9728616	1	25	3.85	CHG
11	9728388	9728616	16	232	6.45	CHH
11	9810706	9815080	2748	611	81.81	CG
11	9810706	9815080	1587	1588	49.98	CHG
11	9810706	9815080	1094	10909	9.11	CHH
11	9969448	9969633	30	67	30.93	CG
11	9969448	9969633	34	46	42.50	CHG
11	9969448	9969633	32	549	5.51	CHH
11	10499987	10500272	74	2	97.37	CG
11	10499987	10500272	114	6	95.00	CHG
11	10499987	10500272	42	1168	3.47	CHH
11	10502651	10503109	179	4	97.81	CG
11	10502651	10503109	472	33	93.47	CHG
11	10502651	10503109	127	1540	7.62	CHH
11	11632517	11632735	144	4	97.30	CG
11	11632517	11632735	67	39	63.21	CHG
11	11632517	11632735	29	331	8.06	CHH
11	12791330	12791451	152	7	95.60	CG
11	12791330	12791451	87	22	79.82	CHG
11	12791330	12791451	20	321	5.87	CHH
11	13907112	13907730	718	19	97.42	CG
11	13907112	13907730	835	87	90.56	CHG
11	13907112	13907730	191	2750	6.49	CHH
11	14199127	14199230	141	1	99.30	CG
11	14199127	14199230	90	28	76.27	CHG
11	14199127	14199230	7	233	2.92	CHH
11	14246634	14246765	104	1	99.05	CG
11	14246634	14246765	82	3	96.47	CHG
11	14246634	14246765	62	487	11.29	CHH
11	14953985	14954432	164	1	99.39	CG
11	14953985	14954432	71	25	73.96	CHG
11	14953985	14954432	47	749	5.90	CHH
11	15162648	15162882	62	1	98.41	CG
11	15162648	15162882	298	47	86.38	CHG
11	15162648	15162882	64	1478	4.15	CHH
11	15516587	15517994	693	1511	31.44	CG
11	15516587	15517994	212	1117	15.95	CHG
11	15516587	15517994	440	4650	8.64	CHH
11	15595496	15598031	2464	513	82.77	CG
11	15595496	15598031	1400	999	58.36	CHG
11	15595496	15598031	731	10831	6.32	CHH
11	15629573	15629919	171	10	94.48	CG
11	15629573	15629919	283	77	78.61	CHG
11	15629573	15629919	91	2028	4.29	CHH
11	15784095	15784518	9	1126	0.79	CG
11	15784095	15784518	13	775	1.65	CHG
11	15784095	15784518	41	1680	2.38	CHH
11	16587225	16588700	617	369	62.58	CG
11	16587225	16588700	289	450	39.11	CHG
11	16587225	16588700	417	3326	11.14	CHH
11	16590106	16591882	1651	44	97.40	CG
11	16590106	16591882	2328	283	89.16	CHG
11	16590106	16591882	208	7232	2.80	CHH
11	17024541	17024749	94	5	94.95	CG
11	17024541	17024749	88	21	80.73	CHG
11	17024541	17024749	189	422	30.93	CHH
11	17437801	17439859	395	2278	14.78	CG
11	17437801	17439859	58	2506	2.26	CHG
11	17437801	17439859	193	10830	1.75	CHH
11	17734944	17735193	4	1152	0.35	CG
11	17734944	17735193	2	594	0.34	CHG
11	17734944	17735193	3	836	0.36	CHH
11	17903585	17906300	2148	297	87.85	CG
11	17903585	17906300	1595	475	77.05	CHG
11	17903585	17906300	912	7231	11.20	CHH
11	17974571	17974900	65	375	14.77	CG
11	17974571	17974900	73	407	15.21	CHG
11	17974571	17974900	202	1293	13.51	CHH
11	18221483	18221608	83	4	95.40	CG
11	18221483	18221608	118	24	83.10	CHG
11	18221483	18221608	17	247	6.44	CHH
11	18325064	18325191	0	26	0.00	CG
11	18325064	18325191	0	73	0.00	CHG
11	18325064	18325191	1	375	0.27	CHH
11	18373844	18373989	0	35	0.00	CG
11	18373844	18373989	1	129	0.77	CHG
11	18373844	18373989	3	737	0.41	CHH
11	18718793	18720377	636	485	56.74	CG
11	18718793	18720377	103	1122	8.41	CHG
11	18718793	18720377	158	5472	2.81	CHH
11	18909482	18909881	3	622	0.48	CG
11	18909482	18909881	1	511	0.20	CHG
11	18909482	18909881	3	1031	0.29	CHH
11	19311606	19314032	1348	212	86.41	CG
11	19311606	19314032	934	868	51.83	CHG
11	19311606	19314032	604	5338	10.16	CHH
11	20219224	20220414	1184	40	96.73	CG
11	20219224	20220414	1439	153	90.39	CHG
11	20219224	20220414	189	5783	3.16	CHH
11	20319451	20320865	872	78	91.79	CG
11	20319451	20320865	813	187	81.30	CHG
11	20319451	20320865	1322	3992	24.88	CHH
11	20346784	20346867	1	24	4.00	CG
11	20346784	20346867	1	38	2.56	CHG
11	20346784	20346867	3	290	1.02	CHH
11	20686170	20686465	2	58	3.33	CG
11	20686170	20686465	1	83	1.19	CHG
11	20686170	20686465	5	648	0.77	CHH
11	20872306	20872476	168	2	98.82	CG
11	20872306	20872476	69	26	72.63	CHG
11	20872306	20872476	5	183	2.66	CHH
11	20903615	20904114	217	129	62.72	CG
11	20903615	20904114	2	747	0.27	CHG
11	20903615	20904114	15	3060	0.49	CHH
11	21540161	21540670	299	11	96.45	CG
11	21540161	21540670	144	94	60.50	CHG
11	21540161	21540670	134	1644	7.54	CHH
11	22251376	22252471	138	393	25.99	CG
11	22251376	22252471	102	936	9.83	CHG
11	22251376	22252471	311	5174	5.67	CHH
11	22442650	22442893	187	10	94.92	CG
11	22442650	22442893	46	7	86.79	CHG
11	22442650	22442893	41	1428	2.79	CHH
11	22611185	22611456	1	169	0.59	CG
11	22611185	22611456	1	242	0.41	CHG
11	22611185	22611456	11	1483	0.74	CHH
11	22898553	22899482	74	319	18.83	CG
11	22898553	22899482	62	346	15.20	CHG
11	22898553	22899482	65	1610	3.88	CHH
11	23917291	23918354	424	54	88.70	CG
11	23917291	23918354	117	205	36.34	CHG
11	23917291	23918354	363	2295	13.66	CHH
11	23924021	23924111	0	59	0.00	CG
11	23924021	23924111	0	166	0.00	CHG
11	23924021	23924111	3	387	0.77	CHH
11	24143197	24143872	398	8	98.03	CG
11	24143197	24143872	237	44	84.34	CHG
11	24143197	24143872	64	987	6.09	CHH
11	24518104	24518669	260	13	95.24	CG
11	24518104	24518669	232	39	85.61	CHG
11	24518104	24518669	23	814	2.75	CHH
11	25340157	25340679	130	8	94.20	CG
11	25340157	25340679	55	72	43.31	CHG
11	25340157	25340679	16	1758	0.90	CHH
11	25356991	25357939	347	20	94.55	CG
11	25356991	25357939	330	278	54.28	CHG
11	25356991	25357939	66	3399	1.90	CHH
11	25450636	25450896	157	5	96.91	CG
11	25450636	25450896	31	26	54.39	CHG
11	25450636	25450896	5	68	6.85	CHH
11	26018351	26019667	1024	44	95.88	CG
11	26018351	26019667	855	184	82.29	CHG
11	26018351	26019667	240	3006	7.39	CHH
11	26557615	26559410	779	128	85.89	CG
11	26557615	26559410	23	1399	1.62	CHG
11	26557615	26559410	157	6735	2.28	CHH
11	26733617	26733799	156	0	100.00	CG
11	26733617	26733799	122	27	81.88	CHG
11	26733617	26733799	15	502	2.90	CHH
11	26897318	26898575	1137	72	94.04	CG
11	26897318	26898575	457	377	54.80	CHG
11	26897318	26898575	326	2434	11.81	CHH
11	27142723	27144368	590	533	52.54	CG
11	27142723	27144368	301	760	28.37	CHG
11	27142723	27144368	570	3711	13.31	CHH
11	27188061	27188431	123	4	96.85	CG
11	27188061	27188431	59	10	85.51	CHG
11	27188061	27188431	492	826	37.33	CHH
11	27296398	27296914	113	371	23.35	CG
11	27296398	27296914	23	159	12.64	CHG
11	27296398	27296914	164	881	15.69	CHH
11	27621315	27621467	1	3	25.00	CHG
11	27621315	27621467	0	34	0.00	CHH
11	28581984	28582206	1	37	2.63	CHG
11	28581984	28582206	4	853	0.47	CHH
12	1158418	1158578	2	481	0.41	CG
12	1158418	1158578	1	160	0.62	CHG
12	1158418	1158578	5	1220	0.41	CHH
12	1177184	1177765	0	173	0.00	CG
12	1177184	1177765	2	521	0.38	CHG
12	1177184	1177765	12	2680	0.45	CHH
12	1270256	1270750	82	82	50.00	CG
12	1270256	1270750	5	756	0.66	CHG
12	1270256	1270750	7	1616	0.43	CHH
12	2005465	2005735	226	1	99.56	CG
12	2005465	2005735	22	51	30.14	CHG
12	2005465	2005735	30	187	13.82	CHH
12	2376872	2377309	98	211	31.72	CG
12	2376872	2377309	4	372	1.06	CHG
12	2376872	2377309	8	1756	0.45	CHH
12	3807299	3807471	1	62	1.59	CG
12	3807299	3807471	1	288	0.35	CHG
12	3807299	3807471	3	941	0.32	CHH
12	3811143	3811601	139	107	56.50	CG
12	3811143	3811601	57	136	29.53	CHG
12	3811143	3811601	241	1073	18.34	CHH
12	3837019	3837118	0	6	0.00	CHH
12	4083553	4083794	109	84	56.48	CG
12	4083553	4083794	4	598	0.66	CHG
12	4083553	4083794	7	1330	0.52	CHH
12	5174512	5176042	750	1062	41.39	CG
12	5174512	5176042	263	839	23.87	CHG
12	5174512	5176042	95	3778	2.45	CHH
12	5728433	5728876	501	8	98.43	CG
12	5728433	5728876	354	47	88.28	CHG
12	5728433	5728876	47	714	6.18	CHH
12	6323100	6323289	20	97	17.09	CG
12	6323100	6323289	13	101	11.40	CHG
12	6323100	6323289	3	531	0.56	CHH
12	6480645	6481828	2029	66	96.85	CG
12	6480645	6481828	1112	239	82.31	CHG
12	6480645	6481828	150	4897	2.97	CHH
12	6550600	6551475	430	22	95.13	CG
12	6550600	6551475	276	87	76.03	CHG
12	6550600	6551475	54	1509	3.45	CHH
12	7855054	7855393	163	5	97.02	CG
12	7855054	7855393	190	26	87.96	CHG
12	7855054	7855393	156	720	17.81	CHH
12	8497520	8497653	4	539	0.74	CG
12	8497520	8497653	0	272	0.00	CHG
12	8497520	8497653	2	460	0.43	CHH
12	8555821	8555983	304	8	97.44	CG
12	8555821	8555983	182	51	78.11	CHG
12	8555821	8555983	26	748	3.36	CHH
12	8733248	8733675	2	0	100.00	CG
12	8733248	8733675	7	2	77.78	CHG
12	8733248	8733675	80	77	50.96	CHH
12	8783105	8783207	30	1	96.77	CG
12	8783105	8783207	7	3	70.00	CHG
12	8783105	8783207	0	204	0.00	CHH
12	8846726	8847029	27	91	22.88	CG
12	8846726	8847029	0	52	0.00	CHG
12	8846726	8847029	6	628	0.95	CHH
12	9326878	9327074	113	0	100.00	CG
12	9326878	9327074	80	24	76.92	CHG
12	9326878	9327074	45	422	9.64	CHH
12	9368388	9368605	136	4	97.14	CG
12	9368388	9368605	55	22	71.43	CHG
12	9368388	9368605	56	840	6.25	CHH
12	11421434	11422871	392	9	97.76	CG
12	11421434	11422871	19	1908	0.99	CHG
12	11421434	11422871	30	6554	0.46	CHH
12	11519644	11519807	66	3	95.65	CG
12	11519644	11519807	53	14	79.10	CHG
12	11519644	11519807	10	448	2.18	CHH
12	12193685	12193957	409	16	96.24	CG
12	12193685	12193957	135	213	38.79	CHG
12	12193685	12193957	47	1416	3.21	CHH
12	12596401	12596694	139	2	98.58	CG
12	12596401	12596694	246	35	87.54	CHG
12	12596401	12596694	42	1348	3.02	CHH
12	12742760	12743615	840	73	92.00	CG
12	12742760	12743615	566	149	79.16	CHG
12	12742760	12743615	175	2763	5.96	CHH
12	13187459	13188652	273	1091	20.01	CG
12	13187459	13188652	101	1166	7.97	CHG
12	13187459	13188652	329	3289	9.09	CHH
12	14284341	14284547	17	138	10.97	CG
12	14284341	14284547	1	45	2.17	CHG
12	14284341	14284547	2	411	0.48	CHH
12	14803452	14803625	51	2	96.23	CG
12	14803452	14803625	137	11	92.57	CHG
12	14803452	14803625	28	808	3.35	CHH
12	15067951	15069074	835	30	96.53	CG
12	15067951	15069074	703	118	85.63	CHG
12	15067951	15069074	201	3122	6.05	CHH
12	15348530	15353993	3815	143	96.39	CG
12	15348530	15353993	4299	919	82.39	CHG
12	15348530	15353993	919	23367	3.78	CHH
12	16142723	16142824	155	11	93.37	CG
12	16142723	16142824	122	14	89.71	CHG
12	16142723	16142824	16	388	3.96	CHH
12	16276461	16276731	130	1	99.24	CG
12	16276461	16276731	112	30	78.87	CHG
12	16276461	16276731	4	355	1.11	CHH
12	16529727	16530963	1064	52	95.34	CG
12	16529727	16530963	492	209	70.19	CHG
12	16529727	16530963	71	3117	2.23	CHH
12	17830991	17831311	0	49	0.00	CG
12	17830991	17831311	0	392	0.00	CHG
12	17830991	17831311	4	1230	0.32	CHH
12	18708202	18708465	59	6	90.77	CG
12	18708202	18708465	10	201	4.74	CHG
12	18708202	18708465	14	918	1.50	CHH
12	18864903	18867127	1274	294	81.25	CG
12	18864903	18867127	720	508	58.63	CHG
12	18864903	18867127	1211	5185	18.93	CHH
12	19240695	19241251	104	5	95.41	CG
12	19240695	19241251	97	89	52.15	CHG
12	19240695	19241251	28	2268	1.22	CHH
12	20271167	20271395	216	7	96.86	CG
12	20271167	20271395	254	48	84.11	CHG
12	20271167	20271395	41	1716	2.33	CHH
12	21012743	21013159	109	152	41.76	CG
12	21012743	21013159	31	502	5.82	CHG
12	21012743	21013159	51	1429	3.45	CHH
12	21325595	21326775	519	156	76.89	CG
12	21325595	21326775	10	2284	0.44	CHG
12	21325595	21326775	34	6297	0.54	CHH
12	21498142	21500190	864	212	80.30	CG
12	21498142	21500190	33	2739	1.19	CHG
12	21498142	21500190	38	9979	0.38	CHH
12	21799965	21804009	711	3067	18.82	CG
12	21799965	21804009	67	5047	1.31	CHG
12	21799965	21804009	342	17257	1.94	CHH
12	22237684	22237932	2	319	0.62	CG
12	22237684	22237932	2	253	0.78	CHG
12	22237684	22237932	0	487	0.00	CHH
12	22424783	22424873	37	0	100.00	CG
12	22424783	22424873	1	254	0.39	CHG
12	22424783	22424873	2	383	0.52	CHH
12	22599880	22601854	404	2243	15.26	CG
12	22599880	22601854	28	2454	1.13	CHG
12	22599880	22601854	148	7657	1.90	CHH
12	22827958	22829855	593	160	78.75	CG
12	22827958	22829855	1002	240	80.68	CHG
12	22827958	22829855	249	4299	5.47	CHH
12	22914184	22914456	87	7	92.55	CG
12	22914184	22914456	121	21	85.21	CHG
12	22914184	22914456	26	516	4.80	CHH
12	23044811	23045065	0	94	0.00	CG
12	23044811	23045065	2	412	0.48	CHG
12	23044811	23045065	3	1189	0.25	CHH
12	24286289	24286454	116	9	92.80	CG
12	24286289	24286454	26	65	28.57	CHG
12	24286289	24286454	14	1164	1.19	CHH
12	24305556	24308650	1861	209	89.90	CG
12	24305556	24308650	450	3854	10.46	CHG
12	24305556	24308650	188	15048	1.23	CHH
12	24482972	24483119	2	112	1.75	CG
12	24482972	24483119	50	191	20.75	CHG
12	24482972	24483119	135	648	17.24	CHH
12	25415184	25415420	128	46	73.56	CG
12	25415184	25415420	22	69	24.18	CHG
12	25415184	25415420	75	518	12.65	CHH
12	26429400	26431294	16	2741	0.58	CG
12	26429400	26431294	13	2570	0.50	CHG
12	26429400	26431294	28	6481	0.43	CHH
12	26619179	26619379	33	4	89.19	CG
12	26619179	26619379	5	225	2.17	CHG
12	26619179	26619379	27	1152	2.29	CHH
12	26739873	26743547	3150	94	97.10	CG
12	26739873	26743547	3077	500	86.02	CHG
12	26739873	26743547	1053	14610	6.72	CHH
12	26756376	26756465	74	5	93.67	CG
12	26756376	26756465	31	12	72.09	CHG
12	26756376	26756465	10	274	3.52	CHH
