1	2555114	2555411	259	18	93.50	CG
1	2555114	2555411	47	100	31.97	CHG
1	2555114	2555411	12	521	2.25	CHH
1	8143115	8144572	506	1534	24.80	CG
1	8143115	8144572	154	1460	9.54	CHG
1	8143115	8144572	82	7581	1.07	CHH
1	8856289	8857459	762	244	75.75	CG
1	8856289	8857459	430	475	47.51	CHG
1	8856289	8857459	171	2247	7.07	CHH
1	9440253	9440373	56	4	93.33	CG
1	9440253	9440373	197	16	92.49	CHG
1	9440253	9440373	36	470	7.11	CHH
1	10922927	10924097	2081	68	96.84	CG
1	10922927	10924097	480	770	38.40	CHG
1	10922927	10924097	109	4152	2.56	CHH
1	10924272	10925038	346	46	88.27	CG
1	10924272	10925038	389	66	85.49	CHG
1	10924272	10925038	99	1868	5.03	CHH
1	10926447	10926494	52	0	100.00	CG
1	10926447	10926494	20	24	45.45	CHG
1	10926447	10926494	9	287	3.04	CHH
1	10927779	10928239	2	1170	0.17	CG
1	10927779	10928239	7	1492	0.47	CHG
1	10927779	10928239	11	3446	0.32	CHH
1	11194466	11195470	1090	44	96.12	CG
1	11194466	11195470	375	79	82.60	CHG
1	11194466	11195470	352	2255	13.50	CHH
1	11195594	11197144	1395	43	97.01	CG
1	11195594	11197144	1019	113	90.02	CHG
1	11195594	11197144	566	4246	11.76	CHH
1	11469690	11470040	284	11	96.27	CG
1	11469690	11470040	106	85	55.50	CHG
1	11469690	11470040	15	522	2.79	CHH
1	11476217	11476541	390	27	93.53	CG
1	11476217	11476541	206	52	79.84	CHG
1	11476217	11476541	38	1238	2.98	CHH
1	11476776	11476980	135	33	80.36	CG
1	11476776	11476980	33	184	15.21	CHG
1	11476776	11476980	5	449	1.10	CHH
1	14960932	14961729	801	71	91.86	CG
1	14960932	14961729	154	576	21.10	CHG
1	14960932	14961729	114	2128	5.08	CHH
1	20811581	20812788	519	14	97.37	CG
1	20811581	20812788	487	183	72.69	CHG
1	20811581	20812788	179	4000	4.28	CHH
1	20812987	20814418	2149	64	97.11	CG
1	20812987	20814418	1318	234	84.92	CHG
1	20812987	20814418	368	5392	6.39	CHH
1	21008974	21009872	571	8	98.62	CG
1	21008974	21009872	377	372	50.33	CHG
1	21008974	21009872	100	5067	1.94	CHH
1	21009973	21014417	4797	344	93.31	CG
1	21009973	21014417	1627	6251	20.65	CHG
1	21009973	21014417	158	23486	0.67	CHH
1	25251599	25253560	1743	913	65.62	CG
1	25251599	25253560	481	1101	30.40	CHG
1	25251599	25253560	196	7033	2.71	CHH
1	25254184	25254575	513	31	94.30	CG
1	25254184	25254575	186	114	62.00	CHG
1	25254184	25254575	56	1162	4.60	CHH
1	26580982	26582392	865	33	96.33	CG
1	26580982	26582392	461	169	73.17	CHG
1	26580982	26582392	159	1709	8.51	CHH
1	28208118	28209343	648	20	97.01	CG
1	28208118	28209343	179	151	54.24	CHG
1	28208118	28209343	143	657	17.88	CHH
1	28209629	28210983	1363	130	91.29	CG
1	28209629	28210983	1267	428	74.75	CHG
1	28209629	28210983	256	7042	3.51	CHH
1	28211421	28212110	411	10	97.62	CG
1	28211421	28212110	581	54	91.50	CHG
1	28211421	28212110	140	3337	4.03	CHH
1	30811371	30812183	736	36	95.34	CG
1	30811371	30812183	504	237	68.02	CHG
1	30811371	30812183	73	2134	3.31	CHH
1	36452592	36453218	430	63	87.22	CG
1	36452592	36453218	141	207	40.52	CHG
1	36452592	36453218	84	1230	6.39	CHH
1	38451745	38452887	748	403	64.99	CG
1	38451745	38452887	223	612	26.71	CHG
1	38451745	38452887	119	2598	4.38	CHH
1	41135938	41135972	0	57	0.00	CG
1	41135938	41135972	0	28	0.00	CHG
1	41135938	41135972	0	134	0.00	CHH
2	3701316	3701517	35	2	94.59	CG
2	3701316	3701517	14	19	42.42	CHG
2	3701316	3701517	4	279	1.41	CHH
2	6759920	6761510	1230	57	95.57	CG
2	6759920	6761510	946	329	74.20	CHG
2	6759920	6761510	169	4807	3.40	CHH
2	7610238	7610762	113	734	13.34	CG
2	7610238	7610762	22	609	3.49	CHG
2	7610238	7610762	28	1688	1.63	CHH
2	8346082	8346522	432	8	98.18	CG
2	8346082	8346522	595	80	88.15	CHG
2	8346082	8346522	84	2577	3.16	CHH
2	13582141	13582726	347	29	92.29	CG
2	13582141	13582726	502	64	88.69	CHG
2	13582141	13582726	67	2641	2.47	CHH
2	14698488	14698632	49	89	35.51	CG
2	14698488	14698632	18	168	9.68	CHG
2	14698488	14698632	1	291	0.34	CHH
2	16555825	16557101	678	2229	23.32	CG
2	16555825	16557101	112	2451	4.37	CHG
2	16555825	16557101	42	5785	0.72	CHH
2	16557180	16558295	622	776	44.49	CG
2	16557180	16558295	374	1198	23.79	CHG
2	16557180	16558295	252	4876	4.91	CHH
2	29633236	29636111	2341	869	72.93	CG
2	29633236	29636111	1889	827	69.55	CHG
2	29633236	29636111	754	9563	7.31	CHH
2	29778535	29779835	1733	58	96.76	CG
2	29778535	29779835	983	134	88.00	CHG
2	29778535	29779835	620	6550	8.65	CHH
2	29780404	29782752	2113	291	87.90	CG
2	29780404	29782752	1007	365	73.40	CHG
2	29780404	29782752	895	10186	8.08	CHH
2	33668330	33668734	73	881	7.65	CG
2	33668330	33668734	7	895	0.78	CHG
2	33668330	33668734	10	1859	0.54	CHH
3	7205990	7206396	667	76	89.77	CG
3	7205990	7206396	605	86	87.55	CHG
3	7205990	7206396	97	1742	5.27	CHH
3	7208162	7208468	348	22	94.05	CG
3	7208162	7208468	172	33	83.90	CHG
3	7208162	7208468	66	1213	5.16	CHH
3	10131683	10133676	1731	286	85.82	CG
3	10131683	10133676	726	665	52.19	CHG
3	10131683	10133676	270	5741	4.49	CHH
3	12711049	12711825	488	22	95.69	CG
3	12711049	12711825	182	201	47.52	CHG
3	12711049	12711825	102	2134	4.56	CHH
3	12711907	12712969	1239	132	90.37	CG
3	12711907	12712969	425	854	33.23	CHG
3	12711907	12712969	62	4197	1.46	CHH
3	13925598	13926734	1525	83	94.84	CG
3	13925598	13926734	745	348	68.16	CHG
3	13925598	13926734	170	3825	4.26	CHH
3	15610099	15611396	1157	41	96.58	CG
3	15610099	15611396	380	310	55.07	CHG
3	15610099	15611396	227	2900	7.26	CHH
3	17446064	17447102	1158	39	96.74	CG
3	17446064	17447102	933	131	87.69	CHG
3	17446064	17447102	451	3575	11.20	CHH
3	19352995	19356617	6415	247	96.29	CG
3	19352995	19356617	3478	1529	69.46	CHG
3	19352995	19356617	587	16184	3.50	CHH
3	22294607	22295687	1328	30	97.79	CG
3	22294607	22295687	908	129	87.56	CHG
3	22294607	22295687	365	4049	8.27	CHH
3	22295781	22296159	518	14	97.37	CG
3	22295781	22296159	338	42	88.95	CHG
3	22295781	22296159	146	1232	10.60	CHH
3	22404232	22405507	2057	229	89.98	CG
3	22404232	22405507	197	1043	15.89	CHG
3	22404232	22405507	49	2738	1.76	CHH
3	27941138	27942796	1337	108	92.53	CG
3	27941138	27942796	1075	933	53.54	CHG
3	27941138	27942796	222	7005	3.07	CHH
3	28510179	28510777	524	18	96.68	CG
3	28510179	28510777	319	87	78.57	CHG
3	28510179	28510777	279	2630	9.59	CHH
4	2276177	2276551	778	36	95.58	CG
4	2276177	2276551	272	66	80.47	CHG
4	2276177	2276551	60	896	6.28	CHH
4	11651971	11654930	3493	230	93.82	CG
4	11651971	11654930	1394	1266	52.41	CHG
4	11651971	11654930	298	14911	1.96	CHH
4	27689683	27689829	158	77	67.23	CG
4	27689683	27689829	31	82	27.43	CHG
4	27689683	27689829	62	638	8.86	CHH
4	29141581	29141664	77	1	98.72	CG
4	29141581	29141664	22	43	33.85	CHG
4	29141581	29141664	13	297	4.19	CHH
4	30611394	30612481	424	530	44.44	CG
4	30611394	30612481	288	989	22.55	CHG
4	30611394	30612481	121	4373	2.69	CHH
5	662749	664095	1368	53	96.27	CG
5	662749	664095	735	170	81.22	CHG
5	662749	664095	356	3683	8.81	CHH
5	664360	665573	949	141	87.06	CG
5	664360	665573	752	470	61.54	CHG
5	664360	665573	239	4009	5.63	CHH
5	1136684	1139118	2282	56	97.60	CG
5	1136684	1139118	1876	342	84.58	CHG
5	1136684	1139118	456	9172	4.74	CHH
5	2775738	2775910	2	49	3.92	CG
5	2775738	2775910	0	18	0.00	CHG
5	2775738	2775910	0	130	0.00	CHH
5	11245127	11247429	1403	319	81.48	CG
5	11245127	11247429	915	344	72.68	CHG
5	11245127	11247429	537	5220	9.33	CHH
5	13079678	13081153	1695	62	96.47	CG
5	13079678	13081153	995	223	81.69	CHG
5	13079678	13081153	432	4492	8.77	CHH
5	19128840	19130154	1498	43	97.21	CG
5	19128840	19130154	958	237	80.17	CHG
5	19128840	19130154	342	4464	7.12	CHH
5	19883682	19883838	211	5	97.69	CG
5	19883682	19883838	166	19	89.73	CHG
5	19883682	19883838	5	81	5.81	CHH
5	19884479	19885037	419	295	58.68	CG
5	19884479	19885037	259	455	36.27	CHG
5	19884479	19885037	19	1370	1.37	CHH
5	27489055	27489338	465	71	86.75	CG
5	27489055	27489338	303	157	65.87	CHG
5	27489055	27489338	43	1246	3.34	CHH
5	27489622	27490471	282	479	37.06	CG
5	27489622	27490471	162	775	17.29	CHG
5	27489622	27490471	25	3403	0.73	CHH
6	1051401	1053277	2271	148	93.88	CG
6	1051401	1053277	672	1512	30.77	CHG
6	1051401	1053277	143	5598	2.49	CHH
6	6075315	6076487	1052	26	97.59	CG
6	6075315	6076487	984	152	86.62	CHG
6	6075315	6076487	382	7613	4.78	CHH
6	6076943	6077142	221	7	96.93	CG
6	6076943	6077142	235	35	87.04	CHG
6	6076943	6077142	11	259	4.07	CHH
6	6339071	6340741	1903	87	95.63	CG
6	6339071	6340741	996	313	76.09	CHG
6	6339071	6340741	382	4754	7.44	CHH
6	11301673	11302182	173	5	97.19	CG
6	11301673	11302182	303	90	77.10	CHG
6	11301673	11302182	100	934	9.67	CHH
6	12035080	12038531	5706	247	95.85	CG
6	12035080	12038531	3354	2028	62.32	CHG
6	12035080	12038531	260	14423	1.77	CHH
6	13426051	13427806	1964	42	97.91	CG
6	13426051	13427806	945	654	59.10	CHG
6	13426051	13427806	260	6592	3.79	CHH
6	13432787	13433792	824	28	96.71	CG
6	13432787	13433792	581	275	67.87	CHG
6	13432787	13433792	116	3780	2.98	CHH
6	13434151	13437348	4285	127	97.12	CG
6	13434151	13437348	3322	694	82.72	CHG
6	13434151	13437348	680	16903	3.87	CHH
6	17322463	17323417	1046	46	95.79	CG
6	17322463	17323417	678	295	69.68	CHG
6	17322463	17323417	108	4130	2.55	CHH
6	17674030	17675910	1569	77	95.32	CG
6	17674030	17675910	255	1554	14.10	CHG
6	17674030	17675910	67	9784	0.68	CHH
6	21224444	21225486	725	1015	41.67	CG
6	21224444	21225486	410	1041	28.26	CHG
6	21224444	21225486	105	3169	3.21	CHH
6	21225688	21227423	1301	242	84.32	CG
6	21225688	21227423	726	427	62.97	CHG
6	21225688	21227423	171	2507	6.39	CHH
6	21664378	21665467	1246	234	84.19	CG
6	21664378	21665467	560	666	45.68	CHG
6	21664378	21665467	314	5697	5.22	CHH
6	27800538	27801418	4	369	1.07	CG
6	27800538	27801418	1	544	0.18	CHG
6	27800538	27801418	7	2522	0.28	CHH
6	28515545	28517894	2728	70	97.50	CG
6	28515545	28517894	1381	391	77.93	CHG
6	28515545	28517894	451	8164	5.24	CHH
6	29380325	29380583	19	165	10.33	CG
6	29380325	29380583	5	211	2.31	CHG
6	29380325	29380583	4	719	0.55	CHH
7	998065	998596	446	20	95.71	CG
7	998065	998596	490	58	89.42	CHG
7	998065	998596	81	2790	2.82	CHH
7	999799	1001396	1389	39	97.27	CG
7	999799	1001396	686	377	64.53	CHG
7	999799	1001396	202	3628	5.27	CHH
7	3900733	3901027	181	521	25.78	CG
7	3900733	3901027	11	442	2.43	CHG
7	3900733	3901027	2	875	0.23	CHH
7	3901161	3901878	586	14	97.67	CG
7	3901161	3901878	224	108	67.47	CHG
7	3901161	3901878	37	1822	1.99	CHH
7	3901974	3902422	174	4	97.75	CG
7	3901974	3902422	106	32	76.81	CHG
7	3901974	3902422	51	1004	4.83	CHH
7	5720282	5722705	2166	144	93.77	CG
7	5720282	5722705	1912	770	71.29	CHG
7	5720282	5722705	487	11980	3.91	CHH
7	8298338	8298633	77	2	97.47	CG
7	8298338	8298633	130	71	64.68	CHG
7	8298338	8298633	24	706	3.29	CHH
7	8298718	8299246	654	58	91.85	CG
7	8298718	8299246	501	128	79.65	CHG
7	8298718	8299246	141	2375	5.60	CHH
7	8299464	8300327	521	83	86.26	CG
7	8299464	8300327	725	74	90.74	CHG
7	8299464	8300327	188	4697	3.85	CHH
7	15317591	15318975	1137	55	95.39	CG
7	15317591	15318975	975	224	81.32	CHG
7	15317591	15318975	290	5845	4.73	CHH
7	15677020	15677884	558	26	95.55	CG
7	15677020	15677884	555	367	60.20	CHG
7	15677020	15677884	88	2050	4.12	CHH
7	19999746	20001606	1476	127	92.08	CG
7	19999746	20001606	479	792	37.69	CHG
7	19999746	20001606	172	4573	3.62	CHH
7	20006322	20006843	524	13	97.58	CG
7	20006322	20006843	287	233	55.19	CHG
7	20006322	20006843	101	2515	3.86	CHH
7	22461243	22461968	1145	28	97.61	CG
7	22461243	22461968	722	126	85.14	CHG
7	22461243	22461968	140	2876	4.64	CHH
7	27168967	27169484	313	32	90.72	CG
7	27168967	27169484	78	176	30.71	CHG
7	27168967	27169484	59	1502	3.78	CHH
8	3956366	3957065	454	110	80.50	CG
8	3956366	3957065	145	478	23.27	CHG
8	3956366	3957065	53	2510	2.07	CHH
8	4051074	4052619	1320	1043	55.86	CG
8	4051074	4052619	179	1257	12.47	CHG
8	4051074	4052619	138	4153	3.22	CHH
8	5776503	5777429	577	1097	34.47	CG
8	5776503	5777429	201	903	18.21	CHG
8	5776503	5777429	64	2795	2.24	CHH
8	5777523	5777952	534	15	97.27	CG
8	5777523	5777952	290	178	61.97	CHG
8	5777523	5777952	38	1107	3.32	CHH
8	7667656	7668635	1092	47	95.87	CG
8	7667656	7668635	387	910	29.84	CHG
8	7667656	7668635	62	6008	1.02	CHH
8	7668975	7671382	2043	189	91.53	CG
8	7668975	7671382	1159	3411	25.36	CHG
8	7668975	7671382	137	14784	0.92	CHH
8	7769992	7770862	994	125	88.83	CG
8	7769992	7770862	1043	648	61.68	CHG
8	7769992	7770862	86	5727	1.48	CHH
8	8373831	8376092	2490	82	96.81	CG
8	8373831	8376092	1799	357	83.44	CHG
8	8373831	8376092	537	8879	5.70	CHH
8	8446534	8449768	3806	627	85.86	CG
8	8446534	8449768	2060	1024	66.80	CHG
8	8446534	8449768	764	16353	4.46	CHH
8	9446567	9447269	605	16	97.42	CG
8	9446567	9447269	226	123	64.76	CHG
8	9446567	9447269	103	1141	8.28	CHH
8	9448173	9449184	1145	143	88.90	CG
8	9448173	9449184	53	686	7.17	CHG
8	9448173	9449184	21	3169	0.66	CHH
8	15385469	15386230	835	41	95.32	CG
8	15385469	15386230	596	112	84.18	CHG
8	15385469	15386230	164	3107	5.01	CHH
8	15452051	15454665	3225	115	96.56	CG
8	15452051	15454665	1884	369	83.62	CHG
8	15452051	15454665	660	10540	5.89	CHH
8	15462558	15463189	1019	26	97.51	CG
8	15462558	15463189	710	131	84.42	CHG
8	15462558	15463189	116	3033	3.68	CHH
8	15463325	15463489	192	5	97.46	CG
8	15463325	15463489	350	52	87.06	CHG
8	15463325	15463489	38	765	4.73	CHH
8	15463949	15465412	703	313	69.19	CG
8	15463949	15465412	346	651	34.70	CHG
8	15463949	15465412	74	5604	1.30	CHH
8	19733579	19734538	749	109	87.30	CG
8	19733579	19734538	296	329	47.36	CHG
8	19733579	19734538	193	2656	6.77	CHH
8	19734616	19735488	996	20	98.03	CG
8	19734616	19735488	584	314	65.03	CHG
8	19734616	19735488	157	3336	4.49	CHH
8	20981167	20986252	7842	1208	86.65	CG
8	20981167	20986252	3035	2491	54.92	CHG
8	20981167	20986252	543	16968	3.10	CHH
8	26829088	26830470	837	129	86.65	CG
8	26829088	26830470	569	321	63.93	CHG
8	26829088	26830470	172	2385	6.73	CHH
9	1293289	1296834	3600	169	95.52	CG
9	1293289	1296834	1928	503	79.31	CHG
9	1293289	1296834	909	13441	6.33	CHH
9	1297015	1297850	1310	53	96.11	CG
9	1297015	1297850	470	120	79.66	CHG
9	1297015	1297850	265	3141	7.78	CHH
9	3227798	3229550	1815	123	93.65	CG
9	3227798	3229550	813	1014	44.50	CHG
9	3227798	3229550	161	8118	1.94	CHH
9	3229897	3231099	1521	78	95.12	CG
9	3229897	3231099	458	1374	25.00	CHG
9	3229897	3231099	81	7385	1.08	CHH
9	3515363	3516506	1347	52	96.28	CG
9	3515363	3516506	461	1039	30.73	CHG
9	3515363	3516506	58	4622	1.24	CHH
9	3516815	3517763	1258	27	97.90	CG
9	3516815	3517763	159	1512	9.52	CHG
9	3516815	3517763	27	3029	0.88	CHH
9	3730715	3731926	965	538	64.20	CG
9	3730715	3731926	345	822	29.56	CHG
9	3730715	3731926	81	5013	1.59	CHH
9	9557293	9558428	1638	63	96.30	CG
9	9557293	9558428	919	323	73.99	CHG
9	9557293	9558428	204	5536	3.55	CHH
9	12178127	12181584	2284	68	97.11	CG
9	12178127	12181584	3320	706	82.46	CHG
9	12178127	12181584	634	15761	3.87	CHH
9	12419030	12419675	755	19	97.55	CG
9	12419030	12419675	252	753	25.07	CHG
9	12419030	12419675	35	1788	1.92	CHH
9	12420619	12426858	6014	339	94.66	CG
9	12420619	12426858	8895	2146	80.56	CHG
9	12420619	12426858	1359	29580	4.39	CHH
9	15229746	15230319	327	4	98.79	CG
9	15229746	15230319	263	45	85.39	CHG
9	15229746	15230319	56	668	7.73	CHH
9	15230410	15231901	1722	80	95.56	CG
9	15230410	15231901	957	190	83.44	CHG
9	15230410	15231901	399	4078	8.91	CHH
9	17429413	17430049	523	65	88.95	CG
9	17429413	17430049	213	257	45.32	CHG
9	17429413	17430049	166	2443	6.36	CHH
10	402636	402987	278	17	94.24	CG
10	402636	402987	59	214	21.61	CHG
10	402636	402987	32	973	3.18	CHH
10	705178	705397	457	6	98.70	CG
10	705178	705397	252	133	65.45	CHG
10	705178	705397	10	258	3.73	CHH
10	706000	706142	595	9	98.51	CG
10	706000	706142	435	101	81.16	CHG
10	706000	706142	14	318	4.22	CHH
10	5925941	5926484	343	14	96.08	CG
10	5925941	5926484	181	218	45.36	CHG
10	5925941	5926484	57	2757	2.03	CHH
10	5927422	5928302	707	29	96.06	CG
10	5927422	5928302	282	257	52.32	CHG
10	5927422	5928302	130	5094	2.49	CHH
10	9629597	9630043	125	564	18.14	CG
10	9629597	9630043	258	686	27.33	CHG
10	9629597	9630043	451	1521	22.87	CHH
10	11210121	11211317	1072	58	94.87	CG
10	11210121	11211317	666	84	88.80	CHG
10	11210121	11211317	396	4070	8.87	CHH
10	16005555	16006259	540	23	95.91	CG
10	16005555	16006259	306	156	66.23	CHG
10	16005555	16006259	95	1777	5.07	CHH
11	3230048	3230169	74	1	98.67	CG
11	3230048	3230169	56	44	56.00	CHG
11	3230048	3230169	12	467	2.51	CHH
11	6296560	6298355	1327	448	74.76	CG
11	6296560	6298355	571	1841	23.67	CHG
11	6296560	6298355	124	8841	1.38	CHH
11	7729318	7730196	722	36	95.25	CG
11	7729318	7730196	694	526	56.89	CHG
11	7729318	7730196	78	3368	2.26	CHH
11	7736107	7738642	2461	93	96.36	CG
11	7736107	7738642	1536	778	66.38	CHG
11	7736107	7738642	248	8823	2.73	CHH
11	7738733	7740049	1059	29	97.33	CG
11	7738733	7740049	685	249	73.34	CHG
11	7738733	7740049	160	4712	3.28	CHH
11	8911345	8913282	374	613	37.89	CG
11	8911345	8913282	206	2576	7.40	CHG
11	8911345	8913282	76	9368	0.80	CHH
11	11148469	11148552	170	43	79.81	CG
11	11148469	11148552	4	56	6.67	CHG
11	11148469	11148552	5	170	2.86	CHH
11	15466012	15467596	812	2213	26.84	CG
11	15466012	15467596	159	1938	7.58	CHG
11	15466012	15467596	78	5426	1.42	CHH
11	17162539	17163796	1797	56	96.98	CG
11	17162539	17163796	317	601	34.53	CHG
11	17162539	17163796	81	2144	3.64	CHH
11	17164953	17166701	1281	74	94.54	CG
11	17164953	17166701	503	879	36.40	CHG
11	17164953	17166701	112	5992	1.83	CHH
11	17166830	17167277	502	12	97.67	CG
11	17166830	17167277	94	459	17.00	CHG
11	17166830	17167277	4	1624	0.25	CHH
11	17167358	17167576	233	6	97.49	CG
11	17167358	17167576	46	136	25.27	CHG
11	17167358	17167576	9	810	1.10	CHH
11	17167722	17168412	708	33	95.55	CG
11	17167722	17168412	92	481	16.06	CHG
11	17167722	17168412	25	2346	1.05	CHH
11	17168615	17170260	1554	73	95.51	CG
11	17168615	17170260	1441	1156	55.49	CHG
11	17168615	17170260	110	6940	1.56	CHH
11	22338223	22342581	4629	188	96.10	CG
11	22338223	22342581	3412	808	80.85	CHG
11	22338223	22342581	768	14894	4.90	CHH
11	24390111	24390786	175	12	93.58	CG
11	24390111	24390786	565	916	38.15	CHG
11	24390111	24390786	29	3900	0.74	CHH
12	4737413	4737840	11	352	3.03	CG
12	4737413	4737840	0	396	0.00	CHG
12	4737413	4737840	7	1769	0.39	CHH
12	4898920	4899775	903	22	97.62	CG
12	4898920	4899775	329	278	54.20	CHG
12	4898920	4899775	74	2583	2.79	CHH
12	4902073	4902516	370	14	96.35	CG
12	4902073	4902516	78	134	36.79	CHG
12	4902073	4902516	31	1170	2.58	CHH
12	9062972	9063466	571	37	93.91	CG
12	9062972	9063466	163	505	24.40	CHG
12	9062972	9063466	13	1438	0.90	CHH
12	9064169	9064334	183	8	95.81	CG
12	9064169	9064334	53	132	28.65	CHG
12	9064169	9064334	9	533	1.66	CHH
12	9064925	9066118	1014	215	82.51	CG
12	9064925	9066118	130	702	15.62	CHG
12	9064925	9066118	49	2990	1.61	CHH
12	17504082	17504299	268	17	94.04	CG
12	17504082	17504299	207	64	76.38	CHG
12	17504082	17504299	46	925	4.74	CHH
12	17987554	17988996	1445	34	97.70	CG
12	17987554	17988996	891	180	83.19	CHG
12	17987554	17988996	257	4769	5.11	CHH
12	18861738	18863268	502	23	95.62	CG
12	18861738	18863268	332	95	77.75	CHG
12	18861738	18863268	239	6210	3.71	CHH
12	18864308	18866205	1567	42	97.39	CG
12	18864308	18866205	1108	202	84.58	CHG
12	18864308	18866205	432	5356	7.46	CHH
