1	301401	301650	139	7	95.21	CG
1	301401	301650	70	17	80.46	CHG
1	301401	301650	1112	448	71.28	CHH
1	751422	751630	286	19	93.77	CG
1	751422	751630	27	29	48.21	CHG
1	751422	751630	404	966	29.49	CHH
1	831964	832562	487	31	94.02	CG
1	831964	832562	457	89	83.70	CHG
1	831964	832562	818	1109	42.45	CHH
1	1349307	1349537	11	2	84.62	CHG
1	1349307	1349537	305	376	44.79	CHH
1	1377440	1378052	90	2	97.83	CG
1	1377440	1378052	79	35	69.30	CHG
1	1377440	1378052	1463	993	59.57	CHH
1	1788440	1788928	124	2	98.41	CG
1	1788440	1788928	4	7	36.36	CHG
1	1788440	1788928	417	767	35.22	CHH
1	1789091	1789350	57	6	90.48	CG
1	1789091	1789350	70	33	67.96	CHG
1	1789091	1789350	937	762	55.15	CHH
1	2238174	2238281	41	2	95.35	CG
1	2238174	2238281	34	3	91.89	CHG
1	2238174	2238281	398	593	40.16	CHH
1	2260684	2260758	152	158	49.03	CHH
1	4981767	4981906	645	192	77.06	CHH
1	7687746	7687909	17	7	70.83	CG
1	7687746	7687909	0	3	0.00	CHG
1	7687746	7687909	128	328	28.07	CHH
1	8431744	8431928	23	0	100.00	CG
1	8431744	8431928	462	272	62.94	CHH
1	9585903	9586147	70	39	64.22	CHG
1	9585903	9586147	784	597	56.77	CHH
1	9767360	9767454	32	0	100.00	CG
1	9767360	9767454	28	6	82.35	CHG
1	9767360	9767454	226	249	47.58	CHH
1	10432345	10432562	125	901	12.18	CG
1	10432345	10432562	44	466	8.63	CHG
1	10432345	10432562	136	778	14.88	CHH
1	10834154	10834494	27	17	61.36	CHG
1	10834154	10834494	959	688	58.23	CHH
1	10926897	10927718	1012	119	89.48	CG
1	10926897	10927718	914	411	68.98	CHG
1	10926897	10927718	310	2622	10.57	CHH
1	11189069	11189507	411	193	68.05	CG
1	11189069	11189507	126	169	42.71	CHG
1	11189069	11189507	537	1391	27.85	CHH
1	11191256	11191497	369	46	88.92	CG
1	11191256	11191497	115	90	56.10	CHG
1	11191256	11191497	168	470	26.33	CHH
1	11796108	11796316	49	52	48.51	CG
1	11796108	11796316	89	126	41.40	CHG
1	11796108	11796316	275	516	34.77	CHH
1	11928347	11928520	151	418	26.54	CHH
1	11940126	11940209	208	233	47.17	CHH
1	12597813	12598048	1197	583	67.25	CHH
1	14322168	14322402	111	4	96.52	CG
1	14322168	14322402	48	8	85.71	CHG
1	14322168	14322402	582	320	64.52	CHH
1	14347206	14347429	12	13	48.00	CG
1	14347206	14347429	82	152	35.04	CHG
1	14347206	14347429	233	710	24.71	CHH
1	14358588	14358799	69	1	98.57	CG
1	14358588	14358799	84	13	86.60	CHG
1	14358588	14358799	739	376	66.28	CHH
1	16709412	16710638	1315	50	96.34	CG
1	16709412	16710638	752	265	73.94	CHG
1	16709412	16710638	1249	2805	30.81	CHH
1	17043053	17043218	348	10	97.21	CG
1	17043053	17043218	104	27	79.39	CHG
1	17043053	17043218	435	494	46.82	CHH
1	18600195	18600325	74	4	94.87	CG
1	18600195	18600325	17	7	70.83	CHG
1	18600195	18600325	159	411	27.89	CHH
1	18600619	18600880	37	0	100.00	CG
1	18600619	18600880	25	1	96.15	CHG
1	18600619	18600880	288	729	28.32	CHH
1	18984904	18985083	25	1	96.15	CG
1	18984904	18985083	27	21	56.25	CHG
1	18984904	18985083	176	134	56.77	CHH
1	23765099	23765215	26	104	20.00	CG
1	23765099	23765215	32	94	25.40	CHG
1	23765099	23765215	91	240	27.49	CHH
1	24162719	24162945	1084	506	68.18	CHH
1	26098395	26098876	63	4	94.03	CG
1	26098395	26098876	123	10	92.48	CHG
1	26098395	26098876	1345	682	66.35	CHH
1	26638981	26639111	36	2	94.74	CG
1	26638981	26639111	49	10	83.05	CHG
1	26638981	26639111	130	258	33.51	CHH
1	27335823	27335919	41	33	55.41	CG
1	27335823	27335919	10	30	25.00	CHG
1	27335823	27335919	175	229	43.32	CHH
1	27892634	27893201	177	6	96.72	CG
1	27892634	27893201	274	77	78.06	CHG
1	27892634	27893201	1860	2137	46.53	CHH
1	28104533	28104643	45	0	100.00	CG
1	28104533	28104643	660	200	76.74	CHH
1	28181036	28181173	13	14	48.15	CG
1	28181036	28181173	21	28	42.86	CHG
1	28181036	28181173	130	318	29.02	CHH
1	28494153	28494502	48	2	96.00	CG
1	28494153	28494502	76	10	88.37	CHG
1	28494153	28494502	1795	684	72.41	CHH
1	30431887	30432457	415	14	96.74	CG
1	30431887	30432457	84	29	74.34	CHG
1	30431887	30432457	2166	1177	64.79	CHH
1	31405810	31406074	78	12	86.67	CG
1	31405810	31406074	136	36	79.07	CHG
1	31405810	31406074	1351	505	72.79	CHH
1	31589315	31589440	448	474	48.59	CHH
1	31867822	31868209	74	2	97.37	CG
1	31867822	31868209	1985	1127	63.79	CHH
1	32128407	32128528	13	2	86.67	CG
1	32128407	32128528	228	119	65.71	CHH
1	32850978	32851159	73	8	90.12	CG
1	32850978	32851159	98	5	95.15	CHG
1	32850978	32851159	1055	239	81.53	CHH
1	33209708	33209844	22	3	88.00	CG
1	33209708	33209844	3	5	37.50	CHG
1	33209708	33209844	248	243	50.51	CHH
1	35537016	35537182	294	217	57.53	CHH
1	37056464	37056585	56	13	81.16	CHG
1	37056464	37056585	319	201	61.35	CHH
1	37328188	37328369	56	6	90.32	CG
1	37328188	37328369	37	3	92.50	CHG
1	37328188	37328369	841	211	79.94	CHH
1	38496092	38496280	183	8	95.81	CG
1	38496092	38496280	35	55	38.89	CHG
1	38496092	38496280	342	861	28.43	CHH
1	38517320	38517498	20	11	64.52	CG
1	38517320	38517498	28	9	75.68	CHG
1	38517320	38517498	229	89	72.01	CHH
1	38671419	38671601	137	3	97.86	CG
1	38671419	38671601	750	295	71.77	CHH
1	40300213	40300335	259	379	40.60	CHH
1	40395626	40395876	27	6	81.82	CG
1	40395626	40395876	704	475	59.71	CHH
1	40617610	40617749	85	259	24.71	CHG
1	40617610	40617749	107	412	20.62	CHH
1	40701980	40702243	20	1	95.24	CG
1	40701980	40702243	950	143	86.92	CHH
1	41145044	41145188	532	205	72.18	CHH
1	41155306	41155562	10	26	27.78	CHG
1	41155306	41155562	1153	488	70.26	CHH
1	41890335	41890557	35	1	97.22	CG
1	41890335	41890557	224	64	77.78	CHG
1	41890335	41890557	516	364	58.64	CHH
1	42087976	42088125	443	503	46.83	CHH
1	42408453	42409215	579	19	96.82	CG
1	42408453	42409215	405	168	70.68	CHG
1	42408453	42409215	729	1529	32.29	CHH
2	109398	109590	307	9	97.15	CG
2	109398	109590	275	75	78.57	CHG
2	109398	109590	476	573	45.38	CHH
2	1869793	1870778	1612	82	95.16	CG
2	1869793	1870778	1322	275	82.78	CHG
2	1869793	1870778	2797	3117	47.29	CHH
2	2040558	2041143	515	58	89.88	CG
2	2040558	2041143	455	78	85.37	CHG
2	2040558	2041143	1060	2227	32.25	CHH
2	2375551	2375771	923	470	66.26	CHH
2	3701574	3702250	326	67	82.95	CG
2	3701574	3702250	162	363	30.86	CHG
2	3701574	3702250	794	2699	22.73	CHH
2	4194209	4194385	33	3	91.67	CHG
2	4194209	4194385	239	126	65.48	CHH
2	4474885	4475212	428	12	97.27	CG
2	4474885	4475212	160	69	69.87	CHG
2	4474885	4475212	995	1392	41.68	CHH
2	4648186	4648420	85	1	98.84	CG
2	4648186	4648420	26	6	81.25	CHG
2	4648186	4648420	558	320	63.55	CHH
2	4947306	4947538	29	1	96.67	CG
2	4947306	4947538	455	393	53.66	CHH
2	5499042	5499299	393	14	96.56	CG
2	5499042	5499299	258	34	88.36	CHG
2	5499042	5499299	436	1303	25.07	CHH
2	5521685	5521830	121	4	96.80	CHG
2	5521685	5521830	1276	319	80.00	CHH
2	6545608	6545822	39	1	97.50	CG
2	6545608	6545822	836	541	60.71	CHH
2	6761735	6762038	25	2	92.59	CG
2	6761735	6762038	21	11	65.62	CHG
2	6761735	6762038	207	341	37.77	CHH
2	6762287	6762792	83	23	78.30	CG
2	6762287	6762792	64	57	52.89	CHG
2	6762287	6762792	449	776	36.65	CHH
2	7605117	7605555	74	3	96.10	CG
2	7605117	7605555	71	10	87.65	CHG
2	7605117	7605555	528	1085	32.73	CHH
2	7945618	7946024	31	0	100.00	CG
2	7945618	7946024	6	8	42.86	CHG
2	7945618	7946024	327	542	37.63	CHH
2	8190084	8190413	32	3	91.43	CHG
2	8190084	8190413	877	1141	43.46	CHH
2	10791440	10791566	90	41	68.70	CHH
2	11873649	11873886	29	2	93.55	CG
2	11873649	11873886	450	404	52.69	CHH
2	12097817	12097953	86	5	94.51	CG
2	12097817	12097953	148	586	20.16	CHH
2	12299222	12299385	20	4	83.33	CHG
2	12299222	12299385	221	347	38.91	CHH
2	12333889	12333999	40	1	97.56	CG
2	12333889	12333999	22	7	75.86	CHG
2	12333889	12333999	118	199	37.22	CHH
2	12582950	12583307	117	2	98.32	CG
2	12582950	12583307	40	19	67.80	CHG
2	12582950	12583307	466	815	36.38	CHH
2	13872268	13872613	6	119	4.80	CG
2	13872268	13872613	16	189	7.80	CHG
2	13872268	13872613	77	927	7.67	CHH
2	13948832	13949084	78	9	89.66	CHG
2	13948832	13949084	975	265	78.63	CHH
2	15589940	15590192	54	1	98.18	CG
2	15589940	15590192	279	186	60.00	CHG
2	15589940	15590192	933	418	69.06	CHH
2	17785746	17785984	96	2	97.96	CG
2	17785746	17785984	1091	321	77.27	CHH
2	19211404	19211621	112	9	92.56	CG
2	19211404	19211621	12	1	92.31	CHG
2	19211404	19211621	1564	407	79.35	CHH
2	19443247	19443361	40	4	90.91	CG
2	19443247	19443361	5	17	22.73	CHG
2	19443247	19443361	44	73	37.61	CHH
2	19977858	19978135	235	12	95.14	CG
2	19977858	19978135	374	129	74.35	CHG
2	19977858	19978135	652	1005	39.35	CHH
2	20745916	20746102	42	2	95.45	CG
2	20745916	20746102	28	11	71.79	CHG
2	20745916	20746102	362	310	53.87	CHH
2	22202087	22202425	367	54	87.17	CG
2	22202087	22202425	49	99	33.11	CHG
2	22202087	22202425	956	862	52.59	CHH
2	22399133	22399342	64	5	92.75	CG
2	22399133	22399342	552	464	54.33	CHH
2	23077446	23077593	700	223	75.84	CHH
2	23988341	23988565	18	23	43.90	CHG
2	23988341	23988565	760	344	68.84	CHH
2	24094388	24094772	30	3	90.91	CG
2	24094388	24094772	93	36	72.09	CHG
2	24094388	24094772	955	568	62.71	CHH
2	24587774	24587906	45	2	95.74	CG
2	24587774	24587906	15	1	93.75	CHG
2	24587774	24587906	194	271	41.72	CHH
2	24968367	24968732	173	24	87.82	CG
2	24968367	24968732	138	96	58.97	CHG
2	24968367	24968732	625	900	40.98	CHH
2	25258399	25258520	431	369	53.87	CHH
2	25342968	25343092	46	2	95.83	CG
2	25342968	25343092	39	5	88.64	CHG
2	25342968	25343092	112	281	28.50	CHH
2	25971572	25971883	234	158	59.69	CHH
2	27849839	27850325	1166	43	96.44	CG
2	27849839	27850325	314	182	63.31	CHG
2	27849839	27850325	1176	1807	39.42	CHH
2	27969163	27969436	81	7	92.05	CG
2	27969163	27969436	81	41	66.39	CHG
2	27969163	27969436	1352	602	69.19	CHH
2	28230238	28230572	145	26	84.80	CHG
2	28230238	28230572	460	1125	29.02	CHH
2	28737277	28737416	408	227	64.25	CHH
2	28787543	28787788	66	2	97.06	CG
2	28787543	28787788	16	14	53.33	CHG
2	28787543	28787788	264	427	38.21	CHH
2	29123726	29123981	322	387	45.42	CHH
2	30949004	30949191	43	3	93.48	CG
2	30949004	30949191	27	7	79.41	CHG
2	30949004	30949191	376	303	55.38	CHH
2	31639383	31639502	17	0	100.00	CG
2	31639383	31639502	173	99	63.60	CHH
2	32251509	32251649	16	1	94.12	CHG
2	32251509	32251649	86	20	81.13	CHH
2	32687570	32687718	6	128	4.48	CG
2	32687570	32687718	7	109	6.03	CHG
2	32687570	32687718	50	198	20.16	CHH
2	32980551	32980821	754	388	66.02	CHH
2	33849781	33850113	86	44	66.15	CG
2	33849781	33850113	60	54	52.63	CHG
2	33849781	33850113	364	802	31.22	CHH
2	33970498	33970631	7	60	10.45	CG
2	33970498	33970631	17	93	15.45	CHG
2	33970498	33970631	72	346	17.22	CHH
2	34234930	34235049	126	56	69.23	CHH
2	34582792	34582911	33	9	78.57	CHG
2	34582792	34582911	612	269	69.47	CHH
2	34952077	34952811	475	181	72.41	CG
2	34952077	34952811	216	231	48.32	CHG
2	34952077	34952811	619	1912	24.46	CHH
2	34955560	34955809	550	313	63.73	CHH
3	811663	812098	594	37	94.14	CG
3	811663	812098	109	114	48.88	CHG
3	811663	812098	656	1123	36.87	CHH
3	881089	881240	291	22	92.97	CG
3	881089	881240	33	108	23.40	CHG
3	881089	881240	89	446	16.64	CHH
3	1354664	1354914	161	11	93.60	CG
3	1354664	1354914	215	59	78.47	CHG
3	1354664	1354914	578	843	40.68	CHH
3	2169030	2169371	924	50	94.87	CG
3	2169030	2169371	254	133	65.63	CHG
3	2169030	2169371	555	1765	23.92	CHH
3	3169366	3169453	80	198	28.78	CHH
3	3832576	3832832	63	2	96.92	CG
3	3832576	3832832	120	9	93.02	CHG
3	3832576	3832832	2076	420	83.17	CHH
3	6047207	6047392	49	1	98.00	CG
3	6047207	6047392	8	14	36.36	CHG
3	6047207	6047392	360	157	69.63	CHH
3	6570907	6571273	692	24	96.65	CG
3	6570907	6571273	129	67	65.82	CHG
3	6570907	6571273	564	1297	30.31	CHH
3	7246619	7246872	610	29	95.46	CG
3	7246619	7246872	145	38	79.23	CHG
3	7246619	7246872	495	915	35.11	CHH
3	8015940	8016118	340	558	37.86	CHH
3	8409618	8409743	33	102	24.44	CG
3	8409618	8409743	38	87	30.40	CHG
3	8409618	8409743	136	301	31.12	CHH
3	8629457	8629689	21	3	87.50	CG
3	8629457	8629689	37	3	92.50	CHG
3	8629457	8629689	897	221	80.23	CHH
3	8942617	8943063	310	20	93.94	CG
3	8942617	8943063	331	48	87.34	CHG
3	8942617	8943063	1094	2214	33.07	CHH
3	9319923	9320317	65	5	92.86	CG
3	9319923	9320317	15	8	65.22	CHG
3	9319923	9320317	230	320	41.82	CHH
3	11067334	11067625	21	1	95.45	CG
3	11067334	11067625	23	1	95.83	CHG
3	11067334	11067625	442	512	46.33	CHH
3	11642409	11642580	67	24	73.63	CHG
3	11642409	11642580	1033	207	83.31	CHH
3	11857284	11857411	14	9	60.87	CHG
3	11857284	11857411	345	150	69.70	CHH
3	12675151	12675358	56	2	96.55	CG
3	12675151	12675358	10	10	50.00	CHG
3	12675151	12675358	833	941	46.96	CHH
3	13124743	13124928	30	2	93.75	CG
3	13124743	13124928	13	1	92.86	CHG
3	13124743	13124928	470	70	87.04	CHH
3	13748697	13748918	27	2	93.10	CHG
3	13748697	13748918	411	444	48.07	CHH
3	14057905	14058092	212	11	95.07	CG
3	14057905	14058092	53	25	67.95	CHG
3	14057905	14058092	250	825	23.26	CHH
3	14749193	14749460	112	6	94.92	CG
3	14749193	14749460	1312	476	73.38	CHH
3	15103668	15103782	25	0	100.00	CHG
3	15103668	15103782	145	278	34.28	CHH
3	15113224	15113412	348	486	41.73	CHH
3	15134383	15134587	358	861	29.37	CHH
3	15613686	15613799	15	29	34.09	CG
3	15613686	15613799	20	24	45.45	CHG
3	15613686	15613799	72	126	36.36	CHH
3	16709783	16710100	403	18	95.72	CG
3	16709783	16710100	303	115	72.49	CHG
3	16709783	16710100	677	1224	35.61	CHH
3	16776362	16776567	429	379	53.09	CHH
3	17308009	17308190	35	6	85.37	CG
3	17308009	17308190	39	6	86.67	CHG
3	17308009	17308190	413	916	31.08	CHH
3	17916587	17916910	44	10	81.48	CG
3	17916587	17916910	11	4	73.33	CHG
3	17916587	17916910	355	166	68.14	CHH
3	18637898	18638001	43	4	91.49	CG
3	18637898	18638001	93	75	55.36	CHH
3	20725201	20725339	24	3	88.89	CG
3	20725201	20725339	36	9	80.00	CHG
3	20725201	20725339	235	559	29.60	CHH
3	23359385	23359602	60	5	92.31	CG
3	23359385	23359602	6	9	40.00	CHG
3	23359385	23359602	476	562	45.86	CHH
3	24411908	24412466	85	122	41.06	CG
3	24411908	24412466	38	178	17.59	CHG
3	24411908	24412466	297	1080	21.57	CHH
3	24572450	24572571	98	167	36.98	CHH
3	24924369	24924505	72	3	96.00	CG
3	24924369	24924505	4	3	57.14	CHG
3	24924369	24924505	571	220	72.19	CHH
3	25320199	25320294	252	359	41.24	CHH
3	26123077	26123398	74	2	97.37	CG
3	26123077	26123398	194	32	85.84	CHG
3	26123077	26123398	157	697	18.38	CHH
3	26143599	26144289	150	208	41.90	CG
3	26143599	26144289	162	321	33.54	CHG
3	26143599	26144289	668	1933	25.68	CHH
3	26819731	26819992	18	2	90.00	CHG
3	26819731	26819992	419	417	50.12	CHH
3	27436719	27436866	13	1	92.86	CHG
3	27436719	27436866	108	157	40.75	CHH
3	27617928	27618015	24	31	43.64	CG
3	27617928	27618015	19	21	47.50	CHG
3	27617928	27618015	84	158	34.71	CHH
3	27618313	27618751	40	16	71.43	CG
3	27618313	27618751	48	105	31.37	CHG
3	27618313	27618751	113	611	15.61	CHH
3	27626160	27626452	209	52	80.08	CG
3	27626160	27626452	42	105	28.57	CHG
3	27626160	27626452	398	899	30.69	CHH
3	27785308	27785617	25	2	92.59	CG
3	27785308	27785617	836	400	67.64	CHH
3	28228225	28228487	583	481	54.79	CHH
3	29591935	29592097	30	2	93.75	CG
3	29591935	29592097	3	0	100.00	CHG
3	29591935	29592097	195	75	72.22	CHH
3	29675163	29675476	33	1	97.06	CG
3	29675163	29675476	914	827	52.50	CHH
3	29885011	29885181	20	0	100.00	CG
3	29885011	29885181	23	5	82.14	CHG
3	29885011	29885181	141	64	68.78	CHH
3	30100210	30100463	12	1	92.31	CG
3	30100210	30100463	247	334	42.51	CHH
3	30420791	30420983	959	345	73.54	CHH
3	30830679	30830818	934	319	74.54	CHH
3	31089191	31090510	1984	71	96.55	CG
3	31089191	31090510	1349	279	82.86	CHG
3	31089191	31090510	2106	3666	36.49	CHH
3	31423977	31424278	428	238	64.26	CHH
3	31722863	31723138	1343	620	68.42	CHH
3	32006376	32006716	33	1	97.06	CHG
3	32006376	32006716	1610	496	76.45	CHH
3	32110687	32111197	674	19	97.26	CG
3	32110687	32111197	456	133	77.42	CHG
3	32110687	32111197	1485	1274	53.82	CHH
3	32173553	32173723	35	33	51.47	CHG
3	32173553	32173723	219	467	31.92	CHH
3	32182087	32182430	47	4	92.16	CG
3	32182087	32182430	22	28	44.00	CHG
3	32182087	32182430	682	424	61.66	CHH
3	33684752	33685642	881	63	93.33	CG
3	33684752	33685642	506	282	64.21	CHG
3	33684752	33685642	1279	3627	26.07	CHH
4	468669	468758	203	159	56.08	CHH
4	4915709	4916399	927	42	95.67	CG
4	4915709	4916399	400	116	77.52	CHG
4	4915709	4916399	1125	2036	35.59	CHH
4	7381268	7381662	170	7	96.05	CG
4	7381268	7381662	243	66	78.64	CHG
4	7381268	7381662	1046	1787	36.92	CHH
4	7888722	7888904	45	2	95.74	CG
4	7888722	7888904	32	1	96.97	CHG
4	7888722	7888904	489	177	73.42	CHH
4	7955024	7955201	41	0	100.00	CG
4	7955024	7955201	22	4	84.62	CHG
4	7955024	7955201	427	199	68.21	CHH
4	15396846	15397090	203	15	93.12	CG
4	15396846	15397090	166	49	77.21	CHG
4	15396846	15397090	222	525	29.72	CHH
4	19683995	19684552	94	345	21.41	CG
4	19683995	19684552	100	382	20.75	CHG
4	19683995	19684552	340	1776	16.07	CHH
4	19744896	19745083	63	10	86.30	CG
4	19744896	19745083	373	547	40.54	CHH
4	20001003	20001260	91	6	93.81	CHG
4	20001003	20001260	1572	465	77.17	CHH
4	20595423	20595521	24	3	88.89	CG
4	20595423	20595521	6	9	40.00	CHG
4	20595423	20595521	324	253	56.15	CHH
4	21627729	21627912	64	3	95.52	CG
4	21627729	21627912	50	3	94.34	CHG
4	21627729	21627912	710	243	74.50	CHH
4	21744228	21744373	33	11	75.00	CG
4	21744228	21744373	4	6	40.00	CHG
4	21744228	21744373	291	77	79.08	CHH
4	21934032	21934221	556	403	57.98	CHH
4	21962681	21962889	54	3	94.74	CG
4	21962681	21962889	34	18	65.38	CHG
4	21962681	21962889	228	336	40.43	CHH
4	22575513	22575843	784	783	50.03	CHH
4	24030042	24030690	278	13	95.53	CG
4	24030042	24030690	268	77	77.68	CHG
4	24030042	24030690	1100	2162	33.72	CHH
4	24127511	24127670	108	3	97.30	CG
4	24127511	24127670	49	7	87.50	CHG
4	24127511	24127670	837	403	67.50	CHH
4	25426804	25426964	23	19	54.76	CHG
4	25426804	25426964	593	607	49.42	CHH
4	25457672	25458128	1477	75	95.17	CG
4	25457672	25458128	381	176	68.40	CHG
4	25457672	25458128	1054	2943	26.37	CHH
4	25472006	25472224	4	14	22.22	CHG
4	25472006	25472224	91	410	18.16	CHH
4	25475165	25475574	97	3	97.00	CG
4	25475165	25475574	208	138	60.12	CHG
4	25475165	25475574	897	784	53.36	CHH
4	26530153	26530244	113	82	57.95	CHH
4	27630370	27630458	195	228	46.10	CHH
4	27903713	27903888	350	439	44.36	CHH
4	27907257	27907388	23	0	100.00	CG
4	27907257	27907388	3	5	37.50	CHG
4	27907257	27907388	350	267	56.73	CHH
4	28531802	28532069	20	1	95.24	CG
4	28531802	28532069	5	5	50.00	CHG
4	28531802	28532069	532	598	47.08	CHH
4	28847972	28848187	24	1	96.00	CG
4	28847972	28848187	6	4	60.00	CHG
4	28847972	28848187	288	457	38.66	CHH
4	29191225	29191443	36	2	94.74	CG
4	29191225	29191443	61	59	50.83	CHG
4	29191225	29191443	234	444	34.51	CHH
4	30022367	30022520	44	4	91.67	CG
4	30022367	30022520	349	295	54.19	CHH
4	30176025	30176485	89	6	93.68	CG
4	30176025	30176485	12	23	34.29	CHG
4	30176025	30176485	896	784	53.33	CHH
4	32693175	32693646	387	11	97.24	CG
4	32693175	32693646	300	102	74.63	CHG
4	32693175	32693646	341	1102	23.63	CHH
4	33655119	33655383	105	5	95.45	CG
4	33655119	33655383	312	616	33.62	CHH
4	33656481	33656726	739	28	96.35	CG
4	33656481	33656726	33	91	26.61	CHG
4	33656481	33656726	301	1024	22.72	CHH
4	33881401	33881625	318	10	96.95	CG
4	33881401	33881625	242	97	71.39	CHG
4	33881401	33881625	459	480	48.88	CHH
4	35050130	35050413	29	76	27.62	CG
4	35050130	35050413	37	117	24.03	CHG
4	35050130	35050413	381	597	38.96	CHH
5	490310	490462	269	38	87.62	CG
5	490310	490462	217	99	68.67	CHG
5	490310	490462	224	661	25.31	CHH
5	1679699	1679790	235	162	59.19	CHH
5	2851958	2852160	401	452	47.01	CHH
5	4894101	4894252	564	344	62.11	CHH
5	5433067	5433323	71	1	98.61	CG
5	5433067	5433323	86	17	83.50	CHG
5	5433067	5433323	720	409	63.77	CHH
5	5754539	5754748	15	12	55.56	CG
5	5754539	5754748	11	10	52.38	CHG
5	5754539	5754748	168	200	45.65	CHH
5	6765407	6765604	40	0	100.00	CG
5	6765407	6765604	39	15	72.22	CHG
5	6765407	6765604	140	420	25.00	CHH
5	6820542	6820679	23	2	92.00	CG
5	6820542	6820679	10	2	83.33	CHG
5	6820542	6820679	209	226	48.05	CHH
5	7418842	7418942	106	86	55.21	CHH
5	7972537	7972780	37	1	97.37	CG
5	7972537	7972780	23	15	60.53	CHG
5	7972537	7972780	798	667	54.47	CHH
5	10755227	10755310	34	3	91.89	CG
5	10755227	10755310	74	113	39.57	CHH
5	10919623	10920166	340	21	94.18	CG
5	10919623	10920166	88	43	67.18	CHG
5	10919623	10920166	454	1468	23.62	CHH
5	16273063	16273157	71	180	28.29	CHH
5	16311105	16311318	45	3	93.75	CG
5	16311105	16311318	42	21	66.67	CHG
5	16311105	16311318	482	446	51.94	CHH
5	16856035	16856371	194	3	98.48	CG
5	16856035	16856371	249	43	85.27	CHG
5	16856035	16856371	588	950	38.23	CHH
5	17137118	17137270	41	3	93.18	CG
5	17137118	17137270	820	239	77.43	CHH
5	17258135	17258245	30	4	88.24	CG
5	17258135	17258245	403	96	80.76	CHH
5	17317435	17317693	91	1	98.91	CG
5	17317435	17317693	111	33	77.08	CHG
5	17317435	17317693	996	656	60.29	CHH
5	19716275	19716490	61	1	98.39	CG
5	19716275	19716490	13	21	38.24	CHG
5	19716275	19716490	598	786	43.21	CHH
5	21149049	21149184	31	105	22.79	CG
5	21149049	21149184	44	99	30.77	CHG
5	21149049	21149184	167	311	34.94	CHH
5	21464548	21464805	467	539	46.42	CHH
5	21857485	21857720	172	6	96.63	CG
5	21857485	21857720	228	53	81.14	CHG
5	21857485	21857720	531	931	36.32	CHH
5	21875509	21875764	190	2	98.96	CG
5	21875509	21875764	221	38	85.33	CHG
5	21875509	21875764	707	894	44.16	CHH
5	22000757	22000964	39	8	82.98	CHG
5	22000757	22000964	1068	182	85.44	CHH
5	22219878	22220102	1077	127	89.45	CHH
5	22429520	22429752	124	6	95.38	CG
5	22429520	22429752	69	28	71.13	CHG
5	22429520	22429752	857	777	52.45	CHH
5	22973734	22973969	691	760	47.62	CHH
5	23987118	23987584	529	40	92.97	CG
5	23987118	23987584	805	244	76.74	CHG
5	23987118	23987584	350	3023	10.38	CHH
5	24142822	24143088	151	4	97.42	CG
5	24142822	24143088	21	21	50.00	CHG
5	24142822	24143088	701	654	51.73	CHH
5	24848633	24848969	144	40	78.26	CHG
5	24848633	24848969	1826	1110	62.19	CHH
5	25347572	25347835	48	167	22.33	CG
5	25347572	25347835	38	180	17.43	CHG
5	25347572	25347835	243	622	28.09	CHH
5	25348057	25348813	56	112	33.33	CG
5	25348057	25348813	148	595	19.92	CHG
5	25348057	25348813	557	2071	21.19	CHH
5	25916465	25916630	27	10	72.97	CHG
5	25916465	25916630	235	264	47.09	CHH
5	26950841	26950938	17	1	94.44	CG
5	26950841	26950938	75	146	33.94	CHH
5	26989629	26989802	7	9	43.75	CHG
5	26989629	26989802	585	326	64.22	CHH
6	302524	302830	36	2	94.74	CG
6	302524	302830	1124	586	65.73	CHH
6	2377299	2377436	30	31	49.18	CG
6	2377299	2377436	17	33	34.00	CHG
6	2377299	2377436	137	303	31.14	CHH
6	2717082	2717211	191	99	65.86	CHH
6	2924454	2924561	36	2	94.74	CG
6	2924454	2924561	141	112	55.73	CHH
6	3943947	3944133	410	614	40.04	CHH
6	4186290	4186414	166	258	39.15	CHH
6	5151759	5151869	212	65	76.53	CHH
6	5377103	5377226	23	29	44.23	CHG
6	5377103	5377226	534	367	59.27	CHH
6	6081368	6081698	33	295	10.06	CG
6	6081368	6081698	23	148	13.45	CHG
6	6081368	6081698	145	1054	12.09	CHH
6	7060562	7060710	442	217	67.07	CHH
6	7540043	7540265	108	1	99.08	CG
6	7540043	7540265	29	22	56.86	CHG
6	7540043	7540265	481	872	35.55	CHH
6	7540556	7540748	48	15	76.19	CG
6	7540556	7540748	371	411	47.44	CHH
6	7725720	7725950	270	10	96.43	CG
6	7725720	7725950	276	143	65.87	CHG
6	7725720	7725950	186	884	17.38	CHH
6	8356414	8356617	1219	294	80.57	CHH
6	8927960	8928209	32	0	100.00	CG
6	8927960	8928209	178	58	75.42	CHG
6	8927960	8928209	448	361	55.38	CHH
6	9469938	9470183	762	228	76.97	CHH
6	11300952	11301165	13	9	59.09	CG
6	11300952	11301165	47	34	58.02	CHG
6	11300952	11301165	131	755	14.79	CHH
6	11305250	11305430	5	112	4.27	CG
6	11305250	11305430	3	15	16.67	CHG
6	11305250	11305430	93	385	19.46	CHH
6	11997277	11997419	149	7	95.51	CG
6	11997277	11997419	38	43	46.91	CHG
6	11997277	11997419	147	751	16.37	CHH
6	13738650	13738842	18	40	31.03	CG
6	13738650	13738842	22	105	17.32	CHG
6	13738650	13738842	165	567	22.54	CHH
6	13951510	13951630	41	4	91.11	CG
6	13951510	13951630	76	29	72.38	CHG
6	13951510	13951630	87	302	22.37	CHH
6	14809518	14809915	217	10	95.59	CG
6	14809518	14809915	233	85	73.27	CHG
6	14809518	14809915	1857	1267	59.44	CHH
6	19710274	19711097	302	98	75.50	CG
6	19710274	19711097	332	421	44.09	CHG
6	19710274	19711097	657	1911	25.58	CHH
6	20384125	20384463	20	141	12.42	CG
6	20384125	20384463	60	180	25.00	CHG
6	20384125	20384463	227	974	18.90	CHH
6	22376044	22376666	92	23	80.00	CG
6	22376044	22376666	40	36	52.63	CHG
6	22376044	22376666	796	1072	42.61	CHH
6	23395298	23395797	161	3	98.17	CG
6	23395298	23395797	59	17	77.63	CHG
6	23395298	23395797	1501	829	64.42	CHH
6	23537611	23537873	36	8	81.82	CHG
6	23537611	23537873	252	411	38.01	CHH
6	24030066	24030155	81	13	86.17	CHG
6	24030066	24030155	306	33	90.27	CHH
6	24282820	24282990	63	6	91.30	CHG
6	24282820	24282990	884	440	66.77	CHH
6	25073298	25073513	97	4	96.04	CG
6	25073298	25073513	85	23	78.70	CHG
6	25073298	25073513	1009	536	65.31	CHH
6	25078471	25078618	9	13	40.91	CHG
6	25078471	25078618	144	373	27.85	CHH
6	25314682	25315364	239	7	97.15	CG
6	25314682	25315364	207	53	79.62	CHG
6	25314682	25315364	1598	2119	42.99	CHH
6	26183206	26183498	41	4	91.11	CG
6	26183206	26183498	1239	328	79.07	CHH
6	26270983	26271153	57	2	96.61	CG
6	26270983	26271153	43	15	74.14	CHG
6	26270983	26271153	1079	244	81.56	CHH
6	26899910	26900127	47	1	97.92	CG
6	26899910	26900127	790	530	59.85	CHH
6	27022910	27023085	287	15	95.03	CG
6	27022910	27023085	189	782	19.46	CHH
6	29399343	29399607	72	8	90.00	CG
6	29399343	29399607	29	24	54.72	CHG
6	29399343	29399607	1049	609	63.27	CHH
6	30191023	30191331	227	15	93.80	CG
6	30191023	30191331	406	61	86.94	CHG
6	30191023	30191331	921	987	48.27	CHH
6	30403805	30404034	180	259	41.00	CHH
6	30913757	30913901	37	2	94.87	CG
6	30913757	30913901	4	3	57.14	CHG
6	30913757	30913901	258	67	79.38	CHH
7	436559	436644	113	160	41.39	CHH
7	553125	553382	17	7	70.83	CHG
7	553125	553382	590	664	47.05	CHH
7	1581483	1581569	25	27	48.08	CHG
7	1581483	1581569	266	470	36.14	CHH
7	2236802	2236948	58	6	90.62	CG
7	2236802	2236948	15	4	78.95	CHG
7	2236802	2236948	327	467	41.18	CHH
7	2529367	2529520	867	149	85.33	CHH
7	3142735	3143078	347	13	96.39	CG
7	3142735	3143078	322	77	80.70	CHG
7	3142735	3143078	876	1033	45.89	CHH
7	3169312	3169590	18	14	56.25	CHG
7	3169312	3169590	665	544	55.00	CHH
7	3220899	3221205	45	3	93.75	CG
7	3220899	3221205	1688	570	74.76	CHH
7	3739834	3740067	96	9	91.43	CG
7	3739834	3740067	59	18	76.62	CHG
7	3739834	3740067	1189	530	69.17	CHH
7	4348410	4348541	2	74	2.63	CG
7	4348410	4348541	4	59	6.35	CHG
7	4348410	4348541	39	336	10.40	CHH
7	5121301	5121458	31	4	88.57	CG
7	5121301	5121458	13	5	72.22	CHG
7	5121301	5121458	267	193	58.04	CHH
7	6141659	6141862	298	20	93.71	CG
7	6141659	6141862	155	59	72.43	CHG
7	6141659	6141862	419	720	36.79	CHH
7	7806227	7806511	39	16	70.91	CHG
7	7806227	7806511	1345	566	70.38	CHH
7	8049142	8049326	223	9	96.12	CG
7	8049142	8049326	42	40	51.22	CHG
7	8049142	8049326	162	540	23.08	CHH
7	8294134	8294483	20	140	12.50	CG
7	8294134	8294483	39	166	19.02	CHG
7	8294134	8294483	259	805	24.34	CHH
7	8334119	8334358	19	19	50.00	CHG
7	8334119	8334358	1019	438	69.94	CHH
7	8993394	8993705	54	2	96.43	CG
7	8993394	8993705	567	550	50.76	CHH
7	13286370	13286485	221	393	35.99	CHH
7	15188698	15188829	14	3	82.35	CHG
7	15188698	15188829	105	330	24.14	CHH
7	15431878	15432092	134	5	96.40	CG
7	15431878	15432092	31	8	79.49	CHG
7	15431878	15432092	1011	417	70.80	CHH
7	15677983	15678606	186	331	35.98	CG
7	15677983	15678606	130	377	25.64	CHG
7	15677983	15678606	391	1778	18.03	CHH
7	16599468	16599909	55	19	74.32	CG
7	16599468	16599909	82	242	25.31	CHG
7	16599468	16599909	278	1106	20.09	CHH
7	17099241	17099723	53	3	94.64	CHG
7	17099241	17099723	2693	1149	70.09	CHH
7	17790357	17790553	52	14	78.79	CG
7	17790357	17790553	118	75	61.14	CHG
7	17790357	17790553	1273	599	68.00	CHH
7	18624941	18625154	42	1	97.67	CG
7	18624941	18625154	36	20	64.29	CHG
7	18624941	18625154	548	596	47.90	CHH
7	18712663	18712940	516	537	49.00	CHH
7	19254932	19255653	46	269	14.60	CG
7	19254932	19255653	123	740	14.25	CHG
7	19254932	19255653	303	1919	13.64	CHH
7	20129015	20129222	791	606	56.62	CHH
7	20150949	20151108	18	1	94.74	CG
7	20150949	20151108	34	18	65.38	CHG
7	20150949	20151108	196	590	24.94	CHH
7	20424851	20425235	26	4	86.67	CG
7	20424851	20425235	585	901	39.37	CHH
7	21311702	21311873	64	1	98.46	CG
7	21311702	21311873	94	20	82.46	CHG
7	21311702	21311873	869	302	74.21	CHH
7	22392996	22393180	220	11	95.24	CG
7	22392996	22393180	242	40	85.82	CHG
7	22392996	22393180	409	1046	28.11	CHH
7	22532503	22532689	658	298	68.83	CHH
7	22933956	22934220	655	24	96.47	CG
7	22933956	22934220	267	79	77.17	CHG
7	22933956	22934220	734	1291	36.25	CHH
7	24616760	24617444	567	48	92.20	CG
7	24616760	24617444	448	136	76.71	CHG
7	24616760	24617444	825	1446	36.33	CHH
7	24811648	24811977	37	0	100.00	CG
7	24811648	24811977	23	7	76.67	CHG
7	24811648	24811977	1006	829	54.82	CHH
7	24948880	24949085	703	332	67.92	CHH
7	25909857	25910353	244	11	95.69	CG
7	25909857	25910353	300	114	72.46	CHG
7	25909857	25910353	764	1353	36.09	CHH
7	26251607	26251758	539	147	78.57	CHH
7	26258085	26258557	1170	64	94.81	CG
7	26258085	26258557	319	79	80.15	CHG
7	26258085	26258557	1141	1724	39.83	CHH
7	27119822	27120089	18	2	90.00	CG
7	27119822	27120089	7	13	35.00	CHG
7	27119822	27120089	491	565	46.50	CHH
7	27169621	27169836	6	30	16.67	CG
7	27169621	27169836	72	168	30.00	CHG
7	27169621	27169836	303	680	30.82	CHH
7	27307263	27307688	321	16	95.25	CG
7	27307263	27307688	237	102	69.91	CHG
7	27307263	27307688	795	862	47.98	CHH
7	28376367	28376563	70	3	95.89	CG
7	28376367	28376563	58	16	78.38	CHG
7	28376367	28376563	557	494	53.00	CHH
7	29243799	29244004	802	332	70.72	CHH
7	29311074	29311344	787	434	64.46	CHH
7	29467990	29468204	849	358	70.34	CHH
8	1575049	1575210	180	278	39.30	CHH
8	1623373	1623626	20	0	100.00	CG
8	1623373	1623626	6	4	60.00	CHG
8	1623373	1623626	579	309	65.20	CHH
8	2431336	2431426	58	100	36.71	CG
8	2431336	2431426	8	11	42.11	CHG
8	2431336	2431426	138	611	18.42	CHH
8	3073639	3073816	26	55	32.10	CG
8	3073639	3073816	70	127	35.53	CHG
8	3073639	3073816	214	415	34.02	CHH
8	3388417	3388667	78	9	89.66	CG
8	3388417	3388667	44	30	59.46	CHG
8	3388417	3388667	1299	677	65.74	CHH
8	3751907	3752073	187	5	97.40	CG
8	3751907	3752073	97	44	68.79	CHG
8	3751907	3752073	91	450	16.82	CHH
8	3958363	3958508	498	502	49.80	CHH
8	5131858	5132029	121	12	90.98	CHG
8	5131858	5132029	1357	567	70.53	CHH
8	5321619	5321826	30	4	88.24	CG
8	5321619	5321826	4	0	100.00	CHG
8	5321619	5321826	353	289	54.98	CHH
8	5680035	5680214	78	3	96.30	CG
8	5680035	5680214	81	14	85.26	CHG
8	5680035	5680214	388	862	31.04	CHH
8	5836841	5837082	122	3	97.60	CG
8	5836841	5837082	739	483	60.47	CHH
8	6111458	6111746	181	5	97.31	CG
8	6111458	6111746	107	73	59.44	CHG
8	6111458	6111746	359	1354	20.96	CHH
8	6753823	6754136	37	1	97.37	CG
8	6753823	6754136	99	12	89.19	CHG
8	6753823	6754136	815	524	60.87	CHH
8	7603360	7603612	51	2	96.23	CG
8	7603360	7603612	633	365	63.43	CHH
8	8071926	8072156	314	18	94.58	CG
8	8071926	8072156	54	27	66.67	CHG
8	8071926	8072156	557	895	38.36	CHH
8	10060129	10060270	1026	152	87.10	CHH
8	10886885	10887057	30	2	93.75	CG
8	10886885	10887057	1	2	33.33	CHG
8	10886885	10887057	84	265	24.07	CHH
8	11782944	11783090	30	10	75.00	CHG
8	11782944	11783090	349	367	48.74	CHH
8	12350212	12350309	20	4	83.33	CG
8	12350212	12350309	2	9	18.18	CHG
8	12350212	12350309	293	146	66.74	CHH
8	15503593	15503835	31	4	88.57	CG
8	15503593	15503835	898	440	67.12	CHH
8	18141156	18141305	108	185	36.86	CHH
8	19423131	19423387	10	6	62.50	CG
8	19423131	19423387	4	3	57.14	CHG
8	19423131	19423387	711	407	63.60	CHH
8	20377385	20377714	958	45	95.51	CG
8	20377385	20377714	159	71	69.13	CHG
8	20377385	20377714	358	1720	17.23	CHH
8	20558563	20558824	25	5	83.33	CG
8	20558563	20558824	27	5	84.38	CHG
8	20558563	20558824	611	296	67.36	CHH
8	21654366	21654527	106	35	75.18	CG
8	21654366	21654527	94	47	66.67	CHG
8	21654366	21654527	470	316	59.80	CHH
8	22741998	22742320	16	19	45.71	CHG
8	22741998	22742320	618	534	53.65	CHH
8	22776595	22776863	32	1	96.97	CG
8	22776595	22776863	167	65	71.98	CHG
8	22776595	22776863	739	503	59.50	CHH
8	22948102	22948411	34	0	100.00	CG
8	22948102	22948411	891	488	64.61	CHH
8	23349964	23350100	57	7	89.06	CG
8	23349964	23350100	210	478	30.52	CHH
8	23488434	23488729	259	23	91.84	CG
8	23488434	23488729	145	39	78.80	CHG
8	23488434	23488729	634	1248	33.69	CHH
8	24309357	24309533	6	62	8.82	CG
8	24309357	24309533	47	124	27.49	CHG
8	24309357	24309533	152	418	26.67	CHH
8	24422312	24422568	46	3	93.88	CG
8	24422312	24422568	89	39	69.53	CHG
8	24422312	24422568	1049	568	64.87	CHH
8	24735337	24736197	356	59	85.78	CG
8	24735337	24736197	258	442	36.86	CHG
8	24735337	24736197	1534	3083	33.23	CHH
8	24736834	24737078	352	13	96.44	CG
8	24736834	24737078	53	79	40.15	CHG
8	24736834	24737078	244	805	23.26	CHH
8	24750449	24750953	268	36	88.16	CG
8	24750449	24750953	236	145	61.94	CHG
8	24750449	24750953	839	2050	29.04	CHH
8	24768225	24768508	77	23	77.00	CG
8	24768225	24768508	27	158	14.59	CHG
8	24768225	24768508	200	1339	13.00	CHH
8	24784953	24785097	50	5	90.91	CG
8	24784953	24785097	22	10	68.75	CHG
8	24784953	24785097	189	348	35.20	CHH
8	24834030	24834325	84	1	98.82	CG
8	24834030	24834325	37	5	88.10	CHG
8	24834030	24834325	883	719	55.12	CHH
8	24968997	24969171	19	3	86.36	CG
8	24968997	24969171	19	4	82.61	CHG
8	24968997	24969171	81	188	30.11	CHH
8	26169264	26169435	240	13	94.86	CG
8	26169264	26169435	55	29	65.48	CHG
8	26169264	26169435	414	167	71.26	CHH
8	26441035	26441114	17	11	60.71	CHG
8	26441035	26441114	100	84	54.35	CHH
8	26827794	26828034	41	106	27.89	CG
8	26827794	26828034	23	101	18.55	CHG
8	26827794	26828034	230	434	34.64	CHH
8	27623734	27623958	300	20	93.75	CG
8	27623734	27623958	168	66	71.79	CHG
8	27623734	27623958	418	524	44.37	CHH
8	28152674	28152872	901	249	78.35	CHH
8	28409753	28410078	73	2	97.33	CG
8	28409753	28410078	134	2	98.53	CHG
8	28409753	28410078	1130	976	53.66	CHH
9	1254705	1254916	162	4	97.59	CG
9	1254705	1254916	12	12	50.00	CHG
9	1254705	1254916	393	436	47.41	CHH
9	1884036	1884200	201	444	31.16	CHH
9	3634113	3634220	30	9	76.92	CHG
9	3634113	3634220	424	229	64.93	CHH
9	3933418	3933532	19	0	100.00	CG
9	3933418	3933532	17	1	94.44	CHG
9	3933418	3933532	248	102	70.86	CHH
9	4570159	4570785	594	27	95.65	CG
9	4570159	4570785	636	172	78.71	CHG
9	4570159	4570785	871	2470	26.07	CHH
9	7158967	7159348	8	41	16.33	CG
9	7158967	7159348	40	64	38.46	CHG
9	7158967	7159348	324	779	29.37	CHH
9	10378957	10379055	129	108	54.43	CG
9	10378957	10379055	61	151	28.77	CHG
9	10378957	10379055	177	440	28.69	CHH
9	10754150	10754480	51	4	92.73	CG
9	10754150	10754480	97	11	89.81	CHG
9	10754150	10754480	1431	673	68.01	CHH
9	11037393	11037551	360	342	51.28	CHH
9	14633566	14633811	261	8	97.03	CG
9	14633566	14633811	162	33	83.08	CHG
9	14633566	14633811	995	706	58.50	CHH
9	16086094	16086273	68	18	79.07	CG
9	16086094	16086273	45	32	58.44	CHG
9	16086094	16086273	168	189	47.06	CHH
9	16215726	16215834	198	142	58.24	CHH
9	16663866	16664244	76	96	44.19	CG
9	16663866	16664244	57	215	20.96	CHG
9	16663866	16664244	259	1066	19.55	CHH
9	16928122	16928188	51	133	27.72	CHH
9	17420619	17420974	39	1	97.50	CG
9	17420619	17420974	128	30	81.01	CHG
9	17420619	17420974	443	891	33.21	CHH
9	19098095	19098253	41	3	93.18	CG
9	19098095	19098253	61	18	77.22	CHG
9	19098095	19098253	815	466	63.62	CHH
9	21886164	21886293	52	175	22.91	CHH
10	368179	368447	58	22	72.50	CHG
10	368179	368447	981	861	53.26	CHH
10	404795	404929	104	6	94.55	CG
10	404795	404929	3	14	17.65	CHG
10	404795	404929	81	137	37.16	CHH
10	1838124	1838526	59	5	92.19	CG
10	1838124	1838526	15	3	83.33	CHG
10	1838124	1838526	821	518	61.31	CHH
10	1890175	1890720	289	24	92.33	CG
10	1890175	1890720	266	167	61.43	CHG
10	1890175	1890720	829	1843	31.03	CHH
10	2576261	2576420	1465	595	71.12	CHH
10	3444619	3445144	54	138	28.12	CG
10	3444619	3445144	89	167	34.77	CHG
10	3444619	3445144	375	836	30.97	CHH
10	5680298	5680662	95	718	11.69	CG
10	5680298	5680662	174	711	19.66	CHG
10	5680298	5680662	341	1198	22.16	CHH
10	6420591	6420748	51	78	39.53	CHG
10	6420591	6420748	178	354	33.46	CHH
10	7535391	7535626	388	530	42.27	CHH
10	8506073	8506152	32	24	57.14	CG
10	8506073	8506152	153	170	47.37	CHH
10	9497876	9498140	215	7	96.85	CG
10	9497876	9498140	27	11	71.05	CHG
10	9497876	9498140	1289	427	75.12	CHH
10	11192936	11193103	73	5	93.59	CG
10	11192936	11193103	33	36	47.83	CHG
10	11192936	11193103	134	153	46.69	CHH
10	11922949	11923127	34	1	97.14	CG
10	11922949	11923127	82	21	79.61	CHG
10	11922949	11923127	189	139	57.62	CHH
10	12206026	12206233	29	3	90.62	CG
10	12206026	12206233	12	24	33.33	CHG
10	12206026	12206233	629	466	57.44	CHH
10	13147744	13147963	316	19	94.33	CG
10	13147744	13147963	101	37	73.19	CHG
10	13147744	13147963	300	1127	21.02	CHH
10	15011394	15011890	244	80	75.31	CG
10	15011394	15011890	114	156	42.22	CHG
10	15011394	15011890	534	993	34.97	CHH
10	15870323	15870605	38	5	88.37	CG
10	15870323	15870605	103	124	45.37	CHG
10	15870323	15870605	285	439	39.36	CHH
10	15986243	15986518	5	11	31.25	CG
10	15986243	15986518	25	63	28.41	CHG
10	15986243	15986518	123	434	22.08	CHH
10	15991567	15992011	120	468	20.41	CG
10	15991567	15992011	162	704	18.71	CHG
10	15991567	15992011	375	2141	14.90	CHH
10	16003795	16003950	2	14	12.50	CG
10	16003795	16003950	23	90	20.35	CHG
10	16003795	16003950	124	266	31.79	CHH
10	16208913	16209034	42	1	97.67	CG
10	16208913	16209034	63	3	95.45	CHG
10	16208913	16209034	808	94	89.58	CHH
10	17033161	17033405	519	26	95.23	CG
10	17033161	17033405	182	50	78.45	CHG
10	17033161	17033405	653	801	44.91	CHH
10	18046108	18046282	947	237	79.98	CHH
10	18101624	18101816	218	16	93.16	CG
10	18101624	18101816	119	85	58.33	CHG
10	18101624	18101816	661	345	65.71	CHH
10	18561922	18562175	237	9	96.34	CG
10	18561922	18562175	300	86	77.72	CHG
10	18561922	18562175	634	1071	37.18	CHH
10	18632472	18632641	356	481	42.53	CHH
10	19698082	19698409	87	4	95.60	CG
10	19698082	19698409	121	5	96.03	CHG
10	19698082	19698409	1361	888	60.52	CHH
10	19941399	19941637	30	3	90.91	CG
10	19941399	19941637	405	392	50.82	CHH
10	20291443	20292459	1112	44	96.19	CG
10	20291443	20292459	466	132	77.93	CHG
10	20291443	20292459	843	2607	24.43	CHH
10	20762313	20762534	1	49	2.00	CG
10	20762313	20762534	13	115	10.16	CHG
10	20762313	20762534	51	299	14.57	CHH
10	20778820	20779263	43	245	14.93	CG
10	20778820	20779263	128	488	20.78	CHG
10	20778820	20779263	479	1301	26.91	CHH
10	21827999	21828272	40	22	64.52	CHG
10	21827999	21828272	1243	602	67.37	CHH
10	22689536	22689741	1272	695	64.67	CHH
10	22690213	22690439	640	153	80.71	CHH
11	569050	569549	75	4	94.94	CG
11	569050	569549	389	64	85.87	CHG
11	569050	569549	2125	816	72.25	CHH
11	1200546	1200636	25	7	78.12	CG
11	1200546	1200636	26	3	89.66	CHG
11	1200546	1200636	175	297	37.08	CHH
11	1713742	1714360	497	31	94.13	CG
11	1713742	1714360	313	85	78.64	CHG
11	1713742	1714360	1447	1761	45.11	CHH
11	1878755	1878890	48	49	49.48	CG
11	1878755	1878890	105	73	58.99	CHG
11	1878755	1878890	133	587	18.47	CHH
11	1932470	1932979	69	4	94.52	CG
11	1932470	1932979	123	51	70.69	CHG
11	1932470	1932979	2038	1189	63.15	CHH
11	1947206	1947542	27	1	96.43	CG
11	1947206	1947542	534	639	45.52	CHH
11	2378673	2378944	195	18	91.55	CG
11	2378673	2378944	35	15	70.00	CHG
11	2378673	2378944	1329	357	78.83	CHH
11	5554822	5555192	80	2	97.56	CG
11	5554822	5555192	346	40	89.64	CHG
11	5554822	5555192	1291	584	68.85	CHH
11	7332863	7333120	67	2	97.10	CG
11	7332863	7333120	59	22	72.84	CHG
11	7332863	7333120	1018	372	73.24	CHH
11	7589703	7589963	17	1	94.44	CG
11	7589703	7589963	13	1	92.86	CHG
11	7589703	7589963	343	147	70.00	CHH
11	7735709	7735929	65	5	92.86	CG
11	7735709	7735929	37	50	42.53	CHG
11	7735709	7735929	181	439	29.19	CHH
11	8045721	8046006	366	180	67.03	CG
11	8045721	8046006	25	118	17.48	CHG
11	8045721	8046006	278	1437	16.21	CHH
11	9151816	9151968	31	11	73.81	CHG
11	9151816	9151968	843	407	67.44	CHH
11	11662804	11663369	262	6	97.76	CG
11	11662804	11663369	386	44	89.77	CHG
11	11662804	11663369	1247	2251	35.65	CHH
11	11787143	11787246	454	516	46.80	CHH
11	13632522	13632647	41	78	34.45	CHG
11	13632522	13632647	129	253	33.77	CHH
11	14005572	14005699	175	352	33.21	CHH
11	14006096	14006227	197	192	50.64	CHH
11	14311549	14311878	855	27	96.94	CG
11	14311549	14311878	268	39	87.30	CHG
11	14311549	14311878	817	1496	35.32	CHH
11	16006890	16007049	42	3	93.33	CG
11	16006890	16007049	25	5	83.33	CHG
11	16006890	16007049	847	356	70.41	CHH
11	16339318	16339504	159	9	94.64	CG
11	16339318	16339504	6	28	17.65	CHG
11	16339318	16339504	283	466	37.78	CHH
11	16884445	16884740	95	7	93.14	CG
11	16884445	16884740	1050	399	72.46	CHH
11	16979978	16980123	14	1	93.33	CG
11	16979978	16980123	100	320	23.81	CHH
11	18415594	18415828	37	0	100.00	CG
11	18415594	18415828	573	795	41.89	CHH
11	19478887	19479310	356	15	95.96	CG
11	19478887	19479310	388	349	52.65	CHG
11	19478887	19479310	1151	1894	37.80	CHH
11	19817539	19817761	29	37	43.94	CHG
11	19817539	19817761	963	489	66.32	CHH
11	21197890	21198236	43	19	69.35	CHG
11	21197890	21198236	1644	727	69.34	CHH
11	21255747	21256111	291	7	97.65	CG
11	21255747	21256111	361	42	89.58	CHG
11	21255747	21256111	650	1252	34.17	CHH
11	21412886	21413094	179	18	90.86	CG
11	21412886	21413094	70	89	44.03	CHG
11	21412886	21413094	166	470	26.10	CHH
11	22039593	22039763	60	10	85.71	CHG
11	22039593	22039763	478	264	64.42	CHH
11	23435202	23435727	36	49	42.35	CG
11	23435202	23435727	180	374	32.49	CHG
11	23435202	23435727	613	1261	32.71	CHH
11	24395075	24395260	25	76	24.75	CG
11	24395075	24395260	18	32	36.00	CHG
11	24395075	24395260	209	450	31.71	CHH
11	24851409	24851658	284	9	96.93	CG
11	24851409	24851658	372	29	92.77	CHG
11	24851409	24851658	603	1130	34.80	CHH
11	24991462	24991590	29	5	85.29	CG
11	24991462	24991590	90	53	62.94	CHG
11	24991462	24991590	572	232	71.14	CHH
11	25110396	25110624	37	2	94.87	CG
11	25110396	25110624	5	4	55.56	CHG
11	25110396	25110624	338	398	45.92	CHH
11	25586084	25586542	154	14	91.67	CG
11	25586084	25586542	166	39	80.98	CHG
11	25586084	25586542	628	1609	28.07	CHH
11	25784649	25784892	72	7	91.14	CG
11	25784649	25784892	98	33	74.81	CHG
11	25784649	25784892	322	770	29.49	CHH
11	25810584	25810761	11	6	64.71	CHG
11	25810584	25810761	260	314	45.30	CHH
11	25853608	25853790	12	0	100.00	CG
11	25853608	25853790	298	343	46.49	CHH
11	26205598	26205997	75	13	85.23	CG
11	26205598	26205997	33	119	21.71	CHG
11	26205598	26205997	228	1070	17.57	CHH
11	27682635	27683583	913	33	96.51	CG
11	27682635	27683583	619	214	74.31	CHG
11	27682635	27683583	874	1858	31.99	CHH
11	28181129	28181426	36	6	85.71	CG
11	28181129	28181426	354	428	45.27	CHH
12	217168	217301	53	3	94.64	CG
12	217168	217301	18	11	62.07	CHG
12	217168	217301	443	154	74.20	CHH
12	552916	553122	273	298	47.81	CHH
12	793700	793972	44	7	86.27	CHG
12	793700	793972	995	519	65.72	CHH
12	961100	961336	50	21	70.42	CG
12	961100	961336	122	167	42.21	CHG
12	961100	961336	278	737	27.39	CHH
12	1049649	1049822	1024	397	72.06	CHH
12	1548545	1548692	39	12	76.47	CHG
12	1548545	1548692	275	217	55.89	CHH
12	1801896	1802216	82	24	77.36	CG
12	1801896	1802216	110	34	76.39	CHG
12	1801896	1802216	410	671	37.93	CHH
12	1816647	1816809	52	4	92.86	CG
12	1816647	1816809	496	274	64.42	CHH
12	2466366	2466538	46	5	90.20	CHG
12	2466366	2466538	601	408	59.56	CHH
12	5021892	5024116	640	44	93.57	CG
12	5021892	5024116	1366	775	63.80	CHG
12	5021892	5024116	2967	6325	31.93	CHH
12	5024498	5027592	653	108	85.81	CG
12	5024498	5027592	1146	1079	51.51	CHG
12	5024498	5027592	4511	7207	38.50	CHH
12	7849278	7849532	152	17	89.94	CG
12	7849278	7849532	1	9	10.00	CHG
12	7849278	7849532	161	823	16.36	CHH
12	10927998	10928435	11	1	91.67	CG
12	10927998	10928435	12	28	30.00	CHG
12	10927998	10928435	127	653	16.28	CHH
12	11362213	11362441	29	0	100.00	CG
12	11362213	11362441	16	8	66.67	CHG
12	11362213	11362441	471	355	57.02	CHH
12	12440435	12440631	35	385	8.33	CG
12	12440435	12440631	20	166	10.75	CHG
12	12440435	12440631	67	739	8.31	CHH
12	12966688	12966790	136	105	56.43	CHH
12	15202347	15202507	94	4	95.92	CG
12	15202347	15202507	29	14	67.44	CHG
12	15202347	15202507	289	616	31.93	CHH
12	17986589	17987047	178	6	96.74	CG
12	17986589	17987047	180	30	85.71	CHG
12	17986589	17987047	666	1508	30.63	CHH
12	18936325	18936741	606	21	96.65	CG
12	18936325	18936741	94	49	65.73	CHG
12	18936325	18936741	765	1340	36.34	CHH
12	19120680	19120950	47	25	65.28	CG
12	19120680	19120950	34	7	82.93	CHG
12	19120680	19120950	947	787	54.61	CHH
12	19156150	19156313	45	2	95.74	CG
12	19156150	19156313	95	10	90.48	CHG
12	19156150	19156313	640	262	70.95	CHH
12	21483416	21483688	131	6	95.62	CG
12	21483416	21483688	253	44	85.19	CHG
12	21483416	21483688	584	1263	31.62	CHH
12	21831911	21832012	189	256	42.47	CHH
12	22451242	22451490	17	20	45.95	CHG
12	22451242	22451490	1281	499	71.97	CHH
12	22462835	22463098	4	164	2.38	CG
12	22462835	22463098	75	191	28.20	CHG
12	22462835	22463098	805	938	46.18	CHH
12	22503691	22503984	82	3	96.47	CG
12	22503691	22503984	59	16	78.67	CHG
12	22503691	22503984	460	387	54.31	CHH
12	23090136	23090406	41	0	100.00	CG
12	23090136	23090406	698	625	52.76	CHH
12	23253874	23254115	77	3	96.25	CG
12	23253874	23254115	11	13	45.83	CHG
12	23253874	23254115	780	378	67.36	CHH
12	23419385	23419484	16	1	94.12	CG
12	23419385	23419484	66	98	40.24	CHH
12	23569460	23569549	85	8	91.40	CG
12	23569460	23569549	23	6	79.31	CHG
12	23569460	23569549	119	320	27.11	CHH
12	24432087	24432276	394	390	50.26	CHH
12	25119408	25119711	372	15	96.12	CG
12	25119408	25119711	270	182	59.73	CHG
12	25119408	25119711	472	1298	26.67	CHH
12	25285613	25285813	20	1	95.24	CG
12	25285613	25285813	459	299	60.55	CHH
12	25690213	25690552	78	144	35.14	CG
12	25690213	25690552	16	65	19.75	CHG
12	25690213	25690552	178	572	23.73	CHH
12	26052913	26053003	58	90	39.19	CHG
12	26052913	26053003	138	297	31.72	CHH
