1	521199	522723	352	1549	18.52	CG
1	521199	522723	22	1659	1.31	CHG
1	521199	522723	10	6160	0.16	CHH
1	718927	719135	0	177	0.00	CG
1	718927	719135	1	254	0.39	CHG
1	718927	719135	2	1033	0.19	CHH
1	1687637	1688991	3	914	0.33	CG
1	1687637	1688991	7	973	0.71	CHG
1	1687637	1688991	25	3433	0.72	CHH
1	1781116	1781366	0	480	0.00	CG
1	1781116	1781366	0	177	0.00	CHG
1	1781116	1781366	1	281	0.35	CHH
1	2137510	2140455	319	4926	6.08	CG
1	2137510	2140455	438	3348	11.57	CHG
1	2137510	2140455	590	10655	5.25	CHH
1	2172488	2172625	0	55	0.00	CG
1	2172488	2172625	0	383	0.00	CHH
1	2198640	2199644	805	23	97.22	CG
1	2198640	2199644	370	139	72.69	CHG
1	2198640	2199644	102	747	12.01	CHH
1	2541454	2541598	49	60	44.95	CG
1	2541454	2541598	23	34	40.35	CHG
1	2541454	2541598	41	313	11.58	CHH
1	2579778	2580676	798	669	54.40	CG
1	2579778	2580676	10	1715	0.58	CHG
1	2579778	2580676	33	4008	0.82	CHH
1	3016827	3017062	5	1435	0.35	CG
1	3016827	3017062	1	653	0.15	CHG
1	3016827	3017062	4	1936	0.21	CHH
1	4122738	4127182	795	3393	18.98	CG
1	4122738	4127182	112	6893	1.60	CHG
1	4122738	4127182	989	14175	6.52	CHH
1	4510347	4510477	9	0	100.00	CG
1	4510347	4510477	2	10	16.67	CHG
1	4510347	4510477	34	103	24.82	CHH
1	4702022	4702256	42	66	38.89	CG
1	4702022	4702256	5	46	9.80	CHG
1	4702022	4702256	54	253	17.59	CHH
1	5814441	5815039	1	122	0.81	CG
1	5814441	5815039	1	324	0.31	CHG
1	5814441	5815039	3	1394	0.21	CHH
1	6934697	6934863	169	16	91.35	CG
1	6934697	6934863	66	19	77.65	CHG
1	6934697	6934863	48	246	16.33	CHH
1	7198017	7199243	474	36	92.94	CG
1	7198017	7199243	39	746	4.97	CHG
1	7198017	7199243	12	2671	0.45	CHH
1	7302410	7302594	0	182	0.00	CG
1	7302410	7302594	1	80	1.23	CHG
1	7302410	7302594	0	338	0.00	CHH
1	7518469	7519081	1	260	0.38	CG
1	7518469	7519081	4	290	1.36	CHG
1	7518469	7519081	9	1076	0.83	CHH
1	7690448	7691550	4	1539	0.26	CG
1	7690448	7691550	8	1222	0.65	CHG
1	7690448	7691550	15	4001	0.37	CHH
1	8124136	8124703	754	34	95.69	CG
1	8124136	8124703	300	198	60.24	CHG
1	8124136	8124703	291	1768	14.13	CHH
1	8426975	8427236	73	16	82.02	CG
1	8426975	8427236	2	319	0.62	CHG
1	8426975	8427236	2	781	0.26	CHH
1	8831214	8831605	382	41	90.31	CG
1	8831214	8831605	169	162	51.06	CHG
1	8831214	8831605	72	1767	3.92	CHH
1	8866192	8866541	186	7	96.37	CG
1	8866192	8866541	83	37	69.17	CHG
1	8866192	8866541	27	322	7.74	CHH
1	9124022	9124118	55	2	96.49	CG
1	9124022	9124118	147	38	79.46	CHG
1	9124022	9124118	59	219	21.22	CHH
1	9260960	9261224	73	1	98.65	CG
1	9260960	9261224	6	238	2.46	CHG
1	9260960	9261224	22	1119	1.93	CHH
1	9681083	9681232	18	8	69.23	CG
1	9681083	9681232	33	33	50.00	CHH
1	9734291	9734532	0	128	0.00	CG
1	9734291	9734532	0	34	0.00	CHG
1	9734291	9734532	20	510	3.77	CHH
1	10263106	10263294	2	312	0.64	CG
1	10263106	10263294	1	216	0.46	CHG
1	10263106	10263294	5	428	1.15	CHH
1	10401973	10403052	32	1038	2.99	CG
1	10401973	10403052	21	711	2.87	CHG
1	10401973	10403052	106	3047	3.36	CHH
1	10417094	10417664	800	37	95.58	CG
1	10417094	10417664	1112	179	86.13	CHG
1	10417094	10417664	167	4256	3.78	CHH
1	10590568	10590704	8	46	14.81	CG
1	10590568	10590704	0	50	0.00	CHG
1	10590568	10590704	5	146	3.31	CHH
1	10793800	10794970	525	11	97.95	CG
1	10793800	10794970	105	114	47.95	CHG
1	10793800	10794970	118	604	16.34	CHH
1	11027002	11027352	74	4	94.87	CG
1	11027002	11027352	0	208	0.00	CHG
1	11027002	11027352	3	971	0.31	CHH
1	11745247	11745281	0	155	0.00	CG
1	11745247	11745281	0	76	0.00	CHG
1	11745247	11745281	0	132	0.00	CHH
1	11861007	11861467	567	17	97.09	CG
1	11861007	11861467	296	87	77.28	CHG
1	11861007	11861467	297	1462	16.88	CHH
1	11988203	11988342	3	861	0.35	CG
1	11988203	11988342	0	427	0.00	CHG
1	11988203	11988342	2	318	0.62	CHH
1	12157565	12159139	28	7706	0.36	CG
1	12157565	12159139	13	3946	0.33	CHG
1	12157565	12159139	18	6598	0.27	CHH
1	12279664	12280353	4	1745	0.23	CG
1	12279664	12280353	4	913	0.44	CHG
1	12279664	12280353	6	2223	0.27	CHH
1	12444629	12444759	170	5	97.14	CG
1	12444629	12444759	124	13	90.51	CHG
1	12444629	12444759	17	552	2.99	CHH
1	12851686	12853647	167	270	38.22	CG
1	12851686	12853647	72	1780	3.89	CHG
1	12851686	12853647	163	6504	2.44	CHH
1	12977793	12977914	11	6	64.71	CG
1	12977793	12977914	1	145	0.68	CHH
1	14112270	14112409	0	33	0.00	CHH
1	14747584	14748346	1	727	0.14	CG
1	14747584	14748346	7	1504	0.46	CHG
1	14747584	14748346	10	3675	0.27	CHH
1	15010958	15011724	0	9	0.00	CHH
1	15208882	15210074	322	52	86.10	CG
1	15208882	15210074	112	94	54.37	CHG
1	15208882	15210074	91	1638	5.26	CHH
1	15318812	15319293	1359	50	96.45	CG
1	15318812	15319293	829	291	74.02	CHG
1	15318812	15319293	116	2714	4.10	CHH
1	15355785	15357554	442	990	30.87	CG
1	15355785	15357554	233	1453	13.82	CHG
1	15355785	15357554	364	4587	7.35	CHH
1	16453284	16453501	2	8	20.00	CG
1	16453284	16453501	3	26	10.34	CHG
1	16453284	16453501	18	158	10.23	CHH
1	16722902	16723067	1	144	0.69	CG
1	16722902	16723067	0	57	0.00	CHG
1	16722902	16723067	1	557	0.18	CHH
1	17385639	17385733	0	37	0.00	CHG
1	17385639	17385733	1	115	0.86	CHH
1	17522237	17522624	1013	50	95.30	CG
1	17522237	17522624	724	208	77.68	CHG
1	17522237	17522624	86	2235	3.71	CHH
1	17762690	17767322	773	3099	19.96	CG
1	17762690	17767322	1033	2953	25.92	CHG
1	17762690	17767322	3789	12672	23.02	CHH
1	17768299	17768525	0	94	0.00	CG
1	17768299	17768525	0	77	0.00	CHG
1	17768299	17768525	1	365	0.27	CHH
1	17915233	17918918	1310	1419	48.00	CG
1	17915233	17918918	610	1287	32.16	CHG
1	17915233	17918918	2839	7679	26.99	CHH
1	18479814	18481021	135	212	38.90	CG
1	18479814	18481021	31	266	10.44	CHG
1	18479814	18481021	66	2103	3.04	CHH
1	18515221	18516018	327	10	97.03	CG
1	18515221	18516018	225	48	82.42	CHG
1	18515221	18516018	39	765	4.85	CHH
1	18605306	18605413	16	0	100.00	CG
1	18605306	18605413	0	58	0.00	CHG
1	18605306	18605413	1	328	0.30	CHH
1	18679398	18679609	111	3	97.37	CG
1	18679398	18679609	159	22	87.85	CHG
1	18679398	18679609	84	782	9.70	CHH
1	18781271	18781897	23	500	4.40	CG
1	18781271	18781897	26	764	3.29	CHG
1	18781271	18781897	83	1478	5.32	CHH
1	19418149	19418371	225	14	94.14	CG
1	19418149	19418371	166	86	65.87	CHG
1	19418149	19418371	50	1086	4.40	CHH
1	19588801	19588982	89	2	97.80	CG
1	19588801	19588982	31	19	62.00	CHG
1	19588801	19588982	13	207	5.91	CHH
1	19807993	19809436	918	34	96.43	CG
1	19807993	19809436	283	142	66.59	CHG
1	19807993	19809436	166	1711	8.84	CHH
1	20220915	20221138	819	25	97.04	CG
1	20220915	20221138	262	105	71.39	CHG
1	20220915	20221138	39	1537	2.47	CHH
1	20351135	20352592	778	369	67.83	CG
1	20351135	20352592	21	2459	0.85	CHG
1	20351135	20352592	25	6722	0.37	CHH
1	20353735	20353818	14	0	100.00	CG
1	20353735	20353818	0	55	0.00	CHG
1	20353735	20353818	0	121	0.00	CHH
1	20699332	20703291	1895	2167	46.65	CG
1	20699332	20703291	923	3373	21.49	CHG
1	20699332	20703291	1310	13145	9.06	CHH
1	20759940	20760412	614	23	96.39	CG
1	20759940	20760412	614	125	83.09	CHG
1	20759940	20760412	274	2256	10.83	CHH
1	22217602	22218470	226	576	28.18	CG
1	22217602	22218470	76	793	8.75	CHG
1	22217602	22218470	281	2071	11.95	CHH
1	22349537	22349928	7	180	3.74	CG
1	22349537	22349928	0	170	0.00	CHG
1	22349537	22349928	1	369	0.27	CHH
1	22963853	22963900	0	23	0.00	CHG
1	22963853	22963900	0	53	0.00	CHH
1	23088705	23088935	0	117	0.00	CG
1	23088705	23088935	0	89	0.00	CHG
1	23088705	23088935	3	403	0.74	CHH
1	23190581	23192012	259	40	86.62	CG
1	23190581	23192012	22	975	2.21	CHG
1	23190581	23192012	49	3946	1.23	CHH
1	23334619	23337433	936	974	49.01	CG
1	23334619	23337433	77	3604	2.09	CHG
1	23334619	23337433	60	9216	0.65	CHH
1	23865834	23867004	862	417	67.40	CG
1	23865834	23867004	414	834	33.17	CHG
1	23865834	23867004	802	3170	20.19	CHH
1	24056015	24058047	189	1360	12.20	CG
1	24056015	24058047	150	1042	12.58	CHG
1	24056015	24058047	191	3992	4.57	CHH
1	24127473	24127717	68	73	48.23	CG
1	24127473	24127717	1	173	0.57	CHG
1	24127473	24127717	2	807	0.25	CHH
1	24218590	24218768	34	82	29.31	CG
1	24218590	24218768	14	66	17.50	CHG
1	24218590	24218768	8	495	1.59	CHH
1	24367289	24368699	424	1954	17.83	CG
1	24367289	24368699	116	2077	5.29	CHG
1	24367289	24368699	480	5213	8.43	CHH
1	24540618	24541036	110	9	92.44	CG
1	24540618	24541036	2	205	0.97	CHG
1	24540618	24541036	15	940	1.57	CHH
1	25075086	25078372	27	8139	0.33	CG
1	25075086	25078372	23	6921	0.33	CHG
1	25075086	25078372	42	14955	0.28	CHH
1	26189136	26189851	26	460	5.35	CG
1	26189136	26189851	3	1162	0.26	CHG
1	26189136	26189851	5	2264	0.22	CHH
1	27455091	27455579	716	36	95.21	CG
1	27455091	27455579	656	180	78.47	CHG
1	27455091	27455579	165	2081	7.35	CHH
1	27505658	27505866	0	17	0.00	CG
1	27505658	27505866	2	77	2.53	CHG
1	27505658	27505866	10	255	3.77	CHH
1	27576543	27577893	1532	50	96.84	CG
1	27576543	27577893	893	176	83.54	CHG
1	27576543	27577893	1034	5639	15.50	CHH
1	28118813	28118935	0	56	0.00	CG
1	28118813	28118935	0	135	0.00	CHG
1	28118813	28118935	1	540	0.18	CHH
1	29188109	29189334	11	3117	0.35	CG
1	29188109	29189334	43	1748	2.40	CHG
1	29188109	29189334	604	4441	11.97	CHH
1	29223726	29224697	103	2782	3.57	CG
1	29223726	29224697	17	1279	1.31	CHG
1	29223726	29224697	377	3459	9.83	CHH
1	29881105	29881917	368	49	88.25	CG
1	29881105	29881917	329	176	65.15	CHG
1	29881105	29881917	108	1258	7.91	CHH
1	29892038	29892362	2	14	12.50	CG
1	29892038	29892362	2	68	2.86	CHG
1	29892038	29892362	3	601	0.50	CHH
1	30396534	30396644	0	136	0.00	CG
1	30396534	30396644	2	176	1.12	CHG
1	30396534	30396644	1	264	0.38	CHH
1	30947617	30952229	2784	720	79.45	CG
1	30947617	30952229	1456	2882	33.56	CHG
1	30947617	30952229	811	15291	5.04	CHH
1	30988314	30988439	16	2	88.89	CG
1	30988314	30988439	55	46	54.46	CHG
1	30988314	30988439	9	155	5.49	CHH
1	31131639	31132785	702	1844	27.57	CG
1	31131639	31132785	12	3162	0.38	CHG
1	31131639	31132785	18	5901	0.30	CHH
1	32136432	32136605	0	49	0.00	CG
1	32136432	32136605	1	141	0.70	CHG
1	32136432	32136605	1	349	0.29	CHH
1	33466485	33466748	433	10	97.74	CG
1	33466485	33466748	205	65	75.93	CHG
1	33466485	33466748	138	1036	11.75	CHH
1	34289798	34291348	341	573	37.31	CG
1	34289798	34291348	333	955	25.85	CHG
1	34289798	34291348	779	3585	17.85	CHH
1	34550341	34550600	1	151	0.66	CG
1	34550341	34550600	0	244	0.00	CHG
1	34550341	34550600	4	926	0.43	CHH
1	34749495	34752244	1390	164	89.45	CG
1	34749495	34752244	1361	569	70.52	CHG
1	34749495	34752244	909	6191	12.80	CHH
1	34928206	34928387	133	1	99.25	CG
1	34928206	34928387	384	37	91.21	CHG
1	34928206	34928387	68	869	7.26	CHH
1	34990120	34992796	2112	410	83.74	CG
1	34990120	34992796	1073	821	56.65	CHG
1	34990120	34992796	1922	5916	24.52	CHH
1	35760612	35760952	24	79	23.30	CG
1	35760612	35760952	0	133	0.00	CHG
1	35760612	35760952	0	765	0.00	CHH
1	35959231	35959351	0	103	0.00	CG
1	35959231	35959351	1	142	0.70	CHG
1	35959231	35959351	1	687	0.15	CHH
1	36112505	36112684	106	23	82.17	CG
1	36112505	36112684	39	25	60.94	CHG
1	36112505	36112684	89	246	26.57	CHH
1	36163384	36164022	55	486	10.17	CG
1	36163384	36164022	44	461	8.71	CHG
1	36163384	36164022	203	1967	9.35	CHH
1	36208524	36209666	847	58	93.59	CG
1	36208524	36209666	893	381	70.09	CHG
1	36208524	36209666	134	4603	2.83	CHH
1	36479686	36479935	3	539	0.55	CG
1	36479686	36479935	3	206	1.44	CHG
1	36479686	36479935	0	792	0.00	CHH
1	36890844	36891048	76	54	58.46	CG
1	36890844	36891048	146	46	76.04	CHG
1	36890844	36891048	377	590	38.99	CHH
1	37118562	37118725	0	29	0.00	CG
1	37118562	37118725	0	83	0.00	CHG
1	37118562	37118725	1	343	0.29	CHH
1	37253827	37256063	1138	74	93.89	CG
1	37253827	37256063	1119	242	82.22	CHG
1	37253827	37256063	628	4413	12.46	CHH
1	37757198	37758019	265	1204	18.04	CG
1	37757198	37758019	145	558	20.63	CHG
1	37757198	37758019	699	1928	26.61	CHH
1	39603253	39603550	67	1	98.53	CG
1	39603253	39603550	0	197	0.00	CHG
1	39603253	39603550	1	520	0.19	CHH
1	40609311	40609427	20	0	100.00	CG
1	40609311	40609427	2	122	1.61	CHG
1	40609311	40609427	1	310	0.32	CHH
1	40785754	40786192	18	118	13.24	CG
1	40785754	40786192	3	982	0.30	CHG
1	40785754	40786192	9	2227	0.40	CHH
1	41209454	41212661	913	4465	16.98	CG
1	41209454	41212661	502	2829	15.07	CHG
1	41209454	41212661	1645	7903	17.23	CHH
1	42990884	42991140	17	0	100.00	CG
1	42990884	42991140	14	0	100.00	CHG
1	42990884	42991140	14	79	15.05	CHH
2	38468	38578	19	0	100.00	CG
2	38468	38578	0	57	0.00	CHG
2	38468	38578	0	140	0.00	CHH
2	578331	578545	32	4	88.89	CG
2	578331	578545	10	392	2.49	CHG
2	578331	578545	9	1079	0.83	CHH
2	1736612	1736996	163	58	73.76	CG
2	1736612	1736996	3	475	0.63	CHG
2	1736612	1736996	7	1270	0.55	CHH
2	2004107	2004464	1	79	1.25	CG
2	2004107	2004464	0	468	0.00	CHG
2	2004107	2004464	0	1313	0.00	CHH
2	2225031	2228646	3713	388	90.54	CG
2	2225031	2228646	2306	1444	61.49	CHG
2	2225031	2228646	3078	12114	20.26	CHH
2	2448881	2450073	133	103	56.36	CG
2	2448881	2450073	238	967	19.75	CHG
2	2448881	2450073	654	3119	17.33	CHH
2	2455636	2457226	1664	43	97.48	CG
2	2455636	2457226	1087	415	72.37	CHG
2	2455636	2457226	130	2274	5.41	CHH
2	2916264	2916496	23	1	95.83	CG
2	2916264	2916496	0	93	0.00	CHG
2	2916264	2916496	1	380	0.26	CHH
2	3153141	3153726	438	55	88.84	CG
2	3153141	3153726	417	250	62.52	CHG
2	3153141	3153726	294	2190	11.84	CHH
2	3584767	3584907	67	6	91.78	CG
2	3584767	3584907	50	14	78.12	CHG
2	3584767	3584907	188	121	60.84	CHH
2	3668130	3671654	3706	1747	67.96	CG
2	3668130	3671654	2042	2248	47.60	CHG
2	3668130	3671654	2431	10231	19.20	CHH
2	4394475	4394720	0	45	0.00	CG
2	4394475	4394720	1	190	0.52	CHG
2	4394475	4394720	1	511	0.20	CHH
2	4735326	4735671	3	311	0.96	CG
2	4735326	4735671	1	329	0.30	CHG
2	4735326	4735671	1	880	0.11	CHH
2	4930376	4930562	93	2	97.89	CG
2	4930376	4930562	4	9	30.77	CHG
2	4930376	4930562	17	257	6.20	CHH
2	6097195	6097472	0	103	0.00	CG
2	6097195	6097472	1	286	0.35	CHG
2	6097195	6097472	1	506	0.20	CHH
2	6194639	6194966	0	151	0.00	CG
2	6194639	6194966	0	191	0.00	CHG
2	6194639	6194966	8	741	1.07	CHH
2	6477169	6477370	107	18	85.60	CG
2	6477169	6477370	1	176	0.56	CHG
2	6477169	6477370	4	766	0.52	CHH
2	6479819	6479943	0	364	0.00	CHG
2	6479819	6479943	1	870	0.11	CHH
2	7634883	7634997	0	156	0.00	CG
2	7634883	7634997	0	71	0.00	CHG
2	7634883	7634997	1	161	0.62	CHH
2	9263789	9264764	573	20	96.63	CG
2	9263789	9264764	342	105	76.51	CHG
2	9263789	9264764	21	922	2.23	CHH
2	10881944	10882136	0	33	0.00	CG
2	10881944	10882136	0	42	0.00	CHG
2	10881944	10882136	0	208	0.00	CHH
2	11520851	11521291	97	33	74.62	CG
2	11520851	11521291	30	29	50.85	CHG
2	11520851	11521291	105	391	21.17	CHH
2	11599189	11600489	154	308	33.33	CG
2	11599189	11600489	70	328	17.59	CHG
2	11599189	11600489	198	1604	10.99	CHH
2	11939679	11939936	18	0	100.00	CG
2	11939679	11939936	0	90	0.00	CHG
2	11939679	11939936	2	566	0.35	CHH
2	12352060	12352584	820	25	97.04	CG
2	12352060	12352584	605	157	79.40	CHG
2	12352060	12352584	118	1812	6.11	CHH
2	12492889	12493008	1	624	0.16	CG
2	12492889	12493008	2	319	0.62	CHG
2	12492889	12493008	0	386	0.00	CHH
2	12583382	12585233	850	205	80.57	CG
2	12583382	12585233	227	1993	10.23	CHG
2	12583382	12585233	106	5779	1.80	CHH
2	14258242	14258497	128	6	95.52	CG
2	14258242	14258497	84	31	73.04	CHG
2	14258242	14258497	24	476	4.80	CHH
2	14381584	14382260	282	18	94.00	CG
2	14381584	14382260	149	172	46.42	CHG
2	14381584	14382260	61	1666	3.53	CHH
2	14883666	14884152	496	20	96.12	CG
2	14883666	14884152	463	72	86.54	CHG
2	14883666	14884152	138	1603	7.93	CHH
2	15077160	15080035	3540	168	95.47	CG
2	15077160	15080035	2384	826	74.27	CHG
2	15077160	15080035	845	10673	7.34	CHH
2	15300768	15301020	232	15	93.93	CG
2	15300768	15301020	434	155	73.68	CHG
2	15300768	15301020	34	1548	2.15	CHH
2	16462100	16462683	527	116	81.96	CG
2	16462100	16462683	271	582	31.77	CHG
2	16462100	16462683	115	2489	4.42	CHH
2	16469340	16469527	363	35	91.21	CG
2	16469340	16469527	154	138	52.74	CHG
2	16469340	16469527	24	610	3.79	CHH
2	16575455	16575576	38	69	35.51	CG
2	16575455	16575576	7	29	19.44	CHG
2	16575455	16575576	66	280	19.08	CHH
2	16909276	16909402	18	1	94.74	CG
2	16909276	16909402	0	10	0.00	CHG
2	16909276	16909402	47	109	30.13	CHH
2	17470250	17470459	117	3	97.50	CG
2	17470250	17470459	110	17	86.61	CHG
2	17470250	17470459	55	861	6.00	CHH
2	17693456	17694041	450	247	64.56	CG
2	17693456	17694041	120	389	23.58	CHG
2	17693456	17694041	95	1298	6.82	CHH
2	17846367	17846587	1	468	0.21	CG
2	17846367	17846587	0	184	0.00	CHG
2	17846367	17846587	2	635	0.31	CHH
2	18156897	18157229	942	44	95.54	CG
2	18156897	18157229	416	117	78.05	CHG
2	18156897	18157229	118	1305	8.29	CHH
2	19262811	19262974	107	4	96.40	CG
2	19262811	19262974	2	70	2.78	CHG
2	19262811	19262974	4	673	0.59	CHH
2	19369504	19369623	396	11	97.30	CG
2	19369504	19369623	196	53	78.71	CHG
2	19369504	19369623	46	434	9.58	CHH
2	19649757	19649896	1	341	0.29	CG
2	19649757	19649896	0	163	0.00	CHG
2	19649757	19649896	1	288	0.35	CHH
2	20077988	20078291	234	36	86.67	CG
2	20077988	20078291	97	73	57.06	CHG
2	20077988	20078291	156	731	17.59	CHH
2	22210158	22210334	58	206	21.97	CG
2	22210158	22210334	9	80	10.11	CHG
2	22210158	22210334	39	635	5.79	CHH
2	22275294	22275439	0	27	0.00	CG
2	22275294	22275439	1	106	0.93	CHG
2	22275294	22275439	0	449	0.00	CHH
2	22587752	22588156	267	19	93.36	CG
2	22587752	22588156	118	151	43.87	CHG
2	22587752	22588156	132	968	12.00	CHH
2	22836225	22836730	1	438	0.23	CG
2	22836225	22836730	0	494	0.00	CHG
2	22836225	22836730	8	1601	0.50	CHH
2	22982677	22982914	0	37	0.00	CG
2	22982677	22982914	1	329	0.30	CHG
2	22982677	22982914	3	1096	0.27	CHH
2	23033077	23033411	47	165	22.17	CG
2	23033077	23033411	53	421	11.18	CHG
2	23033077	23033411	95	906	9.49	CHH
2	23394395	23395510	1043	277	79.02	CG
2	23394395	23395510	251	1425	14.98	CHG
2	23394395	23395510	64	4493	1.40	CHH
2	23471507	23472492	117	5	95.90	CG
2	23471507	23472492	177	39	81.94	CHG
2	23471507	23472492	84	854	8.96	CHH
2	24044095	24044460	353	13	96.45	CG
2	24044095	24044460	190	42	81.90	CHG
2	24044095	24044460	140	533	20.80	CHH
2	24717341	24717558	0	47	0.00	CG
2	24717341	24717558	0	124	0.00	CHG
2	24717341	24717558	1	429	0.23	CHH
2	25574998	25576239	680	40	94.44	CG
2	25574998	25576239	825	255	76.39	CHG
2	25574998	25576239	753	3763	16.67	CHH
2	25830725	25831459	4	1113	0.36	CG
2	25830725	25831459	6	917	0.65	CHG
2	25830725	25831459	5	2149	0.23	CHH
2	25835047	25835296	0	273	0.00	CG
2	25835047	25835296	0	185	0.00	CHG
2	25835047	25835296	1	381	0.26	CHH
2	26548831	26549237	324	81	80.00	CG
2	26548831	26549237	32	67	32.32	CHG
2	26548831	26549237	375	601	38.42	CHH
2	26659388	26659535	11	0	100.00	CG
2	26659388	26659535	22	127	14.77	CHH
2	26689413	26692203	201	7451	2.63	CG
2	26689413	26692203	96	4319	2.17	CHG
2	26689413	26692203	695	9565	6.77	CHH
2	28199306	28199617	420	19	95.67	CG
2	28199306	28199617	516	115	81.77	CHG
2	28199306	28199617	106	1299	7.54	CHH
2	29852698	29852922	9	221	3.91	CG
2	29852698	29852922	7	337	2.03	CHG
2	29852698	29852922	23	759	2.94	CHH
2	30157272	30157610	222	55	80.14	CG
2	30157272	30157610	65	126	34.03	CHG
2	30157272	30157610	226	613	26.94	CHH
2	30823979	30824112	4	180	2.17	CG
2	30823979	30824112	6	232	2.52	CHG
2	30823979	30824112	34	945	3.47	CHH
2	30983625	30984901	12	2195	0.54	CG
2	30983625	30984901	24	3550	0.67	CHG
2	30983625	30984901	37	6601	0.56	CHH
2	31445301	31445449	3	28	9.68	CG
2	31445301	31445449	1	169	0.59	CHG
2	31445301	31445449	2	598	0.33	CHH
2	31855152	31855271	70	2	97.22	CG
2	31855152	31855271	22	17	56.41	CHG
2	31855152	31855271	44	305	12.61	CHH
2	32524707	32526194	985	240	80.41	CG
2	32524707	32526194	223	750	22.92	CHG
2	32524707	32526194	410	2255	15.38	CHH
2	33158169	33158313	106	2	98.15	CG
2	33158169	33158313	126	28	81.82	CHG
2	33158169	33158313	48	644	6.94	CHH
2	33431516	33431954	44	1	97.78	CG
2	33431516	33431954	1	193	0.52	CHG
2	33431516	33431954	1	1089	0.09	CHH
2	33711999	33712328	14	1	93.33	CG
2	33711999	33712328	1	300	0.33	CHG
2	33711999	33712328	3	859	0.35	CHH
2	33834944	33835662	5	275	1.79	CG
2	33834944	33835662	2	415	0.48	CHG
2	33834944	33835662	7	1899	0.37	CHH
2	33936933	33937065	0	31	0.00	CG
2	33936933	33937065	0	141	0.00	CHG
2	33936933	33937065	2	497	0.40	CHH
2	34687871	34690219	17	5935	0.29	CG
2	34687871	34690219	86	4448	1.90	CHG
2	34687871	34690219	206	8802	2.29	CHH
2	34747509	34747747	13	0	100.00	CG
2	34747509	34747747	7	0	100.00	CHG
2	34747509	34747747	2	8	20.00	CHH
2	34772462	34772598	1	27	3.57	CHG
2	34772462	34772598	1	134	0.74	CHH
2	35300370	35300604	19	1	95.00	CG
2	35300370	35300604	6	150	3.85	CHG
2	35300370	35300604	8	599	1.32	CHH
2	35388799	35389069	0	74	0.00	CG
2	35388799	35389069	0	105	0.00	CHG
2	35388799	35389069	1	276	0.36	CHH
3	480369	480630	605	33	94.83	CG
3	480369	480630	8	639	1.24	CHG
3	480369	480630	13	2328	0.56	CHH
3	615186	620505	2688	3017	47.12	CG
3	615186	620505	948	3747	20.19	CHG
3	615186	620505	2028	14447	12.31	CHH
3	1097994	1098400	1030	48	95.55	CG
3	1097994	1098400	628	189	76.87	CHG
3	1097994	1098400	551	2933	15.82	CHH
3	2922253	2922366	0	34	0.00	CG
3	2922253	2922366	0	56	0.00	CHG
3	2922253	2922366	3	628	0.48	CHH
3	2924923	2926581	298	112	72.68	CG
3	2924923	2926581	30	1230	2.38	CHG
3	2924923	2926581	81	4157	1.91	CHH
3	3101473	3101729	66	714	8.46	CG
3	3101473	3101729	2	484	0.41	CHG
3	3101473	3101729	3	857	0.35	CHH
3	3782983	3787490	173	7351	2.30	CG
3	3782983	3787490	170	5046	3.26	CHG
3	3782983	3787490	292	12167	2.34	CHH
3	4471611	4471796	5	770	0.65	CG
3	4471611	4471796	1	469	0.21	CHG
3	4471611	4471796	2	1114	0.18	CHH
3	4501942	4502163	106	378	21.90	CG
3	4501942	4502163	56	285	16.42	CHG
3	4501942	4502163	371	363	50.54	CHH
3	4735915	4736042	13	32	28.89	CG
3	4735915	4736042	1	49	2.00	CHG
3	4735915	4736042	2	231	0.86	CHH
3	5786527	5786697	48	1	97.96	CG
3	5786527	5786697	3	113	2.59	CHG
3	5786527	5786697	0	606	0.00	CHH
3	5790733	5792052	919	76	92.36	CG
3	5790733	5792052	545	326	62.57	CHG
3	5790733	5792052	490	2574	15.99	CHH
3	5852144	5852325	265	24	91.70	CG
3	5852144	5852325	223	41	84.47	CHG
3	5852144	5852325	377	990	27.58	CHH
3	5861909	5862252	268	34	88.74	CG
3	5861909	5862252	3	776	0.39	CHG
3	5861909	5862252	5	1706	0.29	CHH
3	5863529	5863616	2	93	2.11	CG
3	5863529	5863616	0	150	0.00	CHG
3	5863529	5863616	0	406	0.00	CHH
3	6119207	6119385	2	951	0.21	CG
3	6119207	6119385	1	855	0.12	CHG
3	6119207	6119385	4	923	0.43	CHH
3	6727333	6727471	1	87	1.14	CG
3	6727333	6727471	0	70	0.00	CHG
3	6727333	6727471	2	464	0.43	CHH
3	7815881	7816020	2	1122	0.18	CG
3	7815881	7816020	1	526	0.19	CHG
3	7815881	7816020	1	424	0.24	CHH
3	8124800	8125238	5	929	0.54	CG
3	8124800	8125238	3	494	0.60	CHG
3	8124800	8125238	5	1467	0.34	CHH
3	8292358	8296069	1120	771	59.23	CG
3	8292358	8296069	1045	1914	35.32	CHG
3	8292358	8296069	811	13536	5.65	CHH
3	8918282	8919468	417	2147	16.26	CG
3	8918282	8919468	141	1500	8.59	CHG
3	8918282	8919468	506	4460	10.19	CHH
3	8932042	8933228	260	228	53.28	CG
3	8932042	8933228	85	219	27.96	CHG
3	8932042	8933228	122	1905	6.02	CHH
3	9007060	9007495	417	21	95.21	CG
3	9007060	9007495	182	105	63.41	CHG
3	9007060	9007495	112	656	14.58	CHH
3	9615393	9615681	1	586	0.17	CG
3	9615393	9615681	2	341	0.58	CHG
3	9615393	9615681	3	1079	0.28	CHH
3	9647322	9647514	13	150	7.98	CG
3	9647322	9647514	3	324	0.92	CHG
3	9647322	9647514	5	875	0.57	CHH
3	9661238	9663204	267	1118	19.28	CG
3	9661238	9663204	128	1191	9.70	CHG
3	9661238	9663204	381	4171	8.37	CHH
3	9703524	9703645	0	91	0.00	CG
3	9703524	9703645	1	80	1.23	CHG
3	9703524	9703645	3	775	0.39	CHH
3	9741411	9741728	69	9	88.46	CG
3	9741411	9741728	37	18	67.27	CHG
3	9741411	9741728	52	274	15.95	CHH
3	9772110	9773385	1400	240	85.37	CG
3	9772110	9773385	714	454	61.13	CHG
3	9772110	9773385	754	4546	14.23	CHH
3	9970758	9972750	155	3880	3.84	CG
3	9970758	9972750	85	3205	2.58	CHG
3	9970758	9972750	146	5837	2.44	CHH
3	11318102	11319164	122	160	43.26	CG
3	11318102	11319164	90	334	21.23	CHG
3	11318102	11319164	72	1766	3.92	CHH
3	11624874	11625180	34	1	97.14	CG
3	11624874	11625180	3	234	1.27	CHG
3	11624874	11625180	3	672	0.44	CHH
3	11762654	11762757	0	32	0.00	CG
3	11762654	11762757	0	16	0.00	CHG
3	11762654	11762757	0	173	0.00	CHH
3	12013674	12014450	504	23	95.64	CG
3	12013674	12014450	1065	160	86.94	CHG
3	12013674	12014450	379	5094	6.92	CHH
3	13326106	13326294	0	113	0.00	CG
3	13326106	13326294	1	226	0.44	CHG
3	13326106	13326294	0	410	0.00	CHH
3	14484188	14484405	13	0	100.00	CG
3	14484188	14484405	71	9	88.75	CHG
3	14484188	14484405	4	299	1.32	CHH
3	14495901	14496241	7	2299	0.30	CG
3	14495901	14496241	3	1004	0.30	CHG
3	14495901	14496241	2	2370	0.08	CHH
3	14633392	14633990	268	11	96.06	CG
3	14633392	14633990	100	18	84.75	CHG
3	14633392	14633990	67	1511	4.25	CHH
3	14886695	14886945	20	81	19.80	CG
3	14886695	14886945	86	62	58.11	CHG
3	14886695	14886945	600	442	57.58	CHH
3	15238637	15238822	182	6	96.81	CG
3	15238637	15238822	210	83	71.67	CHG
3	15238637	15238822	84	1302	6.06	CHH
3	15348429	15348696	331	16	95.39	CG
3	15348429	15348696	306	175	63.62	CHG
3	15348429	15348696	75	2244	3.23	CHH
3	15968990	15969281	5	738	0.67	CG
3	15968990	15969281	1	551	0.18	CHG
3	15968990	15969281	1	1065	0.09	CHH
3	16545195	16545366	74	2	97.37	CG
3	16545195	16545366	65	13	83.33	CHG
3	16545195	16545366	14	403	3.36	CHH
3	16691128	16691290	31	3	91.18	CG
3	16691128	16691290	10	23	30.30	CHG
3	16691128	16691290	55	159	25.70	CHH
3	18086982	18087169	0	112	0.00	CG
3	18086982	18087169	0	137	0.00	CHG
3	18086982	18087169	1	555	0.18	CHH
3	18671229	18673244	646	644	50.08	CG
3	18671229	18673244	280	1195	18.98	CHG
3	18671229	18673244	501	4865	9.34	CHH
3	19066610	19066885	303	12	96.19	CG
3	19066610	19066885	66	57	53.66	CHG
3	19066610	19066885	72	263	21.49	CHH
3	19477758	19477853	116	6	95.08	CG
3	19477758	19477853	55	113	32.74	CHG
3	19477758	19477853	23	528	4.17	CHH
3	20211561	20212451	932	41	95.79	CG
3	20211561	20212451	702	188	78.88	CHG
3	20211561	20212451	341	3388	9.14	CHH
3	20300032	20301332	1256	82	93.87	CG
3	20300032	20301332	1842	345	84.22	CHG
3	20300032	20301332	365	7161	4.85	CHH
3	20506153	20506547	378	9	97.67	CG
3	20506153	20506547	278	104	72.77	CHG
3	20506153	20506547	91	1693	5.10	CHH
3	20529596	20530676	356	2494	12.49	CG
3	20529596	20530676	41	1242	3.20	CHG
3	20529596	20530676	62	1661	3.60	CHH
3	20609274	20609784	179	5	97.28	CG
3	20609274	20609784	138	32	81.18	CHG
3	20609274	20609784	92	866	9.60	CHH
3	21045714	21046037	183	15	92.42	CG
3	21045714	21046037	92	35	72.44	CHG
3	21045714	21046037	45	877	4.88	CHH
3	21053301	21054404	50	89	35.97	CG
3	21053301	21054404	6	357	1.65	CHG
3	21053301	21054404	22	2112	1.03	CHH
3	21477968	21478334	74	156	32.17	CG
3	21477968	21478334	45	111	28.85	CHG
3	21477968	21478334	175	682	20.42	CHH
3	21805912	21806253	665	36	94.86	CG
3	21805912	21806253	83	140	37.22	CHG
3	21805912	21806253	152	803	15.92	CHH
3	22443304	22443897	5	1688	0.30	CG
3	22443304	22443897	3	989	0.30	CHG
3	22443304	22443897	5	1875	0.27	CHH
3	22930322	22932315	127	1561	7.52	CG
3	22930322	22932315	4	1441	0.28	CHG
3	22930322	22932315	18	4734	0.38	CHH
3	22977964	22978503	83	35	70.34	CG
3	22977964	22978503	79	130	37.80	CHG
3	22977964	22978503	193	499	27.89	CHH
3	23158824	23162446	581	3502	14.23	CG
3	23158824	23162446	123	2126	5.47	CHG
3	23158824	23162446	386	7136	5.13	CHH
3	23440227	23440314	0	28	0.00	CHG
3	23440227	23440314	0	160	0.00	CHH
3	23502337	23503127	144	52	73.47	CG
3	23502337	23503127	25	121	17.12	CHG
3	23502337	23503127	448	1449	23.62	CHH
3	24402381	24402506	2	804	0.25	CG
3	24402381	24402506	1	249	0.40	CHG
3	24402381	24402506	0	317	0.00	CHH
3	24697252	24697403	7	22	24.14	CG
3	24697252	24697403	3	53	5.36	CHG
3	24697252	24697403	6	218	2.68	CHH
3	25124576	25125712	487	189	72.04	CG
3	25124576	25125712	291	257	53.10	CHG
3	25124576	25125712	1745	1774	49.59	CHH
3	25238096	25238349	73	6	92.41	CG
3	25238096	25238349	1	161	0.62	CHG
3	25238096	25238349	1	578	0.17	CHH
3	26463242	26463534	20	264	7.04	CG
3	26463242	26463534	6	244	2.40	CHG
3	26463242	26463534	22	530	3.99	CHH
3	28036385	28036532	2	182	1.09	CG
3	28036385	28036532	1	150	0.66	CHG
3	28036385	28036532	4	426	0.93	CHH
3	28421210	28421588	2	198	1.00	CG
3	28421210	28421588	1	367	0.27	CHG
3	28421210	28421588	4	1162	0.34	CHH
3	28828352	28828674	65	21	75.58	CG
3	28828352	28828674	0	17	0.00	CHG
3	28828352	28828674	393	516	43.23	CHH
3	28883667	28884002	16	9	64.00	CG
3	28883667	28884002	12	44	21.43	CHG
3	28883667	28884002	20	383	4.96	CHH
3	28999678	28999814	12	11	52.17	CG
3	28999678	28999814	11	12	47.83	CHG
3	28999678	28999814	18	128	12.33	CHH
3	29036320	29036527	444	14	96.94	CG
3	29036320	29036527	49	81	37.69	CHG
3	29036320	29036527	101	202	33.33	CHH
3	29048284	29048488	322	18	94.71	CG
3	29048284	29048488	214	55	79.55	CHG
3	29048284	29048488	55	283	16.27	CHH
3	29804060	29804313	0	85	0.00	CG
3	29804060	29804313	0	185	0.00	CHG
3	29804060	29804313	1	550	0.18	CHH
3	31242980	31243426	332	30	91.71	CG
3	31242980	31243426	151	74	67.11	CHG
3	31242980	31243426	30	399	6.99	CHH
3	31550060	31550292	3	313	0.95	CG
3	31550060	31550292	6	123	4.65	CHG
3	31550060	31550292	20	605	3.20	CHH
3	32992420	32993458	123	169	42.12	CG
3	32992420	32993458	33	224	12.84	CHG
3	32992420	32993458	96	1445	6.23	CHH
3	33907932	33908490	1	45	2.17	CG
3	33907932	33908490	1	345	0.29	CHG
3	33907932	33908490	2	1203	0.17	CHH
3	34241449	34241654	0	142	0.00	CG
3	34241449	34241654	1	354	0.28	CHG
3	34241449	34241654	2	705	0.28	CHH
3	34254363	34255907	149	1255	10.61	CG
3	34254363	34255907	31	1998	1.53	CHG
3	34254363	34255907	341	3943	7.96	CHH
3	34833000	34833309	479	17	96.57	CG
3	34833000	34833309	219	109	66.77	CHG
3	34833000	34833309	136	600	18.48	CHH
3	35110086	35110256	10	2	83.33	CG
3	35110086	35110256	0	35	0.00	CHG
3	35110086	35110256	1	267	0.37	CHH
3	35180241	35180554	107	12	89.92	CG
3	35180241	35180554	4	361	1.10	CHG
3	35180241	35180554	3	1220	0.25	CHH
3	35917041	35917731	447	331	57.46	CG
3	35917041	35917731	130	489	21.00	CHG
3	35917041	35917731	423	1966	17.71	CHH
3	36048993	36049255	5	91	5.21	CG
3	36048993	36049255	2	161	1.23	CHG
3	36048993	36049255	14	505	2.70	CHH
3	36390761	36392058	23	3097	0.74	CG
3	36390761	36392058	6	2072	0.29	CHG
3	36390761	36392058	16	3938	0.40	CHH
4	2128481	2128855	72	45	61.54	CG
4	2128481	2128855	19	63	23.17	CHG
4	2128481	2128855	162	455	26.26	CHH
4	2540394	2540485	179	27	86.89	CG
4	2540394	2540485	132	79	62.56	CHG
4	2540394	2540485	13	710	1.80	CHH
4	3036997	3037085	41	0	100.00	CG
4	3036997	3037085	5	23	17.86	CHG
4	3036997	3037085	11	41	21.15	CHH
4	4049820	4050064	174	12	93.55	CG
4	4049820	4050064	112	69	61.88	CHG
4	4049820	4050064	35	670	4.96	CHH
4	4695559	4695777	73	3	96.05	CG
4	4695559	4695777	23	23	50.00	CHG
4	4695559	4695777	17	117	12.69	CHH
4	5205473	5206792	2138	102	95.45	CG
4	5205473	5206792	1206	464	72.22	CHG
4	5205473	5206792	370	6454	5.42	CHH
4	5370300	5370990	387	14	96.51	CG
4	5370300	5370990	213	80	72.70	CHG
4	5370300	5370990	37	738	4.77	CHH
4	7250146	7253105	570	7608	6.97	CG
4	7250146	7253105	210	4076	4.90	CHG
4	7250146	7253105	267	10135	2.57	CHH
4	7946934	7947116	291	5	98.31	CG
4	7946934	7947116	164	139	54.13	CHG
4	7946934	7947116	52	980	5.04	CHH
4	7976120	7976768	9	104	7.96	CG
4	7976120	7976768	2	299	0.66	CHG
4	7976120	7976768	1	1025	0.10	CHH
4	7998972	7999131	0	18	0.00	CG
4	7998972	7999131	0	36	0.00	CHG
4	7998972	7999131	3	231	1.28	CHH
4	9504426	9506750	2138	442	82.87	CG
4	9504426	9506750	1855	944	66.27	CHG
4	9504426	9506750	279	10857	2.51	CHH
4	10597218	10597775	1368	44	96.88	CG
4	10597218	10597775	1667	526	76.01	CHG
4	10597218	10597775	152	4502	3.27	CHH
4	11254426	11254603	0	37	0.00	CG
4	11254426	11254603	1	68	1.45	CHG
4	11254426	11254603	1	332	0.30	CHH
4	11479976	11481063	1	213	0.47	CG
4	11479976	11481063	0	374	0.00	CHG
4	11479976	11481063	6	2053	0.29	CHH
4	12511724	12511877	67	3	95.71	CG
4	12511724	12511877	205	80	71.93	CHG
4	12511724	12511877	31	704	4.22	CHH
4	12570254	12573173	3641	167	95.61	CG
4	12570254	12573173	4073	1427	74.05	CHG
4	12570254	12573173	837	19343	4.15	CHH
4	14336636	14336825	126	5	96.18	CG
4	14336636	14336825	94	85	52.51	CHG
4	14336636	14336825	5	277	1.77	CHH
4	15422154	15422563	104	6	94.55	CG
4	15422154	15422563	122	58	67.78	CHG
4	15422154	15422563	266	806	24.81	CHH
4	15927777	15928107	4	316	1.25	CG
4	15927777	15928107	1	316	0.32	CHG
4	15927777	15928107	3	1005	0.30	CHH
4	16377949	16378038	168	5	97.11	CG
4	16377949	16378038	120	47	71.86	CHG
4	16377949	16378038	44	298	12.87	CHH
4	16429861	16430118	92	8	92.00	CG
4	16429861	16430118	155	25	86.11	CHG
4	16429861	16430118	36	634	5.37	CHH
4	16739824	16740091	154	8	95.06	CG
4	16739824	16740091	32	24	57.14	CHG
4	16739824	16740091	9	235	3.69	CHH
4	16870850	16871033	23	1	95.83	CG
4	16870850	16871033	0	5	0.00	CHG
4	16870850	16871033	1	176	0.56	CHH
4	16929303	16929386	1	8	11.11	CG
4	16929303	16929386	0	3	0.00	CHG
4	16929303	16929386	0	77	0.00	CHH
4	18861290	18861421	28	1	96.55	CG
4	18861290	18861421	19	3	86.36	CHG
4	18861290	18861421	230	114	66.86	CHH
4	18879559	18879953	948	63	93.77	CG
4	18879559	18879953	420	344	54.97	CHG
4	18879559	18879953	142	1316	9.74	CHH
4	19594453	19594613	0	43	0.00	CG
4	19594453	19594613	2	122	1.61	CHG
4	19594453	19594613	16	161	9.04	CHH
4	21836525	21836740	2	241	0.82	CG
4	21836525	21836740	4	436	0.91	CHG
4	21836525	21836740	4	1171	0.34	CHH
4	22149701	22149888	0	203	0.00	CG
4	22149701	22149888	0	78	0.00	CHG
4	22149701	22149888	1	234	0.43	CHH
4	24463582	24463728	0	139	0.00	CG
4	24463582	24463728	0	88	0.00	CHG
4	24463582	24463728	1	499	0.20	CHH
4	24879051	24879296	0	24	0.00	CG
4	24879051	24879296	1	415	0.24	CHG
4	24879051	24879296	2	621	0.32	CHH
4	25700367	25700823	924	61	93.81	CG
4	25700367	25700823	346	213	61.90	CHG
4	25700367	25700823	554	1536	26.51	CHH
4	26025305	26025523	31	2	93.94	CG
4	26025305	26025523	0	104	0.00	CHG
4	26025305	26025523	0	369	0.00	CHH
4	26125746	26125921	116	7	94.31	CG
4	26125746	26125921	92	20	82.14	CHG
4	26125746	26125921	136	815	14.30	CHH
4	28854448	28854672	2	350	0.57	CG
4	28854448	28854672	3	134	2.19	CHG
4	28854448	28854672	6	637	0.93	CHH
4	31600862	31601333	762	42	94.78	CG
4	31600862	31601333	502	418	54.57	CHG
4	31600862	31601333	117	2662	4.21	CHH
4	32665225	32665685	6	1601	0.37	CG
4	32665225	32665685	4	1134	0.35	CHG
4	32665225	32665685	10	2183	0.46	CHH
4	32845260	32845468	119	15	88.81	CG
4	32845260	32845468	0	430	0.00	CHG
4	32845260	32845468	7	1373	0.51	CHH
4	32907649	32907913	190	8	95.96	CG
4	32907649	32907913	233	38	85.98	CHG
4	32907649	32907913	79	997	7.34	CHH
4	32976630	32976775	0	60	0.00	CG
4	32976630	32976775	0	70	0.00	CHG
4	32976630	32976775	2	426	0.47	CHH
4	33538001	33538284	68	1	98.55	CG
4	33538001	33538284	78	28	73.58	CHG
4	33538001	33538284	24	269	8.19	CHH
5	22552	22704	220	30	88.00	CG
5	22552	22704	125	45	73.53	CHG
5	22552	22704	49	696	6.58	CHH
5	167915	169390	183	183	50.00	CG
5	167915	169390	38	161	19.10	CHG
5	167915	169390	151	2192	6.44	CHH
5	802197	802307	0	51	0.00	CG
5	802197	802307	0	88	0.00	CHG
5	802197	802307	1	446	0.22	CHH
5	1555477	1555743	44	15	74.58	CG
5	1555477	1555743	0	202	0.00	CHG
5	1555477	1555743	4	637	0.62	CHH
5	1623822	1624065	171	6	96.61	CG
5	1623822	1624065	65	43	60.19	CHG
5	1623822	1624065	8	107	6.96	CHH
5	1649481	1650024	603	218	73.45	CG
5	1649481	1650024	223	390	36.38	CHG
5	1649481	1650024	165	1584	9.43	CHH
5	2535968	2537410	143	3615	3.81	CG
5	2535968	2537410	7	2740	0.25	CHG
5	2535968	2537410	30	6973	0.43	CHH
5	3201536	3202094	22	118	15.71	CG
5	3201536	3202094	45	174	20.55	CHG
5	3201536	3202094	188	1107	14.52	CHH
5	3642042	3642277	364	26	93.33	CG
5	3642042	3642277	65	99	39.63	CHG
5	3642042	3642277	120	768	13.51	CHH
5	4042346	4043559	357	17	95.45	CG
5	4042346	4043559	196	90	68.53	CHG
5	4042346	4043559	57	980	5.50	CHH
5	5042999	5043643	23	1	95.83	CG
5	5042999	5043643	10	2	83.33	CHG
5	5042999	5043643	7	113	5.83	CHH
5	6697788	6698020	88	7	92.63	CG
5	6697788	6698020	5	145	3.33	CHG
5	6697788	6698020	18	725	2.42	CHH
5	8888812	8888977	94	5	94.95	CG
5	8888812	8888977	237	60	79.80	CHG
5	8888812	8888977	30	782	3.69	CHH
5	9364313	9364413	326	19	94.49	CG
5	9364313	9364413	163	115	58.63	CHG
5	9364313	9364413	14	356	3.78	CHH
5	12809268	12809477	219	20	91.63	CG
5	12809268	12809477	79	50	61.24	CHG
5	12809268	12809477	57	220	20.58	CHH
5	13857407	13857542	352	23	93.87	CG
5	13857407	13857542	72	45	61.54	CHG
5	13857407	13857542	12	423	2.76	CHH
5	14246535	14246708	1	42	2.33	CG
5	14246535	14246708	0	19	0.00	CHG
5	14246535	14246708	0	409	0.00	CHH
5	15249273	15249609	431	28	93.90	CG
5	15249273	15249609	244	124	66.30	CHG
5	15249273	15249609	96	1466	6.15	CHH
5	15263881	15264136	266	12	95.68	CG
5	15263881	15264136	108	66	62.07	CHG
5	15263881	15264136	39	309	11.21	CHH
5	15295856	15296058	127	12	91.37	CG
5	15295856	15296058	47	28	62.67	CHG
5	15295856	15296058	11	193	5.39	CHH
5	15380224	15380482	5	0	100.00	CG
5	15380224	15380482	9	1	90.00	CHG
5	15380224	15380482	0	11	0.00	CHH
5	16141049	16142222	1523	60	96.21	CG
5	16141049	16142222	1054	187	84.93	CHG
5	16141049	16142222	416	5104	7.54	CHH
5	16604726	16607053	1670	86	95.10	CG
5	16604726	16607053	1086	419	72.16	CHG
5	16604726	16607053	644	6812	8.64	CHH
5	16695358	16697204	606	659	47.91	CG
5	16695358	16697204	602	545	52.48	CHG
5	16695358	16697204	605	3478	14.82	CHH
5	17145149	17145240	0	8	0.00	CG
5	17145149	17145240	0	83	0.00	CHH
5	17275880	17277194	255	767	24.95	CG
5	17275880	17277194	34	916	3.58	CHG
5	17275880	17277194	161	3142	4.87	CHH
5	18555974	18556911	1112	217	83.67	CG
5	18555974	18556911	357	498	41.75	CHG
5	18555974	18556911	53	3295	1.58	CHH
5	18614365	18615227	704	15	97.91	CG
5	18614365	18615227	390	118	76.77	CHG
5	18614365	18615227	509	1372	27.06	CHH
5	19082868	19087589	844	1672	33.55	CG
5	19082868	19087589	57	4341	1.30	CHG
5	19082868	19087589	376	12686	2.88	CHH
5	19475239	19475452	0	200	0.00	CG
5	19475239	19475452	2	285	0.70	CHG
5	19475239	19475452	11	851	1.28	CHH
5	19550564	19550779	14	10	58.33	CHG
5	19550564	19550779	27	239	10.15	CHH
5	19686229	19688559	479	2303	17.22	CG
5	19686229	19688559	268	1360	16.46	CHG
5	19686229	19688559	457	6069	7.00	CHH
5	20197683	20197907	2	1210	0.17	CG
5	20197683	20197907	4	710	0.56	CHG
5	20197683	20197907	1	1292	0.08	CHH
5	20639725	20640817	380	37	91.13	CG
5	20639725	20640817	87	878	9.02	CHG
5	20639725	20640817	61	2823	2.12	CHH
5	21196473	21196736	82	7	92.13	CG
5	21196473	21196736	168	30	84.85	CHG
5	21196473	21196736	143	862	14.23	CHH
5	21222554	21222810	34	12	73.91	CHG
5	21222554	21222810	16	391	3.93	CHH
5	21231311	21231463	0	323	0.00	CG
5	21231311	21231463	1	276	0.36	CHG
5	21231311	21231463	1	322	0.31	CHH
5	21771662	21772418	430	56	88.48	CG
5	21771662	21772418	393	179	68.71	CHG
5	21771662	21772418	118	1355	8.01	CHH
5	22632027	22632224	2	453	0.44	CG
5	22632027	22632224	1	393	0.25	CHG
5	22632027	22632224	2	708	0.28	CHH
5	23446330	23446424	5	0	100.00	CG
5	23446330	23446424	5	16	23.81	CHH
5	23498602	23498699	80	10	88.89	CG
5	23498602	23498699	38	0	100.00	CHG
5	23498602	23498699	546	182	75.00	CHH
5	23589096	23589233	0	125	0.00	CHG
5	23589096	23589233	4	613	0.65	CHH
5	23597717	23597952	0	30	0.00	CG
5	23597717	23597952	0	74	0.00	CHG
5	23597717	23597952	0	434	0.00	CHH
5	23799970	23800819	6	1623	0.37	CG
5	23799970	23800819	1	1239	0.08	CHG
5	23799970	23800819	4	2780	0.14	CHH
5	24767463	24767619	0	640	0.00	CG
5	24767463	24767619	0	202	0.00	CHG
5	24767463	24767619	5	806	0.62	CHH
5	24958493	24960927	200	518	27.86	CG
5	24958493	24960927	22	1034	2.08	CHG
5	24958493	24960927	54	4543	1.17	CHH
5	25117789	25118255	8	1616	0.49	CG
5	25117789	25118255	1	506	0.20	CHG
5	25117789	25118255	6	1151	0.52	CHH
5	25683760	25686062	408	5995	6.37	CG
5	25683760	25686062	233	4427	5.00	CHG
5	25683760	25686062	886	6200	12.50	CHH
5	25916431	25917101	643	57	91.86	CG
5	25916431	25917101	411	189	68.50	CHG
5	25916431	25917101	526	2471	17.55	CHH
5	26920490	26922938	7	1488	0.47	CG
5	26920490	26922938	10	2837	0.35	CHG
5	26920490	26922938	15	6578	0.23	CHH
5	27294148	27294484	2	407	0.49	CG
5	27294148	27294484	1	314	0.32	CHG
5	27294148	27294484	9	1017	0.88	CHH
5	27692643	27692794	0	345	0.00	CG
5	27692643	27692794	1	304	0.33	CHG
5	27692643	27692794	3	754	0.40	CHH
5	28353397	28355104	274	191	58.92	CG
5	28353397	28355104	17	772	2.15	CHG
5	28353397	28355104	72	3066	2.29	CHH
5	28438764	28438936	73	1	98.65	CG
5	28438764	28438936	90	11	89.11	CHG
5	28438764	28438936	31	300	9.37	CHH
5	29278792	29278999	75	4	94.94	CG
5	29278792	29278999	79	5	94.05	CHG
5	29278792	29278999	16	296	5.13	CHH
5	29368004	29368261	178	3	98.34	CG
5	29368004	29368261	438	19	95.84	CHG
5	29368004	29368261	190	2048	8.49	CHH
5	29393677	29395023	187	7	96.39	CG
5	29393677	29395023	195	39	83.33	CHG
5	29393677	29395023	46	553	7.68	CHH
5	29485227	29485510	96	213	31.07	CG
5	29485227	29485510	11	346	3.08	CHG
5	29485227	29485510	24	1264	1.86	CHH
6	247291	247913	2	688	0.29	CG
6	247291	247913	2	400	0.50	CHG
6	247291	247913	2	656	0.30	CHH
6	368015	368245	0	216	0.00	CG
6	368015	368245	0	249	0.00	CHG
6	368015	368245	0	835	0.00	CHH
6	521167	522087	65	289	18.36	CG
6	521167	522087	5	269	1.82	CHG
6	521167	522087	158	1162	11.97	CHH
6	813527	813697	77	8	90.59	CG
6	813527	813697	2	252	0.79	CHG
6	813527	813697	4	1321	0.30	CHH
6	958185	960061	1457	984	59.69	CG
6	958185	960061	436	869	33.41	CHG
6	958185	960061	461	3896	10.58	CHH
6	1267865	1268035	346	26	93.01	CG
6	1267865	1268035	177	93	65.56	CHG
6	1267865	1268035	33	528	5.88	CHH
6	2300838	2300945	1	87	1.14	CG
6	2300838	2300945	3	143	2.05	CHG
6	2300838	2300945	12	440	2.65	CHH
6	3639180	3639309	2	186	1.06	CG
6	3639180	3639309	0	197	0.00	CHG
6	3639180	3639309	3	647	0.46	CHH
6	3944739	3945664	119	165	41.90	CG
6	3944739	3945664	156	225	40.94	CHG
6	3944739	3945664	180	1727	9.44	CHH
6	4300749	4300941	344	15	95.82	CG
6	4300749	4300941	115	168	40.64	CHG
6	4300749	4300941	91	1181	7.15	CHH
6	4553472	4553595	89	2	97.80	CG
6	4553472	4553595	17	16	51.52	CHG
6	4553472	4553595	20	94	17.54	CHH
6	4806070	4806315	3	387	0.77	CG
6	4806070	4806315	3	172	1.71	CHG
6	4806070	4806315	2	569	0.35	CHH
6	5243918	5246329	217	2637	7.60	CG
6	5243918	5246329	14	4510	0.31	CHG
6	5243918	5246329	45	10700	0.42	CHH
6	5335954	5337126	606	405	59.94	CG
6	5335954	5337126	268	466	36.51	CHG
6	5335954	5337126	703	2276	23.60	CHH
6	6556692	6557000	5	924	0.54	CG
6	6556692	6557000	1	429	0.23	CHG
6	6556692	6557000	1	1052	0.09	CHH
6	7262284	7262394	0	93	0.00	CHG
6	7262284	7262394	0	321	0.00	CHH
6	7296360	7297580	231	6	97.47	CG
6	7296360	7297580	167	48	77.67	CHG
6	7296360	7297580	48	531	8.29	CHH
6	7450229	7452500	1657	130	92.73	CG
6	7450229	7452500	1047	515	67.03	CHG
6	7450229	7452500	620	5159	10.73	CHH
6	8010667	8010997	501	11	97.85	CG
6	8010667	8010997	230	273	45.73	CHG
6	8010667	8010997	96	1242	7.17	CHH
6	8383109	8385458	548	5023	9.84	CG
6	8383109	8385458	226	2108	9.68	CHG
6	8383109	8385458	283	6332	4.28	CHH
6	8415805	8416695	1197	112	91.44	CG
6	8415805	8416695	935	400	70.04	CHG
6	8415805	8416695	290	4670	5.85	CHH
6	8434419	8434622	111	2	98.23	CG
6	8434419	8434622	130	59	68.78	CHG
6	8434419	8434622	61	298	16.99	CHH
6	9748876	9749062	82	323	20.25	CG
6	9748876	9749062	3	92	3.16	CHG
6	9748876	9749062	7	563	1.23	CHH
6	9753551	9753693	13	0	100.00	CG
6	9753551	9753693	17	7	70.83	CHG
6	9753551	9753693	3	93	3.12	CHH
6	10075237	10075575	377	27	93.32	CG
6	10075237	10075575	603	192	75.85	CHG
6	10075237	10075575	107	1731	5.82	CHH
6	10093461	10093858	281	37	88.36	CG
6	10093461	10093858	90	126	41.67	CHG
6	10093461	10093858	67	1178	5.38	CHH
6	10113029	10113177	204	4	98.08	CG
6	10113029	10113177	93	43	68.38	CHG
6	10113029	10113177	376	575	39.54	CHH
6	10217891	10218933	1059	43	96.10	CG
6	10217891	10218933	1393	222	86.25	CHG
6	10217891	10218933	194	4515	4.12	CHH
6	11173234	11173456	10	15	40.00	CG
6	11173234	11173456	173	177	49.43	CHH
6	11608473	11613132	2928	609	82.78	CG
6	11608473	11613132	2126	1674	55.95	CHG
6	11608473	11613132	1786	11845	13.10	CHH
6	11851633	11851862	113	2	98.26	CG
6	11851633	11851862	213	65	76.62	CHG
6	11851633	11851862	24	671	3.45	CHH
6	14122214	14122520	571	20	96.62	CG
6	14122214	14122520	576	168	77.42	CHG
6	14122214	14122520	265	1796	12.86	CHH
6	14227883	14228030	82	4	95.35	CG
6	14227883	14228030	42	19	68.85	CHG
6	14227883	14228030	24	328	6.82	CHH
6	14470606	14472078	1569	61	96.26	CG
6	14470606	14472078	1710	242	87.60	CHG
6	14470606	14472078	755	4871	13.42	CHH
6	14807254	14809068	1584	671	70.24	CG
6	14807254	14809068	1183	1190	49.85	CHG
6	14807254	14809068	2243	6228	26.48	CHH
6	14821713	14821802	101	0	100.00	CG
6	14821713	14821802	199	18	91.71	CHG
6	14821713	14821802	27	458	5.57	CHH
6	14830897	14831902	1264	45	96.56	CG
6	14830897	14831902	1932	409	82.53	CHG
6	14830897	14831902	210	7660	2.67	CHH
6	14905971	14906794	1443	45	96.98	CG
6	14905971	14906794	1532	130	92.18	CHG
6	14905971	14906794	517	3504	12.86	CHH
6	15103747	15105627	1491	99	93.77	CG
6	15103747	15105627	1270	330	79.38	CHG
6	15103747	15105627	447	9295	4.59	CHH
6	15441362	15441506	1303	106	92.48	CG
6	15441362	15441506	133	102	56.60	CHG
6	15441362	15441506	102	2017	4.81	CHH
6	15563454	15563591	48	4	92.31	CG
6	15563454	15563591	58	14	80.56	CHG
6	15563454	15563591	12	330	3.51	CHH
6	16686020	16686529	558	22	96.21	CG
6	16686020	16686529	192	129	59.81	CHG
6	16686020	16686529	67	1706	3.78	CHH
6	17158669	17158861	85	23	78.70	CG
6	17158669	17158861	0	96	0.00	CHG
6	17158669	17158861	23	384	5.65	CHH
6	17199198	17199462	48	6	88.89	CG
6	17199198	17199462	4	10	28.57	CHG
6	17199198	17199462	24	402	5.63	CHH
6	17345586	17347256	2484	100	96.13	CG
6	17345586	17347256	1533	568	72.97	CHG
6	17345586	17347256	667	6312	9.56	CHH
6	17660877	17661057	352	11	96.97	CG
6	17660877	17661057	440	101	81.33	CHG
6	17660877	17661057	39	1399	2.71	CHH
6	18643334	18643833	22	0	100.00	CG
6	18643334	18643833	11	2	84.62	CHG
6	18643334	18643833	1	10	9.09	CHH
6	18777954	18779043	645	37	94.57	CG
6	18777954	18779043	344	151	69.49	CHG
6	18777954	18779043	96	3487	2.68	CHH
6	18810122	18813496	2810	332	89.43	CG
6	18810122	18813496	1078	1443	42.76	CHG
6	18810122	18813496	381	8644	4.22	CHH
6	19312818	19314797	2418	1362	63.97	CG
6	19312818	19314797	1009	1432	41.34	CHG
6	19312818	19314797	1452	9177	13.66	CHH
6	20357482	20357681	171	9	95.00	CG
6	20357482	20357681	85	36	70.25	CHG
6	20357482	20357681	26	668	3.75	CHH
6	20439044	20439654	1	247	0.40	CG
6	20439044	20439654	2	634	0.31	CHG
6	20439044	20439654	6	1529	0.39	CHH
6	21127919	21128043	109	13	89.34	CG
6	21127919	21128043	0	10	0.00	CHG
6	21127919	21128043	11	272	3.89	CHH
6	21587628	21587841	133	6	95.68	CG
6	21587628	21587841	68	13	83.95	CHG
6	21587628	21587841	81	559	12.66	CHH
6	22156671	22156886	1	540	0.18	CG
6	22156671	22156886	0	439	0.00	CHG
6	22156671	22156886	4	1613	0.25	CHH
6	22194216	22196915	1576	580	73.10	CG
6	22194216	22196915	311	2041	13.22	CHG
6	22194216	22196915	169	8772	1.89	CHH
6	22609287	22612484	1967	1437	57.78	CG
6	22609287	22612484	1119	1695	39.77	CHG
6	22609287	22612484	2420	7177	25.22	CHH
6	22611980	22612934	471	1182	28.49	CG
6	22611980	22612934	434	1006	30.14	CHG
6	22611980	22612934	1504	3605	29.44	CHH
6	23257492	23257741	312	13	96.00	CG
6	23257492	23257741	98	54	64.47	CHG
6	23257492	23257741	40	305	11.59	CHH
6	23764410	23764702	36	4	90.00	CG
6	23764410	23764702	44	1262	3.37	CHH
6	23867262	23869017	70	4367	1.58	CG
6	23867262	23869017	117	2108	5.26	CHG
6	23867262	23869017	157	3847	3.92	CHH
6	24469529	24469704	122	9	93.13	CG
6	24469529	24469704	443	33	93.07	CHG
6	24469529	24469704	69	1171	5.56	CHH
6	26027042	26027922	54	295	15.47	CG
6	26027042	26027922	5	335	1.47	CHG
6	26027042	26027922	16	1632	0.97	CHH
6	27428621	27432072	552	3065	15.26	CG
6	27428621	27432072	130	4961	2.55	CHG
6	27428621	27432072	387	11266	3.32	CHH
6	27581080	27581338	281	7	97.57	CG
6	27581080	27581338	144	43	77.01	CHG
6	27581080	27581338	221	591	27.22	CHH
6	27924772	27924989	37	20	64.91	CG
6	27924772	27924989	5	214	2.28	CHG
6	27924772	27924989	1	430	0.23	CHH
6	28789509	28791244	105	218	32.51	CG
6	28789509	28791244	14	800	1.72	CHG
6	28789509	28791244	45	2555	1.73	CHH
6	28955148	28955268	1	254	0.39	CHG
6	28955148	28955268	1	498	0.20	CHH
6	29172271	29175087	432	430	50.12	CG
6	29172271	29175087	18	2617	0.68	CHG
6	29172271	29175087	35	8790	0.40	CHH
6	30516258	30516520	22	437	4.79	CG
6	30516258	30516520	26	177	12.81	CHG
6	30516258	30516520	404	961	29.60	CHH
6	31188015	31188697	71	5	93.42	CG
6	31188015	31188697	2	396	0.50	CHG
6	31188015	31188697	5	1543	0.32	CHH
6	31222643	31224540	609	24	96.21	CG
6	31222643	31224540	24	1127	2.09	CHG
6	31222643	31224540	83	3939	2.06	CHH
7	411438	411715	203	38	84.23	CG
7	411438	411715	51	361	12.38	CHG
7	411438	411715	38	1021	3.59	CHH
7	993029	993215	0	67	0.00	CG
7	993029	993215	2	125	1.57	CHG
7	993029	993215	3	446	0.67	CHH
7	1846760	1848970	631	391	61.74	CG
7	1846760	1848970	26	2105	1.22	CHG
7	1846760	1848970	83	7332	1.12	CHH
7	2224488	2225213	4	741	0.54	CG
7	2224488	2225213	1	506	0.20	CHG
7	2224488	2225213	6	1398	0.43	CHH
7	2447769	2451203	842	6531	11.42	CG
7	2447769	2451203	277	5128	5.12	CHG
7	2447769	2451203	1029	13735	6.97	CHH
7	2483423	2483554	172	103	62.55	CG
7	2483423	2483554	62	10	86.11	CHG
7	2483423	2483554	296	142	67.58	CHH
7	2618288	2618484	38	2	95.00	CG
7	2618288	2618484	1	15	6.25	CHG
7	2618288	2618484	2	261	0.76	CHH
7	2946799	2949545	269	3123	7.93	CG
7	2946799	2949545	13	3723	0.35	CHG
7	2946799	2949545	29	9233	0.31	CHH
7	3992526	3992733	63	8	88.73	CG
7	3992526	3992733	0	227	0.00	CHG
7	3992526	3992733	1	690	0.14	CHH
7	4299561	4299774	45	56	44.55	CG
7	4299561	4299774	4	60	6.25	CHG
7	4299561	4299774	20	342	5.52	CHH
7	4594741	4595750	5	1599	0.31	CG
7	4594741	4595750	3	2001	0.15	CHG
7	4594741	4595750	23	6512	0.35	CHH
7	4802020	4804153	36	813	4.24	CG
7	4802020	4804153	59	545	9.77	CHG
7	4802020	4804153	149	4168	3.45	CHH
7	5473306	5473520	77	6	92.77	CG
7	5473306	5473520	68	7	90.67	CHG
7	5473306	5473520	27	501	5.11	CHH
7	6327476	6328339	1040	67	93.95	CG
7	6327476	6328339	695	189	78.62	CHG
7	6327476	6328339	167	2634	5.96	CHH
7	6575263	6575711	0	23	0.00	CG
7	6575263	6575711	0	6	0.00	CHG
7	6575263	6575711	2	415	0.48	CHH
7	6605103	6605624	939	37	96.21	CG
7	6605103	6605624	252	556	31.19	CHG
7	6605103	6605624	86	1934	4.26	CHH
7	6829453	6829599	8	33	19.51	CHG
7	6829453	6829599	17	229	6.91	CHH
7	6919655	6920441	1033	123	89.36	CG
7	6919655	6920441	643	573	52.88	CHG
7	6919655	6920441	63	2905	2.12	CHH
7	7348687	7348951	12	0	100.00	CG
7	7348687	7348951	0	68	0.00	CHG
7	7348687	7348951	0	490	0.00	CHH
7	7538627	7540224	409	140	74.50	CG
7	7538627	7540224	150	231	39.37	CHG
7	7538627	7540224	305	2498	10.88	CHH
7	7676619	7677136	355	16	95.69	CG
7	7676619	7677136	274	87	75.90	CHG
7	7676619	7677136	68	1699	3.85	CHH
7	7868604	7868899	833	33	96.19	CG
7	7868604	7868899	454	248	64.67	CHG
7	7868604	7868899	98	1596	5.79	CHH
7	7896981	7897138	51	3	94.44	CG
7	7896981	7897138	346	70	83.17	CHG
7	7896981	7897138	62	1154	5.10	CHH
7	7950410	7951127	114	1201	8.67	CG
7	7950410	7951127	62	636	8.88	CHG
7	7950410	7951127	241	1741	12.16	CHH
7	8994834	8994985	133	7	95.00	CG
7	8994834	8994985	4	182	2.15	CHG
7	8994834	8994985	0	375	0.00	CHH
7	9688947	9691039	405	2670	13.17	CG
7	9688947	9691039	439	1165	27.37	CHG
7	9688947	9691039	255	4168	5.77	CHH
7	10365529	10365796	162	7	95.86	CG
7	10365529	10365796	15	8	65.22	CHG
7	10365529	10365796	10	292	3.31	CHH
7	10449611	10449795	170	7	96.05	CG
7	10449611	10449795	195	21	90.28	CHG
7	10449611	10449795	62	1191	4.95	CHH
7	10549868	10550083	218	13	94.37	CG
7	10549868	10550083	90	144	38.46	CHG
7	10549868	10550083	17	799	2.08	CHH
7	10635123	10635434	281	191	59.53	CG
7	10635123	10635434	367	118	75.67	CHG
7	10635123	10635434	946	836	53.09	CHH
7	10877526	10878054	1252	40	96.90	CG
7	10877526	10878054	292	153	65.62	CHG
7	10877526	10878054	135	1184	10.24	CHH
7	11466967	11467449	895	55	94.21	CG
7	11466967	11467449	538	169	76.10	CHG
7	11466967	11467449	159	2429	6.14	CHH
7	11601703	11602144	84	6	93.33	CG
7	11601703	11602144	74	19	79.57	CHG
7	11601703	11602144	92	756	10.85	CHH
7	11983577	11984979	432	62	87.45	CG
7	11983577	11984979	389	231	62.74	CHG
7	11983577	11984979	142	4228	3.25	CHH
7	12411232	12411465	2	0	100.00	CG
7	12411232	12411465	1	1	50.00	CHG
7	12411232	12411465	0	11	0.00	CHH
7	12792717	12792888	28	0	100.00	CG
7	12792717	12792888	42	5	89.36	CHG
7	12792717	12792888	16	205	7.24	CHH
7	12807464	12807960	419	24	94.58	CG
7	12807464	12807960	646	251	72.02	CHG
7	12807464	12807960	261	3682	6.62	CHH
7	13460211	13460326	266	6	97.79	CG
7	13460211	13460326	28	37	43.08	CHG
7	13460211	13460326	41	119	25.62	CHH
7	15065372	15067232	1456	74	95.16	CG
7	15065372	15067232	1217	451	72.96	CHG
7	15065372	15067232	231	7000	3.19	CHH
7	15194897	15195154	1	18	5.26	CG
7	15194897	15195154	0	24	0.00	CHG
7	15194897	15195154	2	386	0.52	CHH
7	15838174	15840597	407	919	30.69	CG
7	15838174	15840597	99	901	9.90	CHG
7	15838174	15840597	466	4379	9.62	CHH
7	16417756	16417995	36	0	100.00	CG
7	16417756	16417995	20	7	74.07	CHG
7	16417756	16417995	83	321	20.54	CHH
7	17006268	17006989	2285	77	96.74	CG
7	17006268	17006989	792	235	77.12	CHG
7	17006268	17006989	366	4159	8.09	CHH
7	17339592	17339751	1	44	2.22	CG
7	17339592	17339751	2	161	1.23	CHG
7	17339592	17339751	13	443	2.85	CHH
7	17913342	17913726	633	19	97.09	CG
7	17913342	17913726	365	119	75.41	CHG
7	17913342	17913726	265	1791	12.89	CHH
7	18987148	18987233	2	13	13.33	CG
7	18987148	18987233	4	4	50.00	CHG
7	18987148	18987233	0	55	0.00	CHH
7	19215021	19215291	409	24	94.46	CG
7	19215021	19215291	222	59	79.00	CHG
7	19215021	19215291	58	561	9.37	CHH
7	19560035	19560566	801	36	95.70	CG
7	19560035	19560566	419	251	62.54	CHG
7	19560035	19560566	337	1463	18.72	CHH
7	19560091	19560385	598	31	95.07	CG
7	19560091	19560385	324	162	66.67	CHG
7	19560091	19560385	214	991	17.76	CHH
7	19831953	19832039	1	109	0.91	CHG
7	19831953	19832039	2	396	0.50	CHH
7	19834434	19835298	700	73	90.56	CG
7	19834434	19835298	353	185	65.61	CHG
7	19834434	19835298	143	1786	7.41	CHH
7	21131054	21131268	0	52	0.00	CG
7	21131054	21131268	0	113	0.00	CHG
7	21131054	21131268	0	684	0.00	CHH
7	21474944	21475222	48	24	66.67	CG
7	21474944	21475222	0	19	0.00	CHG
7	21474944	21475222	89	359	19.87	CHH
7	21913503	21914249	58	523	9.98	CG
7	21913503	21914249	11	602	1.79	CHG
7	21913503	21914249	226	2135	9.57	CHH
7	22120429	22120613	407	18	95.76	CG
7	22120429	22120613	2	789	0.25	CHG
7	22120429	22120613	6	2156	0.28	CHH
7	22386510	22386982	1	795	0.13	CG
7	22386510	22386982	1	247	0.40	CHG
7	22386510	22386982	0	429	0.00	CHH
7	22569423	22569628	96	31	75.59	CG
7	22569423	22569628	0	266	0.00	CHG
7	22569423	22569628	2	983	0.20	CHH
7	23187122	23187806	2	813	0.25	CG
7	23187122	23187806	10	974	1.02	CHG
7	23187122	23187806	6	3146	0.19	CHH
7	23391649	23391802	91	1	98.91	CG
7	23391649	23391802	4	188	2.08	CHG
7	23391649	23391802	3	487	0.61	CHH
7	24132747	24133053	57	3	95.00	CG
7	24132747	24133053	2	113	1.74	CHG
7	24132747	24133053	1	699	0.14	CHH
7	24196787	24197173	628	33	95.01	CG
7	24196787	24197173	672	40	94.38	CHG
7	24196787	24197173	248	3920	5.95	CHH
7	24296352	24296548	51	11	82.26	CG
7	24296352	24296548	1	214	0.47	CHG
7	24296352	24296548	2	758	0.26	CHH
7	24747117	24747542	711	22	97.00	CG
7	24747117	24747542	289	127	69.47	CHG
7	24747117	24747542	180	636	22.06	CHH
7	25222041	25223348	107	3238	3.20	CG
7	25222041	25223348	146	1689	7.96	CHG
7	25222041	25223348	534	5874	8.33	CHH
7	25256522	25256725	3	228	1.30	CG
7	25256522	25256725	3	148	1.99	CHG
7	25256522	25256725	7	360	1.91	CHH
7	25908465	25908808	2	441	0.45	CG
7	25908465	25908808	0	685	0.00	CHG
7	25908465	25908808	7	1789	0.39	CHH
7	25983000	25983349	95	24	79.83	CG
7	25983000	25983349	1	301	0.33	CHG
7	25983000	25983349	9	805	1.11	CHH
7	26184639	26186023	1223	58	95.47	CG
7	26184639	26186023	680	238	74.07	CHG
7	26184639	26186023	268	1971	11.97	CHH
7	26456564	26456769	0	82	0.00	CG
7	26456564	26456769	0	32	0.00	CHG
7	26456564	26456769	1	297	0.34	CHH
7	27118237	27118566	21	3	87.50	CG
7	27118237	27118566	24	21	53.33	CHG
7	27118237	27118566	62	484	11.36	CHH
7	28429839	28434200	923	371	71.33	CG
7	28429839	28434200	8	3877	0.21	CHG
7	28429839	28434200	44	13363	0.33	CHH
7	28561953	28562576	8	3130	0.25	CG
7	28561953	28562576	8	1564	0.51	CHG
7	28561953	28562576	11	1999	0.55	CHH
7	29086695	29086979	380	20	95.00	CG
7	29086695	29086979	115	49	70.12	CHG
7	29086695	29086979	174	417	29.44	CHH
8	178569	180215	30	1890	1.56	CG
8	178569	180215	87	1201	6.75	CHG
8	178569	180215	231	3848	5.66	CHH
8	236935	237112	218	6	97.32	CG
8	236935	237112	396	34	92.09	CHG
8	236935	237112	181	1142	13.68	CHH
8	451101	451275	0	210	0.00	CG
8	451101	451275	0	90	0.00	CHG
8	451101	451275	2	137	1.44	CHH
8	700792	701075	3	496	0.60	CG
8	700792	701075	1	376	0.27	CHG
8	700792	701075	2	724	0.28	CHH
8	1029191	1029915	119	463	20.45	CG
8	1029191	1029915	71	233	23.36	CHG
8	1029191	1029915	669	1269	34.52	CHH
8	1151684	1151850	174	11	94.05	CG
8	1151684	1151850	234	101	69.85	CHG
8	1151684	1151850	108	1523	6.62	CHH
8	1263064	1263825	6	0	100.00	CG
8	1263064	1263825	15	1	93.75	CHG
8	1263064	1263825	3	48	5.88	CHH
8	1315995	1316283	195	56	77.69	CG
8	1315995	1316283	166	132	55.70	CHG
8	1315995	1316283	224	1065	17.38	CHH
8	1392517	1392770	799	139	85.18	CG
8	1392517	1392770	26	394	6.19	CHG
8	1392517	1392770	31	1793	1.70	CHH
8	1864926	1865852	1192	49	96.05	CG
8	1864926	1865852	213	357	37.37	CHG
8	1864926	1865852	149	4276	3.37	CHH
8	1952801	1953130	4	262	1.50	CG
8	1952801	1953130	1	184	0.54	CHG
8	1952801	1953130	8	1332	0.60	CHH
8	2740500	2740929	318	11	96.66	CG
8	2740500	2740929	245	91	72.92	CHG
8	2740500	2740929	65	1282	4.83	CHH
8	2874093	2874334	237	13	94.80	CG
8	2874093	2874334	100	82	54.95	CHG
8	2874093	2874334	58	1145	4.82	CHH
8	3055231	3055410	5	493	1.00	CHG
8	3055231	3055410	3	1534	0.20	CHH
8	3463082	3465280	265	1104	19.36	CG
8	3463082	3465280	119	1631	6.80	CHG
8	3463082	3465280	693	5577	11.05	CHH
8	4272689	4273002	168	5	97.11	CG
8	4272689	4273002	229	52	81.49	CHG
8	4272689	4273002	40	1880	2.08	CHH
8	4312136	4312445	890	115	88.56	CG
8	4312136	4312445	402	452	47.07	CHG
8	4312136	4312445	199	3302	5.68	CHH
8	4545475	4545770	30	23	56.60	CG
8	4545475	4545770	5	198	2.46	CHG
8	4545475	4545770	13	685	1.86	CHH
8	4853217	4853848	5	2247	0.22	CG
8	4853217	4853848	5	1146	0.43	CHG
8	4853217	4853848	5	2100	0.24	CHH
8	5467560	5467758	3	421	0.71	CG
8	5467560	5467758	2	336	0.59	CHG
8	5467560	5467758	6	1362	0.44	CHH
8	6450044	6451003	1175	65	94.76	CG
8	6450044	6451003	807	209	79.43	CHG
8	6450044	6451003	262	3445	7.07	CHH
8	6675950	6676096	106	4	96.36	CG
8	6675950	6676096	45	14	76.27	CHG
8	6675950	6676096	16	299	5.08	CHH
8	6874782	6875032	355	13	96.47	CG
8	6874782	6875032	99	39	71.74	CHG
8	6874782	6875032	146	1296	10.12	CHH
8	7337780	7340351	812	1014	44.47	CG
8	7337780	7340351	27	2613	1.02	CHG
8	7337780	7340351	157	8522	1.81	CHH
8	7485595	7487184	2138	90	95.96	CG
8	7485595	7487184	2100	399	84.03	CHG
8	7485595	7487184	766	7051	9.80	CHH
8	7660052	7660308	24	4	85.71	CG
8	7660052	7660308	13	41	24.07	CHG
8	7660052	7660308	15	364	3.96	CHH
8	8117875	8118747	117	28	80.69	CG
8	8117875	8118747	5	454	1.09	CHG
8	8117875	8118747	8	2019	0.39	CHH
8	8283116	8289954	2799	2758	50.37	CG
8	8283116	8289954	1399	6146	18.54	CHG
8	8283116	8289954	984	24016	3.94	CHH
8	8625179	8626724	2413	71	97.14	CG
8	8625179	8626724	1630	696	70.08	CHG
8	8625179	8626724	244	3230	7.02	CHH
8	10263592	10264820	350	14	96.15	CG
8	10263592	10264820	4	927	0.43	CHG
8	10263592	10264820	10	3050	0.33	CHH
8	10859005	10859704	307	12	96.24	CG
8	10859005	10859704	323	61	84.11	CHG
8	10859005	10859704	388	3277	10.59	CHH
8	10992041	10993699	928	81	91.97	CG
8	10992041	10993699	454	387	53.98	CHG
8	10992041	10993699	184	3969	4.43	CHH
8	11166235	11167095	33	1	97.06	CG
8	11166235	11167095	120	31	79.47	CHG
8	11166235	11167095	15	518	2.81	CHH
8	12217241	12217417	1	0	100.00	CG
8	12217241	12217417	9	0	100.00	CHG
8	12217241	12217417	0	37	0.00	CHH
8	12220776	12220917	1	8	11.11	CHH
8	12256460	12256704	1	196	0.51	CG
8	12256460	12256704	0	325	0.00	CHG
8	12256460	12256704	1	1055	0.09	CHH
8	12629860	12629996	49	2	96.08	CG
8	12629860	12629996	162	30	84.38	CHG
8	12629860	12629996	26	665	3.76	CHH
8	13407105	13408116	1661	187	89.88	CG
8	13407105	13408116	351	333	51.32	CHG
8	13407105	13408116	103	1921	5.09	CHH
8	13545344	13545711	307	13	95.94	CG
8	13545344	13545711	51	51	50.00	CHG
8	13545344	13545711	80	1372	5.51	CHH
8	13637622	13639004	2154	139	93.94	CG
8	13637622	13639004	1539	742	67.47	CHG
8	13637622	13639004	297	5162	5.44	CHH
8	13952461	13953924	1008	502	66.75	CG
8	13952461	13953924	549	590	48.20	CHG
8	13952461	13953924	645	3811	14.47	CHH
8	14213510	14213752	88	207	29.83	CG
8	14213510	14213752	1	176	0.56	CHG
8	14213510	14213752	63	714	8.11	CHH
8	14298148	14298652	283	12	95.93	CG
8	14298148	14298652	356	67	84.16	CHG
8	14298148	14298652	117	1681	6.51	CHH
8	14597668	14597929	717	38	94.97	CG
8	14597668	14597929	394	113	77.71	CHG
8	14597668	14597929	120	1043	10.32	CHH
8	14657412	14657652	12	0	100.00	CG
8	14657412	14657652	8	4	66.67	CHG
8	14657412	14657652	10	302	3.21	CHH
8	15580207	15580529	111	2	98.23	CG
8	15580207	15580529	168	23	87.96	CHG
8	15580207	15580529	40	722	5.25	CHH
8	15967015	15970249	2738	152	94.74	CG
8	15967015	15970249	1906	830	69.66	CHG
8	15967015	15970249	569	11506	4.71	CHH
8	16012976	16013846	1285	59	95.61	CG
8	16012976	16013846	692	218	76.04	CHG
8	16012976	16013846	685	2436	21.95	CHH
8	16216197	16216404	20	17	54.05	CG
8	16216197	16216404	2	228	0.87	CHH
8	16538923	16541131	438	171	71.92	CG
8	16538923	16541131	12	1158	1.03	CHG
8	16538923	16541131	22	5196	0.42	CHH
8	16974676	16975655	249	219	53.21	CG
8	16974676	16975655	120	312	27.78	CHG
8	16974676	16975655	266	1916	12.19	CHH
8	16994050	16994211	0	133	0.00	CG
8	16994050	16994211	0	110	0.00	CHG
8	16994050	16994211	2	477	0.42	CHH
8	17403203	17403300	228	5	97.85	CG
8	17403203	17403300	121	32	79.08	CHG
8	17403203	17403300	12	310	3.73	CHH
8	17719178	17719322	49	2	96.08	CG
8	17719178	17719322	7	23	23.33	CHG
8	17719178	17719322	14	218	6.03	CHH
8	18550794	18553306	1448	393	78.65	CG
8	18550794	18553306	500	872	36.44	CHG
8	18550794	18553306	767	4267	15.24	CHH
8	20514928	20517189	1644	78	95.47	CG
8	20514928	20517189	443	432	50.63	CHG
8	20514928	20517189	777	11282	6.44	CHH
8	21734995	21740080	8106	416	95.12	CG
8	21734995	21740080	3963	1218	76.49	CHG
8	21734995	21740080	1633	15863	9.33	CHH
8	21758849	21759020	63	11	85.14	CG
8	21758849	21759020	4	256	1.54	CHG
8	21758849	21759020	10	1039	0.95	CHH
8	22561294	22561443	9	20	31.03	CG
8	22561294	22561443	4	25	13.79	CHG
8	22561294	22561443	1	125	0.79	CHH
8	22681154	22681244	153	29	84.07	CHG
8	22681154	22681244	36	761	4.52	CHH
8	22949183	22951590	398	623	38.98	CG
8	22949183	22951590	281	1134	19.86	CHG
8	22949183	22951590	897	5216	14.67	CHH
8	23384652	23384882	0	637	0.00	CG
8	23384652	23384882	0	309	0.00	CHG
8	23384652	23384882	3	645	0.46	CHH
8	23517672	23517817	29	5	85.29	CG
8	23517672	23517817	40	8	83.33	CHG
8	23517672	23517817	29	354	7.57	CHH
8	23675662	23675914	85	10	89.47	CG
8	23675662	23675914	19	14	57.58	CHG
8	23675662	23675914	154	88	63.64	CHH
8	24239866	24240191	70	0	100.00	CG
8	24239866	24240191	4	204	1.92	CHG
8	24239866	24240191	17	809	2.06	CHH
8	24632914	24633182	22	8	73.33	CG
8	24632914	24633182	15	125	10.71	CHG
8	24632914	24633182	17	311	5.18	CHH
8	25281178	25281350	405	18	95.74	CG
8	25281178	25281350	47	33	58.75	CHG
8	25281178	25281350	171	952	15.23	CHH
8	25598370	25598449	1	141	0.70	CHH
8	25696600	25696771	2	345	0.58	CG
8	25696600	25696771	0	236	0.00	CHG
8	25696600	25696771	1	457	0.22	CHH
8	25733898	25741720	4253	2654	61.58	CG
8	25733898	25741720	1793	6944	20.52	CHG
8	25733898	25741720	1516	25452	5.62	CHH
8	26671848	26672550	324	11	96.72	CG
8	26671848	26672550	122	24	83.56	CHG
8	26671848	26672550	55	942	5.52	CHH
8	26851572	26851796	0	217	0.00	CG
8	26851572	26851796	0	122	0.00	CHG
8	26851572	26851796	2	542	0.37	CHH
8	27327904	27330518	391	6611	5.58	CG
8	27327904	27330518	193	4004	4.60	CHG
8	27327904	27330518	269	8047	3.23	CHH
9	899505	900078	1011	69	93.61	CG
9	899505	900078	201	199	50.25	CHG
9	899505	900078	305	3880	7.29	CHH
9	1708905	1710116	2956	141	95.45	CG
9	1708905	1710116	1116	1142	49.42	CHG
9	1708905	1710116	153	6011	2.48	CHH
9	2262231	2262612	503	26	95.09	CG
9	2262231	2262612	664	159	80.68	CHG
9	2262231	2262612	92	2067	4.26	CHH
9	2463009	2464211	2089	141	93.68	CG
9	2463009	2464211	1250	749	62.53	CHG
9	2463009	2464211	680	7679	8.13	CHH
9	2545349	2545704	478	19	96.18	CG
9	2545349	2545704	429	104	80.49	CHG
9	2545349	2545704	94	1375	6.40	CHH
9	2775400	2775730	1361	104	92.90	CG
9	2775400	2775730	214	104	67.30	CHG
9	2775400	2775730	175	3032	5.46	CHH
9	2854868	2855786	1347	97	93.28	CG
9	2854868	2855786	155	198	43.91	CHG
9	2854868	2855786	184	2687	6.41	CHH
9	2911646	2912272	803	57	93.37	CG
9	2911646	2912272	1058	233	81.95	CHG
9	2911646	2912272	210	3146	6.26	CHH
9	3112245	3115702	6461	219	96.72	CG
9	3112245	3115702	2721	747	78.46	CHG
9	3112245	3115702	2016	10727	15.82	CHH
9	3214717	3216020	189	77	71.05	CG
9	3214717	3216020	84	113	42.64	CHG
9	3214717	3216020	40	1687	2.32	CHH
9	3330884	3331520	65	5	92.86	CG
9	3330884	3331520	151	50	75.12	CHG
9	3330884	3331520	13	821	1.56	CHH
9	4522204	4522362	18	0	100.00	CG
9	4522204	4522362	9	1	90.00	CHG
9	4522204	4522362	5	42	10.64	CHH
9	4739227	4745466	1291	881	59.44	CG
9	4739227	4745466	434	1416	23.46	CHG
9	4739227	4745466	655	8546	7.12	CHH
9	6140177	6140335	16	1	94.12	CG
9	6140177	6140335	14	7	66.67	CHG
9	6140177	6140335	2	63	3.08	CHH
9	6631347	6632182	49	122	28.65	CG
9	6631347	6632182	398	423	48.48	CHG
9	6631347	6632182	125	2808	4.26	CHH
9	7230219	7230464	146	12	92.41	CG
9	7230219	7230464	45	27	62.50	CHG
9	7230219	7230464	19	206	8.44	CHH
9	7430897	7432040	83	85	49.40	CG
9	7430897	7432040	0	113	0.00	CHG
9	7430897	7432040	17	1466	1.15	CHH
9	8393668	8393832	191	11	94.55	CG
9	8393668	8393832	61	42	59.22	CHG
9	8393668	8393832	26	243	9.67	CHH
9	9923428	9925180	84	149	36.05	CG
9	9923428	9925180	16	303	5.02	CHG
9	9923428	9925180	521	2570	16.86	CHH
9	10766786	10767301	146	32	82.02	CG
9	10766786	10767301	2	522	0.38	CHG
9	10766786	10767301	6	1701	0.35	CHH
9	12030840	12031218	1	840	0.12	CG
9	12030840	12031218	1	547	0.18	CHG
9	12030840	12031218	2	850	0.23	CHH
9	12595903	12596851	0	380	0.00	CG
9	12595903	12596851	3	714	0.42	CHG
9	12595903	12596851	6	1960	0.31	CHH
9	13404977	13406112	827	32	96.27	CG
9	13404977	13406112	295	218	57.50	CHG
9	13404977	13406112	209	2102	9.04	CHH
9	16489222	16490713	344	643	34.85	CG
9	16489222	16490713	106	800	11.70	CHG
9	16489222	16490713	60	3134	1.88	CHH
9	16577282	16577396	132	8	94.29	CG
9	16577282	16577396	58	18	76.32	CHG
9	16577282	16577396	912	246	78.76	CHH
9	17604144	17604323	74	4	94.87	CG
9	17604144	17604323	0	112	0.00	CHG
9	17604144	17604323	1	468	0.21	CHH
9	19383868	19383934	0	27	0.00	CHG
9	19383868	19383934	0	89	0.00	CHH
9	19469244	19469889	21	206	9.25	CG
9	19469244	19469889	13	489	2.59	CHG
9	19469244	19469889	198	955	17.17	CHH
9	19529704	19533249	1619	2306	41.25	CG
9	19529704	19533249	938	1398	40.15	CHG
9	19529704	19533249	834	9411	8.14	CHH
9	20512179	20515947	1832	1177	60.88	CG
9	20512179	20515947	991	2191	31.14	CHG
9	20512179	20515947	2910	12844	18.47	CHH
9	20811988	20812086	5	714	0.70	CG
9	20811988	20812086	0	98	0.00	CHG
9	20811988	20812086	2	661	0.30	CHH
9	21917576	21917684	0	432	0.00	CG
9	21917576	21917684	1	362	0.28	CHG
9	21917576	21917684	3	534	0.56	CHH
9	22507907	22508014	0	51	0.00	CHG
9	22507907	22508014	1	157	0.63	CHH
9	22587586	22587797	240	9	96.39	CG
9	22587586	22587797	68	58	53.97	CHG
9	22587586	22587797	51	363	12.32	CHH
10	76063	76767	829	50	94.31	CG
10	76063	76767	153	682	18.32	CHG
10	76063	76767	105	2970	3.41	CHH
10	1070598	1072595	723	3121	18.81	CG
10	1070598	1072595	382	2003	16.02	CHG
10	1070598	1072595	579	7548	7.12	CHH
10	1391746	1391999	592	18	97.05	CG
10	1391746	1391999	89	233	27.64	CHG
10	1391746	1391999	12	591	1.99	CHH
10	1614261	1614403	0	26	0.00	CG
10	1614261	1614403	2	171	1.16	CHG
10	1614261	1614403	2	649	0.31	CHH
10	1803629	1804504	275	52	84.10	CG
10	1803629	1804504	282	158	64.09	CHG
10	1803629	1804504	444	1940	18.62	CHH
10	1803768	1804170	234	33	87.64	CG
10	1803768	1804170	121	60	66.85	CHG
10	1803768	1804170	87	697	11.10	CHH
10	1840873	1840994	2	75	2.60	CG
10	1840873	1840994	0	51	0.00	CHG
10	1840873	1840994	3	232	1.28	CHH
10	2764274	2764493	1	194	0.51	CG
10	2764274	2764493	0	527	0.00	CHG
10	2764274	2764493	4	989	0.40	CHH
10	3411205	3411730	144	7	95.36	CG
10	3411205	3411730	5	577	0.86	CHG
10	3411205	3411730	10	1812	0.55	CHH
10	3555583	3556236	925	42	95.66	CG
10	3555583	3556236	193	140	57.96	CHG
10	3555583	3556236	208	926	18.34	CHH
10	4747418	4747782	7	19	26.92	CG
10	4747418	4747782	12	135	8.16	CHG
10	4747418	4747782	5	560	0.88	CHH
10	6032495	6032662	114	6	95.00	CG
10	6032495	6032662	282	36	88.68	CHG
10	6032495	6032662	111	983	10.15	CHH
10	6484932	6485158	27	185	12.74	CG
10	6484932	6485158	1	116	0.85	CHG
10	6484932	6485158	19	515	3.56	CHH
10	6965382	6965620	685	37	94.88	CG
10	6965382	6965620	116	99	53.95	CHG
10	6965382	6965620	24	335	6.69	CHH
10	7289884	7290427	212	11	95.07	CG
10	7289884	7290427	88	22	80.00	CHG
10	7289884	7290427	27	418	6.07	CHH
10	8713513	8713687	132	3	97.78	CG
10	8713513	8713687	143	46	75.66	CHG
10	8713513	8713687	19	548	3.35	CHH
10	8784304	8784496	55	1	98.21	CG
10	8784304	8784496	17	13	56.67	CHG
10	8784304	8784496	8	272	2.86	CHH
10	9339792	9339997	65	2	97.01	CG
10	9339792	9339997	6	6	50.00	CHG
10	9339792	9339997	198	158	55.62	CHH
10	9455216	9455761	485	29	94.36	CG
10	9455216	9455761	404	112	78.29	CHG
10	9455216	9455761	161	2227	6.74	CHH
10	10070366	10073354	2633	100	96.34	CG
10	10070366	10073354	1479	522	73.91	CHG
10	10070366	10073354	759	5282	12.56	CHH
10	10893887	10894383	160	226	41.45	CG
10	10893887	10894383	210	291	41.92	CHG
10	10893887	10894383	71	2719	2.54	CHH
10	10994069	10994203	39	16	70.91	CG
10	10994069	10994203	2	86	2.27	CHG
10	10994069	10994203	0	277	0.00	CHH
10	11956236	11956518	131	15	89.73	CG
10	11956236	11956518	77	32	70.64	CHG
10	11956236	11956518	327	324	50.23	CHH
10	11967788	11968023	22	1	95.65	CG
10	11967788	11968023	20	0	100.00	CHG
10	11967788	11968023	301	257	53.94	CHH
10	12041078	12041429	4	33	10.81	CG
10	12041078	12041429	40	112	26.32	CHG
10	12041078	12041429	129	447	22.40	CHH
10	12398331	12398410	35	15	70.00	CHG
10	12398331	12398410	14	296	4.52	CHH
10	12783731	12784747	334	3582	8.53	CG
10	12783731	12784747	182	1881	8.82	CHG
10	12783731	12784747	506	3942	11.38	CHH
10	13030461	13031711	142	1554	8.37	CG
10	13030461	13031711	106	977	9.79	CHG
10	13030461	13031711	397	2328	14.57	CHH
10	13134013	13134625	179	21	89.50	CG
10	13134013	13134625	29	42	40.85	CHG
10	13134013	13134625	266	925	22.33	CHH
10	14312781	14312940	209	10	95.43	CG
10	14312781	14312940	58	36	61.70	CHG
10	14312781	14312940	60	464	11.45	CHH
10	14415032	14415475	1	224	0.44	CG
10	14415032	14415475	0	202	0.00	CHG
10	14415032	14415475	1	637	0.16	CHH
10	14939572	14939779	1	313	0.32	CG
10	14939572	14939779	0	196	0.00	CHG
10	14939572	14939779	8	1041	0.76	CHH
10	15358024	15358297	38	4	90.48	CHG
10	15358024	15358297	60	813	6.87	CHH
10	15388115	15388379	36	0	100.00	CG
10	15388115	15388379	139	66	67.80	CHG
10	15388115	15388379	36	613	5.55	CHH
10	15623066	15624262	21	1851	1.12	CG
10	15623066	15624262	21	2048	1.01	CHG
10	15623066	15624262	37	3757	0.98	CHH
10	16649407	16649853	7	913	0.76	CG
10	16649407	16649853	14	781	1.76	CHG
10	16649407	16649853	28	1656	1.66	CHH
10	17917117	17917361	5	293	1.68	CG
10	17917117	17917361	2	496	0.40	CHG
10	17917117	17917361	9	1238	0.72	CHH
10	18118300	18118455	157	10	94.01	CG
10	18118300	18118455	94	22	81.03	CHG
10	18118300	18118455	210	650	24.42	CHH
10	18249061	18249336	389	41	90.47	CG
10	18249061	18249336	139	145	48.94	CHG
10	18249061	18249336	54	1092	4.71	CHH
10	18629501	18629720	0	127	0.00	CG
10	18629501	18629720	0	137	0.00	CHG
10	18629501	18629720	1	933	0.11	CHH
10	18709862	18710680	112	1252	8.21	CG
10	18709862	18710680	34	1134	2.91	CHG
10	18709862	18710680	248	2254	9.91	CHH
10	19071669	19072430	5	2118	0.24	CG
10	19071669	19072430	18	1889	0.94	CHG
10	19071669	19072430	28	3037	0.91	CHH
10	19727438	19727659	42	4	91.30	CG
10	19727438	19727659	51	28	64.56	CHG
10	19727438	19727659	595	339	63.70	CHH
10	20621568	20621746	58	9	86.57	CG
10	20621568	20621746	35	33	51.47	CHG
10	20621568	20621746	1	161	0.62	CHH
10	20684185	20684453	182	28	86.67	CG
10	20684185	20684453	4	871	0.46	CHG
10	20684185	20684453	6	2090	0.29	CHH
10	20758072	20758229	35	0	100.00	CG
10	20758072	20758229	0	263	0.00	CHG
10	20758072	20758229	1	696	0.14	CHH
10	20876029	20876473	48	160	23.08	CG
10	20876029	20876473	46	249	15.59	CHG
10	20876029	20876473	171	794	17.72	CHH
10	21433314	21437604	475	2710	14.91	CG
10	21433314	21437604	52	2749	1.86	CHG
10	21433314	21437604	172	9765	1.73	CHH
10	21560604	21561484	83	133	38.43	CG
10	21560604	21561484	3	1217	0.25	CHG
10	21560604	21561484	11	3588	0.31	CHH
10	22597491	22597660	1	516	0.19	CG
10	22597491	22597660	0	320	0.00	CHG
10	22597491	22597660	8	453	1.74	CHH
10	22692035	22692362	31	52	37.35	CG
10	22692035	22692362	6	244	2.40	CHG
10	22692035	22692362	26	968	2.62	CHH
10	22860787	22861438	1	449	0.22	CG
10	22860787	22861438	2	590	0.34	CHG
10	22860787	22861438	3	1665	0.18	CHH
11	505296	505455	510	14	97.33	CG
11	505296	505455	372	91	80.35	CHG
11	505296	505455	38	1136	3.24	CHH
11	797708	798586	72	54	57.14	CG
11	797708	798586	81	130	38.39	CHG
11	797708	798586	155	1470	9.54	CHH
11	1050852	1052789	33	2857	1.14	CG
11	1050852	1052789	12	3185	0.38	CHG
11	1050852	1052789	31	7050	0.44	CHH
11	1432574	1432751	1	456	0.22	CG
11	1432574	1432751	0	142	0.00	CHG
11	1432574	1432751	2	550	0.36	CHH
11	1858041	1858566	186	9	95.38	CG
11	1858041	1858566	312	34	90.17	CHG
11	1858041	1858566	597	423	58.53	CHH
11	2504811	2504939	3	369	0.81	CG
11	2504811	2504939	1	399	0.25	CHG
11	2504811	2504939	1	1065	0.09	CHH
11	2669596	2669853	10	535	1.83	CG
11	2669596	2669853	3	114	2.56	CHG
11	2669596	2669853	10	678	1.45	CHH
11	2802873	2804621	486	478	50.41	CG
11	2802873	2804621	584	743	44.01	CHG
11	2802873	2804621	390	3682	9.58	CHH
11	3466044	3470402	2178	808	72.94	CG
11	3466044	3470402	1540	1309	54.05	CHG
11	3466044	3470402	1575	9074	14.79	CHH
11	3810954	3811089	31	1	96.88	CG
11	3810954	3811089	0	80	0.00	CHG
11	3810954	3811089	1	197	0.51	CHH
11	4224826	4225123	21	0	100.00	CG
11	4224826	4225123	5	143	3.38	CHG
11	4224826	4225123	5	661	0.75	CHH
11	4595255	4598721	573	2902	16.49	CG
11	4595255	4598721	300	1360	18.07	CHG
11	4595255	4598721	803	5262	13.24	CHH
11	6038088	6038424	9	2339	0.38	CG
11	6038088	6038424	4	1211	0.33	CHG
11	6038088	6038424	9	1549	0.58	CHH
11	6091835	6093414	1643	412	79.95	CG
11	6091835	6093414	792	489	61.83	CHG
11	6091835	6093414	1106	4600	19.38	CHH
11	7821028	7821214	9	192	4.48	CG
11	7821028	7821214	6	230	2.54	CHG
11	7821028	7821214	14	499	2.73	CHH
11	9435946	9436636	471	27	94.58	CG
11	9435946	9436636	315	130	70.79	CHG
11	9435946	9436636	275	1494	15.55	CHH
11	9479627	9479991	6	1252	0.48	CG
11	9479627	9479991	4	1189	0.34	CHG
11	9479627	9479991	9	2551	0.35	CHH
11	9728388	9728616	25	3	89.29	CG
11	9728388	9728616	2	35	5.41	CHG
11	9728388	9728616	38	227	14.34	CHH
11	9810706	9815080	3779	530	87.70	CG
11	9810706	9815080	1879	1756	51.69	CHG
11	9810706	9815080	1275	11101	10.30	CHH
11	9969448	9969633	58	36	61.70	CG
11	9969448	9969633	50	57	46.73	CHG
11	9969448	9969633	30	598	4.78	CHH
11	10499987	10500272	166	3	98.22	CG
11	10499987	10500272	161	38	80.90	CHG
11	10499987	10500272	46	1016	4.33	CHH
11	10502651	10503109	173	5	97.19	CG
11	10502651	10503109	382	36	91.39	CHG
11	10502651	10503109	156	1328	10.51	CHH
11	11632517	11632735	283	18	94.02	CG
11	11632517	11632735	62	95	39.49	CHG
11	11632517	11632735	88	437	16.76	CHH
11	12791330	12791451	123	3	97.62	CG
11	12791330	12791451	59	24	71.08	CHG
11	12791330	12791451	13	223	5.51	CHH
11	13907112	13907730	1169	45	96.29	CG
11	13907112	13907730	1325	185	87.75	CHG
11	13907112	13907730	472	4369	9.75	CHH
11	14199127	14199230	224	13	94.51	CG
11	14199127	14199230	120	63	65.57	CHG
11	14199127	14199230	26	365	6.65	CHH
11	14246634	14246765	122	9	93.13	CG
11	14246634	14246765	64	4	94.12	CHG
11	14246634	14246765	76	580	11.59	CHH
11	14953985	14954432	89	6	93.68	CG
11	14953985	14954432	32	18	64.00	CHG
11	14953985	14954432	47	475	9.00	CHH
11	15162648	15162882	64	8	88.89	CG
11	15162648	15162882	253	124	67.11	CHG
11	15162648	15162882	100	1257	7.37	CHH
11	15516587	15517994	666	1250	34.76	CG
11	15516587	15517994	219	1027	17.58	CHG
11	15516587	15517994	477	3745	11.30	CHH
11	15595496	15598031	2791	623	81.75	CG
11	15595496	15598031	1347	1266	51.55	CHG
11	15595496	15598031	816	11665	6.54	CHH
11	15629573	15629919	132	7	94.96	CG
11	15629573	15629919	214	70	75.35	CHG
11	15629573	15629919	78	1537	4.83	CHH
11	15784095	15784518	4	1067	0.37	CG
11	15784095	15784518	1	633	0.16	CHG
11	15784095	15784518	6	1290	0.46	CHH
11	16587225	16588700	444	211	67.79	CG
11	16587225	16588700	204	332	38.06	CHG
11	16587225	16588700	457	1905	19.35	CHH
11	16590106	16591882	2263	130	94.57	CG
11	16590106	16591882	3129	592	84.09	CHG
11	16590106	16591882	423	9374	4.32	CHH
11	17024541	17024749	121	2	98.37	CG
11	17024541	17024749	110	21	83.97	CHG
11	17024541	17024749	166	466	26.27	CHH
11	17437801	17439859	146	1407	9.40	CG
11	17437801	17439859	18	1398	1.27	CHG
11	17437801	17439859	63	5530	1.13	CHH
11	17734944	17735193	4	1468	0.27	CG
11	17734944	17735193	1	732	0.14	CHG
11	17734944	17735193	4	973	0.41	CHH
11	17903585	17906300	3361	391	89.58	CG
11	17903585	17906300	2042	670	75.29	CHG
11	17903585	17906300	982	7959	10.98	CHH
11	17974571	17974900	70	376	15.70	CG
11	17974571	17974900	82	442	15.65	CHG
11	17974571	17974900	263	1434	15.50	CHH
11	18221483	18221608	73	6	92.41	CG
11	18221483	18221608	94	23	80.34	CHG
11	18221483	18221608	7	251	2.71	CHH
11	18325064	18325191	0	17	0.00	CG
11	18325064	18325191	0	53	0.00	CHG
11	18325064	18325191	1	248	0.40	CHH
11	18373844	18373989	0	16	0.00	CG
11	18373844	18373989	1	59	1.67	CHG
11	18373844	18373989	1	340	0.29	CHH
11	18718793	18720377	520	889	36.91	CG
11	18718793	18720377	68	1313	4.92	CHG
11	18718793	18720377	148	4644	3.09	CHH
11	18909482	18909881	1	337	0.30	CG
11	18909482	18909881	2	299	0.66	CHG
11	18909482	18909881	4	497	0.80	CHH
11	19311606	19314032	2163	298	87.89	CG
11	19311606	19314032	1579	1275	55.33	CHG
11	19311606	19314032	948	7961	10.64	CHH
11	20219224	20220414	1190	100	92.25	CG
11	20219224	20220414	1546	254	85.89	CHG
11	20219224	20220414	265	6696	3.81	CHH
11	20319451	20320865	873	63	93.27	CG
11	20319451	20320865	1015	180	84.94	CHG
11	20319451	20320865	1414	4447	24.13	CHH
11	20346784	20346867	0	16	0.00	CG
11	20346784	20346867	0	24	0.00	CHG
11	20346784	20346867	1	194	0.51	CHH
11	20686170	20686465	12	24	33.33	CG
11	20686170	20686465	1	43	2.27	CHG
11	20686170	20686465	7	404	1.70	CHH
11	20872306	20872476	329	8	97.63	CG
11	20872306	20872476	74	138	34.91	CHG
11	20872306	20872476	4	368	1.08	CHH
11	20903615	20904114	175	90	66.04	CG
11	20903615	20904114	12	552	2.13	CHG
11	20903615	20904114	26	2003	1.28	CHH
11	21540161	21540670	171	3	98.28	CG
11	21540161	21540670	91	64	58.71	CHG
11	21540161	21540670	47	1008	4.45	CHH
11	22251376	22252471	158	244	39.30	CG
11	22251376	22252471	125	609	17.03	CHG
11	22251376	22252471	261	3435	7.06	CHH
11	22442650	22442893	244	8	96.83	CG
11	22442650	22442893	35	14	71.43	CHG
11	22442650	22442893	81	1532	5.02	CHH
11	22611185	22611456	0	185	0.00	CG
11	22611185	22611456	1	242	0.41	CHG
11	22611185	22611456	3	1306	0.23	CHH
11	22898553	22899482	129	270	32.33	CG
11	22898553	22899482	80	338	19.14	CHG
11	22898553	22899482	80	1472	5.15	CHH
11	23917291	23918354	164	82	66.67	CG
11	23917291	23918354	70	120	36.84	CHG
11	23917291	23918354	226	1309	14.72	CHH
11	23924021	23924111	0	37	0.00	CG
11	23924021	23924111	1	109	0.91	CHG
11	23924021	23924111	0	229	0.00	CHH
11	24143197	24143872	659	35	94.96	CG
11	24143197	24143872	365	88	80.57	CHG
11	24143197	24143872	174	1672	9.43	CHH
11	24518104	24518669	326	21	93.95	CG
11	24518104	24518669	221	72	75.43	CHG
11	24518104	24518669	18	912	1.94	CHH
11	25340157	25340679	78	4	95.12	CG
11	25340157	25340679	31	36	46.27	CHG
11	25340157	25340679	31	864	3.46	CHH
11	25356991	25357939	234	45	83.87	CG
11	25356991	25357939	182	278	39.57	CHG
11	25356991	25357939	76	2434	3.03	CHH
11	25450636	25450896	141	5	96.58	CG
11	25450636	25450896	41	60	40.59	CHG
11	25450636	25450896	2	56	3.45	CHH
11	26018351	26019667	1605	71	95.76	CG
11	26018351	26019667	1191	440	73.02	CHG
11	26018351	26019667	306	3966	7.16	CHH
11	26557615	26559410	604	98	86.04	CG
11	26557615	26559410	16	1152	1.37	CHG
11	26557615	26559410	63	4752	1.31	CHH
11	26733617	26733799	107	2	98.17	CG
11	26733617	26733799	72	24	75.00	CHG
11	26733617	26733799	14	345	3.90	CHH
11	26897318	26898575	1129	90	92.62	CG
11	26897318	26898575	430	425	50.29	CHG
11	26897318	26898575	406	2058	16.48	CHH
11	27142723	27144368	482	454	51.50	CG
11	27142723	27144368	206	697	22.81	CHG
11	27142723	27144368	505	2548	16.54	CHH
11	27188061	27188431	166	12	93.26	CG
11	27188061	27188431	84	17	83.17	CHG
11	27188061	27188431	773	1183	39.52	CHH
11	27296398	27296914	106	187	36.18	CG
11	27296398	27296914	12	96	11.11	CHG
11	27296398	27296914	155	481	24.37	CHH
11	27621315	27621467	1	0	100.00	CHG
11	27621315	27621467	0	3	0.00	CHH
11	28581984	28582206	0	17	0.00	CHG
11	28581984	28582206	2	539	0.37	CHH
12	1158418	1158578	1	297	0.34	CG
12	1158418	1158578	0	109	0.00	CHG
12	1158418	1158578	0	734	0.00	CHH
12	1177184	1177765	1	77	1.28	CG
12	1177184	1177765	2	234	0.85	CHG
12	1177184	1177765	22	1204	1.79	CHH
12	1270256	1270750	156	175	47.13	CG
12	1270256	1270750	2	1290	0.15	CHG
12	1270256	1270750	7	2365	0.30	CHH
12	2005465	2005735	357	15	95.97	CG
12	2005465	2005735	38	64	37.25	CHG
12	2005465	2005735	49	250	16.39	CHH
12	2376872	2377309	55	89	38.19	CG
12	2376872	2377309	6	151	3.82	CHG
12	2376872	2377309	3	752	0.40	CHH
12	3807299	3807471	0	57	0.00	CG
12	3807299	3807471	0	210	0.00	CHG
12	3807299	3807471	4	695	0.57	CHH
12	3811143	3811601	127	84	60.19	CG
12	3811143	3811601	38	115	24.84	CHG
12	3811143	3811601	258	816	24.02	CHH
12	4083553	4083794	79	131	37.62	CG
12	4083553	4083794	2	653	0.31	CHG
12	4083553	4083794	3	1229	0.24	CHH
12	5174512	5176042	2230	1077	67.43	CG
12	5174512	5176042	661	1109	37.34	CHG
12	5174512	5176042	580	4963	10.46	CHH
12	5728433	5728876	56	1771	3.07	CG
12	5728433	5728876	7	1605	0.43	CHG
12	5728433	5728876	49	2653	1.81	CHH
12	6323100	6323289	1	45	2.17	CG
12	6323100	6323289	1	32	3.03	CHG
12	6323100	6323289	0	195	0.00	CHH
12	6480645	6481828	2992	135	95.68	CG
12	6480645	6481828	1440	496	74.38	CHG
12	6480645	6481828	298	6492	4.39	CHH
12	6550600	6551475	414	15	96.50	CG
12	6550600	6551475	231	90	71.96	CHG
12	6550600	6551475	78	1105	6.59	CHH
12	7855054	7855393	235	8	96.71	CG
12	7855054	7855393	221	68	76.47	CHG
12	7855054	7855393	187	841	18.19	CHH
12	8497520	8497653	2	743	0.27	CG
12	8497520	8497653	1	351	0.28	CHG
12	8497520	8497653	0	581	0.00	CHH
12	8555821	8555983	322	24	93.06	CG
12	8555821	8555983	168	105	61.54	CHG
12	8555821	8555983	14	892	1.55	CHH
12	8733248	8733675	3	1	75.00	CG
12	8733248	8733675	5	12	29.41	CHG
12	8733248	8733675	24	206	10.43	CHH
12	8783105	8783207	12	2	85.71	CG
12	8783105	8783207	2	3	40.00	CHG
12	8783105	8783207	1	92	1.08	CHH
12	8846726	8847029	11	69	13.75	CG
12	8846726	8847029	0	32	0.00	CHG
12	8846726	8847029	19	397	4.57	CHH
12	9326878	9327074	173	4	97.74	CG
12	9326878	9327074	110	50	68.75	CHG
12	9326878	9327074	110	529	17.21	CHH
12	9368388	9368605	117	3	97.50	CG
12	9368388	9368605	79	26	75.24	CHG
12	9368388	9368605	90	797	10.15	CHH
12	11421434	11422871	241	16	93.77	CG
12	11421434	11422871	5	1126	0.44	CHG
12	11421434	11422871	10	3469	0.29	CHH
12	11519644	11519807	33	2	94.29	CG
12	11519644	11519807	29	10	74.36	CHG
12	11519644	11519807	13	204	5.99	CHH
12	12193685	12193957	614	92	86.97	CG
12	12193685	12193957	275	264	51.02	CHG
12	12193685	12193957	306	2113	12.65	CHH
12	12596401	12596694	60	2	96.77	CG
12	12596401	12596694	93	21	81.58	CHG
12	12596401	12596694	25	551	4.34	CHH
12	12742760	12743615	1067	88	92.38	CG
12	12742760	12743615	791	209	79.10	CHG
12	12742760	12743615	386	3227	10.68	CHH
12	13187459	13188652	200	781	20.39	CG
12	13187459	13188652	74	816	8.31	CHG
12	13187459	13188652	433	2148	16.78	CHH
12	14284341	14284547	5	73	6.41	CG
12	14284341	14284547	0	21	0.00	CHG
12	14284341	14284547	12	322	3.59	CHH
12	14803452	14803625	42	1	97.67	CG
12	14803452	14803625	115	22	83.94	CHG
12	14803452	14803625	46	718	6.02	CHH
12	15067951	15069074	964	40	96.02	CG
12	15067951	15069074	715	188	79.18	CHG
12	15067951	15069074	174	3330	4.97	CHH
12	15348530	15353993	4571	315	93.55	CG
12	15348530	15353993	4968	1573	75.95	CHG
12	15348530	15353993	1406	24641	5.40	CHH
12	16142723	16142824	144	4	97.30	CG
12	16142723	16142824	72	45	61.54	CHG
12	16142723	16142824	12	380	3.06	CHH
12	16276461	16276731	195	2	98.98	CG
12	16276461	16276731	139	79	63.76	CHG
12	16276461	16276731	3	332	0.90	CHH
12	16529727	16530963	1611	109	93.66	CG
12	16529727	16530963	715	383	65.12	CHG
12	16529727	16530963	203	4004	4.83	CHH
12	17830991	17831311	6	17	26.09	CG
12	17830991	17831311	0	168	0.00	CHG
12	17830991	17831311	0	493	0.00	CHH
12	18708202	18708465	32	8	80.00	CG
12	18708202	18708465	0	107	0.00	CHG
12	18708202	18708465	12	490	2.39	CHH
12	18864903	18867127	2266	216	91.30	CG
12	18864903	18867127	1145	600	65.62	CHG
12	18864903	18867127	1375	6269	17.99	CHH
12	19240695	19241251	63	2	96.92	CG
12	19240695	19241251	42	55	43.30	CHG
12	19240695	19241251	32	1122	2.77	CHH
12	20271167	20271395	154	18	89.53	CG
12	20271167	20271395	187	51	78.57	CHG
12	20271167	20271395	49	1133	4.15	CHH
12	21012743	21013159	104	109	48.83	CG
12	21012743	21013159	22	373	5.57	CHG
12	21012743	21013159	99	1009	8.94	CHH
12	21325595	21326775	523	103	83.55	CG
12	21325595	21326775	9	2082	0.43	CHG
12	21325595	21326775	16	5589	0.29	CHH
12	21498142	21500190	646	188	77.46	CG
12	21498142	21500190	10	1770	0.56	CHG
12	21498142	21500190	56	6267	0.89	CHH
12	21799965	21804009	371	2173	14.58	CG
12	21799965	21804009	32	3323	0.95	CHG
12	21799965	21804009	128	10516	1.20	CHH
12	22237684	22237932	0	330	0.00	CG
12	22237684	22237932	1	253	0.39	CHG
12	22237684	22237932	0	326	0.00	CHH
12	22424783	22424873	30	2	93.75	CG
12	22424783	22424873	0	222	0.00	CHG
12	22424783	22424873	0	244	0.00	CHH
12	22599880	22601854	238	2080	10.27	CG
12	22599880	22601854	33	2107	1.54	CHG
12	22599880	22601854	201	6615	2.95	CHH
12	22827958	22829855	642	372	63.31	CG
12	22827958	22829855	1401	459	75.32	CHG
12	22827958	22829855	452	4493	9.14	CHH
12	22914184	22914456	192	8	96.00	CG
12	22914184	22914456	269	34	88.78	CHG
12	22914184	22914456	64	961	6.24	CHH
12	23044811	23045065	0	52	0.00	CG
12	23044811	23045065	4	178	2.20	CHG
12	23044811	23045065	19	529	3.47	CHH
12	24286289	24286454	30	50	37.50	CG
12	24286289	24286454	1	62	1.59	CHG
12	24286289	24286454	15	763	1.93	CHH
12	24305556	24308650	1164	336	77.60	CG
12	24305556	24308650	78	2887	2.63	CHG
12	24305556	24308650	158	10524	1.48	CHH
12	24482972	24483119	0	95	0.00	CG
12	24482972	24483119	42	162	20.59	CHG
12	24482972	24483119	110	518	17.52	CHH
12	25415184	25415420	63	9	87.50	CG
12	25415184	25415420	13	23	36.11	CHG
12	25415184	25415420	37	199	15.68	CHH
12	26429400	26431294	6	2872	0.21	CG
12	26429400	26431294	5	2506	0.20	CHG
12	26429400	26431294	19	5594	0.34	CHH
12	26619179	26619379	3	2	60.00	CG
12	26619179	26619379	2	46	4.17	CHG
12	26619179	26619379	3	292	1.02	CHH
12	26739873	26743547	3211	130	96.11	CG
12	26739873	26743547	2924	653	81.74	CHG
12	26739873	26743547	1150	12804	8.24	CHH
12	26756376	26756465	27	23	54.00	CG
12	26756376	26756465	12	17	41.38	CHG
12	26756376	26756465	4	175	2.23	CHH
