1	2522874	2523845	1478	112	92.96	CG
1	2522874	2523845	546	302	64.39	CHG
1	2522874	2523845	581	3456	14.39	CHH
1	2555530	2559489	7565	303	96.15	CG
1	2555530	2559489	4941	1553	76.09	CHG
1	2555530	2559489	5152	16754	23.52	CHH
1	9039676	9042883	2473	70	97.25	CG
1	9039676	9042883	2307	201	91.99	CHG
1	9039676	9042883	7748	8957	46.38	CHH
1	9436233	9436871	353	835	29.71	CG
1	9436233	9436871	295	1092	21.27	CHG
1	9436233	9436871	253	1680	13.09	CHH
1	9436980	9439656	3739	159	95.92	CG
1	9436980	9439656	2579	631	80.34	CHG
1	9436980	9439656	4479	9291	32.53	CHH
1	10925172	10926364	1061	107	90.84	CG
1	10925172	10926364	861	442	66.08	CHG
1	10925172	10926364	1692	3045	35.72	CHH
1	11189866	11190945	611	99	86.06	CG
1	11189866	11190945	609	451	57.45	CHG
1	11189866	11190945	1734	3329	34.25	CHH
1	11197263	11198365	1323	47	96.57	CG
1	11197263	11198365	1306	259	83.45	CHG
1	11197263	11198365	2216	4527	32.86	CHH
1	11198486	11199929	2170	95	95.81	CG
1	11198486	11199929	1299	578	69.21	CHG
1	11198486	11199929	1291	5439	19.18	CHH
1	11360960	11365572	2746	4901	35.91	CG
1	11360960	11365572	1910	3796	33.47	CHG
1	11360960	11365572	6395	14091	31.22	CHH
1	11470807	11475439	3751	171	95.64	CG
1	11470807	11475439	3131	2087	60.00	CHG
1	11470807	11475439	6007	16456	26.74	CHH
1	12142608	12144844	1810	362	83.33	CG
1	12142608	12144844	1327	875	60.26	CHG
1	12142608	12144844	1014	6995	12.66	CHH
1	14333116	14335930	3548	589	85.76	CG
1	14333116	14335930	1794	912	66.30	CHG
1	14333116	14335930	4322	8376	34.04	CHH
1	14336094	14337863	1234	126	90.74	CG
1	14336094	14337863	1113	374	74.85	CHG
1	14336094	14337863	2856	3727	43.38	CHH
1	14337928	14339960	1892	210	90.01	CG
1	14337928	14339960	772	493	61.03	CHG
1	14337928	14339960	2146	4515	32.22	CHH
1	14959930	14960645	673	108	86.17	CG
1	14959930	14960645	234	317	42.47	CHG
1	14959930	14960645	376	1736	17.80	CHH
1	14961862	14963386	1147	484	70.32	CG
1	14961862	14963386	822	816	50.18	CHG
1	14961862	14963386	1440	4693	23.48	CHH
1	20810206	20811074	253	163	60.82	CG
1	20810206	20811074	310	180	63.27	CHG
1	20810206	20811074	549	1193	31.52	CHH
1	20811098	20811489	67	133	33.50	CG
1	20811098	20811489	66	209	24.00	CHG
1	20811098	20811489	362	1242	22.57	CHH
1	25253636	25254054	180	215	45.57	CG
1	25253636	25254054	140	141	49.82	CHG
1	25253636	25254054	406	1331	23.37	CHH
1	25311949	25313299	1065	544	66.19	CG
1	25311949	25313299	420	544	43.57	CHG
1	25311949	25313299	851	4109	17.16	CHH
1	28200381	28203326	1677	80	95.45	CG
1	28200381	28203326	1314	401	76.62	CHG
1	28200381	28203326	4497	6763	39.94	CHH
1	28203588	28206337	923	86	91.48	CG
1	28203588	28206337	1217	566	68.26	CHG
1	28203588	28206337	2252	6836	24.78	CHH
1	28212221	28215906	2930	134	95.63	CG
1	28212221	28215906	1654	446	78.76	CHG
1	28212221	28215906	4578	11488	28.49	CHH
1	29053362	29056648	1578	1735	47.63	CG
1	29053362	29056648	989	2731	26.59	CHG
1	29053362	29056648	2105	10264	17.02	CHH
1	30809134	30810708	617	217	73.98	CG
1	30809134	30810708	248	196	55.86	CHG
1	30809134	30810708	717	3410	17.37	CHH
1	30810807	30811279	185	87	68.01	CG
1	30810807	30811279	60	183	24.69	CHG
1	30810807	30811279	257	1238	17.19	CHH
1	39322772	39323918	1139	279	80.32	CG
1	39322772	39323918	458	437	51.17	CHG
1	39322772	39323918	950	4438	17.63	CHH
2	5902991	5906606	1883	288	86.73	CG
2	5902991	5906606	2426	1057	69.65	CHG
2	5902991	5906606	6849	8199	45.51	CHH
2	6795753	6796945	371	559	39.89	CG
2	6795753	6796945	1209	739	62.06	CHG
2	6795753	6796945	2100	2992	41.24	CHH
2	6797357	6798332	612	308	66.52	CG
2	6797357	6798332	399	540	42.49	CHG
2	6797357	6798332	1257	2790	31.06	CHH
2	7605632	7607483	620	39	94.08	CG
2	7605632	7607483	507	145	77.76	CHG
2	7605632	7607483	1603	5642	22.13	CHH
2	7607588	7609075	1152	147	88.68	CG
2	7607588	7609075	491	376	56.63	CHG
2	7607588	7609075	1625	4847	25.11	CHH
2	8343843	8345084	901	69	92.89	CG
2	8343843	8345084	753	168	81.76	CHG
2	8343843	8345084	1986	4316	31.51	CHH
2	8345254	8345972	423	33	92.76	CG
2	8345254	8345972	319	143	69.05	CHG
2	8345254	8345972	501	2528	16.54	CHH
2	13582835	13586359	2577	129	95.23	CG
2	13582835	13586359	2736	566	82.86	CHG
2	13582835	13586359	4112	10895	27.40	CHH
2	19468985	19471775	2698	2633	50.61	CG
2	19468985	19471775	1116	2347	32.23	CHG
2	19468985	19471775	2776	9737	22.18	CHH
2	34952932	34953515	919	70	92.92	CG
2	34952932	34953515	452	222	67.06	CHG
2	34952932	34953515	361	3450	9.47	CHH
3	12710232	12710825	1037	159	86.71	CG
3	12710232	12710825	223	310	41.84	CHG
3	12710232	12710825	617	3217	16.09	CHH
3	15612855	15613394	282	17	94.31	CG
3	15612855	15613394	470	115	80.34	CHG
3	15612855	15613394	810	1381	36.97	CHH
3	16165130	16166316	483	176	73.29	CG
3	16165130	16166316	346	462	42.82	CHG
3	16165130	16166316	836	2658	23.93	CHH
3	16790757	16792301	1316	484	73.11	CG
3	16790757	16792301	598	561	51.60	CHG
3	16790757	16792301	872	4255	17.01	CHH
3	20791633	20793625	1880	438	81.10	CG
3	20791633	20793625	1711	927	64.86	CHG
3	20791633	20793625	2844	7717	26.93	CHH
3	22406159	22410666	2346	375	86.22	CG
3	22406159	22410666	3123	822	79.16	CHG
3	22406159	22410666	8002	12309	39.40	CHH
3	24566821	24572140	4276	164	96.31	CG
3	24566821	24572140	4166	780	84.23	CHG
3	24566821	24572140	6275	16096	28.05	CHH
3	24572855	24573143	125	4	96.90	CG
3	24572855	24573143	93	43	68.38	CHG
3	24572855	24573143	152	559	21.38	CHH
3	24601239	24602425	1208	47	96.25	CG
3	24601239	24602425	994	466	68.08	CHG
3	24601239	24602425	888	4863	15.44	CHH
3	24602550	24603653	467	33	93.40	CG
3	24602550	24603653	348	127	73.26	CHG
3	24602550	24603653	805	2886	21.81	CHH
3	24603786	24605086	1357	45	96.79	CG
3	24603786	24605086	1418	397	78.13	CHG
3	24603786	24605086	1764	5345	24.81	CHH
3	24605202	24605537	75	2	97.40	CG
3	24605202	24605537	28	17	62.22	CHG
3	24605202	24605537	153	524	22.60	CHH
3	26123604	26125619	2814	152	94.88	CG
3	26123604	26125619	1937	536	78.33	CHG
3	26123604	26125619	1502	10222	12.81	CHH
3	27619055	27619377	93	17	84.55	CG
3	27619055	27619377	76	57	57.14	CHG
3	27619055	27619377	430	739	36.78	CHH
3	27619514	27621480	1258	873	59.03	CG
3	27619514	27621480	447	1099	28.91	CHG
3	27619514	27621480	1624	5120	24.08	CHH
3	28510857	28511647	998	120	89.27	CG
3	28510857	28511647	611	259	70.23	CHG
3	28510857	28511647	1000	3735	21.12	CHH
3	29750151	29753862	3720	121	96.85	CG
3	29750151	29753862	1942	197	90.79	CHG
3	29750151	29753862	6010	11011	35.31	CHH
4	19682492	19683811	504	173	74.45	CG
4	19682492	19683811	302	177	63.05	CHG
4	19682492	19683811	1920	2464	43.80	CHH
4	20353569	20355893	1548	2763	35.91	CG
4	20353569	20355893	798	1660	32.47	CHG
4	20353569	20355893	1327	7691	14.72	CHH
4	35050583	35053502	3335	668	83.31	CG
4	35050583	35053502	1443	988	59.36	CHG
4	35050583	35053502	5094	10171	33.37	CHH
5	1134973	1135617	144	338	29.88	CG
5	1134973	1135617	82	744	9.93	CHG
5	1134973	1135617	110	1904	5.46	CHH
5	1135839	1136509	142	545	20.67	CG
5	1135839	1136509	155	696	18.21	CHG
5	1135839	1136509	394	1876	17.36	CHH
5	1681242	1683572	2606	345	88.31	CG
5	1681242	1683572	2011	878	69.61	CHG
5	1681242	1683572	3592	9492	27.45	CHH
5	4826765	4827938	459	56	89.13	CG
5	4826765	4827938	495	156	76.04	CHG
5	4826765	4827938	1422	3271	30.30	CHH
5	4828077	4828939	157	853	15.54	CG
5	4828077	4828939	256	758	25.25	CHG
5	4828077	4828939	1089	3547	23.49	CHH
5	4829016	4830108	1087	54	95.27	CG
5	4829016	4830108	347	257	57.45	CHG
5	4829016	4830108	599	1918	23.80	CHH
5	4830234	4831171	243	366	39.90	CG
5	4830234	4831171	223	360	38.25	CHG
5	4830234	4831171	881	2711	24.53	CHH
5	10917777	10919484	1353	77	94.62	CG
5	10917777	10919484	1128	663	62.98	CHG
5	10917777	10919484	2159	5985	26.51	CHH
5	10920452	10921894	1421	692	67.25	CG
5	10920452	10921894	628	1260	33.26	CHG
5	10920452	10921894	1054	5605	15.83	CHH
5	11242593	11245041	1796	77	95.89	CG
5	11242593	11245041	2521	368	87.26	CHG
5	11242593	11245041	4160	9232	31.06	CHH
5	16055530	16057857	838	474	63.87	CG
5	16055530	16057857	385	959	28.65	CHG
5	16055530	16057857	1598	6040	20.92	CHH
5	25352498	25357219	2791	647	81.18	CG
5	25352498	25357219	2240	1875	54.43	CHG
5	25352498	25357219	7081	13719	34.04	CHH
5	26872353	26874199	965	686	58.45	CG
5	26872353	26874199	719	583	55.22	CHG
5	26872353	26874199	2308	5057	31.34	CHH
6	6078050	6080866	2244	119	94.96	CG
6	6078050	6080866	2046	1177	63.48	CHG
6	6078050	6080866	2949	8819	25.06	CHH
6	7380338	7382317	794	3079	20.50	CG
6	7380338	7382317	562	2540	18.12	CHG
6	7380338	7382317	1403	7016	16.66	CHH
6	7535832	7537646	484	502	49.09	CG
6	7535832	7537646	556	655	45.91	CHG
6	7535832	7537646	2499	4283	36.85	CHH
6	7537740	7538960	1777	87	95.33	CG
6	7537740	7538960	874	434	66.82	CHG
6	7537740	7538960	1771	4724	27.27	CHH
6	11302246	11304945	2422	214	91.88	CG
6	11302246	11304945	1922	660	74.44	CHG
6	11302246	11304945	3768	9938	27.49	CHH
6	13427986	13432645	3759	233	94.16	CG
6	13427986	13432645	3576	1203	74.83	CHG
6	13427986	13432645	8514	12504	40.51	CHH
6	17321399	17322324	128	85	60.09	CG
6	17321399	17322324	141	240	37.01	CHG
6	17321399	17322324	391	1779	18.02	CHH
6	18069876	18071348	486	79	86.02	CG
6	18069876	18071348	243	298	44.92	CHG
6	18069876	18071348	499	2879	14.77	CHH
6	19711136	19712026	212	641	24.85	CG
6	19711136	19712026	229	399	36.46	CHG
6	19711136	19712026	1143	2019	36.15	CHH
6	27799534	27800454	89	159	35.89	CG
6	27799534	27800454	124	220	36.05	CHG
6	27799534	27800454	653	1842	26.17	CHH
6	27801639	27803910	3396	354	90.56	CG
6	27801639	27803910	1187	1056	52.92	CHG
6	27801639	27803910	1022	6479	13.62	CHH
6	27804002	27806413	1722	289	85.63	CG
6	27804002	27806413	959	1206	44.30	CHG
6	27804002	27806413	1907	6549	22.55	CHH
6	27807200	27809097	969	940	50.76	CG
6	27807200	27809097	974	1859	34.38	CHG
6	27807200	27809097	1924	6569	22.65	CHH
6	28518022	28518632	271	119	69.49	CG
6	28518022	28518632	340	431	44.10	CHG
6	28518022	28518632	883	2573	25.55	CHH
6	29376932	29380306	4153	227	94.82	CG
6	29376932	29380306	2783	865	76.29	CHG
6	29376932	29380306	6417	10278	38.44	CHH
7	998684	999693	205	183	52.84	CG
7	998684	999693	220	424	34.16	CHG
7	998684	999693	509	2589	16.43	CHH
7	4348717	4353078	4103	518	88.79	CG
7	4348717	4353078	2751	1276	68.31	CHG
7	4348717	4353078	5743	12988	30.66	CHH
7	4372878	4376312	1221	422	74.32	CG
7	4372878	4376312	1025	973	51.30	CHG
7	4372878	4376312	4811	7953	37.69	CHH
7	8295268	8297360	841	45	94.92	CG
7	8295268	8297360	761	373	67.11	CHG
7	8295268	8297360	1833	4306	29.86	CHH
7	8297456	8298242	169	9	94.94	CG
7	8297456	8298242	143	110	56.52	CHG
7	8297456	8298242	359	937	27.70	CHH
7	15712666	15714876	2313	1297	64.07	CG
7	15712666	15714876	904	1298	41.05	CHG
7	15712666	15714876	2163	6889	23.90	CHH
7	15714975	15716282	563	136	80.54	CG
7	15714975	15716282	649	566	53.42	CHG
7	15714975	15716282	1159	2805	29.24	CHH
7	15716649	15718051	1082	1247	46.46	CG
7	15716649	15718051	627	1002	38.49	CHG
7	15716649	15718051	843	5390	13.52	CHH
7	15987635	15990381	969	158	85.98	CG
7	15987635	15990381	900	704	56.11	CHG
7	15987635	15990381	3274	6186	34.61	CHH
7	20001702	20003835	1247	1673	42.71	CG
7	20001702	20003835	670	1880	26.27	CHG
7	20001702	20003835	2137	7457	22.27	CHH
7	20003935	20004681	426	605	41.32	CG
7	20003935	20004681	200	707	22.05	CHG
7	20003935	20004681	439	2700	13.99	CHH
7	22460398	22460784	69	566	10.87	CG
7	22460398	22460784	37	379	8.89	CHG
7	22460398	22460784	442	1083	28.98	CHH
8	5778017	5780215	739	412	64.21	CG
8	5778017	5780215	417	631	39.79	CHG
8	5778017	5780215	1570	3600	30.37	CHH
8	7765923	7767569	707	73	90.64	CG
8	7765923	7767569	1227	734	62.57	CHG
8	7765923	7767569	1092	5204	17.34	CHH
8	7767694	7769902	1252	71	94.63	CG
8	7767694	7769902	1088	503	68.38	CHG
8	7767694	7769902	2302	6645	25.73	CHH
8	7990731	7992320	1411	213	86.88	CG
8	7990731	7992320	710	254	73.65	CHG
8	7990731	7992320	1414	3961	26.31	CHH
8	9447347	9448071	243	616	28.29	CG
8	9447347	9448071	157	485	24.45	CHG
8	9447347	9448071	555	1739	24.19	CHH
8	10491753	10499575	11146	2048	84.48	CG
8	10491753	10499575	5700	4239	57.35	CHG
8	10491753	10499575	6159	33239	15.63	CHH
8	15455254	15462092	6776	304	95.71	CG
8	15455254	15462092	4530	1262	78.21	CHG
8	15455254	15462092	12741	20524	38.30	CHH
8	16976241	16978812	1070	77	93.29	CG
8	16976241	16978812	1745	637	73.26	CHG
8	16976241	16978812	2113	9382	18.38	CHH
8	20980680	20981047	17	157	9.77	CG
8	20980680	20981047	21	141	12.96	CHG
8	20980680	20981047	99	474	17.28	CHH
8	21691415	21692643	699	17	97.63	CG
8	21691415	21692643	432	112	79.41	CHG
8	21691415	21692643	1026	2647	27.93	CHH
8	21692742	21695254	1577	930	62.90	CG
8	21692742	21695254	1478	1231	54.56	CHG
8	21692742	21695254	5074	8011	38.78	CHH
8	27145493	27147151	851	108	88.74	CG
8	27145493	27147151	436	279	60.98	CHG
8	27145493	27147151	2205	5007	30.57	CHH
9	12621913	12622831	630	658	48.91	CG
9	12621913	12622831	325	368	46.90	CHG
9	12621913	12622831	1504	3244	31.68	CHH
9	12622904	12623419	366	741	33.06	CG
9	12622904	12623419	311	405	43.44	CHG
9	12622904	12623419	1141	1842	38.25	CHH
9	15228205	15229508	686	513	57.21	CG
9	15228205	15229508	497	714	41.04	CHG
9	15228205	15229508	1561	3942	28.37	CHH
9	16723080	16726848	2482	123	95.28	CG
9	16723080	16726848	1556	709	68.70	CHG
9	16723080	16726848	4166	9967	29.48	CHH
10	403342	404217	303	171	63.92	CG
10	403342	404217	193	402	32.44	CHG
10	403342	404217	557	1065	34.34	CHH
10	707135	707747	341	167	67.13	CG
10	707135	707747	219	464	32.06	CHG
10	707135	707747	504	1051	32.41	CHH
10	708160	710157	2261	94	96.01	CG
10	708160	710157	1377	514	72.82	CHG
10	708160	710157	1792	4826	27.08	CHH
10	5928508	5929269	339	21	94.17	CG
10	5928508	5929269	291	230	55.85	CHG
10	5928508	5929269	496	1816	21.45	CHH
10	5929420	5932408	3506	420	89.30	CG
10	5929420	5932408	1795	2921	38.06	CHG
10	5929420	5932408	4505	9946	31.17	CHH
10	5932682	5933500	280	510	35.44	CG
10	5932682	5933500	214	398	34.97	CHG
10	5932682	5933500	1116	1841	37.74	CHH
10	5933589	5934240	380	979	27.96	CG
10	5933589	5934240	310	1032	23.10	CHG
10	5933589	5934240	646	2370	21.42	CHH
10	15986962	15991252	4426	313	93.40	CG
10	15986962	15991252	2077	2138	49.28	CHG
10	15986962	15991252	5182	15195	25.43	CHH
10	16004291	16005179	263	1256	17.31	CG
10	16004291	16005179	344	859	28.60	CHG
10	16004291	16005179	998	1860	34.92	CHH
10	16006405	16007058	118	592	16.62	CG
10	16006405	16007058	146	426	25.52	CHG
10	16006405	16007058	358	1243	22.36	CHH
10	20777395	20778645	795	40	95.21	CG
10	20777395	20778645	768	191	80.08	CHG
10	20777395	20778645	1898	2894	39.61	CHH
11	2541477	2543903	173	709	19.61	CG
11	2541477	2543903	549	2360	18.87	CHG
11	2541477	2543903	2259	7841	22.37	CHH
11	3230260	3231735	1258	490	71.97	CG
11	3230260	3231735	638	920	40.95	CHG
11	3230260	3231735	2093	4293	32.77	CHH
11	3231885	3232407	131	148	46.95	CG
11	3231885	3232407	131	140	48.34	CHG
11	3231885	3232407	436	575	43.13	CHH
11	7333461	7334651	765	387	66.41	CG
11	7333461	7334651	576	476	54.75	CHG
11	7333461	7334651	784	2594	23.21	CHH
11	7731058	7734524	1292	167	88.55	CG
11	7731058	7734524	1660	488	77.28	CHG
11	7731058	7734524	6165	8881	40.97	CHH
11	7734625	7735554	365	32	91.94	CG
11	7734625	7735554	170	124	57.82	CHG
11	7734625	7735554	620	2308	21.17	CHH
11	7740136	7741715	1368	233	85.45	CG
11	7740136	7741715	954	583	62.07	CHG
11	7740136	7741715	2177	4095	34.71	CHH
11	7741937	7742453	80	299	21.11	CG
11	7741937	7742453	156	198	44.07	CHG
11	7741937	7742453	379	623	37.82	CHH
11	16330924	16332019	314	275	53.31	CG
11	16330924	16332019	391	726	35.00	CHG
11	16330924	16332019	1197	2963	28.77	CHH
11	16332352	16336726	4432	668	86.90	CG
11	16332352	16336726	3237	2042	61.32	CHG
11	16332352	16336726	9144	14975	37.91	CHH
11	19254506	19255920	1610	420	79.31	CG
11	19254506	19255920	788	663	54.31	CHG
11	19254506	19255920	1116	4479	19.95	CHH
11	20707200	20708263	226	127	64.02	CG
11	20707200	20708263	337	287	54.01	CHG
11	20707200	20708263	785	1623	32.60	CHH
11	24387298	24390013	1570	437	78.23	CG
11	24387298	24390013	1759	2353	42.78	CHG
11	24387298	24390013	1282	14540	8.10	CHH
11	24390912	24392970	685	22	96.89	CG
11	24390912	24392970	1462	694	67.81	CHG
11	24390912	24392970	3170	5672	35.85	CHH
11	24393231	24394638	1557	75	95.40	CG
11	24393231	24394638	1169	561	67.57	CHG
11	24393231	24394638	2497	3689	40.37	CHH
11	27017498	27019274	665	193	77.51	CG
11	27017498	27019274	486	1136	29.96	CHG
11	27017498	27019274	1411	4922	22.28	CHH
12	4729330	4730513	695	124	84.86	CG
12	4729330	4730513	355	299	54.28	CHG
12	4729330	4730513	1430	4799	22.96	CHH
12	4730781	4736244	2551	177	93.51	CG
12	4730781	4736244	2594	967	72.84	CHG
12	4730781	4736244	9669	14397	40.18	CHH
12	4736420	4737295	721	158	82.03	CG
12	4736420	4737295	408	418	49.39	CHG
12	4736420	4737295	1217	1851	39.67	CHH
12	4899872	4901766	1401	118	92.23	CG
12	4899872	4901766	758	814	48.22	CHG
12	4899872	4901766	1886	4523	29.43	CHH
12	4912416	4913853	2530	903	73.70	CG
12	4912416	4913853	1612	1418	53.20	CHG
12	4912416	4913853	2428	8016	23.25	CHH
12	4913948	4915922	574	123	82.35	CG
12	4913948	4915922	875	853	50.64	CHG
12	4913948	4915922	2324	5461	29.85	CHH
12	17500154	17503828	1554	1287	54.70	CG
12	17500154	17503828	1346	1690	44.33	CHG
12	17500154	17503828	4781	10742	30.80	CHH
12	17984443	17985623	146	480	23.32	CG
12	17984443	17985623	224	512	30.43	CHG
12	17984443	17985623	825	2623	23.93	CHH
12	17985763	17986319	245	11	95.70	CG
12	17985763	17986319	69	32	68.32	CHG
12	17985763	17986319	258	1023	20.14	CHH
12	18392209	18392790	152	201	43.06	CG
12	18392209	18392790	146	267	35.35	CHG
12	18392209	18392790	262	1418	15.60	CHH
12	18393154	18394277	179	283	38.74	CG
12	18393154	18394277	197	225	46.68	CHG
12	18393154	18394277	1228	1967	38.44	CHH
12	18395685	18396921	367	1309	21.90	CG
12	18395685	18396921	291	1390	17.31	CHG
12	18395685	18396921	873	4112	17.51	CHH
12	24728410	24730458	979	1189	45.16	CG
12	24728410	24730458	1161	2097	35.64	CHG
12	24728410	24730458	2381	5302	30.99	CHH
12	24730552	24734596	3326	628	84.12	CG
12	24730552	24734596	2976	1559	65.62	CHG
12	24730552	24734596	4899	10978	30.86	CHH
