1	2555114	2555411	474	29	94.23	CG
1	2555114	2555411	90	170	34.62	CHG
1	2555114	2555411	80	854	8.57	CHH
1	8143115	8144572	580	1045	35.69	CG
1	8143115	8144572	417	928	31.00	CHG
1	8143115	8144572	1445	5261	21.55	CHH
1	8856289	8857459	582	1674	25.80	CG
1	8856289	8857459	284	1457	16.31	CHG
1	8856289	8857459	212	3438	5.81	CHH
1	9440253	9440373	102	4	96.23	CG
1	9440253	9440373	349	44	88.80	CHG
1	9440253	9440373	118	858	12.09	CHH
1	10922927	10924097	2965	117	96.20	CG
1	10922927	10924097	655	1010	39.34	CHG
1	10922927	10924097	516	4915	9.50	CHH
1	10924272	10925038	478	85	84.90	CG
1	10924272	10925038	440	221	66.57	CHG
1	10924272	10925038	647	1887	25.53	CHH
1	10926447	10926494	63	1	98.44	CG
1	10926447	10926494	39	11	78.00	CHG
1	10926447	10926494	113	244	31.65	CHH
1	10927779	10928239	10	1042	0.95	CG
1	10927779	10928239	59	1379	4.10	CHG
1	10927779	10928239	162	3041	5.06	CHH
1	11194466	11195470	1601	143	91.80	CG
1	11194466	11195470	459	202	69.44	CHG
1	11194466	11195470	781	2749	22.12	CHH
1	11195594	11197144	2177	68	96.97	CG
1	11195594	11197144	1437	262	84.58	CHG
1	11195594	11197144	2480	5311	31.83	CHH
1	11469690	11470040	238	123	65.93	CG
1	11469690	11470040	110	160	40.74	CHG
1	11469690	11470040	109	592	15.55	CHH
1	11476217	11476541	537	25	95.55	CG
1	11476217	11476541	198	128	60.74	CHG
1	11476217	11476541	153	1398	9.86	CHH
1	11476776	11476980	166	14	92.22	CG
1	11476776	11476980	97	82	54.19	CHG
1	11476776	11476980	22	485	4.34	CHH
1	14960932	14961729	726	38	95.03	CG
1	14960932	14961729	308	347	47.02	CHG
1	14960932	14961729	316	1442	17.97	CHH
1	20811581	20812788	415	40	91.21	CG
1	20811581	20812788	438	178	71.10	CHG
1	20811581	20812788	617	3034	16.90	CHH
1	20812987	20814418	2837	147	95.07	CG
1	20812987	20814418	1826	439	80.62	CHG
1	20812987	20814418	763	6755	10.15	CHH
1	21008974	21009872	544	25	95.61	CG
1	21008974	21009872	511	185	73.42	CHG
1	21008974	21009872	549	4454	10.97	CHH
1	21009973	21014417	5022	314	94.12	CG
1	21009973	21014417	4810	3156	60.38	CHG
1	21009973	21014417	766	21595	3.43	CHH
1	25251599	25253560	2780	1083	71.96	CG
1	25251599	25253560	804	1394	36.58	CHG
1	25251599	25253560	1822	7586	19.37	CHH
1	25254184	25254575	451	19	95.96	CG
1	25254184	25254575	177	79	69.14	CHG
1	25254184	25254575	280	776	26.52	CHH
1	26580982	26582392	1674	82	95.33	CG
1	26580982	26582392	661	418	61.26	CHG
1	26580982	26582392	518	2480	17.28	CHH
1	28208118	28209343	1912	93	95.36	CG
1	28208118	28209343	637	422	60.15	CHG
1	28208118	28209343	483	2000	19.45	CHH
1	28209629	28210983	1606	142	91.88	CG
1	28209629	28210983	1515	542	73.65	CHG
1	28209629	28210983	830	7606	9.84	CHH
1	28211421	28212110	495	29	94.47	CG
1	28211421	28212110	666	95	87.52	CHG
1	28211421	28212110	664	3291	16.79	CHH
1	30811371	30812183	886	85	91.25	CG
1	30811371	30812183	479	362	56.96	CHG
1	30811371	30812183	316	1500	17.40	CHH
1	36452592	36453218	558	129	81.22	CG
1	36452592	36453218	233	272	46.14	CHG
1	36452592	36453218	417	1587	20.81	CHH
1	38451745	38452887	1100	631	63.55	CG
1	38451745	38452887	504	688	42.28	CHG
1	38451745	38452887	1387	2695	33.98	CHH
1	41135938	41135972	0	66	0.00	CG
1	41135938	41135972	0	34	0.00	CHG
1	41135938	41135972	2	155	1.27	CHH
2	3701316	3701517	76	5	93.83	CG
2	3701316	3701517	33	53	38.37	CHG
2	3701316	3701517	149	369	28.76	CHH
2	6759920	6761510	1173	370	76.02	CG
2	6759920	6761510	694	929	42.76	CHG
2	6759920	6761510	1155	4627	19.98	CHH
2	7610238	7610762	320	773	29.28	CG
2	7610238	7610762	204	610	25.06	CHG
2	7610238	7610762	669	1520	30.56	CHH
2	8346082	8346522	639	25	96.23	CG
2	8346082	8346522	884	142	86.16	CHG
2	8346082	8346522	484	3679	11.63	CHH
2	13582141	13582726	302	15	95.27	CG
2	13582141	13582726	409	89	82.13	CHG
2	13582141	13582726	552	1720	24.30	CHH
2	14698488	14698632	111	106	51.15	CG
2	14698488	14698632	129	155	45.42	CHG
2	14698488	14698632	258	254	50.39	CHH
2	16555825	16557101	859	1883	31.33	CG
2	16555825	16557101	248	1974	11.16	CHG
2	16555825	16557101	392	4282	8.39	CHH
2	16557180	16558295	608	762	44.38	CG
2	16557180	16558295	482	912	34.58	CHG
2	16557180	16558295	731	3509	17.24	CHH
2	29633236	29636111	3293	821	80.04	CG
2	29633236	29636111	2632	1012	72.23	CHG
2	29633236	29636111	2310	11540	16.68	CHH
2	29778535	29779835	2120	68	96.89	CG
2	29778535	29779835	1104	196	84.92	CHG
2	29778535	29779835	1055	7198	12.78	CHH
2	29780404	29782752	2405	90	96.39	CG
2	29780404	29782752	1216	231	84.04	CHG
2	29780404	29782752	2598	9039	22.33	CHH
2	33668330	33668734	157	815	16.15	CG
2	33668330	33668734	116	792	12.78	CHG
2	33668330	33668734	422	1653	20.34	CHH
3	7205990	7206396	955	46	95.40	CG
3	7205990	7206396	780	126	86.09	CHG
3	7205990	7206396	196	2312	7.81	CHH
3	7208162	7208468	578	13	97.80	CG
3	7208162	7208468	234	62	79.05	CHG
3	7208162	7208468	381	1505	20.20	CHH
3	10131683	10133676	2444	268	90.12	CG
3	10131683	10133676	713	1130	38.69	CHG
3	10131683	10133676	945	6139	13.34	CHH
3	12711049	12711825	729	36	95.29	CG
3	12711049	12711825	397	209	65.51	CHG
3	12711049	12711825	727	2963	19.70	CHH
3	12711907	12712969	1651	269	85.99	CG
3	12711907	12712969	1016	797	56.04	CHG
3	12711907	12712969	601	5457	9.92	CHH
3	13925598	13926734	1772	137	92.82	CG
3	13925598	13926734	704	525	57.28	CHG
3	13925598	13926734	389	3830	9.22	CHH
3	15610099	15611396	1790	87	95.36	CG
3	15610099	15611396	742	323	69.67	CHG
3	15610099	15611396	1160	4012	22.43	CHH
3	17446064	17447102	1812	82	95.67	CG
3	17446064	17447102	1355	263	83.75	CHG
3	17446064	17447102	1117	5140	17.85	CHH
3	19352995	19356617	8812	444	95.20	CG
3	19352995	19356617	5161	1878	73.32	CHG
3	19352995	19356617	1265	20634	5.78	CHH
3	22294607	22295687	1686	71	95.96	CG
3	22294607	22295687	1161	240	82.87	CHG
3	22294607	22295687	940	4800	16.38	CHH
3	22295781	22296159	609	21	96.67	CG
3	22295781	22296159	429	60	87.73	CHG
3	22295781	22296159	315	1409	18.27	CHH
3	22404232	22405507	3013	143	95.47	CG
3	22404232	22405507	920	863	51.60	CHG
3	22404232	22405507	509	3622	12.32	CHH
3	27941138	27942796	1055	298	77.97	CG
3	27941138	27942796	947	939	50.21	CHG
3	27941138	27942796	1062	5347	16.57	CHH
3	28510179	28510777	737	30	96.09	CG
3	28510179	28510777	405	183	68.88	CHG
3	28510179	28510777	874	2738	24.20	CHH
4	2276177	2276551	959	24	97.56	CG
4	2276177	2276551	249	121	67.30	CHG
4	2276177	2276551	140	1109	11.21	CHH
4	11651971	11654930	4338	267	94.20	CG
4	11651971	11654930	1811	1246	59.24	CHG
4	11651971	11654930	811	15890	4.86	CHH
4	27689683	27689829	234	32	87.97	CG
4	27689683	27689829	77	61	55.80	CHG
4	27689683	27689829	403	414	49.33	CHH
4	29141581	29141664	38	0	100.00	CG
4	29141581	29141664	26	6	81.25	CHG
4	29141581	29141664	59	118	33.33	CHH
4	30611394	30612481	647	416	60.87	CG
4	30611394	30612481	664	677	49.52	CHG
4	30611394	30612481	1646	3424	32.47	CHH
5	662749	664095	2178	100	95.61	CG
5	662749	664095	1072	439	70.95	CHG
5	662749	664095	1049	4537	18.78	CHH
5	664360	665573	1161	378	75.44	CG
5	664360	665573	867	800	52.01	CHG
5	664360	665573	566	5057	10.07	CHH
5	1136684	1139118	3797	186	95.33	CG
5	1136684	1139118	2902	868	76.98	CHG
5	1136684	1139118	1927	13097	12.83	CHH
5	2775738	2775910	15	67	18.29	CG
5	2775738	2775910	24	23	51.06	CHG
5	2775738	2775910	118	103	53.39	CHH
5	11245127	11247429	1884	349	84.37	CG
5	11245127	11247429	1026	407	71.60	CHG
5	11245127	11247429	1516	4419	25.54	CHH
5	13079678	13081153	2457	126	95.12	CG
5	13079678	13081153	1401	492	74.01	CHG
5	13079678	13081153	1179	5880	16.70	CHH
5	19128840	19130154	1952	79	96.11	CG
5	19128840	19130154	1195	274	81.35	CHG
5	19128840	19130154	1652	4532	26.71	CHH
5	19883682	19883838	567	12	97.93	CG
5	19883682	19883838	428	81	84.09	CHG
5	19883682	19883838	50	196	20.33	CHH
5	19884479	19885037	695	171	80.25	CG
5	19884479	19885037	482	377	56.11	CHG
5	19884479	19885037	656	829	44.18	CHH
5	27489055	27489338	820	32	96.24	CG
5	27489055	27489338	581	161	78.30	CHG
5	27489055	27489338	609	1330	31.41	CHH
5	27489622	27490471	287	399	41.84	CG
5	27489622	27490471	442	390	53.12	CHG
5	27489622	27490471	987	2025	32.77	CHH
6	1051401	1053277	2182	218	90.92	CG
6	1051401	1053277	768	1499	33.88	CHG
6	1051401	1053277	490	5173	8.65	CHH
6	6075315	6076487	1410	68	95.40	CG
6	6075315	6076487	1219	272	81.76	CHG
6	6075315	6076487	899	9064	9.02	CHH
6	6076943	6077142	303	10	96.81	CG
6	6076943	6077142	280	89	75.88	CHG
6	6076943	6077142	33	390	7.80	CHH
6	6339071	6340741	2655	80	97.07	CG
6	6339071	6340741	1198	559	68.18	CHG
6	6339071	6340741	1058	5866	15.28	CHH
6	11301673	11302182	263	8	97.05	CG
6	11301673	11302182	332	112	74.77	CHG
6	11301673	11302182	242	921	20.81	CHH
6	12035080	12038531	7372	409	94.74	CG
6	12035080	12038531	3284	3777	46.51	CHG
6	12035080	12038531	414	19057	2.13	CHH
6	13426051	13427806	3046	110	96.51	CG
6	13426051	13427806	1590	716	68.95	CHG
6	13426051	13427806	1753	8162	17.68	CHH
6	13432787	13433792	702	28	96.16	CG
6	13432787	13433792	548	200	73.26	CHG
6	13432787	13433792	200	3179	5.92	CHH
6	13434151	13437348	5194	272	95.02	CG
6	13434151	13437348	3760	1064	77.94	CHG
6	13434151	13437348	1377	19437	6.62	CHH
6	17322463	17323417	1255	55	95.80	CG
6	17322463	17323417	846	318	72.68	CHG
6	17322463	17323417	356	3899	8.37	CHH
6	17674030	17675910	931	423	68.76	CG
6	17674030	17675910	352	1098	24.28	CHG
6	17674030	17675910	650	6803	8.72	CHH
6	21224444	21225486	668	902	42.55	CG
6	21224444	21225486	376	957	28.21	CHG
6	21224444	21225486	237	2600	8.35	CHH
6	21225688	21227423	2311	633	78.50	CG
6	21225688	21227423	770	1341	36.48	CHG
6	21225688	21227423	794	3791	17.32	CHH
6	21664378	21665467	1357	255	84.18	CG
6	21664378	21665467	872	593	59.52	CHG
6	21664378	21665467	1028	5202	16.50	CHH
6	27800538	27801418	8	251	3.09	CG
6	27800538	27801418	34	334	9.24	CHG
6	27800538	27801418	219	1318	14.25	CHH
6	28515545	28517894	4278	172	96.13	CG
6	28515545	28517894	2134	830	72.00	CHG
6	28515545	28517894	1711	11284	13.17	CHH
6	29380325	29380583	55	94	36.91	CG
6	29380325	29380583	64	116	35.56	CHG
6	29380325	29380583	142	427	24.96	CHH
7	998065	998596	374	17	95.65	CG
7	998065	998596	360	76	82.57	CHG
7	998065	998596	286	2138	11.80	CHH
7	999799	1001396	2128	88	96.03	CG
7	999799	1001396	949	759	55.56	CHG
7	999799	1001396	654	4581	12.49	CHH
7	3900733	3901027	26	642	3.89	CG
7	3900733	3901027	16	425	3.63	CHG
7	3900733	3901027	42	850	4.71	CHH
7	3901161	3901878	954	57	94.36	CG
7	3901161	3901878	371	207	64.19	CHG
7	3901161	3901878	678	2195	23.60	CHH
7	3901974	3902422	166	6	96.51	CG
7	3901974	3902422	120	35	77.42	CHG
7	3901974	3902422	237	781	23.28	CHH
7	5720282	5722705	2150	247	89.70	CG
7	5720282	5722705	1152	1538	42.83	CHG
7	5720282	5722705	973	10203	8.71	CHH
7	8298338	8298633	56	6	90.32	CG
7	8298338	8298633	63	113	35.80	CHG
7	8298338	8298633	111	533	17.24	CHH
7	8298718	8299246	702	69	91.05	CG
7	8298718	8299246	480	159	75.12	CHG
7	8298718	8299246	432	2171	16.60	CHH
7	8299464	8300327	476	34	93.33	CG
7	8299464	8300327	555	95	85.38	CHG
7	8299464	8300327	314	3363	8.54	CHH
7	15317591	15318975	1437	204	87.57	CG
7	15317591	15318975	934	649	59.00	CHG
7	15317591	15318975	558	7335	7.07	CHH
7	15677020	15677884	567	185	75.40	CG
7	15677020	15677884	493	879	35.93	CHG
7	15677020	15677884	955	2232	29.97	CHH
7	19999746	20001606	1535	207	88.12	CG
7	19999746	20001606	402	848	32.16	CHG
7	19999746	20001606	643	3250	16.52	CHH
7	20006322	20006843	637	34	94.93	CG
7	20006322	20006843	325	305	51.59	CHG
7	20006322	20006843	350	2814	11.06	CHH
7	22461243	22461968	1779	59	96.79	CG
7	22461243	22461968	985	306	76.30	CHG
7	22461243	22461968	727	3547	17.01	CHH
7	27168967	27169484	297	72	80.49	CG
7	27168967	27169484	174	165	51.33	CHG
7	27168967	27169484	578	1138	33.68	CHH
8	3956366	3957065	440	201	68.64	CG
8	3956366	3957065	263	424	38.28	CHG
8	3956366	3957065	800	1727	31.66	CHH
8	4051074	4052619	1287	1482	46.48	CG
8	4051074	4052619	308	1157	21.02	CHG
8	4051074	4052619	626	3600	14.81	CHH
8	5776503	5777429	688	1061	39.34	CG
8	5776503	5777429	263	811	24.49	CHG
8	5776503	5777429	252	2574	8.92	CHH
8	5777523	5777952	716	40	94.71	CG
8	5777523	5777952	442	260	62.96	CHG
8	5777523	5777952	426	1373	23.68	CHH
8	7667656	7668635	1035	54	95.04	CG
8	7667656	7668635	536	671	44.41	CHG
8	7667656	7668635	567	4774	10.62	CHH
8	7668975	7671382	1953	410	82.65	CG
8	7668975	7671382	521	4148	11.16	CHG
8	7668975	7671382	833	13412	5.85	CHH
8	7769992	7770862	1107	75	93.65	CG
8	7769992	7770862	1390	339	80.39	CHG
8	7769992	7770862	488	5461	8.20	CHH
8	8373831	8376092	3430	166	95.38	CG
8	8373831	8376092	2379	693	77.44	CHG
8	8373831	8376092	1248	10554	10.57	CHH
8	8446534	8449768	5119	531	90.60	CG
8	8446534	8449768	2776	1220	69.47	CHG
8	8446534	8449768	1879	19869	8.64	CHH
8	9446567	9447269	1271	51	96.14	CG
8	9446567	9447269	432	361	54.48	CHG
8	9446567	9447269	474	2412	16.42	CHH
8	9448173	9449184	1784	167	91.44	CG
8	9448173	9449184	344	572	37.55	CHG
8	9448173	9449184	293	3353	8.04	CHH
8	15385469	15386230	714	63	91.89	CG
8	15385469	15386230	455	207	68.73	CHG
8	15385469	15386230	331	2673	11.02	CHH
8	15452051	15454665	4567	169	96.43	CG
8	15452051	15454665	2651	743	78.11	CHG
8	15452051	15454665	2049	12499	14.08	CHH
8	15462558	15463189	1157	49	95.94	CG
8	15462558	15463189	787	220	78.15	CHG
8	15462558	15463189	266	3082	7.95	CHH
8	15463325	15463489	275	7	97.52	CG
8	15463325	15463489	477	108	81.54	CHG
8	15463325	15463489	95	887	9.67	CHH
8	15463949	15465412	860	246	77.76	CG
8	15463949	15465412	580	464	55.56	CHG
8	15463949	15465412	672	5027	11.79	CHH
8	19733579	19734538	1108	93	92.26	CG
8	19733579	19734538	547	350	60.98	CHG
8	19733579	19734538	677	2984	18.49	CHH
8	19734616	19735488	973	76	92.76	CG
8	19734616	19735488	430	440	49.43	CHG
8	19734616	19735488	878	2681	24.67	CHH
8	20981167	20986252	12250	1369	89.95	CG
8	20981167	20986252	4974	3192	60.91	CHG
8	20981167	20986252	2361	23067	9.29	CHH
8	26829088	26830470	1471	110	93.04	CG
8	26829088	26830470	924	407	69.42	CHG
8	26829088	26830470	875	2895	23.21	CHH
9	1293289	1296834	4522	273	94.31	CG
9	1293289	1296834	2476	765	76.40	CHG
9	1293289	1296834	2244	14265	13.59	CHH
9	1297015	1297850	1426	111	92.78	CG
9	1297015	1297850	514	156	76.72	CHG
9	1297015	1297850	501	3212	13.49	CHH
9	3227798	3229550	2190	135	94.19	CG
9	3227798	3229550	1030	1018	50.29	CHG
9	3227798	3229550	849	8223	9.36	CHH
9	3229897	3231099	1375	85	94.18	CG
9	3229897	3231099	680	1012	40.19	CHG
9	3229897	3231099	551	6109	8.27	CHH
9	3515363	3516506	1198	82	93.59	CG
9	3515363	3516506	489	876	35.82	CHG
9	3515363	3516506	282	3832	6.85	CHH
9	3516815	3517763	1171	49	95.98	CG
9	3516815	3517763	162	1514	9.67	CHG
9	3516815	3517763	72	2844	2.47	CHH
9	3730715	3731926	1138	750	60.28	CG
9	3730715	3731926	458	959	32.32	CHG
9	3730715	3731926	781	4995	13.52	CHH
9	9557293	9558428	1778	100	94.68	CG
9	9557293	9558428	1022	333	75.42	CHG
9	9557293	9558428	878	5322	14.16	CHH
9	12178127	12181584	2538	172	93.65	CG
9	12178127	12181584	3433	839	80.36	CHG
9	12178127	12181584	1202	15751	7.09	CHH
9	12419030	12419675	821	43	95.02	CG
9	12419030	12419675	440	786	35.89	CHG
9	12419030	12419675	151	1960	7.15	CHH
9	12420619	12426858	8484	434	95.13	CG
9	12420619	12426858	13002	2718	82.71	CHG
9	12420619	12426858	3101	38139	7.52	CHH
9	15229746	15230319	706	16	97.78	CG
9	15229746	15230319	536	94	85.08	CHG
9	15229746	15230319	225	1080	17.24	CHH
9	15230410	15231901	2187	80	96.47	CG
9	15230410	15231901	1228	278	81.54	CHG
9	15230410	15231901	1052	4900	17.67	CHH
9	17429413	17430049	638	122	83.95	CG
9	17429413	17430049	559	148	79.07	CHG
9	17429413	17430049	1951	1832	51.57	CHH
10	402636	402987	412	15	96.49	CG
10	402636	402987	232	165	58.44	CHG
10	402636	402987	498	1181	29.66	CHH
10	705178	705397	684	12	98.28	CG
10	705178	705397	352	205	63.20	CHG
10	705178	705397	28	392	6.67	CHH
10	706000	706142	725	25	96.67	CG
10	706000	706142	431	213	66.93	CHG
10	706000	706142	14	386	3.50	CHH
10	5925941	5926484	301	18	94.36	CG
10	5925941	5926484	156	187	45.48	CHG
10	5925941	5926484	117	2146	5.17	CHH
10	5927422	5928302	628	30	95.44	CG
10	5927422	5928302	304	166	64.68	CHG
10	5927422	5928302	484	4150	10.44	CHH
10	9629597	9630043	59	1101	5.09	CG
10	9629597	9630043	74	1294	5.41	CHG
10	9629597	9630043	109	2387	4.37	CHH
10	11210121	11211317	1017	44	95.85	CG
10	11210121	11211317	589	130	81.92	CHG
10	11210121	11211317	521	3295	13.65	CHH
10	16005555	16006259	581	48	92.37	CG
10	16005555	16006259	247	280	46.87	CHG
10	16005555	16006259	713	1440	33.12	CHH
11	3230048	3230169	118	7	94.40	CG
11	3230048	3230169	117	39	75.00	CHG
11	3230048	3230169	153	673	18.52	CHH
11	6296560	6298355	1541	509	75.17	CG
11	6296560	6298355	1176	1305	47.40	CHG
11	6296560	6298355	529	8214	6.05	CHH
11	7729318	7730196	1033	44	95.91	CG
11	7729318	7730196	1401	301	82.31	CHG
11	7729318	7730196	442	3841	10.32	CHH
11	7736107	7738642	2791	184	93.82	CG
11	7736107	7738642	1780	1024	63.48	CHG
11	7736107	7738642	1480	7957	15.68	CHH
11	7738733	7740049	1216	47	96.28	CG
11	7738733	7740049	897	274	76.60	CHG
11	7738733	7740049	1266	4438	22.19	CHH
11	8911345	8913282	376	478	44.03	CG
11	8911345	8913282	596	1874	24.13	CHG
11	8911345	8913282	1424	6492	17.99	CHH
11	11148469	11148552	12	166	6.74	CG
11	11148469	11148552	2	49	3.92	CHG
11	11148469	11148552	6	139	4.14	CHH
11	15466012	15467596	754	3104	19.54	CG
11	15466012	15467596	174	2400	6.76	CHG
11	15466012	15467596	621	5364	10.38	CHH
11	17162539	17163796	2778	102	96.46	CG
11	17162539	17163796	439	971	31.13	CHG
11	17162539	17163796	217	3023	6.70	CHH
11	17164953	17166701	1288	71	94.78	CG
11	17164953	17166701	795	568	58.33	CHG
11	17164953	17166701	596	4516	11.66	CHH
11	17166830	17167277	589	23	96.24	CG
11	17166830	17167277	146	495	22.78	CHG
11	17166830	17167277	267	1433	15.71	CHH
11	17167358	17167576	124	136	47.69	CG
11	17167358	17167576	65	143	31.25	CHG
11	17167358	17167576	156	757	17.09	CHH
11	17167722	17168412	690	20	97.18	CG
11	17167722	17168412	166	354	31.92	CHG
11	17167722	17168412	212	1653	11.37	CHH
11	17168615	17170260	1760	71	96.12	CG
11	17168615	17170260	1681	1050	61.55	CHG
11	17168615	17170260	513	6677	7.13	CHH
11	22338223	22342581	5873	308	95.02	CG
11	22338223	22342581	4040	1272	76.05	CHG
11	22338223	22342581	2138	16573	11.43	CHH
11	24390111	24390786	172	26	86.87	CG
11	24390111	24390786	703	698	50.18	CHG
11	24390111	24390786	628	2940	17.60	CHH
12	4737413	4737840	83	191	30.29	CG
12	4737413	4737840	91	230	28.35	CHG
12	4737413	4737840	409	1030	28.42	CHH
12	4898920	4899775	724	103	87.55	CG
12	4898920	4899775	245	334	42.31	CHG
12	4898920	4899775	568	1772	24.27	CHH
12	4902073	4902516	384	67	85.14	CG
12	4902073	4902516	74	158	31.90	CHG
12	4902073	4902516	242	1023	19.13	CHH
12	9062972	9063466	542	56	90.64	CG
12	9062972	9063466	244	452	35.06	CHG
12	9062972	9063466	102	1335	7.10	CHH
12	9064169	9064334	122	9	93.13	CG
12	9064169	9064334	31	102	23.31	CHG
12	9064169	9064334	31	340	8.36	CHH
12	9064925	9066118	1043	363	74.18	CG
12	9064925	9066118	191	742	20.47	CHG
12	9064925	9066118	571	2561	18.23	CHH
12	17504082	17504299	214	10	95.54	CG
12	17504082	17504299	164	49	77.00	CHG
12	17504082	17504299	70	654	9.67	CHH
12	17987554	17988996	1829	92	95.21	CG
12	17987554	17988996	947	342	73.47	CHG
12	17987554	17988996	683	5592	10.88	CHH
12	18861738	18863268	273	15	94.79	CG
12	18861738	18863268	203	70	74.36	CHG
12	18861738	18863268	463	3351	12.14	CHH
12	18864308	18866205	2307	107	95.57	CG
12	18864308	18866205	1397	463	75.11	CHG
12	18864308	18866205	1397	6018	18.84	CHH
