1	301401	301650	135	5	96.43	CG
1	301401	301650	26	51	33.77	CHG
1	301401	301650	469	1012	31.67	CHH
1	751422	751630	402	46	89.73	CG
1	751422	751630	23	60	27.71	CHG
1	751422	751630	130	1718	7.03	CHH
1	831964	832562	546	23	95.96	CG
1	831964	832562	525	80	86.78	CHG
1	831964	832562	295	1876	13.59	CHH
1	1349307	1349537	11	7	61.11	CHG
1	1349307	1349537	87	730	10.65	CHH
1	1377440	1378052	83	1	98.81	CG
1	1377440	1378052	78	48	61.90	CHG
1	1377440	1378052	455	1802	20.16	CHH
1	1788440	1788928	170	10	94.44	CG
1	1788440	1788928	2	23	8.00	CHG
1	1788440	1788928	114	1421	7.43	CHH
1	1789091	1789350	55	15	78.57	CG
1	1789091	1789350	47	59	44.34	CHG
1	1789091	1789350	231	1703	11.94	CHH
1	2238174	2238281	44	2	95.65	CG
1	2238174	2238281	43	17	71.67	CHG
1	2238174	2238281	33	1244	2.58	CHH
1	2260684	2260758	90	315	22.22	CHH
1	4981767	4981906	149	93	61.57	CHH
1	7687746	7687909	32	4	88.89	CG
1	7687746	7687909	0	9	0.00	CHG
1	7687746	7687909	12	625	1.88	CHH
1	8431744	8431928	26	2	92.86	CG
1	8431744	8431928	212	530	28.57	CHH
1	9585903	9586147	55	45	55.00	CHG
1	9585903	9586147	293	1014	22.42	CHH
1	9767360	9767454	39	4	90.70	CG
1	9767360	9767454	29	14	67.44	CHG
1	9767360	9767454	76	498	13.24	CHH
1	10432345	10432562	78	1550	4.79	CG
1	10432345	10432562	2	804	0.25	CHG
1	10432345	10432562	4	1415	0.28	CHH
1	10834154	10834494	11	23	32.35	CHG
1	10834154	10834494	306	1145	21.09	CHH
1	10926897	10927718	1618	244	86.90	CG
1	10926897	10927718	1175	796	59.61	CHG
1	10926897	10927718	94	4977	1.85	CHH
1	11189069	11189507	541	360	60.04	CG
1	11189069	11189507	71	416	14.58	CHG
1	11189069	11189507	50	3226	1.53	CHH
1	11191256	11191497	306	27	91.89	CG
1	11191256	11191497	69	71	49.29	CHG
1	11191256	11191497	17	407	4.01	CHH
1	11796108	11796316	54	59	47.79	CG
1	11796108	11796316	19	223	7.85	CHG
1	11796108	11796316	8	898	0.88	CHH
1	11928347	11928520	26	1224	2.08	CHH
1	11940126	11940209	21	463	4.34	CHH
1	12597813	12598048	467	912	33.87	CHH
1	14322168	14322402	104	10	91.23	CG
1	14322168	14322402	37	19	66.07	CHG
1	14322168	14322402	242	693	25.88	CHH
1	14347206	14347429	40	12	76.92	CG
1	14347206	14347429	63	333	15.91	CHG
1	14347206	14347429	25	1635	1.51	CHH
1	14358588	14358799	79	5	94.05	CG
1	14358588	14358799	77	25	75.49	CHG
1	14358588	14358799	555	715	43.70	CHH
1	16709412	16710638	1760	46	97.45	CG
1	16709412	16710638	924	484	65.62	CHG
1	16709412	16710638	303	5130	5.58	CHH
1	17043053	17043218	439	21	95.43	CG
1	17043053	17043218	108	53	67.08	CHG
1	17043053	17043218	86	1157	6.92	CHH
1	18600195	18600325	139	6	95.86	CG
1	18600195	18600325	28	20	58.33	CHG
1	18600195	18600325	47	913	4.90	CHH
1	18600619	18600880	49	6	89.09	CG
1	18600619	18600880	29	1	96.67	CHG
1	18600619	18600880	47	1138	3.97	CHH
1	18984904	18985083	30	5	85.71	CG
1	18984904	18985083	24	40	37.50	CHG
1	18984904	18985083	74	222	25.00	CHH
1	23765099	23765215	5	172	2.82	CG
1	23765099	23765215	0	157	0.00	CHG
1	23765099	23765215	7	446	1.55	CHH
1	24162719	24162945	575	1103	34.27	CHH
1	26098395	26098876	92	5	94.85	CG
1	26098395	26098876	160	27	85.56	CHG
1	26098395	26098876	1326	1418	48.32	CHH
1	26638981	26639111	61	4	93.85	CG
1	26638981	26639111	94	19	83.19	CHG
1	26638981	26639111	86	576	12.99	CHH
1	27335823	27335919	89	42	67.94	CG
1	27335823	27335919	13	59	18.06	CHG
1	27335823	27335919	155	517	23.07	CHH
1	27892634	27893201	158	5	96.93	CG
1	27892634	27893201	264	73	78.34	CHG
1	27892634	27893201	735	2850	20.50	CHH
1	28104533	28104643	47	0	100.00	CG
1	28104533	28104643	479	315	60.33	CHH
1	28181036	28181173	24	13	64.86	CG
1	28181036	28181173	4	59	6.35	CHG
1	28181036	28181173	2	477	0.42	CHH
1	28494153	28494502	45	3	93.75	CG
1	28494153	28494502	88	5	94.62	CHG
1	28494153	28494502	1053	1544	40.55	CHH
1	30431887	30432457	353	16	95.66	CG
1	30431887	30432457	59	44	57.28	CHG
1	30431887	30432457	1126	1757	39.06	CHH
1	31405810	31406074	87	14	86.14	CG
1	31405810	31406074	92	98	48.42	CHG
1	31405810	31406074	560	1324	29.72	CHH
1	31589315	31589440	365	1093	25.03	CHH
1	31867822	31868209	42	5	89.36	CG
1	31867822	31868209	693	1383	33.38	CHH
1	32128407	32128528	29	2	93.55	CG
1	32128407	32128528	146	427	25.48	CHH
1	32850978	32851159	81	9	90.00	CG
1	32850978	32851159	69	30	69.70	CHG
1	32850978	32851159	528	736	41.77	CHH
1	33209708	33209844	37	6	86.05	CG
1	33209708	33209844	1	7	12.50	CHG
1	33209708	33209844	151	613	19.76	CHH
1	35537016	35537182	121	203	37.35	CHH
1	37056464	37056585	39	16	70.91	CHG
1	37056464	37056585	239	269	47.05	CHH
1	37328188	37328369	111	9	92.50	CG
1	37328188	37328369	57	12	82.61	CHG
1	37328188	37328369	1044	695	60.03	CHH
1	38496092	38496280	221	7	96.93	CG
1	38496092	38496280	34	82	29.31	CHG
1	38496092	38496280	24	1366	1.73	CHH
1	38517320	38517498	36	21	63.16	CG
1	38517320	38517498	35	33	51.47	CHG
1	38517320	38517498	210	361	36.78	CHH
1	38671419	38671601	90	2	97.83	CG
1	38671419	38671601	307	467	39.66	CHH
1	40300213	40300335	138	621	18.18	CHH
1	40395626	40395876	43	10	81.13	CG
1	40395626	40395876	490	1369	26.36	CHH
1	40617610	40617749	1	568	0.18	CHG
1	40617610	40617749	2	881	0.23	CHH
1	40701980	40702243	39	1	97.50	CG
1	40701980	40702243	1063	412	72.07	CHH
1	41145044	41145188	262	671	28.08	CHH
1	41155306	41155562	5	45	10.00	CHG
1	41155306	41155562	822	1277	39.16	CHH
1	41890335	41890557	34	6	85.00	CG
1	41890335	41890557	142	202	41.28	CHG
1	41890335	41890557	252	783	24.35	CHH
1	42087976	42088125	107	1422	7.00	CHH
1	42408453	42409215	1097	42	96.31	CG
1	42408453	42409215	593	409	59.18	CHG
1	42408453	42409215	275	3445	7.39	CHH
2	109398	109590	416	16	96.30	CG
2	109398	109590	385	112	77.46	CHG
2	109398	109590	151	1306	10.36	CHH
2	1869793	1870778	1873	83	95.76	CG
2	1869793	1870778	1361	466	74.49	CHG
2	1869793	1870778	822	5892	12.24	CHH
2	2040558	2041143	492	66	88.17	CG
2	2040558	2041143	409	102	80.04	CHG
2	2040558	2041143	77	3230	2.33	CHH
2	2375551	2375771	434	1101	28.27	CHH
2	3701574	3702250	413	80	83.77	CG
2	3701574	3702250	218	511	29.90	CHG
2	3701574	3702250	314	4780	6.16	CHH
2	4194209	4194385	57	14	80.28	CHG
2	4194209	4194385	394	434	47.58	CHH
2	4474885	4475212	446	14	96.96	CG
2	4474885	4475212	152	107	58.69	CHG
2	4474885	4475212	355	2062	14.69	CHH
2	4648186	4648420	39	3	92.86	CG
2	4648186	4648420	8	10	44.44	CHG
2	4648186	4648420	92	287	24.27	CHH
2	4947306	4947538	17	3	85.00	CG
2	4947306	4947538	148	560	20.90	CHH
2	5499042	5499299	431	18	95.99	CG
2	5499042	5499299	290	61	82.62	CHG
2	5499042	5499299	96	1929	4.74	CHH
2	5521685	5521830	102	5	95.33	CHG
2	5521685	5521830	724	607	54.40	CHH
2	6545608	6545822	58	4	93.55	CG
2	6545608	6545822	856	1723	33.19	CHH
2	6761735	6762038	27	6	81.82	CG
2	6761735	6762038	22	24	47.83	CHG
2	6761735	6762038	11	719	1.51	CHH
2	6762287	6762792	99	59	62.66	CG
2	6762287	6762792	40	128	23.81	CHG
2	6762287	6762792	18	1761	1.01	CHH
2	7605117	7605555	83	5	94.32	CG
2	7605117	7605555	69	14	83.13	CHG
2	7605117	7605555	261	1357	16.13	CHH
2	7945618	7946024	32	7	82.05	CG
2	7945618	7946024	0	12	0.00	CHG
2	7945618	7946024	16	980	1.61	CHH
2	8190084	8190413	56	8	87.50	CHG
2	8190084	8190413	515	3157	14.03	CHH
2	10791440	10791566	31	174	15.12	CHH
2	11873649	11873886	26	0	100.00	CG
2	11873649	11873886	118	653	15.30	CHH
2	12097817	12097953	100	3	97.09	CG
2	12097817	12097953	21	876	2.34	CHH
2	12299222	12299385	11	17	39.29	CHG
2	12299222	12299385	57	544	9.48	CHH
2	12333889	12333999	35	3	92.11	CG
2	12333889	12333999	17	11	60.71	CHG
2	12333889	12333999	3	315	0.94	CHH
2	12582950	12583307	124	7	94.66	CG
2	12582950	12583307	41	38	51.90	CHG
2	12582950	12583307	62	1387	4.28	CHH
2	13872268	13872613	25	199	11.16	CG
2	13872268	13872613	7	344	1.99	CHG
2	13872268	13872613	13	1706	0.76	CHH
2	13948832	13949084	56	28	66.67	CHG
2	13948832	13949084	370	706	34.39	CHH
2	15589940	15590192	52	13	80.00	CG
2	15589940	15590192	118	382	23.60	CHG
2	15589940	15590192	403	908	30.74	CHH
2	17785746	17785984	70	2	97.22	CG
2	17785746	17785984	531	513	50.86	CHH
2	19211404	19211621	68	3	95.77	CG
2	19211404	19211621	2	6	25.00	CHG
2	19211404	19211621	626	587	51.61	CHH
2	19443247	19443361	33	3	91.67	CG
2	19443247	19443361	1	17	5.56	CHG
2	19443247	19443361	11	114	8.80	CHH
2	19977858	19978135	260	17	93.86	CG
2	19977858	19978135	316	278	53.20	CHG
2	19977858	19978135	65	1662	3.76	CHH
2	20745916	20746102	53	4	92.98	CG
2	20745916	20746102	31	13	70.45	CHG
2	20745916	20746102	232	524	30.69	CHH
2	22202087	22202425	320	77	80.60	CG
2	22202087	22202425	19	143	11.73	CHG
2	22202087	22202425	47	1640	2.79	CHH
2	22399133	22399342	41	8	83.67	CG
2	22399133	22399342	156	512	23.35	CHH
2	23077446	23077593	504	515	49.46	CHH
2	23988341	23988565	21	47	30.88	CHG
2	23988341	23988565	1415	1028	57.92	CHH
2	24094388	24094772	38	1	97.44	CG
2	24094388	24094772	85	82	50.90	CHG
2	24094388	24094772	539	1175	31.45	CHH
2	24587774	24587906	84	7	92.31	CG
2	24587774	24587906	37	5	88.10	CHG
2	24587774	24587906	46	982	4.47	CHH
2	24968367	24968732	263	21	92.61	CG
2	24968367	24968732	225	151	59.84	CHG
2	24968367	24968732	403	2085	16.20	CHH
2	25258399	25258520	286	749	27.63	CHH
2	25342968	25343092	48	1	97.96	CG
2	25342968	25343092	43	8	84.31	CHG
2	25342968	25343092	43	482	8.19	CHH
2	25971572	25971883	168	265	38.80	CHH
2	27849839	27850325	1167	41	96.61	CG
2	27849839	27850325	257	199	56.36	CHG
2	27849839	27850325	176	2445	6.71	CHH
2	27969163	27969436	65	10	86.67	CG
2	27969163	27969436	54	43	55.67	CHG
2	27969163	27969436	490	726	40.30	CHH
2	28230238	28230572	253	49	83.77	CHG
2	28230238	28230572	289	2200	11.61	CHH
2	28737277	28737416	54	538	9.12	CHH
2	28787543	28787788	74	2	97.37	CG
2	28787543	28787788	19	8	70.37	CHG
2	28787543	28787788	210	526	28.53	CHH
2	29123726	29123981	169	663	20.31	CHH
2	30949004	30949191	73	12	85.88	CG
2	30949004	30949191	35	25	58.33	CHG
2	30949004	30949191	377	765	33.01	CHH
2	31639383	31639502	21	3	87.50	CG
2	31639383	31639502	94	302	23.74	CHH
2	32251509	32251649	19	8	70.37	CHG
2	32251509	32251649	73	54	57.48	CHH
2	32687570	32687718	3	400	0.74	CG
2	32687570	32687718	1	350	0.28	CHG
2	32687570	32687718	3	612	0.49	CHH
2	32980551	32980821	779	1198	39.40	CHH
2	33849781	33850113	81	76	51.59	CG
2	33849781	33850113	46	117	28.22	CHG
2	33849781	33850113	13	1559	0.83	CHH
2	33970498	33970631	0	146	0.00	CG
2	33970498	33970631	0	211	0.00	CHG
2	33970498	33970631	2	816	0.24	CHH
2	34234930	34235049	84	281	23.01	CHH
2	34582792	34582911	39	9	81.25	CHG
2	34582792	34582911	517	542	48.82	CHH
2	34952077	34952811	555	212	72.36	CG
2	34952077	34952811	225	283	44.29	CHG
2	34952077	34952811	84	2959	2.76	CHH
2	34955560	34955809	302	627	32.51	CHH
3	811663	812098	644	50	92.80	CG
3	811663	812098	88	155	36.21	CHG
3	811663	812098	156	1883	7.65	CHH
3	881089	881240	425	41	91.20	CG
3	881089	881240	21	196	9.68	CHG
3	881089	881240	6	780	0.76	CHH
3	1354664	1354914	192	3	98.46	CG
3	1354664	1354914	206	134	60.59	CHG
3	1354664	1354914	165	1344	10.93	CHH
3	2169030	2169371	915	61	93.75	CG
3	2169030	2169371	180	178	50.28	CHG
3	2169030	2169371	33	1889	1.72	CHH
3	3169366	3169453	65	141	31.55	CHH
3	3832576	3832832	58	7	89.23	CG
3	3832576	3832832	114	23	83.21	CHG
3	3832576	3832832	1863	775	70.62	CHH
3	6047207	6047392	42	3	93.33	CG
3	6047207	6047392	5	15	25.00	CHG
3	6047207	6047392	64	177	26.56	CHH
3	6570907	6571273	1271	90	93.39	CG
3	6570907	6571273	216	154	58.38	CHG
3	6570907	6571273	183	2837	6.06	CHH
3	7246619	7246872	655	49	93.04	CG
3	7246619	7246872	132	84	61.11	CHG
3	7246619	7246872	127	1619	7.27	CHH
3	8015940	8016118	219	703	23.75	CHH
3	8409618	8409743	3	214	1.38	CG
3	8409618	8409743	1	183	0.54	CHG
3	8409618	8409743	5	692	0.72	CHH
3	8629457	8629689	38	2	95.00	CG
3	8629457	8629689	20	2	90.91	CHG
3	8629457	8629689	521	627	45.38	CHH
3	8942617	8943063	374	19	95.17	CG
3	8942617	8943063	341	77	81.58	CHG
3	8942617	8943063	493	3132	13.60	CHH
3	9319923	9320317	139	8	94.56	CG
3	9319923	9320317	14	19	42.42	CHG
3	9319923	9320317	57	1211	4.50	CHH
3	11067334	11067625	26	0	100.00	CG
3	11067334	11067625	35	1	97.22	CHG
3	11067334	11067625	305	921	24.88	CHH
3	11642409	11642580	79	52	60.31	CHG
3	11642409	11642580	1086	567	65.70	CHH
3	11857284	11857411	7	12	36.84	CHG
3	11857284	11857411	39	323	10.77	CHH
3	12675151	12675358	53	4	92.98	CG
3	12675151	12675358	7	19	26.92	CHG
3	12675151	12675358	203	1868	9.80	CHH
3	13124743	13124928	63	6	91.30	CG
3	13124743	13124928	29	5	85.29	CHG
3	13124743	13124928	734	238	75.51	CHH
3	13748697	13748918	31	3	91.18	CHG
3	13748697	13748918	321	902	26.25	CHH
3	14057905	14058092	225	18	92.59	CG
3	14057905	14058092	61	30	67.03	CHG
3	14057905	14058092	52	1049	4.72	CHH
3	14749193	14749460	70	7	90.91	CG
3	14749193	14749460	511	735	41.01	CHH
3	15103668	15103782	26	1	96.30	CHG
3	15103668	15103782	74	435	14.54	CHH
3	15113224	15113412	68	1614	4.04	CHH
3	15134383	15134587	198	1770	10.06	CHH
3	15613686	15613799	34	70	32.69	CG
3	15613686	15613799	10	90	10.00	CHG
3	15613686	15613799	2	481	0.41	CHH
3	16709783	16710100	490	36	93.16	CG
3	16709783	16710100	335	158	67.95	CHG
3	16709783	16710100	89	2160	3.96	CHH
3	16776362	16776567	115	861	11.78	CHH
3	17308009	17308190	56	2	96.55	CG
3	17308009	17308190	50	5	90.91	CHG
3	17308009	17308190	51	1542	3.20	CHH
3	17916587	17916910	105	27	79.55	CG
3	17916587	17916910	23	13	63.89	CHG
3	17916587	17916910	707	650	52.10	CHH
3	18637898	18638001	38	4	90.48	CG
3	18637898	18638001	13	107	10.83	CHH
3	20725201	20725339	35	4	89.74	CG
3	20725201	20725339	47	15	75.81	CHG
3	20725201	20725339	28	1242	2.20	CHH
3	23359385	23359602	49	1	98.00	CG
3	23359385	23359602	1	9	10.00	CHG
3	23359385	23359602	43	658	6.13	CHH
3	24411908	24412466	43	212	16.86	CG
3	24411908	24412466	7	234	2.90	CHG
3	24411908	24412466	6	1669	0.36	CHH
3	24572450	24572571	8	364	2.15	CHH
3	24924369	24924505	84	7	92.31	CG
3	24924369	24924505	3	9	25.00	CHG
3	24924369	24924505	394	538	42.27	CHH
3	25320199	25320294	72	528	12.00	CHH
3	26123077	26123398	218	14	93.97	CG
3	26123077	26123398	298	224	57.09	CHG
3	26123077	26123398	59	1826	3.13	CHH
3	26143599	26144289	115	393	22.64	CG
3	26143599	26144289	13	717	1.78	CHG
3	26143599	26144289	31	3500	0.88	CHH
3	26819731	26819992	21	8	72.41	CHG
3	26819731	26819992	229	824	21.75	CHH
3	27436719	27436866	30	0	100.00	CHG
3	27436719	27436866	133	396	25.14	CHH
3	27617928	27618015	4	104	3.70	CG
3	27617928	27618015	7	64	9.86	CHG
3	27617928	27618015	5	427	1.16	CHH
3	27618313	27618751	36	26	58.06	CG
3	27618313	27618751	32	152	17.39	CHG
3	27618313	27618751	19	833	2.23	CHH
3	27626160	27626452	227	76	74.92	CG
3	27626160	27626452	10	160	5.88	CHG
3	27626160	27626452	88	1506	5.52	CHH
3	27785308	27785617	15	7	68.18	CG
3	27785308	27785617	209	732	22.21	CHH
3	28228225	28228487	313	764	29.06	CHH
3	29591935	29592097	30	2	93.75	CG
3	29591935	29592097	1	3	25.00	CHG
3	29591935	29592097	135	226	37.40	CHH
3	29675163	29675476	19	2	90.48	CG
3	29675163	29675476	279	964	22.45	CHH
3	29885011	29885181	40	0	100.00	CG
3	29885011	29885181	48	16	75.00	CHG
3	29885011	29885181	102	207	33.01	CHH
3	30100210	30100463	15	0	100.00	CG
3	30100210	30100463	109	546	16.64	CHH
3	30420791	30420983	634	715	47.00	CHH
3	30830679	30830818	722	925	43.84	CHH
3	31089191	31090510	2213	88	96.18	CG
3	31089191	31090510	1433	391	78.56	CHG
3	31089191	31090510	930	6124	13.18	CHH
3	31423977	31424278	177	492	26.46	CHH
3	31722863	31723138	801	786	50.47	CHH
3	32006376	32006716	21	5	80.77	CHG
3	32006376	32006716	512	864	37.21	CHH
3	32110687	32111197	700	24	96.69	CG
3	32110687	32111197	434	183	70.34	CHG
3	32110687	32111197	618	2348	20.84	CHH
3	32173553	32173723	26	72	26.53	CHG
3	32173553	32173723	10	812	1.22	CHH
3	32182087	32182430	55	5	91.67	CG
3	32182087	32182430	8	48	14.29	CHG
3	32182087	32182430	509	801	38.85	CHH
3	33684752	33685642	1309	57	95.83	CG
3	33684752	33685642	737	474	60.86	CHG
3	33684752	33685642	245	6984	3.39	CHH
4	468669	468758	120	299	28.64	CHH
4	4915709	4916399	872	38	95.82	CG
4	4915709	4916399	422	126	77.01	CHG
4	4915709	4916399	339	3047	10.01	CHH
4	7381268	7381662	224	16	93.33	CG
4	7381268	7381662	210	119	63.83	CHG
4	7381268	7381662	206	2545	7.49	CHH
4	7888722	7888904	44	0	100.00	CG
4	7888722	7888904	20	1	95.24	CHG
4	7888722	7888904	213	451	32.08	CHH
4	7955024	7955201	43	2	95.56	CG
4	7955024	7955201	24	1	96.00	CHG
4	7955024	7955201	196	358	35.38	CHH
4	15396846	15397090	298	18	94.30	CG
4	15396846	15397090	190	138	57.93	CHG
4	15396846	15397090	12	913	1.30	CHH
4	19683995	19684552	231	470	32.95	CG
4	19683995	19684552	63	813	7.19	CHG
4	19683995	19684552	19	3419	0.55	CHH
4	19744896	19745083	47	14	77.05	CG
4	19744896	19745083	30	912	3.18	CHH
4	20001003	20001260	88	15	85.44	CHG
4	20001003	20001260	1063	912	53.82	CHH
4	20595423	20595521	18	5	78.26	CG
4	20595423	20595521	1	9	10.00	CHG
4	20595423	20595521	104	395	20.84	CHH
4	21627729	21627912	70	1	98.59	CG
4	21627729	21627912	52	6	89.66	CHG
4	21627729	21627912	610	462	56.90	CHH
4	21744228	21744373	69	13	84.15	CG
4	21744228	21744373	1	12	7.69	CHG
4	21744228	21744373	174	415	29.54	CHH
4	21934032	21934221	9	373	2.36	CHH
4	21962681	21962889	79	8	90.80	CG
4	21962681	21962889	50	33	60.24	CHG
4	21962681	21962889	133	698	16.00	CHH
4	22575513	22575843	58	1559	3.59	CHH
4	24030042	24030690	385	22	94.59	CG
4	24030042	24030690	375	118	76.06	CHG
4	24030042	24030690	654	4008	14.03	CHH
4	24127511	24127670	105	2	98.13	CG
4	24127511	24127670	62	7	89.86	CHG
4	24127511	24127670	492	878	35.91	CHH
4	25426804	25426964	2	37	5.13	CHG
4	25426804	25426964	89	948	8.58	CHH
4	25457672	25458128	1100	51	95.57	CG
4	25457672	25458128	260	169	60.61	CHG
4	25457672	25458128	160	2732	5.53	CHH
4	25472006	25472224	1	30	3.23	CHG
4	25472006	25472224	32	697	4.39	CHH
4	25475165	25475574	99	5	95.19	CG
4	25475165	25475574	109	225	32.63	CHG
4	25475165	25475574	342	1407	19.55	CHH
4	26530153	26530244	30	166	15.31	CHH
4	27630370	27630458	52	271	16.10	CHH
4	27903713	27903888	92	533	14.72	CHH
4	27907257	27907388	25	2	92.59	CG
4	27907257	27907388	0	13	0.00	CHG
4	27907257	27907388	78	645	10.79	CHH
4	28531802	28532069	12	1	92.31	CG
4	28531802	28532069	1	5	16.67	CHG
4	28531802	28532069	43	487	8.11	CHH
4	28847972	28848187	29	1	96.67	CG
4	28847972	28848187	9	11	45.00	CHG
4	28847972	28848187	140	1067	11.60	CHH
4	29191225	29191443	51	7	87.93	CG
4	29191225	29191443	59	117	33.52	CHG
4	29191225	29191443	156	596	20.74	CHH
4	30022367	30022520	28	7	80.00	CG
4	30022367	30022520	73	330	18.11	CHH
4	30176025	30176485	151	27	84.83	CG
4	30176025	30176485	14	62	18.42	CHG
4	30176025	30176485	1199	1625	42.46	CHH
4	32693175	32693646	376	13	96.66	CG
4	32693175	32693646	308	141	68.60	CHG
4	32693175	32693646	83	1442	5.44	CHH
4	33655119	33655383	162	9	94.74	CG
4	33655119	33655383	43	1823	2.30	CHH
4	33656481	33656726	777	29	96.40	CG
4	33656481	33656726	29	98	22.83	CHG
4	33656481	33656726	51	1389	3.54	CHH
4	33881401	33881625	482	27	94.70	CG
4	33881401	33881625	367	181	66.97	CHG
4	33881401	33881625	254	1243	16.97	CHH
4	35050130	35050413	0	160	0.00	CG
4	35050130	35050413	0	232	0.00	CHG
4	35050130	35050413	9	1452	0.62	CHH
5	490310	490462	380	18	95.48	CG
5	490310	490462	319	62	83.73	CHG
5	490310	490462	84	998	7.76	CHH
5	1679699	1679790	242	393	38.11	CHH
5	2851958	2852160	253	863	22.67	CHH
5	4894101	4894252	267	561	32.25	CHH
5	5433067	5433323	58	2	96.67	CG
5	5433067	5433323	49	19	72.06	CHG
5	5433067	5433323	156	513	23.32	CHH
5	5754539	5754748	18	13	58.06	CG
5	5754539	5754748	9	15	37.50	CHG
5	5754539	5754748	32	455	6.57	CHH
5	6765407	6765604	69	4	94.52	CG
5	6765407	6765604	62	59	51.24	CHG
5	6765407	6765604	58	717	7.48	CHH
5	6820542	6820679	30	1	96.77	CG
5	6820542	6820679	5	10	33.33	CHG
5	6820542	6820679	169	480	26.04	CHH
5	7418842	7418942	75	117	39.06	CHH
5	7972537	7972780	24	1	96.00	CG
5	7972537	7972780	9	16	36.00	CHG
5	7972537	7972780	206	700	22.74	CHH
5	10755227	10755310	52	2	96.30	CG
5	10755227	10755310	8	284	2.74	CHH
5	10919623	10920166	446	69	86.60	CG
5	10919623	10920166	86	85	50.29	CHG
5	10919623	10920166	63	2833	2.18	CHH
5	16273063	16273157	75	307	19.63	CHH
5	16311105	16311318	48	2	96.00	CG
5	16311105	16311318	27	13	67.50	CHG
5	16311105	16311318	198	651	23.32	CHH
5	16856035	16856371	262	10	96.32	CG
5	16856035	16856371	367	80	82.10	CHG
5	16856035	16856371	74	2179	3.28	CHH
5	17137118	17137270	39	3	92.86	CG
5	17137118	17137270	489	359	57.67	CHH
5	17258135	17258245	31	4	88.57	CG
5	17258135	17258245	169	275	38.06	CHH
5	17317435	17317693	89	4	95.70	CG
5	17317435	17317693	107	58	64.85	CHG
5	17317435	17317693	408	1425	22.26	CHH
5	19716275	19716490	58	3	95.08	CG
5	19716275	19716490	5	32	13.51	CHG
5	19716275	19716490	110	1550	6.63	CHH
5	21149049	21149184	3	206	1.44	CG
5	21149049	21149184	1	219	0.45	CHG
5	21149049	21149184	3	743	0.40	CHH
5	21464548	21464805	245	770	24.14	CHH
5	21857485	21857720	199	8	96.14	CG
5	21857485	21857720	222	108	67.27	CHG
5	21857485	21857720	59	1598	3.56	CHH
5	21875509	21875764	213	10	95.52	CG
5	21875509	21875764	211	68	75.63	CHG
5	21875509	21875764	233	1661	12.30	CHH
5	22000757	22000964	49	27	64.47	CHG
5	22000757	22000964	1465	599	70.98	CHH
5	22219878	22220102	819	540	60.26	CHH
5	22429520	22429752	106	9	92.17	CG
5	22429520	22429752	42	46	47.73	CHG
5	22429520	22429752	465	1363	25.44	CHH
5	22973734	22973969	781	1550	33.50	CHH
5	23987118	23987584	670	30	95.71	CG
5	23987118	23987584	818	379	68.34	CHG
5	23987118	23987584	90	4260	2.07	CHH
5	24142822	24143088	121	5	96.03	CG
5	24142822	24143088	14	28	33.33	CHG
5	24142822	24143088	401	752	34.78	CHH
5	24848633	24848969	82	51	61.65	CHG
5	24848633	24848969	523	1595	24.69	CHH
5	25347572	25347835	75	347	17.77	CG
5	25347572	25347835	0	406	0.00	CHG
5	25347572	25347835	10	1483	0.67	CHH
5	25348057	25348813	148	97	60.41	CG
5	25348057	25348813	7	1137	0.61	CHG
5	25348057	25348813	18	4016	0.45	CHH
5	25916465	25916630	31	10	75.61	CHG
5	25916465	25916630	50	234	17.61	CHH
5	26950841	26950938	12	2	85.71	CG
5	26950841	26950938	19	148	11.38	CHH
5	26989629	26989802	16	11	59.26	CHG
5	26989629	26989802	765	589	56.50	CHH
6	302524	302830	23	1	95.83	CG
6	302524	302830	249	780	24.20	CHH
6	2377299	2377436	21	35	37.50	CG
6	2377299	2377436	0	47	0.00	CHG
6	2377299	2377436	0	365	0.00	CHH
6	2717082	2717211	59	246	19.34	CHH
6	2924454	2924561	35	13	72.92	CG
6	2924454	2924561	11	224	4.68	CHH
6	3943947	3944133	170	1476	10.33	CHH
6	4186290	4186414	87	435	16.67	CHH
6	5151759	5151869	79	130	37.80	CHH
6	5377103	5377226	7	64	9.86	CHG
6	5377103	5377226	284	951	23.00	CHH
6	6081368	6081698	29	518	5.30	CG
6	6081368	6081698	3	277	1.07	CHG
6	6081368	6081698	15	1873	0.79	CHH
6	7060562	7060710	406	942	30.12	CHH
6	7540043	7540265	149	10	93.71	CG
6	7540043	7540265	29	42	40.85	CHG
6	7540043	7540265	297	1611	15.57	CHH
6	7540556	7540748	76	22	77.55	CG
6	7540556	7540748	190	859	18.11	CHH
6	7725720	7725950	315	20	94.03	CG
6	7725720	7725950	252	257	49.51	CHG
6	7725720	7725950	33	1270	2.53	CHH
6	8356414	8356617	306	764	28.60	CHH
6	8927960	8928209	37	1	97.37	CG
6	8927960	8928209	153	117	56.67	CHG
6	8927960	8928209	229	763	23.08	CHH
6	9469938	9470183	310	677	31.41	CHH
6	11300952	11301165	17	19	47.22	CG
6	11300952	11301165	47	57	45.19	CHG
6	11300952	11301165	10	1227	0.81	CHH
6	11305250	11305430	2	124	1.59	CG
6	11305250	11305430	0	22	0.00	CHG
6	11305250	11305430	4	437	0.91	CHH
6	11997277	11997419	164	7	95.91	CG
6	11997277	11997419	26	59	30.59	CHG
6	11997277	11997419	13	1005	1.28	CHH
6	13738650	13738842	19	29	39.58	CG
6	13738650	13738842	2	113	1.74	CHG
6	13738650	13738842	5	659	0.75	CHH
6	13951510	13951630	86	2	97.73	CG
6	13951510	13951630	133	76	63.64	CHG
6	13951510	13951630	26	703	3.57	CHH
6	14809518	14809915	211	15	93.36	CG
6	14809518	14809915	133	172	43.61	CHG
6	14809518	14809915	855	2296	27.13	CHH
6	19710274	19711097	453	92	83.12	CG
6	19710274	19711097	234	770	23.31	CHG
6	19710274	19711097	71	3328	2.09	CHH
6	20384125	20384463	56	218	20.44	CG
6	20384125	20384463	42	359	10.47	CHG
6	20384125	20384463	62	1974	3.05	CHH
6	22376044	22376666	106	26	80.30	CG
6	22376044	22376666	24	80	23.08	CHG
6	22376044	22376666	163	2048	7.37	CHH
6	23395298	23395797	152	6	96.20	CG
6	23395298	23395797	46	29	61.33	CHG
6	23395298	23395797	645	1628	28.38	CHH
6	23537611	23537873	54	10	84.38	CHG
6	23537611	23537873	144	733	16.42	CHH
6	24030066	24030155	78	34	69.64	CHG
6	24030066	24030155	164	79	67.49	CHH
6	24282820	24282990	72	12	85.71	CHG
6	24282820	24282990	813	809	50.12	CHH
6	25073298	25073513	96	8	92.31	CG
6	25073298	25073513	34	70	32.69	CHG
6	25073298	25073513	315	1112	22.07	CHH
6	25078471	25078618	14	21	40.00	CHG
6	25078471	25078618	120	837	12.54	CHH
6	25314682	25315364	361	24	93.77	CG
6	25314682	25315364	255	100	71.83	CHG
6	25314682	25315364	786	4301	15.45	CHH
6	26183206	26183498	28	4	87.50	CG
6	26183206	26183498	325	859	27.45	CHH
6	26270983	26271153	79	3	96.34	CG
6	26270983	26271153	47	34	58.02	CHG
6	26270983	26271153	1283	922	58.19	CHH
6	26899910	26900127	35	3	92.11	CG
6	26899910	26900127	247	832	22.89	CHH
6	27022910	27023085	329	37	89.89	CG
6	27022910	27023085	39	1099	3.43	CHH
6	29399343	29399607	58	11	84.06	CG
6	29399343	29399607	12	43	21.82	CHG
6	29399343	29399607	318	1250	20.28	CHH
6	30191023	30191331	282	16	94.63	CG
6	30191023	30191331	480	80	85.71	CHG
6	30191023	30191331	535	2110	20.23	CHH
6	30403805	30404034	28	482	5.49	CHH
6	30913757	30913901	43	2	95.56	CG
6	30913757	30913901	0	2	0.00	CHG
6	30913757	30913901	57	180	24.05	CHH
7	436559	436644	13	2	86.67	CHH
7	553125	553382	5	29	14.71	CHG
7	553125	553382	142	1440	8.98	CHH
7	1581483	1581569	18	54	25.00	CHG
7	1581483	1581569	38	880	4.14	CHH
7	2236802	2236948	74	5	93.67	CG
7	2236802	2236948	10	16	38.46	CHG
7	2236802	2236948	22	934	2.30	CHH
7	2529367	2529520	708	375	65.37	CHH
7	3142735	3143078	445	20	95.70	CG
7	3142735	3143078	269	244	52.44	CHG
7	3142735	3143078	266	2137	11.07	CHH
7	3169312	3169590	9	37	19.57	CHG
7	3169312	3169590	334	1525	17.97	CHH
7	3220899	3221205	24	4	85.71	CG
7	3220899	3221205	526	1065	33.06	CHH
7	3739834	3740067	102	10	91.07	CG
7	3739834	3740067	40	43	48.19	CHG
7	3739834	3740067	494	1177	29.56	CHH
7	4348410	4348541	0	119	0.00	CG
7	4348410	4348541	1	92	1.08	CHG
7	4348410	4348541	1	594	0.17	CHH
7	5121301	5121458	34	20	62.96	CG
7	5121301	5121458	19	8	70.37	CHG
7	5121301	5121458	119	424	21.92	CHH
7	6141659	6141862	329	14	95.92	CG
7	6141659	6141862	168	65	72.10	CHG
7	6141659	6141862	144	1052	12.04	CHH
7	7806227	7806511	16	23	41.03	CHG
7	7806227	7806511	534	787	40.42	CHH
7	8049142	8049326	210	6	97.22	CG
7	8049142	8049326	31	54	36.47	CHG
7	8049142	8049326	33	616	5.08	CHH
7	8294134	8294483	2	284	0.70	CG
7	8294134	8294483	1	412	0.24	CHG
7	8294134	8294483	7	2209	0.32	CHH
7	8334119	8334358	5	23	17.86	CHG
7	8334119	8334358	314	655	32.40	CHH
7	8993394	8993705	57	4	93.44	CG
7	8993394	8993705	134	1045	11.37	CHH
7	13286370	13286485	78	643	10.82	CHH
7	15188698	15188829	7	20	25.93	CHG
7	15188698	15188829	8	648	1.22	CHH
7	15431878	15432092	171	6	96.61	CG
7	15431878	15432092	49	28	63.64	CHG
7	15431878	15432092	731	1123	39.43	CHH
7	15677983	15678606	245	558	30.51	CG
7	15677983	15678606	78	732	9.63	CHG
7	15677983	15678606	39	3592	1.07	CHH
7	16599468	16599909	112	28	80.00	CG
7	16599468	16599909	19	568	3.24	CHG
7	16599468	16599909	24	2567	0.93	CHH
7	17099241	17099723	47	0	100.00	CHG
7	17099241	17099723	1298	1751	42.57	CHH
7	17790357	17790553	48	19	71.64	CG
7	17790357	17790553	99	91	52.11	CHG
7	17790357	17790553	780	994	43.97	CHH
7	18624941	18625154	60	3	95.24	CG
7	18624941	18625154	38	56	40.43	CHG
7	18624941	18625154	252	1832	12.09	CHH
7	18712663	18712940	420	624	40.23	CHH
7	19254932	19255653	50	562	8.17	CG
7	19254932	19255653	3	1707	0.18	CHG
7	19254932	19255653	23	4260	0.54	CHH
7	20129015	20129222	107	1044	9.30	CHH
7	20150949	20151108	42	3	93.33	CG
7	20150949	20151108	58	38	60.42	CHG
7	20150949	20151108	39	1197	3.16	CHH
7	20424851	20425235	26	3	89.66	CG
7	20424851	20425235	293	1175	19.96	CHH
7	21311702	21311873	112	3	97.39	CG
7	21311702	21311873	153	41	78.87	CHG
7	21311702	21311873	852	948	47.33	CHH
7	22392996	22393180	232	18	92.80	CG
7	22392996	22393180	248	61	80.26	CHG
7	22392996	22393180	86	1518	5.36	CHH
7	22532503	22532689	348	640	35.22	CHH
7	22933956	22934220	670	30	95.71	CG
7	22933956	22934220	233	71	76.64	CHG
7	22933956	22934220	127	1575	7.46	CHH
7	24616760	24617444	659	49	93.08	CG
7	24616760	24617444	468	192	70.91	CHG
7	24616760	24617444	215	2738	7.28	CHH
7	24811648	24811977	48	4	92.31	CG
7	24811648	24811977	19	18	51.35	CHG
7	24811648	24811977	559	1972	22.09	CHH
7	24948880	24949085	244	558	30.42	CHH
7	25909857	25910353	325	22	93.66	CG
7	25909857	25910353	287	277	50.89	CHG
7	25909857	25910353	200	2809	6.65	CHH
7	26251607	26251758	201	230	46.64	CHH
7	26258085	26258557	1290	65	95.20	CG
7	26258085	26258557	310	124	71.43	CHG
7	26258085	26258557	320	2895	9.95	CHH
7	27119822	27120089	41	4	91.11	CG
7	27119822	27120089	4	41	8.89	CHG
7	27119822	27120089	418	1567	21.06	CHH
7	27169621	27169836	1	60	1.64	CG
7	27169621	27169836	5	438	1.13	CHG
7	27169621	27169836	14	1559	0.89	CHH
7	27307263	27307688	433	23	94.96	CG
7	27307263	27307688	304	204	59.84	CHG
7	27307263	27307688	304	2138	12.45	CHH
7	28376367	28376563	82	5	94.25	CG
7	28376367	28376563	63	25	71.59	CHG
7	28376367	28376563	284	990	22.29	CHH
7	29243799	29244004	234	773	23.24	CHH
7	29311074	29311344	397	871	31.31	CHH
7	29467990	29468204	622	1344	31.64	CHH
8	1575049	1575210	220	705	23.78	CHH
8	1623373	1623626	26	0	100.00	CG
8	1623373	1623626	3	16	15.79	CHG
8	1623373	1623626	196	892	18.01	CHH
8	2431336	2431426	84	160	34.43	CG
8	2431336	2431426	9	12	42.86	CHG
8	2431336	2431426	82	1132	6.75	CHH
8	3073639	3073816	18	55	24.66	CG
8	3073639	3073816	21	159	11.67	CHG
8	3073639	3073816	28	634	4.23	CHH
8	3388417	3388667	115	11	91.27	CG
8	3388417	3388667	49	67	42.24	CHG
8	3388417	3388667	813	1798	31.14	CHH
8	3751907	3752073	235	7	97.11	CG
8	3751907	3752073	91	83	52.30	CHG
8	3751907	3752073	34	664	4.87	CHH
8	3958363	3958508	426	616	40.88	CHH
8	5131858	5132029	124	15	89.21	CHG
8	5131858	5132029	768	1082	41.51	CHH
8	5321619	5321826	50	5	90.91	CG
8	5321619	5321826	1	1	50.00	CHG
8	5321619	5321826	263	595	30.65	CHH
8	5680035	5680214	85	4	95.51	CG
8	5680035	5680214	94	12	88.68	CHG
8	5680035	5680214	93	1146	7.51	CHH
8	5836841	5837082	92	6	93.88	CG
8	5836841	5837082	379	715	34.64	CHH
8	6111458	6111746	252	19	92.99	CG
8	6111458	6111746	130	142	47.79	CHG
8	6111458	6111746	138	2200	5.90	CHH
8	6753823	6754136	42	3	93.33	CG
8	6753823	6754136	95	27	77.87	CHG
8	6753823	6754136	370	1283	22.38	CHH
8	7603360	7603612	62	2	96.88	CG
8	7603360	7603612	325	727	30.89	CHH
8	8071926	8072156	324	24	93.10	CG
8	8071926	8072156	35	33	51.47	CHG
8	8071926	8072156	176	1100	13.79	CHH
8	10060129	10060270	508	272	65.13	CHH
8	10886885	10887057	27	3	90.00	CG
8	10886885	10887057	0	7	0.00	CHG
8	10886885	10887057	4	300	1.32	CHH
8	11782944	11783090	82	22	78.85	CHG
8	11782944	11783090	380	1259	23.18	CHH
8	12350212	12350309	13	0	100.00	CG
8	12350212	12350309	0	5	0.00	CHG
8	12350212	12350309	44	169	20.66	CHH
8	15503593	15503835	36	4	90.00	CG
8	15503593	15503835	276	1183	18.92	CHH
8	18141156	18141305	74	333	18.18	CHH
8	19423131	19423387	25	4	86.21	CG
8	19423131	19423387	3	10	23.08	CHG
8	19423131	19423387	266	838	24.09	CHH
8	20377385	20377714	1068	77	93.28	CG
8	20377385	20377714	115	146	44.06	CHG
8	20377385	20377714	73	2277	3.11	CHH
8	20558563	20558824	46	8	85.19	CG
8	20558563	20558824	44	14	75.86	CHG
8	20558563	20558824	770	712	51.96	CHH
8	21654366	21654527	129	50	72.07	CG
8	21654366	21654527	47	136	25.68	CHG
8	21654366	21654527	124	809	13.29	CHH
8	22741998	22742320	6	24	20.00	CHG
8	22741998	22742320	389	1109	25.97	CHH
8	22776595	22776863	36	1	97.30	CG
8	22776595	22776863	105	71	59.66	CHG
8	22776595	22776863	233	748	23.75	CHH
8	22948102	22948411	22	5	81.48	CG
8	22948102	22948411	439	904	32.69	CHH
8	23349964	23350100	78	12	86.67	CG
8	23349964	23350100	51	1119	4.36	CHH
8	23488434	23488729	382	38	90.95	CG
8	23488434	23488729	151	100	60.16	CHG
8	23488434	23488729	531	2228	19.25	CHH
8	24309357	24309533	4	107	3.60	CG
8	24309357	24309533	6	293	2.01	CHG
8	24309357	24309533	7	979	0.71	CHH
8	24422312	24422568	48	3	94.12	CG
8	24422312	24422568	59	63	48.36	CHG
8	24422312	24422568	591	1085	35.26	CHH
8	24735337	24736197	407	156	72.29	CG
8	24735337	24736197	69	834	7.64	CHG
8	24735337	24736197	38	5952	0.63	CHH
8	24736834	24737078	526	28	94.95	CG
8	24736834	24737078	58	146	28.43	CHG
8	24736834	24737078	19	1555	1.21	CHH
8	24750449	24750953	414	41	90.99	CG
8	24750449	24750953	290	317	47.78	CHG
8	24750449	24750953	33	4503	0.73	CHH
8	24768225	24768508	122	50	70.93	CG
8	24768225	24768508	1	282	0.35	CHG
8	24768225	24768508	16	2574	0.62	CHH
8	24784953	24785097	56	6	90.32	CG
8	24784953	24785097	19	19	50.00	CHG
8	24784953	24785097	12	622	1.89	CHH
8	24834030	24834325	67	6	91.78	CG
8	24834030	24834325	33	3	91.67	CHG
8	24834030	24834325	495	884	35.90	CHH
8	24968997	24969171	42	1	97.67	CG
8	24968997	24969171	36	3	92.31	CHG
8	24968997	24969171	178	231	43.52	CHH
8	26169264	26169435	187	18	91.22	CG
8	26169264	26169435	27	45	37.50	CHG
8	26169264	26169435	128	217	37.10	CHH
8	26441035	26441114	12	62	16.22	CHG
8	26441035	26441114	8	496	1.59	CHH
8	26827794	26828034	26	83	23.85	CG
8	26827794	26828034	6	76	7.32	CHG
8	26827794	26828034	7	393	1.75	CHH
8	27623734	27623958	477	25	95.02	CG
8	27623734	27623958	222	153	59.20	CHG
8	27623734	27623958	230	1223	15.83	CHH
8	28152674	28152872	567	495	53.39	CHH
8	28409753	28410078	80	2	97.56	CG
8	28409753	28410078	123	4	96.85	CHG
8	28409753	28410078	397	1522	20.69	CHH
9	1254705	1254916	205	11	94.91	CG
9	1254705	1254916	7	20	25.93	CHG
9	1254705	1254916	192	795	19.45	CHH
9	1884036	1884200	103	780	11.66	CHH
9	3634113	3634220	34	5	87.18	CHG
9	3634113	3634220	177	457	27.92	CHH
9	3933418	3933532	43	2	95.56	CG
9	3933418	3933532	22	23	48.89	CHG
9	3933418	3933532	169	390	30.23	CHH
9	4570159	4570785	777	29	96.40	CG
9	4570159	4570785	719	226	76.08	CHG
9	4570159	4570785	160	4353	3.55	CHH
9	7158967	7159348	9	42	17.65	CG
9	7158967	7159348	4	93	4.12	CHG
9	7158967	7159348	4	1033	0.39	CHH
9	10378957	10379055	303	86	77.89	CG
9	10378957	10379055	28	338	7.65	CHG
9	10378957	10379055	2	1030	0.19	CHH
9	10754150	10754480	34	4	89.47	CG
9	10754150	10754480	52	28	65.00	CHG
9	10754150	10754480	891	1109	44.55	CHH
9	11037393	11037551	43	562	7.11	CHH
9	14633566	14633811	235	8	96.71	CG
9	14633566	14633811	133	48	73.48	CHG
9	14633566	14633811	514	1267	28.86	CHH
9	16086094	16086273	63	8	88.73	CG
9	16086094	16086273	28	35	44.44	CHG
9	16086094	16086273	40	214	15.75	CHH
9	16215726	16215834	138	538	20.41	CHH
9	16663866	16664244	202	165	55.04	CG
9	16663866	16664244	27	528	4.86	CHG
9	16663866	16664244	25	2530	0.98	CHH
9	16928122	16928188	17	400	4.08	CHH
9	17420619	17420974	75	3	96.15	CG
9	17420619	17420974	164	48	77.36	CHG
9	17420619	17420974	290	1547	15.79	CHH
9	19098095	19098253	35	2	94.59	CG
9	19098095	19098253	45	21	68.18	CHG
9	19098095	19098253	520	476	52.21	CHH
9	21886164	21886293	46	573	7.43	CHH
10	368179	368447	53	22	70.67	CHG
10	368179	368447	628	1105	36.24	CHH
10	404795	404929	173	8	95.58	CG
10	404795	404929	3	26	10.34	CHG
10	404795	404929	45	327	12.10	CHH
10	1838124	1838526	47	5	90.38	CG
10	1838124	1838526	19	6	76.00	CHG
10	1838124	1838526	371	662	35.91	CHH
10	1890175	1890720	452	33	93.20	CG
10	1890175	1890720	187	501	27.18	CHG
10	1890175	1890720	104	3763	2.69	CHH
10	2576261	2576420	721	1306	35.57	CHH
10	3444619	3445144	120	127	48.58	CG
10	3444619	3445144	54	281	16.12	CHG
10	3444619	3445144	10	1466	0.68	CHH
10	5680298	5680662	6	1330	0.45	CG
10	5680298	5680662	9	1461	0.61	CHG
10	5680298	5680662	19	2581	0.73	CHH
10	6420591	6420748	0	163	0.00	CHG
10	6420591	6420748	4	687	0.58	CHH
10	7535391	7535626	149	885	14.41	CHH
10	8506073	8506152	23	43	34.85	CG
10	8506073	8506152	4	371	1.07	CHH
10	9497876	9498140	158	7	95.76	CG
10	9497876	9498140	17	18	48.57	CHG
10	9497876	9498140	577	759	43.19	CHH
10	11192936	11193103	116	4	96.67	CG
10	11192936	11193103	26	97	21.14	CHG
10	11192936	11193103	81	345	19.01	CHH
10	11922949	11923127	53	1	98.15	CG
10	11922949	11923127	134	30	81.71	CHG
10	11922949	11923127	205	288	41.58	CHH
10	12206026	12206233	37	4	90.24	CG
10	12206026	12206233	8	32	20.00	CHG
10	12206026	12206233	629	635	49.76	CHH
10	13147744	13147963	386	34	91.90	CG
10	13147744	13147963	118	58	67.05	CHG
10	13147744	13147963	64	1796	3.44	CHH
10	15011394	15011890	350	84	80.65	CG
10	15011394	15011890	108	210	33.96	CHG
10	15011394	15011890	149	1879	7.35	CHH
10	15870323	15870605	76	6	92.68	CG
10	15870323	15870605	38	276	12.10	CHG
10	15870323	15870605	61	971	5.91	CHH
10	15986243	15986518	2	19	9.52	CG
10	15986243	15986518	3	110	2.65	CHG
10	15986243	15986518	3	783	0.38	CHH
10	15991567	15992011	6	817	0.73	CG
10	15991567	15992011	5	1268	0.39	CHG
10	15991567	15992011	14	3819	0.37	CHH
10	16003795	16003950	1	20	4.76	CG
10	16003795	16003950	2	126	1.56	CHG
10	16003795	16003950	3	432	0.69	CHH
10	16208913	16209034	48	4	92.31	CG
10	16208913	16209034	45	20	69.23	CHG
10	16208913	16209034	466	359	56.48	CHH
10	17033161	17033405	694	42	94.29	CG
10	17033161	17033405	176	108	61.97	CHG
10	17033161	17033405	345	1455	19.17	CHH
10	18046108	18046282	342	356	49.00	CHH
10	18101624	18101816	303	27	91.82	CG
10	18101624	18101816	116	139	45.49	CHG
10	18101624	18101816	444	719	38.18	CHH
10	18561922	18562175	387	23	94.39	CG
10	18561922	18562175	458	184	71.34	CHG
10	18561922	18562175	364	2367	13.33	CHH
10	18632472	18632641	97	703	12.12	CHH
10	19698082	19698409	81	2	97.59	CG
10	19698082	19698409	110	6	94.83	CHG
10	19698082	19698409	641	1392	31.53	CHH
10	19941399	19941637	36	2	94.74	CG
10	19941399	19941637	262	887	22.80	CHH
10	20291443	20292459	1362	44	96.87	CG
10	20291443	20292459	553	205	72.96	CHG
10	20291443	20292459	314	3928	7.40	CHH
10	20762313	20762534	0	161	0.00	CG
10	20762313	20762534	2	362	0.55	CHG
10	20762313	20762534	3	1124	0.27	CHH
10	20778820	20779263	29	378	7.13	CG
10	20778820	20779263	13	849	1.51	CHG
10	20778820	20779263	21	2305	0.90	CHH
10	21827999	21828272	35	48	42.17	CHG
10	21827999	21828272	1207	1178	50.61	CHH
10	22689536	22689741	1005	1593	38.68	CHH
10	22690213	22690439	604	375	61.70	CHH
11	569050	569549	86	2	97.73	CG
11	569050	569549	345	136	71.73	CHG
11	569050	569549	1134	2043	35.69	CHH
11	1200546	1200636	34	2	94.44	CG
11	1200546	1200636	26	8	76.47	CHG
11	1200546	1200636	8	679	1.16	CHH
11	1713742	1714360	595	49	92.39	CG
11	1713742	1714360	358	144	71.31	CHG
11	1713742	1714360	220	3609	5.75	CHH
11	1878755	1878890	8	66	10.81	CG
11	1878755	1878890	13	111	10.48	CHG
11	1878755	1878890	3	586	0.51	CHH
11	1932470	1932979	39	3	92.86	CG
11	1932470	1932979	89	50	64.03	CHG
11	1932470	1932979	599	1701	26.04	CHH
11	1947206	1947542	23	0	100.00	CG
11	1947206	1947542	58	763	7.06	CHH
11	2378673	2378944	191	9	95.50	CG
11	2378673	2378944	12	24	33.33	CHG
11	2378673	2378944	819	797	50.68	CHH
11	5554822	5555192	100	1	99.01	CG
11	5554822	5555192	377	76	83.22	CHG
11	5554822	5555192	729	1257	36.71	CHH
11	7332863	7333120	71	8	89.87	CG
11	7332863	7333120	48	32	60.00	CHG
11	7332863	7333120	367	907	28.81	CHH
11	7589703	7589963	18	0	100.00	CG
11	7589703	7589963	17	0	100.00	CHG
11	7589703	7589963	154	443	25.80	CHH
11	7735709	7735929	51	10	83.61	CG
11	7735709	7735929	7	68	9.33	CHG
11	7735709	7735929	14	504	2.70	CHH
11	8045721	8046006	372	263	58.58	CG
11	8045721	8046006	0	192	0.00	CHG
11	8045721	8046006	14	1945	0.71	CHH
11	9151816	9151968	20	25	44.44	CHG
11	9151816	9151968	316	854	27.01	CHH
11	11662804	11663369	230	17	93.12	CG
11	11662804	11663369	391	46	89.47	CHG
11	11662804	11663369	545	3282	14.24	CHH
11	11787143	11787246	219	789	21.73	CHH
11	13632522	13632647	1	245	0.41	CHG
11	13632522	13632647	1	706	0.14	CHH
11	14005572	14005699	45	569	7.33	CHH
11	14006096	14006227	15	718	2.05	CHH
11	14311549	14311878	931	38	96.08	CG
11	14311549	14311878	271	67	80.18	CHG
11	14311549	14311878	84	1981	4.07	CHH
11	16006890	16007049	45	3	93.75	CG
11	16006890	16007049	31	11	73.81	CHG
11	16006890	16007049	382	711	34.95	CHH
11	16339318	16339504	165	10	94.29	CG
11	16339318	16339504	0	35	0.00	CHG
11	16339318	16339504	30	728	3.96	CHH
11	16884445	16884740	91	7	92.86	CG
11	16884445	16884740	532	866	38.05	CHH
11	16979978	16980123	15	11	57.69	CG
11	16979978	16980123	48	662	6.76	CHH
11	18415594	18415828	24	4	85.71	CG
11	18415594	18415828	140	859	14.01	CHH
11	19478887	19479310	402	33	92.41	CG
11	19478887	19479310	188	713	20.87	CHG
11	19478887	19479310	74	3664	1.98	CHH
11	19817539	19817761	9	22	29.03	CHG
11	19817539	19817761	182	537	25.31	CHH
11	21197890	21198236	42	56	42.86	CHG
11	21197890	21198236	1088	1984	35.42	CHH
11	21255747	21256111	340	16	95.51	CG
11	21255747	21256111	415	93	81.69	CHG
11	21255747	21256111	69	2230	3.00	CHH
11	21412886	21413094	210	13	94.17	CG
11	21412886	21413094	39	127	23.49	CHG
11	21412886	21413094	23	722	3.09	CHH
11	22039593	22039763	109	29	78.99	CHG
11	22039593	22039763	549	1058	34.16	CHH
11	23435202	23435727	31	73	29.81	CG
11	23435202	23435727	4	630	0.63	CHG
11	23435202	23435727	8	2228	0.36	CHH
11	24395075	24395260	7	133	5.00	CG
11	24395075	24395260	17	47	26.56	CHG
11	24395075	24395260	8	781	1.01	CHH
11	24851409	24851658	370	18	95.36	CG
11	24851409	24851658	439	108	80.26	CHG
11	24851409	24851658	109	2190	4.74	CHH
11	24991462	24991590	40	11	78.43	CG
11	24991462	24991590	53	118	30.99	CHG
11	24991462	24991590	227	304	42.75	CHH
11	25110396	25110624	60	6	90.91	CG
11	25110396	25110624	3	12	20.00	CHG
11	25110396	25110624	117	799	12.77	CHH
11	25586084	25586542	234	25	90.35	CG
11	25586084	25586542	242	66	78.57	CHG
11	25586084	25586542	475	2855	14.26	CHH
11	25784649	25784892	108	8	93.10	CG
11	25784649	25784892	141	54	72.31	CHG
11	25784649	25784892	70	1657	4.05	CHH
11	25810584	25810761	4	16	20.00	CHG
11	25810584	25810761	22	623	3.41	CHH
11	25853608	25853790	47	6	88.68	CG
11	25853608	25853790	203	1419	12.52	CHH
11	26205598	26205997	90	30	75.00	CG
11	26205598	26205997	2	205	0.97	CHG
11	26205598	26205997	6	1685	0.35	CHH
11	27682635	27683583	1146	49	95.90	CG
11	27682635	27683583	646	380	62.96	CHG
11	27682635	27683583	271	3325	7.54	CHH
11	28181129	28181426	33	3	91.67	CG
11	28181129	28181426	80	644	11.05	CHH
12	217168	217301	92	5	94.85	CG
12	217168	217301	16	34	32.00	CHG
12	217168	217301	597	606	49.63	CHH
12	552916	553122	215	651	24.83	CHH
12	793700	793972	43	2	95.56	CHG
12	793700	793972	706	819	46.30	CHH
12	961100	961336	120	14	89.55	CG
12	961100	961336	138	434	24.13	CHG
12	961100	961336	26	1943	1.32	CHH
12	1049649	1049822	869	815	51.60	CHH
12	1548545	1548692	60	8	88.24	CHG
12	1548545	1548692	259	500	34.12	CHH
12	1801896	1802216	110	47	70.06	CG
12	1801896	1802216	95	137	40.95	CHG
12	1801896	1802216	37	1641	2.21	CHH
12	1816647	1816809	44	8	84.62	CG
12	1816647	1816809	305	483	38.71	CHH
12	2466366	2466538	61	13	82.43	CHG
12	2466366	2466538	551	809	40.51	CHH
12	5021892	5024116	922	35	96.34	CG
12	5021892	5024116	856	2093	29.03	CHG
12	5021892	5024116	139	12322	1.12	CHH
12	5024498	5027592	877	34	96.27	CG
12	5024498	5027592	364	2126	14.62	CHG
12	5024498	5027592	110	12390	0.88	CHH
12	7849278	7849532	212	30	87.60	CG
12	7849278	7849532	2	13	13.33	CHG
12	7849278	7849532	53	1344	3.79	CHH
12	10927998	10928435	29	6	82.86	CG
12	10927998	10928435	19	75	20.21	CHG
12	10927998	10928435	35	1917	1.79	CHH
12	11362213	11362441	25	1	96.15	CG
12	11362213	11362441	10	21	32.26	CHG
12	11362213	11362441	181	637	22.13	CHH
12	12440435	12440631	290	265	52.25	CG
12	12440435	12440631	43	261	14.14	CHG
12	12440435	12440631	23	930	2.41	CHH
12	12966688	12966790	17	181	8.59	CHH
12	15202347	15202507	96	8	92.31	CG
12	15202347	15202507	21	22	48.84	CHG
12	15202347	15202507	16	1006	1.57	CHH
12	17986589	17987047	189	12	94.03	CG
12	17986589	17987047	150	78	65.79	CHG
12	17986589	17987047	51	2241	2.23	CHH
12	18936325	18936741	883	49	94.74	CG
12	18936325	18936741	121	83	59.31	CHG
12	18936325	18936741	184	2410	7.09	CHH
12	19120680	19120950	33	23	58.93	CG
12	19120680	19120950	22	14	61.11	CHG
12	19120680	19120950	114	1185	8.78	CHH
12	19156150	19156313	30	1	96.77	CG
12	19156150	19156313	65	23	73.86	CHG
12	19156150	19156313	242	403	37.52	CHH
12	21483416	21483688	208	11	94.98	CG
12	21483416	21483688	352	76	82.24	CHG
12	21483416	21483688	370	2321	13.75	CHH
12	21831911	21832012	56	547	9.29	CHH
12	22451242	22451490	19	44	30.16	CHG
12	22451242	22451490	646	1206	34.88	CHH
12	22462835	22463098	5	283	1.74	CG
12	22462835	22463098	46	408	10.13	CHG
12	22462835	22463098	527	1855	22.12	CHH
12	22503691	22503984	107	5	95.54	CG
12	22503691	22503984	69	23	75.00	CHG
12	22503691	22503984	277	609	31.26	CHH
12	23090136	23090406	24	6	80.00	CG
12	23090136	23090406	196	821	19.27	CHH
12	23253874	23254115	97	5	95.10	CG
12	23253874	23254115	14	34	29.17	CHG
12	23253874	23254115	541	1055	33.90	CHH
12	23419385	23419484	20	2	90.91	CG
12	23419385	23419484	17	250	6.37	CHH
12	23569460	23569549	70	10	87.50	CG
12	23569460	23569549	18	8	69.23	CHG
12	23569460	23569549	8	386	2.03	CHH
12	24432087	24432276	61	485	11.17	CHH
12	25119408	25119711	430	19	95.77	CG
12	25119408	25119711	200	300	40.00	CHG
12	25119408	25119711	79	2153	3.54	CHH
12	25285613	25285813	41	2	95.35	CG
12	25285613	25285813	777	660	54.07	CHH
12	25690213	25690552	170	114	59.86	CG
12	25690213	25690552	12	129	8.51	CHG
12	25690213	25690552	72	1250	5.45	CHH
12	26052913	26053003	5	303	1.62	CHG
12	26052913	26053003	11	901	1.21	CHH
