1	104478	104599	2	0	100.00	CG
1	104478	104599	3	0	100.00	CHG
1	104478	104599	0	8	0.00	CHH
1	521199	522723	839	2029	29.25	CG
1	521199	522723	14	2696	0.52	CHG
1	521199	522723	46	11347	0.40	CHH
1	718927	719135	2	296	0.67	CG
1	718927	719135	2	472	0.42	CHG
1	718927	719135	8	1876	0.42	CHH
1	1687637	1688991	8	1586	0.50	CG
1	1687637	1688991	2	1793	0.11	CHG
1	1687637	1688991	30	7011	0.43	CHH
1	1781116	1781366	4	1431	0.28	CG
1	1781116	1781366	5	529	0.94	CHG
1	1781116	1781366	6	906	0.66	CHH
1	2137510	2140455	407	6881	5.58	CG
1	2137510	2140455	529	5561	8.69	CHG
1	2137510	2140455	488	18677	2.55	CHH
1	2172488	2172625	4	76	5.00	CG
1	2172488	2172625	10	507	1.93	CHH
1	2198640	2199644	2242	107	95.44	CG
1	2198640	2199644	998	679	59.51	CHG
1	2198640	2199644	255	2183	10.46	CHH
1	2541454	2541598	119	139	46.12	CG
1	2541454	2541598	21	124	14.48	CHG
1	2541454	2541598	26	825	3.06	CHH
1	2579778	2580676	1176	813	59.13	CG
1	2579778	2580676	18	2299	0.78	CHG
1	2579778	2580676	47	6077	0.77	CHH
1	3016827	3017062	8	1567	0.51	CG
1	3016827	3017062	3	766	0.39	CHG
1	3016827	3017062	9	2194	0.41	CHH
1	4122738	4127182	1311	5358	19.66	CG
1	4122738	4127182	87	9231	0.93	CHG
1	4122738	4127182	604	20666	2.84	CHH
1	4510347	4510477	21	1	95.45	CG
1	4510347	4510477	1	38	2.56	CHG
1	4510347	4510477	25	367	6.38	CHH
1	4702022	4702256	52	171	23.32	CG
1	4702022	4702256	3	120	2.44	CHG
1	4702022	4702256	21	296	6.62	CHH
1	5814441	5815039	2	233	0.85	CG
1	5814441	5815039	7	613	1.13	CHG
1	5814441	5815039	11	2644	0.41	CHH
1	6934697	6934863	376	13	96.66	CG
1	6934697	6934863	151	23	86.78	CHG
1	6934697	6934863	94	627	13.04	CHH
1	7198017	7199243	894	44	95.31	CG
1	7198017	7199243	18	1693	1.05	CHG
1	7198017	7199243	22	5399	0.41	CHH
1	7302410	7302594	2	389	0.51	CG
1	7302410	7302594	1	168	0.59	CHG
1	7302410	7302594	7	838	0.83	CHH
1	7518469	7519081	2	365	0.54	CG
1	7518469	7519081	0	422	0.00	CHG
1	7518469	7519081	3	1582	0.19	CHH
1	7690448	7691550	5	2219	0.22	CG
1	7690448	7691550	9	1873	0.48	CHG
1	7690448	7691550	24	6105	0.39	CHH
1	8124136	8124703	1011	45	95.74	CG
1	8124136	8124703	352	385	47.76	CHG
1	8124136	8124703	169	2787	5.72	CHH
1	8426975	8427236	95	25	79.17	CG
1	8426975	8427236	1	464	0.22	CHG
1	8426975	8427236	6	1135	0.53	CHH
1	8831214	8831605	523	35	93.73	CG
1	8831214	8831605	265	218	54.87	CHG
1	8831214	8831605	52	2576	1.98	CHH
1	8866192	8866541	426	33	92.81	CG
1	8866192	8866541	170	94	64.39	CHG
1	8866192	8866541	56	788	6.64	CHH
1	9124022	9124118	79	4	95.18	CG
1	9124022	9124118	198	54	78.57	CHG
1	9124022	9124118	35	288	10.84	CHH
1	9260960	9261224	112	5	95.73	CG
1	9260960	9261224	1	369	0.27	CHG
1	9260960	9261224	11	1628	0.67	CHH
1	9681083	9681232	18	20	47.37	CG
1	9681083	9681232	18	91	16.51	CHH
1	9734291	9734532	1	233	0.43	CG
1	9734291	9734532	0	62	0.00	CHG
1	9734291	9734532	29	1128	2.51	CHH
1	10263106	10263294	0	475	0.00	CG
1	10263106	10263294	0	301	0.00	CHG
1	10263106	10263294	1	633	0.16	CHH
1	10401973	10403052	42	1894	2.17	CG
1	10401973	10403052	27	1276	2.07	CHG
1	10401973	10403052	54	5670	0.94	CHH
1	10417094	10417664	1074	49	95.64	CG
1	10417094	10417664	1381	309	81.72	CHG
1	10417094	10417664	160	5636	2.76	CHH
1	10590568	10590704	0	56	0.00	CG
1	10590568	10590704	0	63	0.00	CHG
1	10590568	10590704	1	174	0.57	CHH
1	10793800	10794970	468	64	87.97	CG
1	10793800	10794970	104	168	38.24	CHG
1	10793800	10794970	39	661	5.57	CHH
1	11027002	11027352	199	7	96.60	CG
1	11027002	11027352	1	512	0.19	CHG
1	11027002	11027352	11	2169	0.50	CHH
1	11745247	11745281	2	218	0.91	CG
1	11745247	11745281	2	98	2.00	CHG
1	11745247	11745281	3	181	1.63	CHH
1	11861007	11861467	627	19	97.06	CG
1	11861007	11861467	262	143	64.69	CHG
1	11861007	11861467	159	1593	9.08	CHH
1	11988203	11988342	2	852	0.23	CG
1	11988203	11988342	1	449	0.22	CHG
1	11988203	11988342	2	318	0.62	CHH
1	12157565	12159139	36	9808	0.37	CG
1	12157565	12159139	18	5080	0.35	CHG
1	12157565	12159139	46	8469	0.54	CHH
1	12279664	12280353	7	2038	0.34	CG
1	12279664	12280353	5	1126	0.44	CHG
1	12279664	12280353	16	2722	0.58	CHH
1	12444629	12444759	208	10	95.41	CG
1	12444629	12444759	164	14	92.13	CHG
1	12444629	12444759	10	699	1.41	CHH
1	12851686	12853647	325	616	34.54	CG
1	12851686	12853647	50	3795	1.30	CHG
1	12851686	12853647	80	14118	0.56	CHH
1	12977793	12977914	21	9	70.00	CG
1	12977793	12977914	8	159	4.79	CHH
1	14112270	14112409	0	52	0.00	CHH
1	14747584	14748346	7	1081	0.64	CG
1	14747584	14748346	6	2314	0.26	CHG
1	14747584	14748346	25	5836	0.43	CHH
1	15010958	15011724	0	2	0.00	CHG
1	15010958	15011724	0	13	0.00	CHH
1	15208882	15210074	512	57	89.98	CG
1	15208882	15210074	148	130	53.24	CHG
1	15208882	15210074	37	1919	1.89	CHH
1	15318812	15319293	1499	42	97.27	CG
1	15318812	15319293	1001	322	75.66	CHG
1	15318812	15319293	78	3226	2.36	CHH
1	15355785	15357554	663	1448	31.41	CG
1	15355785	15357554	395	2568	13.33	CHG
1	15355785	15357554	205	8533	2.35	CHH
1	16453284	16453501	0	13	0.00	CG
1	16453284	16453501	1	36	2.70	CHG
1	16453284	16453501	3	195	1.52	CHH
1	16722902	16723067	1	273	0.36	CG
1	16722902	16723067	0	106	0.00	CHG
1	16722902	16723067	7	1055	0.66	CHH
1	17385639	17385733	2	79	2.47	CHG
1	17385639	17385733	3	276	1.08	CHH
1	17522237	17522624	1114	75	93.69	CG
1	17522237	17522624	767	301	71.82	CHG
1	17522237	17522624	61	2611	2.28	CHH
1	17762690	17767322	962	4726	16.91	CG
1	17762690	17767322	1033	5076	16.91	CHG
1	17762690	17767322	2262	22275	9.22	CHH
1	17768299	17768525	1	201	0.50	CG
1	17768299	17768525	0	147	0.00	CHG
1	17768299	17768525	3	765	0.39	CHH
1	17915233	17918918	2150	1876	53.40	CG
1	17915233	17918918	1072	1946	35.52	CHG
1	17915233	17918918	1314	12625	9.43	CHH
1	18479814	18481021	197	331	37.31	CG
1	18479814	18481021	55	403	12.01	CHG
1	18479814	18481021	32	2892	1.09	CHH
1	18515221	18516018	486	14	97.20	CG
1	18515221	18516018	329	73	81.84	CHG
1	18515221	18516018	24	1155	2.04	CHH
1	18605306	18605413	41	0	100.00	CG
1	18605306	18605413	0	116	0.00	CHG
1	18605306	18605413	2	651	0.31	CHH
1	18679398	18679609	274	12	95.80	CG
1	18679398	18679609	397	73	84.47	CHG
1	18679398	18679609	93	2111	4.22	CHH
1	18781271	18781897	24	842	2.77	CG
1	18781271	18781897	28	1405	1.95	CHG
1	18781271	18781897	23	2838	0.80	CHH
1	19418149	19418371	379	26	93.58	CG
1	19418149	19418371	267	159	62.68	CHG
1	19418149	19418371	57	1921	2.88	CHH
1	19588801	19588982	148	15	90.80	CG
1	19588801	19588982	52	22	70.27	CHG
1	19588801	19588982	16	379	4.05	CHH
1	19807993	19809436	1395	55	96.21	CG
1	19807993	19809436	425	293	59.19	CHG
1	19807993	19809436	148	3290	4.30	CHH
1	20220915	20221138	849	38	95.72	CG
1	20220915	20221138	220	138	61.45	CHG
1	20220915	20221138	30	1625	1.81	CHH
1	20351135	20352592	1101	533	67.38	CG
1	20351135	20352592	15	3624	0.41	CHG
1	20351135	20352592	51	10569	0.48	CHH
1	20353735	20353818	39	1	97.50	CG
1	20353735	20353818	0	160	0.00	CHG
1	20353735	20353818	2	378	0.53	CHH
1	20699332	20703291	2642	3653	41.97	CG
1	20699332	20703291	1123	5714	16.43	CHG
1	20699332	20703291	875	21493	3.91	CHH
1	20759940	20760412	874	42	95.41	CG
1	20759940	20760412	891	181	83.12	CHG
1	20759940	20760412	209	3105	6.31	CHH
1	22217602	22218470	437	906	32.54	CG
1	22217602	22218470	114	1244	8.39	CHG
1	22217602	22218470	166	3349	4.72	CHH
1	22349537	22349928	15	664	2.21	CG
1	22349537	22349928	3	543	0.55	CHG
1	22349537	22349928	3	1226	0.24	CHH
1	22963853	22963900	0	77	0.00	CHG
1	22963853	22963900	0	193	0.00	CHH
1	23088705	23088935	2	301	0.66	CG
1	23088705	23088935	2	198	1.00	CHG
1	23088705	23088935	3	928	0.32	CHH
1	23190581	23192012	550	56	90.76	CG
1	23190581	23192012	20	1885	1.05	CHG
1	23190581	23192012	55	7701	0.71	CHH
1	23334619	23337433	1451	1872	43.67	CG
1	23334619	23337433	70	5828	1.19	CHG
1	23334619	23337433	82	14731	0.55	CHH
1	23865834	23867004	1153	768	60.02	CG
1	23865834	23867004	493	1393	26.14	CHG
1	23865834	23867004	521	5071	9.32	CHH
1	24056015	24058047	257	2680	8.75	CG
1	24056015	24058047	159	2139	6.92	CHG
1	24056015	24058047	92	8404	1.08	CHH
1	24127473	24127717	132	104	55.93	CG
1	24127473	24127717	3	322	0.92	CHG
1	24127473	24127717	7	1397	0.50	CHH
1	24218590	24218768	39	180	17.81	CG
1	24218590	24218768	23	130	15.03	CHG
1	24218590	24218768	9	1010	0.88	CHH
1	24367289	24368699	509	3025	14.40	CG
1	24367289	24368699	77	3641	2.07	CHG
1	24367289	24368699	272	9563	2.77	CHH
1	24540618	24541036	206	8	96.26	CG
1	24540618	24541036	4	413	0.96	CHG
1	24540618	24541036	3	1762	0.17	CHH
1	25075086	25078372	38	10459	0.36	CG
1	25075086	25078372	30	8803	0.34	CHG
1	25075086	25078372	90	20845	0.43	CHH
1	26189136	26189851	114	920	11.03	CG
1	26189136	26189851	10	2542	0.39	CHG
1	26189136	26189851	22	5657	0.39	CHH
1	27455091	27455579	895	55	94.21	CG
1	27455091	27455579	763	273	73.65	CHG
1	27455091	27455579	118	2697	4.19	CHH
1	27505658	27505866	0	52	0.00	CG
1	27505658	27505866	2	216	0.92	CHG
1	27505658	27505866	1	742	0.13	CHH
1	27576543	27577893	2027	120	94.41	CG
1	27576543	27577893	1056	279	79.10	CHG
1	27576543	27577893	629	8619	6.80	CHH
1	28118813	28118935	0	95	0.00	CG
1	28118813	28118935	1	260	0.38	CHG
1	28118813	28118935	1	970	0.10	CHH
1	29188109	29189334	42	3715	1.12	CG
1	29188109	29189334	53	2185	2.37	CHG
1	29188109	29189334	537	6924	7.20	CHH
1	29223726	29224697	190	4130	4.40	CG
1	29223726	29224697	21	1839	1.13	CHG
1	29223726	29224697	409	5965	6.42	CHH
1	29881105	29881917	423	54	88.68	CG
1	29881105	29881917	381	211	64.36	CHG
1	29881105	29881917	64	1668	3.70	CHH
1	29892038	29892362	2	20	9.09	CG
1	29892038	29892362	2	95	2.06	CHG
1	29892038	29892362	1	842	0.12	CHH
1	30396534	30396644	1	298	0.33	CG
1	30396534	30396644	0	396	0.00	CHG
1	30396534	30396644	4	555	0.72	CHH
1	30947617	30952229	3459	1500	69.75	CG
1	30947617	30952229	1121	5995	15.75	CHG
1	30947617	30952229	435	26648	1.61	CHH
1	30988314	30988439	17	2	89.47	CG
1	30988314	30988439	44	50	46.81	CHG
1	30988314	30988439	1	183	0.54	CHH
1	31131639	31132785	615	2940	17.30	CG
1	31131639	31132785	13	3955	0.33	CHG
1	31131639	31132785	33	8530	0.39	CHH
1	32136432	32136605	0	150	0.00	CG
1	32136432	32136605	4	461	0.86	CHG
1	32136432	32136605	2	1145	0.17	CHH
1	33466485	33466748	434	21	95.38	CG
1	33466485	33466748	189	69	73.26	CHG
1	33466485	33466748	98	1329	6.87	CHH
1	34289798	34291348	629	915	40.74	CG
1	34289798	34291348	295	1659	15.10	CHG
1	34289798	34291348	469	6373	6.85	CHH
1	34550341	34550600	1	213	0.47	CG
1	34550341	34550600	3	340	0.87	CHG
1	34550341	34550600	4	1362	0.29	CHH
1	34749495	34752244	2087	296	87.58	CG
1	34749495	34752244	1841	1139	61.78	CHG
1	34749495	34752244	590	10898	5.14	CHH
1	34928206	34928387	137	9	93.84	CG
1	34928206	34928387	433	55	88.73	CHG
1	34928206	34928387	46	1036	4.25	CHH
1	34990120	34992796	2399	1306	64.75	CG
1	34990120	34992796	1171	1658	41.39	CHG
1	34990120	34992796	977	10297	8.67	CHH
1	35760612	35760952	78	85	47.85	CG
1	35760612	35760952	0	193	0.00	CHG
1	35760612	35760952	7	1229	0.57	CHH
1	35959231	35959351	0	115	0.00	CG
1	35959231	35959351	0	177	0.00	CHG
1	35959231	35959351	2	804	0.25	CHH
1	36112505	36112684	141	70	66.82	CG
1	36112505	36112684	48	39	55.17	CHG
1	36112505	36112684	54	574	8.60	CHH
1	36163384	36164022	104	880	10.57	CG
1	36163384	36164022	67	891	6.99	CHG
1	36163384	36164022	193	3926	4.69	CHH
1	36208524	36209666	1011	81	92.58	CG
1	36208524	36209666	1145	489	70.07	CHG
1	36208524	36209666	117	7648	1.51	CHH
1	36479686	36479935	7	942	0.74	CG
1	36479686	36479935	3	340	0.87	CHG
1	36479686	36479935	6	1570	0.38	CHH
1	36890844	36891048	102	61	62.58	CG
1	36890844	36891048	134	69	66.01	CHG
1	36890844	36891048	173	873	16.54	CHH
1	37118562	37118725	0	129	0.00	CG
1	37118562	37118725	2	307	0.65	CHG
1	37118562	37118725	8	1553	0.51	CHH
1	37253827	37256063	2299	198	92.07	CG
1	37253827	37256063	1625	646	71.55	CHG
1	37253827	37256063	382	7765	4.69	CHH
1	37757198	37758019	404	1562	20.55	CG
1	37757198	37758019	217	793	21.49	CHG
1	37757198	37758019	866	3271	20.93	CHH
1	39603253	39603550	103	2	98.10	CG
1	39603253	39603550	3	408	0.73	CHG
1	39603253	39603550	5	1029	0.48	CHH
1	40609311	40609427	36	8	81.82	CG
1	40609311	40609427	3	257	1.15	CHG
1	40609311	40609427	1	690	0.14	CHH
1	40785754	40786192	79	113	41.15	CG
1	40785754	40786192	4	1410	0.28	CHG
1	40785754	40786192	10	3433	0.29	CHH
1	41209454	41212661	1163	5708	16.93	CG
1	41209454	41212661	620	3781	14.09	CHG
1	41209454	41212661	1401	12239	10.27	CHH
1	42990884	42991140	40	3	93.02	CG
1	42990884	42991140	33	6	84.62	CHG
1	42990884	42991140	11	146	7.01	CHH
2	38468	38578	40	1	97.56	CG
2	38468	38578	0	119	0.00	CHG
2	38468	38578	3	355	0.84	CHH
2	578331	578545	60	3	95.24	CG
2	578331	578545	1	732	0.14	CHG
2	578331	578545	11	1900	0.58	CHH
2	1736612	1736996	380	143	72.66	CG
2	1736612	1736996	3	1139	0.26	CHG
2	1736612	1736996	17	2991	0.57	CHH
2	2004107	2004464	0	189	0.00	CG
2	2004107	2004464	5	1026	0.48	CHG
2	2004107	2004464	9	2922	0.31	CHH
2	2225031	2228646	4204	545	88.52	CG
2	2225031	2228646	2277	2157	51.35	CHG
2	2225031	2228646	1146	16198	6.61	CHH
2	2448881	2450073	223	229	49.34	CG
2	2448881	2450073	251	1946	11.42	CHG
2	2448881	2450073	435	6424	6.34	CHH
2	2455636	2457226	3032	154	95.17	CG
2	2455636	2457226	1637	973	62.72	CHG
2	2455636	2457226	112	4398	2.48	CHH
2	2916264	2916496	38	1	97.44	CG
2	2916264	2916496	0	175	0.00	CHG
2	2916264	2916496	6	719	0.83	CHH
2	3153141	3153726	673	124	84.44	CG
2	3153141	3153726	613	368	62.49	CHG
2	3153141	3153726	216	3583	5.69	CHH
2	3584767	3584907	145	13	91.77	CG
2	3584767	3584907	84	48	63.64	CHG
2	3584767	3584907	319	373	46.10	CHH
2	3668130	3671654	4294	2521	63.01	CG
2	3668130	3671654	2184	3590	37.82	CHG
2	3668130	3671654	1511	15720	8.77	CHH
2	4394475	4394720	2	101	1.94	CG
2	4394475	4394720	4	351	1.13	CHG
2	4394475	4394720	5	904	0.55	CHH
2	4735326	4735671	8	592	1.33	CG
2	4735326	4735671	0	629	0.00	CHG
2	4735326	4735671	13	1743	0.74	CHH
2	4930376	4930562	156	5	96.89	CG
2	4930376	4930562	7	26	21.21	CHG
2	4930376	4930562	10	447	2.19	CHH
2	6097195	6097472	2	262	0.76	CG
2	6097195	6097472	5	634	0.78	CHG
2	6097195	6097472	10	1363	0.73	CHH
2	6194639	6194966	3	230	1.29	CG
2	6194639	6194966	5	392	1.26	CHG
2	6194639	6194966	9	1839	0.49	CHH
2	6477169	6477370	241	13	94.88	CG
2	6477169	6477370	1	386	0.26	CHG
2	6477169	6477370	9	1637	0.55	CHH
2	6479819	6479943	2	622	0.32	CHG
2	6479819	6479943	6	1559	0.38	CHH
2	7634883	7634997	4	510	0.78	CG
2	7634883	7634997	2	240	0.83	CHG
2	7634883	7634997	3	552	0.54	CHH
2	9263789	9264764	735	25	96.71	CG
2	9263789	9264764	410	174	70.21	CHG
2	9263789	9264764	19	1302	1.44	CHH
2	10881944	10882136	0	106	0.00	CG
2	10881944	10882136	1	145	0.68	CHG
2	10881944	10882136	1	708	0.14	CHH
2	11520851	11521291	105	76	58.01	CG
2	11520851	11521291	18	63	22.22	CHG
2	11520851	11521291	46	740	5.85	CHH
2	11599189	11600489	201	635	24.04	CG
2	11599189	11600489	50	739	6.34	CHG
2	11599189	11600489	107	3543	2.93	CHH
2	11939679	11939936	29	0	100.00	CG
2	11939679	11939936	0	144	0.00	CHG
2	11939679	11939936	1	805	0.12	CHH
2	12352060	12352584	1017	47	95.58	CG
2	12352060	12352584	733	252	74.42	CHG
2	12352060	12352584	74	2293	3.13	CHH
2	12492889	12493008	2	560	0.36	CG
2	12492889	12493008	1	285	0.35	CHG
2	12492889	12493008	2	290	0.68	CHH
2	12583382	12585233	1256	388	76.40	CG
2	12583382	12585233	238	3111	7.11	CHG
2	12583382	12585233	93	9500	0.97	CHH
2	14258242	14258497	237	26	90.11	CG
2	14258242	14258497	147	69	68.06	CHG
2	14258242	14258497	28	908	2.99	CHH
2	14381584	14382260	418	23	94.78	CG
2	14381584	14382260	222	235	48.58	CHG
2	14381584	14382260	30	2633	1.13	CHH
2	14883666	14884152	767	31	96.12	CG
2	14883666	14884152	762	145	84.01	CHG
2	14883666	14884152	74	2774	2.60	CHH
2	15077160	15080035	4767	263	94.77	CG
2	15077160	15080035	3099	1281	70.75	CHG
2	15077160	15080035	446	15411	2.81	CHH
2	15300768	15301020	328	24	93.18	CG
2	15300768	15301020	732	207	77.96	CHG
2	15300768	15301020	45	2634	1.68	CHH
2	16462100	16462683	741	250	74.77	CG
2	16462100	16462683	297	967	23.50	CHG
2	16462100	16462683	52	3898	1.32	CHH
2	16469340	16469527	413	24	94.51	CG
2	16469340	16469527	159	157	50.32	CHG
2	16469340	16469527	10	720	1.37	CHH
2	16575455	16575576	81	193	29.56	CG
2	16575455	16575576	3	84	3.45	CHG
2	16575455	16575576	73	808	8.29	CHH
2	16909276	16909402	14	1	93.33	CG
2	16909276	16909402	0	6	0.00	CHG
2	16909276	16909402	3	134	2.19	CHH
2	17470250	17470459	174	8	95.60	CG
2	17470250	17470459	169	32	84.08	CHG
2	17470250	17470459	33	1467	2.20	CHH
2	17693456	17694041	683	514	57.06	CG
2	17693456	17694041	162	801	16.82	CHG
2	17693456	17694041	27	2685	1.00	CHH
2	17846367	17846587	4	1032	0.39	CG
2	17846367	17846587	1	428	0.23	CHG
2	17846367	17846587	5	1410	0.35	CHH
2	18156897	18157229	1389	39	97.27	CG
2	18156897	18157229	638	175	78.47	CHG
2	18156897	18157229	84	2020	3.99	CHH
2	19262811	19262974	142	1	99.30	CG
2	19262811	19262974	3	90	3.23	CHG
2	19262811	19262974	4	1037	0.38	CHH
2	19369504	19369623	628	17	97.36	CG
2	19369504	19369623	289	105	73.35	CHG
2	19369504	19369623	25	685	3.52	CHH
2	19649757	19649896	2	750	0.27	CG
2	19649757	19649896	1	351	0.28	CHG
2	19649757	19649896	5	691	0.72	CHH
2	20077988	20078291	308	28	91.67	CG
2	20077988	20078291	139	89	60.96	CHG
2	20077988	20078291	125	966	11.46	CHH
2	22210158	22210334	19	519	3.53	CG
2	22210158	22210334	2	185	1.07	CHG
2	22210158	22210334	17	1190	1.41	CHH
2	22275294	22275439	0	54	0.00	CG
2	22275294	22275439	2	202	0.98	CHG
2	22275294	22275439	5	977	0.51	CHH
2	22587752	22588156	481	27	94.69	CG
2	22587752	22588156	166	305	35.24	CHG
2	22587752	22588156	63	2040	3.00	CHH
2	22836225	22836730	5	702	0.71	CG
2	22836225	22836730	2	685	0.29	CHG
2	22836225	22836730	7	2529	0.28	CHH
2	22982677	22982914	0	50	0.00	CG
2	22982677	22982914	2	503	0.40	CHG
2	22982677	22982914	6	1798	0.33	CHH
2	23033077	23033411	80	320	20.00	CG
2	23033077	23033411	73	780	8.56	CHG
2	23033077	23033411	106	1814	5.52	CHH
2	23394395	23395510	1637	136	92.33	CG
2	23394395	23395510	415	1877	18.11	CHG
2	23394395	23395510	77	7422	1.03	CHH
2	23471507	23472492	182	13	93.33	CG
2	23471507	23472492	270	82	76.70	CHG
2	23471507	23472492	65	1475	4.22	CHH
2	24044095	24044460	612	22	96.53	CG
2	24044095	24044460	282	105	72.87	CHG
2	24044095	24044460	76	981	7.19	CHH
2	24717341	24717558	1	160	0.62	CG
2	24717341	24717558	2	353	0.56	CHG
2	24717341	24717558	4	1136	0.35	CHH
2	25574998	25576239	1147	75	93.86	CG
2	25574998	25576239	1241	416	74.89	CHG
2	25574998	25576239	590	7496	7.30	CHH
2	25830725	25831459	2	1585	0.13	CG
2	25830725	25831459	8	1293	0.61	CHG
2	25830725	25831459	13	3278	0.40	CHH
2	25835047	25835296	5	625	0.79	CG
2	25835047	25835296	4	432	0.92	CHG
2	25835047	25835296	6	988	0.60	CHH
2	26548831	26549237	554	88	86.29	CG
2	26548831	26549237	37	103	26.43	CHG
2	26548831	26549237	217	1276	14.53	CHH
2	26659388	26659535	14	0	100.00	CG
2	26659388	26659535	4	210	1.87	CHH
2	26689413	26692203	292	10186	2.79	CG
2	26689413	26692203	89	6908	1.27	CHG
2	26689413	26692203	632	16611	3.67	CHH
2	28199306	28199617	547	27	95.30	CG
2	28199306	28199617	674	200	77.12	CHG
2	28199306	28199617	86	1853	4.44	CHH
2	29852698	29852922	23	314	6.82	CG
2	29852698	29852922	3	507	0.59	CHG
2	29852698	29852922	6	1132	0.53	CHH
2	30157272	30157610	331	118	73.72	CG
2	30157272	30157610	72	307	19.00	CHG
2	30157272	30157610	193	1388	12.21	CHH
2	30823979	30824112	0	186	0.00	CG
2	30823979	30824112	2	274	0.72	CHG
2	30823979	30824112	5	1002	0.50	CHH
2	30983625	30984901	15	3918	0.38	CG
2	30983625	30984901	20	6052	0.33	CHG
2	30983625	30984901	42	12003	0.35	CHH
2	31445301	31445449	5	58	7.94	CG
2	31445301	31445449	1	291	0.34	CHG
2	31445301	31445449	3	1048	0.29	CHH
2	31855152	31855271	137	8	94.48	CG
2	31855152	31855271	39	44	46.99	CHG
2	31855152	31855271	17	686	2.42	CHH
2	32524707	32526194	1151	787	59.39	CG
2	32524707	32526194	206	2277	8.30	CHG
2	32524707	32526194	251	5908	4.08	CHH
2	33158169	33158313	218	10	95.61	CG
2	33158169	33158313	292	55	84.15	CHG
2	33158169	33158313	47	1420	3.20	CHH
2	33431516	33431954	87	7	92.55	CG
2	33431516	33431954	0	470	0.00	CHG
2	33431516	33431954	11	2563	0.43	CHH
2	33711999	33712328	44	1	97.78	CG
2	33711999	33712328	2	536	0.37	CHG
2	33711999	33712328	9	1878	0.48	CHH
2	33834944	33835662	0	572	0.00	CG
2	33834944	33835662	10	922	1.07	CHG
2	33834944	33835662	26	4543	0.57	CHH
2	33936933	33937065	3	59	4.84	CG
2	33936933	33937065	0	309	0.00	CHG
2	33936933	33937065	11	1062	1.03	CHH
2	34687871	34690219	94	5982	1.55	CG
2	34687871	34690219	113	4661	2.37	CHG
2	34687871	34690219	149	10953	1.34	CHH
2	34747509	34747747	27	0	100.00	CG
2	34747509	34747747	3	22	12.00	CHG
2	34747509	34747747	0	31	0.00	CHH
2	34772462	34772598	2	94	2.08	CHG
2	34772462	34772598	4	478	0.83	CHH
2	35300370	35300604	48	1	97.96	CG
2	35300370	35300604	4	398	1.00	CHG
2	35300370	35300604	6	1615	0.37	CHH
2	35388799	35389069	1	114	0.87	CG
2	35388799	35389069	1	168	0.59	CHG
2	35388799	35389069	1	471	0.21	CHH
3	480369	480630	742	46	94.16	CG
3	480369	480630	9	799	1.11	CHG
3	480369	480630	23	3081	0.74	CHH
3	615186	620505	2871	5687	33.55	CG
3	615186	620505	1116	7117	13.56	CHG
3	615186	620505	1465	25662	5.40	CHH
3	1097994	1098400	1051	53	95.20	CG
3	1097994	1098400	679	196	77.60	CHG
3	1097994	1098400	232	3256	6.65	CHH
3	2922253	2922366	0	64	0.00	CG
3	2922253	2922366	0	108	0.00	CHG
3	2922253	2922366	4	1143	0.35	CHH
3	2924923	2926581	561	94	85.65	CG
3	2924923	2926581	22	1977	1.10	CHG
3	2924923	2926581	111	6969	1.57	CHH
3	3101473	3101729	395	846	31.83	CG
3	3101473	3101729	6	773	0.77	CHG
3	3101473	3101729	11	1684	0.65	CHH
3	3782983	3787490	335	10525	3.08	CG
3	3782983	3787490	363	7639	4.54	CHG
3	3782983	3787490	285	20919	1.34	CHH
3	4471611	4471796	3	780	0.38	CG
3	4471611	4471796	3	482	0.62	CHG
3	4471611	4471796	10	1125	0.88	CHH
3	4501942	4502163	140	500	21.88	CG
3	4501942	4502163	71	377	15.85	CHG
3	4501942	4502163	328	571	36.48	CHH
3	4735915	4736042	8	92	8.00	CG
3	4735915	4736042	0	104	0.00	CHG
3	4735915	4736042	6	469	1.26	CHH
3	5786527	5786697	97	7	93.27	CG
3	5786527	5786697	2	319	0.62	CHG
3	5786527	5786697	8	1500	0.53	CHH
3	5790733	5792052	1689	91	94.89	CG
3	5790733	5792052	929	608	60.44	CHG
3	5790733	5792052	317	4926	6.05	CHH
3	5852144	5852325	331	14	95.94	CG
3	5852144	5852325	251	77	76.52	CHG
3	5852144	5852325	230	1384	14.25	CHH
3	5861909	5862252	284	86	76.76	CG
3	5861909	5862252	4	955	0.42	CHG
3	5861909	5862252	8	2187	0.36	CHH
3	5863529	5863616	0	209	0.00	CG
3	5863529	5863616	4	334	1.18	CHG
3	5863529	5863616	0	926	0.00	CHH
3	6119207	6119385	6	1332	0.45	CG
3	6119207	6119385	3	1145	0.26	CHG
3	6119207	6119385	12	1411	0.84	CHH
3	6727333	6727471	0	160	0.00	CG
3	6727333	6727471	1	119	0.83	CHG
3	6727333	6727471	3	797	0.38	CHH
3	7815881	7816020	3	1278	0.23	CG
3	7815881	7816020	1	574	0.17	CHG
3	7815881	7816020	3	467	0.64	CHH
3	8124800	8125238	5	1390	0.36	CG
3	8124800	8125238	5	819	0.61	CHG
3	8124800	8125238	12	2611	0.46	CHH
3	8292358	8296069	2131	1284	62.40	CG
3	8292358	8296069	1589	3879	29.06	CHG
3	8292358	8296069	451	23427	1.89	CHH
3	8918282	8919468	509	3517	12.64	CG
3	8918282	8919468	144	2340	5.80	CHG
3	8918282	8919468	653	7454	8.05	CHH
3	8932042	8933228	336	353	48.77	CG
3	8932042	8933228	109	293	27.11	CHG
3	8932042	8933228	117	2655	4.22	CHH
3	9007060	9007495	672	26	96.28	CG
3	9007060	9007495	314	139	69.32	CHG
3	9007060	9007495	101	1025	8.97	CHH
3	9615393	9615681	8	1067	0.74	CG
3	9615393	9615681	3	487	0.61	CHG
3	9615393	9615681	13	2022	0.64	CHH
3	9647322	9647514	3	220	1.35	CG
3	9647322	9647514	1	448	0.22	CHG
3	9647322	9647514	5	1405	0.35	CHH
3	9661238	9663204	252	2546	9.01	CG
3	9661238	9663204	116	2669	4.17	CHG
3	9661238	9663204	249	9280	2.61	CHH
3	9703524	9703645	0	178	0.00	CG
3	9703524	9703645	0	134	0.00	CHG
3	9703524	9703645	10	1229	0.81	CHH
3	9741411	9741728	117	35	76.97	CG
3	9741411	9741728	57	43	57.00	CHG
3	9741411	9741728	35	497	6.58	CHH
3	9772110	9773385	1875	319	85.46	CG
3	9772110	9773385	904	670	57.43	CHG
3	9772110	9773385	387	6946	5.28	CHH
3	9970758	9972750	111	5252	2.07	CG
3	9970758	9972750	77	4535	1.67	CHG
3	9970758	9972750	76	8218	0.92	CHH
3	11318102	11319164	112	305	26.86	CG
3	11318102	11319164	57	502	10.20	CHG
3	11318102	11319164	32	2657	1.19	CHH
3	11624874	11625180	60	0	100.00	CG
3	11624874	11625180	2	360	0.55	CHG
3	11624874	11625180	4	1125	0.35	CHH
3	11762654	11762757	1	31	3.12	CG
3	11762654	11762757	3	19	13.64	CHG
3	11762654	11762757	0	205	0.00	CHH
3	12013674	12014450	795	28	96.60	CG
3	12013674	12014450	1527	333	82.10	CHG
3	12013674	12014450	267	8123	3.18	CHH
3	13326106	13326294	1	213	0.47	CG
3	13326106	13326294	3	413	0.72	CHG
3	13326106	13326294	8	895	0.89	CHH
3	14484188	14484405	36	3	92.31	CG
3	14484188	14484405	239	46	83.86	CHG
3	14484188	14484405	12	1065	1.11	CHH
3	14495901	14496241	10	2283	0.44	CG
3	14495901	14496241	2	919	0.22	CHG
3	14495901	14496241	11	2190	0.50	CHH
3	14633392	14633990	419	18	95.88	CG
3	14633392	14633990	113	43	72.44	CHG
3	14633392	14633990	50	2227	2.20	CHH
3	14886695	14886945	8	176	4.35	CG
3	14886695	14886945	85	107	44.27	CHG
3	14886695	14886945	443	972	31.31	CHH
3	15238637	15238822	266	17	93.99	CG
3	15238637	15238822	392	102	79.35	CHG
3	15238637	15238822	89	2271	3.77	CHH
3	15348429	15348696	444	33	93.08	CG
3	15348429	15348696	337	321	51.22	CHG
3	15348429	15348696	60	3292	1.79	CHH
3	15968990	15969281	3	872	0.34	CG
3	15968990	15969281	4	668	0.60	CHG
3	15968990	15969281	4	1526	0.26	CHH
3	16545195	16545366	120	7	94.49	CG
3	16545195	16545366	91	34	72.80	CHG
3	16545195	16545366	19	782	2.37	CHH
3	16691128	16691290	35	2	94.59	CG
3	16691128	16691290	2	71	2.74	CHG
3	16691128	16691290	26	414	5.91	CHH
3	18086982	18087169	1	168	0.59	CG
3	18086982	18087169	0	201	0.00	CHG
3	18086982	18087169	3	806	0.37	CHH
3	18671229	18673244	803	1193	40.23	CG
3	18671229	18673244	329	1987	14.21	CHG
3	18671229	18673244	272	8610	3.06	CHH
3	19066610	19066885	370	34	91.58	CG
3	19066610	19066885	80	54	59.70	CHG
3	19066610	19066885	63	279	18.42	CHH
3	19477758	19477853	113	10	91.87	CG
3	19477758	19477853	27	138	16.36	CHG
3	19477758	19477853	13	523	2.43	CHH
3	20211561	20212451	1240	51	96.05	CG
3	20211561	20212451	838	342	71.02	CHG
3	20211561	20212451	233	5196	4.29	CHH
3	20300032	20301332	1604	151	91.40	CG
3	20300032	20301332	2448	477	83.69	CHG
3	20300032	20301332	263	10065	2.55	CHH
3	20506153	20506547	578	59	90.74	CG
3	20506153	20506547	345	303	53.24	CHG
3	20506153	20506547	42	2840	1.46	CHH
3	20529596	20530676	736	3553	17.16	CG
3	20529596	20530676	48	1722	2.71	CHG
3	20529596	20530676	59	2517	2.29	CHH
3	20609274	20609784	336	7	97.96	CG
3	20609274	20609784	231	119	66.00	CHG
3	20609274	20609784	68	1523	4.27	CHH
3	21045714	21046037	293	28	91.28	CG
3	21045714	21046037	129	54	70.49	CHG
3	21045714	21046037	62	1510	3.94	CHH
3	21053301	21054404	146	109	57.25	CG
3	21053301	21054404	9	608	1.46	CHG
3	21053301	21054404	23	3833	0.60	CHH
3	21477968	21478334	195	94	67.47	CG
3	21477968	21478334	32	215	12.96	CHG
3	21477968	21478334	111	1144	8.84	CHH
3	21805912	21806253	596	83	87.78	CG
3	21805912	21806253	74	103	41.81	CHG
3	21805912	21806253	78	761	9.30	CHH
3	22443304	22443897	14	2742	0.51	CG
3	22443304	22443897	6	1719	0.35	CHG
3	22443304	22443897	14	3499	0.40	CHH
3	22930322	22932315	358	1664	17.71	CG
3	22930322	22932315	12	2156	0.55	CHG
3	22930322	22932315	37	8051	0.46	CHH
3	22977964	22978503	170	126	57.43	CG
3	22977964	22978503	149	336	30.72	CHG
3	22977964	22978503	232	1475	13.59	CHH
3	23158824	23162446	929	5407	14.66	CG
3	23158824	23162446	201	3486	5.45	CHG
3	23158824	23162446	432	11986	3.48	CHH
3	23440227	23440314	0	28	0.00	CHG
3	23440227	23440314	0	186	0.00	CHH
3	23502337	23503127	282	79	78.12	CG
3	23502337	23503127	22	261	7.77	CHG
3	23502337	23503127	182	3101	5.54	CHH
3	24402381	24402506	4	1311	0.30	CG
3	24402381	24402506	1	398	0.25	CHG
3	24402381	24402506	1	521	0.19	CHH
3	24697252	24697403	4	60	6.25	CG
3	24697252	24697403	1	124	0.80	CHG
3	24697252	24697403	3	489	0.61	CHH
3	25124576	25125712	693	323	68.21	CG
3	25124576	25125712	384	435	46.89	CHG
3	25124576	25125712	1299	3257	28.51	CHH
3	25238096	25238349	102	53	65.81	CG
3	25238096	25238349	1	349	0.29	CHG
3	25238096	25238349	6	1265	0.47	CHH
3	26463242	26463534	68	486	12.27	CG
3	26463242	26463534	8	548	1.44	CHG
3	26463242	26463534	25	1137	2.15	CHH
3	28036385	28036532	1	293	0.34	CG
3	28036385	28036532	1	273	0.36	CHG
3	28036385	28036532	2	767	0.26	CHH
3	28421210	28421588	0	478	0.00	CG
3	28421210	28421588	6	947	0.63	CHG
3	28421210	28421588	17	3003	0.56	CHH
3	28828352	28828674	60	35	63.16	CG
3	28828352	28828674	0	44	0.00	CHG
3	28828352	28828674	141	981	12.57	CHH
3	28883667	28884002	17	12	58.62	CG
3	28883667	28884002	5	52	8.77	CHG
3	28883667	28884002	2	438	0.45	CHH
3	28999678	28999814	15	18	45.45	CG
3	28999678	28999814	16	17	48.48	CHG
3	28999678	28999814	34	177	16.11	CHH
3	29036320	29036527	693	21	97.06	CG
3	29036320	29036527	53	156	25.36	CHG
3	29036320	29036527	35	383	8.37	CHH
3	29048284	29048488	487	11	97.79	CG
3	29048284	29048488	302	143	67.87	CHG
3	29048284	29048488	10	366	2.66	CHH
3	29804060	29804313	3	245	1.21	CG
3	29804060	29804313	8	500	1.57	CHG
3	29804060	29804313	11	1613	0.68	CHH
3	31242980	31243426	624	21	96.74	CG
3	31242980	31243426	267	122	68.64	CHG
3	31242980	31243426	36	758	4.53	CHH
3	31550060	31550292	96	430	18.25	CG
3	31550060	31550292	41	180	18.55	CHG
3	31550060	31550292	47	1108	4.07	CHH
3	32992420	32993458	211	321	39.66	CG
3	32992420	32993458	56	441	11.27	CHG
3	32992420	32993458	101	3035	3.22	CHH
3	33907932	33908490	9	117	7.14	CG
3	33907932	33908490	4	872	0.46	CHG
3	33907932	33908490	12	3278	0.36	CHH
3	34241449	34241654	2	256	0.78	CG
3	34241449	34241654	1	658	0.15	CHG
3	34241449	34241654	4	1330	0.30	CHH
3	34254363	34255907	241	2122	10.20	CG
3	34254363	34255907	50	3312	1.49	CHG
3	34254363	34255907	543	7352	6.88	CHH
3	34833000	34833309	363	7	98.11	CG
3	34833000	34833309	166	73	69.46	CHG
3	34833000	34833309	62	441	12.33	CHH
3	35110086	35110256	22	0	100.00	CG
3	35110086	35110256	0	83	0.00	CHG
3	35110086	35110256	4	559	0.71	CHH
3	35180241	35180554	161	46	77.78	CG
3	35180241	35180554	3	578	0.52	CHG
3	35180241	35180554	18	2453	0.73	CHH
3	35917041	35917731	987	365	73.00	CG
3	35917041	35917731	278	559	33.21	CHG
3	35917041	35917731	355	3830	8.48	CHH
3	36048993	36049255	4	199	1.97	CG
3	36048993	36049255	12	329	3.52	CHG
3	36048993	36049255	5	989	0.50	CHH
3	36390761	36392058	65	5200	1.23	CG
3	36390761	36392058	17	3379	0.50	CHG
3	36390761	36392058	28	7419	0.38	CHH
4	2128481	2128855	115	19	85.82	CG
4	2128481	2128855	3	65	4.41	CHG
4	2128481	2128855	32	529	5.70	CHH
4	2540394	2540485	188	4	97.92	CG
4	2540394	2540485	111	93	54.41	CHG
4	2540394	2540485	6	571	1.04	CHH
4	3036997	3037085	107	4	96.40	CG
4	3036997	3037085	15	48	23.81	CHG
4	3036997	3037085	19	99	16.10	CHH
4	3390058	3390156	5	1	83.33	CG
4	3390058	3390156	1	2	33.33	CHG
4	3390058	3390156	1	13	7.14	CHH
4	4049820	4050064	230	23	90.91	CG
4	4049820	4050064	131	95	57.96	CHG
4	4049820	4050064	35	968	3.49	CHH
4	4695559	4695777	159	5	96.95	CG
4	4695559	4695777	52	35	59.77	CHG
4	4695559	4695777	25	237	9.54	CHH
4	5205473	5206792	2616	128	95.34	CG
4	5205473	5206792	1425	630	69.34	CHG
4	5205473	5206792	218	8835	2.41	CHH
4	5370300	5370990	775	36	95.56	CG
4	5370300	5370990	365	232	61.14	CHG
4	5370300	5370990	28	1372	2.00	CHH
4	7250146	7253105	1104	8536	11.45	CG
4	7250146	7253105	685	4797	12.50	CHG
4	7250146	7253105	152	14660	1.03	CHH
4	7946934	7947116	330	7	97.92	CG
4	7946934	7947116	213	139	60.51	CHG
4	7946934	7947116	28	1245	2.20	CHH
4	7976120	7976768	14	177	7.33	CG
4	7976120	7976768	9	486	1.82	CHG
4	7976120	7976768	18	1766	1.01	CHH
4	7998972	7999131	0	17	0.00	CG
4	7998972	7999131	0	31	0.00	CHG
4	7998972	7999131	1	179	0.56	CHH
4	9504426	9506750	3088	784	79.75	CG
4	9504426	9506750	2148	1938	52.57	CHG
4	9504426	9506750	284	16848	1.66	CHH
4	10597218	10597775	1501	58	96.28	CG
4	10597218	10597775	1785	563	76.02	CHG
4	10597218	10597775	87	5081	1.68	CHH
4	11254426	11254603	2	113	1.74	CG
4	11254426	11254603	0	185	0.00	CHG
4	11254426	11254603	2	866	0.23	CHH
4	11479976	11481063	1	394	0.25	CG
4	11479976	11481063	3	658	0.45	CHG
4	11479976	11481063	15	3765	0.40	CHH
4	12511724	12511877	102	47	68.46	CG
4	12511724	12511877	66	438	13.10	CHG
4	12511724	12511877	10	1418	0.70	CHH
4	12570254	12573173	4519	234	95.08	CG
4	12570254	12573173	5092	1932	72.49	CHG
4	12570254	12573173	634	25315	2.44	CHH
4	14336636	14336825	197	5	97.52	CG
4	14336636	14336825	155	128	54.77	CHG
4	14336636	14336825	3	405	0.74	CHH
4	15422154	15422563	103	5	95.37	CG
4	15422154	15422563	100	85	54.05	CHG
4	15422154	15422563	82	1113	6.86	CHH
4	15927777	15928107	1	676	0.15	CG
4	15927777	15928107	5	646	0.77	CHG
4	15927777	15928107	5	2043	0.24	CHH
4	16377949	16378038	232	11	95.47	CG
4	16377949	16378038	162	70	69.83	CHG
4	16377949	16378038	15	525	2.78	CHH
4	16429861	16430118	95	12	88.79	CG
4	16429861	16430118	200	43	82.30	CHG
4	16429861	16430118	30	841	3.44	CHH
4	16739824	16740091	302	7	97.73	CG
4	16739824	16740091	58	67	46.40	CHG
4	16739824	16740091	8	552	1.43	CHH
4	16870850	16871033	86	3	96.63	CG
4	16870850	16871033	0	29	0.00	CHG
4	16870850	16871033	5	707	0.70	CHH
4	16929303	16929386	4	41	8.89	CG
4	16929303	16929386	0	13	0.00	CHG
4	16929303	16929386	1	190	0.52	CHH
4	18861290	18861421	33	3	91.67	CG
4	18861290	18861421	14	9	60.87	CHG
4	18861290	18861421	88	220	28.57	CHH
4	18879559	18879953	795	15	98.15	CG
4	18879559	18879953	409	208	66.29	CHG
4	18879559	18879953	89	1083	7.59	CHH
4	19594453	19594613	2	97	2.02	CG
4	19594453	19594613	0	283	0.00	CHG
4	19594453	19594613	23	442	4.95	CHH
4	21836525	21836740	3	392	0.76	CG
4	21836525	21836740	3	697	0.43	CHG
4	21836525	21836740	8	1849	0.43	CHH
4	22149701	22149888	3	479	0.62	CG
4	22149701	22149888	1	184	0.54	CHG
4	22149701	22149888	1	506	0.20	CHH
4	24463582	24463728	0	216	0.00	CG
4	24463582	24463728	1	157	0.63	CHG
4	24463582	24463728	4	947	0.42	CHH
4	24879051	24879296	1	57	1.72	CG
4	24879051	24879296	5	875	0.57	CHG
4	24879051	24879296	9	1408	0.64	CHH
4	25700367	25700823	1365	102	93.05	CG
4	25700367	25700823	457	334	57.77	CHG
4	25700367	25700823	348	1921	15.34	CHH
4	26025305	26025523	37	2	94.87	CG
4	26025305	26025523	0	145	0.00	CHG
4	26025305	26025523	4	443	0.89	CHH
4	26125746	26125921	154	10	93.90	CG
4	26125746	26125921	109	48	69.43	CHG
4	26125746	26125921	43	1250	3.33	CHH
4	28854448	28854672	3	523	0.57	CG
4	28854448	28854672	3	241	1.23	CHG
4	28854448	28854672	13	1059	1.21	CHH
4	31600862	31601333	925	118	88.69	CG
4	31600862	31601333	111	1193	8.51	CHG
4	31600862	31601333	25	3715	0.67	CHH
4	32665225	32665685	11	2374	0.46	CG
4	32665225	32665685	10	1798	0.55	CHG
4	32665225	32665685	10	3691	0.27	CHH
4	32845260	32845468	171	14	92.43	CG
4	32845260	32845468	1	606	0.16	CHG
4	32845260	32845468	8	1950	0.41	CHH
4	32907649	32907913	549	31	94.66	CG
4	32907649	32907913	586	119	83.12	CHG
4	32907649	32907913	106	2418	4.20	CHH
4	32976630	32976775	0	138	0.00	CG
4	32976630	32976775	0	161	0.00	CHG
4	32976630	32976775	5	968	0.51	CHH
4	33538001	33538284	169	3	98.26	CG
4	33538001	33538284	190	57	76.92	CHG
4	33538001	33538284	27	727	3.58	CHH
5	22552	22704	233	7	97.08	CG
5	22552	22704	138	41	77.09	CHG
5	22552	22704	24	802	2.91	CHH
5	167915	169390	171	218	43.96	CG
5	167915	169390	33	193	14.60	CHG
5	167915	169390	86	2432	3.42	CHH
5	802197	802307	1	73	1.35	CG
5	802197	802307	1	118	0.84	CHG
5	802197	802307	6	654	0.91	CHH
5	1555477	1555743	101	7	93.52	CG
5	1555477	1555743	2	367	0.54	CHG
5	1555477	1555743	5	1204	0.41	CHH
5	1623822	1624065	540	22	96.09	CG
5	1623822	1624065	190	134	58.64	CHG
5	1623822	1624065	28	384	6.80	CHH
5	1649481	1650024	931	105	89.86	CG
5	1649481	1650024	320	420	43.24	CHG
5	1649481	1650024	97	1910	4.83	CHH
5	2535968	2537410	269	5118	4.99	CG
5	2535968	2537410	15	3894	0.38	CHG
5	2535968	2537410	46	10334	0.44	CHH
5	3201536	3202094	38	192	16.52	CG
5	3201536	3202094	40	318	11.17	CHG
5	3201536	3202094	203	1922	9.55	CHH
5	3642042	3642277	326	24	93.14	CG
5	3642042	3642277	46	89	34.07	CHG
5	3642042	3642277	39	761	4.88	CHH
5	4042346	4043559	670	39	94.50	CG
5	4042346	4043559	443	183	70.77	CHG
5	4042346	4043559	67	2084	3.11	CHH
5	5042999	5043643	42	1	97.67	CG
5	5042999	5043643	15	12	55.56	CHG
5	5042999	5043643	2	185	1.07	CHH
5	6697788	6698020	174	11	94.05	CG
5	6697788	6698020	3	344	0.86	CHG
5	6697788	6698020	4	1387	0.29	CHH
5	8888812	8888977	160	11	93.57	CG
5	8888812	8888977	282	251	52.91	CHG
5	8888812	8888977	16	1391	1.14	CHH
5	9364313	9364413	365	24	93.83	CG
5	9364313	9364413	175	168	51.02	CHG
5	9364313	9364413	8	462	1.70	CHH
5	12549332	12549415	5	0	100.00	CG
5	12549332	12549415	0	1	0.00	CHG
5	12549332	12549415	0	14	0.00	CHH
5	12809268	12809477	270	24	91.84	CG
5	12809268	12809477	66	74	47.14	CHG
5	12809268	12809477	15	190	7.32	CHH
5	13857407	13857542	465	38	92.45	CG
5	13857407	13857542	92	69	57.14	CHG
5	13857407	13857542	11	585	1.85	CHH
5	14246535	14246708	1	93	1.06	CG
5	14246535	14246708	1	48	2.04	CHG
5	14246535	14246708	9	948	0.94	CHH
5	15249273	15249609	674	33	95.33	CG
5	15249273	15249609	349	208	62.66	CHG
5	15249273	15249609	83	2423	3.31	CHH
5	15263881	15264136	708	44	94.15	CG
5	15263881	15264136	284	173	62.14	CHG
5	15263881	15264136	61	873	6.53	CHH
5	15295856	15296058	369	30	92.48	CG
5	15295856	15296058	125	88	58.69	CHG
5	15295856	15296058	13	539	2.36	CHH
5	15380224	15380482	15	2	88.24	CG
5	15380224	15380482	28	6	82.35	CHG
5	15380224	15380482	1	40	2.44	CHH
5	16141049	16142222	2229	114	95.13	CG
5	16141049	16142222	1526	318	82.75	CHG
5	16141049	16142222	281	7803	3.48	CHH
5	16604726	16607053	2246	106	95.49	CG
5	16604726	16607053	1198	674	64.00	CHG
5	16604726	16607053	359	10648	3.26	CHH
5	16695358	16697204	824	1104	42.74	CG
5	16695358	16697204	843	967	46.57	CHG
5	16695358	16697204	434	5891	6.86	CHH
5	17145149	17145240	1	25	3.85	CG
5	17145149	17145240	1	271	0.37	CHH
5	17275880	17277194	462	692	40.03	CG
5	17275880	17277194	44	1457	2.93	CHG
5	17275880	17277194	145	5417	2.61	CHH
5	18555974	18556911	1619	181	89.94	CG
5	18555974	18556911	565	539	51.18	CHG
5	18555974	18556911	58	4428	1.29	CHH
5	18614365	18615227	937	37	96.20	CG
5	18614365	18615227	428	204	67.72	CHG
5	18614365	18615227	326	1939	14.39	CHH
5	19082868	19087589	1596	3207	33.23	CG
5	19082868	19087589	68	7986	0.84	CHG
5	19082868	19087589	248	24576	1.00	CHH
5	19475239	19475452	2	270	0.74	CG
5	19475239	19475452	2	403	0.49	CHG
5	19475239	19475452	5	1173	0.42	CHH
5	19550564	19550779	14	28	33.33	CHG
5	19550564	19550779	46	484	8.68	CHH
5	19686229	19688559	594	3448	14.70	CG
5	19686229	19688559	327	2312	12.39	CHG
5	19686229	19688559	296	9500	3.02	CHH
5	20197683	20197907	5	1355	0.37	CG
5	20197683	20197907	6	747	0.80	CHG
5	20197683	20197907	7	1407	0.50	CHH
5	20639725	20640817	758	77	90.78	CG
5	20639725	20640817	175	1775	8.97	CHG
5	20639725	20640817	54	5547	0.96	CHH
5	21196473	21196736	95	2	97.94	CG
5	21196473	21196736	174	28	86.14	CHG
5	21196473	21196736	93	989	8.60	CHH
5	21222554	21222810	45	27	62.50	CHG
5	21222554	21222810	13	626	2.03	CHH
5	21231311	21231463	0	495	0.00	CG
5	21231311	21231463	1	489	0.20	CHG
5	21231311	21231463	4	594	0.67	CHH
5	21771662	21772418	561	187	75.00	CG
5	21771662	21772418	446	384	53.73	CHG
5	21771662	21772418	78	2486	3.04	CHH
5	22632027	22632224	1	940	0.11	CG
5	22632027	22632224	3	789	0.38	CHG
5	22632027	22632224	7	1491	0.47	CHH
5	23446330	23446424	7	1	87.50	CG
5	23446330	23446424	2	45	4.26	CHH
5	23498602	23498699	107	6	94.69	CG
5	23498602	23498699	43	4	91.49	CHG
5	23498602	23498699	533	385	58.06	CHH
5	23589096	23589233	2	238	0.83	CHG
5	23589096	23589233	2	1198	0.17	CHH
5	23597717	23597952	1	59	1.67	CG
5	23597717	23597952	7	183	3.68	CHG
5	23597717	23597952	14	932	1.48	CHH
5	23799970	23800819	7	2673	0.26	CG
5	23799970	23800819	4	2240	0.18	CHG
5	23799970	23800819	28	5372	0.52	CHH
5	24767463	24767619	6	949	0.63	CG
5	24767463	24767619	1	311	0.32	CHG
5	24767463	24767619	4	1165	0.34	CHH
5	24958493	24960927	548	1085	33.56	CG
5	24958493	24960927	28	2180	1.27	CHG
5	24958493	24960927	37	9368	0.39	CHH
5	25117789	25118255	17	2164	0.78	CG
5	25117789	25118255	7	657	1.05	CHG
5	25117789	25118255	5	1458	0.34	CHH
5	25683760	25686062	538	7839	6.42	CG
5	25683760	25686062	220	6236	3.41	CHG
5	25683760	25686062	467	10328	4.33	CHH
5	25916431	25917101	881	33	96.39	CG
5	25916431	25917101	526	243	68.40	CHG
5	25916431	25917101	226	3232	6.54	CHH
5	26920490	26922938	14	2893	0.48	CG
5	26920490	26922938	18	5382	0.33	CHG
5	26920490	26922938	48	13925	0.34	CHH
5	27294148	27294484	3	847	0.35	CG
5	27294148	27294484	4	656	0.61	CHG
5	27294148	27294484	11	2215	0.49	CHH
5	27692643	27692794	0	533	0.00	CG
5	27692643	27692794	3	500	0.60	CHG
5	27692643	27692794	1	1187	0.08	CHH
5	28353397	28355104	830	396	67.70	CG
5	28353397	28355104	30	2012	1.47	CHG
5	28353397	28355104	42	8225	0.51	CHH
5	28438764	28438936	110	4	96.49	CG
5	28438764	28438936	135	22	85.99	CHG
5	28438764	28438936	16	496	3.12	CHH
5	29278792	29278999	126	11	91.97	CG
5	29278792	29278999	114	11	91.20	CHG
5	29278792	29278999	8	480	1.64	CHH
5	29368004	29368261	172	6	96.63	CG
5	29368004	29368261	451	24	94.95	CHG
5	29368004	29368261	91	2356	3.72	CHH
5	29393677	29395023	495	23	95.56	CG
5	29393677	29395023	469	98	82.72	CHG
5	29393677	29395023	45	1315	3.31	CHH
5	29485227	29485510	210	270	43.75	CG
5	29485227	29485510	30	480	5.88	CHG
5	29485227	29485510	21	1806	1.15	CHH
6	247291	247913	6	773	0.77	CG
6	247291	247913	3	597	0.50	CHG
6	247291	247913	5	1400	0.36	CHH
6	368015	368245	1	396	0.25	CG
6	368015	368245	4	471	0.84	CHG
6	368015	368245	11	1647	0.66	CHH
6	521167	522087	78	567	12.09	CG
6	521167	522087	12	559	2.10	CHG
6	521167	522087	165	2413	6.40	CHH
6	813527	813697	106	13	89.08	CG
6	813527	813697	8	338	2.31	CHG
6	813527	813697	5	1739	0.29	CHH
6	958185	960061	1985	1232	61.70	CG
6	958185	960061	600	1114	35.01	CHG
6	958185	960061	247	6059	3.92	CHH
6	1267865	1268035	465	29	94.13	CG
6	1267865	1268035	215	139	60.73	CHG
6	1267865	1268035	9	528	1.68	CHH
6	2300838	2300945	1	175	0.57	CG
6	2300838	2300945	0	296	0.00	CHG
6	2300838	2300945	6	848	0.70	CHH
6	3639180	3639309	1	355	0.28	CG
6	3639180	3639309	1	361	0.28	CHG
6	3639180	3639309	4	1168	0.34	CHH
6	3944739	3945664	284	266	51.64	CG
6	3944739	3945664	249	403	38.19	CHG
6	3944739	3945664	272	3953	6.44	CHH
6	4300749	4300941	415	17	96.06	CG
6	4300749	4300941	165	202	44.96	CHG
6	4300749	4300941	22	1354	1.60	CHH
6	4553472	4553595	102	10	91.07	CG
6	4553472	4553595	13	27	32.50	CHG
6	4553472	4553595	13	119	9.85	CHH
6	4806070	4806315	5	911	0.55	CG
6	4806070	4806315	3	404	0.74	CHG
6	4806070	4806315	11	1454	0.75	CHH
6	5243918	5246329	941	3478	21.29	CG
6	5243918	5246329	32	7275	0.44	CHG
6	5243918	5246329	92	19844	0.46	CHH
6	5335954	5337126	465	898	34.12	CG
6	5335954	5337126	226	869	20.64	CHG
6	5335954	5337126	345	3575	8.80	CHH
6	6556692	6557000	6	1260	0.47	CG
6	6556692	6557000	3	609	0.49	CHG
6	6556692	6557000	5	1557	0.32	CHH
6	7262284	7262394	1	118	0.84	CHG
6	7262284	7262394	4	372	1.06	CHH
6	7296360	7297580	376	23	94.24	CG
6	7296360	7297580	257	82	75.81	CHG
6	7296360	7297580	43	1061	3.89	CHH
6	7450229	7452500	2412	281	89.57	CG
6	7450229	7452500	1396	843	62.35	CHG
6	7450229	7452500	449	8566	4.98	CHH
6	8010667	8010997	574	34	94.41	CG
6	8010667	8010997	265	216	55.09	CHG
6	8010667	8010997	44	1546	2.77	CHH
6	8383109	8385458	674	8759	7.15	CG
6	8383109	8385458	266	4071	6.13	CHG
6	8383109	8385458	201	11885	1.66	CHH
6	8415805	8416695	1329	140	90.47	CG
6	8415805	8416695	837	527	61.36	CHG
6	8415805	8416695	106	5975	1.74	CHH
6	8434419	8434622	229	7	97.03	CG
6	8434419	8434622	253	110	69.70	CHG
6	8434419	8434622	52	681	7.09	CHH
6	9748876	9749062	5	571	0.87	CG
6	9748876	9749062	7	164	4.09	CHG
6	9748876	9749062	4	1017	0.39	CHH
6	9753551	9753693	72	2	97.30	CG
6	9753551	9753693	75	33	69.44	CHG
6	9753551	9753693	5	354	1.39	CHH
6	10075237	10075575	593	25	95.95	CG
6	10075237	10075575	931	218	81.03	CHG
6	10075237	10075575	95	2565	3.57	CHH
6	10093461	10093858	457	56	89.08	CG
6	10093461	10093858	152	220	40.86	CHG
6	10093461	10093858	53	1972	2.62	CHH
6	10113029	10113177	210	5	97.67	CG
6	10113029	10113177	95	61	60.90	CHG
6	10113029	10113177	131	800	14.07	CHH
6	10217891	10218933	1501	99	93.81	CG
6	10217891	10218933	1717	392	81.41	CHG
6	10217891	10218933	171	7023	2.38	CHH
6	11173234	11173456	5	23	17.86	CG
6	11173234	11173456	67	223	23.10	CHH
6	11608473	11613132	5151	999	83.76	CG
6	11608473	11613132	3236	3372	48.97	CHG
6	11608473	11613132	836	20653	3.89	CHH
6	11851633	11851862	189	12	94.03	CG
6	11851633	11851862	339	166	67.13	CHG
6	11851633	11851862	29	1387	2.05	CHH
6	14122214	14122520	661	35	94.97	CG
6	14122214	14122520	695	240	74.33	CHG
6	14122214	14122520	136	2623	4.93	CHH
6	14227883	14228030	107	18	85.60	CG
6	14227883	14228030	58	37	61.05	CHG
6	14227883	14228030	19	551	3.33	CHH
6	14470606	14472078	2022	105	95.06	CG
6	14470606	14472078	2156	391	84.65	CHG
6	14470606	14472078	422	7284	5.48	CHH
6	14807254	14809068	2231	719	75.63	CG
6	14807254	14809068	1833	1460	55.66	CHG
6	14807254	14809068	1390	10356	11.83	CHH
6	14821713	14821802	118	10	92.19	CG
6	14821713	14821802	255	28	90.11	CHG
6	14821713	14821802	20	628	3.09	CHH
6	14830897	14831902	1586	102	93.96	CG
6	14830897	14831902	2161	532	80.25	CHG
6	14830897	14831902	221	10074	2.15	CHH
6	14905971	14906794	1887	54	97.22	CG
6	14905971	14906794	1955	182	91.48	CHG
6	14905971	14906794	410	5880	6.52	CHH
6	15103747	15105627	2100	145	93.54	CG
6	15103747	15105627	1437	502	74.11	CHG
6	15103747	15105627	426	13974	2.96	CHH
6	15441362	15441506	2598	234	91.74	CG
6	15441362	15441506	205	234	46.70	CHG
6	15441362	15441506	89	3523	2.46	CHH
6	15563454	15563591	108	4	96.43	CG
6	15563454	15563591	151	33	82.07	CHG
6	15563454	15563591	21	717	2.85	CHH
6	16686020	16686529	776	57	93.16	CG
6	16686020	16686529	145	331	30.46	CHG
6	16686020	16686529	27	2444	1.09	CHH
6	17158669	17158861	166	75	68.88	CG
6	17158669	17158861	1	188	0.53	CHG
6	17158669	17158861	17	871	1.91	CHH
6	17199198	17199462	55	18	75.34	CG
6	17199198	17199462	4	15	21.05	CHG
6	17199198	17199462	2	489	0.41	CHH
6	17345586	17347256	3149	145	95.60	CG
6	17345586	17347256	1827	780	70.08	CHG
6	17345586	17347256	365	8404	4.16	CHH
6	17660877	17661057	405	7	98.30	CG
6	17660877	17661057	446	118	79.08	CHG
6	17660877	17661057	21	1446	1.43	CHH
6	18643334	18643833	150	3	98.04	CG
6	18643334	18643833	32	56	36.36	CHG
6	18643334	18643833	4	82	4.65	CHH
6	18777954	18779043	961	47	95.34	CG
6	18777954	18779043	502	252	66.58	CHG
6	18777954	18779043	69	5593	1.22	CHH
6	18810122	18813496	3990	704	85.00	CG
6	18810122	18813496	1478	2460	37.53	CHG
6	18810122	18813496	250	15497	1.59	CHH
6	19312818	19314797	3738	1816	67.30	CG
6	19312818	19314797	1643	1999	45.11	CHG
6	19312818	19314797	1207	15608	7.18	CHH
6	20357482	20357681	269	18	93.73	CG
6	20357482	20357681	101	76	57.06	CHG
6	20357482	20357681	9	1037	0.86	CHH
6	20439044	20439654	4	611	0.65	CG
6	20439044	20439654	7	1365	0.51	CHG
6	20439044	20439654	22	3784	0.58	CHH
6	21127919	21128043	178	17	91.28	CG
6	21127919	21128043	0	12	0.00	CHG
6	21127919	21128043	8	463	1.70	CHH
6	21587628	21587841	115	5	95.83	CG
6	21587628	21587841	66	17	79.52	CHG
6	21587628	21587841	18	665	2.64	CHH
6	22156671	22156886	1	735	0.14	CG
6	22156671	22156886	1	551	0.18	CHG
6	22156671	22156886	6	2118	0.28	CHH
6	22194216	22196915	1982	942	67.78	CG
6	22194216	22196915	630	2893	17.88	CHG
6	22194216	22196915	150	13429	1.10	CHH
6	22609287	22612484	2622	2737	48.93	CG
6	22609287	22612484	1197	2988	28.60	CHG
6	22609287	22612484	1611	12701	11.26	CHH
6	22611980	22612934	560	1994	21.93	CG
6	22611980	22612934	464	1822	20.30	CHG
6	22611980	22612934	1191	5974	16.62	CHH
6	23257492	23257741	694	13	98.16	CG
6	23257492	23257741	210	135	60.87	CHG
6	23257492	23257741	39	646	5.69	CHH
6	23764410	23764702	71	7	91.03	CG
6	23764410	23764702	1	2	33.33	CHG
6	23764410	23764702	67	2435	2.68	CHH
6	23867262	23869017	126	5854	2.11	CG
6	23867262	23869017	260	2886	8.26	CHG
6	23867262	23869017	274	6876	3.83	CHH
6	24469529	24469704	122	8	93.85	CG
6	24469529	24469704	425	31	93.20	CHG
6	24469529	24469704	30	1049	2.78	CHH
6	26027042	26027922	127	432	22.72	CG
6	26027042	26027922	11	504	2.14	CHG
6	26027042	26027922	12	2637	0.45	CHH
6	27428621	27432072	1009	3895	20.58	CG
6	27428621	27432072	186	7053	2.57	CHG
6	27428621	27432072	377	17933	2.06	CHH
6	27581080	27581338	376	15	96.16	CG
6	27581080	27581338	168	100	62.69	CHG
6	27581080	27581338	81	924	8.06	CHH
6	27924772	27924989	91	6	93.81	CG
6	27924772	27924989	3	325	0.91	CHG
6	27924772	27924989	2	706	0.28	CHH
6	28789509	28791244	203	560	26.61	CG
6	28789509	28791244	12	1695	0.70	CHG
6	28789509	28791244	34	6220	0.54	CHH
6	28955148	28955268	3	272	1.09	CHG
6	28955148	28955268	2	599	0.33	CHH
6	29172271	29175087	938	673	58.22	CG
6	29172271	29175087	19	5512	0.34	CHG
6	29172271	29175087	116	19903	0.58	CHH
6	30516258	30516520	123	311	28.34	CG
6	30516258	30516520	34	157	17.80	CHG
6	30516258	30516520	67	1110	5.69	CHH
6	31188015	31188697	149	5	96.75	CG
6	31188015	31188697	5	879	0.57	CHG
6	31188015	31188697	11	3410	0.32	CHH
6	31222643	31224540	1007	33	96.83	CG
6	31222643	31224540	29	1990	1.44	CHG
6	31222643	31224540	87	7024	1.22	CHH
7	411438	411715	499	49	91.06	CG
7	411438	411715	246	590	29.43	CHG
7	411438	411715	29	2453	1.17	CHH
7	993029	993215	0	115	0.00	CG
7	993029	993215	0	191	0.00	CHG
7	993029	993215	2	659	0.30	CHH
7	1846760	1848970	1452	361	80.09	CG
7	1846760	1848970	17	3585	0.47	CHG
7	1846760	1848970	68	13294	0.51	CHH
7	2224488	2225213	4	921	0.43	CG
7	2224488	2225213	3	905	0.33	CHG
7	2224488	2225213	8	2241	0.36	CHH
7	2447769	2451203	1172	9521	10.96	CG
7	2447769	2451203	405	7382	5.20	CHG
7	2447769	2451203	751	22567	3.22	CHH
7	2483423	2483554	188	118	61.44	CG
7	2483423	2483554	53	31	63.10	CHG
7	2483423	2483554	158	338	31.85	CHH
7	2618288	2618484	57	49	53.77	CG
7	2618288	2618484	1	54	1.82	CHG
7	2618288	2618484	34	892	3.67	CHH
7	2946799	2949545	1002	4618	17.83	CG
7	2946799	2949545	33	6040	0.54	CHG
7	2946799	2949545	80	16154	0.49	CHH
7	3992526	3992733	115	12	90.55	CG
7	3992526	3992733	7	411	1.67	CHG
7	3992526	3992733	3	1263	0.24	CHH
7	4299561	4299774	68	113	37.57	CG
7	4299561	4299774	5	118	4.07	CHG
7	4299561	4299774	19	557	3.30	CHH
7	4594741	4595750	30	2185	1.35	CG
7	4594741	4595750	15	2540	0.59	CHG
7	4594741	4595750	47	9070	0.52	CHH
7	4802020	4804153	80	1293	5.83	CG
7	4802020	4804153	27	1023	2.57	CHG
7	4802020	4804153	57	7228	0.78	CHH
7	5473306	5473520	126	7	94.74	CG
7	5473306	5473520	95	16	85.59	CHG
7	5473306	5473520	13	715	1.79	CHH
7	6327476	6328339	1695	88	95.06	CG
7	6327476	6328339	1093	368	74.81	CHG
7	6327476	6328339	90	4529	1.95	CHH
7	6575263	6575711	0	59	0.00	CG
7	6575263	6575711	2	22	8.33	CHG
7	6575263	6575711	15	1129	1.31	CHH
7	6605103	6605624	928	37	96.17	CG
7	6605103	6605624	224	502	30.85	CHG
7	6605103	6605624	26	1599	1.60	CHH
7	6829453	6829599	31	119	20.67	CHG
7	6829453	6829599	8	904	0.88	CHH
7	6919655	6920441	913	192	82.62	CG
7	6919655	6920441	581	783	42.60	CHG
7	6919655	6920441	43	3960	1.07	CHH
7	7348687	7348951	25	0	100.00	CG
7	7348687	7348951	0	143	0.00	CHG
7	7348687	7348951	2	1040	0.19	CHH
7	7538627	7540224	584	196	74.87	CG
7	7538627	7540224	141	419	25.18	CHG
7	7538627	7540224	106	3958	2.61	CHH
7	7676619	7677136	537	33	94.21	CG
7	7676619	7677136	415	135	75.45	CHG
7	7676619	7677136	71	2803	2.47	CHH
7	7868604	7868899	1024	41	96.15	CG
7	7868604	7868899	510	309	62.27	CHG
7	7868604	7868899	64	2168	2.87	CHH
7	7896981	7897138	71	0	100.00	CG
7	7896981	7897138	491	114	81.16	CHG
7	7896981	7897138	71	1827	3.74	CHH
7	7950410	7951127	162	2070	7.26	CG
7	7950410	7951127	97	1110	8.04	CHG
7	7950410	7951127	162	3215	4.80	CHH
7	8994834	8994985	177	41	81.19	CG
7	8994834	8994985	0	302	0.00	CHG
7	8994834	8994985	5	637	0.78	CHH
7	9688947	9691039	545	4161	11.58	CG
7	9688947	9691039	555	1812	23.45	CHG
7	9688947	9691039	212	7367	2.80	CHH
7	10365529	10365796	460	14	97.05	CG
7	10365529	10365796	68	25	73.12	CHG
7	10365529	10365796	13	831	1.54	CHH
7	10449611	10449795	256	22	92.09	CG
7	10449611	10449795	221	64	77.54	CHG
7	10449611	10449795	47	1867	2.46	CHH
7	10549868	10550083	336	23	93.59	CG
7	10549868	10550083	134	223	37.54	CHG
7	10549868	10550083	19	1336	1.40	CHH
7	10635123	10635434	312	314	49.84	CG
7	10635123	10635434	408	214	65.59	CHG
7	10635123	10635434	695	1593	30.38	CHH
7	10877526	10878054	1547	99	93.99	CG
7	10877526	10878054	346	242	58.84	CHG
7	10877526	10878054	104	1568	6.22	CHH
7	11466967	11467449	906	45	95.27	CG
7	11466967	11467449	513	199	72.05	CHG
7	11466967	11467449	83	2731	2.95	CHH
7	11601703	11602144	136	9	93.79	CG
7	11601703	11602144	113	36	75.84	CHG
7	11601703	11602144	65	1228	5.03	CHH
7	11983577	11984979	967	175	84.68	CG
7	11983577	11984979	647	676	48.90	CHG
7	11983577	11984979	194	9586	1.98	CHH
7	12411232	12411465	23	0	100.00	CG
7	12411232	12411465	16	4	80.00	CHG
7	12411232	12411465	2	41	4.65	CHH
7	12792717	12792888	63	6	91.30	CG
7	12792717	12792888	103	9	91.96	CHG
7	12792717	12792888	14	614	2.23	CHH
7	12807464	12807960	621	28	95.69	CG
7	12807464	12807960	831	347	70.54	CHG
7	12807464	12807960	162	5061	3.10	CHH
7	13460211	13460326	274	6	97.86	CG
7	13460211	13460326	14	34	29.17	CHG
7	13460211	13460326	16	116	12.12	CHH
7	15065372	15067232	1880	114	94.28	CG
7	15065372	15067232	1691	584	74.33	CHG
7	15065372	15067232	133	9814	1.34	CHH
7	15194897	15195154	1	59	1.67	CG
7	15194897	15195154	1	81	1.22	CHG
7	15194897	15195154	8	961	0.83	CHH
7	15838174	15840597	476	1737	21.51	CG
7	15838174	15840597	121	1685	6.70	CHG
7	15838174	15840597	223	7829	2.77	CHH
7	16417756	16417995	68	4	94.44	CG
7	16417756	16417995	29	14	67.44	CHG
7	16417756	16417995	54	898	5.67	CHH
7	17006268	17006989	2794	183	93.85	CG
7	17006268	17006989	830	446	65.05	CHG
7	17006268	17006989	147	5360	2.67	CHH
7	17339592	17339751	0	92	0.00	CG
7	17339592	17339751	1	291	0.34	CHG
7	17339592	17339751	6	911	0.65	CHH
7	17913342	17913726	652	19	97.17	CG
7	17913342	17913726	353	143	71.17	CHG
7	17913342	17913726	79	1925	3.94	CHH
7	18987148	18987233	7	31	18.42	CG
7	18987148	18987233	5	14	26.32	CHG
7	18987148	18987233	4	136	2.86	CHH
7	19215021	19215291	544	24	95.77	CG
7	19215021	19215291	271	109	71.32	CHG
7	19215021	19215291	58	796	6.79	CHH
7	19560035	19560566	1038	48	95.58	CG
7	19560035	19560566	496	442	52.88	CHG
7	19560035	19560566	206	2423	7.84	CHH
7	19560091	19560385	699	32	95.62	CG
7	19560091	19560385	333	255	56.63	CHG
7	19560091	19560385	109	1371	7.36	CHH
7	19831953	19832039	3	284	1.05	CHG
7	19831953	19832039	7	958	0.73	CHH
7	19834434	19835298	767	134	85.13	CG
7	19834434	19835298	352	326	51.92	CHG
7	19834434	19835298	81	2431	3.22	CHH
7	21131054	21131268	0	98	0.00	CG
7	21131054	21131268	0	234	0.00	CHG
7	21131054	21131268	6	1433	0.42	CHH
7	21474944	21475222	64	54	54.24	CG
7	21474944	21475222	0	28	0.00	CHG
7	21474944	21475222	44	538	7.56	CHH
7	21913503	21914249	81	653	11.04	CG
7	21913503	21914249	17	757	2.20	CHG
7	21913503	21914249	186	2881	6.06	CHH
7	22120429	22120613	467	23	95.31	CG
7	22120429	22120613	8	905	0.88	CHG
7	22120429	22120613	20	2488	0.80	CHH
7	22386510	22386982	5	1207	0.41	CG
7	22386510	22386982	1	384	0.26	CHG
7	22386510	22386982	2	657	0.30	CHH
7	22569423	22569628	253	6	97.68	CG
7	22569423	22569628	3	542	0.55	CHG
7	22569423	22569628	13	1990	0.65	CHH
7	23187122	23187806	25	1199	2.04	CG
7	23187122	23187806	20	1473	1.34	CHG
7	23187122	23187806	20	5235	0.38	CHH
7	23391649	23391802	156	12	92.86	CG
7	23391649	23391802	1	357	0.28	CHG
7	23391649	23391802	5	941	0.53	CHH
7	24132747	24133053	134	6	95.71	CG
7	24132747	24133053	30	213	12.35	CHG
7	24132747	24133053	24	1692	1.40	CHH
7	24196787	24197173	707	39	94.77	CG
7	24196787	24197173	733	81	90.05	CHG
7	24196787	24197173	142	4711	2.93	CHH
7	24296352	24296548	120	7	94.49	CG
7	24296352	24296548	2	448	0.44	CHG
7	24296352	24296548	7	1428	0.49	CHH
7	24747117	24747542	1049	44	95.97	CG
7	24747117	24747542	384	248	60.76	CHG
7	24747117	24747542	125	1014	10.97	CHH
7	25222041	25223348	166	4118	3.87	CG
7	25222041	25223348	219	2327	8.60	CHG
7	25222041	25223348	397	8875	4.28	CHH
7	25256522	25256725	2	495	0.40	CG
7	25256522	25256725	1	364	0.27	CHG
7	25256522	25256725	2	939	0.21	CHH
7	25908465	25908808	4	864	0.46	CG
7	25908465	25908808	11	1373	0.79	CHG
7	25908465	25908808	15	3625	0.41	CHH
7	25983000	25983349	184	58	76.03	CG
7	25983000	25983349	7	626	1.11	CHG
7	25983000	25983349	10	1728	0.58	CHH
7	26184639	26186023	1961	54	97.32	CG
7	26184639	26186023	1034	399	72.16	CHG
7	26184639	26186023	211	3215	6.16	CHH
7	26456564	26456769	4	165	2.37	CG
7	26456564	26456769	0	64	0.00	CHG
7	26456564	26456769	5	526	0.94	CHH
7	27118237	27118566	31	3	91.18	CG
7	27118237	27118566	25	38	39.68	CHG
7	27118237	27118566	26	650	3.85	CHH
7	28429839	28434200	1721	705	70.94	CG
7	28429839	28434200	35	7426	0.47	CHG
7	28429839	28434200	121	26479	0.45	CHH
7	28561953	28562576	31	4742	0.65	CG
7	28561953	28562576	15	2517	0.59	CHG
7	28561953	28562576	21	2955	0.71	CHH
7	28603030	28603161	1	0	100.00	CG
7	28603030	28603161	1	0	100.00	CHG
7	28603030	28603161	0	2	0.00	CHH
7	29086695	29086979	576	20	96.64	CG
7	29086695	29086979	169	76	68.98	CHG
7	29086695	29086979	96	667	12.58	CHH
8	178569	180215	24	3332	0.72	CG
8	178569	180215	66	2246	2.85	CHG
8	178569	180215	175	7384	2.32	CHH
8	236935	237112	300	16	94.94	CG
8	236935	237112	549	63	89.71	CHG
8	236935	237112	117	1712	6.40	CHH
8	451101	451275	0	662	0.00	CG
8	451101	451275	1	282	0.35	CHG
8	451101	451275	6	350	1.69	CHH
8	700792	701075	4	808	0.49	CG
8	700792	701075	3	572	0.52	CHG
8	700792	701075	6	1296	0.46	CHH
8	1029191	1029915	181	916	16.50	CG
8	1029191	1029915	89	567	13.57	CHG
8	1029191	1029915	742	2962	20.03	CHH
8	1151684	1151850	185	11	94.39	CG
8	1151684	1151850	310	129	70.62	CHG
8	1151684	1151850	30	1940	1.52	CHH
8	1263064	1263825	33	2	94.29	CG
8	1263064	1263825	31	15	67.39	CHG
8	1263064	1263825	0	152	0.00	CHH
8	1315995	1316283	264	105	71.54	CG
8	1315995	1316283	212	252	45.69	CHG
8	1315995	1316283	106	1819	5.51	CHH
8	1392517	1392770	769	34	95.77	CG
8	1392517	1392770	42	329	11.32	CHG
8	1392517	1392770	12	1551	0.77	CHH
8	1864926	1865852	1909	112	94.46	CG
8	1864926	1865852	381	611	38.41	CHG
8	1864926	1865852	134	7677	1.72	CHH
8	1952801	1953130	48	542	8.14	CG
8	1952801	1953130	4	382	1.04	CHG
8	1952801	1953130	16	2906	0.55	CHH
8	2740500	2740929	627	15	97.66	CG
8	2740500	2740929	352	224	61.11	CHG
8	2740500	2740929	58	2384	2.38	CHH
8	2874093	2874334	297	16	94.89	CG
8	2874093	2874334	126	91	58.06	CHG
8	2874093	2874334	32	1321	2.37	CHH
8	3055231	3055410	2	770	0.26	CHG
8	3055231	3055410	13	2469	0.52	CHH
8	3463082	3465280	390	1897	17.05	CG
8	3463082	3465280	132	2710	4.64	CHG
8	3463082	3465280	782	10012	7.24	CHH
8	4272689	4273002	213	6	97.26	CG
8	4272689	4273002	275	62	81.60	CHG
8	4272689	4273002	44	2616	1.65	CHH
8	4312136	4312445	880	40	95.65	CG
8	4312136	4312445	388	316	55.11	CHG
8	4312136	4312445	34	3154	1.07	CHH
8	4545475	4545770	74	15	83.15	CG
8	4545475	4545770	13	306	4.08	CHG
8	4545475	4545770	2	1220	0.16	CHH
8	4853217	4853848	23	3189	0.72	CG
8	4853217	4853848	7	1613	0.43	CHG
8	4853217	4853848	17	3217	0.53	CHH
8	5467560	5467758	6	586	1.01	CG
8	5467560	5467758	3	472	0.63	CHG
8	5467560	5467758	13	1908	0.68	CHH
8	6450044	6451003	1533	86	94.69	CG
8	6450044	6451003	1078	360	74.97	CHG
8	6450044	6451003	173	5264	3.18	CHH
8	6675950	6676096	153	5	96.84	CG
8	6675950	6676096	54	28	65.85	CHG
8	6675950	6676096	12	343	3.38	CHH
8	6874782	6875032	421	51	89.19	CG
8	6874782	6875032	127	74	63.18	CHG
8	6874782	6875032	106	1813	5.52	CHH
8	7337780	7340351	1393	1959	41.56	CG
8	7337780	7340351	54	4612	1.16	CHG
8	7337780	7340351	289	16427	1.73	CHH
8	7485595	7487184	2779	174	94.11	CG
8	7485595	7487184	2579	670	79.38	CHG
8	7485595	7487184	544	10312	5.01	CHH
8	7660052	7660308	36	35	50.70	CG
8	7660052	7660308	26	97	21.14	CHG
8	7660052	7660308	4	851	0.47	CHH
8	8117875	8118747	278	42	86.88	CG
8	8117875	8118747	12	948	1.25	CHG
8	8117875	8118747	35	4150	0.84	CHH
8	8283116	8289954	6713	2452	73.25	CG
8	8283116	8289954	3913	9063	30.16	CHG
8	8283116	8289954	796	43653	1.79	CHH
8	8625179	8626724	3208	127	96.19	CG
8	8625179	8626724	1799	1033	63.52	CHG
8	8625179	8626724	123	4639	2.58	CHH
8	10263592	10264820	659	20	97.05	CG
8	10263592	10264820	4	1814	0.22	CHG
8	10263592	10264820	31	6027	0.51	CHH
8	10859005	10859704	346	16	95.58	CG
8	10859005	10859704	390	103	79.11	CHG
8	10859005	10859704	156	4766	3.17	CHH
8	10992041	10993699	1467	142	91.17	CG
8	10992041	10993699	603	790	43.29	CHG
8	10992041	10993699	127	6983	1.79	CHH
8	11166235	11167095	40	3	93.02	CG
8	11166235	11167095	168	54	75.68	CHG
8	11166235	11167095	18	848	2.08	CHH
8	11203659	11203915	0	1	0.00	CG
8	11203659	11203915	4	0	100.00	CHG
8	11203659	11203915	0	18	0.00	CHH
8	12217241	12217417	4	0	100.00	CHG
8	12217241	12217417	0	11	0.00	CHH
8	12220776	12220917	4	0	100.00	CG
8	12220776	12220917	3	0	100.00	CHG
8	12220776	12220917	0	22	0.00	CHH
8	12256460	12256704	3	326	0.91	CG
8	12256460	12256704	6	582	1.02	CHG
8	12256460	12256704	11	2035	0.54	CHH
8	12629860	12629996	66	3	95.65	CG
8	12629860	12629996	220	55	80.00	CHG
8	12629860	12629996	18	993	1.78	CHH
8	13407105	13408116	1782	301	85.55	CG
8	13407105	13408116	454	466	49.35	CHG
8	13407105	13408116	90	2712	3.21	CHH
8	13545344	13545711	344	47	87.98	CG
8	13545344	13545711	49	81	37.69	CHG
8	13545344	13545711	58	2116	2.67	CHH
8	13637622	13639004	2571	194	92.98	CG
8	13637622	13639004	1971	822	70.57	CHG
8	13637622	13639004	221	7213	2.97	CHH
8	13894493	13894788	9	0	100.00	CG
8	13894493	13894788	4	3	57.14	CHG
8	13894493	13894788	0	18	0.00	CHH
8	13952461	13953924	1067	650	62.14	CG
8	13952461	13953924	561	695	44.67	CHG
8	13952461	13953924	359	4617	7.21	CHH
8	14213510	14213752	52	197	20.88	CG
8	14213510	14213752	3	178	1.66	CHG
8	14213510	14213752	23	778	2.87	CHH
8	14298148	14298652	423	27	94.00	CG
8	14298148	14298652	524	132	79.88	CHG
8	14298148	14298652	88	2874	2.97	CHH
8	14597668	14597929	728	36	95.29	CG
8	14597668	14597929	366	148	71.21	CHG
8	14597668	14597929	70	1079	6.09	CHH
8	14657412	14657652	8	0	100.00	CG
8	14657412	14657652	3	7	30.00	CHG
8	14657412	14657652	2	225	0.88	CHH
8	15580207	15580529	193	19	91.04	CG
8	15580207	15580529	256	44	85.33	CHG
8	15580207	15580529	58	1457	3.83	CHH
8	15967015	15970249	3526	236	93.73	CG
8	15967015	15970249	2329	1393	62.57	CHG
8	15967015	15970249	441	17793	2.42	CHH
8	16012976	16013846	1661	57	96.68	CG
8	16012976	16013846	850	272	75.76	CHG
8	16012976	16013846	408	3573	10.25	CHH
8	16216197	16216404	67	26	72.04	CG
8	16216197	16216404	7	553	1.25	CHH
8	16538923	16541131	825	144	85.14	CG
8	16538923	16541131	11	2086	0.52	CHG
8	16538923	16541131	54	8797	0.61	CHH
8	16974676	16975655	257	459	35.89	CG
8	16974676	16975655	102	592	14.70	CHG
8	16974676	16975655	45	3701	1.20	CHH
8	16994050	16994211	1	231	0.43	CG
8	16994050	16994211	1	184	0.54	CHG
8	16994050	16994211	2	859	0.23	CHH
8	17403203	17403300	288	13	95.68	CG
8	17403203	17403300	154	62	71.30	CHG
8	17403203	17403300	5	328	1.50	CHH
8	17719178	17719322	126	4	96.92	CG
8	17719178	17719322	24	49	32.88	CHG
8	17719178	17719322	5	591	0.84	CHH
8	18550794	18553306	2518	705	78.13	CG
8	18550794	18553306	631	1698	27.09	CHG
8	18550794	18553306	421	7177	5.54	CHH
8	20514928	20517189	2401	159	93.79	CG
8	20514928	20517189	562	768	42.26	CHG
8	20514928	20517189	650	18976	3.31	CHH
8	21734995	21740080	9810	523	94.94	CG
8	21734995	21740080	4811	2081	69.81	CHG
8	21734995	21740080	924	21972	4.04	CHH
8	21758849	21759020	123	27	82.00	CG
8	21758849	21759020	2	468	0.43	CHG
8	21758849	21759020	13	2073	0.62	CHH
8	22561294	22561443	5	30	14.29	CG
8	22561294	22561443	2	34	5.56	CHG
8	22561294	22561443	2	169	1.17	CHH
8	22681154	22681244	143	22	86.67	CHG
8	22681154	22681244	23	688	3.23	CHH
8	22949183	22951590	793	902	46.78	CG
8	22949183	22951590	371	2102	15.00	CHG
8	22949183	22951590	588	8912	6.19	CHH
8	23384652	23384882	3	861	0.35	CG
8	23384652	23384882	2	414	0.48	CHG
8	23384652	23384882	5	958	0.52	CHH
8	23517672	23517817	50	5	90.91	CG
8	23517672	23517817	65	8	89.04	CHG
8	23517672	23517817	28	540	4.93	CHH
8	23675662	23675914	107	11	90.68	CG
8	23675662	23675914	14	34	29.17	CHG
8	23675662	23675914	170	194	46.70	CHH
8	24239866	24240191	156	10	93.98	CG
8	24239866	24240191	2	539	0.37	CHG
8	24239866	24240191	3	2223	0.13	CHH
8	24632914	24633182	26	24	52.00	CG
8	24632914	24633182	13	184	6.60	CHG
8	24632914	24633182	21	472	4.26	CHH
8	25281178	25281350	429	37	92.06	CG
8	25281178	25281350	54	35	60.67	CHG
8	25281178	25281350	100	1016	8.96	CHH
8	25598370	25598449	0	61	0.00	CHH
8	25696600	25696771	4	570	0.70	CG
8	25696600	25696771	0	394	0.00	CHG
8	25696600	25696771	2	890	0.22	CHH
8	25733898	25741720	5625	5046	52.71	CG
8	25733898	25741720	2194	11345	16.21	CHG
8	25733898	25741720	490	42885	1.13	CHH
8	26671848	26672550	470	21	95.72	CG
8	26671848	26672550	228	93	71.03	CHG
8	26671848	26672550	54	1555	3.36	CHH
8	26851572	26851796	1	437	0.23	CG
8	26851572	26851796	1	291	0.34	CHG
8	26851572	26851796	5	1333	0.37	CHH
8	27327904	27330518	536	9947	5.11	CG
8	27327904	27330518	213	6110	3.37	CHG
8	27327904	27330518	218	12811	1.67	CHH
9	899505	900078	1330	76	94.59	CG
9	899505	900078	275	296	48.16	CHG
9	899505	900078	229	5231	4.19	CHH
9	1708905	1710116	3559	185	95.06	CG
9	1708905	1710116	1666	1054	61.25	CHG
9	1708905	1710116	140	7696	1.79	CHH
9	2262231	2262612	614	33	94.90	CG
9	2262231	2262612	738	249	74.77	CHG
9	2262231	2262612	83	2577	3.12	CHH
9	2463009	2464211	1973	123	94.13	CG
9	2463009	2464211	1121	725	60.73	CHG
9	2463009	2464211	353	7531	4.48	CHH
9	2545349	2545704	635	23	96.50	CG
9	2545349	2545704	554	178	75.68	CHG
9	2545349	2545704	70	2092	3.24	CHH
9	2775400	2775730	2773	194	93.46	CG
9	2775400	2775730	431	329	56.71	CHG
9	2775400	2775730	236	6143	3.70	CHH
9	2854868	2855786	2306	209	91.69	CG
9	2854868	2855786	224	365	38.03	CHG
9	2854868	2855786	131	4966	2.57	CHH
9	2911646	2912272	897	58	93.93	CG
9	2911646	2912272	1131	273	80.56	CHG
9	2911646	2912272	113	3760	2.92	CHH
9	3112245	3115702	8621	358	96.01	CG
9	3112245	3115702	3668	1146	76.19	CHG
9	3112245	3115702	1399	14653	8.72	CHH
9	3214717	3216020	321	129	71.33	CG
9	3214717	3216020	171	177	49.14	CHG
9	3214717	3216020	41	2790	1.45	CHH
9	3330884	3331520	158	3	98.14	CG
9	3330884	3331520	301	97	75.63	CHG
9	3330884	3331520	28	1849	1.49	CHH
9	4522204	4522362	119	1	99.17	CG
9	4522204	4522362	48	14	77.42	CHG
9	4522204	4522362	9	192	4.48	CHH
9	4739227	4745466	1888	1427	56.95	CG
9	4739227	4745466	551	2390	18.74	CHG
9	4739227	4745466	363	12754	2.77	CHH
9	6140177	6140335	30	0	100.00	CG
9	6140177	6140335	20	14	58.82	CHG
9	6140177	6140335	2	139	1.42	CHH
9	6631347	6632182	151	173	46.60	CG
9	6631347	6632182	493	893	35.57	CHG
9	6631347	6632182	49	4834	1.00	CHH
9	7230219	7230464	448	19	95.93	CG
9	7230219	7230464	86	150	36.44	CHG
9	7230219	7230464	12	565	2.08	CHH
9	7430897	7432040	139	95	59.40	CG
9	7430897	7432040	5	152	3.18	CHG
9	7430897	7432040	35	1921	1.79	CHH
9	8393668	8393832	335	11	96.82	CG
9	8393668	8393832	108	67	61.71	CHG
9	8393668	8393832	40	427	8.57	CHH
9	9923428	9925180	187	213	46.75	CG
9	9923428	9925180	12	582	2.02	CHG
9	9923428	9925180	174	4867	3.45	CHH
9	10766786	10767301	242	80	75.16	CG
9	10766786	10767301	5	946	0.53	CHG
9	10766786	10767301	17	3203	0.53	CHH
9	12030840	12031218	9	1512	0.59	CG
9	12030840	12031218	3	1025	0.29	CHG
9	12030840	12031218	7	1837	0.38	CHH
9	12595903	12596851	0	809	0.00	CG
9	12595903	12596851	4	1581	0.25	CHG
9	12595903	12596851	16	4728	0.34	CHH
9	13404977	13406112	1186	66	94.73	CG
9	13404977	13406112	322	249	56.39	CHG
9	13404977	13406112	79	2751	2.79	CHH
9	16489222	16490713	860	1105	43.77	CG
9	16489222	16490713	159	1706	8.53	CHG
9	16489222	16490713	55	6334	0.86	CHH
9	16577282	16577396	88	0	100.00	CG
9	16577282	16577396	24	36	40.00	CHG
9	16577282	16577396	362	406	47.14	CHH
9	17604144	17604323	100	3	97.09	CG
9	17604144	17604323	2	145	1.36	CHG
9	17604144	17604323	2	704	0.28	CHH
9	19383868	19383934	1	70	1.41	CHG
9	19383868	19383934	0	265	0.00	CHH
9	19469244	19469889	51	426	10.69	CG
9	19469244	19469889	22	1036	2.08	CHG
9	19469244	19469889	429	2291	15.77	CHH
9	19529704	19533249	2128	4607	31.60	CG
9	19529704	19533249	1167	2563	31.29	CHG
9	19529704	19533249	576	16097	3.45	CHH
9	20512179	20515947	2438	2507	49.30	CG
9	20512179	20515947	1297	4725	21.54	CHG
9	20512179	20515947	1781	24506	6.78	CHH
9	20811988	20812086	3	643	0.46	CG
9	20811988	20812086	0	86	0.00	CHG
9	20811988	20812086	3	651	0.46	CHH
9	21917576	21917684	0	349	0.00	CG
9	21917576	21917684	0	302	0.00	CHG
9	21917576	21917684	1	443	0.23	CHH
9	22507907	22508014	0	111	0.00	CHG
9	22507907	22508014	0	371	0.00	CHH
9	22587586	22587797	363	20	94.78	CG
9	22587586	22587797	117	101	53.67	CHG
9	22587586	22587797	52	635	7.57	CHH
10	76063	76767	860	58	93.68	CG
10	76063	76767	209	733	22.19	CHG
10	76063	76767	41	3367	1.20	CHH
10	1070598	1072595	945	5204	15.37	CG
10	1070598	1072595	462	3448	11.82	CHG
10	1070598	1072595	324	12766	2.48	CHH
10	1391746	1391999	735	37	95.21	CG
10	1391746	1391999	75	323	18.84	CHG
10	1391746	1391999	11	755	1.44	CHH
10	1614261	1614403	1	62	1.59	CG
10	1614261	1614403	1	422	0.24	CHG
10	1614261	1614403	13	1413	0.91	CHH
10	1803629	1804504	653	85	88.48	CG
10	1803629	1804504	532	375	58.65	CHG
10	1803629	1804504	420	4109	9.27	CHH
10	1803768	1804170	605	40	93.80	CG
10	1803768	1804170	271	141	65.78	CHG
10	1803768	1804170	86	1820	4.51	CHH
10	1840873	1840994	0	111	0.00	CG
10	1840873	1840994	0	65	0.00	CHG
10	1840873	1840994	4	318	1.24	CHH
10	2764274	2764493	3	338	0.88	CG
10	2764274	2764493	10	756	1.31	CHG
10	2764274	2764493	9	1611	0.56	CHH
10	3411205	3411730	239	7	97.15	CG
10	3411205	3411730	11	869	1.25	CHG
10	3411205	3411730	24	2792	0.85	CHH
10	3555583	3556236	1658	70	95.95	CG
10	3555583	3556236	337	261	56.35	CHG
10	3555583	3556236	211	1723	10.91	CHH
10	4747418	4747782	5	39	11.36	CG
10	4747418	4747782	14	260	5.11	CHG
10	4747418	4747782	6	946	0.63	CHH
10	6032495	6032662	186	12	93.94	CG
10	6032495	6032662	396	85	82.33	CHG
10	6032495	6032662	100	1687	5.60	CHH
10	6484932	6485158	38	347	9.87	CG
10	6484932	6485158	0	204	0.00	CHG
10	6484932	6485158	5	883	0.56	CHH
10	6965382	6965620	507	18	96.57	CG
10	6965382	6965620	81	87	48.21	CHG
10	6965382	6965620	13	225	5.46	CHH
10	7289884	7290427	503	26	95.09	CG
10	7289884	7290427	195	96	67.01	CHG
10	7289884	7290427	37	1076	3.32	CHH
10	8713513	8713687	96	3	96.97	CG
10	8713513	8713687	107	35	75.35	CHG
10	8713513	8713687	12	449	2.60	CHH
10	8784304	8784496	161	13	92.53	CG
10	8784304	8784496	63	32	66.32	CHG
10	8784304	8784496	14	953	1.45	CHH
10	9339792	9339997	74	3	96.10	CG
10	9339792	9339997	8	3	72.73	CHG
10	9339792	9339997	212	184	53.54	CHH
10	9455216	9455761	770	38	95.30	CG
10	9455216	9455761	546	190	74.18	CHG
10	9455216	9455761	111	3355	3.20	CHH
10	10070366	10073354	3502	162	95.58	CG
10	10070366	10073354	1807	874	67.40	CHG
10	10070366	10073354	405	7797	4.94	CHH
10	10893887	10894383	302	1603	15.85	CG
10	10893887	10894383	447	2226	16.72	CHG
10	10893887	10894383	133	14371	0.92	CHH
10	10994069	10994203	133	19	87.50	CG
10	10994069	10994203	0	241	0.00	CHG
10	10994069	10994203	4	757	0.53	CHH
10	11956236	11956518	211	15	93.36	CG
10	11956236	11956518	98	63	60.87	CHG
10	11956236	11956518	169	609	21.72	CHH
10	11967788	11968023	17	1	94.44	CG
10	11967788	11968023	20	2	90.91	CHG
10	11967788	11968023	241	551	30.43	CHH
10	12041078	12041429	10	69	12.66	CG
10	12041078	12041429	99	228	30.28	CHG
10	12041078	12041429	169	1205	12.30	CHH
10	12398331	12398410	61	19	76.25	CHG
10	12398331	12398410	21	486	4.14	CHH
10	12783731	12784747	543	3956	12.07	CG
10	12783731	12784747	235	2315	9.22	CHG
10	12783731	12784747	469	5457	7.91	CHH
10	13030461	13031711	283	2556	9.97	CG
10	13030461	13031711	180	1738	9.38	CHG
10	13030461	13031711	536	4298	11.09	CHH
10	13134013	13134625	236	132	64.13	CG
10	13134013	13134625	20	117	14.60	CHG
10	13134013	13134625	98	2514	3.75	CHH
10	14312781	14312940	239	14	94.47	CG
10	14312781	14312940	73	36	66.97	CHG
10	14312781	14312940	27	594	4.35	CHH
10	14415032	14415475	2	519	0.38	CG
10	14415032	14415475	4	422	0.94	CHG
10	14415032	14415475	13	1044	1.23	CHH
10	14939572	14939779	4	628	0.63	CG
10	14939572	14939779	1	390	0.26	CHG
10	14939572	14939779	12	2167	0.55	CHH
10	15358024	15358297	82	10	89.13	CHG
10	15358024	15358297	79	1738	4.35	CHH
10	15388115	15388379	76	4	95.00	CG
10	15388115	15388379	132	145	47.65	CHG
10	15388115	15388379	13	937	1.37	CHH
10	15623066	15624262	52	3014	1.70	CG
10	15623066	15624262	9	3396	0.26	CHG
10	15623066	15624262	31	7454	0.41	CHH
10	16649407	16649853	8	1571	0.51	CG
10	16649407	16649853	6	1434	0.42	CHG
10	16649407	16649853	13	3186	0.41	CHH
10	17917117	17917361	0	348	0.00	CG
10	17917117	17917361	1	597	0.17	CHG
10	17917117	17917361	11	1521	0.72	CHH
10	18118300	18118455	223	13	94.49	CG
10	18118300	18118455	142	33	81.14	CHG
10	18118300	18118455	140	1102	11.27	CHH
10	18249061	18249336	514	28	94.83	CG
10	18249061	18249336	166	179	48.12	CHG
10	18249061	18249336	29	1357	2.09	CHH
10	18629501	18629720	1	167	0.60	CG
10	18629501	18629720	2	172	1.15	CHG
10	18629501	18629720	4	1310	0.30	CHH
10	18709862	18710680	174	2291	7.06	CG
10	18709862	18710680	46	2078	2.17	CHG
10	18709862	18710680	198	4513	4.20	CHH
10	19071669	19072430	7	2587	0.27	CG
10	19071669	19072430	8	2800	0.28	CHG
10	19071669	19072430	18	4621	0.39	CHH
10	19727438	19727659	48	4	92.31	CG
10	19727438	19727659	39	52	42.86	CHG
10	19727438	19727659	374	658	36.24	CHH
10	20621568	20621746	89	16	84.76	CG
10	20621568	20621746	67	57	54.03	CHG
10	20621568	20621746	11	228	4.60	CHH
10	20684185	20684453	235	9	96.31	CG
10	20684185	20684453	4	993	0.40	CHG
10	20684185	20684453	15	2500	0.60	CHH
10	20758072	20758229	46	3	93.88	CG
10	20758072	20758229	1	379	0.26	CHG
10	20758072	20758229	3	972	0.31	CHH
10	20876029	20876473	80	263	23.32	CG
10	20876029	20876473	62	442	12.30	CHG
10	20876029	20876473	97	1537	5.94	CHH
10	21433314	21437604	1468	2752	34.79	CG
10	21433314	21437604	84	4209	1.96	CHG
10	21433314	21437604	149	16848	0.88	CHH
10	21560604	21561484	235	228	50.76	CG
10	21560604	21561484	20	2507	0.79	CHG
10	21560604	21561484	44	7761	0.56	CHH
10	22597491	22597660	5	931	0.53	CG
10	22597491	22597660	4	583	0.68	CHG
10	22597491	22597660	4	932	0.43	CHH
10	22692035	22692362	73	123	37.24	CG
10	22692035	22692362	1	516	0.19	CHG
10	22692035	22692362	11	2099	0.52	CHH
10	22860787	22861438	2	768	0.26	CG
10	22860787	22861438	6	1025	0.58	CHG
10	22860787	22861438	14	2980	0.47	CHH
11	505296	505455	592	38	93.97	CG
11	505296	505455	412	144	74.10	CHG
11	505296	505455	21	1361	1.52	CHH
11	797708	798586	81	118	40.70	CG
11	797708	798586	63	271	18.86	CHG
11	797708	798586	111	2222	4.76	CHH
11	1050852	1052789	114	4281	2.59	CG
11	1050852	1052789	32	4979	0.64	CHG
11	1050852	1052789	55	11500	0.48	CHH
11	1432574	1432751	6	451	1.31	CG
11	1432574	1432751	1	216	0.46	CHG
11	1432574	1432751	1	740	0.13	CHH
11	1858041	1858566	232	7	97.07	CG
11	1858041	1858566	348	51	87.22	CHG
11	1858041	1858566	355	879	28.77	CHH
11	2504811	2504939	1	471	0.21	CG
11	2504811	2504939	2	499	0.40	CHG
11	2504811	2504939	5	1477	0.34	CHH
11	2669596	2669853	5	1119	0.44	CG
11	2669596	2669853	1	236	0.42	CHG
11	2669596	2669853	11	1526	0.72	CHH
11	2802873	2804621	643	755	45.99	CG
11	2802873	2804621	515	1171	30.55	CHG
11	2802873	2804621	241	5464	4.22	CHH
11	3466044	3470402	2632	1703	60.72	CG
11	3466044	3470402	1820	2715	40.13	CHG
11	3466044	3470402	819	16265	4.79	CHH
11	3810954	3811089	66	5	92.96	CG
11	3810954	3811089	1	192	0.52	CHG
11	3810954	3811089	1	486	0.21	CHH
11	4224826	4225123	49	3	94.23	CG
11	4224826	4225123	5	400	1.23	CHG
11	4224826	4225123	12	1618	0.74	CHH
11	4595255	4598721	1012	3403	22.92	CG
11	4595255	4598721	323	1968	14.10	CHG
11	4595255	4598721	455	8625	5.01	CHH
11	6038088	6038424	7	2177	0.32	CG
11	6038088	6038424	8	1096	0.72	CHG
11	6038088	6038424	6	1605	0.37	CHH
11	6091835	6093414	2005	739	73.07	CG
11	6091835	6093414	823	807	50.49	CHG
11	6091835	6093414	731	6955	9.51	CHH
11	7821028	7821214	19	368	4.91	CG
11	7821028	7821214	6	469	1.26	CHG
11	7821028	7821214	2	967	0.21	CHH
11	9435946	9436636	605	52	92.09	CG
11	9435946	9436636	334	239	58.29	CHG
11	9435946	9436636	105	2472	4.07	CHH
11	9479627	9479991	8	1467	0.54	CG
11	9479627	9479991	7	1383	0.50	CHG
11	9479627	9479991	16	3133	0.51	CHH
11	9728388	9728616	23	5	82.14	CG
11	9728388	9728616	2	26	7.14	CHG
11	9728388	9728616	19	258	6.86	CHH
11	9810706	9815080	4343	809	84.30	CG
11	9810706	9815080	2302	2378	49.19	CHG
11	9810706	9815080	377	16757	2.20	CHH
11	9969448	9969633	93	73	56.02	CG
11	9969448	9969633	51	144	26.15	CHG
11	9969448	9969633	22	1084	1.99	CHH
11	10499987	10500272	259	6	97.74	CG
11	10499987	10500272	236	62	79.19	CHG
11	10499987	10500272	41	1754	2.28	CHH
11	10502651	10503109	458	22	95.42	CG
11	10502651	10503109	628	96	86.74	CHG
11	10502651	10503109	129	2762	4.46	CHH
11	11632517	11632735	346	16	95.58	CG
11	11632517	11632735	60	77	43.80	CHG
11	11632517	11632735	44	430	9.28	CHH
11	12791330	12791451	140	8	94.59	CG
11	12791330	12791451	72	34	67.92	CHG
11	12791330	12791451	26	292	8.18	CHH
11	13907112	13907730	1257	60	95.44	CG
11	13907112	13907730	1369	282	82.92	CHG
11	13907112	13907730	344	5135	6.28	CHH
11	14199127	14199230	299	12	96.14	CG
11	14199127	14199230	173	81	68.11	CHG
11	14199127	14199230	11	504	2.14	CHH
11	14246634	14246765	163	7	95.88	CG
11	14246634	14246765	109	12	90.08	CHG
11	14246634	14246765	35	841	4.00	CHH
11	14953985	14954432	186	9	95.38	CG
11	14953985	14954432	77	38	66.96	CHG
11	14953985	14954432	48	911	5.01	CHH
11	15162648	15162882	73	3	96.05	CG
11	15162648	15162882	313	78	80.05	CHG
11	15162648	15162882	66	1697	3.74	CHH
11	15516587	15517994	954	2038	31.89	CG
11	15516587	15517994	215	1660	11.47	CHG
11	15516587	15517994	429	6212	6.46	CHH
11	15595496	15598031	4278	1018	80.78	CG
11	15595496	15598031	1927	2343	45.13	CHG
11	15595496	15598031	477	18931	2.46	CHH
11	15629573	15629919	230	12	95.04	CG
11	15629573	15629919	327	123	72.67	CHG
11	15629573	15629919	80	2211	3.49	CHH
11	15784095	15784518	9	1680	0.53	CG
11	15784095	15784518	4	1096	0.36	CHG
11	15784095	15784518	11	2399	0.46	CHH
11	16587225	16588700	576	461	55.54	CG
11	16587225	16588700	230	582	28.33	CHG
11	16587225	16588700	146	3729	3.77	CHH
11	16590106	16591882	3023	156	95.09	CG
11	16590106	16591882	4013	909	81.53	CHG
11	16590106	16591882	337	12597	2.61	CHH
11	17024541	17024749	111	77	59.04	CG
11	17024541	17024749	141	65	68.45	CHG
11	17024541	17024749	116	811	12.51	CHH
11	17437801	17439859	380	2633	12.61	CG
11	17437801	17439859	33	2678	1.22	CHG
11	17437801	17439859	66	10915	0.60	CHH
11	17734944	17735193	7	1594	0.44	CG
11	17734944	17735193	3	803	0.37	CHG
11	17734944	17735193	6	1159	0.52	CHH
11	17903585	17906300	4038	468	89.61	CG
11	17903585	17906300	2591	1051	71.14	CHG
11	17903585	17906300	617	11285	5.18	CHH
11	17974571	17974900	77	713	9.75	CG
11	17974571	17974900	46	820	5.31	CHG
11	17974571	17974900	104	2606	3.84	CHH
11	18221483	18221608	118	8	93.65	CG
11	18221483	18221608	138	59	70.05	CHG
11	18221483	18221608	9	360	2.44	CHH
11	18325064	18325191	0	46	0.00	CG
11	18325064	18325191	1	126	0.79	CHG
11	18325064	18325191	1	633	0.16	CHH
11	18373844	18373989	0	42	0.00	CG
11	18373844	18373989	1	139	0.71	CHG
11	18373844	18373989	2	798	0.25	CHH
11	18718793	18720377	1399	552	71.71	CG
11	18718793	18720377	173	1795	8.79	CHG
11	18718793	18720377	72	7871	0.91	CHH
11	18909482	18909881	3	882	0.34	CG
11	18909482	18909881	4	770	0.52	CHG
11	18909482	18909881	3	1385	0.22	CHH
11	19311606	19314032	2674	445	85.73	CG
11	19311606	19314032	1660	1947	46.02	CHG
11	19311606	19314032	447	10774	3.98	CHH
11	20219224	20220414	1592	117	93.15	CG
11	20219224	20220414	1919	371	83.80	CHG
11	20219224	20220414	264	8727	2.94	CHH
11	20319451	20320865	935	77	92.39	CG
11	20319451	20320865	930	283	76.67	CHG
11	20319451	20320865	423	5462	7.19	CHH
11	20346784	20346867	0	36	0.00	CG
11	20346784	20346867	1	63	1.56	CHG
11	20346784	20346867	3	386	0.77	CHH
11	20686170	20686465	14	53	20.90	CG
11	20686170	20686465	1	106	0.93	CHG
11	20686170	20686465	5	758	0.66	CHH
11	20872306	20872476	717	53	93.12	CG
11	20872306	20872476	81	394	17.05	CHG
11	20872306	20872476	8	769	1.03	CHH
11	20903615	20904114	325	147	68.86	CG
11	20903615	20904114	6	1028	0.58	CHG
11	20903615	20904114	18	4021	0.45	CHH
11	21540161	21540670	422	28	93.78	CG
11	21540161	21540670	194	206	48.50	CHG
11	21540161	21540670	80	2649	2.93	CHH
11	22251376	22252471	231	485	32.26	CG
11	22251376	22252471	150	1190	11.19	CHG
11	22251376	22252471	190	7005	2.64	CHH
11	22442650	22442893	354	10	97.25	CG
11	22442650	22442893	65	26	71.43	CHG
11	22442650	22442893	55	2478	2.17	CHH
11	22611185	22611456	1	267	0.37	CG
11	22611185	22611456	3	388	0.77	CHG
11	22611185	22611456	18	2454	0.73	CHH
11	22898553	22899482	142	388	26.79	CG
11	22898553	22899482	86	440	16.35	CHG
11	22898553	22899482	49	2076	2.31	CHH
11	23917291	23918354	279	125	69.06	CG
11	23917291	23918354	97	165	37.02	CHG
11	23917291	23918354	190	1917	9.02	CHH
11	23924021	23924111	1	94	1.05	CG
11	23924021	23924111	2	279	0.71	CHG
11	23924021	23924111	4	599	0.66	CHH
11	24143197	24143872	716	37	95.09	CG
11	24143197	24143872	371	99	78.94	CHG
11	24143197	24143872	96	1768	5.15	CHH
11	24518104	24518669	404	20	95.28	CG
11	24518104	24518669	264	130	67.01	CHG
11	24518104	24518669	9	1220	0.73	CHH
11	25340157	25340679	123	12	91.11	CG
11	25340157	25340679	52	55	48.60	CHG
11	25340157	25340679	15	1489	1.00	CHH
11	25356991	25357939	418	71	85.48	CG
11	25356991	25357939	343	460	42.71	CHG
11	25356991	25357939	42	4642	0.90	CHH
11	25450636	25450896	384	13	96.73	CG
11	25450636	25450896	82	110	42.71	CHG
11	25450636	25450896	1	177	0.56	CHH
11	26018351	26019667	2134	103	95.40	CG
11	26018351	26019667	1565	617	71.72	CHG
11	26018351	26019667	217	5794	3.61	CHH
11	26557615	26559410	899	156	85.21	CG
11	26557615	26559410	8	1760	0.45	CHG
11	26557615	26559410	45	7738	0.58	CHH
11	26733617	26733799	269	13	95.39	CG
11	26733617	26733799	161	88	64.66	CHG
11	26733617	26733799	19	897	2.07	CHH
11	26897318	26898575	1685	109	93.92	CG
11	26897318	26898575	505	766	39.73	CHG
11	26897318	26898575	154	3610	4.09	CHH
11	27142723	27144368	741	633	53.93	CG
11	27142723	27144368	234	1099	17.55	CHG
11	27142723	27144368	311	4480	6.49	CHH
11	27188061	27188431	225	9	96.15	CG
11	27188061	27188431	112	36	75.68	CHG
11	27188061	27188431	362	1945	15.69	CHH
11	27296398	27296914	205	558	26.87	CG
11	27296398	27296914	14	240	5.51	CHG
11	27296398	27296914	104	1336	7.22	CHH
11	27621315	27621467	0	2	0.00	CHG
11	27621315	27621467	0	19	0.00	CHH
11	28581984	28582206	1	22	4.35	CHG
11	28581984	28582206	2	660	0.30	CHH
12	1158418	1158578	8	646	1.22	CG
12	1158418	1158578	0	235	0.00	CHG
12	1158418	1158578	9	1626	0.55	CHH
12	1177184	1177765	0	176	0.00	CG
12	1177184	1177765	4	526	0.75	CHG
12	1177184	1177765	12	2707	0.44	CHH
12	1270256	1270750	123	205	37.50	CG
12	1270256	1270750	6	1348	0.44	CHG
12	1270256	1270750	6	2674	0.22	CHH
12	2005465	2005735	466	21	95.69	CG
12	2005465	2005735	40	103	27.97	CHG
12	2005465	2005735	29	310	8.55	CHH
12	2376872	2377309	105	305	25.61	CG
12	2376872	2377309	7	436	1.58	CHG
12	2376872	2377309	7	2178	0.32	CHH
12	3807299	3807471	0	71	0.00	CG
12	3807299	3807471	2	326	0.61	CHG
12	3807299	3807471	7	1025	0.68	CHH
12	3811143	3811601	243	98	71.26	CG
12	3811143	3811601	48	215	18.25	CHG
12	3811143	3811601	132	1664	7.35	CHH
12	4083553	4083794	91	162	35.97	CG
12	4083553	4083794	4	815	0.49	CHG
12	4083553	4083794	4	1639	0.24	CHH
12	5174512	5176042	2202	1320	62.52	CG
12	5174512	5176042	583	1365	29.93	CHG
12	5174512	5176042	216	6199	3.37	CHH
12	5728433	5728876	1089	38	96.63	CG
12	5728433	5728876	730	236	75.57	CHG
12	5728433	5728876	139	1662	7.72	CHH
12	6323100	6323289	15	90	14.29	CG
12	6323100	6323289	2	196	1.01	CHG
12	6323100	6323289	8	648	1.22	CHH
12	6480645	6481828	3113	158	95.17	CG
12	6480645	6481828	1507	540	73.62	CHG
12	6480645	6481828	219	7072	3.00	CHH
12	6550600	6551475	603	25	96.02	CG
12	6550600	6551475	287	180	61.46	CHG
12	6550600	6551475	30	1926	1.53	CHH
12	7855054	7855393	255	9	96.59	CG
12	7855054	7855393	237	133	64.05	CHG
12	7855054	7855393	77	1281	5.67	CHH
12	8497520	8497653	3	626	0.48	CG
12	8497520	8497653	1	278	0.36	CHG
12	8497520	8497653	1	464	0.22	CHH
12	8555821	8555983	520	39	93.02	CG
12	8555821	8555983	262	161	61.94	CHG
12	8555821	8555983	24	1395	1.69	CHH
12	8733248	8733675	3	0	100.00	CG
12	8733248	8733675	6	7	46.15	CHG
12	8733248	8733675	19	212	8.23	CHH
12	8783105	8783207	40	4	90.91	CG
12	8783105	8783207	5	9	35.71	CHG
12	8783105	8783207	5	265	1.85	CHH
12	8846726	8847029	24	78	23.53	CG
12	8846726	8847029	2	44	4.35	CHG
12	8846726	8847029	20	565	3.42	CHH
12	9326878	9327074	154	8	95.06	CG
12	9326878	9327074	102	51	66.67	CHG
12	9326878	9327074	15	432	3.36	CHH
12	9368388	9368605	154	3	98.09	CG
12	9368388	9368605	66	54	55.00	CHG
12	9368388	9368605	19	1121	1.67	CHH
12	11421434	11422871	535	12	97.81	CG
12	11421434	11422871	16	2418	0.66	CHG
12	11421434	11422871	58	8324	0.69	CHH
12	11519644	11519807	127	3	97.69	CG
12	11519644	11519807	96	32	75.00	CHG
12	11519644	11519807	33	863	3.68	CHH
12	12193685	12193957	715	36	95.21	CG
12	12193685	12193957	411	187	68.73	CHG
12	12193685	12193957	181	2372	7.09	CHH
12	12596401	12596694	133	5	96.38	CG
12	12596401	12596694	176	56	75.86	CHG
12	12596401	12596694	43	1175	3.53	CHH
12	12742760	12743615	1472	177	89.27	CG
12	12742760	12743615	982	362	73.07	CHG
12	12742760	12743615	316	4984	5.96	CHH
12	13187459	13188652	374	1151	24.52	CG
12	13187459	13188652	79	1228	6.04	CHG
12	13187459	13188652	290	3606	7.44	CHH
12	14284341	14284547	6	170	3.41	CG
12	14284341	14284547	0	52	0.00	CHG
12	14284341	14284547	5	538	0.92	CHH
12	14803452	14803625	81	6	93.10	CG
12	14803452	14803625	190	38	83.33	CHG
12	14803452	14803625	28	1319	2.08	CHH
12	15067951	15069074	1493	78	95.04	CG
12	15067951	15069074	1099	360	75.33	CHG
12	15067951	15069074	143	5428	2.57	CHH
12	15348530	15353993	6485	488	93.00	CG
12	15348530	15353993	6602	2665	71.24	CHG
12	15348530	15353993	1119	38140	2.85	CHH
12	16142723	16142824	231	14	94.29	CG
12	16142723	16142824	121	68	64.02	CHG
12	16142723	16142824	8	647	1.22	CHH
12	16276461	16276731	233	15	93.95	CG
12	16276461	16276731	83	150	35.62	CHG
12	16276461	16276731	1	308	0.32	CHH
12	16529727	16530963	2377	162	93.62	CG
12	16529727	16530963	838	703	54.38	CHG
12	16529727	16530963	118	6256	1.85	CHH
12	17830991	17831311	16	32	33.33	CG
12	17830991	17831311	5	414	1.19	CHG
12	17830991	17831311	7	1314	0.53	CHH
12	18708202	18708465	88	43	67.18	CG
12	18708202	18708465	18	330	5.17	CHG
12	18708202	18708465	11	1676	0.65	CHH
12	18864903	18867127	3068	548	84.85	CG
12	18864903	18867127	1393	1239	52.93	CHG
12	18864903	18867127	513	11371	4.32	CHH
12	19240695	19241251	134	3	97.81	CG
12	19240695	19241251	84	137	38.01	CHG
12	19240695	19241251	12	2450	0.49	CHH
12	20271167	20271395	298	16	94.90	CG
12	20271167	20271395	357	86	80.59	CHG
12	20271167	20271395	73	2366	2.99	CHH
12	21012743	21013159	129	235	35.44	CG
12	21012743	21013159	18	810	2.17	CHG
12	21012743	21013159	25	2050	1.20	CHH
12	21325595	21326775	905	171	84.11	CG
12	21325595	21326775	21	3420	0.61	CHG
12	21325595	21326775	46	9490	0.48	CHH
12	21498142	21500190	1371	235	85.37	CG
12	21498142	21500190	19	3525	0.54	CHG
12	21498142	21500190	57	12702	0.45	CHH
12	21799965	21804009	770	4295	15.20	CG
12	21799965	21804009	47	6838	0.68	CHG
12	21799965	21804009	157	21561	0.72	CHH
12	22237684	22237932	2	797	0.25	CG
12	22237684	22237932	4	605	0.66	CHG
12	22237684	22237932	5	900	0.55	CHH
12	22424783	22424873	42	7	85.71	CG
12	22424783	22424873	0	306	0.00	CHG
12	22424783	22424873	1	382	0.26	CHH
12	22599880	22601854	336	3389	9.02	CG
12	22599880	22601854	27	3696	0.73	CHG
12	22599880	22601854	193	11316	1.68	CHH
12	22827958	22829855	738	538	57.84	CG
12	22827958	22829855	1387	806	63.25	CHG
12	22827958	22829855	233	6547	3.44	CHH
12	22914184	22914456	294	12	96.08	CG
12	22914184	22914456	382	72	84.14	CHG
12	22914184	22914456	49	1549	3.07	CHH
12	23044811	23045065	0	142	0.00	CG
12	23044811	23045065	3	596	0.50	CHG
12	23044811	23045065	7	1572	0.44	CHH
12	24286289	24286454	101	46	68.71	CG
12	24286289	24286454	3	97	3.00	CHG
12	24286289	24286454	8	1300	0.61	CHH
12	24305556	24308650	2278	282	88.98	CG
12	24305556	24308650	232	4869	4.55	CHG
12	24305556	24308650	119	18036	0.66	CHH
12	24482972	24483119	2	191	1.04	CG
12	24482972	24483119	66	357	15.60	CHG
12	24482972	24483119	182	1106	14.13	CHH
12	25415184	25415420	156	54	74.29	CG
12	25415184	25415420	14	85	14.14	CHG
12	25415184	25415420	66	616	9.68	CHH
12	26429400	26431294	17	3892	0.43	CG
12	26429400	26431294	11	3151	0.35	CHG
12	26429400	26431294	29	7560	0.38	CHH
12	26619179	26619379	34	3	91.89	CG
12	26619179	26619379	1	237	0.42	CHG
12	26619179	26619379	4	1131	0.35	CHH
12	26739873	26743547	4539	231	95.16	CG
12	26739873	26743547	3966	1053	79.02	CHG
12	26739873	26743547	907	20102	4.32	CHH
12	26756376	26756465	133	5	96.38	CG
12	26756376	26756465	24	30	44.44	CHG
12	26756376	26756465	4	420	0.94	CHH
