1	301401	301650	111	2	98.23	CG
1	301401	301650	26	43	37.68	CHG
1	301401	301650	446	651	40.66	CHH
1	751422	751630	270	22	92.47	CG
1	751422	751630	12	39	23.53	CHG
1	751422	751630	61	1079	5.35	CHH
1	831964	832562	469	18	96.30	CG
1	831964	832562	445	75	85.58	CHG
1	831964	832562	194	1541	11.18	CHH
1	1349307	1349537	11	6	64.71	CHG
1	1349307	1349537	64	538	10.63	CHH
1	1377440	1378052	75	3	96.15	CG
1	1377440	1378052	74	30	71.15	CHG
1	1377440	1378052	372	1389	21.12	CHH
1	1788440	1788928	179	8	95.72	CG
1	1788440	1788928	1	24	4.00	CHG
1	1788440	1788928	195	1450	11.85	CHH
1	1789091	1789350	49	6	89.09	CG
1	1789091	1789350	24	53	31.17	CHG
1	1789091	1789350	209	1104	15.92	CHH
1	2238174	2238281	31	2	93.94	CG
1	2238174	2238281	40	9	81.63	CHG
1	2238174	2238281	31	925	3.24	CHH
1	2260684	2260758	118	285	29.28	CHH
1	4981767	4981906	148	83	64.07	CHH
1	7687746	7687909	19	2	90.48	CG
1	7687746	7687909	0	3	0.00	CHG
1	7687746	7687909	23	533	4.14	CHH
1	8431744	8431928	15	1	93.75	CG
1	8431744	8431928	119	359	24.90	CHH
1	9585903	9586147	38	40	48.72	CHG
1	9585903	9586147	185	610	23.27	CHH
1	9767360	9767454	27	1	96.43	CG
1	9767360	9767454	21	10	67.74	CHG
1	9767360	9767454	39	409	8.71	CHH
1	10432345	10432562	53	1188	4.27	CG
1	10432345	10432562	2	602	0.33	CHG
1	10432345	10432562	3	1163	0.26	CHH
1	10834154	10834494	18	25	41.86	CHG
1	10834154	10834494	322	1128	22.21	CHH
1	10926897	10927718	1209	110	91.66	CG
1	10926897	10927718	884	494	64.15	CHG
1	10926897	10927718	65	3339	1.91	CHH
1	11189069	11189507	359	361	49.86	CG
1	11189069	11189507	54	358	13.11	CHG
1	11189069	11189507	30	2834	1.05	CHH
1	11191256	11191497	262	25	91.29	CG
1	11191256	11191497	80	57	58.39	CHG
1	11191256	11191497	14	404	3.35	CHH
1	11796108	11796316	40	41	49.38	CG
1	11796108	11796316	39	152	20.42	CHG
1	11796108	11796316	23	709	3.14	CHH
1	11928347	11928520	35	754	4.44	CHH
1	11940126	11940209	7	227	2.99	CHH
1	12597813	12598048	368	573	39.11	CHH
1	14322168	14322402	105	3	97.22	CG
1	14322168	14322402	39	15	72.22	CHG
1	14322168	14322402	449	444	50.28	CHH
1	14347206	14347429	33	5	86.84	CG
1	14347206	14347429	95	215	30.65	CHG
1	14347206	14347429	39	1282	2.95	CHH
1	14358588	14358799	79	5	94.05	CG
1	14358588	14358799	74	23	76.29	CHG
1	14358588	14358799	420	831	33.57	CHH
1	16709412	16710638	1290	36	97.29	CG
1	16709412	16710638	656	315	67.56	CHG
1	16709412	16710638	247	3584	6.45	CHH
1	17043053	17043218	426	20	95.52	CG
1	17043053	17043218	130	41	76.02	CHG
1	17043053	17043218	90	1037	7.99	CHH
1	18600195	18600325	112	6	94.92	CG
1	18600195	18600325	21	18	53.85	CHG
1	18600195	18600325	67	830	7.47	CHH
1	18600619	18600880	44	0	100.00	CG
1	18600619	18600880	34	3	91.89	CHG
1	18600619	18600880	33	1178	2.73	CHH
1	18984904	18985083	23	0	100.00	CG
1	18984904	18985083	22	23	48.89	CHG
1	18984904	18985083	52	240	17.81	CHH
1	23765099	23765215	5	252	1.95	CG
1	23765099	23765215	1	239	0.42	CHG
1	23765099	23765215	3	630	0.47	CHH
1	24162719	24162945	637	1065	37.43	CHH
1	26098395	26098876	65	4	94.20	CG
1	26098395	26098876	116	18	86.57	CHG
1	26098395	26098876	1011	1051	49.03	CHH
1	26638981	26639111	43	1	97.73	CG
1	26638981	26639111	81	17	82.65	CHG
1	26638981	26639111	80	470	14.55	CHH
1	27335823	27335919	59	37	61.46	CG
1	27335823	27335919	7	53	11.67	CHG
1	27335823	27335919	110	441	19.96	CHH
1	27892634	27893201	160	9	94.67	CG
1	27892634	27893201	250	69	78.37	CHG
1	27892634	27893201	563	2469	18.57	CHH
1	28104533	28104643	40	0	100.00	CG
1	28104533	28104643	314	344	47.72	CHH
1	28181036	28181173	3	23	11.54	CG
1	28181036	28181173	0	44	0.00	CHG
1	28181036	28181173	1	343	0.29	CHH
1	28494153	28494502	34	1	97.14	CG
1	28494153	28494502	59	7	89.39	CHG
1	28494153	28494502	547	967	36.13	CHH
1	30431887	30432457	285	7	97.60	CG
1	30431887	30432457	49	32	60.49	CHG
1	30431887	30432457	837	1518	35.54	CHH
1	31405810	31406074	63	12	84.00	CG
1	31405810	31406074	63	84	42.86	CHG
1	31405810	31406074	427	1115	27.69	CHH
1	31589315	31589440	290	887	24.64	CHH
1	31867822	31868209	72	0	100.00	CG
1	31867822	31868209	1260	1294	49.33	CHH
1	32128407	32128528	22	1	95.65	CG
1	32128407	32128528	72	347	17.18	CHH
1	32850978	32851159	78	6	92.86	CG
1	32850978	32851159	70	27	72.16	CHG
1	32850978	32851159	604	584	50.84	CHH
1	33209708	33209844	35	1	97.22	CG
1	33209708	33209844	5	7	41.67	CHG
1	33209708	33209844	197	490	28.68	CHH
1	35537016	35537182	155	401	27.88	CHH
1	37056464	37056585	41	11	78.85	CHG
1	37056464	37056585	202	281	41.82	CHH
1	37328188	37328369	71	2	97.26	CG
1	37328188	37328369	35	6	85.37	CHG
1	37328188	37328369	669	348	65.78	CHH
1	38496092	38496280	168	7	96.00	CG
1	38496092	38496280	25	56	30.86	CHG
1	38496092	38496280	27	1059	2.49	CHH
1	38517320	38517498	32	7	82.05	CG
1	38517320	38517498	21	28	42.86	CHG
1	38517320	38517498	133	311	29.95	CHH
1	38671419	38671601	81	3	96.43	CG
1	38671419	38671601	231	438	34.53	CHH
1	40300213	40300335	91	392	18.84	CHH
1	40395626	40395876	26	5	83.87	CG
1	40395626	40395876	299	752	28.45	CHH
1	40617610	40617749	3	437	0.68	CHG
1	40617610	40617749	6	668	0.89	CHH
1	40701980	40702243	34	0	100.00	CG
1	40701980	40702243	891	363	71.05	CHH
1	41145044	41145188	155	451	25.58	CHH
1	41155306	41155562	7	41	14.58	CHG
1	41155306	41155562	640	1028	38.37	CHH
1	41890335	41890557	48	2	96.00	CG
1	41890335	41890557	219	185	54.21	CHG
1	41890335	41890557	345	870	28.40	CHH
1	42087976	42088125	77	967	7.38	CHH
1	42408453	42409215	934	29	96.99	CG
1	42408453	42409215	516	293	63.78	CHG
1	42408453	42409215	214	2760	7.20	CHH
2	109398	109590	379	9	97.68	CG
2	109398	109590	324	100	76.42	CHG
2	109398	109590	124	1074	10.35	CHH
2	1869793	1870778	1466	75	95.13	CG
2	1869793	1870778	1106	369	74.98	CHG
2	1869793	1870778	913	4716	16.22	CHH
2	2040558	2041143	480	38	92.66	CG
2	2040558	2041143	400	95	80.81	CHG
2	2040558	2041143	63	2920	2.11	CHH
2	2375551	2375771	272	522	34.26	CHH
2	3701574	3702250	348	80	81.31	CG
2	3701574	3702250	144	412	25.90	CHG
2	3701574	3702250	201	3756	5.08	CHH
2	4194209	4194385	51	9	85.00	CHG
2	4194209	4194385	256	334	43.39	CHH
2	4474885	4475212	419	9	97.90	CG
2	4474885	4475212	142	95	59.92	CHG
2	4474885	4475212	332	2052	13.93	CHH
2	4648186	4648420	57	1	98.28	CG
2	4648186	4648420	20	5	80.00	CHG
2	4648186	4648420	228	376	37.75	CHH
2	4947306	4947538	15	1	93.75	CG
2	4947306	4947538	108	371	22.55	CHH
2	5499042	5499299	499	29	94.51	CG
2	5499042	5499299	361	48	88.26	CHG
2	5499042	5499299	111	2060	5.11	CHH
2	5521685	5521830	79	4	95.18	CHG
2	5521685	5521830	612	438	58.29	CHH
2	6545608	6545822	44	1	97.78	CG
2	6545608	6545822	582	969	37.52	CHH
2	6761735	6762038	23	6	79.31	CG
2	6761735	6762038	16	26	38.10	CHG
2	6761735	6762038	3	651	0.46	CHH
2	6762287	6762792	82	54	60.29	CG
2	6762287	6762792	55	104	34.59	CHG
2	6762287	6762792	13	1311	0.98	CHH
2	7605117	7605555	69	4	94.52	CG
2	7605117	7605555	62	5	92.54	CHG
2	7605117	7605555	109	1070	9.25	CHH
2	7945618	7946024	27	0	100.00	CG
2	7945618	7946024	0	9	0.00	CHG
2	7945618	7946024	17	758	2.19	CHH
2	8190084	8190413	41	7	85.42	CHG
2	8190084	8190413	484	2225	17.87	CHH
2	10791440	10791566	50	155	24.39	CHH
2	11873649	11873886	21	0	100.00	CG
2	11873649	11873886	48	459	9.47	CHH
2	12097817	12097953	60	4	93.75	CG
2	12097817	12097953	4	536	0.74	CHH
2	12299222	12299385	15	11	57.69	CHG
2	12299222	12299385	102	455	18.31	CHH
2	12333889	12333999	24	3	88.89	CG
2	12333889	12333999	10	9	52.63	CHG
2	12333889	12333999	0	181	0.00	CHH
2	12582950	12583307	79	4	95.18	CG
2	12582950	12583307	30	24	55.56	CHG
2	12582950	12583307	37	877	4.05	CHH
2	13872268	13872613	1	171	0.58	CG
2	13872268	13872613	4	240	1.64	CHG
2	13872268	13872613	7	1219	0.57	CHH
2	13948832	13949084	48	13	78.69	CHG
2	13948832	13949084	420	524	44.49	CHH
2	15589940	15590192	42	16	72.41	CG
2	15589940	15590192	87	334	20.67	CHG
2	15589940	15590192	204	611	25.03	CHH
2	17785746	17785984	82	1	98.80	CG
2	17785746	17785984	508	683	42.65	CHH
2	19211404	19211621	49	6	89.09	CG
2	19211404	19211621	2	1	66.67	CHG
2	19211404	19211621	427	419	50.47	CHH
2	19443247	19443361	47	4	92.16	CG
2	19443247	19443361	3	17	15.00	CHG
2	19443247	19443361	10	185	5.13	CHH
2	19977858	19978135	220	23	90.53	CG
2	19977858	19978135	265	226	53.97	CHG
2	19977858	19978135	58	1541	3.63	CHH
2	20745916	20746102	38	3	92.68	CG
2	20745916	20746102	14	12	53.85	CHG
2	20745916	20746102	106	405	20.74	CHH
2	22202087	22202425	234	56	80.69	CG
2	22202087	22202425	29	108	21.17	CHG
2	22202087	22202425	114	1206	8.64	CHH
2	22399133	22399342	38	5	88.37	CG
2	22399133	22399342	95	518	15.50	CHH
2	23077446	23077593	395	310	56.03	CHH
2	23988341	23988565	23	36	38.98	CHG
2	23988341	23988565	1086	642	62.85	CHH
2	24094388	24094772	33	1	97.06	CG
2	24094388	24094772	83	68	54.97	CHG
2	24094388	24094772	517	1036	33.29	CHH
2	24587774	24587906	65	6	91.55	CG
2	24587774	24587906	35	1	97.22	CHG
2	24587774	24587906	68	735	8.47	CHH
2	24968367	24968732	199	29	87.28	CG
2	24968367	24968732	180	99	64.52	CHG
2	24968367	24968732	305	1632	15.75	CHH
2	25258399	25258520	184	558	24.80	CHH
2	25342968	25343092	32	0	100.00	CG
2	25342968	25343092	24	9	72.73	CHG
2	25342968	25343092	30	264	10.20	CHH
2	25971572	25971883	161	353	31.32	CHH
2	27849839	27850325	1086	41	96.36	CG
2	27849839	27850325	187	191	49.47	CHG
2	27849839	27850325	174	2177	7.40	CHH
2	27969163	27969436	60	10	85.71	CG
2	27969163	27969436	39	56	41.05	CHG
2	27969163	27969436	387	771	33.42	CHH
2	28230238	28230572	201	28	87.77	CHG
2	28230238	28230572	274	1668	14.11	CHH
2	28737277	28737416	22	229	8.76	CHH
2	28787543	28787788	68	0	100.00	CG
2	28787543	28787788	11	5	68.75	CHG
2	28787543	28787788	136	508	21.12	CHH
2	29123726	29123981	100	535	15.75	CHH
2	30949004	30949191	65	7	90.28	CG
2	30949004	30949191	31	20	60.78	CHG
2	30949004	30949191	287	687	29.47	CHH
2	31639383	31639502	17	1	94.44	CG
2	31639383	31639502	81	197	29.14	CHH
2	32251509	32251649	11	5	68.75	CHG
2	32251509	32251649	45	81	35.71	CHH
2	32687570	32687718	5	331	1.49	CG
2	32687570	32687718	1	299	0.33	CHG
2	32687570	32687718	2	549	0.36	CHH
2	32980551	32980821	458	689	39.93	CHH
2	33849781	33850113	46	61	42.99	CG
2	33849781	33850113	49	79	38.28	CHG
2	33849781	33850113	15	1174	1.26	CHH
2	33970498	33970631	0	88	0.00	CG
2	33970498	33970631	2	124	1.59	CHG
2	33970498	33970631	3	477	0.62	CHH
2	34234930	34235049	59	113	34.30	CHH
2	34582792	34582911	28	10	73.68	CHG
2	34582792	34582911	461	435	51.45	CHH
2	34952077	34952811	31	580	5.07	CG
2	34952077	34952811	3	401	0.74	CHG
2	34952077	34952811	12	2552	0.47	CHH
2	34955560	34955809	275	511	34.99	CHH
3	811663	812098	421	26	94.18	CG
3	811663	812098	76	85	47.20	CHG
3	811663	812098	85	1448	5.54	CHH
3	881089	881240	415	24	94.53	CG
3	881089	881240	21	161	11.54	CHG
3	881089	881240	19	694	2.66	CHH
3	1354664	1354914	221	10	95.67	CG
3	1354664	1354914	256	134	65.64	CHG
3	1354664	1354914	138	1691	7.55	CHH
3	2169030	2169371	702	38	94.86	CG
3	2169030	2169371	137	133	50.74	CHG
3	2169030	2169371	51	1318	3.73	CHH
3	3169366	3169453	56	116	32.56	CHH
3	3832576	3832832	52	4	92.86	CG
3	3832576	3832832	99	13	88.39	CHG
3	3832576	3832832	1624	644	71.60	CHH
3	6047207	6047392	69	3	95.83	CG
3	6047207	6047392	10	22	31.25	CHG
3	6047207	6047392	119	293	28.88	CHH
3	6570907	6571273	980	34	96.65	CG
3	6570907	6571273	153	115	57.09	CHG
3	6570907	6571273	142	2064	6.44	CHH
3	7246619	7246872	552	47	92.15	CG
3	7246619	7246872	101	86	54.01	CHG
3	7246619	7246872	67	1330	4.80	CHH
3	8015940	8016118	62	569	9.83	CHH
3	8409618	8409743	1	249	0.40	CG
3	8409618	8409743	0	224	0.00	CHG
3	8409618	8409743	3	760	0.39	CHH
3	8629457	8629689	27	1	96.43	CG
3	8629457	8629689	20	1	95.24	CHG
3	8629457	8629689	321	509	38.67	CHH
3	8942617	8943063	264	11	96.00	CG
3	8942617	8943063	252	44	85.14	CHG
3	8942617	8943063	304	2302	11.67	CHH
3	9319923	9320317	100	4	96.15	CG
3	9319923	9320317	21	7	75.00	CHG
3	9319923	9320317	52	834	5.87	CHH
3	11067334	11067625	21	1	95.45	CG
3	11067334	11067625	27	0	100.00	CHG
3	11067334	11067625	295	859	25.56	CHH
3	11642409	11642580	89	43	67.42	CHG
3	11642409	11642580	1123	447	71.53	CHH
3	11857284	11857411	3	9	25.00	CHG
3	11857284	11857411	49	262	15.76	CHH
3	12675151	12675358	51	0	100.00	CG
3	12675151	12675358	7	13	35.00	CHG
3	12675151	12675358	290	1398	17.18	CHH
3	13124743	13124928	37	1	97.37	CG
3	13124743	13124928	16	2	88.89	CHG
3	13124743	13124928	356	92	79.46	CHH
3	13748697	13748918	24	2	92.31	CHG
3	13748697	13748918	216	558	27.91	CHH
3	14057905	14058092	237	12	95.18	CG
3	14057905	14058092	71	26	73.20	CHG
3	14057905	14058092	39	1294	2.93	CHH
3	14749193	14749460	57	6	90.48	CG
3	14749193	14749460	350	653	34.90	CHH
3	15103668	15103782	25	4	86.21	CHG
3	15103668	15103782	86	505	14.55	CHH
3	15113224	15113412	41	1032	3.82	CHH
3	15134383	15134587	118	1161	9.23	CHH
3	15613686	15613799	5	80	5.88	CG
3	15613686	15613799	4	76	5.00	CHG
3	15613686	15613799	2	395	0.50	CHH
3	16709783	16710100	364	14	96.30	CG
3	16709783	16710100	249	96	72.17	CHG
3	16709783	16710100	93	1627	5.41	CHH
3	16776362	16776567	34	438	7.20	CHH
3	17308009	17308190	46	2	95.83	CG
3	17308009	17308190	45	3	93.75	CHG
3	17308009	17308190	75	1220	5.79	CHH
3	17916587	17916910	58	14	80.56	CG
3	17916587	17916910	15	5	75.00	CHG
3	17916587	17916910	461	293	61.14	CHH
3	18637898	18638001	33	2	94.29	CG
3	18637898	18638001	4	118	3.28	CHH
3	20725201	20725339	35	1	97.22	CG
3	20725201	20725339	37	10	78.72	CHG
3	20725201	20725339	46	843	5.17	CHH
3	23359385	23359602	43	1	97.73	CG
3	23359385	23359602	1	7	12.50	CHG
3	23359385	23359602	63	753	7.72	CHH
3	24411908	24412466	18	176	9.28	CG
3	24411908	24412466	5	168	2.89	CHG
3	24411908	24412466	6	1289	0.46	CHH
3	24572450	24572571	3	193	1.53	CHH
3	24924369	24924505	51	3	94.44	CG
3	24924369	24924505	4	8	33.33	CHG
3	24924369	24924505	300	300	50.00	CHH
3	25320199	25320294	69	602	10.28	CHH
3	26123077	26123398	101	10	90.99	CG
3	26123077	26123398	135	147	47.87	CHG
3	26123077	26123398	55	920	5.64	CHH
3	26143599	26144289	118	427	21.65	CG
3	26143599	26144289	24	811	2.87	CHG
3	26143599	26144289	33	3969	0.82	CHH
3	26819731	26819992	8	2	80.00	CHG
3	26819731	26819992	75	312	19.38	CHH
3	27436719	27436866	14	0	100.00	CHG
3	27436719	27436866	61	232	20.82	CHH
3	27617928	27618015	0	86	0.00	CG
3	27617928	27618015	5	49	9.26	CHG
3	27617928	27618015	3	330	0.90	CHH
3	27618313	27618751	13	21	38.24	CG
3	27618313	27618751	10	112	8.20	CHG
3	27618313	27618751	2	481	0.41	CHH
3	27626160	27626452	187	112	62.54	CG
3	27626160	27626452	6	165	3.51	CHG
3	27626160	27626452	63	1284	4.68	CHH
3	27785308	27785617	14	5	73.68	CG
3	27785308	27785617	158	700	18.41	CHH
3	28228225	28228487	213	528	28.74	CHH
3	29591935	29592097	29	3	90.62	CG
3	29591935	29592097	1	3	25.00	CHG
3	29591935	29592097	210	200	51.22	CHH
3	29675163	29675476	28	0	100.00	CG
3	29675163	29675476	445	1037	30.03	CHH
3	29885011	29885181	36	0	100.00	CG
3	29885011	29885181	38	10	79.17	CHG
3	29885011	29885181	123	154	44.40	CHH
3	30100210	30100463	11	1	91.67	CG
3	30100210	30100463	53	424	11.11	CHH
3	30420791	30420983	277	558	33.17	CHH
3	30830679	30830818	488	838	36.80	CHH
3	31089191	31090510	1849	65	96.60	CG
3	31089191	31090510	1150	261	81.50	CHG
3	31089191	31090510	687	4990	12.10	CHH
3	31423977	31424278	103	447	18.73	CHH
3	31722863	31723138	773	904	46.09	CHH
3	32006376	32006716	23	1	95.83	CHG
3	32006376	32006716	519	621	45.53	CHH
3	32110687	32111197	394	18	95.63	CG
3	32110687	32111197	256	108	70.33	CHG
3	32110687	32111197	353	1232	22.27	CHH
3	32173553	32173723	34	44	43.59	CHG
3	32173553	32173723	9	642	1.38	CHH
3	32182087	32182430	44	6	88.00	CG
3	32182087	32182430	4	49	7.55	CHG
3	32182087	32182430	276	630	30.46	CHH
3	33684752	33685642	1222	55	95.69	CG
3	33684752	33685642	766	382	66.72	CHG
3	33684752	33685642	333	6332	5.00	CHH
4	468669	468758	28	135	17.18	CHH
4	4915709	4916399	745	33	95.76	CG
4	4915709	4916399	324	121	72.81	CHG
4	4915709	4916399	315	2363	11.76	CHH
4	7381268	7381662	151	9	94.38	CG
4	7381268	7381662	122	67	64.55	CHG
4	7381268	7381662	84	1626	4.91	CHH
4	7888722	7888904	44	4	91.67	CG
4	7888722	7888904	22	3	88.00	CHG
4	7888722	7888904	130	552	19.06	CHH
4	7955024	7955201	62	0	100.00	CG
4	7955024	7955201	24	2	92.31	CHG
4	7955024	7955201	228	469	32.71	CHH
4	15396846	15397090	230	15	93.88	CG
4	15396846	15397090	153	97	61.20	CHG
4	15396846	15397090	27	733	3.55	CHH
4	19683995	19684552	206	296	41.04	CG
4	19683995	19684552	98	485	16.81	CHG
4	19683995	19684552	25	2415	1.02	CHH
4	19744896	19745083	58	11	84.06	CG
4	19744896	19745083	26	981	2.58	CHH
4	20001003	20001260	64	13	83.12	CHG
4	20001003	20001260	547	702	43.80	CHH
4	20595423	20595521	14	6	70.00	CG
4	20595423	20595521	1	15	6.25	CHG
4	20595423	20595521	46	399	10.34	CHH
4	21627729	21627912	54	1	98.18	CG
4	21627729	21627912	45	2	95.74	CHG
4	21627729	21627912	493	358	57.93	CHH
4	21744228	21744373	43	18	70.49	CG
4	21744228	21744373	0	10	0.00	CHG
4	21744228	21744373	159	277	36.47	CHH
4	21934032	21934221	126	328	27.75	CHH
4	21962681	21962889	51	2	96.23	CG
4	21962681	21962889	24	28	46.15	CHG
4	21962681	21962889	96	419	18.64	CHH
4	22575513	22575843	132	1237	9.64	CHH
4	24030042	24030690	278	10	96.53	CG
4	24030042	24030690	312	97	76.28	CHG
4	24030042	24030690	322	3083	9.46	CHH
4	24127511	24127670	93	4	95.88	CG
4	24127511	24127670	47	2	95.92	CHG
4	24127511	24127670	403	679	37.25	CHH
4	25426804	25426964	4	29	12.12	CHG
4	25426804	25426964	90	829	9.79	CHH
4	25457672	25458128	1248	64	95.12	CG
4	25457672	25458128	249	210	54.25	CHG
4	25457672	25458128	157	2924	5.10	CHH
4	25472006	25472224	2	21	8.70	CHG
4	25472006	25472224	42	579	6.76	CHH
4	25475165	25475574	81	2	97.59	CG
4	25475165	25475574	102	188	35.17	CHG
4	25475165	25475574	261	1185	18.05	CHH
4	26530153	26530244	33	162	16.92	CHH
4	27630370	27630458	41	130	23.98	CHH
4	27903713	27903888	57	323	15.00	CHH
4	27907257	27907388	17	2	89.47	CG
4	27907257	27907388	1	8	11.11	CHG
4	27907257	27907388	38	464	7.57	CHH
4	28531802	28532069	15	4	78.95	CG
4	28531802	28532069	0	5	0.00	CHG
4	28531802	28532069	27	714	3.64	CHH
4	28847972	28848187	17	0	100.00	CG
4	28847972	28848187	3	4	42.86	CHG
4	28847972	28848187	176	1032	14.57	CHH
4	29191225	29191443	48	2	96.00	CG
4	29191225	29191443	57	88	39.31	CHG
4	29191225	29191443	165	530	23.74	CHH
4	30022367	30022520	37	4	90.24	CG
4	30022367	30022520	71	356	16.63	CHH
4	30176025	30176485	98	14	87.50	CG
4	30176025	30176485	11	21	34.38	CHG
4	30176025	30176485	629	1041	37.66	CHH
4	32693175	32693646	327	17	95.06	CG
4	32693175	32693646	260	133	66.16	CHG
4	32693175	32693646	44	1296	3.28	CHH
4	33655119	33655383	102	4	96.23	CG
4	33655119	33655383	32	1075	2.89	CHH
4	33656481	33656726	635	37	94.49	CG
4	33656481	33656726	20	92	17.86	CHG
4	33656481	33656726	37	1048	3.41	CHH
4	33881401	33881625	338	15	95.75	CG
4	33881401	33881625	273	130	67.74	CHG
4	33881401	33881625	97	953	9.24	CHH
4	35050130	35050413	0	125	0.00	CG
4	35050130	35050413	0	184	0.00	CHG
4	35050130	35050413	7	1174	0.59	CHH
5	490310	490462	349	11	96.94	CG
5	490310	490462	310	56	84.70	CHG
5	490310	490462	123	912	11.88	CHH
5	1679699	1679790	219	350	38.49	CHH
5	2851958	2852160	111	552	16.74	CHH
5	4894101	4894252	127	430	22.80	CHH
5	5433067	5433323	59	2	96.72	CG
5	5433067	5433323	54	15	78.26	CHG
5	5433067	5433323	160	531	23.15	CHH
5	5754539	5754748	14	6	70.00	CG
5	5754539	5754748	10	7	58.82	CHG
5	5754539	5754748	25	304	7.60	CHH
5	6765407	6765604	54	3	94.74	CG
5	6765407	6765604	40	31	56.34	CHG
5	6765407	6765604	87	581	13.02	CHH
5	6820542	6820679	31	2	93.94	CG
5	6820542	6820679	3	13	18.75	CHG
5	6820542	6820679	163	512	24.15	CHH
5	7418842	7418942	75	92	44.91	CHH
5	7972537	7972780	17	4	80.95	CG
5	7972537	7972780	12	19	38.71	CHG
5	7972537	7972780	240	731	24.72	CHH
5	10755227	10755310	53	5	91.38	CG
5	10755227	10755310	1	289	0.34	CHH
5	10919623	10920166	365	25	93.59	CG
5	10919623	10920166	80	56	58.82	CHG
5	10919623	10920166	54	2026	2.60	CHH
5	16273063	16273157	30	317	8.65	CHH
5	16311105	16311318	32	3	91.43	CG
5	16311105	16311318	24	12	66.67	CHG
5	16311105	16311318	103	526	16.38	CHH
5	16856035	16856371	217	7	96.88	CG
5	16856035	16856371	289	61	82.57	CHG
5	16856035	16856371	55	1878	2.85	CHH
5	17137118	17137270	35	3	92.11	CG
5	17137118	17137270	496	354	58.35	CHH
5	17258135	17258245	23	1	95.83	CG
5	17258135	17258245	184	201	47.79	CHH
5	17317435	17317693	75	7	91.46	CG
5	17317435	17317693	81	69	54.00	CHG
5	17317435	17317693	371	1180	23.92	CHH
5	19716275	19716490	59	1	98.33	CG
5	19716275	19716490	9	24	27.27	CHG
5	19716275	19716490	152	1385	9.89	CHH
5	21149049	21149184	1	128	0.78	CG
5	21149049	21149184	2	128	1.54	CHG
5	21149049	21149184	1	530	0.19	CHH
5	21464548	21464805	151	544	21.73	CHH
5	21857485	21857720	214	5	97.72	CG
5	21857485	21857720	243	81	75.00	CHG
5	21857485	21857720	78	1609	4.62	CHH
5	21875509	21875764	197	4	98.01	CG
5	21875509	21875764	183	71	72.05	CHG
5	21875509	21875764	181	1598	10.17	CHH
5	22000757	22000964	34	17	66.67	CHG
5	22000757	22000964	1009	402	71.51	CHH
5	22219878	22220102	910	320	73.98	CHH
5	22429520	22429752	96	6	94.12	CG
5	22429520	22429752	35	41	46.05	CHG
5	22429520	22429752	287	1126	20.31	CHH
5	22973734	22973969	513	1273	28.72	CHH
5	23987118	23987584	607	35	94.55	CG
5	23987118	23987584	813	353	69.73	CHG
5	23987118	23987584	79	3667	2.11	CHH
5	24142822	24143088	132	2	98.51	CG
5	24142822	24143088	20	17	54.05	CHG
5	24142822	24143088	447	688	39.38	CHH
5	24848633	24848969	67	44	60.36	CHG
5	24848633	24848969	489	1281	27.63	CHH
5	25347572	25347835	71	270	20.82	CG
5	25347572	25347835	2	341	0.58	CHG
5	25347572	25347835	6	1339	0.45	CHH
5	25348057	25348813	54	169	24.22	CG
5	25348057	25348813	5	1071	0.46	CHG
5	25348057	25348813	13	3650	0.35	CHH
5	25916465	25916630	18	15	54.55	CHG
5	25916465	25916630	87	168	34.12	CHH
5	26950841	26950938	13	1	92.86	CG
5	26950841	26950938	41	182	18.39	CHH
5	26989629	26989802	6	12	33.33	CHG
5	26989629	26989802	554	506	52.26	CHH
6	302524	302830	23	0	100.00	CG
6	302524	302830	343	529	39.33	CHH
6	2377299	2377436	28	41	40.58	CG
6	2377299	2377436	3	53	5.36	CHG
6	2377299	2377436	2	476	0.42	CHH
6	2717082	2717211	85	257	24.85	CHH
6	2924454	2924561	31	4	88.57	CG
6	2924454	2924561	32	191	14.35	CHH
6	3943947	3944133	179	1178	13.19	CHH
6	4186290	4186414	53	291	15.41	CHH
6	5151759	5151869	41	56	42.27	CHH
6	5377103	5377226	12	47	20.34	CHG
6	5377103	5377226	243	700	25.77	CHH
6	6081368	6081698	4	367	1.08	CG
6	6081368	6081698	3	189	1.56	CHG
6	6081368	6081698	8	1325	0.60	CHH
6	7060562	7060710	388	814	32.28	CHH
6	7540043	7540265	104	4	96.30	CG
6	7540043	7540265	30	21	58.82	CHG
6	7540043	7540265	258	1410	15.47	CHH
6	7540556	7540748	67	16	80.72	CG
6	7540556	7540748	121	883	12.05	CHH
6	7725720	7725950	343	13	96.35	CG
6	7725720	7725950	283	240	54.11	CHG
6	7725720	7725950	23	1380	1.64	CHH
6	8356414	8356617	272	592	31.48	CHH
6	8927960	8928209	18	1	94.74	CG
6	8927960	8928209	111	56	66.47	CHG
6	8927960	8928209	132	467	22.04	CHH
6	9469938	9470183	91	402	18.46	CHH
6	11300952	11301165	37	6	86.05	CG
6	11300952	11301165	64	60	51.61	CHG
6	11300952	11301165	21	1405	1.47	CHH
6	11305250	11305430	0	116	0.00	CG
6	11305250	11305430	0	20	0.00	CHG
6	11305250	11305430	9	393	2.24	CHH
6	11997277	11997419	144	22	86.75	CG
6	11997277	11997419	30	68	30.61	CHG
6	11997277	11997419	32	1092	2.85	CHH
6	13738650	13738842	5	39	11.36	CG
6	13738650	13738842	1	101	0.98	CHG
6	13738650	13738842	1	572	0.17	CHH
6	13951510	13951630	65	2	97.01	CG
6	13951510	13951630	108	50	68.35	CHG
6	13951510	13951630	14	556	2.46	CHH
6	14809518	14809915	192	7	96.48	CG
6	14809518	14809915	143	117	55.00	CHG
6	14809518	14809915	849	1892	30.97	CHH
6	19710274	19711097	500	80	86.21	CG
6	19710274	19711097	209	845	19.83	CHG
6	19710274	19711097	59	3367	1.72	CHH
6	20384125	20384463	33	143	18.75	CG
6	20384125	20384463	36	227	13.69	CHG
6	20384125	20384463	60	1348	4.26	CHH
6	22376044	22376666	111	19	85.38	CG
6	22376044	22376666	28	66	29.79	CHG
6	22376044	22376666	214	1671	11.35	CHH
6	23395298	23395797	121	5	96.03	CG
6	23395298	23395797	35	30	53.85	CHG
6	23395298	23395797	444	1364	24.56	CHH
6	23537611	23537873	38	15	71.70	CHG
6	23537611	23537873	128	607	17.41	CHH
6	24030066	24030155	68	25	73.12	CHG
6	24030066	24030155	266	57	82.35	CHH
6	24282820	24282990	75	5	93.75	CHG
6	24282820	24282990	750	816	47.89	CHH
6	25073298	25073513	91	10	90.10	CG
6	25073298	25073513	29	76	27.62	CHG
6	25073298	25073513	275	1124	19.66	CHH
6	25078471	25078618	17	17	50.00	CHG
6	25078471	25078618	82	780	9.51	CHH
6	25314682	25315364	265	19	93.31	CG
6	25314682	25315364	194	60	76.38	CHG
6	25314682	25315364	556	3103	15.20	CHH
6	26183206	26183498	24	5	82.76	CG
6	26183206	26183498	223	779	22.26	CHH
6	26270983	26271153	47	3	94.00	CG
6	26270983	26271153	28	22	56.00	CHG
6	26270983	26271153	853	509	62.63	CHH
6	26899910	26900127	27	1	96.43	CG
6	26899910	26900127	272	644	29.69	CHH
6	27022910	27023085	290	40	87.88	CG
6	27022910	27023085	14	892	1.55	CHH
6	29399343	29399607	44	4	91.67	CG
6	29399343	29399607	8	30	21.05	CHG
6	29399343	29399607	207	964	17.68	CHH
6	30191023	30191331	201	14	93.49	CG
6	30191023	30191331	362	78	82.27	CHG
6	30191023	30191331	446	1443	23.61	CHH
6	30403805	30404034	10	245	3.92	CHH
6	30913757	30913901	42	0	100.00	CG
6	30913757	30913901	1	2	33.33	CHG
6	30913757	30913901	86	159	35.10	CHH
7	436559	436644	3	14	17.65	CHH
7	553125	553382	5	18	21.74	CHG
7	553125	553382	37	1216	2.95	CHH
7	1581483	1581569	11	48	18.64	CHG
7	1581483	1581569	22	726	2.94	CHH
7	2236802	2236948	64	6	91.43	CG
7	2236802	2236948	10	11	47.62	CHG
7	2236802	2236948	25	758	3.19	CHH
7	2529367	2529520	595	346	63.23	CHH
7	3142735	3143078	363	18	95.28	CG
7	3142735	3143078	250	159	61.12	CHG
7	3142735	3143078	264	1691	13.50	CHH
7	3169312	3169590	2	36	5.26	CHG
7	3169312	3169590	195	1350	12.62	CHH
7	3220899	3221205	29	2	93.55	CG
7	3220899	3221205	530	877	37.67	CHH
7	3739834	3740067	92	4	95.83	CG
7	3739834	3740067	43	29	59.72	CHG
7	3739834	3740067	423	969	30.39	CHH
7	4348410	4348541	1	114	0.87	CG
7	4348410	4348541	0	95	0.00	CHG
7	4348410	4348541	2	631	0.32	CHH
7	5121301	5121458	23	5	82.14	CG
7	5121301	5121458	12	2	85.71	CHG
7	5121301	5121458	136	235	36.66	CHH
7	6141659	6141862	319	15	95.51	CG
7	6141659	6141862	177	55	76.29	CHG
7	6141659	6141862	113	968	10.45	CHH
7	7806227	7806511	10	16	38.46	CHG
7	7806227	7806511	332	626	34.66	CHH
7	8049142	8049326	183	5	97.34	CG
7	8049142	8049326	25	45	35.71	CHG
7	8049142	8049326	39	582	6.28	CHH
7	8294134	8294483	0	228	0.00	CG
7	8294134	8294483	3	325	0.91	CHG
7	8294134	8294483	4	1696	0.24	CHH
7	8334119	8334358	4	19	17.39	CHG
7	8334119	8334358	200	591	25.28	CHH
7	8993394	8993705	54	5	91.53	CG
7	8993394	8993705	246	934	20.85	CHH
7	13286370	13286485	66	588	10.09	CHH
7	15188698	15188829	6	16	27.27	CHG
7	15188698	15188829	24	434	5.24	CHH
7	15431878	15432092	150	8	94.94	CG
7	15431878	15432092	43	28	60.56	CHG
7	15431878	15432092	709	1041	40.51	CHH
7	15677983	15678606	220	502	30.47	CG
7	15677983	15678606	79	659	10.70	CHG
7	15677983	15678606	42	2982	1.39	CHH
7	16599468	16599909	39	52	42.86	CG
7	16599468	16599909	21	351	5.65	CHG
7	16599468	16599909	14	1660	0.84	CHH
7	17099241	17099723	42	2	95.45	CHG
7	17099241	17099723	1247	1473	45.85	CHH
7	17790357	17790553	46	13	77.97	CG
7	17790357	17790553	85	73	53.80	CHG
7	17790357	17790553	687	769	47.18	CHH
7	18624941	18625154	52	3	94.55	CG
7	18624941	18625154	35	41	46.05	CHG
7	18624941	18625154	214	1362	13.58	CHH
7	18712663	18712940	288	679	29.78	CHH
7	19254932	19255653	68	407	14.32	CG
7	19254932	19255653	7	1334	0.52	CHG
7	19254932	19255653	22	3410	0.64	CHH
7	20129015	20129222	176	806	17.92	CHH
7	20150949	20151108	45	3	93.75	CG
7	20150949	20151108	81	33	71.05	CHG
7	20150949	20151108	93	1247	6.94	CHH
7	20424851	20425235	22	9	70.97	CG
7	20424851	20425235	156	1064	12.79	CHH
7	21311702	21311873	110	2	98.21	CG
7	21311702	21311873	156	36	81.25	CHG
7	21311702	21311873	895	859	51.03	CHH
7	22392996	22393180	237	27	89.77	CG
7	22392996	22393180	285	59	82.85	CHG
7	22392996	22393180	94	1526	5.80	CHH
7	22532503	22532689	280	469	37.38	CHH
7	22933956	22934220	487	35	93.30	CG
7	22933956	22934220	181	58	75.73	CHG
7	22933956	22934220	80	1186	6.32	CHH
7	24616760	24617444	612	40	93.87	CG
7	24616760	24617444	461	153	75.08	CHG
7	24616760	24617444	141	2365	5.63	CHH
7	24811648	24811977	33	1	97.06	CG
7	24811648	24811977	9	11	45.00	CHG
7	24811648	24811977	439	1062	29.25	CHH
7	24948880	24949085	327	613	34.79	CHH
7	25909857	25910353	345	22	94.01	CG
7	25909857	25910353	340	222	60.50	CHG
7	25909857	25910353	277	2814	8.96	CHH
7	26251607	26251758	196	145	57.48	CHH
7	26258085	26258557	1062	56	94.99	CG
7	26258085	26258557	235	94	71.43	CHG
7	26258085	26258557	208	2063	9.16	CHH
7	27119822	27120089	34	7	82.93	CG
7	27119822	27120089	4	37	9.76	CHG
7	27119822	27120089	518	1168	30.72	CHH
7	27169621	27169836	0	49	0.00	CG
7	27169621	27169836	12	373	3.12	CHG
7	27169621	27169836	12	1364	0.87	CHH
7	27307263	27307688	445	14	96.95	CG
7	27307263	27307688	290	201	59.06	CHG
7	27307263	27307688	288	2011	12.53	CHH
7	28376367	28376563	64	3	95.52	CG
7	28376367	28376563	49	18	73.13	CHG
7	28376367	28376563	218	895	19.59	CHH
7	29243799	29244004	251	820	23.44	CHH
7	29311074	29311344	408	571	41.68	CHH
7	29467990	29468204	527	1184	30.80	CHH
8	1575049	1575210	268	577	31.72	CHH
8	1623373	1623626	31	1	96.88	CG
8	1623373	1623626	7	20	25.93	CHG
8	1623373	1623626	219	745	22.72	CHH
8	2431336	2431426	63	112	36.00	CG
8	2431336	2431426	4	10	28.57	CHG
8	2431336	2431426	40	858	4.45	CHH
8	3073639	3073816	15	42	26.32	CG
8	3073639	3073816	17	108	13.60	CHG
8	3073639	3073816	9	372	2.36	CHH
8	3388417	3388667	94	9	91.26	CG
8	3388417	3388667	30	44	40.54	CHG
8	3388417	3388667	616	1447	29.86	CHH
8	3751907	3752073	232	8	96.67	CG
8	3751907	3752073	113	53	68.07	CHG
8	3751907	3752073	25	659	3.65	CHH
8	3958363	3958508	219	515	29.84	CHH
8	5131858	5132029	87	17	83.65	CHG
8	5131858	5132029	470	787	37.39	CHH
8	5321619	5321826	44	3	93.62	CG
8	5321619	5321826	1	1	50.00	CHG
8	5321619	5321826	178	538	24.86	CHH
8	5680035	5680214	76	5	93.83	CG
8	5680035	5680214	73	15	82.95	CHG
8	5680035	5680214	103	954	9.74	CHH
8	5836841	5837082	83	0	100.00	CG
8	5836841	5837082	318	648	32.92	CHH
8	6111458	6111746	144	6	96.00	CG
8	6111458	6111746	90	60	60.00	CHG
8	6111458	6111746	81	1242	6.12	CHH
8	6753823	6754136	33	2	94.29	CG
8	6753823	6754136	64	29	68.82	CHG
8	6753823	6754136	382	865	30.63	CHH
8	7603360	7603612	39	2	95.12	CG
8	7603360	7603612	147	484	23.30	CHH
8	8071926	8072156	336	19	94.65	CG
8	8071926	8072156	25	31	44.64	CHG
8	8071926	8072156	105	1112	8.63	CHH
8	10060129	10060270	620	356	63.52	CHH
8	10886885	10887057	26	3	89.66	CG
8	10886885	10887057	0	4	0.00	CHG
8	10886885	10887057	4	305	1.29	CHH
8	11782944	11783090	36	15	70.59	CHG
8	11782944	11783090	225	652	25.66	CHH
8	12350212	12350309	13	2	86.67	CG
8	12350212	12350309	0	5	0.00	CHG
8	12350212	12350309	59	175	25.21	CHH
8	15503593	15503835	44	2	95.65	CG
8	15503593	15503835	296	1134	20.70	CHH
8	18141156	18141305	79	451	14.91	CHH
8	19423131	19423387	27	6	81.82	CG
8	19423131	19423387	2	10	16.67	CHG
8	19423131	19423387	274	889	23.56	CHH
8	20377385	20377714	966	56	94.52	CG
8	20377385	20377714	102	124	45.13	CHG
8	20377385	20377714	66	1978	3.23	CHH
8	20558563	20558824	32	6	84.21	CG
8	20558563	20558824	26	12	68.42	CHG
8	20558563	20558824	521	540	49.10	CHH
8	21654366	21654527	102	41	71.33	CG
8	21654366	21654527	53	106	33.33	CHG
8	21654366	21654527	121	668	15.34	CHH
8	22741998	22742320	14	24	36.84	CHG
8	22741998	22742320	301	858	25.97	CHH
8	22776595	22776863	22	2	91.67	CG
8	22776595	22776863	88	73	54.66	CHG
8	22776595	22776863	259	543	32.29	CHH
8	22948102	22948411	18	1	94.74	CG
8	22948102	22948411	242	713	25.34	CHH
8	23349964	23350100	57	5	91.94	CG
8	23349964	23350100	39	644	5.71	CHH
8	23488434	23488729	253	19	93.01	CG
8	23488434	23488729	116	57	67.05	CHG
8	23488434	23488729	248	1436	14.73	CHH
8	24309357	24309533	0	99	0.00	CG
8	24309357	24309533	2	246	0.81	CHG
8	24309357	24309533	7	786	0.88	CHH
8	24422312	24422568	37	5	88.10	CG
8	24422312	24422568	52	53	49.52	CHG
8	24422312	24422568	325	892	26.71	CHH
8	24735337	24736197	349	154	69.38	CG
8	24735337	24736197	99	736	11.86	CHG
8	24735337	24736197	41	5701	0.71	CHH
8	24736834	24737078	291	12	96.04	CG
8	24736834	24737078	33	85	27.97	CHG
8	24736834	24737078	4	849	0.47	CHH
8	24750449	24750953	320	21	93.84	CG
8	24750449	24750953	250	182	57.87	CHG
8	24750449	24750953	40	3270	1.21	CHH
8	24768225	24768508	61	57	51.69	CG
8	24768225	24768508	0	205	0.00	CHG
8	24768225	24768508	7	1919	0.36	CHH
8	24784953	24785097	90	12	88.24	CG
8	24784953	24785097	41	19	68.33	CHG
8	24784953	24785097	22	970	2.22	CHH
8	24834030	24834325	52	2	96.30	CG
8	24834030	24834325	25	3	89.29	CHG
8	24834030	24834325	368	597	38.13	CHH
8	24968997	24969171	19	0	100.00	CG
8	24968997	24969171	16	2	88.89	CHG
8	24968997	24969171	101	122	45.29	CHH
8	26169264	26169435	194	7	96.52	CG
8	26169264	26169435	30	39	43.48	CHG
8	26169264	26169435	186	190	49.47	CHH
8	26441035	26441114	5	31	13.89	CHG
8	26441035	26441114	4	240	1.64	CHH
8	26827794	26828034	37	49	43.02	CG
8	26827794	26828034	11	57	16.18	CHG
8	26827794	26828034	10	373	2.61	CHH
8	27623734	27623958	339	16	95.49	CG
8	27623734	27623958	172	82	67.72	CHG
8	27623734	27623958	171	851	16.73	CHH
8	28152674	28152872	395	410	49.07	CHH
8	28409753	28410078	94	3	96.91	CG
8	28409753	28410078	130	6	95.59	CHG
8	28409753	28410078	384	1529	20.07	CHH
9	1254705	1254916	176	9	95.14	CG
9	1254705	1254916	7	12	36.84	CHG
9	1254705	1254916	226	603	27.26	CHH
9	1884036	1884200	88	702	11.14	CHH
9	3634113	3634220	33	6	84.62	CHG
9	3634113	3634220	250	263	48.73	CHH
9	3933418	3933532	34	3	91.89	CG
9	3933418	3933532	19	15	55.88	CHG
9	3933418	3933532	125	452	21.66	CHH
9	4570159	4570785	620	28	95.68	CG
9	4570159	4570785	611	156	79.66	CHG
9	4570159	4570785	106	3462	2.97	CHH
9	7158967	7159348	6	35	14.63	CG
9	7158967	7159348	3	66	4.35	CHG
9	7158967	7159348	3	806	0.37	CHH
9	10378957	10379055	271	67	80.18	CG
9	10378957	10379055	57	249	18.63	CHG
9	10378957	10379055	4	877	0.45	CHH
9	10754150	10754480	37	4	90.24	CG
9	10754150	10754480	69	16	81.18	CHG
9	10754150	10754480	777	948	45.04	CHH
9	11037393	11037551	48	406	10.57	CHH
9	14633566	14633811	256	12	95.52	CG
9	14633566	14633811	135	56	70.68	CHG
9	14633566	14633811	484	1254	27.85	CHH
9	16086094	16086273	80	13	86.02	CG
9	16086094	16086273	40	36	52.63	CHG
9	16086094	16086273	112	290	27.86	CHH
9	16215726	16215834	80	472	14.49	CHH
9	16663866	16664244	125	141	46.99	CG
9	16663866	16664244	19	392	4.62	CHG
9	16663866	16664244	14	1930	0.72	CHH
9	16928122	16928188	8	329	2.37	CHH
9	17420619	17420974	37	3	92.50	CG
9	17420619	17420974	132	41	76.30	CHG
9	17420619	17420974	170	1296	11.60	CHH
9	19098095	19098253	26	4	86.67	CG
9	19098095	19098253	39	18	68.42	CHG
9	19098095	19098253	412	442	48.24	CHH
9	21886164	21886293	32	560	5.41	CHH
10	368179	368447	60	16	78.95	CHG
10	368179	368447	612	1319	31.69	CHH
10	404795	404929	175	9	95.11	CG
10	404795	404929	1	29	3.33	CHG
10	404795	404929	29	266	9.83	CHH
10	1838124	1838526	38	5	88.37	CG
10	1838124	1838526	23	1	95.83	CHG
10	1838124	1838526	309	550	35.97	CHH
10	1890175	1890720	321	29	91.71	CG
10	1890175	1890720	168	317	34.64	CHG
10	1890175	1890720	101	2681	3.63	CHH
10	2576261	2576420	559	910	38.05	CHH
10	3444619	3445144	7	163	4.12	CG
10	3444619	3445144	7	232	2.93	CHG
10	3444619	3445144	2	1022	0.20	CHH
10	5680298	5680662	4	1137	0.35	CG
10	5680298	5680662	6	1181	0.51	CHG
10	5680298	5680662	7	1975	0.35	CHH
10	6420591	6420748	2	140	1.41	CHG
10	6420591	6420748	1	632	0.16	CHH
10	7535391	7535626	89	812	9.88	CHH
10	8506073	8506152	21	30	41.18	CG
10	8506073	8506152	4	283	1.39	CHH
10	9497876	9498140	168	8	95.45	CG
10	9497876	9498140	13	21	38.24	CHG
10	9497876	9498140	591	860	40.73	CHH
10	11192936	11193103	86	4	95.56	CG
10	11192936	11193103	25	63	28.41	CHG
10	11192936	11193103	57	237	19.39	CHH
10	11922949	11923127	45	2	95.74	CG
10	11922949	11923127	118	24	83.10	CHG
10	11922949	11923127	357	327	52.19	CHH
10	12206026	12206233	30	7	81.08	CG
10	12206026	12206233	9	33	21.43	CHG
10	12206026	12206233	606	720	45.70	CHH
10	13147744	13147963	414	33	92.62	CG
10	13147744	13147963	108	80	57.45	CHG
10	13147744	13147963	63	1917	3.18	CHH
10	15011394	15011890	212	130	61.99	CG
10	15011394	15011890	75	182	29.18	CHG
10	15011394	15011890	190	1492	11.30	CHH
10	15870323	15870605	73	8	90.12	CG
10	15870323	15870605	33	228	12.64	CHG
10	15870323	15870605	41	645	5.98	CHH
10	15986243	15986518	1	23	4.17	CG
10	15986243	15986518	0	131	0.00	CHG
10	15986243	15986518	2	813	0.25	CHH
10	15991567	15992011	7	656	1.06	CG
10	15991567	15992011	6	1056	0.56	CHG
10	15991567	15992011	19	3171	0.60	CHH
10	16003795	16003950	2	20	9.09	CG
10	16003795	16003950	0	126	0.00	CHG
10	16003795	16003950	0	450	0.00	CHH
10	16208913	16209034	32	1	96.97	CG
10	16208913	16209034	32	7	82.05	CHG
10	16208913	16209034	294	234	55.68	CHH
10	17033161	17033405	487	22	95.68	CG
10	17033161	17033405	142	63	69.27	CHG
10	17033161	17033405	272	1065	20.34	CHH
10	18046108	18046282	343	267	56.23	CHH
10	18101624	18101816	152	20	88.37	CG
10	18101624	18101816	64	91	41.29	CHG
10	18101624	18101816	226	486	31.74	CHH
10	18561922	18562175	254	14	94.78	CG
10	18561922	18562175	319	111	74.19	CHG
10	18561922	18562175	207	1577	11.60	CHH
10	18632472	18632641	60	724	7.65	CHH
10	19698082	19698409	69	2	97.18	CG
10	19698082	19698409	101	12	89.38	CHG
10	19698082	19698409	606	1195	33.65	CHH
10	19941399	19941637	29	1	96.67	CG
10	19941399	19941637	261	753	25.74	CHH
10	20291443	20292459	1260	45	96.55	CG
10	20291443	20292459	528	211	71.45	CHG
10	20291443	20292459	253	3702	6.40	CHH
10	20762313	20762534	1	80	1.23	CG
10	20762313	20762534	1	187	0.53	CHG
10	20762313	20762534	9	632	1.40	CHH
10	20778820	20779263	35	350	9.09	CG
10	20778820	20779263	19	803	2.31	CHG
10	20778820	20779263	26	2233	1.15	CHH
10	21827999	21828272	24	28	46.15	CHG
10	21827999	21828272	740	932	44.26	CHH
10	22689536	22689741	738	1406	34.42	CHH
10	22690213	22690439	533	282	65.40	CHH
11	569050	569549	54	4	93.10	CG
11	569050	569549	243	71	77.39	CHG
11	569050	569549	841	1441	36.85	CHH
11	1200546	1200636	25	0	100.00	CG
11	1200546	1200636	22	4	84.62	CHG
11	1200546	1200636	13	396	3.18	CHH
11	1713742	1714360	449	41	91.63	CG
11	1713742	1714360	234	86	73.12	CHG
11	1713742	1714360	173	2620	6.19	CHH
11	1878755	1878890	6	79	7.06	CG
11	1878755	1878890	5	136	3.55	CHG
11	1878755	1878890	9	636	1.40	CHH
11	1932470	1932979	44	2	95.65	CG
11	1932470	1932979	60	52	53.57	CHG
11	1932470	1932979	592	1453	28.95	CHH
11	1947206	1947542	10	0	100.00	CG
11	1947206	1947542	41	559	6.83	CHH
11	2378673	2378944	185	13	93.43	CG
11	2378673	2378944	15	28	34.88	CHG
11	2378673	2378944	713	893	44.40	CHH
11	5554822	5555192	60	3	95.24	CG
11	5554822	5555192	247	50	83.16	CHG
11	5554822	5555192	550	915	37.54	CHH
11	7332863	7333120	54	3	94.74	CG
11	7332863	7333120	33	30	52.38	CHG
11	7332863	7333120	219	792	21.66	CHH
11	7589703	7589963	17	0	100.00	CG
11	7589703	7589963	12	3	80.00	CHG
11	7589703	7589963	157	395	28.44	CHH
11	7735709	7735929	88	5	94.62	CG
11	7735709	7735929	25	85	22.73	CHG
11	7735709	7735929	15	703	2.09	CHH
11	8045721	8046006	396	254	60.92	CG
11	8045721	8046006	2	189	1.05	CHG
11	8045721	8046006	26	2087	1.23	CHH
11	9151816	9151968	12	18	40.00	CHG
11	9151816	9151968	254	579	30.49	CHH
11	11662804	11663369	197	14	93.36	CG
11	11662804	11663369	296	45	86.80	CHG
11	11662804	11663369	409	2659	13.33	CHH
11	11787143	11787246	288	719	28.60	CHH
11	13632522	13632647	1	171	0.58	CHG
11	13632522	13632647	0	543	0.00	CHH
11	14005572	14005699	20	503	3.82	CHH
11	14006096	14006227	0	453	0.00	CHH
11	14311549	14311878	823	17	97.98	CG
11	14311549	14311878	250	35	87.72	CHG
11	14311549	14311878	123	1687	6.80	CHH
11	16006890	16007049	26	0	100.00	CG
11	16006890	16007049	15	8	65.22	CHG
11	16006890	16007049	278	441	38.66	CHH
11	16339318	16339504	130	9	93.53	CG
11	16339318	16339504	2	21	8.70	CHG
11	16339318	16339504	27	594	4.35	CHH
11	16884445	16884740	85	4	95.51	CG
11	16884445	16884740	644	846	43.22	CHH
11	16979978	16980123	19	1	95.00	CG
11	16979978	16980123	37	588	5.92	CHH
11	18415594	18415828	17	2	89.47	CG
11	18415594	18415828	16	698	2.24	CHH
11	19478887	19479310	324	24	93.10	CG
11	19478887	19479310	171	550	23.72	CHG
11	19478887	19479310	42	2821	1.47	CHH
11	19817539	19817761	14	31	31.11	CHG
11	19817539	19817761	326	671	32.70	CHH
11	21197890	21198236	50	57	46.73	CHG
11	21197890	21198236	1162	2102	35.60	CHH
11	21255747	21256111	331	9	97.35	CG
11	21255747	21256111	416	102	80.31	CHG
11	21255747	21256111	105	2019	4.94	CHH
11	21412886	21413094	199	18	91.71	CG
11	21412886	21413094	54	103	34.39	CHG
11	21412886	21413094	32	678	4.51	CHH
11	22039593	22039763	84	20	80.77	CHG
11	22039593	22039763	419	691	37.75	CHH
11	23435202	23435727	47	32	59.49	CG
11	23435202	23435727	7	475	1.45	CHG
11	23435202	23435727	13	1766	0.73	CHH
11	24395075	24395260	6	100	5.66	CG
11	24395075	24395260	9	37	19.57	CHG
11	24395075	24395260	7	629	1.10	CHH
11	24851409	24851658	318	7	97.85	CG
11	24851409	24851658	362	57	86.40	CHG
11	24851409	24851658	103	1643	5.90	CHH
11	24991462	24991590	38	8	82.61	CG
11	24991462	24991590	67	111	37.64	CHG
11	24991462	24991590	342	468	42.22	CHH
11	25110396	25110624	46	3	93.88	CG
11	25110396	25110624	6	11	35.29	CHG
11	25110396	25110624	64	706	8.31	CHH
11	25586084	25586542	240	17	93.39	CG
11	25586084	25586542	249	46	84.41	CHG
11	25586084	25586542	400	2878	12.20	CHH
11	25784649	25784892	129	3	97.73	CG
11	25784649	25784892	171	45	79.17	CHG
11	25784649	25784892	55	1700	3.13	CHH
11	25810584	25810761	4	10	28.57	CHG
11	25810584	25810761	6	376	1.57	CHH
11	25853608	25853790	34	6	85.00	CG
11	25853608	25853790	123	1085	10.18	CHH
11	26205598	26205997	71	34	67.62	CG
11	26205598	26205997	0	167	0.00	CHG
11	26205598	26205997	6	1346	0.44	CHH
11	27682635	27683583	884	29	96.82	CG
11	27682635	27683583	497	282	63.80	CHG
11	27682635	27683583	179	2294	7.24	CHH
11	28181129	28181426	19	6	76.00	CG
11	28181129	28181426	13	410	3.07	CHH
12	217168	217301	105	4	96.33	CG
12	217168	217301	25	31	44.64	CHG
12	217168	217301	522	634	45.16	CHH
12	552916	553122	200	626	24.21	CHH
12	793700	793972	37	1	97.37	CHG
12	793700	793972	465	668	41.04	CHH
12	961100	961336	88	10	89.80	CG
12	961100	961336	151	265	36.30	CHG
12	961100	961336	43	1404	2.97	CHH
12	1049649	1049822	752	554	57.58	CHH
12	1548545	1548692	30	2	93.75	CHG
12	1548545	1548692	104	277	27.30	CHH
12	1801896	1802216	62	43	59.05	CG
12	1801896	1802216	53	110	32.52	CHG
12	1801896	1802216	44	1216	3.49	CHH
12	1816647	1816809	40	2	95.24	CG
12	1816647	1816809	212	456	31.74	CHH
12	2466366	2466538	40	9	81.63	CHG
12	2466366	2466538	425	576	42.46	CHH
12	5021892	5024116	635	32	95.20	CG
12	5021892	5024116	1062	1244	46.05	CHG
12	5021892	5024116	183	9492	1.89	CHH
12	5024498	5027592	756	32	95.94	CG
12	5024498	5027592	763	1362	35.91	CHG
12	5024498	5027592	158	10495	1.48	CHH
12	7849278	7849532	195	17	91.98	CG
12	7849278	7849532	2	11	15.38	CHG
12	7849278	7849532	30	1049	2.78	CHH
12	10927998	10928435	21	5	80.77	CG
12	10927998	10928435	19	42	31.15	CHG
12	10927998	10928435	57	1305	4.19	CHH
12	11362213	11362441	27	0	100.00	CG
12	11362213	11362441	10	12	45.45	CHG
12	11362213	11362441	103	627	14.11	CHH
12	12440435	12440631	210	269	43.84	CG
12	12440435	12440631	43	228	15.87	CHG
12	12440435	12440631	29	813	3.44	CHH
12	12966688	12966790	31	131	19.14	CHH
12	15202347	15202507	100	7	93.46	CG
12	15202347	15202507	27	17	61.36	CHG
12	15202347	15202507	26	976	2.59	CHH
12	17986589	17987047	167	5	97.09	CG
12	17986589	17987047	122	49	71.35	CHG
12	17986589	17987047	21	1710	1.21	CHH
12	18936325	18936741	913	34	96.41	CG
12	18936325	18936741	113	76	59.79	CHG
12	18936325	18936741	120	2642	4.34	CHH
12	19120680	19120950	39	23	62.90	CG
12	19120680	19120950	37	8	82.22	CHG
12	19120680	19120950	223	1167	16.04	CHH
12	19156150	19156313	33	1	97.06	CG
12	19156150	19156313	60	25	70.59	CHG
12	19156150	19156313	273	385	41.49	CHH
12	21483416	21483688	141	8	94.63	CG
12	21483416	21483688	269	57	82.52	CHG
12	21483416	21483688	269	1779	13.13	CHH
12	21831911	21832012	68	504	11.89	CHH
12	22451242	22451490	15	39	27.78	CHG
12	22451242	22451490	722	1125	39.09	CHH
12	22462835	22463098	0	193	0.00	CG
12	22462835	22463098	30	285	9.52	CHG
12	22462835	22463098	424	1319	24.33	CHH
12	22503691	22503984	133	2	98.52	CG
12	22503691	22503984	82	25	76.64	CHG
12	22503691	22503984	348	766	31.24	CHH
12	23090136	23090406	30	3	90.91	CG
12	23090136	23090406	193	925	17.26	CHH
12	23253874	23254115	78	0	100.00	CG
12	23253874	23254115	5	24	17.24	CHG
12	23253874	23254115	315	774	28.93	CHH
12	23419385	23419484	9	3	75.00	CG
12	23419385	23419484	4	102	3.77	CHH
12	23569460	23569549	64	14	82.05	CG
12	23569460	23569549	16	8	66.67	CHG
12	23569460	23569549	3	384	0.78	CHH
12	24432087	24432276	58	668	7.99	CHH
12	25119408	25119711	384	15	96.24	CG
12	25119408	25119711	192	266	41.92	CHG
12	25119408	25119711	49	1707	2.79	CHH
12	25285613	25285813	28	4	87.50	CG
12	25285613	25285813	603	454	57.05	CHH
12	25690213	25690552	159	106	60.00	CG
12	25690213	25690552	12	110	9.84	CHG
12	25690213	25690552	65	1060	5.78	CHH
12	26052913	26053003	11	207	5.05	CHG
12	26052913	26053003	6	628	0.95	CHH
