1	104478	104599	2	0	100.00	CG
1	104478	104599	2	0	100.00	CHG
1	104478	104599	0	5	0.00	CHH
1	521199	522723	739	1663	30.77	CG
1	521199	522723	16	2224	0.71	CHG
1	521199	522723	56	9705	0.57	CHH
1	718927	719135	0	257	0.00	CG
1	718927	719135	1	390	0.26	CHG
1	718927	719135	7	1710	0.41	CHH
1	1687637	1688991	4	1199	0.33	CG
1	1687637	1688991	10	1269	0.78	CHG
1	1687637	1688991	21	5380	0.39	CHH
1	1781116	1781366	2	559	0.36	CG
1	1781116	1781366	1	199	0.50	CHG
1	1781116	1781366	1	380	0.26	CHH
1	2137510	2140455	378	5403	6.54	CG
1	2137510	2140455	451	4329	9.44	CHG
1	2137510	2140455	611	15079	3.89	CHH
1	2172488	2172625	0	98	0.00	CG
1	2172488	2172625	2	624	0.32	CHH
1	2198640	2199644	1238	47	96.34	CG
1	2198640	2199644	582	429	57.57	CHG
1	2198640	2199644	171	1184	12.62	CHH
1	2541454	2541598	102	99	50.75	CG
1	2541454	2541598	17	68	20.00	CHG
1	2541454	2541598	59	571	9.37	CHH
1	2579778	2580676	840	804	51.09	CG
1	2579778	2580676	13	2016	0.64	CHG
1	2579778	2580676	20	5217	0.38	CHH
1	3016827	3017062	4	1315	0.30	CG
1	3016827	3017062	3	647	0.46	CHG
1	3016827	3017062	3	1760	0.17	CHH
1	4122738	4127182	1132	4092	21.67	CG
1	4122738	4127182	131	7280	1.77	CHG
1	4122738	4127182	1075	17001	5.95	CHH
1	4510347	4510477	23	2	92.00	CG
1	4510347	4510477	11	31	26.19	CHG
1	4510347	4510477	83	339	19.67	CHH
1	4702022	4702256	33	158	17.28	CG
1	4702022	4702256	5	106	4.50	CHG
1	4702022	4702256	51	209	19.62	CHH
1	5814441	5815039	1	221	0.45	CG
1	5814441	5815039	1	514	0.19	CHG
1	5814441	5815039	12	2289	0.52	CHH
1	6934697	6934863	282	7	97.58	CG
1	6934697	6934863	119	23	83.80	CHG
1	6934697	6934863	89	505	14.98	CHH
1	7198017	7199243	653	78	89.33	CG
1	7198017	7199243	12	1192	1.00	CHG
1	7198017	7199243	20	4252	0.47	CHH
1	7302410	7302594	1	333	0.30	CG
1	7302410	7302594	0	154	0.00	CHG
1	7302410	7302594	0	651	0.00	CHH
1	7518469	7519081	0	337	0.00	CG
1	7518469	7519081	0	452	0.00	CHG
1	7518469	7519081	6	1657	0.36	CHH
1	7690448	7691550	6	1908	0.31	CG
1	7690448	7691550	8	1666	0.48	CHG
1	7690448	7691550	25	5511	0.45	CHH
1	8124136	8124703	694	34	95.33	CG
1	8124136	8124703	299	210	58.74	CHG
1	8124136	8124703	235	1935	10.83	CHH
1	8426975	8427236	74	21	77.89	CG
1	8426975	8427236	4	359	1.10	CHG
1	8426975	8427236	3	826	0.36	CHH
1	8831214	8831605	385	33	92.11	CG
1	8831214	8831605	153	201	43.22	CHG
1	8831214	8831605	55	1950	2.74	CHH
1	8866192	8866541	221	14	94.04	CG
1	8866192	8866541	96	40	70.59	CHG
1	8866192	8866541	38	409	8.50	CHH
1	9124022	9124118	67	2	97.10	CG
1	9124022	9124118	170	40	80.95	CHG
1	9124022	9124118	48	273	14.95	CHH
1	9260960	9261224	92	3	96.84	CG
1	9260960	9261224	1	302	0.33	CHG
1	9260960	9261224	10	1373	0.72	CHH
1	9681083	9681232	29	18	61.70	CG
1	9681083	9681232	33	119	21.71	CHH
1	9734291	9734532	1	191	0.52	CG
1	9734291	9734532	0	50	0.00	CHG
1	9734291	9734532	31	944	3.18	CHH
1	10263106	10263294	0	258	0.00	CG
1	10263106	10263294	1	181	0.55	CHG
1	10263106	10263294	1	312	0.32	CHH
1	10401973	10403052	24	1418	1.66	CG
1	10401973	10403052	16	965	1.63	CHG
1	10401973	10403052	52	4303	1.19	CHH
1	10417094	10417664	821	45	94.80	CG
1	10417094	10417664	1150	267	81.16	CHG
1	10417094	10417664	161	4532	3.43	CHH
1	10590568	10590704	1	41	2.38	CG
1	10590568	10590704	0	39	0.00	CHG
1	10590568	10590704	0	124	0.00	CHH
1	10793800	10794970	479	24	95.23	CG
1	10793800	10794970	83	157	34.58	CHG
1	10793800	10794970	76	474	13.82	CHH
1	11027002	11027352	147	10	93.63	CG
1	11027002	11027352	1	396	0.25	CHG
1	11027002	11027352	7	1759	0.40	CHH
1	11745247	11745281	1	149	0.67	CG
1	11745247	11745281	1	64	1.54	CHG
1	11745247	11745281	0	115	0.00	CHH
1	11861007	11861467	652	35	94.91	CG
1	11861007	11861467	300	124	70.75	CHG
1	11861007	11861467	245	1652	12.92	CHH
1	11988203	11988342	3	712	0.42	CG
1	11988203	11988342	1	379	0.26	CHG
1	11988203	11988342	4	316	1.25	CHH
1	12157565	12159139	34	8235	0.41	CG
1	12157565	12159139	22	4418	0.50	CHG
1	12157565	12159139	31	7315	0.42	CHH
1	12279664	12280353	8	1691	0.47	CG
1	12279664	12280353	1	964	0.10	CHG
1	12279664	12280353	17	2538	0.67	CHH
1	12444629	12444759	148	8	94.87	CG
1	12444629	12444759	111	14	88.80	CHG
1	12444629	12444759	14	550	2.48	CHH
1	12851686	12853647	250	467	34.87	CG
1	12851686	12853647	99	3065	3.13	CHG
1	12851686	12853647	214	11234	1.87	CHH
1	12977793	12977914	28	7	80.00	CG
1	12977793	12977914	1	189	0.53	CHH
1	14112270	14112409	0	63	0.00	CHH
1	14747584	14748346	6	952	0.63	CG
1	14747584	14748346	10	1950	0.51	CHG
1	14747584	14748346	23	5401	0.42	CHH
1	15010958	15011724	0	8	0.00	CHH
1	15208882	15210074	382	42	90.09	CG
1	15208882	15210074	136	113	54.62	CHG
1	15208882	15210074	107	1917	5.29	CHH
1	15318812	15319293	1072	51	95.46	CG
1	15318812	15319293	610	226	72.97	CHG
1	15318812	15319293	102	1995	4.86	CHH
1	15355785	15357554	592	1414	29.51	CG
1	15355785	15357554	342	2116	13.91	CHG
1	15355785	15357554	717	7652	8.57	CHH
1	16453284	16453501	0	9	0.00	CG
1	16453284	16453501	7	21	25.00	CHG
1	16453284	16453501	24	218	9.92	CHH
1	16722902	16723067	6	293	2.01	CG
1	16722902	16723067	0	106	0.00	CHG
1	16722902	16723067	5	1091	0.46	CHH
1	17385639	17385733	0	81	0.00	CHG
1	17385639	17385733	3	253	1.17	CHH
1	17522237	17522624	813	36	95.76	CG
1	17522237	17522624	561	221	71.74	CHG
1	17522237	17522624	71	1801	3.79	CHH
1	17762690	17767322	724	4047	15.18	CG
1	17762690	17767322	888	4001	18.16	CHG
1	17762690	17767322	3317	16283	16.92	CHH
1	17768299	17768525	2	123	1.60	CG
1	17768299	17768525	1	98	1.01	CHG
1	17768299	17768525	0	489	0.00	CHH
1	17915233	17918918	1496	1525	49.52	CG
1	17915233	17918918	781	1451	34.99	CHG
1	17915233	17918918	1826	9421	16.24	CHH
1	18479814	18481021	188	319	37.08	CG
1	18479814	18481021	39	373	9.47	CHG
1	18479814	18481021	67	2813	2.33	CHH
1	18515221	18516018	421	18	95.90	CG
1	18515221	18516018	289	89	76.46	CHG
1	18515221	18516018	56	1068	4.98	CHH
1	18605306	18605413	36	1	97.30	CG
1	18605306	18605413	1	107	0.93	CHG
1	18605306	18605413	4	634	0.63	CHH
1	18679398	18679609	107	6	94.69	CG
1	18679398	18679609	154	34	81.91	CHG
1	18679398	18679609	55	811	6.35	CHH
1	18781271	18781897	23	753	2.96	CG
1	18781271	18781897	19	1141	1.64	CHG
1	18781271	18781897	54	2686	1.97	CHH
1	19418149	19418371	216	9	96.00	CG
1	19418149	19418371	135	104	56.49	CHG
1	19418149	19418371	33	1045	3.06	CHH
1	19588801	19588982	94	4	95.92	CG
1	19588801	19588982	30	25	54.55	CHG
1	19588801	19588982	21	241	8.02	CHH
1	19807993	19809436	987	54	94.81	CG
1	19807993	19809436	262	209	55.63	CHG
1	19807993	19809436	159	2200	6.74	CHH
1	20220915	20221138	592	25	95.95	CG
1	20220915	20221138	156	105	59.77	CHG
1	20220915	20221138	21	1092	1.89	CHH
1	20351135	20352592	787	525	59.98	CG
1	20351135	20352592	21	2950	0.71	CHG
1	20351135	20352592	37	8538	0.43	CHH
1	20353735	20353818	27	0	100.00	CG
1	20353735	20353818	3	129	2.27	CHG
1	20353735	20353818	2	285	0.70	CHH
1	20699332	20703291	1600	2274	41.30	CG
1	20699332	20703291	789	3838	17.05	CHG
1	20699332	20703291	1083	14155	7.11	CHH
1	20759940	20760412	546	26	95.45	CG
1	20759940	20760412	600	122	83.10	CHG
1	20759940	20760412	285	2122	11.84	CHH
1	22217602	22218470	288	786	26.82	CG
1	22217602	22218470	92	1036	8.16	CHG
1	22217602	22218470	275	2764	9.05	CHH
1	22349537	22349928	11	607	1.78	CG
1	22349537	22349928	2	459	0.43	CHG
1	22349537	22349928	12	1080	1.10	CHH
1	22963853	22963900	0	55	0.00	CHG
1	22963853	22963900	1	124	0.80	CHH
1	23088705	23088935	1	216	0.46	CG
1	23088705	23088935	0	160	0.00	CHG
1	23088705	23088935	2	700	0.28	CHH
1	23190581	23192012	416	87	82.70	CG
1	23190581	23192012	43	1555	2.69	CHG
1	23190581	23192012	86	6402	1.33	CHH
1	23334619	23337433	965	1529	38.69	CG
1	23334619	23337433	86	4418	1.91	CHG
1	23334619	23337433	74	12246	0.60	CHH
1	23865834	23867004	927	673	57.94	CG
1	23865834	23867004	437	1099	28.45	CHG
1	23865834	23867004	933	3798	19.72	CHH
1	24056015	24058047	165	2009	7.59	CG
1	24056015	24058047	112	1579	6.62	CHG
1	24056015	24058047	121	6275	1.89	CHH
1	24127473	24127717	102	97	51.26	CG
1	24127473	24127717	2	258	0.77	CHG
1	24127473	24127717	7	1248	0.56	CHH
1	24218590	24218768	21	160	11.60	CG
1	24218590	24218768	4	120	3.23	CHG
1	24218590	24218768	7	866	0.80	CHH
1	24367289	24368699	478	2086	18.64	CG
1	24367289	24368699	110	2642	4.00	CHG
1	24367289	24368699	519	7382	6.57	CHH
1	24540618	24541036	195	14	93.30	CG
1	24540618	24541036	3	356	0.84	CHG
1	24540618	24541036	4	1529	0.26	CHH
1	25075086	25078372	32	8431	0.38	CG
1	25075086	25078372	32	7324	0.44	CHG
1	25075086	25078372	72	16884	0.42	CHH
1	26189136	26189851	102	682	13.01	CG
1	26189136	26189851	5	1997	0.25	CHG
1	26189136	26189851	18	4389	0.41	CHH
1	27455091	27455579	632	24	96.34	CG
1	27455091	27455579	557	178	75.78	CHG
1	27455091	27455579	115	1863	5.81	CHH
1	27505658	27505866	0	66	0.00	CG
1	27505658	27505866	2	245	0.81	CHG
1	27505658	27505866	2	820	0.24	CHH
1	27576543	27577893	1340	73	94.83	CG
1	27576543	27577893	711	193	78.65	CHG
1	27576543	27577893	755	5354	12.36	CHH
1	28118813	28118935	10	65	13.33	CG
1	28118813	28118935	1	199	0.50	CHG
1	28118813	28118935	5	726	0.68	CHH
1	29188109	29189334	16	3196	0.50	CG
1	29188109	29189334	31	1856	1.64	CHG
1	29188109	29189334	447	5501	7.52	CHH
1	29223726	29224697	195	2930	6.24	CG
1	29223726	29224697	20	1354	1.46	CHG
1	29223726	29224697	731	4263	14.64	CHH
1	29881105	29881917	338	31	91.60	CG
1	29881105	29881917	350	145	70.71	CHG
1	29881105	29881917	105	1171	8.23	CHH
1	29892038	29892362	9	11	45.00	CG
1	29892038	29892362	0	104	0.00	CHG
1	29892038	29892362	8	805	0.98	CHH
1	30396534	30396644	1	245	0.41	CG
1	30396534	30396644	1	336	0.30	CHG
1	30396534	30396644	1	459	0.22	CHH
1	30947617	30952229	3253	1458	69.05	CG
1	30947617	30952229	1214	5183	18.98	CHG
1	30947617	30952229	737	23906	2.99	CHH
1	30988314	30988439	24	1	96.00	CG
1	30988314	30988439	87	46	65.41	CHG
1	30988314	30988439	22	215	9.28	CHH
1	31131639	31132785	586	2179	21.19	CG
1	31131639	31132785	12	3045	0.39	CHG
1	31131639	31132785	24	6306	0.38	CHH
1	32136432	32136605	2	128	1.54	CG
1	32136432	32136605	1	417	0.24	CHG
1	32136432	32136605	2	1017	0.20	CHH
1	33466485	33466748	325	11	96.73	CG
1	33466485	33466748	115	66	63.54	CHG
1	33466485	33466748	126	967	11.53	CHH
1	34289798	34291348	480	712	40.27	CG
1	34289798	34291348	292	1214	19.39	CHG
1	34289798	34291348	683	4754	12.56	CHH
1	34550341	34550600	1	259	0.38	CG
1	34550341	34550600	2	424	0.47	CHG
1	34550341	34550600	10	1593	0.62	CHH
1	34749495	34752244	1687	272	86.12	CG
1	34749495	34752244	1562	969	61.71	CHG
1	34749495	34752244	939	8738	9.70	CHH
1	34928206	34928387	172	2	98.85	CG
1	34928206	34928387	535	75	87.70	CHG
1	34928206	34928387	79	1253	5.93	CHH
1	34990120	34992796	2095	1320	61.35	CG
1	34990120	34992796	1020	1477	40.85	CHG
1	34990120	34992796	2276	7870	22.43	CHH
1	35760612	35760952	51	111	31.48	CG
1	35760612	35760952	0	197	0.00	CHG
1	35760612	35760952	2	1101	0.18	CHH
1	35959231	35959351	0	74	0.00	CG
1	35959231	35959351	0	112	0.00	CHG
1	35959231	35959351	0	563	0.00	CHH
1	36112505	36112684	94	70	57.32	CG
1	36112505	36112684	30	41	42.25	CHG
1	36112505	36112684	59	387	13.23	CHH
1	36163384	36164022	73	645	10.17	CG
1	36163384	36164022	44	633	6.50	CHG
1	36163384	36164022	226	2724	7.66	CHH
1	36208524	36209666	962	64	93.76	CG
1	36208524	36209666	1088	398	73.22	CHG
1	36208524	36209666	162	5854	2.69	CHH
1	36479686	36479935	4	891	0.45	CG
1	36479686	36479935	5	313	1.57	CHG
1	36479686	36479935	4	1440	0.28	CHH
1	36890844	36891048	78	71	52.35	CG
1	36890844	36891048	126	59	68.11	CHG
1	36890844	36891048	340	626	35.20	CHH
1	37118562	37118725	1	94	1.05	CG
1	37118562	37118725	0	235	0.00	CHG
1	37118562	37118725	6	1101	0.54	CHH
1	37253827	37256063	1880	140	93.07	CG
1	37253827	37256063	1669	489	77.34	CHG
1	37253827	37256063	1029	6525	13.62	CHH
1	37757198	37758019	191	1114	14.64	CG
1	37757198	37758019	104	530	16.40	CHG
1	37757198	37758019	491	2073	19.15	CHH
1	39603253	39603550	80	0	100.00	CG
1	39603253	39603550	0	308	0.00	CHG
1	39603253	39603550	9	774	1.15	CHH
1	40609311	40609427	31	2	93.94	CG
1	40609311	40609427	0	204	0.00	CHG
1	40609311	40609427	1	494	0.20	CHH
1	40785754	40786192	66	101	39.52	CG
1	40785754	40786192	3	1168	0.26	CHG
1	40785754	40786192	8	2916	0.27	CHH
1	41209454	41212661	1040	4495	18.79	CG
1	41209454	41212661	506	3021	14.35	CHG
1	41209454	41212661	1450	10042	12.62	CHH
1	42990884	42991140	53	0	100.00	CG
1	42990884	42991140	41	8	83.67	CHG
1	42990884	42991140	28	188	12.96	CHH
2	38468	38578	30	4	88.24	CG
2	38468	38578	0	106	0.00	CHG
2	38468	38578	1	376	0.27	CHH
2	578331	578545	52	1	98.11	CG
2	578331	578545	4	566	0.70	CHG
2	578331	578545	3	1460	0.21	CHH
2	1736612	1736996	282	55	83.68	CG
2	1736612	1736996	2	710	0.28	CHG
2	1736612	1736996	8	1851	0.43	CHH
2	2004107	2004464	3	124	2.36	CG
2	2004107	2004464	12	702	1.68	CHG
2	2004107	2004464	36	1895	1.86	CHH
2	2225031	2228646	3873	495	88.67	CG
2	2225031	2228646	2258	1899	54.32	CHG
2	2225031	2228646	2735	14458	15.91	CHH
2	2448881	2450073	192	183	51.20	CG
2	2448881	2450073	335	1537	17.90	CHG
2	2448881	2450073	703	5094	12.13	CHH
2	2455636	2457226	1957	68	96.64	CG
2	2455636	2457226	1252	538	69.94	CHG
2	2455636	2457226	169	3030	5.28	CHH
2	2916264	2916496	49	11	81.67	CG
2	2916264	2916496	1	235	0.42	CHG
2	2916264	2916496	5	1009	0.49	CHH
2	3153141	3153726	340	90	79.07	CG
2	3153141	3153726	385	230	62.60	CHG
2	3153141	3153726	203	2284	8.16	CHH
2	3584767	3584907	85	10	89.47	CG
2	3584767	3584907	54	26	67.50	CHG
2	3584767	3584907	198	223	47.03	CHH
2	3668130	3671654	3068	2272	57.45	CG
2	3668130	3671654	1522	3167	32.46	CHG
2	3668130	3671654	1658	12482	11.73	CHH
2	4394475	4394720	0	76	0.00	CG
2	4394475	4394720	1	260	0.38	CHG
2	4394475	4394720	2	753	0.26	CHH
2	4735326	4735671	2	451	0.44	CG
2	4735326	4735671	3	457	0.65	CHG
2	4735326	4735671	12	1217	0.98	CHH
2	4930376	4930562	111	5	95.69	CG
2	4930376	4930562	5	18	21.74	CHG
2	4930376	4930562	9	366	2.40	CHH
2	6097195	6097472	0	135	0.00	CG
2	6097195	6097472	0	351	0.00	CHG
2	6097195	6097472	3	742	0.40	CHH
2	6194639	6194966	0	217	0.00	CG
2	6194639	6194966	2	330	0.60	CHG
2	6194639	6194966	14	1523	0.91	CHH
2	6477169	6477370	193	25	88.53	CG
2	6477169	6477370	1	336	0.30	CHG
2	6477169	6477370	7	1460	0.48	CHH
2	6479819	6479943	0	489	0.00	CHG
2	6479819	6479943	0	1210	0.00	CHH
2	7634883	7634997	1	304	0.33	CG
2	7634883	7634997	1	120	0.83	CHG
2	7634883	7634997	0	318	0.00	CHH
2	9263789	9264764	581	34	94.47	CG
2	9263789	9264764	329	127	72.15	CHG
2	9263789	9264764	27	1063	2.48	CHH
2	10881944	10882136	1	91	1.09	CG
2	10881944	10882136	0	113	0.00	CHG
2	10881944	10882136	0	592	0.00	CHH
2	11520851	11521291	95	67	58.64	CG
2	11520851	11521291	18	49	26.87	CHG
2	11520851	11521291	95	577	14.14	CHH
2	11599189	11600489	195	539	26.57	CG
2	11599189	11600489	74	621	10.65	CHG
2	11599189	11600489	200	2929	6.39	CHH
2	11939679	11939936	25	4	86.21	CG
2	11939679	11939936	3	109	2.68	CHG
2	11939679	11939936	6	681	0.87	CHH
2	12352060	12352584	820	60	93.18	CG
2	12352060	12352584	590	238	71.26	CHG
2	12352060	12352584	154	2083	6.88	CHH
2	12492889	12493008	3	631	0.47	CG
2	12492889	12493008	1	315	0.32	CHG
2	12492889	12493008	0	384	0.00	CHH
2	12583382	12585233	923	292	75.97	CG
2	12583382	12585233	211	2432	7.98	CHG
2	12583382	12585233	111	8136	1.35	CHH
2	14258242	14258497	159	18	89.83	CG
2	14258242	14258497	77	68	53.10	CHG
2	14258242	14258497	22	691	3.09	CHH
2	14381584	14382260	418	26	94.14	CG
2	14381584	14382260	244	231	51.37	CHG
2	14381584	14382260	54	2598	2.04	CHH
2	14883666	14884152	486	21	95.86	CG
2	14883666	14884152	393	119	76.76	CHG
2	14883666	14884152	93	1649	5.34	CHH
2	15077160	15080035	3783	171	95.68	CG
2	15077160	15080035	2490	986	71.63	CHG
2	15077160	15080035	718	11949	5.67	CHH
2	15300768	15301020	256	21	92.42	CG
2	15300768	15301020	457	188	70.85	CHG
2	15300768	15301020	29	1818	1.57	CHH
2	16462100	16462683	824	197	80.71	CG
2	16462100	16462683	417	832	33.39	CHG
2	16462100	16462683	163	3660	4.26	CHH
2	16469340	16469527	369	31	92.25	CG
2	16469340	16469527	124	128	49.21	CHG
2	16469340	16469527	11	543	1.99	CHH
2	16575455	16575576	59	172	25.54	CG
2	16575455	16575576	11	60	15.49	CHG
2	16575455	16575576	133	615	17.78	CHH
2	16909276	16909402	24	2	92.31	CG
2	16909276	16909402	3	10	23.08	CHG
2	16909276	16909402	62	174	26.27	CHH
2	17470250	17470459	170	12	93.41	CG
2	17470250	17470459	153	31	83.15	CHG
2	17470250	17470459	60	1388	4.14	CHH
2	17693456	17694041	347	373	48.19	CG
2	17693456	17694041	86	555	13.42	CHG
2	17693456	17694041	84	2001	4.03	CHH
2	17846367	17846587	3	568	0.53	CG
2	17846367	17846587	1	247	0.40	CHG
2	17846367	17846587	3	750	0.40	CHH
2	18156897	18157229	879	43	95.34	CG
2	18156897	18157229	378	130	74.41	CHG
2	18156897	18157229	111	1273	8.02	CHH
2	19262811	19262974	117	5	95.90	CG
2	19262811	19262974	10	66	13.16	CHG
2	19262811	19262974	3	852	0.35	CHH
2	19369504	19369623	251	16	94.01	CG
2	19369504	19369623	119	50	70.41	CHG
2	19369504	19369623	16	277	5.46	CHH
2	19649757	19649896	1	666	0.15	CG
2	19649757	19649896	1	301	0.33	CHG
2	19649757	19649896	6	624	0.95	CHH
2	20077988	20078291	351	58	85.82	CG
2	20077988	20078291	128	120	51.61	CHG
2	20077988	20078291	215	1049	17.01	CHH
2	22210158	22210334	15	340	4.23	CG
2	22210158	22210334	0	120	0.00	CHG
2	22210158	22210334	15	874	1.69	CHH
2	22275294	22275439	0	53	0.00	CG
2	22275294	22275439	1	234	0.43	CHG
2	22275294	22275439	3	1024	0.29	CHH
2	22587752	22588156	451	28	94.15	CG
2	22587752	22588156	199	233	46.06	CHG
2	22587752	22588156	203	1816	10.05	CHH
2	22836225	22836730	4	513	0.77	CG
2	22836225	22836730	2	521	0.38	CHG
2	22836225	22836730	4	1814	0.22	CHH
2	22982677	22982914	1	44	2.22	CG
2	22982677	22982914	2	488	0.41	CHG
2	22982677	22982914	8	1624	0.49	CHH
2	23033077	23033411	61	313	16.31	CG
2	23033077	23033411	79	773	9.27	CHG
2	23033077	23033411	102	1890	5.12	CHH
2	23394395	23395510	1547	244	86.38	CG
2	23394395	23395510	305	1889	13.90	CHG
2	23394395	23395510	116	6216	1.83	CHH
2	23471507	23472492	150	9	94.34	CG
2	23471507	23472492	211	56	79.03	CHG
2	23471507	23472492	95	1167	7.53	CHH
2	24044095	24044460	489	18	96.45	CG
2	24044095	24044460	232	60	79.45	CHG
2	24044095	24044460	127	832	13.24	CHH
2	24717341	24717558	0	163	0.00	CG
2	24717341	24717558	2	307	0.65	CHG
2	24717341	24717558	2	1080	0.18	CHH
2	25574998	25576239	834	83	90.95	CG
2	25574998	25576239	837	442	65.44	CHG
2	25574998	25576239	697	5502	11.24	CHH
2	25830725	25831459	5	1003	0.50	CG
2	25830725	25831459	4	916	0.43	CHG
2	25830725	25831459	8	2363	0.34	CHH
2	25835047	25835296	3	422	0.71	CG
2	25835047	25835296	0	302	0.00	CHG
2	25835047	25835296	3	752	0.40	CHH
2	26548831	26549237	409	53	88.53	CG
2	26548831	26549237	33	64	34.02	CHG
2	26548831	26549237	294	813	26.56	CHH
2	26659388	26659535	21	0	100.00	CG
2	26659388	26659535	23	276	7.69	CHH
2	26689413	26692203	224	7594	2.87	CG
2	26689413	26692203	89	4814	1.82	CHG
2	26689413	26692203	746	11406	6.14	CHH
2	28199306	28199617	486	12	97.59	CG
2	28199306	28199617	488	157	75.66	CHG
2	28199306	28199617	105	1603	6.15	CHH
2	29852698	29852922	35	236	12.92	CG
2	29852698	29852922	7	399	1.72	CHG
2	29852698	29852922	18	976	1.81	CHH
2	30157272	30157610	195	95	67.24	CG
2	30157272	30157610	57	204	21.84	CHG
2	30157272	30157610	192	923	17.22	CHH
2	30823979	30824112	0	119	0.00	CG
2	30823979	30824112	2	173	1.14	CHG
2	30823979	30824112	3	699	0.43	CHH
2	30983625	30984901	9	3299	0.27	CG
2	30983625	30984901	25	4891	0.51	CHG
2	30983625	30984901	39	9912	0.39	CHH
2	31445301	31445449	0	37	0.00	CG
2	31445301	31445449	2	176	1.12	CHG
2	31445301	31445449	2	705	0.28	CHH
2	31855152	31855271	89	5	94.68	CG
2	31855152	31855271	32	23	58.18	CHG
2	31855152	31855271	62	386	13.84	CHH
2	32524707	32526194	898	644	58.24	CG
2	32524707	32526194	169	1749	8.81	CHG
2	32524707	32526194	277	4756	5.50	CHH
2	33158169	33158313	159	13	92.44	CG
2	33158169	33158313	219	53	80.51	CHG
2	33158169	33158313	108	1135	8.69	CHH
2	33431516	33431954	88	9	90.72	CG
2	33431516	33431954	2	397	0.50	CHG
2	33431516	33431954	7	2145	0.33	CHH
2	33711999	33712328	32	2	94.12	CG
2	33711999	33712328	0	455	0.00	CHG
2	33711999	33712328	5	1571	0.32	CHH
2	33834944	33835662	0	407	0.00	CG
2	33834944	33835662	3	688	0.43	CHG
2	33834944	33835662	16	3389	0.47	CHH
2	33936933	33937065	0	49	0.00	CG
2	33936933	33937065	0	268	0.00	CHG
2	33936933	33937065	8	982	0.81	CHH
2	34687871	34690219	52	5337	0.96	CG
2	34687871	34690219	83	4063	2.00	CHG
2	34687871	34690219	181	9356	1.90	CHH
2	34747509	34747747	27	1	96.43	CG
2	34747509	34747747	12	12	50.00	CHG
2	34747509	34747747	1	30	3.23	CHH
2	34772462	34772598	3	105	2.78	CHG
2	34772462	34772598	5	494	1.00	CHH
2	35300370	35300604	35	2	94.59	CG
2	35300370	35300604	1	271	0.37	CHG
2	35300370	35300604	3	1143	0.26	CHH
2	35388799	35389069	0	198	0.00	CG
2	35388799	35389069	2	276	0.72	CHG
2	35388799	35389069	4	788	0.51	CHH
3	480369	480630	585	35	94.35	CG
3	480369	480630	4	631	0.63	CHG
3	480369	480630	8	2525	0.32	CHH
3	615186	620505	1971	4930	28.56	CG
3	615186	620505	772	5998	11.40	CHG
3	615186	620505	1474	21057	6.54	CHH
3	1097994	1098400	882	43	95.35	CG
3	1097994	1098400	518	159	76.51	CHG
3	1097994	1098400	347	2343	12.90	CHH
3	2922253	2922366	0	53	0.00	CG
3	2922253	2922366	1	85	1.16	CHG
3	2922253	2922366	3	967	0.31	CHH
3	2924923	2926581	512	127	80.13	CG
3	2924923	2926581	38	1755	2.12	CHG
3	2924923	2926581	107	6488	1.62	CHH
3	3101473	3101729	231	809	22.21	CG
3	3101473	3101729	6	765	0.78	CHG
3	3101473	3101729	8	1430	0.56	CHH
3	3782983	3787490	199	7926	2.45	CG
3	3782983	3787490	155	6162	2.45	CHG
3	3782983	3787490	311	16584	1.84	CHH
3	4471611	4471796	2	628	0.32	CG
3	4471611	4471796	2	390	0.51	CHG
3	4471611	4471796	3	966	0.31	CHH
3	4501942	4502163	92	409	18.36	CG
3	4501942	4502163	75	277	21.31	CHG
3	4501942	4502163	398	433	47.89	CHH
3	4735915	4736042	0	67	0.00	CG
3	4735915	4736042	0	71	0.00	CHG
3	4735915	4736042	6	323	1.82	CHH
3	5786527	5786697	65	5	92.86	CG
3	5786527	5786697	1	200	0.50	CHG
3	5786527	5786697	2	936	0.21	CHH
3	5790733	5792052	1100	110	90.91	CG
3	5790733	5792052	610	465	56.74	CHG
3	5790733	5792052	632	3458	15.45	CHH
3	5852144	5852325	339	14	96.03	CG
3	5852144	5852325	267	63	80.91	CHG
3	5852144	5852325	395	1312	23.14	CHH
3	5861909	5862252	265	45	85.48	CG
3	5861909	5862252	3	805	0.37	CHG
3	5861909	5862252	6	1878	0.32	CHH
3	5863529	5863616	0	187	0.00	CG
3	5863529	5863616	1	311	0.32	CHG
3	5863529	5863616	6	807	0.74	CHH
3	6119207	6119385	2	732	0.27	CG
3	6119207	6119385	2	616	0.32	CHG
3	6119207	6119385	3	666	0.45	CHH
3	6727333	6727471	1	130	0.76	CG
3	6727333	6727471	0	92	0.00	CHG
3	6727333	6727471	5	696	0.71	CHH
3	7815881	7816020	4	921	0.43	CG
3	7815881	7816020	0	410	0.00	CHG
3	7815881	7816020	2	344	0.58	CHH
3	8124800	8125238	6	1085	0.55	CG
3	8124800	8125238	1	643	0.16	CHG
3	8124800	8125238	9	2103	0.43	CHH
3	8292358	8296069	1582	1022	60.75	CG
3	8292358	8296069	1283	2856	31.00	CHG
3	8292358	8296069	879	18123	4.63	CHH
3	8918282	8919468	528	2389	18.10	CG
3	8918282	8919468	154	1669	8.45	CHG
3	8918282	8919468	576	5394	9.65	CHH
3	8932042	8933228	298	388	43.44	CG
3	8932042	8933228	92	305	23.17	CHG
3	8932042	8933228	155	2536	5.76	CHH
3	9007060	9007495	566	38	93.71	CG
3	9007060	9007495	265	115	69.74	CHG
3	9007060	9007495	132	783	14.43	CHH
3	9615393	9615681	1	846	0.12	CG
3	9615393	9615681	3	383	0.78	CHG
3	9615393	9615681	6	1542	0.39	CHH
3	9647322	9647514	8	139	5.44	CG
3	9647322	9647514	1	310	0.32	CHG
3	9647322	9647514	2	950	0.21	CHH
3	9661238	9663204	269	1641	14.08	CG
3	9661238	9663204	120	1821	6.18	CHG
3	9661238	9663204	335	6490	4.91	CHH
3	9703524	9703645	0	123	0.00	CG
3	9703524	9703645	0	99	0.00	CHG
3	9703524	9703645	4	933	0.43	CHH
3	9741411	9741728	148	12	92.50	CG
3	9741411	9741728	85	26	76.58	CHG
3	9741411	9741728	82	607	11.90	CHH
3	9772110	9773385	1348	307	81.45	CG
3	9772110	9773385	674	559	54.66	CHG
3	9772110	9773385	712	5253	11.94	CHH
3	9970758	9972750	97	4482	2.12	CG
3	9970758	9972750	52	3672	1.40	CHG
3	9970758	9972750	119	6835	1.71	CHH
3	11318102	11319164	111	282	28.24	CG
3	11318102	11319164	66	497	11.72	CHG
3	11318102	11319164	84	2479	3.28	CHH
3	11624874	11625180	44	6	88.00	CG
3	11624874	11625180	3	336	0.88	CHG
3	11624874	11625180	2	1025	0.19	CHH
3	11762654	11762757	2	44	4.35	CG
3	11762654	11762757	1	17	5.56	CHG
3	11762654	11762757	2	202	0.98	CHH
3	12013674	12014450	567	27	95.45	CG
3	12013674	12014450	1072	295	78.42	CHG
3	12013674	12014450	350	5999	5.51	CHH
3	13326106	13326294	0	169	0.00	CG
3	13326106	13326294	1	330	0.30	CHG
3	13326106	13326294	2	723	0.28	CHH
3	14484188	14484405	21	0	100.00	CG
3	14484188	14484405	148	31	82.68	CHG
3	14484188	14484405	10	623	1.58	CHH
3	14495901	14496241	10	1916	0.52	CG
3	14495901	14496241	3	797	0.38	CHG
3	14495901	14496241	6	1885	0.32	CHH
3	14633392	14633990	375	19	95.18	CG
3	14633392	14633990	120	45	72.73	CHG
3	14633392	14633990	102	2139	4.55	CHH
3	14886695	14886945	14	135	9.40	CG
3	14886695	14886945	98	86	53.26	CHG
3	14886695	14886945	627	626	50.04	CHH
3	15238637	15238822	143	3	97.95	CG
3	15238637	15238822	192	47	80.33	CHG
3	15238637	15238822	54	1108	4.65	CHH
3	15348429	15348696	384	24	94.12	CG
3	15348429	15348696	361	197	64.70	CHG
3	15348429	15348696	85	2624	3.14	CHH
3	15968990	15969281	5	756	0.66	CG
3	15968990	15969281	3	631	0.47	CHG
3	15968990	15969281	13	1356	0.95	CHH
3	16545195	16545366	85	6	93.41	CG
3	16545195	16545366	68	29	70.10	CHG
3	16545195	16545366	16	551	2.82	CHH
3	16691128	16691290	52	7	88.14	CG
3	16691128	16691290	11	54	16.92	CHG
3	16691128	16691290	84	309	21.37	CHH
3	18086982	18087169	1	130	0.76	CG
3	18086982	18087169	0	163	0.00	CHG
3	18086982	18087169	6	651	0.91	CHH
3	18671229	18673244	746	653	53.32	CG
3	18671229	18673244	328	1158	22.07	CHG
3	18671229	18673244	475	6621	6.69	CHH
3	19066610	19066885	127	9	93.38	CG
3	19066610	19066885	38	22	63.33	CHG
3	19066610	19066885	53	209	20.23	CHH
3	19477758	19477853	133	4	97.08	CG
3	19477758	19477853	48	138	25.81	CHG
3	19477758	19477853	21	539	3.75	CHH
3	20211561	20212451	998	44	95.78	CG
3	20211561	20212451	709	238	74.87	CHG
3	20211561	20212451	373	4086	8.37	CHH
3	20300032	20301332	1227	92	93.03	CG
3	20300032	20301332	2026	436	82.29	CHG
3	20300032	20301332	404	7869	4.88	CHH
3	20506153	20506547	381	46	89.23	CG
3	20506153	20506547	250	169	59.67	CHG
3	20506153	20506547	61	1694	3.48	CHH
3	20529596	20530676	284	3301	7.92	CG
3	20529596	20530676	13	1510	0.85	CHG
3	20529596	20530676	43	1798	2.34	CHH
3	20609274	20609784	245	11	95.70	CG
3	20609274	20609784	186	69	72.94	CHG
3	20609274	20609784	78	1094	6.66	CHH
3	21045714	21046037	204	18	91.89	CG
3	21045714	21046037	85	42	66.93	CHG
3	21045714	21046037	50	1140	4.20	CHH
3	21053301	21054404	134	76	63.81	CG
3	21053301	21054404	21	496	4.06	CHG
3	21053301	21054404	68	3306	2.02	CHH
3	21477968	21478334	248	94	72.51	CG
3	21477968	21478334	87	187	31.75	CHG
3	21477968	21478334	304	1170	20.62	CHH
3	21805912	21806253	431	14	96.85	CG
3	21805912	21806253	52	59	46.85	CHG
3	21805912	21806253	85	388	17.97	CHH
3	22443304	22443897	10	2023	0.49	CG
3	22443304	22443897	6	1255	0.48	CHG
3	22443304	22443897	12	2454	0.49	CHH
3	22930322	22932315	240	1479	13.96	CG
3	22930322	22932315	13	1717	0.75	CHG
3	22930322	22932315	41	7119	0.57	CHH
3	22977964	22978503	145	135	51.79	CG
3	22977964	22978503	137	334	29.09	CHG
3	22977964	22978503	282	1449	16.29	CHH
3	23158824	23162446	745	5000	12.97	CG
3	23158824	23162446	169	3179	5.05	CHG
3	23158824	23162446	618	10737	5.44	CHH
3	23440227	23440314	0	42	0.00	CHG
3	23440227	23440314	1	268	0.37	CHH
3	23502337	23503127	237	74	76.21	CG
3	23502337	23503127	24	250	8.76	CHG
3	23502337	23503127	416	2779	13.02	CHH
3	24402381	24402506	5	1010	0.49	CG
3	24402381	24402506	3	302	0.98	CHG
3	24402381	24402506	2	292	0.68	CHH
3	24697252	24697403	0	60	0.00	CG
3	24697252	24697403	0	111	0.00	CHG
3	24697252	24697403	3	450	0.66	CHH
3	25124576	25125712	562	387	59.22	CG
3	25124576	25125712	310	445	41.06	CHG
3	25124576	25125712	1531	2555	37.47	CHH
3	25238096	25238349	109	27	80.15	CG
3	25238096	25238349	2	303	0.66	CHG
3	25238096	25238349	5	1079	0.46	CHH
3	26463242	26463534	49	337	12.69	CG
3	26463242	26463534	14	332	4.05	CHG
3	26463242	26463534	48	787	5.75	CHH
3	28036385	28036532	1	236	0.42	CG
3	28036385	28036532	1	223	0.45	CHG
3	28036385	28036532	1	637	0.16	CHH
3	28421210	28421588	2	316	0.63	CG
3	28421210	28421588	2	604	0.33	CHG
3	28421210	28421588	12	1992	0.60	CHH
3	28828352	28828674	52	40	56.52	CG
3	28828352	28828674	1	38	2.56	CHG
3	28828352	28828674	542	727	42.71	CHH
3	28883667	28884002	15	16	48.39	CG
3	28883667	28884002	9	78	10.34	CHG
3	28883667	28884002	8	664	1.19	CHH
3	28999678	28999814	14	16	46.67	CG
3	28999678	28999814	14	14	50.00	CHG
3	28999678	28999814	17	144	10.56	CHH
3	29036320	29036527	489	37	92.97	CG
3	29036320	29036527	43	101	29.86	CHG
3	29036320	29036527	72	291	19.83	CHH
3	29048284	29048488	520	17	96.83	CG
3	29048284	29048488	291	93	75.78	CHG
3	29048284	29048488	44	379	10.40	CHH
3	29804060	29804313	1	170	0.58	CG
3	29804060	29804313	1	372	0.27	CHG
3	29804060	29804313	7	1178	0.59	CHH
3	31242980	31243426	547	28	95.13	CG
3	31242980	31243426	244	107	69.52	CHG
3	31242980	31243426	54	641	7.77	CHH
3	31550060	31550292	52	309	14.40	CG
3	31550060	31550292	35	136	20.47	CHG
3	31550060	31550292	120	740	13.95	CHH
3	32992420	32993458	228	308	42.54	CG
3	32992420	32993458	58	442	11.60	CHG
3	32992420	32993458	148	3018	4.67	CHH
3	33907932	33908490	3	108	2.70	CG
3	33907932	33908490	3	744	0.40	CHG
3	33907932	33908490	10	2695	0.37	CHH
3	34241449	34241654	1	265	0.38	CG
3	34241449	34241654	3	674	0.44	CHG
3	34241449	34241654	8	1402	0.57	CHH
3	34254363	34255907	154	1865	7.63	CG
3	34254363	34255907	30	2709	1.10	CHG
3	34254363	34255907	322	6240	4.91	CHH
3	34833000	34833309	415	18	95.84	CG
3	34833000	34833309	187	78	70.57	CHG
3	34833000	34833309	123	435	22.04	CHH
3	35110086	35110256	32	0	100.00	CG
3	35110086	35110256	0	110	0.00	CHG
3	35110086	35110256	1	743	0.13	CHH
3	35180241	35180554	122	59	67.40	CG
3	35180241	35180554	3	575	0.52	CHG
3	35180241	35180554	11	2242	0.49	CHH
3	35917041	35917731	490	237	67.40	CG
3	35917041	35917731	159	366	30.29	CHG
3	35917041	35917731	282	2041	12.14	CHH
3	36048993	36049255	1	133	0.75	CG
3	36048993	36049255	2	232	0.85	CHG
3	36048993	36049255	20	659	2.95	CHH
3	36390761	36392058	66	3810	1.70	CG
3	36390761	36392058	16	2734	0.58	CHG
3	36390761	36392058	39	6968	0.56	CHH
4	2128481	2128855	128	33	79.50	CG
4	2128481	2128855	21	65	24.42	CHG
4	2128481	2128855	200	623	24.30	CHH
4	2540394	2540485	157	9	94.58	CG
4	2540394	2540485	91	89	50.56	CHG
4	2540394	2540485	8	470	1.67	CHH
4	3036997	3037085	38	1	97.44	CG
4	3036997	3037085	12	13	48.00	CHG
4	3036997	3037085	2	37	5.13	CHH
4	4049820	4050064	144	11	92.90	CG
4	4049820	4050064	90	41	68.70	CHG
4	4049820	4050064	25	576	4.16	CHH
4	4695559	4695777	155	6	96.27	CG
4	4695559	4695777	37	38	49.33	CHG
4	4695559	4695777	31	184	14.42	CHH
4	5205473	5206792	1986	79	96.17	CG
4	5205473	5206792	1162	453	71.95	CHG
4	5205473	5206792	399	6529	5.76	CHH
4	5370300	5370990	470	17	96.51	CG
4	5370300	5370990	237	84	73.83	CHG
4	5370300	5370990	28	706	3.81	CHH
4	7250146	7253105	614	7593	7.48	CG
4	7250146	7253105	507	3936	11.41	CHG
4	7250146	7253105	320	11612	2.68	CHH
4	7946934	7947116	282	9	96.91	CG
4	7946934	7947116	177	97	64.60	CHG
4	7946934	7947116	31	1065	2.83	CHH
4	7976120	7976768	13	168	7.18	CG
4	7976120	7976768	3	439	0.68	CHG
4	7976120	7976768	4	1566	0.25	CHH
4	7998972	7999131	1	16	5.88	CG
4	7998972	7999131	0	36	0.00	CHG
4	7998972	7999131	0	231	0.00	CHH
4	9504426	9506750	2445	422	85.28	CG
4	9504426	9506750	1918	1134	62.84	CHG
4	9504426	9506750	355	12661	2.73	CHH
4	10597218	10597775	1060	41	96.28	CG
4	10597218	10597775	1318	383	77.48	CHG
4	10597218	10597775	101	3533	2.78	CHH
4	11254426	11254603	0	81	0.00	CG
4	11254426	11254603	0	151	0.00	CHG
4	11254426	11254603	3	657	0.45	CHH
4	11479976	11481063	1	422	0.24	CG
4	11479976	11481063	4	702	0.57	CHG
4	11479976	11481063	17	4284	0.40	CHH
4	12511724	12511877	77	13	85.56	CG
4	12511724	12511877	120	191	38.59	CHG
4	12511724	12511877	6	930	0.64	CHH
4	12570254	12573173	3835	172	95.71	CG
4	12570254	12573173	4316	1558	73.48	CHG
4	12570254	12573173	932	20195	4.41	CHH
4	14336636	14336825	175	5	97.22	CG
4	14336636	14336825	194	69	73.76	CHG
4	14336636	14336825	3	372	0.80	CHH
4	15422154	15422563	132	6	95.65	CG
4	15422154	15422563	138	68	66.99	CHG
4	15422154	15422563	236	1161	16.89	CHH
4	15927777	15928107	2	554	0.36	CG
4	15927777	15928107	0	533	0.00	CHG
4	15927777	15928107	12	1717	0.69	CHH
4	16377949	16378038	125	2	98.43	CG
4	16377949	16378038	90	37	70.87	CHG
4	16377949	16378038	14	286	4.67	CHH
4	16429861	16430118	110	8	93.22	CG
4	16429861	16430118	181	36	83.41	CHG
4	16429861	16430118	46	817	5.33	CHH
4	16739824	16740091	220	20	91.67	CG
4	16739824	16740091	40	53	43.01	CHG
4	16739824	16740091	9	462	1.91	CHH
4	16870850	16871033	46	4	92.00	CG
4	16870850	16871033	0	15	0.00	CHG
4	16870850	16871033	0	384	0.00	CHH
4	16929303	16929386	0	41	0.00	CG
4	16929303	16929386	0	6	0.00	CHG
4	16929303	16929386	1	198	0.50	CHH
4	18861290	18861421	43	2	95.56	CG
4	18861290	18861421	28	4	87.50	CHG
4	18861290	18861421	176	188	48.35	CHH
4	18879559	18879953	808	65	92.55	CG
4	18879559	18879953	381	305	55.54	CHG
4	18879559	18879953	104	1136	8.39	CHH
4	19594453	19594613	0	80	0.00	CG
4	19594453	19594613	2	203	0.98	CHG
4	19594453	19594613	32	308	9.41	CHH
4	21836525	21836740	2	320	0.62	CG
4	21836525	21836740	4	570	0.70	CHG
4	21836525	21836740	6	1532	0.39	CHH
4	22149701	22149888	0	204	0.00	CG
4	22149701	22149888	0	80	0.00	CHG
4	22149701	22149888	1	158	0.63	CHH
4	24463582	24463728	2	167	1.18	CG
4	24463582	24463728	0	121	0.00	CHG
4	24463582	24463728	3	722	0.41	CHH
4	24879051	24879296	0	37	0.00	CG
4	24879051	24879296	3	533	0.56	CHG
4	24879051	24879296	3	834	0.36	CHH
4	25700367	25700823	1191	34	97.22	CG
4	25700367	25700823	429	247	63.46	CHG
4	25700367	25700823	336	1403	19.32	CHH
4	26025305	26025523	26	4	86.67	CG
4	26025305	26025523	1	126	0.79	CHG
4	26025305	26025523	0	404	0.00	CHH
4	26125746	26125921	120	3	97.56	CG
4	26125746	26125921	81	35	69.83	CHG
4	26125746	26125921	87	939	8.48	CHH
4	28854448	28854672	1	438	0.23	CG
4	28854448	28854672	6	177	3.28	CHG
4	28854448	28854672	9	851	1.05	CHH
4	31600862	31601333	569	50	91.92	CG
4	31600862	31601333	258	599	30.11	CHG
4	31600862	31601333	52	2456	2.07	CHH
4	32665225	32665685	8	1885	0.42	CG
4	32665225	32665685	6	1358	0.44	CHG
4	32665225	32665685	15	2816	0.53	CHH
4	32845260	32845468	154	7	95.65	CG
4	32845260	32845468	0	530	0.00	CHG
4	32845260	32845468	9	1715	0.52	CHH
4	32907649	32907913	398	12	97.07	CG
4	32907649	32907913	381	73	83.92	CHG
4	32907649	32907913	128	1474	7.99	CHH
4	32976630	32976775	0	163	0.00	CG
4	32976630	32976775	0	193	0.00	CHG
4	32976630	32976775	2	1105	0.18	CHH
4	33538001	33538284	72	8	90.00	CG
4	33538001	33538284	73	41	64.04	CHG
4	33538001	33538284	20	327	5.76	CHH
5	22552	22704	245	12	95.33	CG
5	22552	22704	144	41	77.84	CHG
5	22552	22704	35	785	4.27	CHH
5	167915	169390	168	218	43.52	CG
5	167915	169390	53	190	21.81	CHG
5	167915	169390	196	2839	6.46	CHH
5	802197	802307	0	61	0.00	CG
5	802197	802307	1	87	1.14	CHG
5	802197	802307	2	454	0.44	CHH
5	1555477	1555743	100	20	83.33	CG
5	1555477	1555743	2	358	0.56	CHG
5	1555477	1555743	10	1381	0.72	CHH
5	1623822	1624065	359	13	96.51	CG
5	1623822	1624065	123	87	58.57	CHG
5	1623822	1624065	20	223	8.23	CHH
5	1649481	1650024	734	204	78.25	CG
5	1649481	1650024	280	382	42.30	CHG
5	1649481	1650024	249	1882	11.68	CHH
5	2535968	2537410	162	3737	4.15	CG
5	2535968	2537410	16	2966	0.54	CHG
5	2535968	2537410	31	7860	0.39	CHH
5	3201536	3202094	35	146	19.34	CG
5	3201536	3202094	45	250	15.25	CHG
5	3201536	3202094	267	1554	14.66	CHH
5	3642042	3642277	253	14	94.76	CG
5	3642042	3642277	55	59	48.25	CHG
5	3642042	3642277	71	637	10.03	CHH
5	4042346	4043559	390	18	95.59	CG
5	4042346	4043559	270	89	75.21	CHG
5	4042346	4043559	86	1208	6.65	CHH
5	5042999	5043643	21	0	100.00	CG
5	5042999	5043643	10	2	83.33	CHG
5	5042999	5043643	4	104	3.70	CHH
5	6697788	6698020	98	30	76.56	CG
5	6697788	6698020	1	222	0.45	CHG
5	6697788	6698020	4	934	0.43	CHH
5	8888812	8888977	101	12	89.38	CG
5	8888812	8888977	200	159	55.71	CHG
5	8888812	8888977	29	934	3.01	CHH
5	9364313	9364413	279	16	94.58	CG
5	9364313	9364413	146	81	64.32	CHG
5	9364313	9364413	11	350	3.05	CHH
5	12809268	12809477	190	10	95.00	CG
5	12809268	12809477	55	70	44.00	CHG
5	12809268	12809477	55	208	20.91	CHH
5	13857407	13857542	370	28	92.96	CG
5	13857407	13857542	71	58	55.04	CHG
5	13857407	13857542	22	440	4.76	CHH
5	14246535	14246708	1	103	0.96	CG
5	14246535	14246708	0	53	0.00	CHG
5	14246535	14246708	5	1101	0.45	CHH
5	15249273	15249609	496	16	96.88	CG
5	15249273	15249609	270	137	66.34	CHG
5	15249273	15249609	85	1827	4.45	CHH
5	15263881	15264136	541	11	98.01	CG
5	15263881	15264136	205	107	65.71	CHG
5	15263881	15264136	66	599	9.92	CHH
5	15295856	15296058	225	9	96.15	CG
5	15295856	15296058	77	44	63.64	CHG
5	15295856	15296058	14	301	4.44	CHH
5	15380224	15380482	1	0	100.00	CHG
5	16141049	16142222	1415	72	95.16	CG
5	16141049	16142222	960	232	80.54	CHG
5	16141049	16142222	355	4862	6.80	CHH
5	16604726	16607053	1703	138	92.50	CG
5	16604726	16607053	987	566	63.55	CHG
5	16604726	16607053	611	8264	6.88	CHH
5	16695358	16697204	594	739	44.56	CG
5	16695358	16697204	685	691	49.78	CHG
5	16695358	16697204	647	4572	12.40	CHH
5	17145149	17145240	0	18	0.00	CG
5	17145149	17145240	1	168	0.59	CHH
5	17275880	17277194	471	633	42.66	CG
5	17275880	17277194	62	1332	4.45	CHG
5	17275880	17277194	295	4907	5.67	CHH
5	18555974	18556911	1126	174	86.62	CG
5	18555974	18556911	383	464	45.22	CHG
5	18555974	18556911	86	3750	2.24	CHH
5	18614365	18615227	788	18	97.77	CG
5	18614365	18615227	383	165	69.89	CHG
5	18614365	18615227	453	1758	20.49	CHH
5	19082868	19087589	1223	2586	32.11	CG
5	19082868	19087589	71	6536	1.07	CHG
5	19082868	19087589	425	20353	2.05	CHH
5	19475239	19475452	1	236	0.42	CG
5	19475239	19475452	0	392	0.00	CHG
5	19475239	19475452	2	1089	0.18	CHH
5	19550564	19550779	12	29	29.27	CHG
5	19550564	19550779	57	426	11.80	CHH
5	19686229	19688559	628	2426	20.56	CG
5	19686229	19688559	391	1637	19.28	CHG
5	19686229	19688559	602	7846	7.13	CHH
5	20197683	20197907	5	1297	0.38	CG
5	20197683	20197907	4	740	0.54	CHG
5	20197683	20197907	3	1352	0.22	CHH
5	20639725	20640817	725	112	86.62	CG
5	20639725	20640817	260	1659	13.55	CHG
5	20639725	20640817	105	5791	1.78	CHH
5	21196473	21196736	108	6	94.74	CG
5	21196473	21196736	208	28	88.14	CHG
5	21196473	21196736	149	1075	12.17	CHH
5	21222554	21222810	63	31	67.02	CHG
5	21222554	21222810	12	671	1.76	CHH
5	21231311	21231463	2	491	0.41	CG
5	21231311	21231463	6	448	1.32	CHG
5	21231311	21231463	1	740	0.13	CHH
5	21771662	21772418	640	201	76.10	CG
5	21771662	21772418	601	371	61.83	CHG
5	21771662	21772418	229	2705	7.81	CHH
5	22632027	22632224	1	560	0.18	CG
5	22632027	22632224	1	464	0.22	CHG
5	22632027	22632224	3	899	0.33	CHH
5	23446330	23446424	7	1	87.50	CG
5	23446330	23446424	19	30	38.78	CHH
5	23498602	23498699	74	7	91.36	CG
5	23498602	23498699	30	4	88.24	CHG
5	23498602	23498699	421	254	62.37	CHH
5	23589096	23589233	2	175	1.13	CHG
5	23589096	23589233	13	929	1.38	CHH
5	23597717	23597952	0	75	0.00	CG
5	23597717	23597952	0	199	0.00	CHG
5	23597717	23597952	5	1013	0.49	CHH
5	23799970	23800819	8	2044	0.39	CG
5	23799970	23800819	8	1829	0.44	CHG
5	23799970	23800819	15	4710	0.32	CHH
5	24767463	24767619	2	697	0.29	CG
5	24767463	24767619	0	240	0.00	CHG
5	24767463	24767619	4	869	0.46	CHH
5	24958493	24960927	445	920	32.60	CG
5	24958493	24960927	44	2014	2.14	CHG
5	24958493	24960927	61	8841	0.69	CHH
5	25117789	25118255	9	1751	0.51	CG
5	25117789	25118255	4	541	0.73	CHG
5	25117789	25118255	6	1143	0.52	CHH
5	25683760	25686062	422	6465	6.13	CG
5	25683760	25686062	259	4928	4.99	CHG
5	25683760	25686062	835	8135	9.31	CHH
5	25916431	25917101	708	98	87.84	CG
5	25916431	25917101	441	220	66.72	CHG
5	25916431	25917101	510	3086	14.18	CHH
5	26920490	26922938	11	2297	0.48	CG
5	26920490	26922938	15	4543	0.33	CHG
5	26920490	26922938	38	11621	0.33	CHH
5	27294148	27294484	5	721	0.69	CG
5	27294148	27294484	1	498	0.20	CHG
5	27294148	27294484	5	1680	0.30	CHH
5	27692643	27692794	3	402	0.74	CG
5	27692643	27692794	2	362	0.55	CHG
5	27692643	27692794	1	861	0.12	CHH
5	28353397	28355104	655	327	66.70	CG
5	28353397	28355104	27	1553	1.71	CHG
5	28353397	28355104	40	6507	0.61	CHH
5	28438764	28438936	86	2	97.73	CG
5	28438764	28438936	104	13	88.89	CHG
5	28438764	28438936	34	364	8.54	CHH
5	29278792	29278999	110	3	97.35	CG
5	29278792	29278999	103	4	96.26	CHG
5	29278792	29278999	17	446	3.67	CHH
5	29368004	29368261	158	6	96.34	CG
5	29368004	29368261	353	25	93.39	CHG
5	29368004	29368261	142	2033	6.53	CHH
5	29393677	29395023	282	13	95.59	CG
5	29393677	29395023	244	63	79.48	CHG
5	29393677	29395023	39	743	4.99	CHH
5	29485227	29485510	154	209	42.42	CG
5	29485227	29485510	25	358	6.53	CHG
5	29485227	29485510	20	1416	1.39	CHH
6	247291	247913	4	598	0.66	CG
6	247291	247913	5	439	1.13	CHG
6	247291	247913	9	939	0.95	CHH
6	368015	368245	1	323	0.31	CG
6	368015	368245	0	401	0.00	CHG
6	368015	368245	7	1375	0.51	CHH
6	521167	522087	78	548	12.46	CG
6	521167	522087	18	488	3.56	CHG
6	521167	522087	240	2393	9.12	CHH
6	813527	813697	66	20	76.74	CG
6	813527	813697	0	263	0.00	CHG
6	813527	813697	2	1393	0.14	CHH
6	958185	960061	1391	782	64.01	CG
6	958185	960061	475	684	40.98	CHG
6	958185	960061	379	4712	7.44	CHH
6	1267865	1268035	314	19	94.29	CG
6	1267865	1268035	150	100	60.00	CHG
6	1267865	1268035	9	402	2.19	CHH
6	2300838	2300945	0	125	0.00	CG
6	2300838	2300945	0	209	0.00	CHG
6	2300838	2300945	1	632	0.16	CHH
6	3639180	3639309	1	305	0.33	CG
6	3639180	3639309	0	298	0.00	CHG
6	3639180	3639309	6	1081	0.55	CHH
6	3944739	3945664	244	276	46.92	CG
6	3944739	3945664	244	392	38.36	CHG
6	3944739	3945664	285	3546	7.44	CHH
6	4300749	4300941	235	13	94.76	CG
6	4300749	4300941	70	111	38.67	CHG
6	4300749	4300941	47	792	5.60	CHH
6	4553472	4553595	100	8	92.59	CG
6	4553472	4553595	16	21	43.24	CHG
6	4553472	4553595	20	104	16.13	CHH
6	4806070	4806315	9	609	1.46	CG
6	4806070	4806315	3	270	1.10	CHG
6	4806070	4806315	10	965	1.03	CHH
6	5243918	5246329	450	2955	13.22	CG
6	5243918	5246329	19	5520	0.34	CHG
6	5243918	5246329	57	15780	0.36	CHH
6	5335954	5337126	526	830	38.79	CG
6	5335954	5337126	278	783	26.20	CHG
6	5335954	5337126	780	3436	18.50	CHH
6	6556692	6557000	7	966	0.72	CG
6	6556692	6557000	1	467	0.21	CHG
6	6556692	6557000	1	1150	0.09	CHH
6	7262284	7262394	2	110	1.79	CHG
6	7262284	7262394	0	389	0.00	CHH
6	7296360	7297580	218	11	95.20	CG
6	7296360	7297580	170	49	77.63	CHG
6	7296360	7297580	73	741	8.97	CHH
6	7450229	7452500	1871	263	87.68	CG
6	7450229	7452500	1119	709	61.21	CHG
6	7450229	7452500	667	6865	8.86	CHH
6	8010667	8010997	439	23	95.02	CG
6	8010667	8010997	234	153	60.47	CHG
6	8010667	8010997	81	1161	6.52	CHH
6	8383109	8385458	555	6388	7.99	CG
6	8383109	8385458	299	3006	9.05	CHG
6	8383109	8385458	367	9296	3.80	CHH
6	8415805	8416695	1179	162	87.92	CG
6	8415805	8416695	807	542	59.82	CHG
6	8415805	8416695	291	5314	5.19	CHH
6	8434419	8434622	115	2	98.29	CG
6	8434419	8434622	111	53	67.68	CHG
6	8434419	8434622	33	295	10.06	CHH
6	9748876	9749062	11	378	2.83	CG
6	9748876	9749062	3	111	2.63	CHG
6	9748876	9749062	1	679	0.15	CHH
6	9753551	9753693	42	1	97.67	CG
6	9753551	9753693	41	22	65.08	CHG
6	9753551	9753693	5	209	2.34	CHH
6	10075237	10075575	416	15	96.52	CG
6	10075237	10075575	686	120	85.11	CHG
6	10075237	10075575	110	1754	5.90	CHH
6	10093461	10093858	222	95	70.03	CG
6	10093461	10093858	64	186	25.60	CHG
6	10093461	10093858	34	1430	2.32	CHH
6	10113029	10113177	117	2	98.32	CG
6	10113029	10113177	66	18	78.57	CHG
6	10113029	10113177	162	308	34.47	CHH
6	10217891	10218933	1255	83	93.80	CG
6	10217891	10218933	1371	286	82.74	CHG
6	10217891	10218933	210	5794	3.50	CHH
6	11173234	11173456	17	29	36.96	CG
6	11173234	11173456	168	286	37.00	CHH
6	11608473	11613132	3768	735	83.68	CG
6	11608473	11613132	2573	2334	52.44	CHG
6	11608473	11613132	2004	15331	11.56	CHH
6	11851633	11851862	112	4	96.55	CG
6	11851633	11851862	208	96	68.42	CHG
6	11851633	11851862	28	973	2.80	CHH
6	14122214	14122520	419	10	97.67	CG
6	14122214	14122520	381	115	76.81	CHG
6	14122214	14122520	139	1349	9.34	CHH
6	14227883	14228030	79	11	87.78	CG
6	14227883	14228030	43	30	58.90	CHG
6	14227883	14228030	27	393	6.43	CHH
6	14470606	14472078	1566	59	96.37	CG
6	14470606	14472078	1485	296	83.38	CHG
6	14470606	14472078	552	5206	9.59	CHH
6	14807254	14809068	1641	583	73.79	CG
6	14807254	14809068	1483	977	60.28	CHG
6	14807254	14809068	1609	7765	17.16	CHH
6	14821713	14821802	104	2	98.11	CG
6	14821713	14821802	194	30	86.61	CHG
6	14821713	14821802	23	536	4.11	CHH
6	14830897	14831902	1128	56	95.27	CG
6	14830897	14831902	1524	356	81.06	CHG
6	14830897	14831902	220	6903	3.09	CHH
6	14905971	14906794	1311	43	96.82	CG
6	14905971	14906794	1372	142	90.62	CHG
6	14905971	14906794	465	4158	10.06	CHH
6	15103747	15105627	1699	117	93.56	CG
6	15103747	15105627	1219	479	71.79	CHG
6	15103747	15105627	511	11364	4.30	CHH
6	15441362	15441506	1483	108	93.21	CG
6	15441362	15441506	133	124	51.75	CHG
6	15441362	15441506	104	1963	5.03	CHH
6	15563454	15563591	72	6	92.31	CG
6	15563454	15563591	99	31	76.15	CHG
6	15563454	15563591	13	501	2.53	CHH
6	16686020	16686529	753	90	89.32	CG
6	16686020	16686529	196	284	40.83	CHG
6	16686020	16686529	30	2536	1.17	CHH
6	17158669	17158861	127	62	67.20	CG
6	17158669	17158861	1	149	0.67	CHG
6	17158669	17158861	42	723	5.49	CHH
6	17199198	17199462	59	16	78.67	CG
6	17199198	17199462	6	14	30.00	CHG
6	17199198	17199462	12	469	2.49	CHH
6	17345586	17347256	2384	117	95.32	CG
6	17345586	17347256	1315	482	73.18	CHG
6	17345586	17347256	582	6270	8.49	CHH
6	17660877	17661057	306	18	94.44	CG
6	17660877	17661057	362	109	76.86	CHG
6	17660877	17661057	18	1224	1.45	CHH
6	18643334	18643833	410	21	95.13	CG
6	18643334	18643833	98	149	39.68	CHG
6	18643334	18643833	60	226	20.98	CHH
6	18777954	18779043	737	31	95.96	CG
6	18777954	18779043	367	183	66.73	CHG
6	18777954	18779043	128	4408	2.82	CHH
6	18810122	18813496	3459	544	86.41	CG
6	18810122	18813496	1560	1838	45.91	CHG
6	18810122	18813496	485	13098	3.57	CHH
6	19312818	19314797	2385	1452	62.16	CG
6	19312818	19314797	1043	1491	41.16	CHG
6	19312818	19314797	1397	10315	11.93	CHH
6	20357482	20357681	312	10	96.89	CG
6	20357482	20357681	133	70	65.52	CHG
6	20357482	20357681	31	1256	2.41	CHH
6	20439044	20439654	5	433	1.14	CG
6	20439044	20439654	5	1023	0.49	CHG
6	20439044	20439654	5	2748	0.18	CHH
6	21127919	21128043	193	53	78.46	CG
6	21127919	21128043	0	17	0.00	CHG
6	21127919	21128043	19	564	3.26	CHH
6	21587628	21587841	91	6	93.81	CG
6	21587628	21587841	58	12	82.86	CHG
6	21587628	21587841	67	517	11.47	CHH
6	22156671	22156886	0	482	0.00	CG
6	22156671	22156886	2	338	0.59	CHG
6	22156671	22156886	6	1346	0.44	CHH
6	22194216	22196915	1559	771	66.91	CG
6	22194216	22196915	543	2254	19.41	CHG
6	22194216	22196915	175	10845	1.59	CHH
6	22609287	22612484	2266	2072	52.24	CG
6	22609287	22612484	1216	2219	35.40	CHG
6	22609287	22612484	2539	9895	20.42	CHH
6	22611980	22612934	430	1338	24.32	CG
6	22611980	22612934	346	1229	21.97	CHG
6	22611980	22612934	1184	3963	23.00	CHH
6	23257492	23257741	759	12	98.44	CG
6	23257492	23257741	260	116	69.15	CHG
6	23257492	23257741	60	684	8.06	CHH
6	23764410	23764702	50	6	89.29	CG
6	23764410	23764702	3	4	42.86	CHG
6	23764410	23764702	63	1666	3.64	CHH
6	23867262	23869017	97	5018	1.90	CG
6	23867262	23869017	155	2455	5.94	CHG
6	23867262	23869017	305	5721	5.06	CHH
6	24469529	24469704	93	4	95.88	CG
6	24469529	24469704	320	32	90.91	CHG
6	24469529	24469704	56	863	6.09	CHH
6	26027042	26027922	75	351	17.61	CG
6	26027042	26027922	10	377	2.58	CHG
6	26027042	26027922	15	2059	0.72	CHH
6	27428621	27432072	659	3150	17.30	CG
6	27428621	27432072	153	6090	2.45	CHG
6	27428621	27432072	342	15435	2.17	CHH
6	27581080	27581338	428	20	95.54	CG
6	27581080	27581338	214	88	70.86	CHG
6	27581080	27581338	244	981	19.92	CHH
6	27924772	27924989	79	22	78.22	CG
6	27924772	27924989	0	368	0.00	CHG
6	27924772	27924989	2	680	0.29	CHH
6	28789509	28791244	181	542	25.03	CG
6	28789509	28791244	22	1607	1.35	CHG
6	28789509	28791244	75	6120	1.21	CHH
6	28955148	28955268	0	242	0.00	CHG
6	28955148	28955268	1	538	0.19	CHH
6	29172271	29175087	726	614	54.18	CG
6	29172271	29175087	28	4378	0.64	CHG
6	29172271	29175087	69	15820	0.43	CHH
6	30516258	30516520	78	247	24.00	CG
6	30516258	30516520	24	121	16.55	CHG
6	30516258	30516520	190	732	20.61	CHH
6	31188015	31188697	144	7	95.36	CG
6	31188015	31188697	6	838	0.71	CHG
6	31188015	31188697	15	3235	0.46	CHH
6	31222643	31224540	921	41	95.74	CG
6	31222643	31224540	55	1893	2.82	CHG
6	31222643	31224540	173	6728	2.51	CHH
7	411438	411715	230	18	92.74	CG
7	411438	411715	113	251	31.04	CHG
7	411438	411715	53	1124	4.50	CHH
7	993029	993215	0	101	0.00	CG
7	993029	993215	1	177	0.56	CHG
7	993029	993215	6	622	0.96	CHH
7	1846760	1848970	1084	416	72.27	CG
7	1846760	1848970	22	2961	0.74	CHG
7	1846760	1848970	70	11177	0.62	CHH
7	2224488	2225213	5	879	0.57	CG
7	2224488	2225213	2	783	0.25	CHG
7	2224488	2225213	5	2102	0.24	CHH
7	2447769	2451203	832	7098	10.49	CG
7	2447769	2451203	261	5525	4.51	CHG
7	2447769	2451203	1122	16282	6.45	CHH
7	2483423	2483554	149	91	62.08	CG
7	2483423	2483554	50	7	87.72	CHG
7	2483423	2483554	243	179	57.58	CHH
7	2618288	2618484	27	27	50.00	CG
7	2618288	2618484	0	34	0.00	CHG
7	2618288	2618484	7	507	1.36	CHH
7	2946799	2949545	458	3541	11.45	CG
7	2946799	2949545	21	4556	0.46	CHG
7	2946799	2949545	55	13150	0.42	CHH
7	3992526	3992733	90	6	93.75	CG
7	3992526	3992733	3	292	1.02	CHG
7	3992526	3992733	4	922	0.43	CHH
7	4299561	4299774	70	164	29.91	CG
7	4299561	4299774	1	159	0.62	CHG
7	4299561	4299774	18	792	2.22	CHH
7	4594741	4595750	6	1674	0.36	CG
7	4594741	4595750	13	2210	0.58	CHG
7	4594741	4595750	30	7401	0.40	CHH
7	4802020	4804153	61	1125	5.14	CG
7	4802020	4804153	66	783	7.77	CHG
7	4802020	4804153	200	5982	3.24	CHH
7	5473306	5473520	80	2	97.56	CG
7	5473306	5473520	59	14	80.82	CHG
7	5473306	5473520	16	491	3.16	CHH
7	6327476	6328339	1172	52	95.75	CG
7	6327476	6328339	817	258	76.00	CHG
7	6327476	6328339	113	3383	3.23	CHH
7	6575263	6575711	0	58	0.00	CG
7	6575263	6575711	0	17	0.00	CHG
7	6575263	6575711	9	1017	0.88	CHH
7	6605103	6605624	746	53	93.37	CG
7	6605103	6605624	228	429	34.70	CHG
7	6605103	6605624	81	1571	4.90	CHH
7	6829453	6829599	11	79	12.22	CHG
7	6829453	6829599	1	513	0.19	CHH
7	6919655	6920441	665	168	79.83	CG
7	6919655	6920441	449	530	45.86	CHG
7	6919655	6920441	62	2959	2.05	CHH
7	7348687	7348951	28	1	96.55	CG
7	7348687	7348951	0	143	0.00	CHG
7	7348687	7348951	5	1036	0.48	CHH
7	7538627	7540224	493	229	68.28	CG
7	7538627	7540224	162	444	26.73	CHG
7	7538627	7540224	346	4038	7.89	CHH
7	7676619	7677136	365	17	95.55	CG
7	7676619	7677136	281	97	74.34	CHG
7	7676619	7677136	74	1914	3.72	CHH
7	7868604	7868899	926	40	95.86	CG
7	7868604	7868899	481	258	65.09	CHG
7	7868604	7868899	92	1909	4.60	CHH
7	7896981	7897138	49	2	96.08	CG
7	7896981	7897138	316	62	83.60	CHG
7	7896981	7897138	47	1005	4.47	CHH
7	7950410	7951127	111	1270	8.04	CG
7	7950410	7951127	57	722	7.32	CHG
7	7950410	7951127	217	2062	9.52	CHH
7	8994834	8994985	208	10	95.41	CG
7	8994834	8994985	2	290	0.68	CHG
7	8994834	8994985	4	679	0.59	CHH
7	9688947	9691039	487	2983	14.03	CG
7	9688947	9691039	505	1362	27.05	CHG
7	9688947	9691039	260	5546	4.48	CHH
7	10365529	10365796	302	13	95.87	CG
7	10365529	10365796	39	22	63.93	CHG
7	10365529	10365796	17	554	2.98	CHH
7	10449611	10449795	249	15	94.32	CG
7	10449611	10449795	221	56	79.78	CHG
7	10449611	10449795	87	1760	4.71	CHH
7	10549868	10550083	204	12	94.44	CG
7	10549868	10550083	77	158	32.77	CHG
7	10549868	10550083	13	926	1.38	CHH
7	10635123	10635434	233	171	57.67	CG
7	10635123	10635434	303	122	71.29	CHG
7	10635123	10635434	745	873	46.04	CHH
7	10877526	10878054	1347	52	96.28	CG
7	10877526	10878054	358	252	58.69	CHG
7	10877526	10878054	176	1451	10.82	CHH
7	11466967	11467449	695	33	95.47	CG
7	11466967	11467449	427	141	75.18	CHG
7	11466967	11467449	113	2027	5.28	CHH
7	11601703	11602144	142	14	91.03	CG
7	11601703	11602144	121	28	81.21	CHG
7	11601703	11602144	123	1437	7.88	CHH
7	11983577	11984979	603	94	86.51	CG
7	11983577	11984979	499	313	61.45	CHG
7	11983577	11984979	232	5696	3.91	CHH
7	12792717	12792888	60	3	95.24	CG
7	12792717	12792888	70	20	77.78	CHG
7	12792717	12792888	100	538	15.67	CHH
7	12807464	12807960	436	41	91.40	CG
7	12807464	12807960	651	246	72.58	CHG
7	12807464	12807960	293	3760	7.23	CHH
7	13460211	13460326	219	4	98.21	CG
7	13460211	13460326	14	33	29.79	CHG
7	13460211	13460326	23	108	17.56	CHH
7	15065372	15067232	1492	56	96.38	CG
7	15065372	15067232	1361	440	75.57	CHG
7	15065372	15067232	213	7629	2.72	CHH
7	15194897	15195154	1	43	2.27	CG
7	15194897	15195154	0	52	0.00	CHG
7	15194897	15195154	3	680	0.44	CHH
7	15838174	15840597	442	1453	23.32	CG
7	15838174	15840597	124	1376	8.27	CHG
7	15838174	15840597	570	7102	7.43	CHH
7	16417756	16417995	83	2	97.65	CG
7	16417756	16417995	33	21	61.11	CHG
7	16417756	16417995	147	927	13.69	CHH
7	17006268	17006989	1818	74	96.09	CG
7	17006268	17006989	600	224	72.82	CHG
7	17006268	17006989	187	3275	5.40	CHH
7	17339592	17339751	0	98	0.00	CG
7	17339592	17339751	0	311	0.00	CHG
7	17339592	17339751	5	1008	0.49	CHH
7	17913342	17913726	435	22	95.19	CG
7	17913342	17913726	229	105	68.56	CHG
7	17913342	17913726	138	1307	9.55	CHH
7	18987148	18987233	7	20	25.93	CG
7	18987148	18987233	2	13	13.33	CHG
7	18987148	18987233	3	80	3.61	CHH
7	19215021	19215291	551	16	97.18	CG
7	19215021	19215291	287	89	76.33	CHG
7	19215021	19215291	64	741	7.95	CHH
7	19560035	19560566	865	54	94.12	CG
7	19560035	19560566	518	306	62.86	CHG
7	19560035	19560566	340	1865	15.42	CHH
7	19560091	19560385	630	42	93.75	CG
7	19560091	19560385	363	197	64.82	CHG
7	19560091	19560385	185	1198	13.38	CHH
7	19831953	19832039	0	180	0.00	CHG
7	19831953	19832039	2	568	0.35	CHH
7	19834434	19835298	751	70	91.47	CG
7	19834434	19835298	318	284	52.82	CHG
7	19834434	19835298	141	2142	6.18	CHH
7	21131054	21131268	0	52	0.00	CG
7	21131054	21131268	1	139	0.71	CHG
7	21131054	21131268	2	821	0.24	CHH
7	21474944	21475222	86	71	54.78	CG
7	21474944	21475222	1	38	2.56	CHG
7	21474944	21475222	138	747	15.59	CHH
7	21913503	21914249	62	464	11.79	CG
7	21913503	21914249	17	559	2.95	CHG
7	21913503	21914249	275	1971	12.24	CHH
7	22120429	22120613	368	15	96.08	CG
7	22120429	22120613	6	697	0.85	CHG
7	22120429	22120613	13	1908	0.68	CHH
7	22386510	22386982	7	1086	0.64	CG
7	22386510	22386982	2	369	0.54	CHG
7	22386510	22386982	1	545	0.18	CHH
7	22569423	22569628	189	5	97.42	CG
7	22569423	22569628	11	403	2.66	CHG
7	22569423	22569628	26	1572	1.63	CHH
7	23187122	23187806	26	915	2.76	CG
7	23187122	23187806	12	1123	1.06	CHG
7	23187122	23187806	18	4072	0.44	CHH
7	23391649	23391802	124	6	95.38	CG
7	23391649	23391802	5	284	1.73	CHG
7	23391649	23391802	4	686	0.58	CHH
7	24132747	24133053	105	9	92.11	CG
7	24132747	24133053	10	210	4.55	CHG
7	24132747	24133053	5	1407	0.35	CHH
7	24196787	24197173	469	29	94.18	CG
7	24196787	24197173	522	80	86.71	CHG
7	24196787	24197173	177	3148	5.32	CHH
7	24296352	24296548	102	11	90.27	CG
7	24296352	24296548	1	378	0.26	CHG
7	24296352	24296548	4	1320	0.30	CHH
7	24747117	24747542	991	22	97.83	CG
7	24747117	24747542	385	180	68.14	CHG
7	24747117	24747542	187	804	18.87	CHH
7	25222041	25223348	120	2702	4.25	CG
7	25222041	25223348	167	1545	9.75	CHG
7	25222041	25223348	536	5883	8.35	CHH
7	25256522	25256725	3	438	0.68	CG
7	25256522	25256725	3	300	0.99	CHG
7	25256522	25256725	3	846	0.35	CHH
7	25908465	25908808	3	581	0.51	CG
7	25908465	25908808	8	894	0.89	CHG
7	25908465	25908808	8	2398	0.33	CHH
7	25983000	25983349	121	45	72.89	CG
7	25983000	25983349	2	485	0.41	CHG
7	25983000	25983349	10	1413	0.70	CHH
7	26184639	26186023	1086	56	95.10	CG
7	26184639	26186023	626	212	74.70	CHG
7	26184639	26186023	173	1778	8.87	CHH
7	26456564	26456769	4	135	2.88	CG
7	26456564	26456769	0	51	0.00	CHG
7	26456564	26456769	2	425	0.47	CHH
7	27118237	27118566	24	1	96.00	CG
7	27118237	27118566	25	16	60.98	CHG
7	27118237	27118566	100	611	14.06	CHH
7	28429839	28434200	1331	579	69.69	CG
7	28429839	28434200	26	5888	0.44	CHG
7	28429839	28434200	90	20932	0.43	CHH
7	28561953	28562576	23	3514	0.65	CG
7	28561953	28562576	6	1815	0.33	CHG
7	28561953	28562576	9	2374	0.38	CHH
7	28603030	28603161	1	0	100.00	CG
7	28603030	28603161	1	2	33.33	CHG
7	28603030	28603161	4	23	14.81	CHH
7	29086695	29086979	307	25	92.47	CG
7	29086695	29086979	102	28	78.46	CHG
7	29086695	29086979	139	369	27.36	CHH
8	178569	180215	28	2610	1.06	CG
8	178569	180215	58	1772	3.17	CHG
8	178569	180215	174	6084	2.78	CHH
8	236935	237112	231	15	93.90	CG
8	236935	237112	423	70	85.80	CHG
8	236935	237112	132	1230	9.69	CHH
8	451101	451275	2	564	0.35	CG
8	451101	451275	0	225	0.00	CHG
8	451101	451275	1	358	0.28	CHH
8	700792	701075	1	535	0.19	CG
8	700792	701075	0	411	0.00	CHG
8	700792	701075	2	965	0.21	CHH
8	1029191	1029915	127	721	14.98	CG
8	1029191	1029915	72	414	14.81	CHG
8	1029191	1029915	726	2108	25.62	CHH
8	1151684	1151850	123	5	96.09	CG
8	1151684	1151850	204	70	74.45	CHG
8	1151684	1151850	77	1253	5.79	CHH
8	1263064	1263825	24	1	96.00	CG
8	1263064	1263825	46	6	88.46	CHG
8	1263064	1263825	3	152	1.94	CHH
8	1315995	1316283	133	39	77.33	CG
8	1315995	1316283	96	125	43.44	CHG
8	1315995	1316283	97	904	9.69	CHH
8	1392517	1392770	806	68	92.22	CG
8	1392517	1392770	110	294	27.23	CHG
8	1392517	1392770	37	1713	2.11	CHH
8	1864926	1865852	1535	76	95.28	CG
8	1864926	1865852	294	487	37.64	CHG
8	1864926	1865852	175	5950	2.86	CHH
8	1952801	1953130	70	353	16.55	CG
8	1952801	1953130	11	262	4.03	CHG
8	1952801	1953130	18	2120	0.84	CHH
8	2740500	2740929	523	8	98.49	CG
8	2740500	2740929	315	164	65.76	CHG
8	2740500	2740929	72	1940	3.58	CHH
8	2874093	2874334	329	18	94.81	CG
8	2874093	2874334	134	80	62.62	CHG
8	2874093	2874334	86	1579	5.17	CHH
8	3055231	3055410	3	665	0.45	CHG
8	3055231	3055410	9	2093	0.43	CHH
8	3463082	3465280	355	1520	18.93	CG
8	3463082	3465280	129	2299	5.31	CHG
8	3463082	3465280	940	8448	10.01	CHH
8	4272689	4273002	213	8	96.38	CG
8	4272689	4273002	284	51	84.78	CHG
8	4272689	4273002	58	2287	2.47	CHH
8	4312136	4312445	688	127	84.42	CG
8	4312136	4312445	381	300	55.95	CHG
8	4312136	4312445	104	2710	3.70	CHH
8	4545475	4545770	81	18	81.82	CG
8	4545475	4545770	13	326	3.83	CHG
8	4545475	4545770	15	1189	1.25	CHH
8	4853217	4853848	16	2742	0.58	CG
8	4853217	4853848	8	1305	0.61	CHG
8	4853217	4853848	18	2673	0.67	CHH
8	5467560	5467758	4	505	0.79	CG
8	5467560	5467758	3	389	0.77	CHG
8	5467560	5467758	12	1564	0.76	CHH
8	6450044	6451003	1122	48	95.90	CG
8	6450044	6451003	681	273	71.38	CHG
8	6450044	6451003	193	3813	4.82	CHH
8	6675950	6676096	93	8	92.08	CG
8	6675950	6676096	35	13	72.92	CHG
8	6675950	6676096	28	274	9.27	CHH
8	6874782	6875032	312	23	93.13	CG
8	6874782	6875032	102	44	69.86	CHG
8	6874782	6875032	122	1342	8.33	CHH
8	7337780	7340351	943	1499	38.62	CG
8	7337780	7340351	61	3497	1.71	CHG
8	7337780	7340351	408	12454	3.17	CHH
8	7485595	7487184	1990	101	95.17	CG
8	7485595	7487184	1842	506	78.45	CHG
8	7485595	7487184	609	7009	7.99	CHH
8	7660052	7660308	69	24	74.19	CG
8	7660052	7660308	64	105	37.87	CHG
8	7660052	7660308	44	998	4.22	CHH
8	8117875	8118747	173	38	81.99	CG
8	8117875	8118747	5	636	0.78	CHG
8	8117875	8118747	10	2607	0.38	CHH
8	8283116	8289954	4232	2595	61.99	CG
8	8283116	8289954	2751	7110	27.90	CHG
8	8283116	8289954	1248	33240	3.62	CHH
8	8625179	8626724	1981	88	95.75	CG
8	8625179	8626724	1222	605	66.89	CHG
8	8625179	8626724	192	3209	5.65	CHH
8	10263592	10264820	532	20	96.38	CG
8	10263592	10264820	11	1548	0.71	CHG
8	10263592	10264820	44	5131	0.85	CHH
8	10859005	10859704	286	10	96.62	CG
8	10859005	10859704	322	69	82.35	CHG
8	10859005	10859704	505	3701	12.01	CHH
8	10992041	10993699	1205	139	89.66	CG
8	10992041	10993699	497	588	45.81	CHG
8	10992041	10993699	186	5502	3.27	CHH
8	11166235	11167095	22	1	95.65	CG
8	11166235	11167095	90	25	78.26	CHG
8	11166235	11167095	19	380	4.76	CHH
8	11203659	11203915	1	0	100.00	CHG
8	11203659	11203915	0	1	0.00	CHH
8	12217241	12217417	1	0	100.00	CHG
8	12217241	12217417	0	3	0.00	CHH
8	12220776	12220917	4	0	100.00	CG
8	12220776	12220917	3	0	100.00	CHG
8	12220776	12220917	0	18	0.00	CHH
8	12256460	12256704	1	249	0.40	CG
8	12256460	12256704	2	413	0.48	CHG
8	12256460	12256704	10	1332	0.75	CHH
8	12629860	12629996	41	2	95.35	CG
8	12629860	12629996	141	33	81.03	CHG
8	12629860	12629996	22	606	3.50	CHH
8	13407105	13408116	1537	171	89.99	CG
8	13407105	13408116	390	335	53.79	CHG
8	13407105	13408116	126	1950	6.07	CHH
8	13545344	13545711	247	29	89.49	CG
8	13545344	13545711	36	60	37.50	CHG
8	13545344	13545711	58	1441	3.87	CHH
8	13637622	13639004	1668	76	95.64	CG
8	13637622	13639004	1265	575	68.75	CHG
8	13637622	13639004	175	4893	3.45	CHH
8	13894493	13894788	7	0	100.00	CG
8	13894493	13894788	4	1	80.00	CHG
8	13894493	13894788	0	9	0.00	CHH
8	13952461	13953924	839	434	65.91	CG
8	13952461	13953924	399	500	44.38	CHG
8	13952461	13953924	680	3934	14.74	CHH
8	14213510	14213752	75	192	28.09	CG
8	14213510	14213752	0	158	0.00	CHG
8	14213510	14213752	65	659	8.98	CHH
8	14298148	14298652	255	16	94.10	CG
8	14298148	14298652	298	97	75.44	CHG
8	14298148	14298652	110	1683	6.13	CHH
8	14597668	14597929	502	12	97.67	CG
8	14597668	14597929	265	81	76.59	CHG
8	14597668	14597929	103	727	12.41	CHH
8	14657412	14657652	17	0	100.00	CG
8	14657412	14657652	9	7	56.25	CHG
8	14657412	14657652	5	377	1.31	CHH
8	15580207	15580529	161	8	95.27	CG
8	15580207	15580529	188	58	76.42	CHG
8	15580207	15580529	44	1189	3.57	CHH
8	15967015	15970249	2835	180	94.03	CG
8	15967015	15970249	1916	961	66.60	CHG
8	15967015	15970249	571	13598	4.03	CHH
8	16012976	16013846	1334	65	95.35	CG
8	16012976	16013846	696	248	73.73	CHG
8	16012976	16013846	565	2664	17.50	CHH
8	16216197	16216404	44	13	77.19	CG
8	16216197	16216404	1	319	0.31	CHH
8	16538923	16541131	583	140	80.64	CG
8	16538923	16541131	13	1675	0.77	CHG
8	16538923	16541131	40	7351	0.54	CHH
8	16974676	16975655	222	467	32.22	CG
8	16974676	16975655	120	523	18.66	CHG
8	16974676	16975655	199	3288	5.71	CHH
8	16994050	16994211	0	184	0.00	CG
8	16994050	16994211	1	158	0.63	CHG
8	16994050	16994211	5	685	0.72	CHH
8	17403203	17403300	187	15	92.57	CG
8	17403203	17403300	84	45	65.12	CHG
8	17403203	17403300	3	236	1.26	CHH
8	17719178	17719322	102	3	97.14	CG
8	17719178	17719322	21	41	33.87	CHG
8	17719178	17719322	8	470	1.67	CHH
8	18550794	18553306	1470	718	67.18	CG
8	18550794	18553306	537	1257	29.93	CHG
8	18550794	18553306	724	5998	10.77	CHH
8	20514928	20517189	1868	111	94.39	CG
8	20514928	20517189	452	525	46.26	CHG
8	20514928	20517189	917	15306	5.65	CHH
8	21734995	21740080	7437	334	95.70	CG
8	21734995	21740080	3843	1347	74.05	CHG
8	21734995	21740080	1465	16375	8.21	CHH
8	21758849	21759020	73	22	76.84	CG
8	21758849	21759020	0	292	0.00	CHG
8	21758849	21759020	5	1355	0.37	CHH
8	22561294	22561443	0	52	0.00	CG
8	22561294	22561443	1	54	1.82	CHG
8	22561294	22561443	1	245	0.41	CHH
8	22681154	22681244	126	32	79.75	CHG
8	22681154	22681244	28	667	4.03	CHH
8	22949183	22951590	533	895	37.32	CG
8	22949183	22951590	334	1894	14.99	CHG
8	22949183	22951590	1075	7505	12.53	CHH
8	23384652	23384882	1	820	0.12	CG
8	23384652	23384882	5	423	1.17	CHG
8	23384652	23384882	1	882	0.11	CHH
8	23517672	23517817	50	4	92.59	CG
8	23517672	23517817	62	19	76.54	CHG
8	23517672	23517817	44	540	7.53	CHH
8	23675662	23675914	99	13	88.39	CG
8	23675662	23675914	13	30	30.23	CHG
8	23675662	23675914	103	100	50.74	CHH
8	24239866	24240191	126	3	97.67	CG
8	24239866	24240191	0	407	0.00	CHG
8	24239866	24240191	8	1585	0.50	CHH
8	24632914	24633182	38	30	55.88	CG
8	24632914	24633182	27	197	12.05	CHG
8	24632914	24633182	50	606	7.62	CHH
8	25281178	25281350	373	35	91.42	CG
8	25281178	25281350	39	33	54.17	CHG
8	25281178	25281350	129	909	12.43	CHH
8	25598370	25598449	30	178	14.42	CHH
8	25696600	25696771	3	414	0.72	CG
8	25696600	25696771	2	272	0.73	CHG
8	25696600	25696771	5	617	0.80	CHH
8	25733898	25741720	4686	3881	54.70	CG
8	25733898	25741720	2317	9132	20.24	CHG
8	25733898	25741720	1358	33823	3.86	CHH
8	26671848	26672550	399	17	95.91	CG
8	26671848	26672550	145	60	70.73	CHG
8	26671848	26672550	60	1225	4.67	CHH
8	26851572	26851796	1	445	0.22	CG
8	26851572	26851796	0	263	0.00	CHG
8	26851572	26851796	3	1095	0.27	CHH
8	27327904	27330518	440	8320	5.02	CG
8	27327904	27330518	178	5160	3.33	CHG
8	27327904	27330518	231	10811	2.09	CHH
9	899505	900078	994	50	95.21	CG
9	899505	900078	180	235	43.37	CHG
9	899505	900078	291	3786	7.14	CHH
9	1708905	1710116	2680	149	94.73	CG
9	1708905	1710116	1220	756	61.74	CHG
9	1708905	1710116	146	5681	2.51	CHH
9	2262231	2262612	407	13	96.90	CG
9	2262231	2262612	503	144	77.74	CHG
9	2262231	2262612	63	1737	3.50	CHH
9	2463009	2464211	1399	123	91.92	CG
9	2463009	2464211	837	463	64.38	CHG
9	2463009	2464211	415	5113	7.51	CHH
9	2545349	2545704	478	13	97.35	CG
9	2545349	2545704	484	106	82.03	CHG
9	2545349	2545704	138	1556	8.15	CHH
9	2775400	2775730	1676	124	93.11	CG
9	2775400	2775730	249	217	53.43	CHG
9	2775400	2775730	231	3758	5.79	CHH
9	2854868	2855786	1521	102	93.72	CG
9	2854868	2855786	197	192	50.64	CHG
9	2854868	2855786	203	3030	6.28	CHH
9	2911646	2912272	741	43	94.52	CG
9	2911646	2912272	961	218	81.51	CHG
9	2911646	2912272	178	3195	5.28	CHH
9	3112245	3115702	5354	243	95.66	CG
9	3112245	3115702	2149	759	73.90	CHG
9	3112245	3115702	1287	8774	12.79	CHH
9	3214717	3216020	279	151	64.88	CG
9	3214717	3216020	152	168	47.50	CHG
9	3214717	3216020	73	2831	2.51	CHH
9	3330884	3331520	120	11	91.60	CG
9	3330884	3331520	272	67	80.24	CHG
9	3330884	3331520	42	1463	2.79	CHH
9	4522204	4522362	48	4	92.31	CG
9	4522204	4522362	21	7	75.00	CHG
9	4522204	4522362	6	95	5.94	CHH
9	4739227	4745466	1687	1128	59.93	CG
9	4739227	4745466	679	1953	25.80	CHG
9	4739227	4745466	666	12508	5.06	CHH
9	6140177	6140335	29	1	96.67	CG
9	6140177	6140335	23	7	76.67	CHG
9	6140177	6140335	3	121	2.42	CHH
9	6631347	6632182	63	138	31.34	CG
9	6631347	6632182	447	496	47.40	CHG
9	6631347	6632182	153	3471	4.22	CHH
9	7230219	7230464	241	13	94.88	CG
9	7230219	7230464	52	80	39.39	CHG
9	7230219	7230464	14	295	4.53	CHH
9	7430897	7432040	96	126	43.24	CG
9	7430897	7432040	5	175	2.78	CHG
9	7430897	7432040	67	2107	3.08	CHH
9	8393668	8393832	288	12	96.00	CG
9	8393668	8393832	79	78	50.32	CHG
9	8393668	8393832	54	366	12.86	CHH
9	9923428	9925180	127	217	36.92	CG
9	9923428	9925180	22	516	4.09	CHG
9	9923428	9925180	560	4089	12.05	CHH
9	10766786	10767301	180	33	84.51	CG
9	10766786	10767301	2	652	0.31	CHG
9	10766786	10767301	17	2439	0.69	CHH
9	12030840	12031218	4	1105	0.36	CG
9	12030840	12031218	4	753	0.53	CHG
9	12030840	12031218	4	1281	0.31	CHH
9	12595903	12596851	1	649	0.15	CG
9	12595903	12596851	1	1184	0.08	CHG
9	12595903	12596851	14	3629	0.38	CHH
9	13404977	13406112	751	26	96.65	CG
9	13404977	13406112	196	143	57.82	CHG
9	13404977	13406112	145	2105	6.44	CHH
9	16489222	16490713	660	891	42.55	CG
9	16489222	16490713	130	1317	8.98	CHG
9	16489222	16490713	98	5012	1.92	CHH
9	16577282	16577396	111	3	97.37	CG
9	16577282	16577396	42	18	70.00	CHG
9	16577282	16577396	679	283	70.58	CHH
9	17604144	17604323	101	14	87.83	CG
9	17604144	17604323	0	162	0.00	CHG
9	17604144	17604323	2	743	0.27	CHH
9	19383868	19383934	1	50	1.96	CHG
9	19383868	19383934	0	189	0.00	CHH
9	19469244	19469889	24	323	6.92	CG
9	19469244	19469889	14	713	1.93	CHG
9	19469244	19469889	299	1548	16.19	CHH
9	19529704	19533249	1631	3342	32.80	CG
9	19529704	19533249	845	2027	29.42	CHG
9	19529704	19533249	906	12739	6.64	CHH
9	20512179	20515947	2086	1822	53.38	CG
9	20512179	20515947	1084	3602	23.13	CHG
9	20512179	20515947	2641	18908	12.26	CHH
9	20811988	20812086	1	398	0.25	CG
9	20811988	20812086	0	57	0.00	CHG
9	20811988	20812086	0	445	0.00	CHH
9	21917576	21917684	1	331	0.30	CG
9	21917576	21917684	2	280	0.71	CHG
9	21917576	21917684	1	430	0.23	CHH
9	22507907	22508014	0	100	0.00	CHG
9	22507907	22508014	1	371	0.27	CHH
9	22587586	22587797	389	12	97.01	CG
9	22587586	22587797	137	88	60.89	CHG
9	22587586	22587797	126	599	17.38	CHH
10	76063	76767	534	38	93.36	CG
10	76063	76767	212	417	33.70	CHG
10	76063	76767	67	2316	2.81	CHH
10	1070598	1072595	801	4335	15.60	CG
10	1070598	1072595	435	2850	13.24	CHG
10	1070598	1072595	492	10938	4.30	CHH
10	1391746	1391999	747	27	96.51	CG
10	1391746	1391999	94	318	22.82	CHG
10	1391746	1391999	20	789	2.47	CHH
10	1614261	1614403	1	38	2.56	CG
10	1614261	1614403	2	272	0.73	CHG
10	1614261	1614403	1	935	0.11	CHH
10	1803629	1804504	556	61	90.11	CG
10	1803629	1804504	500	257	66.05	CHG
10	1803629	1804504	645	3302	16.34	CHH
10	1803768	1804170	515	20	96.26	CG
10	1803768	1804170	218	117	65.07	CHG
10	1803768	1804170	172	1382	11.07	CHH
10	1840873	1840994	0	116	0.00	CG
10	1840873	1840994	1	75	1.32	CHG
10	1840873	1840994	1	383	0.26	CHH
10	2764274	2764493	2	319	0.62	CG
10	2764274	2764493	0	776	0.00	CHG
10	2764274	2764493	5	1520	0.33	CHH
10	3411205	3411730	236	14	94.40	CG
10	3411205	3411730	9	883	1.01	CHG
10	3411205	3411730	22	2783	0.78	CHH
10	3555583	3556236	1014	92	91.68	CG
10	3555583	3556236	234	174	57.35	CHG
10	3555583	3556236	208	1201	14.76	CHH
10	4747418	4747782	5	31	13.89	CG
10	4747418	4747782	38	202	15.83	CHG
10	4747418	4747782	10	865	1.14	CHH
10	6032495	6032662	137	2	98.56	CG
10	6032495	6032662	301	49	86.00	CHG
10	6032495	6032662	107	1150	8.51	CHH
10	6484932	6485158	37	133	21.76	CG
10	6484932	6485158	1	79	1.25	CHG
10	6484932	6485158	18	523	3.33	CHH
10	6965382	6965620	413	24	94.51	CG
10	6965382	6965620	76	41	64.96	CHG
10	6965382	6965620	16	166	8.79	CHH
10	7289884	7290427	404	25	94.17	CG
10	7289884	7290427	160	62	72.07	CHG
10	7289884	7290427	57	825	6.46	CHH
10	8713513	8713687	97	2	97.98	CG
10	8713513	8713687	121	27	81.76	CHG
10	8713513	8713687	16	441	3.50	CHH
10	8784304	8784496	123	6	95.35	CG
10	8784304	8784496	42	28	60.00	CHG
10	8784304	8784496	23	637	3.48	CHH
10	9339792	9339997	85	3	96.59	CG
10	9339792	9339997	6	7	46.15	CHG
10	9339792	9339997	165	299	35.56	CHH
10	9455216	9455761	521	14	97.38	CG
10	9455216	9455761	397	119	76.94	CHG
10	9455216	9455761	171	2250	7.06	CHH
10	10070366	10073354	2371	135	94.61	CG
10	10070366	10073354	1407	562	71.46	CHG
10	10070366	10073354	600	5360	10.07	CHH
10	10893887	10894383	198	950	17.25	CG
10	10893887	10894383	290	1371	17.46	CHG
10	10893887	10894383	142	9158	1.53	CHH
10	10994069	10994203	64	26	71.11	CG
10	10994069	10994203	2	140	1.41	CHG
10	10994069	10994203	1	446	0.22	CHH
10	11956236	11956518	106	13	89.08	CG
10	11956236	11956518	55	32	63.22	CHG
10	11956236	11956518	158	305	34.13	CHH
10	11967788	11968023	13	4	76.47	CG
10	11967788	11968023	22	0	100.00	CHG
10	11967788	11968023	362	416	46.53	CHH
10	12041078	12041429	2	54	3.57	CG
10	12041078	12041429	72	179	28.69	CHG
10	12041078	12041429	151	859	14.95	CHH
10	12398331	12398410	39	10	79.59	CHG
10	12398331	12398410	28	293	8.72	CHH
10	12783731	12784747	355	3021	10.52	CG
10	12783731	12784747	195	1618	10.76	CHG
10	12783731	12784747	488	3881	11.17	CHH
10	13030461	13031711	219	2130	9.32	CG
10	13030461	13031711	179	1457	10.94	CHG
10	13030461	13031711	590	4151	12.44	CHH
10	13134013	13134625	195	101	65.88	CG
10	13134013	13134625	23	88	20.72	CHG
10	13134013	13134625	304	1715	15.06	CHH
10	14312781	14312940	227	3	98.70	CG
10	14312781	14312940	60	44	57.69	CHG
10	14312781	14312940	55	604	8.35	CHH
10	14415032	14415475	2	404	0.49	CG
10	14415032	14415475	1	370	0.27	CHG
10	14415032	14415475	11	1094	1.00	CHH
10	14939572	14939779	1	433	0.23	CG
10	14939572	14939779	3	270	1.10	CHG
10	14939572	14939779	9	1581	0.57	CHH
10	15358024	15358297	41	8	83.67	CHG
10	15358024	15358297	67	925	6.75	CHH
10	15388115	15388379	74	6	92.50	CG
10	15388115	15388379	122	138	46.92	CHG
10	15388115	15388379	46	935	4.69	CHH
10	15623066	15624262	20	2263	0.88	CG
10	15623066	15624262	21	2478	0.84	CHG
10	15623066	15624262	48	5191	0.92	CHH
10	16649407	16649853	6	1141	0.52	CG
10	16649407	16649853	5	985	0.51	CHG
10	16649407	16649853	10	2200	0.45	CHH
10	17917117	17917361	1	336	0.30	CG
10	17917117	17917361	1	574	0.17	CHG
10	17917117	17917361	7	1454	0.48	CHH
10	18118300	18118455	200	8	96.15	CG
10	18118300	18118455	137	24	85.09	CHG
10	18118300	18118455	224	924	19.51	CHH
10	18249061	18249336	369	73	83.48	CG
10	18249061	18249336	123	148	45.39	CHG
10	18249061	18249336	58	1082	5.09	CHH
10	18629501	18629720	1	103	0.96	CG
10	18629501	18629720	1	100	0.99	CHG
10	18629501	18629720	2	654	0.30	CHH
10	18709862	18710680	150	1974	7.06	CG
10	18709862	18710680	44	1763	2.43	CHG
10	18709862	18710680	279	3707	7.00	CHH
10	19071669	19072430	2	2141	0.09	CG
10	19071669	19072430	11	2266	0.48	CHG
10	19071669	19072430	17	3672	0.46	CHH
10	19727438	19727659	62	3	95.38	CG
10	19727438	19727659	65	38	63.11	CHG
10	19727438	19727659	640	562	53.24	CHH
10	20621568	20621746	108	14	88.52	CG
10	20621568	20621746	57	84	40.43	CHG
10	20621568	20621746	2	234	0.85	CHH
10	20684185	20684453	194	6	97.00	CG
10	20684185	20684453	1	761	0.13	CHG
10	20684185	20684453	9	2051	0.44	CHH
10	20758072	20758229	35	4	89.74	CG
10	20758072	20758229	0	320	0.00	CHG
10	20758072	20758229	0	838	0.00	CHH
10	20876029	20876473	52	229	18.51	CG
10	20876029	20876473	48	362	11.71	CHG
10	20876029	20876473	164	1144	12.54	CHH
10	21433314	21437604	1116	2587	30.14	CG
10	21433314	21437604	119	3705	3.11	CHG
10	21433314	21437604	224	15739	1.40	CHH
10	21560604	21561484	152	174	46.63	CG
10	21560604	21561484	10	1738	0.57	CHG
10	21560604	21561484	21	5377	0.39	CHH
10	22597491	22597660	3	603	0.50	CG
10	22597491	22597660	1	373	0.27	CHG
10	22597491	22597660	0	469	0.00	CHH
10	22692035	22692362	45	116	27.95	CG
10	22692035	22692362	2	460	0.43	CHG
10	22692035	22692362	7	1790	0.39	CHH
10	22860787	22861438	4	874	0.46	CG
10	22860787	22861438	4	1154	0.35	CHG
10	22860787	22861438	11	3281	0.33	CHH
11	505296	505455	324	12	96.43	CG
11	505296	505455	253	61	80.57	CHG
11	505296	505455	21	774	2.64	CHH
11	797708	798586	88	113	43.78	CG
11	797708	798586	97	231	29.57	CHG
11	797708	798586	160	2215	6.74	CHH
11	1050852	1052789	87	2890	2.92	CG
11	1050852	1052789	26	3301	0.78	CHG
11	1050852	1052789	35	7651	0.46	CHH
11	1432574	1432751	2	311	0.64	CG
11	1432574	1432751	1	138	0.72	CHG
11	1432574	1432751	1	536	0.19	CHH
11	1858041	1858566	316	12	96.34	CG
11	1858041	1858566	381	54	87.59	CHG
11	1858041	1858566	736	877	45.63	CHH
11	2504811	2504939	1	305	0.33	CG
11	2504811	2504939	0	320	0.00	CHG
11	2504811	2504939	5	994	0.50	CHH
11	2669596	2669853	3	788	0.38	CG
11	2669596	2669853	1	150	0.66	CHG
11	2669596	2669853	7	1075	0.65	CHH
11	2802873	2804621	558	766	42.15	CG
11	2802873	2804621	490	1043	31.96	CHG
11	2802873	2804621	432	5026	7.91	CHH
11	3466044	3470402	2348	1350	63.49	CG
11	3466044	3470402	1506	2123	41.50	CHG
11	3466044	3470402	1521	13331	10.24	CHH
11	3810954	3811089	70	7	90.91	CG
11	3810954	3811089	0	204	0.00	CHG
11	3810954	3811089	1	502	0.20	CHH
11	4224826	4225123	41	1	97.62	CG
11	4224826	4225123	3	324	0.92	CHG
11	4224826	4225123	11	1339	0.81	CHH
11	4595255	4598721	916	2705	25.30	CG
11	4595255	4598721	475	1491	24.16	CHG
11	4595255	4598721	1063	7203	12.86	CHH
11	6038088	6038424	12	1780	0.67	CG
11	6038088	6038424	2	852	0.23	CHG
11	6038088	6038424	3	1235	0.24	CHH
11	6091835	6093414	1301	522	71.37	CG
11	6091835	6093414	524	589	47.08	CHG
11	6091835	6093414	913	4742	16.15	CHH
11	7821028	7821214	26	281	8.47	CG
11	7821028	7821214	8	363	2.16	CHG
11	7821028	7821214	4	741	0.54	CHH
11	9435946	9436636	618	45	93.21	CG
11	9435946	9436636	375	192	66.14	CHG
11	9435946	9436636	327	2396	12.01	CHH
11	9479627	9479991	7	1309	0.53	CG
11	9479627	9479991	8	1253	0.63	CHG
11	9479627	9479991	17	2739	0.62	CHH
11	9728388	9728616	35	5	87.50	CG
11	9728388	9728616	4	41	8.89	CHG
11	9728388	9728616	64	357	15.20	CHH
11	9810706	9815080	3766	715	84.04	CG
11	9810706	9815080	1896	1922	49.66	CHG
11	9810706	9815080	1119	13521	7.64	CHH
11	9969448	9969633	28	81	25.69	CG
11	9969448	9969633	29	77	27.36	CHG
11	9969448	9969633	19	746	2.48	CHH
11	10499987	10500272	216	8	96.43	CG
11	10499987	10500272	194	68	74.05	CHG
11	10499987	10500272	64	1623	3.79	CHH
11	10502651	10503109	307	14	95.64	CG
11	10502651	10503109	392	57	87.31	CHG
11	10502651	10503109	148	1694	8.03	CHH
11	11632517	11632735	152	7	95.60	CG
11	11632517	11632735	37	19	66.07	CHG
11	11632517	11632735	31	184	14.42	CHH
11	12791330	12791451	56	2	96.55	CG
11	12791330	12791451	36	8	81.82	CHG
11	12791330	12791451	10	136	6.85	CHH
11	13907112	13907730	1133	40	96.59	CG
11	13907112	13907730	1237	250	83.19	CHG
11	13907112	13907730	373	4234	8.10	CHH
11	14199127	14199230	209	8	96.31	CG
11	14199127	14199230	119	59	66.85	CHG
11	14199127	14199230	21	357	5.56	CHH
11	14246634	14246765	140	8	94.59	CG
11	14246634	14246765	112	9	92.56	CHG
11	14246634	14246765	116	721	13.86	CHH
11	14953985	14954432	221	13	94.44	CG
11	14953985	14954432	82	51	61.65	CHG
11	14953985	14954432	89	1030	7.95	CHH
11	15162648	15162882	76	1	98.70	CG
11	15162648	15162882	262	98	72.78	CHG
11	15162648	15162882	92	1406	6.14	CHH
11	15516587	15517994	608	1691	26.45	CG
11	15516587	15517994	201	1154	14.83	CHG
11	15516587	15517994	455	4797	8.66	CHH
11	15595496	15598031	2950	878	77.06	CG
11	15595496	15598031	1473	1729	46.00	CHG
11	15595496	15598031	810	13917	5.50	CHH
11	15629573	15629919	177	15	92.19	CG
11	15629573	15629919	252	119	67.92	CHG
11	15629573	15629919	78	1942	3.86	CHH
11	15784095	15784518	6	1031	0.58	CG
11	15784095	15784518	2	675	0.30	CHG
11	15784095	15784518	9	1575	0.57	CHH
11	16587225	16588700	526	446	54.12	CG
11	16587225	16588700	269	514	34.36	CHG
11	16587225	16588700	584	3178	15.52	CHH
11	16590106	16591882	2221	91	96.06	CG
11	16590106	16591882	2977	561	84.14	CHG
11	16590106	16591882	359	8898	3.88	CHH
11	17024541	17024749	55	26	67.90	CG
11	17024541	17024749	53	31	63.10	CHG
11	17024541	17024749	101	318	24.11	CHH
11	17437801	17439859	328	2193	13.01	CG
11	17437801	17439859	40	2326	1.69	CHG
11	17437801	17439859	191	10073	1.86	CHH
11	17734944	17735193	7	1498	0.47	CG
11	17734944	17735193	2	753	0.26	CHG
11	17734944	17735193	4	1047	0.38	CHH
11	17903585	17906300	3008	419	87.77	CG
11	17903585	17906300	1997	783	71.83	CHG
11	17903585	17906300	1109	8922	11.06	CHH
11	17974571	17974900	78	541	12.60	CG
11	17974571	17974900	82	624	11.61	CHG
11	17974571	17974900	225	1914	10.52	CHH
11	18221483	18221608	100	4	96.15	CG
11	18221483	18221608	108	30	78.26	CHG
11	18221483	18221608	12	273	4.21	CHH
11	18325064	18325191	0	25	0.00	CG
11	18325064	18325191	1	80	1.23	CHG
11	18325064	18325191	2	385	0.52	CHH
11	18373844	18373989	0	35	0.00	CG
11	18373844	18373989	0	129	0.00	CHG
11	18373844	18373989	4	715	0.56	CHH
11	18718793	18720377	1340	504	72.67	CG
11	18718793	18720377	203	1456	12.24	CHG
11	18718793	18720377	155	6718	2.26	CHH
11	18909482	18909881	4	589	0.67	CG
11	18909482	18909881	1	583	0.17	CHG
11	18909482	18909881	2	1058	0.19	CHH
11	19311606	19314032	2148	327	86.79	CG
11	19311606	19314032	1450	1349	51.80	CHG
11	19311606	19314032	886	8407	9.53	CHH
11	20219224	20220414	1467	101	93.56	CG
11	20219224	20220414	1733	366	82.56	CHG
11	20219224	20220414	273	7811	3.38	CHH
11	20319451	20320865	845	79	91.45	CG
11	20319451	20320865	792	242	76.60	CHG
11	20319451	20320865	1067	4204	20.24	CHH
11	20346784	20346867	0	18	0.00	CG
11	20346784	20346867	0	36	0.00	CHG
11	20346784	20346867	1	190	0.52	CHH
11	20686170	20686465	20	69	22.47	CG
11	20686170	20686465	4	136	2.86	CHG
11	20686170	20686465	7	1026	0.68	CHH
11	20872306	20872476	473	12	97.53	CG
11	20872306	20872476	111	187	37.25	CHG
11	20872306	20872476	11	484	2.22	CHH
11	20903615	20904114	298	119	71.46	CG
11	20903615	20904114	8	893	0.89	CHG
11	20903615	20904114	16	3174	0.50	CHH
11	21540161	21540670	305	16	95.02	CG
11	21540161	21540670	151	136	52.61	CHG
11	21540161	21540670	83	2030	3.93	CHH
11	22251376	22252471	167	393	29.82	CG
11	22251376	22252471	134	888	13.11	CHG
11	22251376	22252471	355	5308	6.27	CHH
11	22442650	22442893	280	5	98.25	CG
11	22442650	22442893	32	20	61.54	CHG
11	22442650	22442893	69	1736	3.82	CHH
11	22611185	22611456	1	176	0.56	CG
11	22611185	22611456	3	275	1.08	CHG
11	22611185	22611456	4	1621	0.25	CHH
11	22898553	22899482	172	314	35.39	CG
11	22898553	22899482	119	420	22.08	CHG
11	22898553	22899482	132	2140	5.81	CHH
11	23917291	23918354	315	131	70.63	CG
11	23917291	23918354	122	176	40.94	CHG
11	23917291	23918354	338	2106	13.83	CHH
11	23924021	23924111	0	62	0.00	CG
11	23924021	23924111	0	170	0.00	CHG
11	23924021	23924111	4	367	1.08	CHH
11	24143197	24143872	698	29	96.01	CG
11	24143197	24143872	385	85	81.91	CHG
11	24143197	24143872	140	1685	7.67	CHH
11	24518104	24518669	323	30	91.50	CG
11	24518104	24518669	215	102	67.82	CHG
11	24518104	24518669	22	961	2.24	CHH
11	25340157	25340679	106	5	95.50	CG
11	25340157	25340679	45	52	46.39	CHG
11	25340157	25340679	42	1279	3.18	CHH
11	25356991	25357939	283	57	83.24	CG
11	25356991	25357939	188	394	32.30	CHG
11	25356991	25357939	55	3221	1.68	CHH
11	25450636	25450896	218	8	96.46	CG
11	25450636	25450896	66	32	67.35	CHG
11	25450636	25450896	2	103	1.90	CHH
11	26018351	26019667	1335	85	94.01	CG
11	26018351	26019667	967	459	67.81	CHG
11	26018351	26019667	228	3649	5.88	CHH
11	26557615	26559410	799	146	84.55	CG
11	26557615	26559410	25	1435	1.71	CHG
11	26557615	26559410	109	6916	1.55	CHH
11	26733617	26733799	138	9	93.88	CG
11	26733617	26733799	95	33	74.22	CHG
11	26733617	26733799	16	463	3.34	CHH
11	26897318	26898575	1368	100	93.19	CG
11	26897318	26898575	438	581	42.98	CHG
11	26897318	26898575	364	3023	10.75	CHH
11	27142723	27144368	495	703	41.32	CG
11	27142723	27144368	148	991	12.99	CHG
11	27142723	27144368	422	3936	9.68	CHH
11	27188061	27188431	175	7	96.15	CG
11	27188061	27188431	92	25	78.63	CHG
11	27188061	27188431	703	1309	34.94	CHH
11	27296398	27296914	137	361	27.51	CG
11	27296398	27296914	28	154	15.38	CHG
11	27296398	27296914	203	837	19.52	CHH
11	27621315	27621467	0	2	0.00	CHG
11	27621315	27621467	0	21	0.00	CHH
11	28581984	28582206	0	25	0.00	CHG
11	28581984	28582206	18	646	2.71	CHH
12	1158418	1158578	14	520	2.62	CG
12	1158418	1158578	0	204	0.00	CHG
12	1158418	1158578	3	1313	0.23	CHH
12	1177184	1177765	1	202	0.49	CG
12	1177184	1177765	4	585	0.68	CHG
12	1177184	1177765	8	3008	0.27	CHH
12	1270256	1270750	80	176	31.25	CG
12	1270256	1270750	5	994	0.50	CHG
12	1270256	1270750	9	1901	0.47	CHH
12	2005465	2005735	271	10	96.44	CG
12	2005465	2005735	29	41	41.43	CHG
12	2005465	2005735	24	149	13.87	CHH
12	2376872	2377309	109	227	32.44	CG
12	2376872	2377309	3	363	0.82	CHG
12	2376872	2377309	4	1838	0.22	CHH
12	3807299	3807471	0	89	0.00	CG
12	3807299	3807471	1	307	0.32	CHG
12	3807299	3807471	2	993	0.20	CHH
12	3811143	3811601	167	86	66.01	CG
12	3811143	3811601	43	159	21.29	CHG
12	3811143	3811601	198	1186	14.31	CHH
12	4083553	4083794	76	137	35.68	CG
12	4083553	4083794	5	652	0.76	CHG
12	4083553	4083794	4	1251	0.32	CHH
12	5174512	5176042	1578	954	62.32	CG
12	5174512	5176042	444	947	31.92	CHG
12	5174512	5176042	150	4069	3.56	CHH
12	5728433	5728876	460	176	72.33	CG
12	5728433	5728876	329	198	62.43	CHG
12	5728433	5728876	120	942	11.30	CHH
12	6323100	6323289	2	116	1.69	CG
12	6323100	6323289	1	134	0.74	CHG
12	6323100	6323289	3	598	0.50	CHH
12	6480645	6481828	2678	132	95.30	CG
12	6480645	6481828	1363	460	74.77	CHG
12	6480645	6481828	328	6056	5.14	CHH
12	6550600	6551475	569	18	96.93	CG
12	6550600	6551475	275	136	66.91	CHG
12	6550600	6551475	101	1543	6.14	CHH
12	7855054	7855393	212	6	97.25	CG
12	7855054	7855393	220	85	72.13	CHG
12	7855054	7855393	187	951	16.43	CHH
12	8497520	8497653	2	651	0.31	CG
12	8497520	8497653	0	310	0.00	CHG
12	8497520	8497653	3	489	0.61	CHH
12	8555821	8555983	356	29	92.47	CG
12	8555821	8555983	176	134	56.77	CHG
12	8555821	8555983	34	987	3.33	CHH
12	8733248	8733675	2	0	100.00	CG
12	8733248	8733675	5	2	71.43	CHG
12	8733248	8733675	5	103	4.63	CHH
12	8783105	8783207	33	1	97.06	CG
12	8783105	8783207	3	6	33.33	CHG
12	8783105	8783207	2	177	1.12	CHH
12	8846726	8847029	27	85	24.11	CG
12	8846726	8847029	2	49	3.92	CHG
12	8846726	8847029	22	703	3.03	CHH
12	9326878	9327074	134	9	93.71	CG
12	9326878	9327074	69	42	62.16	CHG
12	9326878	9327074	123	399	23.56	CHH
12	9368388	9368605	156	15	91.23	CG
12	9368388	9368605	81	44	64.80	CHG
12	9368388	9368605	100	1094	8.38	CHH
12	11421434	11422871	367	26	93.38	CG
12	11421434	11422871	14	1821	0.76	CHG
12	11421434	11422871	19	6095	0.31	CHH
12	11519644	11519807	84	11	88.42	CG
12	11519644	11519807	56	36	60.87	CHG
12	11519644	11519807	23	597	3.71	CHH
12	12193685	12193957	511	92	84.74	CG
12	12193685	12193957	271	223	54.86	CHG
12	12193685	12193957	209	1763	10.60	CHH
12	12596401	12596694	139	9	93.92	CG
12	12596401	12596694	197	57	77.56	CHG
12	12596401	12596694	42	1273	3.19	CHH
12	12742760	12743615	1191	127	90.36	CG
12	12742760	12743615	822	282	74.46	CHG
12	12742760	12743615	348	3877	8.24	CHH
12	13187459	13188652	319	1005	24.09	CG
12	13187459	13188652	77	1084	6.63	CHG
12	13187459	13188652	428	3063	12.26	CHH
12	14284341	14284547	1	134	0.74	CG
12	14284341	14284547	1	39	2.50	CHG
12	14284341	14284547	2	538	0.37	CHH
12	14803452	14803625	83	1	98.81	CG
12	14803452	14803625	195	33	85.53	CHG
12	14803452	14803625	43	1292	3.22	CHH
12	15067951	15069074	1091	46	95.95	CG
12	15067951	15069074	828	258	76.24	CHG
12	15067951	15069074	226	4332	4.96	CHH
12	15348530	15353993	4941	334	93.67	CG
12	15348530	15353993	5022	1693	74.79	CHG
12	15348530	15353993	1378	27977	4.69	CHH
12	16142723	16142824	161	3	98.17	CG
12	16142723	16142824	97	33	74.62	CHG
12	16142723	16142824	11	429	2.50	CHH
12	16276461	16276731	252	8	96.92	CG
12	16276461	16276731	161	98	62.16	CHG
12	16276461	16276731	13	375	3.35	CHH
12	16529727	16530963	1562	127	92.48	CG
12	16529727	16530963	562	539	51.04	CHG
12	16529727	16530963	144	4419	3.16	CHH
12	17830991	17831311	31	27	53.45	CG
12	17830991	17831311	10	343	2.83	CHG
12	17830991	17831311	22	1139	1.89	CHH
12	18708202	18708465	63	44	58.88	CG
12	18708202	18708465	6	258	2.27	CHG
12	18708202	18708465	17	1325	1.27	CHH
12	18864903	18867127	2252	348	86.62	CG
12	18864903	18867127	1119	833	57.33	CHG
12	18864903	18867127	1339	7368	15.38	CHH
12	19240695	19241251	93	16	85.32	CG
12	19240695	19241251	83	91	47.70	CHG
12	19240695	19241251	35	2157	1.60	CHH
12	20271167	20271395	187	9	95.41	CG
12	20271167	20271395	201	67	75.00	CHG
12	20271167	20271395	52	1402	3.58	CHH
12	21012743	21013159	113	138	45.02	CG
12	21012743	21013159	25	512	4.66	CHG
12	21012743	21013159	49	1335	3.54	CHH
12	21325595	21326775	691	111	86.16	CG
12	21325595	21326775	28	2554	1.08	CHG
12	21325595	21326775	38	7171	0.53	CHH
12	21498142	21500190	933	248	79.00	CG
12	21498142	21500190	18	2711	0.66	CHG
12	21498142	21500190	54	9565	0.56	CHH
12	21799965	21804009	589	3234	15.41	CG
12	21799965	21804009	48	5143	0.92	CHG
12	21799965	21804009	237	16908	1.38	CHH
12	22237684	22237932	3	448	0.67	CG
12	22237684	22237932	1	355	0.28	CHG
12	22237684	22237932	2	511	0.39	CHH
12	22424783	22424873	40	1	97.56	CG
12	22424783	22424873	1	258	0.39	CHG
12	22424783	22424873	1	310	0.32	CHH
12	22599880	22601854	282	2794	9.17	CG
12	22599880	22601854	29	3052	0.94	CHG
12	22599880	22601854	229	9403	2.38	CHH
12	22827958	22829855	651	530	55.12	CG
12	22827958	22829855	1285	738	63.52	CHG
12	22827958	22829855	394	5688	6.48	CHH
12	22914184	22914456	150	6	96.15	CG
12	22914184	22914456	196	30	86.73	CHG
12	22914184	22914456	37	728	4.84	CHH
12	23044811	23045065	0	91	0.00	CG
12	23044811	23045065	2	383	0.52	CHG
12	23044811	23045065	0	1141	0.00	CHH
12	24286289	24286454	80	35	69.57	CG
12	24286289	24286454	11	63	14.86	CHG
12	24286289	24286454	15	952	1.55	CHH
12	24305556	24308650	1751	223	88.70	CG
12	24305556	24308650	313	3622	7.95	CHG
12	24305556	24308650	175	14181	1.22	CHH
12	24482972	24483119	1	168	0.59	CG
12	24482972	24483119	49	313	13.54	CHG
12	24482972	24483119	140	977	12.53	CHH
12	25415184	25415420	135	40	77.14	CG
12	25415184	25415420	16	76	17.39	CHG
12	25415184	25415420	93	479	16.26	CHH
12	26429400	26431294	15	3216	0.46	CG
12	26429400	26431294	13	2699	0.48	CHG
12	26429400	26431294	28	6312	0.44	CHH
12	26619179	26619379	32	5	86.49	CG
12	26619179	26619379	2	240	0.83	CHG
12	26619179	26619379	9	1234	0.72	CHH
12	26739873	26743547	3284	163	95.27	CG
12	26739873	26743547	2905	797	78.47	CHG
12	26739873	26743547	1097	14797	6.90	CHH
12	26756376	26756465	81	8	91.01	CG
12	26756376	26756465	32	17	65.31	CHG
12	26756376	26756465	17	333	4.86	CHH
