1	2522874	2523845	1613	107	93.78	CG
1	2522874	2523845	478	425	52.93	CHG
1	2522874	2523845	123	4233	2.82	CHH
1	2555530	2559489	7878	269	96.70	CG
1	2555530	2559489	4774	1821	72.39	CHG
1	2555530	2559489	983	21323	4.41	CHH
1	9039676	9042883	1682	80	95.46	CG
1	9039676	9042883	1659	179	90.26	CHG
1	9039676	9042883	705	11352	5.85	CHH
1	9436233	9436871	402	919	30.43	CG
1	9436233	9436871	88	1395	5.93	CHG
1	9436233	9436871	32	2315	1.36	CHH
1	9436980	9439656	4070	182	95.72	CG
1	9436980	9439656	2868	741	79.47	CHG
1	9436980	9439656	1005	13892	6.75	CHH
1	10925172	10926364	1100	106	91.21	CG
1	10925172	10926364	711	796	47.18	CHG
1	10925172	10926364	80	4708	1.67	CHH
1	11189866	11190945	615	59	91.25	CG
1	11189866	11190945	491	471	51.04	CHG
1	11189866	11190945	205	4402	4.45	CHH
1	11197263	11198365	1580	52	96.81	CG
1	11197263	11198365	1389	439	75.98	CHG
1	11197263	11198365	725	7007	9.38	CHH
1	11198486	11199929	2399	191	92.63	CG
1	11198486	11199929	1332	802	62.42	CHG
1	11198486	11199929	318	7581	4.03	CHH
1	11360960	11365572	2747	6248	30.54	CG
1	11360960	11365572	1446	4697	23.54	CHG
1	11360960	11365572	421	20368	2.03	CHH
1	11470807	11475439	3488	209	94.35	CG
1	11470807	11475439	2885	1856	60.85	CHG
1	11470807	11475439	250	19952	1.24	CHH
1	12142608	12144844	1944	468	80.60	CG
1	12142608	12144844	1106	1294	46.08	CHG
1	12142608	12144844	167	8689	1.89	CHH
1	14333116	14335930	3501	558	86.25	CG
1	14333116	14335930	1660	1037	61.55	CHG
1	14333116	14335930	458	11751	3.75	CHH
1	14336094	14337863	1229	94	92.89	CG
1	14336094	14337863	992	480	67.39	CHG
1	14336094	14337863	255	6000	4.08	CHH
1	14337928	14339960	1828	152	92.32	CG
1	14337928	14339960	632	535	54.16	CHG
1	14337928	14339960	187	6319	2.87	CHH
1	14959930	14960645	749	122	85.99	CG
1	14959930	14960645	221	382	36.65	CHG
1	14959930	14960645	68	2293	2.88	CHH
1	14961862	14963386	950	658	59.08	CG
1	14961862	14963386	625	960	39.43	CHG
1	14961862	14963386	275	5835	4.50	CHH
1	20810206	20811074	295	253	53.83	CG
1	20810206	20811074	313	443	41.40	CHG
1	20810206	20811074	142	2474	5.43	CHH
1	20811098	20811489	55	142	27.92	CG
1	20811098	20811489	43	271	13.69	CHG
1	20811098	20811489	25	1681	1.47	CHH
1	25253636	25254054	190	321	37.18	CG
1	25253636	25254054	154	205	42.90	CHG
1	25253636	25254054	42	2276	1.81	CHH
1	25311949	25313299	1039	835	55.44	CG
1	25311949	25313299	337	807	29.46	CHG
1	25311949	25313299	171	5419	3.06	CHH
1	28200381	28203326	1351	98	93.24	CG
1	28200381	28203326	936	526	64.02	CHG
1	28200381	28203326	282	9230	2.96	CHH
1	28203588	28206337	1288	100	92.80	CG
1	28203588	28206337	1206	1113	52.01	CHG
1	28203588	28206337	181	11375	1.57	CHH
1	28212221	28215906	2967	202	93.63	CG
1	28212221	28215906	1381	733	65.33	CHG
1	28212221	28215906	393	15476	2.48	CHH
1	29053362	29056648	1520	2892	34.45	CG
1	29053362	29056648	663	4255	13.48	CHG
1	29053362	29056648	370	16189	2.23	CHH
1	30809134	30810708	670	248	72.98	CG
1	30809134	30810708	229	217	51.35	CHG
1	30809134	30810708	64	4203	1.50	CHH
1	30810807	30811279	67	242	21.68	CG
1	30810807	30811279	13	262	4.73	CHG
1	30810807	30811279	8	1698	0.47	CHH
1	39322772	39323918	1078	169	86.45	CG
1	39322772	39323918	371	400	48.12	CHG
1	39322772	39323918	331	4328	7.10	CHH
2	5902991	5906606	2133	389	84.58	CG
2	5902991	5906606	2332	1794	56.52	CHG
2	5902991	5906606	442	15787	2.72	CHH
2	6795753	6796945	255	720	26.15	CG
2	6795753	6796945	794	1085	42.26	CHG
2	6795753	6796945	861	4001	17.71	CHH
2	6797357	6798332	244	637	27.70	CG
2	6797357	6798332	87	788	9.94	CHG
2	6797357	6798332	254	3528	6.72	CHH
2	7605632	7607483	593	59	90.95	CG
2	7605632	7607483	477	237	66.81	CHG
2	7605632	7607483	247	7253	3.29	CHH
2	7607588	7609075	1101	345	76.14	CG
2	7607588	7609075	294	662	30.75	CHG
2	7607588	7609075	90	7036	1.26	CHH
2	8343843	8345084	780	106	88.04	CG
2	8343843	8345084	606	281	68.32	CHG
2	8343843	8345084	240	5413	4.25	CHH
2	8345254	8345972	440	16	96.49	CG
2	8345254	8345972	328	158	67.49	CHG
2	8345254	8345972	65	3377	1.89	CHH
2	13582835	13586359	2694	146	94.86	CG
2	13582835	13586359	2763	741	78.85	CHG
2	13582835	13586359	443	15048	2.86	CHH
2	19468985	19471775	3128	2721	53.48	CG
2	19468985	19471775	1081	2696	28.62	CHG
2	19468985	19471775	307	13552	2.22	CHH
2	34952932	34953515	1023	186	84.62	CG
2	34952932	34953515	602	216	73.59	CHG
2	34952932	34953515	149	4422	3.26	CHH
3	12710232	12710825	1191	133	89.95	CG
3	12710232	12710825	326	297	52.33	CHG
3	12710232	12710825	66	4358	1.49	CHH
3	15612855	15613394	319	20	94.10	CG
3	15612855	15613394	420	188	69.08	CHG
3	15612855	15613394	162	2280	6.63	CHH
3	16165130	16166316	637	147	81.25	CG
3	16165130	16166316	312	522	37.41	CHG
3	16165130	16166316	125	3850	3.14	CHH
3	16790757	16792301	1510	571	72.56	CG
3	16790757	16792301	628	692	47.58	CHG
3	16790757	16792301	277	5337	4.93	CHH
3	20791633	20793625	1697	513	76.79	CG
3	20791633	20793625	1306	1188	52.37	CHG
3	20791633	20793625	234	10006	2.29	CHH
3	22406159	22410666	2127	536	79.87	CG
3	22406159	22410666	2722	1263	68.31	CHG
3	22406159	22410666	451	18174	2.42	CHH
3	24566821	24572140	4730	243	95.11	CG
3	24566821	24572140	4427	1218	78.42	CHG
3	24566821	24572140	1058	23559	4.30	CHH
3	24572855	24573143	156	10	93.98	CG
3	24572855	24573143	125	59	67.93	CHG
3	24572855	24573143	46	957	4.59	CHH
3	24601239	24602425	1034	48	95.56	CG
3	24601239	24602425	871	436	66.64	CHG
3	24601239	24602425	203	5150	3.79	CHH
3	24602550	24603653	667	23	96.67	CG
3	24602550	24603653	484	171	73.89	CHG
3	24602550	24603653	158	4734	3.23	CHH
3	24603786	24605086	1309	50	96.32	CG
3	24603786	24605086	1256	464	73.02	CHG
3	24603786	24605086	203	6595	2.99	CHH
3	24605202	24605537	65	29	69.15	CG
3	24605202	24605537	37	30	55.22	CHG
3	24605202	24605537	4	635	0.63	CHH
3	26123604	26125619	2721	150	94.78	CG
3	26123604	26125619	1609	734	68.67	CHG
3	26123604	26125619	324	11062	2.85	CHH
3	27619055	27619377	60	21	74.07	CG
3	27619055	27619377	46	51	47.42	CHG
3	27619055	27619377	45	776	5.48	CHH
3	27619514	27621480	1306	1473	47.00	CG
3	27619514	27621480	175	1814	8.80	CHG
3	27619514	27621480	45	8038	0.56	CHH
3	28510857	28511647	1169	97	92.34	CG
3	28510857	28511647	605	381	61.36	CHG
3	28510857	28511647	384	5066	7.05	CHH
3	29750151	29753862	3570	96	97.38	CG
3	29750151	29753862	1665	311	84.26	CHG
3	29750151	29753862	782	15129	4.91	CHH
4	19682492	19683811	560	53	91.35	CG
4	19682492	19683811	192	185	50.93	CHG
4	19682492	19683811	84	3530	2.32	CHH
4	20353569	20355893	1543	4494	25.56	CG
4	20353569	20355893	697	2338	22.97	CHG
4	20353569	20355893	544	10536	4.91	CHH
4	35050583	35053502	3137	941	76.92	CG
4	35050583	35053502	1061	1362	43.79	CHG
4	35050583	35053502	627	14458	4.16	CHH
5	1134973	1135617	174	380	31.41	CG
5	1134973	1135617	81	975	7.67	CHG
5	1134973	1135617	10	2372	0.42	CHH
5	1135839	1136509	64	674	8.67	CG
5	1135839	1136509	22	975	2.21	CHG
5	1135839	1136509	38	2743	1.37	CHH
5	1681242	1683572	2484	506	83.08	CG
5	1681242	1683572	1947	1043	65.12	CHG
5	1681242	1683572	1202	11872	9.19	CHH
5	4826765	4827938	550	63	89.72	CG
5	4826765	4827938	546	209	72.32	CHG
5	4826765	4827938	303	5062	5.65	CHH
5	4828077	4828939	45	1225	3.54	CG
5	4828077	4828939	71	1153	5.80	CHG
5	4828077	4828939	76	5375	1.39	CHH
5	4829016	4830108	1512	78	95.09	CG
5	4829016	4830108	440	378	53.79	CHG
5	4829016	4830108	129	2742	4.49	CHH
5	4830234	4831171	245	463	34.60	CG
5	4830234	4831171	162	497	24.58	CHG
5	4830234	4831171	82	4244	1.90	CHH
5	10917777	10919484	1796	170	91.35	CG
5	10917777	10919484	1281	1130	53.13	CHG
5	10917777	10919484	208	10271	1.98	CHH
5	10920452	10921894	1707	978	63.58	CG
5	10920452	10921894	655	1821	26.45	CHG
5	10920452	10921894	96	8384	1.13	CHH
5	11242593	11245041	1927	131	93.63	CG
5	11242593	11245041	2419	628	79.39	CHG
5	11242593	11245041	378	13193	2.79	CHH
5	16055530	16057857	1029	523	66.30	CG
5	16055530	16057857	286	1303	18.00	CHG
5	16055530	16057857	87	8446	1.02	CHH
5	25352498	25357219	2397	896	72.79	CG
5	25352498	25357219	1419	2765	33.91	CHG
5	25352498	25357219	400	18882	2.07	CHH
5	26872353	26874199	759	611	55.40	CG
5	26872353	26874199	440	684	39.15	CHG
5	26872353	26874199	166	6837	2.37	CHH
6	6078050	6080866	2166	132	94.26	CG
6	6078050	6080866	1827	1480	55.25	CHG
6	6078050	6080866	234	11734	1.96	CHH
6	7380338	7382317	974	3947	19.79	CG
6	7380338	7382317	386	3331	10.38	CHG
6	7380338	7382317	379	9970	3.66	CHH
6	7535832	7537646	446	817	35.31	CG
6	7535832	7537646	366	1088	25.17	CHG
6	7535832	7537646	97	7768	1.23	CHH
6	7537740	7538960	1300	74	94.61	CG
6	7537740	7538960	690	341	66.93	CHG
6	7537740	7538960	143	5297	2.63	CHH
6	11302246	11304945	2940	208	93.39	CG
6	11302246	11304945	1990	1060	65.25	CHG
6	11302246	11304945	455	15212	2.90	CHH
6	13427986	13432645	3753	198	94.99	CG
6	13427986	13432645	3103	1256	71.19	CHG
6	13427986	13432645	514	17641	2.83	CHH
6	17321399	17322324	131	99	56.96	CG
6	17321399	17322324	85	298	22.19	CHG
6	17321399	17322324	112	2123	5.01	CHH
6	18069876	18071348	809	144	84.89	CG
6	18069876	18071348	358	500	41.72	CHG
6	18069876	18071348	96	5321	1.77	CHH
6	19711136	19712026	132	899	12.80	CG
6	19711136	19712026	96	614	13.52	CHG
6	19711136	19712026	184	3385	5.16	CHH
6	27799534	27800454	103	173	37.32	CG
6	27799534	27800454	52	352	12.87	CHG
6	27799534	27800454	33	2491	1.31	CHH
6	27801639	27803910	3817	525	87.91	CG
6	27801639	27803910	1129	1494	43.04	CHG
6	27801639	27803910	286	8699	3.18	CHH
6	27804002	27806413	1719	495	77.64	CG
6	27804002	27806413	607	1590	27.63	CHG
6	27804002	27806413	330	7525	4.20	CHH
6	27807200	27809097	770	1456	34.59	CG
6	27807200	27809097	442	2815	13.57	CHG
6	27807200	27809097	69	9620	0.71	CHH
6	28518022	28518632	359	73	83.10	CG
6	28518022	28518632	304	529	36.49	CHG
6	28518022	28518632	209	3350	5.87	CHH
6	29376932	29380306	3850	180	95.53	CG
6	29376932	29380306	2549	908	73.73	CHG
6	29376932	29380306	1280	12870	9.05	CHH
7	998684	999693	233	195	54.44	CG
7	998684	999693	136	604	18.38	CHG
7	998684	999693	58	3183	1.79	CHH
7	4348717	4353078	3925	448	89.76	CG
7	4348717	4353078	2298	1427	61.69	CHG
7	4348717	4353078	570	16840	3.27	CHH
7	4372878	4376312	1109	440	71.59	CG
7	4372878	4376312	484	1377	26.01	CHG
7	4372878	4376312	375	11444	3.17	CHH
7	8295268	8297360	861	40	95.56	CG
7	8295268	8297360	737	409	64.31	CHG
7	8295268	8297360	170	5653	2.92	CHH
7	8297456	8298242	202	13	93.95	CG
7	8297456	8298242	213	159	57.26	CHG
7	8297456	8298242	34	1811	1.84	CHH
7	15712666	15714876	2235	2173	50.70	CG
7	15712666	15714876	745	1963	27.51	CHG
7	15712666	15714876	854	9822	8.00	CHH
7	15714975	15716282	541	225	70.63	CG
7	15714975	15716282	382	827	31.60	CHG
7	15714975	15716282	126	3837	3.18	CHH
7	15716649	15718051	1103	1266	46.56	CG
7	15716649	15718051	565	1089	34.16	CHG
7	15716649	15718051	197	6573	2.91	CHH
7	15987635	15990381	1023	154	86.92	CG
7	15987635	15990381	581	989	37.01	CHG
7	15987635	15990381	87	9107	0.95	CHH
7	20001702	20003835	730	2240	24.58	CG
7	20001702	20003835	220	2379	8.46	CHG
7	20001702	20003835	319	9505	3.25	CHH
7	20003935	20004681	462	768	37.56	CG
7	20003935	20004681	89	968	8.42	CHG
7	20003935	20004681	35	3622	0.96	CHH
7	22460398	22460784	6	446	1.33	CG
7	22460398	22460784	0	281	0.00	CHG
7	22460398	22460784	115	1008	10.24	CHH
8	5778017	5780215	897	534	62.68	CG
8	5778017	5780215	187	1184	13.64	CHG
8	5778017	5780215	148	5562	2.59	CHH
8	7765923	7767569	933	66	93.39	CG
8	7765923	7767569	1747	942	64.97	CHG
8	7765923	7767569	163	8420	1.90	CHH
8	7767694	7769902	1281	111	92.03	CG
8	7767694	7769902	1157	509	69.45	CHG
8	7767694	7769902	167	9394	1.75	CHH
8	7990731	7992320	1618	426	79.16	CG
8	7990731	7992320	721	463	60.90	CHG
8	7990731	7992320	520	6259	7.67	CHH
8	9447347	9448071	301	930	24.45	CG
8	9447347	9448071	116	791	12.79	CHG
8	9447347	9448071	83	3125	2.59	CHH
8	10491753	10499575	11316	1924	85.47	CG
8	10491753	10499575	5702	4262	57.23	CHG
8	10491753	10499575	1438	38174	3.63	CHH
8	15455254	15462092	6210	331	94.94	CG
8	15455254	15462092	3830	1338	74.11	CHG
8	15455254	15462092	1057	27830	3.66	CHH
8	16976241	16978812	1094	76	93.50	CG
8	16976241	16978812	1911	793	70.67	CHG
8	16976241	16978812	635	12477	4.84	CHH
8	20980680	20981047	1	214	0.47	CG
8	20980680	20981047	0	219	0.00	CHG
8	20980680	20981047	2	644	0.31	CHH
8	21691415	21692643	892	41	95.61	CG
8	21691415	21692643	446	254	63.71	CHG
8	21691415	21692643	215	4630	4.44	CHH
8	21692742	21695254	1264	904	58.30	CG
8	21692742	21695254	717	1756	28.99	CHG
8	21692742	21695254	774	10892	6.63	CHH
8	27145493	27147151	770	148	83.88	CG
8	27145493	27147151	277	380	42.16	CHG
8	27145493	27147151	223	6896	3.13	CHH
9	12621913	12622831	531	827	39.10	CG
9	12621913	12622831	271	520	34.26	CHG
9	12621913	12622831	584	4608	11.25	CHH
9	12622904	12623419	189	735	20.45	CG
9	12622904	12623419	133	433	23.50	CHG
9	12622904	12623419	410	1828	18.32	CHH
9	15228205	15229508	839	558	60.06	CG
9	15228205	15229508	606	873	40.97	CHG
9	15228205	15229508	241	6355	3.65	CHH
9	16723080	16726848	2701	144	94.94	CG
9	16723080	16726848	1676	740	69.37	CHG
9	16723080	16726848	332	14483	2.24	CHH
10	403342	404217	389	235	62.34	CG
10	403342	404217	102	674	13.14	CHG
10	403342	404217	35	2187	1.58	CHH
10	707135	707747	278	356	43.85	CG
10	707135	707747	13	857	1.49	CHG
10	707135	707747	16	1907	0.83	CHH
10	708160	710157	2591	137	94.98	CG
10	708160	710157	1281	897	58.82	CHG
10	708160	710157	214	7075	2.94	CHH
10	5928508	5929269	395	37	91.44	CG
10	5928508	5929269	375	320	53.96	CHG
10	5928508	5929269	19	2952	0.64	CHH
10	5929420	5932408	3127	461	87.15	CG
10	5929420	5932408	1126	3428	24.73	CHG
10	5929420	5932408	85	13578	0.62	CHH
10	5932682	5933500	89	680	11.57	CG
10	5932682	5933500	17	587	2.81	CHG
10	5932682	5933500	39	2803	1.37	CHH
10	5933589	5934240	207	1241	14.30	CG
10	5933589	5934240	32	1410	2.22	CHG
10	5933589	5934240	27	3116	0.86	CHH
10	15986962	15991252	4156	354	92.15	CG
10	15986962	15991252	1770	2242	44.12	CHG
10	15986962	15991252	262	18990	1.36	CHH
10	16004291	16005179	122	1724	6.61	CG
10	16004291	16005179	99	1201	7.62	CHG
10	16004291	16005179	320	2978	9.70	CHH
10	16006405	16007058	45	1014	4.25	CG
10	16006405	16007058	32	822	3.75	CHG
10	16006405	16007058	27	2274	1.17	CHH
10	20777395	20778645	935	34	96.49	CG
10	20777395	20778645	817	302	73.01	CHG
10	20777395	20778645	452	4634	8.89	CHH
11	2541477	2543903	95	1099	7.96	CG
11	2541477	2543903	72	3917	1.80	CHG
11	2541477	2543903	257	12539	2.01	CHH
11	3230260	3231735	506	887	36.32	CG
11	3230260	3231735	114	1056	9.74	CHG
11	3230260	3231735	52	4922	1.05	CHH
11	3231885	3232407	31	145	17.61	CG
11	3231885	3232407	3	151	1.95	CHG
11	3231885	3232407	31	530	5.53	CHH
11	7333461	7334651	680	921	42.47	CG
11	7333461	7334651	485	822	37.11	CHG
11	7333461	7334651	67	3730	1.76	CHH
11	7731058	7734524	1140	127	89.98	CG
11	7731058	7734524	1216	698	63.53	CHG
11	7731058	7734524	297	12293	2.36	CHH
11	7734625	7735554	364	26	93.33	CG
11	7734625	7735554	97	248	28.12	CHG
11	7734625	7735554	55	3122	1.73	CHH
11	7740136	7741715	1666	160	91.24	CG
11	7740136	7741715	842	727	53.66	CHG
11	7740136	7741715	157	6026	2.54	CHH
11	7741937	7742453	98	409	19.33	CG
11	7741937	7742453	26	436	5.63	CHG
11	7741937	7742453	18	1197	1.48	CHH
11	16330924	16332019	242	439	35.54	CG
11	16330924	16332019	201	972	17.14	CHG
11	16330924	16332019	235	4353	5.12	CHH
11	16332352	16336726	4090	782	83.95	CG
11	16332352	16336726	2546	2409	51.38	CHG
11	16332352	16336726	500	20903	2.34	CHH
11	19254506	19255920	1667	666	71.45	CG
11	19254506	19255920	667	981	40.47	CHG
11	19254506	19255920	269	5937	4.33	CHH
11	20707200	20708263	158	271	36.83	CG
11	20707200	20708263	139	653	17.55	CHG
11	20707200	20708263	129	2809	4.39	CHH
11	24387298	24390013	1425	930	60.51	CG
11	24387298	24390013	595	4388	11.94	CHG
11	24387298	24390013	106	18363	0.57	CHH
11	24390912	24392970	547	163	77.04	CG
11	24390912	24392970	566	1519	27.15	CHG
11	24390912	24392970	116	8033	1.42	CHH
11	24393231	24394638	1453	166	89.75	CG
11	24393231	24394638	733	862	45.96	CHG
11	24393231	24394638	154	5483	2.73	CHH
11	27017498	27019274	645	243	72.64	CG
11	27017498	27019274	66	1688	3.76	CHG
11	27017498	27019274	37	6852	0.54	CHH
12	4729330	4730513	676	102	86.89	CG
12	4729330	4730513	268	390	40.73	CHG
12	4729330	4730513	85	5836	1.44	CHH
12	4730781	4736244	2367	169	93.34	CG
12	4730781	4736244	2135	1258	62.92	CHG
12	4730781	4736244	356	21301	1.64	CHH
12	4736420	4737295	704	156	81.86	CG
12	4736420	4737295	220	619	26.22	CHG
12	4736420	4737295	33	2871	1.14	CHH
12	4899872	4901766	1667	109	93.86	CG
12	4899872	4901766	715	1013	41.38	CHG
12	4899872	4901766	73	6605	1.09	CHH
12	4912416	4913853	2456	1020	70.66	CG
12	4912416	4913853	1169	1932	37.70	CHG
12	4912416	4913853	229	9929	2.25	CHH
12	4913948	4915922	591	150	79.76	CG
12	4913948	4915922	802	962	45.46	CHG
12	4913948	4915922	87	7734	1.11	CHH
12	17500154	17503828	1191	1840	39.29	CG
12	17500154	17503828	941	2501	27.34	CHG
12	17500154	17503828	225	16653	1.33	CHH
12	17984443	17985623	125	544	18.68	CG
12	17984443	17985623	104	686	13.16	CHG
12	17984443	17985623	43	2984	1.42	CHH
12	17985763	17986319	221	18	92.47	CG
12	17985763	17986319	56	47	54.37	CHG
12	17985763	17986319	18	1044	1.69	CHH
12	18392209	18392790	136	195	41.09	CG
12	18392209	18392790	68	316	17.71	CHG
12	18392209	18392790	24	2002	1.18	CHH
12	18393154	18394277	90	356	20.18	CG
12	18393154	18394277	51	288	15.04	CHG
12	18393154	18394277	35	2693	1.28	CHH
12	18395685	18396921	235	2286	9.32	CG
12	18395685	18396921	150	2394	5.90	CHG
12	18395685	18396921	172	7116	2.36	CHH
12	24728410	24730458	1079	1423	43.13	CG
12	24728410	24730458	542	3167	14.61	CHG
12	24728410	24730458	337	7794	4.14	CHH
12	24730552	24734596	3174	879	78.31	CG
12	24730552	24734596	2331	2373	49.55	CHG
12	24730552	24734596	589	15134	3.75	CHH
