1	301401	301650	135	3	97.83	CG
1	301401	301650	38	38	50.00	CHG
1	301401	301650	848	597	58.69	CHH
1	751422	751630	229	16	93.47	CG
1	751422	751630	20	26	43.48	CHG
1	751422	751630	246	804	23.43	CHH
1	831964	832562	475	19	96.15	CG
1	831964	832562	428	86	83.27	CHG
1	831964	832562	669	1103	37.75	CHH
1	1349307	1349537	23	4	85.19	CHG
1	1349307	1349537	326	635	33.92	CHH
1	1377440	1378052	101	2	98.06	CG
1	1377440	1378052	68	39	63.55	CHG
1	1377440	1378052	868	1352	39.10	CHH
1	1788440	1788928	243	7	97.20	CG
1	1788440	1788928	10	17	37.04	CHG
1	1788440	1788928	742	1364	35.23	CHH
1	1789091	1789350	74	9	89.16	CG
1	1789091	1789350	74	37	66.67	CHG
1	1789091	1789350	769	989	43.74	CHH
1	2238174	2238281	26	4	86.67	CG
1	2238174	2238281	28	5	84.85	CHG
1	2238174	2238281	228	534	29.92	CHH
1	2260684	2260758	192	223	46.27	CHH
1	4981767	4981906	417	113	78.68	CHH
1	7687746	7687909	27	11	71.05	CG
1	7687746	7687909	4	5	44.44	CHG
1	7687746	7687909	231	477	32.63	CHH
1	8431744	8431928	27	1	96.43	CG
1	8431744	8431928	554	371	59.89	CHH
1	9585903	9586147	65	31	67.71	CHG
1	9585903	9586147	769	607	55.89	CHH
1	9767360	9767454	28	1	96.55	CG
1	9767360	9767454	33	1	97.06	CHG
1	9767360	9767454	228	254	47.30	CHH
1	10432345	10432562	80	1028	7.22	CG
1	10432345	10432562	38	512	6.91	CHG
1	10432345	10432562	100	973	9.32	CHH
1	10834154	10834494	31	12	72.09	CHG
1	10834154	10834494	940	900	51.09	CHH
1	10926897	10927718	1258	146	89.60	CG
1	10926897	10927718	1054	360	74.54	CHG
1	10926897	10927718	419	3055	12.06	CHH
1	11189069	11189507	371	217	63.10	CG
1	11189069	11189507	128	213	37.54	CHG
1	11189069	11189507	370	1924	16.13	CHH
1	11191256	11191497	370	37	90.91	CG
1	11191256	11191497	71	118	37.57	CHG
1	11191256	11191497	73	518	12.35	CHH
1	11796108	11796316	49	65	42.98	CG
1	11796108	11796316	72	175	29.15	CHG
1	11796108	11796316	190	746	20.30	CHH
1	11928347	11928520	217	828	20.77	CHH
1	11940126	11940209	143	342	29.48	CHH
1	12597813	12598048	623	365	63.06	CHH
1	14322168	14322402	137	8	94.48	CG
1	14322168	14322402	58	13	81.69	CHG
1	14322168	14322402	725	361	66.76	CHH
1	14347206	14347429	28	22	56.00	CG
1	14347206	14347429	97	226	30.03	CHG
1	14347206	14347429	281	1101	20.33	CHH
1	14358588	14358799	85	7	92.39	CG
1	14358588	14358799	98	21	82.35	CHG
1	14358588	14358799	907	550	62.25	CHH
1	16709412	16710638	1483	44	97.12	CG
1	16709412	16710638	883	405	68.56	CHG
1	16709412	16710638	1542	3606	29.95	CHH
1	17043053	17043218	293	9	97.02	CG
1	17043053	17043218	82	28	74.55	CHG
1	17043053	17043218	338	451	42.84	CHH
1	18600195	18600325	83	0	100.00	CG
1	18600195	18600325	21	7	75.00	CHG
1	18600195	18600325	112	509	18.04	CHH
1	18600619	18600880	49	3	94.23	CG
1	18600619	18600880	32	0	100.00	CHG
1	18600619	18600880	247	983	20.08	CHH
1	18984904	18985083	31	1	96.88	CG
1	18984904	18985083	25	29	46.30	CHG
1	18984904	18985083	314	442	41.53	CHH
1	23765099	23765215	18	146	10.98	CG
1	23765099	23765215	25	130	16.13	CHG
1	23765099	23765215	63	313	16.76	CHH
1	24162719	24162945	799	591	57.48	CHH
1	26098395	26098876	127	5	96.21	CG
1	26098395	26098876	148	30	83.15	CHG
1	26098395	26098876	1724	1618	51.59	CHH
1	26638981	26639111	40	2	95.24	CG
1	26638981	26639111	65	14	82.28	CHG
1	26638981	26639111	182	304	37.45	CHH
1	27335823	27335919	46	35	56.79	CG
1	27335823	27335919	11	34	24.44	CHG
1	27335823	27335919	116	307	27.42	CHH
1	27892634	27893201	205	11	94.91	CG
1	27892634	27893201	340	66	83.74	CHG
1	27892634	27893201	1974	2378	45.36	CHH
1	28104533	28104643	32	3	91.43	CG
1	28104533	28104643	487	183	72.69	CHH
1	28181036	28181173	11	16	40.74	CG
1	28181036	28181173	13	36	26.53	CHG
1	28181036	28181173	96	398	19.43	CHH
1	28494153	28494502	32	0	100.00	CG
1	28494153	28494502	51	7	87.93	CHG
1	28494153	28494502	1149	471	70.93	CHH
1	30431887	30432457	368	19	95.09	CG
1	30431887	30432457	81	46	63.78	CHG
1	30431887	30432457	1927	1397	57.97	CHH
1	31405810	31406074	86	13	86.87	CG
1	31405810	31406074	140	39	78.21	CHG
1	31405810	31406074	1468	642	69.57	CHH
1	31589315	31589440	382	513	42.68	CHH
1	31867822	31868209	73	2	97.33	CG
1	31867822	31868209	1377	1178	53.89	CHH
1	32128407	32128528	24	1	96.00	CG
1	32128407	32128528	227	227	50.00	CHH
1	32850978	32851159	64	6	91.43	CG
1	32850978	32851159	77	15	83.70	CHG
1	32850978	32851159	733	368	66.58	CHH
1	33209708	33209844	30	5	85.71	CG
1	33209708	33209844	6	7	46.15	CHG
1	33209708	33209844	304	352	46.34	CHH
1	35537016	35537182	323	251	56.27	CHH
1	37056464	37056585	39	10	79.59	CHG
1	37056464	37056585	274	145	65.39	CHH
1	37328188	37328369	82	5	94.25	CG
1	37328188	37328369	42	5	89.36	CHG
1	37328188	37328369	940	242	79.53	CHH
1	38496092	38496280	171	13	92.93	CG
1	38496092	38496280	35	63	35.71	CHG
1	38496092	38496280	290	818	26.17	CHH
1	38517320	38517498	34	11	75.56	CG
1	38517320	38517498	45	16	73.77	CHG
1	38517320	38517498	438	248	63.85	CHH
1	38671419	38671601	141	4	97.24	CG
1	38671419	38671601	607	416	59.34	CHH
1	40300213	40300335	269	430	38.48	CHH
1	40395626	40395876	43	3	93.48	CG
1	40395626	40395876	1057	670	61.20	CHH
1	40617610	40617749	94	422	18.22	CHG
1	40617610	40617749	145	702	17.12	CHH
1	40701980	40702243	27	1	96.43	CG
1	40701980	40702243	982	269	78.50	CHH
1	41145044	41145188	454	444	50.56	CHH
1	41155306	41155562	13	40	24.53	CHG
1	41155306	41155562	1297	884	59.47	CHH
1	41890335	41890557	35	2	94.59	CG
1	41890335	41890557	207	87	70.41	CHG
1	41890335	41890557	517	449	53.52	CHH
1	42087976	42088125	316	689	31.44	CHH
1	42408453	42409215	942	23	97.62	CG
1	42408453	42409215	597	265	69.26	CHG
1	42408453	42409215	869	2472	26.01	CHH
2	109398	109590	291	15	95.10	CG
2	109398	109590	263	85	75.57	CHG
2	109398	109590	361	697	34.12	CHH
2	1869793	1870778	1611	89	94.76	CG
2	1869793	1870778	1288	328	79.70	CHG
2	1869793	1870778	2522	3702	40.52	CHH
2	2040558	2041143	507	63	88.95	CG
2	2040558	2041143	454	87	83.92	CHG
2	2040558	2041143	809	2440	24.90	CHH
2	2375551	2375771	717	538	57.13	CHH
2	3701574	3702250	329	67	83.08	CG
2	3701574	3702250	224	365	38.03	CHG
2	3701574	3702250	637	3258	16.35	CHH
2	4194209	4194385	40	9	81.63	CHG
2	4194209	4194385	401	252	61.41	CHH
2	4474885	4475212	377	9	97.67	CG
2	4474885	4475212	149	59	71.63	CHG
2	4474885	4475212	913	1202	43.17	CHH
2	4648186	4648420	67	2	97.10	CG
2	4648186	4648420	23	10	69.70	CHG
2	4648186	4648420	339	359	48.57	CHH
2	4947306	4947538	29	2	93.55	CG
2	4947306	4947538	775	532	59.30	CHH
2	5499042	5499299	408	17	96.00	CG
2	5499042	5499299	260	49	84.14	CHG
2	5499042	5499299	387	1487	20.65	CHH
2	5521685	5521830	82	6	93.18	CHG
2	5521685	5521830	904	333	73.08	CHH
2	6545608	6545822	41	0	100.00	CG
2	6545608	6545822	811	551	59.54	CHH
2	6761735	6762038	42	8	84.00	CG
2	6761735	6762038	40	45	47.06	CHG
2	6761735	6762038	376	830	31.18	CHH
2	6762287	6762792	141	40	77.90	CG
2	6762287	6762792	93	111	45.59	CHG
2	6762287	6762792	373	1578	19.12	CHH
2	7605117	7605555	75	4	94.94	CG
2	7605117	7605555	68	13	83.95	CHG
2	7605117	7605555	547	1202	31.28	CHH
2	7945618	7946024	48	4	92.31	CG
2	7945618	7946024	7	13	35.00	CHG
2	7945618	7946024	355	1005	26.10	CHH
2	8190084	8190413	43	8	84.31	CHG
2	8190084	8190413	1052	1632	39.20	CHH
2	10791440	10791566	105	188	35.84	CHH
2	11873649	11873886	18	0	100.00	CG
2	11873649	11873886	255	411	38.29	CHH
2	12097817	12097953	73	11	86.90	CG
2	12097817	12097953	119	592	16.74	CHH
2	12299222	12299385	22	9	70.97	CHG
2	12299222	12299385	226	472	32.38	CHH
2	12333889	12333999	37	2	94.87	CG
2	12333889	12333999	25	12	67.57	CHG
2	12333889	12333999	81	264	23.48	CHH
2	12582950	12583307	145	2	98.64	CG
2	12582950	12583307	60	20	75.00	CHG
2	12582950	12583307	404	1210	25.03	CHH
2	13872268	13872613	19	174	9.84	CG
2	13872268	13872613	36	253	12.46	CHG
2	13872268	13872613	179	1342	11.77	CHH
2	13948832	13949084	56	8	87.50	CHG
2	13948832	13949084	729	360	66.94	CHH
2	15589940	15590192	46	3	93.88	CG
2	15589940	15590192	196	174	52.97	CHG
2	15589940	15590192	495	463	51.67	CHH
2	17785746	17785984	101	4	96.19	CG
2	17785746	17785984	1147	458	71.46	CHH
2	19211404	19211621	80	5	94.12	CG
2	19211404	19211621	9	2	81.82	CHG
2	19211404	19211621	1039	245	80.92	CHH
2	19443247	19443361	29	7	80.56	CG
2	19443247	19443361	3	11	21.43	CHG
2	19443247	19443361	42	145	22.46	CHH
2	19977858	19978135	282	18	94.00	CG
2	19977858	19978135	334	163	67.20	CHG
2	19977858	19978135	620	1334	31.73	CHH
2	20745916	20746102	75	2	97.40	CG
2	20745916	20746102	43	10	81.13	CHG
2	20745916	20746102	532	494	51.85	CHH
2	22202087	22202425	371	62	85.68	CG
2	22202087	22202425	53	82	39.26	CHG
2	22202087	22202425	770	1019	43.04	CHH
2	22399133	22399342	77	1	98.72	CG
2	22399133	22399342	448	616	42.11	CHH
2	23077446	23077593	702	244	74.21	CHH
2	23988341	23988565	34	26	56.67	CHG
2	23988341	23988565	993	446	69.01	CHH
2	24094388	24094772	30	3	90.91	CG
2	24094388	24094772	93	53	63.70	CHG
2	24094388	24094772	1057	631	62.62	CHH
2	24587774	24587906	86	5	94.51	CG
2	24587774	24587906	22	7	75.86	CHG
2	24587774	24587906	353	473	42.74	CHH
2	24968367	24968732	188	17	91.71	CG
2	24968367	24968732	160	109	59.48	CHG
2	24968367	24968732	698	1201	36.76	CHH
2	25258399	25258520	414	459	47.42	CHH
2	25342968	25343092	38	3	92.68	CG
2	25342968	25343092	41	5	89.13	CHG
2	25342968	25343092	153	316	32.62	CHH
2	25971572	25971883	231	196	54.10	CHH
2	27849839	27850325	879	31	96.59	CG
2	27849839	27850325	201	170	54.18	CHG
2	27849839	27850325	1016	1676	37.74	CHH
2	27969163	27969436	61	3	95.31	CG
2	27969163	27969436	55	31	63.95	CHG
2	27969163	27969436	969	465	67.57	CHH
2	28230238	28230572	208	38	84.55	CHG
2	28230238	28230572	686	1525	31.03	CHH
2	28737277	28737416	437	351	55.46	CHH
2	28787543	28787788	60	5	92.31	CG
2	28787543	28787788	15	11	57.69	CHG
2	28787543	28787788	235	456	34.01	CHH
2	29123726	29123981	410	648	38.75	CHH
2	30949004	30949191	63	5	92.65	CG
2	30949004	30949191	33	13	71.74	CHG
2	30949004	30949191	419	415	50.24	CHH
2	31639383	31639502	22	1	95.65	CG
2	31639383	31639502	147	253	36.75	CHH
2	32251509	32251649	19	3	86.36	CHG
2	32251509	32251649	236	106	69.01	CHH
2	32687570	32687718	29	242	10.70	CG
2	32687570	32687718	36	203	15.06	CHG
2	32687570	32687718	119	400	22.93	CHH
2	32980551	32980821	915	767	54.40	CHH
2	33849781	33850113	63	40	61.17	CG
2	33849781	33850113	28	73	27.72	CHG
2	33849781	33850113	78	978	7.39	CHH
2	33970498	33970631	19	117	13.97	CG
2	33970498	33970631	27	188	12.56	CHG
2	33970498	33970631	76	717	9.58	CHH
2	34234930	34235049	280	86	76.50	CHH
2	34582792	34582911	30	5	85.71	CHG
2	34582792	34582911	462	367	55.73	CHH
2	34952077	34952811	402	214	65.26	CG
2	34952077	34952811	191	229	45.48	CHG
2	34952077	34952811	566	2160	20.76	CHH
2	34955560	34955809	1038	489	67.98	CHH
3	811663	812098	605	52	92.09	CG
3	811663	812098	117	125	48.35	CHG
3	811663	812098	612	1564	28.12	CHH
3	881089	881240	395	15	96.34	CG
3	881089	881240	40	127	23.95	CHG
3	881089	881240	91	571	13.75	CHH
3	1354664	1354914	162	8	95.29	CG
3	1354664	1354914	184	72	71.88	CHG
3	1354664	1354914	429	919	31.82	CHH
3	2169030	2169371	666	42	94.07	CG
3	2169030	2169371	161	125	56.29	CHG
3	2169030	2169371	459	1487	23.59	CHH
3	3169366	3169453	74	127	36.82	CHH
3	3832576	3832832	45	4	91.84	CG
3	3832576	3832832	98	13	88.29	CHG
3	3832576	3832832	1786	363	83.11	CHH
3	6047207	6047392	53	4	92.98	CG
3	6047207	6047392	12	13	48.00	CHG
3	6047207	6047392	321	270	54.31	CHH
3	6570907	6571273	993	46	95.57	CG
3	6570907	6571273	179	100	64.16	CHG
3	6570907	6571273	771	1834	29.60	CHH
3	7246619	7246872	560	37	93.80	CG
3	7246619	7246872	141	51	73.44	CHG
3	7246619	7246872	592	1083	35.34	CHH
3	8015940	8016118	310	405	43.36	CHH
3	8409618	8409743	27	147	15.52	CG
3	8409618	8409743	28	118	19.18	CHG
3	8409618	8409743	119	485	19.70	CHH
3	8629457	8629689	40	3	93.02	CG
3	8629457	8629689	43	3	93.48	CHG
3	8629457	8629689	1086	495	68.69	CHH
3	8942617	8943063	253	7	97.31	CG
3	8942617	8943063	264	44	85.71	CHG
3	8942617	8943063	924	1978	31.84	CHH
3	9319923	9320317	105	6	94.59	CG
3	9319923	9320317	20	12	62.50	CHG
3	9319923	9320317	283	656	30.14	CHH
3	11067334	11067625	29	0	100.00	CG
3	11067334	11067625	35	2	94.59	CHG
3	11067334	11067625	672	561	54.50	CHH
3	11642409	11642580	76	33	69.72	CHG
3	11642409	11642580	937	278	77.12	CHH
3	11857284	11857411	15	11	57.69	CHG
3	11857284	11857411	319	193	62.30	CHH
3	12675151	12675358	37	2	94.87	CG
3	12675151	12675358	9	7	56.25	CHG
3	12675151	12675358	543	750	42.00	CHH
3	13124743	13124928	46	3	93.88	CG
3	13124743	13124928	21	2	91.30	CHG
3	13124743	13124928	711	113	86.29	CHH
3	13748697	13748918	32	2	94.12	CHG
3	13748697	13748918	444	657	40.33	CHH
3	14057905	14058092	178	14	92.71	CG
3	14057905	14058092	42	24	63.64	CHG
3	14057905	14058092	106	965	9.90	CHH
3	14749193	14749460	90	12	88.24	CG
3	14749193	14749460	1078	587	64.74	CHH
3	15103668	15103782	38	4	90.48	CHG
3	15103668	15103782	334	490	40.53	CHH
3	15113224	15113412	316	779	28.86	CHH
3	15134383	15134587	407	932	30.40	CHH
3	15613686	15613799	11	71	13.41	CG
3	15613686	15613799	10	71	12.35	CHG
3	15613686	15613799	30	327	8.40	CHH
3	16709783	16710100	419	30	93.32	CG
3	16709783	16710100	339	108	75.84	CHG
3	16709783	16710100	583	1298	30.99	CHH
3	16776362	16776567	309	604	33.84	CHH
3	17308009	17308190	37	2	94.87	CG
3	17308009	17308190	31	6	83.78	CHG
3	17308009	17308190	334	762	30.47	CHH
3	17916587	17916910	94	24	79.66	CG
3	17916587	17916910	28	5	84.85	CHG
3	17916587	17916910	793	450	63.80	CHH
3	18637898	18638001	35	4	89.74	CG
3	18637898	18638001	143	157	47.67	CHH
3	20725201	20725339	37	3	92.50	CG
3	20725201	20725339	44	9	83.02	CHG
3	20725201	20725339	277	785	26.08	CHH
3	23359385	23359602	80	4	95.24	CG
3	23359385	23359602	9	13	40.91	CHG
3	23359385	23359602	587	729	44.60	CHH
3	24411908	24412466	103	226	31.31	CG
3	24411908	24412466	36	253	12.46	CHG
3	24411908	24412466	187	1966	8.69	CHH
3	24572450	24572571	97	353	21.56	CHH
3	24924369	24924505	77	3	96.25	CG
3	24924369	24924505	4	8	33.33	CHG
3	24924369	24924505	496	354	58.35	CHH
3	25320199	25320294	268	341	44.01	CHH
3	26123077	26123398	163	19	89.56	CG
3	26123077	26123398	266	172	60.73	CHG
3	26123077	26123398	307	1269	19.48	CHH
3	26143599	26144289	149	276	35.06	CG
3	26143599	26144289	137	457	23.06	CHG
3	26143599	26144289	534	2807	15.98	CHH
3	26819731	26819992	21	2	91.30	CHG
3	26819731	26819992	486	444	52.26	CHH
3	27436719	27436866	17	3	85.00	CHG
3	27436719	27436866	170	230	42.50	CHH
3	27617928	27618015	28	99	22.05	CG
3	27617928	27618015	21	61	25.61	CHG
3	27617928	27618015	92	386	19.25	CHH
3	27618313	27618751	37	24	60.66	CG
3	27618313	27618751	51	146	25.89	CHG
3	27618313	27618751	57	820	6.50	CHH
3	27626160	27626452	172	58	74.78	CG
3	27626160	27626452	54	92	36.99	CHG
3	27626160	27626452	433	988	30.47	CHH
3	27785308	27785617	41	5	89.13	CG
3	27785308	27785617	1146	705	61.91	CHH
3	28228225	28228487	815	669	54.92	CHH
3	29591935	29592097	25	5	83.33	CG
3	29591935	29592097	4	2	66.67	CHG
3	29591935	29592097	229	145	61.23	CHH
3	29675163	29675476	36	2	94.74	CG
3	29675163	29675476	771	1046	42.43	CHH
3	29885011	29885181	27	0	100.00	CG
3	29885011	29885181	39	7	84.78	CHG
3	29885011	29885181	195	163	54.47	CHH
3	30100210	30100463	28	1	96.55	CG
3	30100210	30100463	412	655	38.61	CHH
3	30420791	30420983	703	426	62.27	CHH
3	30830679	30830818	816	382	68.11	CHH
3	31089191	31090510	1995	81	96.10	CG
3	31089191	31090510	1294	294	81.49	CHG
3	31089191	31090510	2242	4165	34.99	CHH
3	31423977	31424278	506	584	46.42	CHH
3	31722863	31723138	1195	574	67.55	CHH
3	32006376	32006716	26	5	83.87	CHG
3	32006376	32006716	1239	619	66.68	CHH
3	32110687	32111197	590	18	97.04	CG
3	32110687	32111197	390	127	75.44	CHG
3	32110687	32111197	1044	1351	43.59	CHH
3	32173553	32173723	60	33	64.52	CHG
3	32173553	32173723	214	598	26.35	CHH
3	32182087	32182430	52	3	94.55	CG
3	32182087	32182430	18	41	30.51	CHG
3	32182087	32182430	764	612	55.52	CHH
3	33684752	33685642	986	48	95.36	CG
3	33684752	33685642	480	361	57.07	CHG
3	33684752	33685642	933	4350	17.66	CHH
4	468669	468758	87	185	31.99	CHH
4	4915709	4916399	760	55	93.25	CG
4	4915709	4916399	372	126	74.70	CHG
4	4915709	4916399	1062	2198	32.58	CHH
4	7381268	7381662	155	10	93.94	CG
4	7381268	7381662	146	63	69.86	CHG
4	7381268	7381662	516	1328	27.98	CHH
4	7888722	7888904	60	1	98.36	CG
4	7888722	7888904	29	5	85.29	CHG
4	7888722	7888904	388	357	52.08	CHH
4	7955024	7955201	64	2	96.97	CG
4	7955024	7955201	34	4	89.47	CHG
4	7955024	7955201	626	217	74.26	CHH
4	15396846	15397090	254	24	91.37	CG
4	15396846	15397090	194	76	71.85	CHG
4	15396846	15397090	285	695	29.08	CHH
4	19683995	19684552	226	339	40.00	CG
4	19683995	19684552	170	501	25.34	CHG
4	19683995	19684552	491	2244	17.95	CHH
4	19744896	19745083	47	12	79.66	CG
4	19744896	19745083	299	527	36.20	CHH
4	20001003	20001260	64	12	84.21	CHG
4	20001003	20001260	996	519	65.74	CHH
4	20595423	20595521	18	2	90.00	CG
4	20595423	20595521	2	6	25.00	CHG
4	20595423	20595521	279	170	62.14	CHH
4	21627729	21627912	37	1	97.37	CG
4	21627729	21627912	24	5	82.76	CHG
4	21627729	21627912	367	168	68.60	CHH
4	21744228	21744373	68	21	76.40	CG
4	21744228	21744373	1	16	5.88	CHG
4	21744228	21744373	378	350	51.92	CHH
4	21934032	21934221	376	330	53.26	CHH
4	21962681	21962889	68	7	90.67	CG
4	21962681	21962889	44	26	62.86	CHG
4	21962681	21962889	268	511	34.40	CHH
4	22575513	22575843	1120	1310	46.09	CHH
4	24030042	24030690	313	15	95.43	CG
4	24030042	24030690	323	95	77.27	CHG
4	24030042	24030690	1411	2745	33.95	CHH
4	24127511	24127670	84	6	93.33	CG
4	24127511	24127670	40	4	90.91	CHG
4	24127511	24127670	739	292	71.68	CHH
4	25426804	25426964	11	23	32.35	CHG
4	25426804	25426964	354	596	37.26	CHH
4	25457672	25458128	845	26	97.01	CG
4	25457672	25458128	215	126	63.05	CHG
4	25457672	25458128	716	2032	26.06	CHH
4	25472006	25472224	8	20	28.57	CHG
4	25472006	25472224	215	459	31.90	CHH
4	25475165	25475574	131	4	97.04	CG
4	25475165	25475574	258	202	56.09	CHG
4	25475165	25475574	1129	1401	44.62	CHH
4	26530153	26530244	189	231	45.00	CHH
4	27630370	27630458	269	248	52.03	CHH
4	27903713	27903888	360	599	37.54	CHH
4	27907257	27907388	19	4	82.61	CG
4	27907257	27907388	2	16	11.11	CHG
4	27907257	27907388	360	315	53.33	CHH
4	28531802	28532069	31	5	86.11	CG
4	28531802	28532069	6	4	60.00	CHG
4	28531802	28532069	481	775	38.30	CHH
4	28847972	28848187	12	1	92.31	CG
4	28847972	28848187	3	0	100.00	CHG
4	28847972	28848187	293	730	28.64	CHH
4	29191225	29191443	43	0	100.00	CG
4	29191225	29191443	70	56	55.56	CHG
4	29191225	29191443	257	464	35.64	CHH
4	30022367	30022520	51	7	87.93	CG
4	30022367	30022520	278	285	49.38	CHH
4	30176025	30176485	149	14	91.41	CG
4	30176025	30176485	29	48	37.66	CHG
4	30176025	30176485	1544	1350	53.35	CHH
4	32693175	32693646	437	18	96.04	CG
4	32693175	32693646	305	112	73.14	CHG
4	32693175	32693646	437	1171	27.18	CHH
4	33655119	33655383	143	3	97.95	CG
4	33655119	33655383	395	1117	26.12	CHH
4	33656481	33656726	523	23	95.79	CG
4	33656481	33656726	21	68	23.60	CHG
4	33656481	33656726	141	863	14.04	CHH
4	33881401	33881625	285	14	95.32	CG
4	33881401	33881625	224	103	68.50	CHG
4	33881401	33881625	486	535	47.60	CHH
4	35050130	35050413	42	112	27.27	CG
4	35050130	35050413	57	160	26.27	CHG
4	35050130	35050413	291	1019	22.21	CHH
5	490310	490462	321	27	92.24	CG
5	490310	490462	276	74	78.86	CHG
5	490310	490462	255	720	26.15	CHH
5	1679699	1679790	329	239	57.92	CHH
5	2851958	2852160	461	646	41.64	CHH
5	4894101	4894252	460	415	52.57	CHH
5	5433067	5433323	83	3	96.51	CG
5	5433067	5433323	96	27	78.05	CHG
5	5433067	5433323	724	558	56.47	CHH
5	5754539	5754748	17	11	60.71	CG
5	5754539	5754748	6	15	28.57	CHG
5	5754539	5754748	166	287	36.64	CHH
5	6765407	6765604	58	2	96.67	CG
5	6765407	6765604	56	34	62.22	CHG
5	6765407	6765604	148	495	23.02	CHH
5	6820542	6820679	41	2	95.35	CG
5	6820542	6820679	11	8	57.89	CHG
5	6820542	6820679	460	388	54.25	CHH
5	7418842	7418942	208	69	75.09	CHH
5	7972537	7972780	28	1	96.55	CG
5	7972537	7972780	16	9	64.00	CHG
5	7972537	7972780	484	567	46.05	CHH
5	10755227	10755310	46	4	92.00	CG
5	10755227	10755310	64	182	26.02	CHH
5	10919623	10920166	381	59	86.59	CG
5	10919623	10920166	85	64	57.05	CHG
5	10919623	10920166	449	1862	19.43	CHH
5	16273063	16273157	145	249	36.80	CHH
5	16311105	16311318	39	0	100.00	CG
5	16311105	16311318	44	4	91.67	CHG
5	16311105	16311318	374	342	52.23	CHH
5	16856035	16856371	159	20	88.83	CG
5	16856035	16856371	253	83	75.30	CHG
5	16856035	16856371	491	1194	29.14	CHH
5	17137118	17137270	40	0	100.00	CG
5	17137118	17137270	764	282	73.04	CHH
5	17258135	17258245	41	1	97.62	CG
5	17258135	17258245	480	126	79.21	CHH
5	17317435	17317693	82	4	95.35	CG
5	17317435	17317693	113	30	79.02	CHG
5	17317435	17317693	833	800	51.01	CHH
5	19716275	19716490	41	2	95.35	CG
5	19716275	19716490	6	16	27.27	CHG
5	19716275	19716490	418	762	35.42	CHH
5	21149049	21149184	18	177	9.23	CG
5	21149049	21149184	27	166	13.99	CHG
5	21149049	21149184	58	711	7.54	CHH
5	21464548	21464805	493	571	46.33	CHH
5	21857485	21857720	217	10	95.59	CG
5	21857485	21857720	238	120	66.48	CHG
5	21857485	21857720	333	1509	18.08	CHH
5	21875509	21875764	227	10	95.78	CG
5	21875509	21875764	230	72	76.16	CHG
5	21875509	21875764	853	1273	40.12	CHH
5	22000757	22000964	28	6	82.35	CHG
5	22000757	22000964	704	294	70.54	CHH
5	22219878	22220102	1290	327	79.78	CHH
5	22429520	22429752	109	6	94.78	CG
5	22429520	22429752	47	32	59.49	CHG
5	22429520	22429752	749	775	49.15	CHH
5	22973734	22973969	982	838	53.96	CHH
5	23987118	23987584	427	35	92.42	CG
5	23987118	23987584	616	249	71.21	CHG
5	23987118	23987584	252	2849	8.13	CHH
5	24142822	24143088	177	6	96.72	CG
5	24142822	24143088	36	34	51.43	CHG
5	24142822	24143088	683	739	48.03	CHH
5	24848633	24848969	95	51	65.07	CHG
5	24848633	24848969	1146	1169	49.50	CHH
5	25347572	25347835	64	219	22.61	CG
5	25347572	25347835	39	223	14.89	CHG
5	25347572	25347835	155	898	14.72	CHH
5	25348057	25348813	114	110	50.89	CG
5	25348057	25348813	298	776	27.75	CHG
5	25348057	25348813	798	2835	21.97	CHH
5	25916465	25916630	22	8	73.33	CHG
5	25916465	25916630	212	395	34.93	CHH
5	26950841	26950938	14	4	77.78	CG
5	26950841	26950938	79	150	34.50	CHH
5	26989629	26989802	13	9	59.09	CHG
5	26989629	26989802	655	405	61.79	CHH
6	302524	302830	28	0	100.00	CG
6	302524	302830	748	499	59.98	CHH
6	2377299	2377436	28	26	51.85	CG
6	2377299	2377436	6	33	15.38	CHG
6	2377299	2377436	51	271	15.84	CHH
6	2717082	2717211	359	211	62.98	CHH
6	2924454	2924561	53	3	94.64	CG
6	2924454	2924561	203	135	60.06	CHH
6	3943947	3944133	345	838	29.16	CHH
6	4186290	4186414	194	309	38.57	CHH
6	5151759	5151869	116	113	50.66	CHH
6	5377103	5377226	24	36	40.00	CHG
6	5377103	5377226	522	537	49.29	CHH
6	6081368	6081698	38	387	8.94	CG
6	6081368	6081698	21	195	9.72	CHG
6	6081368	6081698	134	1371	8.90	CHH
6	7060562	7060710	518	454	53.29	CHH
6	7540043	7540265	98	2	98.00	CG
6	7540043	7540265	21	23	47.73	CHG
6	7540043	7540265	407	963	29.71	CHH
6	7540556	7540748	61	13	82.43	CG
6	7540556	7540748	425	692	38.05	CHH
6	7725720	7725950	294	13	95.77	CG
6	7725720	7725950	286	163	63.70	CHG
6	7725720	7725950	176	1043	14.44	CHH
6	8356414	8356617	737	465	61.31	CHH
6	8927960	8928209	37	3	92.50	CG
6	8927960	8928209	225	79	74.01	CHG
6	8927960	8928209	611	539	53.13	CHH
6	9469938	9470183	1080	347	75.68	CHH
6	11300952	11301165	25	6	80.65	CG
6	11300952	11301165	37	53	41.11	CHG
6	11300952	11301165	119	998	10.65	CHH
6	11305250	11305430	6	133	4.32	CG
6	11305250	11305430	5	19	20.83	CHG
6	11305250	11305430	118	394	23.05	CHH
6	11997277	11997419	147	13	91.88	CG
6	11997277	11997419	38	48	44.19	CHG
6	11997277	11997419	96	786	10.88	CHH
6	13738650	13738842	26	44	37.14	CG
6	13738650	13738842	19	139	12.03	CHG
6	13738650	13738842	100	784	11.31	CHH
6	13951510	13951630	73	3	96.05	CG
6	13951510	13951630	94	78	54.65	CHG
6	13951510	13951630	96	532	15.29	CHH
6	14809518	14809915	158	11	93.49	CG
6	14809518	14809915	172	74	69.92	CHG
6	14809518	14809915	1284	1093	54.02	CHH
6	19710274	19711097	367	113	76.46	CG
6	19710274	19711097	466	473	49.63	CHG
6	19710274	19711097	787	2543	23.63	CHH
6	20384125	20384463	36	203	15.06	CG
6	20384125	20384463	64	282	18.50	CHG
6	20384125	20384463	166	1575	9.53	CHH
6	22376044	22376666	175	42	80.65	CG
6	22376044	22376666	53	88	37.59	CHG
6	22376044	22376666	1007	2244	30.98	CHH
6	23395298	23395797	155	5	96.88	CG
6	23395298	23395797	68	16	80.95	CHG
6	23395298	23395797	1565	1074	59.30	CHH
6	23537611	23537873	46	10	82.14	CHG
6	23537611	23537873	376	580	39.33	CHH
6	24030066	24030155	73	22	76.84	CHG
6	24030066	24030155	313	57	84.59	CHH
6	24282820	24282990	74	13	85.06	CHG
6	24282820	24282990	944	706	57.21	CHH
6	25073298	25073513	90	5	94.74	CG
6	25073298	25073513	56	43	56.57	CHG
6	25073298	25073513	642	694	48.05	CHH
6	25078471	25078618	18	15	54.55	CHG
6	25078471	25078618	252	685	26.89	CHH
6	25314682	25315364	298	19	94.01	CG
6	25314682	25315364	281	68	80.52	CHG
6	25314682	25315364	1956	2935	39.99	CHH
6	26183206	26183498	52	6	89.66	CG
6	26183206	26183498	1501	568	72.55	CHH
6	26270983	26271153	35	5	87.50	CG
6	26270983	26271153	24	16	60.00	CHG
6	26270983	26271153	651	344	65.43	CHH
6	26899910	26900127	50	2	96.15	CG
6	26899910	26900127	832	615	57.50	CHH
6	27022910	27023085	216	14	93.91	CG
6	27022910	27023085	178	661	21.22	CHH
6	29399343	29399607	63	2	96.92	CG
6	29399343	29399607	17	35	32.69	CHG
6	29399343	29399607	619	884	41.18	CHH
6	30191023	30191331	175	11	94.09	CG
6	30191023	30191331	310	55	84.93	CHG
6	30191023	30191331	746	936	44.35	CHH
6	30403805	30404034	193	393	32.94	CHH
6	30913757	30913901	35	0	100.00	CG
6	30913757	30913901	4	0	100.00	CHG
6	30913757	30913901	205	97	67.88	CHH
7	436559	436644	84	31	73.04	CHH
7	553125	553382	18	16	52.94	CHG
7	553125	553382	666	953	41.14	CHH
7	1581483	1581569	27	32	45.76	CHG
7	1581483	1581569	158	644	19.70	CHH
7	2236802	2236948	76	3	96.20	CG
7	2236802	2236948	16	7	69.57	CHG
7	2236802	2236948	322	575	35.90	CHH
7	2529367	2529520	847	243	77.71	CHH
7	3142735	3143078	330	16	95.38	CG
7	3142735	3143078	269	119	69.33	CHG
7	3142735	3143078	646	1252	34.04	CHH
7	3169312	3169590	17	22	43.59	CHG
7	3169312	3169590	849	943	47.38	CHH
7	3220899	3221205	42	4	91.30	CG
7	3220899	3221205	1154	734	61.12	CHH
7	3739834	3740067	90	3	96.77	CG
7	3739834	3740067	45	17	72.58	CHG
7	3739834	3740067	833	535	60.89	CHH
7	4348410	4348541	21	50	29.58	CG
7	4348410	4348541	19	45	29.69	CHG
7	4348410	4348541	56	418	11.81	CHH
7	5121301	5121458	54	8	87.10	CG
7	5121301	5121458	28	3	90.32	CHG
7	5121301	5121458	359	356	50.21	CHH
7	6141659	6141862	263	15	94.60	CG
7	6141659	6141862	142	38	78.89	CHG
7	6141659	6141862	393	583	40.27	CHH
7	7806227	7806511	27	7	79.41	CHG
7	7806227	7806511	949	462	67.26	CHH
7	8049142	8049326	163	7	95.88	CG
7	8049142	8049326	31	40	43.66	CHG
7	8049142	8049326	101	450	18.33	CHH
7	8294134	8294483	15	260	5.45	CG
7	8294134	8294483	49	335	12.76	CHG
7	8294134	8294483	244	1815	11.85	CHH
7	8334119	8334358	26	18	59.09	CHG
7	8334119	8334358	1064	497	68.16	CHH
7	8993394	8993705	86	4	95.56	CG
7	8993394	8993705	815	997	44.98	CHH
7	13286370	13286485	247	446	35.64	CHH
7	15188698	15188829	18	10	64.29	CHG
7	15188698	15188829	127	445	22.20	CHH
7	15431878	15432092	110	7	94.02	CG
7	15431878	15432092	31	15	67.39	CHG
7	15431878	15432092	718	472	60.34	CHH
7	15677983	15678606	218	435	33.38	CG
7	15677983	15678606	166	502	24.85	CHG
7	15677983	15678606	502	2492	16.77	CHH
7	16599468	16599909	71	24	74.74	CG
7	16599468	16599909	121	291	29.37	CHG
7	16599468	16599909	254	1478	14.67	CHH
7	17099241	17099723	30	6	83.33	CHG
7	17099241	17099723	1897	1078	63.76	CHH
7	17790357	17790553	41	15	73.21	CG
7	17790357	17790553	81	72	52.94	CHG
7	17790357	17790553	933	646	59.09	CHH
7	18624941	18625154	33	4	89.19	CG
7	18624941	18625154	42	18	70.00	CHG
7	18624941	18625154	695	792	46.74	CHH
7	18712663	18712940	784	807	49.28	CHH
7	19254932	19255653	141	392	26.45	CG
7	19254932	19255653	254	1228	17.14	CHG
7	19254932	19255653	574	3269	14.94	CHH
7	20129015	20129222	748	700	51.66	CHH
7	20150949	20151108	35	1	97.22	CG
7	20150949	20151108	59	21	73.75	CHG
7	20150949	20151108	225	664	25.31	CHH
7	20424851	20425235	37	2	94.87	CG
7	20424851	20425235	793	1162	40.56	CHH
7	21311702	21311873	83	5	94.32	CG
7	21311702	21311873	118	25	82.52	CHG
7	21311702	21311873	766	488	61.08	CHH
7	22392996	22393180	183	19	90.59	CG
7	22392996	22393180	157	32	83.07	CHG
7	22392996	22393180	301	947	24.12	CHH
7	22532503	22532689	756	587	56.29	CHH
7	22933956	22934220	520	17	96.83	CG
7	22933956	22934220	175	75	70.00	CHG
7	22933956	22934220	490	969	33.58	CHH
7	24616760	24617444	657	63	91.25	CG
7	24616760	24617444	483	186	72.20	CHG
7	24616760	24617444	910	1960	31.71	CHH
7	24811648	24811977	50	1	98.04	CG
7	24811648	24811977	22	12	64.71	CHG
7	24811648	24811977	1144	1103	50.91	CHH
7	24948880	24949085	699	392	64.07	CHH
7	25909857	25910353	268	26	91.16	CG
7	25909857	25910353	324	153	67.92	CHG
7	25909857	25910353	777	1831	29.79	CHH
7	26251607	26251758	374	220	62.96	CHH
7	26258085	26258557	778	30	96.29	CG
7	26258085	26258557	213	69	75.53	CHG
7	26258085	26258557	1006	1282	43.97	CHH
7	27119822	27120089	37	3	92.50	CG
7	27119822	27120089	11	29	27.50	CHG
7	27119822	27120089	680	1074	38.77	CHH
7	27169621	27169836	9	33	21.43	CG
7	27169621	27169836	78	235	24.92	CHG
7	27169621	27169836	217	1097	16.51	CHH
7	27307263	27307688	331	12	96.50	CG
7	27307263	27307688	245	117	67.68	CHG
7	27307263	27307688	769	982	43.92	CHH
7	28376367	28376563	64	5	92.75	CG
7	28376367	28376563	53	17	75.71	CHG
7	28376367	28376563	599	625	48.94	CHH
7	29243799	29244004	631	333	65.46	CHH
7	29311074	29311344	680	559	54.88	CHH
7	29467990	29468204	895	524	63.07	CHH
8	1575049	1575210	431	610	41.40	CHH
8	1623373	1623626	33	0	100.00	CG
8	1623373	1623626	5	18	21.74	CHG
8	1623373	1623626	698	663	51.29	CHH
8	2431336	2431426	49	81	37.69	CG
8	2431336	2431426	8	7	53.33	CHG
8	2431336	2431426	155	483	24.29	CHH
8	3073639	3073816	23	53	30.26	CG
8	3073639	3073816	51	129	28.33	CHG
8	3073639	3073816	166	512	24.48	CHH
8	3388417	3388667	70	16	81.40	CG
8	3388417	3388667	38	33	53.52	CHG
8	3388417	3388667	1020	729	58.32	CHH
8	3751907	3752073	210	28	88.24	CG
8	3751907	3752073	100	74	57.47	CHG
8	3751907	3752073	78	769	9.21	CHH
8	3958363	3958508	296	257	53.53	CHH
8	5131858	5132029	84	16	84.00	CHG
8	5131858	5132029	798	579	57.95	CHH
8	5321619	5321826	50	3	94.34	CG
8	5321619	5321826	7	4	63.64	CHG
8	5321619	5321826	564	439	56.23	CHH
8	5680035	5680214	72	4	94.74	CG
8	5680035	5680214	75	14	84.27	CHG
8	5680035	5680214	339	598	36.18	CHH
8	5836841	5837082	116	3	97.48	CG
8	5836841	5837082	616	660	48.28	CHH
8	6111458	6111746	219	4	98.21	CG
8	6111458	6111746	156	83	65.27	CHG
8	6111458	6111746	426	1605	20.97	CHH
8	6753823	6754136	36	0	100.00	CG
8	6753823	6754136	73	18	80.22	CHG
8	6753823	6754136	608	644	48.56	CHH
8	7603360	7603612	68	0	100.00	CG
8	7603360	7603612	650	486	57.22	CHH
8	8071926	8072156	247	8	96.86	CG
8	8071926	8072156	49	19	72.06	CHG
8	8071926	8072156	548	761	41.86	CHH
8	10060129	10060270	813	274	74.79	CHH
8	10886885	10887057	36	9	80.00	CG
8	10886885	10887057	4	6	40.00	CHG
8	10886885	10887057	115	388	22.86	CHH
8	11782944	11783090	48	16	75.00	CHG
8	11782944	11783090	384	551	41.07	CHH
8	12350212	12350309	22	2	91.67	CG
8	12350212	12350309	1	8	11.11	CHG
8	12350212	12350309	198	229	46.37	CHH
8	15503593	15503835	43	1	97.73	CG
8	15503593	15503835	1078	610	63.86	CHH
8	18141156	18141305	152	306	33.19	CHH
8	19423131	19423387	24	12	66.67	CG
8	19423131	19423387	7	6	53.85	CHG
8	19423131	19423387	983	478	67.28	CHH
8	20377385	20377714	785	35	95.73	CG
8	20377385	20377714	116	91	56.04	CHG
8	20377385	20377714	354	1706	17.18	CHH
8	20558563	20558824	29	7	80.56	CG
8	20558563	20558824	26	12	68.42	CHG
8	20558563	20558824	507	382	57.03	CHH
8	21654366	21654527	100	45	68.97	CG
8	21654366	21654527	81	64	55.86	CHG
8	21654366	21654527	397	348	53.29	CHH
8	22741998	22742320	13	19	40.62	CHG
8	22741998	22742320	920	871	51.37	CHH
8	22776595	22776863	30	1	96.77	CG
8	22776595	22776863	138	50	73.40	CHG
8	22776595	22776863	544	511	51.56	CHH
8	22948102	22948411	31	1	96.88	CG
8	22948102	22948411	760	600	55.88	CHH
8	23349964	23350100	87	12	87.88	CG
8	23349964	23350100	419	742	36.09	CHH
8	23488434	23488729	303	39	88.60	CG
8	23488434	23488729	132	71	65.02	CHG
8	23488434	23488729	684	1623	29.65	CHH
8	24309357	24309533	17	111	13.28	CG
8	24309357	24309533	75	248	23.22	CHG
8	24309357	24309533	246	867	22.10	CHH
8	24422312	24422568	40	4	90.91	CG
8	24422312	24422568	71	49	59.17	CHG
8	24422312	24422568	878	802	52.26	CHH
8	24735337	24736197	349	153	69.52	CG
8	24735337	24736197	250	566	30.64	CHG
8	24735337	24736197	1165	4492	20.59	CHH
8	24736834	24737078	372	53	87.53	CG
8	24736834	24737078	59	100	37.11	CHG
8	24736834	24737078	156	1077	12.65	CHH
8	24750449	24750953	279	38	88.01	CG
8	24750449	24750953	293	144	67.05	CHG
8	24750449	24750953	523	2613	16.68	CHH
8	24768225	24768508	92	32	74.19	CG
8	24768225	24768508	41	168	19.62	CHG
8	24768225	24768508	172	1594	9.74	CHH
8	24784953	24785097	76	2	97.44	CG
8	24784953	24785097	39	19	67.24	CHG
8	24784953	24785097	195	678	22.34	CHH
8	24834030	24834325	77	3	96.25	CG
8	24834030	24834325	37	5	88.10	CHG
8	24834030	24834325	1087	762	58.79	CHH
8	24968997	24969171	21	0	100.00	CG
8	24968997	24969171	18	5	78.26	CHG
8	24968997	24969171	144	100	59.02	CHH
8	26169264	26169435	252	10	96.18	CG
8	26169264	26169435	50	28	64.10	CHG
8	26169264	26169435	368	262	58.41	CHH
8	26441035	26441114	30	31	49.18	CHG
8	26441035	26441114	156	259	37.59	CHH
8	26827794	26828034	48	155	23.65	CG
8	26827794	26828034	48	119	28.74	CHG
8	26827794	26828034	213	512	29.38	CHH
8	27623734	27623958	339	19	94.69	CG
8	27623734	27623958	185	87	68.01	CHG
8	27623734	27623958	440	716	38.06	CHH
8	28152674	28152872	764	278	73.32	CHH
8	28409753	28410078	95	1	98.96	CG
8	28409753	28410078	124	10	92.54	CHG
8	28409753	28410078	1024	1143	47.25	CHH
9	1254705	1254916	186	14	93.00	CG
9	1254705	1254916	11	7	61.11	CHG
9	1254705	1254916	322	601	34.89	CHH
9	1884036	1884200	342	526	39.40	CHH
9	3634113	3634220	30	6	83.33	CHG
9	3634113	3634220	373	252	59.68	CHH
9	3933418	3933532	33	1	97.06	CG
9	3933418	3933532	25	9	73.53	CHG
9	3933418	3933532	338	236	58.89	CHH
9	4570159	4570785	603	36	94.37	CG
9	4570159	4570785	642	171	78.97	CHG
9	4570159	4570785	1005	2799	26.42	CHH
9	7158967	7159348	17	49	25.76	CG
9	7158967	7159348	28	107	20.74	CHG
9	7158967	7159348	230	1018	18.43	CHH
9	10378957	10379055	78	115	40.41	CG
9	10378957	10379055	28	137	16.97	CHG
9	10378957	10379055	47	464	9.20	CHH
9	10754150	10754480	48	4	92.31	CG
9	10754150	10754480	92	15	85.98	CHG
9	10754150	10754480	1259	834	60.15	CHH
9	11037393	11037551	441	564	43.88	CHH
9	14633566	14633811	209	5	97.66	CG
9	14633566	14633811	145	27	84.30	CHG
9	14633566	14633811	854	722	54.19	CHH
9	16086094	16086273	56	12	82.35	CG
9	16086094	16086273	30	23	56.60	CHG
9	16086094	16086273	124	180	40.79	CHH
9	16215726	16215834	432	429	50.17	CHH
9	16663866	16664244	167	136	55.12	CG
9	16663866	16664244	99	384	20.50	CHG
9	16663866	16664244	325	1996	14.00	CHH
9	16928122	16928188	119	441	21.25	CHH
9	17420619	17420974	60	4	93.75	CG
9	17420619	17420974	154	46	77.00	CHG
9	17420619	17420974	476	1387	25.55	CHH
9	19098095	19098253	29	0	100.00	CG
9	19098095	19098253	46	12	79.31	CHG
9	19098095	19098253	481	296	61.90	CHH
9	21886164	21886293	128	298	30.05	CHH
10	368179	368447	46	23	66.67	CHG
10	368179	368447	655	988	39.87	CHH
10	404795	404929	162	5	97.01	CG
10	404795	404929	2	22	8.33	CHG
10	404795	404929	132	233	36.16	CHH
10	1838124	1838526	74	4	94.87	CG
10	1838124	1838526	29	3	90.62	CHG
10	1838124	1838526	1062	717	59.70	CHH
10	1890175	1890720	400	23	94.56	CG
10	1890175	1890720	300	334	47.32	CHG
10	1890175	1890720	755	2855	20.91	CHH
10	2576261	2576420	1195	612	66.13	CHH
10	3444619	3445144	126	92	57.80	CG
10	3444619	3445144	110	181	37.80	CHG
10	3444619	3445144	238	1148	17.17	CHH
10	5680298	5680662	86	761	10.15	CG
10	5680298	5680662	139	799	14.82	CHG
10	5680298	5680662	261	1456	15.20	CHH
10	6420591	6420748	48	103	31.79	CHG
10	6420591	6420748	188	462	28.92	CHH
10	7535391	7535626	351	490	41.74	CHH
10	8506073	8506152	29	25	53.70	CG
10	8506073	8506152	98	219	30.91	CHH
10	9497876	9498140	166	6	96.51	CG
10	9497876	9498140	31	8	79.49	CHG
10	9497876	9498140	978	463	67.87	CHH
10	11192936	11193103	83	2	97.65	CG
10	11192936	11193103	34	51	40.00	CHG
10	11192936	11193103	253	200	55.85	CHH
10	11922949	11923127	34	2	94.44	CG
10	11922949	11923127	88	18	83.02	CHG
10	11922949	11923127	228	184	55.34	CHH
10	12206026	12206233	24	9	72.73	CG
10	12206026	12206233	12	19	38.71	CHG
10	12206026	12206233	640	588	52.12	CHH
10	13147744	13147963	247	27	90.15	CG
10	13147744	13147963	84	26	76.36	CHG
10	13147744	13147963	344	1047	24.73	CHH
10	15011394	15011890	351	85	80.50	CG
10	15011394	15011890	138	151	47.75	CHG
10	15011394	15011890	548	1423	27.80	CHH
10	15870323	15870605	64	5	92.75	CG
10	15870323	15870605	136	164	45.33	CHG
10	15870323	15870605	300	682	30.55	CHH
10	15986243	15986518	1	17	5.56	CG
10	15986243	15986518	14	88	13.73	CHG
10	15986243	15986518	58	625	8.49	CHH
10	15991567	15992011	76	607	11.13	CG
10	15991567	15992011	150	854	14.94	CHG
10	15991567	15992011	512	2592	16.49	CHH
10	16003795	16003950	10	15	40.00	CG
10	16003795	16003950	32	126	20.25	CHG
10	16003795	16003950	159	416	27.65	CHH
10	16208913	16209034	43	0	100.00	CG
10	16208913	16209034	46	7	86.79	CHG
10	16208913	16209034	621	157	79.82	CHH
10	17033161	17033405	518	31	94.35	CG
10	17033161	17033405	147	66	69.01	CHG
10	17033161	17033405	550	879	38.49	CHH
10	18046108	18046282	796	364	68.62	CHH
10	18101624	18101816	157	8	95.15	CG
10	18101624	18101816	73	61	54.48	CHG
10	18101624	18101816	264	354	42.72	CHH
10	18561922	18562175	228	11	95.40	CG
10	18561922	18562175	273	91	75.00	CHG
10	18561922	18562175	443	1101	28.69	CHH
10	18632472	18632641	359	513	41.17	CHH
10	19698082	19698409	80	1	98.77	CG
10	19698082	19698409	102	10	91.07	CHG
10	19698082	19698409	1072	966	52.60	CHH
10	19941399	19941637	34	2	94.44	CG
10	19941399	19941637	597	659	47.53	CHH
10	20291443	20292459	1169	36	97.01	CG
10	20291443	20292459	557	142	79.69	CHG
10	20291443	20292459	987	3085	24.24	CHH
10	20762313	20762534	9	96	8.57	CG
10	20762313	20762534	19	213	8.19	CHG
10	20762313	20762534	78	581	11.84	CHH
10	20778820	20779263	50	342	12.76	CG
10	20778820	20779263	131	701	15.75	CHG
10	20778820	20779263	395	2215	15.13	CHH
10	21827999	21828272	47	23	67.14	CHG
10	21827999	21828272	1098	688	61.48	CHH
10	22689536	22689741	864	836	50.82	CHH
10	22690213	22690439	833	196	80.95	CHH
11	569050	569549	54	2	96.43	CG
11	569050	569549	219	65	77.11	CHG
11	569050	569549	1803	923	66.14	CHH
11	1200546	1200636	27	1	96.43	CG
11	1200546	1200636	20	9	68.97	CHG
11	1200546	1200636	170	324	34.41	CHH
11	1713742	1714360	521	104	83.36	CG
11	1713742	1714360	368	195	65.36	CHG
11	1713742	1714360	1348	2719	33.14	CHH
11	1878755	1878890	34	51	40.00	CG
11	1878755	1878890	54	94	36.49	CHG
11	1878755	1878890	187	465	28.68	CHH
11	1932470	1932979	53	4	92.98	CG
11	1932470	1932979	109	48	69.43	CHG
11	1932470	1932979	1590	1259	55.81	CHH
11	1947206	1947542	24	2	92.31	CG
11	1947206	1947542	473	691	40.64	CHH
11	2378673	2378944	191	15	92.72	CG
11	2378673	2378944	32	21	60.38	CHG
11	2378673	2378944	1255	583	68.28	CHH
11	5554822	5555192	72	1	98.63	CG
11	5554822	5555192	310	43	87.82	CHG
11	5554822	5555192	1046	742	58.50	CHH
11	7332863	7333120	44	7	86.27	CG
11	7332863	7333120	51	26	66.23	CHG
11	7332863	7333120	640	508	55.75	CHH
11	7589703	7589963	29	1	96.67	CG
11	7589703	7589963	25	2	92.59	CHG
11	7589703	7589963	570	484	54.08	CHH
11	7735709	7735929	88	20	81.48	CG
11	7735709	7735929	43	75	36.44	CHG
11	7735709	7735929	173	653	20.94	CHH
11	8045721	8046006	344	141	70.93	CG
11	8045721	8046006	19	114	14.29	CHG
11	8045721	8046006	182	1375	11.69	CHH
11	9151816	9151968	28	16	63.64	CHG
11	9151816	9151968	687	529	56.50	CHH
11	11662804	11663369	222	12	94.87	CG
11	11662804	11663369	359	65	84.67	CHG
11	11662804	11663369	1303	2257	36.60	CHH
11	11787143	11787246	403	398	50.31	CHH
11	13632522	13632647	46	188	19.66	CHG
11	13632522	13632647	123	633	16.27	CHH
11	14005572	14005699	170	384	30.69	CHH
11	14006096	14006227	168	404	29.37	CHH
11	14311549	14311878	617	22	96.56	CG
11	14311549	14311878	175	24	87.94	CHG
11	14311549	14311878	512	1056	32.65	CHH
11	16006890	16007049	46	1	97.87	CG
11	16006890	16007049	28	7	80.00	CHG
11	16006890	16007049	686	462	59.76	CHH
11	16339318	16339504	158	19	89.27	CG
11	16339318	16339504	4	22	15.38	CHG
11	16339318	16339504	284	597	32.24	CHH
11	16884445	16884740	91	6	93.81	CG
11	16884445	16884740	1098	513	68.16	CHH
11	16979978	16980123	11	19	36.67	CG
11	16979978	16980123	233	525	30.74	CHH
11	18415594	18415828	31	2	93.94	CG
11	18415594	18415828	304	911	25.02	CHH
11	19478887	19479310	264	14	94.96	CG
11	19478887	19479310	299	258	53.68	CHG
11	19478887	19479310	748	1426	34.41	CHH
11	19817539	19817761	31	26	54.39	CHG
11	19817539	19817761	732	493	59.76	CHH
11	21197890	21198236	46	36	56.10	CHG
11	21197890	21198236	1804	945	65.62	CHH
11	21255747	21256111	242	12	95.28	CG
11	21255747	21256111	328	68	82.83	CHG
11	21255747	21256111	414	1224	25.27	CHH
11	21412886	21413094	204	5	97.61	CG
11	21412886	21413094	87	76	53.37	CHG
11	21412886	21413094	222	482	31.53	CHH
11	22039593	22039763	64	18	78.05	CHG
11	22039593	22039763	541	426	55.95	CHH
11	23435202	23435727	37	75	33.04	CG
11	23435202	23435727	211	463	31.31	CHG
11	23435202	23435727	551	1945	22.08	CHH
11	24395075	24395260	28	110	20.29	CG
11	24395075	24395260	10	48	17.24	CHG
11	24395075	24395260	106	682	13.45	CHH
11	24851409	24851658	305	7	97.76	CG
11	24851409	24851658	359	42	89.53	CHG
11	24851409	24851658	574	1094	34.41	CHH
11	24991462	24991590	38	3	92.68	CG
11	24991462	24991590	90	58	60.81	CHG
11	24991462	24991590	500	208	70.62	CHH
11	25110396	25110624	69	6	92.00	CG
11	25110396	25110624	9	12	42.86	CHG
11	25110396	25110624	374	753	33.19	CHH
11	25586084	25586542	220	20	91.67	CG
11	25586084	25586542	213	63	77.17	CHG
11	25586084	25586542	816	2325	25.98	CHH
11	25784649	25784892	105	12	89.74	CG
11	25784649	25784892	139	54	72.02	CHG
11	25784649	25784892	480	1205	28.49	CHH
11	25810584	25810761	10	7	58.82	CHG
11	25810584	25810761	262	406	39.22	CHH
11	25853608	25853790	30	5	85.71	CG
11	25853608	25853790	397	659	37.59	CHH
11	26205598	26205997	85	32	72.65	CG
11	26205598	26205997	34	176	16.19	CHG
11	26205598	26205997	265	1558	14.54	CHH
11	27682635	27683583	947	27	97.23	CG
11	27682635	27683583	600	231	72.20	CHG
11	27682635	27683583	786	1976	28.46	CHH
11	28181129	28181426	48	8	85.71	CG
11	28181129	28181426	375	657	36.34	CHH
12	217168	217301	67	3	95.71	CG
12	217168	217301	21	14	60.00	CHG
12	217168	217301	475	323	59.52	CHH
12	552916	553122	415	526	44.10	CHH
12	793700	793972	47	6	88.68	CHG
12	793700	793972	1041	599	63.48	CHH
12	961100	961336	70	25	73.68	CG
12	961100	961336	169	265	38.94	CHG
12	961100	961336	335	1169	22.27	CHH
12	1049649	1049822	1041	497	67.69	CHH
12	1548545	1548692	47	12	79.66	CHG
12	1548545	1548692	312	315	49.76	CHH
12	1801896	1802216	91	33	73.39	CG
12	1801896	1802216	97	93	51.05	CHG
12	1801896	1802216	291	1031	22.01	CHH
12	1816647	1816809	46	2	95.83	CG
12	1816647	1816809	449	399	52.95	CHH
12	2466366	2466538	60	10	85.71	CHG
12	2466366	2466538	731	577	55.89	CHH
12	5021892	5024116	813	61	93.02	CG
12	5021892	5024116	1626	1037	61.06	CHG
12	5021892	5024116	2844	9067	23.88	CHH
12	5024498	5027592	913	46	95.20	CG
12	5024498	5027592	1322	1302	50.38	CHG
12	5024498	5027592	3488	11369	23.48	CHH
12	7849278	7849532	182	19	90.55	CG
12	7849278	7849532	2	9	18.18	CHG
12	7849278	7849532	215	851	20.17	CHH
12	10927998	10928435	19	3	86.36	CG
12	10927998	10928435	24	69	25.81	CHG
12	10927998	10928435	370	1618	18.61	CHH
12	11362213	11362441	31	2	93.94	CG
12	11362213	11362441	21	9	70.00	CHG
12	11362213	11362441	548	413	57.02	CHH
12	12440435	12440631	301	347	46.45	CG
12	12440435	12440631	61	279	17.94	CHG
12	12440435	12440631	130	1058	10.94	CHH
12	12966688	12966790	97	115	45.75	CHH
12	15202347	15202507	105	3	97.22	CG
12	15202347	15202507	29	22	56.86	CHG
12	15202347	15202507	204	874	18.92	CHH
12	17986589	17987047	223	6	97.38	CG
12	17986589	17987047	225	83	73.05	CHG
12	17986589	17987047	720	2205	24.62	CHH
12	18936325	18936741	763	37	95.38	CG
12	18936325	18936741	114	60	65.52	CHG
12	18936325	18936741	762	1521	33.38	CHH
12	19120680	19120950	47	34	58.02	CG
12	19120680	19120950	32	18	64.00	CHG
12	19120680	19120950	887	974	47.66	CHH
12	19156150	19156313	46	0	100.00	CG
12	19156150	19156313	103	16	86.55	CHG
12	19156150	19156313	655	311	67.81	CHH
12	21483416	21483688	174	6	96.67	CG
12	21483416	21483688	304	66	82.16	CHG
12	21483416	21483688	632	1717	26.91	CHH
12	21831911	21832012	194	340	36.33	CHH
12	22451242	22451490	24	28	46.15	CHG
12	22451242	22451490	1149	877	56.71	CHH
12	22462835	22463098	6	138	4.17	CG
12	22462835	22463098	56	167	25.11	CHG
12	22462835	22463098	531	779	40.53	CHH
12	22503691	22503984	117	4	96.69	CG
12	22503691	22503984	76	23	76.77	CHG
12	22503691	22503984	452	541	45.52	CHH
12	23090136	23090406	35	3	92.11	CG
12	23090136	23090406	721	729	49.72	CHH
12	23253874	23254115	95	2	97.94	CG
12	23253874	23254115	20	20	50.00	CHG
12	23253874	23254115	906	540	62.66	CHH
12	23419385	23419484	26	7	78.79	CG
12	23419385	23419484	134	276	32.68	CHH
12	23569460	23569549	57	6	90.48	CG
12	23569460	23569549	14	8	63.64	CHG
12	23569460	23569549	76	213	26.30	CHH
12	24432087	24432276	211	544	27.95	CHH
12	25119408	25119711	278	11	96.19	CG
12	25119408	25119711	146	159	47.87	CHG
12	25119408	25119711	318	1201	20.93	CHH
12	25285613	25285813	40	4	90.91	CG
12	25285613	25285813	877	594	59.62	CHH
12	25690213	25690552	147	86	63.09	CG
12	25690213	25690552	49	82	37.40	CHG
12	25690213	25690552	278	930	23.01	CHH
12	26052913	26053003	52	139	27.23	CHG
12	26052913	26053003	117	458	20.35	CHH
