1	2522874	2523845	1372	109	92.64	CG
1	2522874	2523845	492	322	60.44	CHG
1	2522874	2523845	503	3526	12.48	CHH
1	2555530	2559489	7012	304	95.84	CG
1	2555530	2559489	4642	1388	76.98	CHG
1	2555530	2559489	4236	16536	20.39	CHH
1	9039676	9042883	2192	77	96.61	CG
1	9039676	9042883	1952	238	89.13	CHG
1	9039676	9042883	6479	9027	41.78	CHH
1	9436233	9436871	436	592	42.41	CG
1	9436233	9436871	244	857	22.16	CHG
1	9436233	9436871	342	1714	16.63	CHH
1	9436980	9439656	3564	149	95.99	CG
1	9436980	9439656	2569	584	81.48	CHG
1	9436980	9439656	3827	10317	27.06	CHH
1	10925172	10926364	1213	148	89.13	CG
1	10925172	10926364	919	600	60.50	CHG
1	10925172	10926364	1494	4499	24.93	CHH
1	11189866	11190945	465	118	79.76	CG
1	11189866	11190945	577	439	56.79	CHG
1	11189866	11190945	1278	3382	27.42	CHH
1	11197263	11198365	1297	32	97.59	CG
1	11197263	11198365	1231	259	82.62	CHG
1	11197263	11198365	1890	4543	29.38	CHH
1	11198486	11199929	2002	139	93.51	CG
1	11198486	11199929	1297	597	68.48	CHG
1	11198486	11199929	1161	5782	16.72	CHH
1	11360960	11365572	2753	5519	33.28	CG
1	11360960	11365572	1925	4364	30.61	CHG
1	11360960	11365572	4921	18259	21.23	CHH
1	11470807	11475439	3343	269	92.55	CG
1	11470807	11475439	3259	1831	64.03	CHG
1	11470807	11475439	4710	18355	20.42	CHH
1	12142608	12144844	1487	512	74.39	CG
1	12142608	12144844	935	1139	45.08	CHG
1	12142608	12144844	739	7099	9.43	CHH
1	14333116	14335930	3200	628	83.59	CG
1	14333116	14335930	1658	994	62.52	CHG
1	14333116	14335930	2841	9578	22.88	CHH
1	14336094	14337863	1284	144	89.92	CG
1	14336094	14337863	1022	572	64.12	CHG
1	14336094	14337863	2191	4822	31.24	CHH
1	14337928	14339960	1623	262	86.10	CG
1	14337928	14339960	681	475	58.91	CHG
1	14337928	14339960	1629	5260	23.65	CHH
1	14959930	14960645	528	159	76.86	CG
1	14959930	14960645	170	276	38.12	CHG
1	14959930	14960645	254	1574	13.89	CHH
1	14961862	14963386	1250	738	62.88	CG
1	14961862	14963386	927	1110	45.51	CHG
1	14961862	14963386	1532	6128	20.00	CHH
1	20810206	20811074	299	188	61.40	CG
1	20810206	20811074	363	278	56.63	CHG
1	20810206	20811074	602	1572	27.69	CHH
1	20811098	20811489	86	167	33.99	CG
1	20811098	20811489	119	267	30.83	CHG
1	20811098	20811489	389	1692	18.69	CHH
1	25253636	25254054	255	319	44.43	CG
1	25253636	25254054	198	221	47.26	CHG
1	25253636	25254054	481	2217	17.83	CHH
1	25311949	25313299	946	497	65.56	CG
1	25311949	25313299	412	454	47.58	CHG
1	25311949	25313299	706	3897	15.34	CHH
1	28200381	28203326	1872	141	93.00	CG
1	28200381	28203326	1356	502	72.98	CHG
1	28200381	28203326	4327	8560	33.58	CHH
1	28203588	28206337	1170	134	89.72	CG
1	28203588	28206337	1403	682	67.29	CHG
1	28203588	28206337	2563	9154	21.87	CHH
1	28212221	28215906	3041	239	92.71	CG
1	28212221	28215906	1722	657	72.38	CHG
1	28212221	28215906	3834	14751	20.63	CHH
1	29053362	29056648	1628	2183	42.72	CG
1	29053362	29056648	1159	3123	27.07	CHG
1	29053362	29056648	2217	12553	15.01	CHH
1	30809134	30810708	847	187	81.91	CG
1	30809134	30810708	283	220	56.26	CHG
1	30809134	30810708	928	4005	18.81	CHH
1	30810807	30811279	319	68	82.43	CG
1	30810807	30811279	136	208	39.53	CHG
1	30810807	30811279	262	2009	11.54	CHH
1	39322772	39323918	915	259	77.94	CG
1	39322772	39323918	358	412	46.49	CHG
1	39322772	39323918	993	4141	19.34	CHH
2	5902991	5906606	1732	319	84.45	CG
2	5902991	5906606	2241	1483	60.18	CHG
2	5902991	5906606	5277	11559	31.34	CHH
2	6795753	6796945	343	527	39.43	CG
2	6795753	6796945	935	712	56.77	CHG
2	6795753	6796945	1608	2796	36.51	CHH
2	6797357	6798332	592	246	70.64	CG
2	6797357	6798332	390	461	45.83	CHG
2	6797357	6798332	1024	2764	27.03	CHH
2	7605632	7607483	729	78	90.33	CG
2	7605632	7607483	555	270	67.27	CHG
2	7605632	7607483	1750	7687	18.54	CHH
2	7607588	7609075	1108	350	75.99	CG
2	7607588	7609075	521	562	48.11	CHG
2	7607588	7609075	1686	6288	21.14	CHH
2	8343843	8345084	969	152	86.44	CG
2	8343843	8345084	660	357	64.90	CHG
2	8343843	8345084	1589	5333	22.96	CHH
2	8345254	8345972	480	63	88.40	CG
2	8345254	8345972	316	257	55.15	CHG
2	8345254	8345972	616	3358	15.50	CHH
2	13582835	13586359	2761	142	95.11	CG
2	13582835	13586359	2625	999	72.43	CHG
2	13582835	13586359	3531	13352	20.91	CHH
2	19468985	19471775	2394	2577	48.16	CG
2	19468985	19471775	983	2280	30.13	CHG
2	19468985	19471775	2299	9812	18.98	CHH
2	34952932	34953515	896	149	85.74	CG
2	34952932	34953515	485	256	65.45	CHG
2	34952932	34953515	359	3867	8.50	CHH
3	12710232	12710825	946	137	87.35	CG
3	12710232	12710825	275	316	46.53	CHG
3	12710232	12710825	449	3515	11.33	CHH
3	15612855	15613394	320	26	92.49	CG
3	15612855	15613394	506	242	67.65	CHG
3	15612855	15613394	841	1985	29.76	CHH
3	16165130	16166316	698	93	88.24	CG
3	16165130	16166316	512	357	58.92	CHG
3	16165130	16166316	693	3056	18.48	CHH
3	16790757	16792301	1489	726	67.22	CG
3	16790757	16792301	656	813	44.66	CHG
3	16790757	16792301	895	5193	14.70	CHH
3	20791633	20793625	1677	491	77.35	CG
3	20791633	20793625	1518	1031	59.55	CHG
3	20791633	20793625	1802	9160	16.44	CHH
3	22406159	22410666	2372	721	76.69	CG
3	22406159	22410666	3303	1133	74.46	CHG
3	22406159	22410666	7245	15748	31.51	CHH
3	24566821	24572140	4741	298	94.09	CG
3	24566821	24572140	4544	1337	77.27	CHG
3	24566821	24572140	5690	20974	21.34	CHH
3	24572855	24573143	131	2	98.50	CG
3	24572855	24573143	89	58	60.54	CHG
3	24572855	24573143	217	583	27.12	CHH
3	24601239	24602425	1305	59	95.67	CG
3	24601239	24602425	1070	587	64.57	CHG
3	24601239	24602425	892	5869	13.19	CHH
3	24602550	24603653	748	38	95.17	CG
3	24602550	24603653	506	219	69.79	CHG
3	24602550	24603653	942	4542	17.18	CHH
3	24603786	24605086	1305	55	95.96	CG
3	24603786	24605086	1178	450	72.36	CHG
3	24603786	24605086	1257	5518	18.55	CHH
3	24605202	24605537	102	20	83.61	CG
3	24605202	24605537	43	35	55.13	CHG
3	24605202	24605537	159	889	15.17	CHH
3	26123604	26125619	2552	230	91.73	CG
3	26123604	26125619	1509	855	63.83	CHG
3	26123604	26125619	1352	10200	11.70	CHH
3	27619055	27619377	73	25	74.49	CG
3	27619055	27619377	52	49	51.49	CHG
3	27619055	27619377	218	667	24.63	CHH
3	27619514	27621480	1177	1241	48.68	CG
3	27619514	27621480	493	1336	26.95	CHG
3	27619514	27621480	1416	5913	19.32	CHH
3	28510857	28511647	959	164	85.40	CG
3	28510857	28511647	535	334	61.57	CHG
3	28510857	28511647	912	4214	17.79	CHH
3	29750151	29753862	3628	125	96.67	CG
3	29750151	29753862	1929	347	84.75	CHG
3	29750151	29753862	5343	13509	28.34	CHH
4	19682492	19683811	674	88	88.45	CG
4	19682492	19683811	306	181	62.83	CHG
4	19682492	19683811	1585	3403	31.78	CHH
4	20353569	20355893	1613	2895	35.78	CG
4	20353569	20355893	877	1689	34.18	CHG
4	20353569	20355893	1209	9109	11.72	CHH
4	35050583	35053502	3046	932	76.57	CG
4	35050583	35053502	1326	1096	54.75	CHG
4	35050583	35053502	3789	11339	25.05	CHH
5	1134973	1135617	233	413	36.07	CG
5	1134973	1135617	165	920	15.21	CHG
5	1134973	1135617	213	2685	7.35	CHH
5	1135839	1136509	146	740	16.48	CG
5	1135839	1136509	137	958	12.51	CHG
5	1135839	1136509	416	2890	12.58	CHH
5	1681242	1683572	2363	598	79.80	CG
5	1681242	1683572	1822	1155	61.20	CHG
5	1681242	1683572	3012	10469	22.34	CHH
5	4826765	4827938	504	65	88.58	CG
5	4826765	4827938	538	217	71.26	CHG
5	4826765	4827938	1455	3978	26.78	CHH
5	4828077	4828939	234	1171	16.65	CG
5	4828077	4828939	336	1075	23.81	CHG
5	4828077	4828939	1183	5391	18.00	CHH
5	4829016	4830108	1627	262	86.13	CG
5	4829016	4830108	450	511	46.83	CHG
5	4829016	4830108	669	3307	16.83	CHH
5	4830234	4831171	271	481	36.04	CG
5	4830234	4831171	222	404	35.46	CHG
5	4830234	4831171	870	3327	20.73	CHH
5	10917777	10919484	1394	190	88.01	CG
5	10917777	10919484	1024	1136	47.41	CHG
5	10917777	10919484	1993	7904	20.14	CHH
5	10920452	10921894	1226	825	59.78	CG
5	10920452	10921894	568	1438	28.32	CHG
5	10920452	10921894	789	6631	10.63	CHH
5	11242593	11245041	1563	130	92.32	CG
5	11242593	11245041	2016	509	79.84	CHG
5	11242593	11245041	2868	10178	21.98	CHH
5	16055530	16057857	1240	492	71.59	CG
5	16055530	16057857	512	1262	28.86	CHG
5	16055530	16057857	1349	8787	13.31	CHH
5	25352498	25357219	2766	713	79.51	CG
5	25352498	25357219	2264	2124	51.60	CHG
5	25352498	25357219	5862	16825	25.84	CHH
5	26872353	26874199	1018	771	56.90	CG
5	26872353	26874199	721	658	52.28	CHG
5	26872353	26874199	2393	7016	25.43	CHH
6	6078050	6080866	2049	143	93.48	CG
6	6078050	6080866	2212	1248	63.93	CHG
6	6078050	6080866	2268	10996	17.10	CHH
6	7380338	7382317	481	3666	11.60	CG
6	7380338	7382317	446	2746	13.97	CHG
6	7380338	7382317	1292	7591	14.54	CHH
6	7535832	7537646	876	375	70.02	CG
6	7535832	7537646	559	845	39.81	CHG
6	7535832	7537646	1606	6509	19.79	CHH
6	7537740	7538960	1377	144	90.53	CG
6	7537740	7538960	773	368	67.75	CHG
6	7537740	7538960	1244	5079	19.67	CHH
6	11302246	11304945	2487	259	90.57	CG
6	11302246	11304945	1886	758	71.33	CHG
6	11302246	11304945	3578	11147	24.30	CHH
6	13427986	13432645	3297	305	91.53	CG
6	13427986	13432645	2953	1325	69.03	CHG
6	13427986	13432645	5798	15170	27.65	CHH
6	17321399	17322324	110	108	50.46	CG
6	17321399	17322324	99	266	27.12	CHG
6	17321399	17322324	264	2240	10.54	CHH
6	18069876	18071348	771	170	81.93	CG
6	18069876	18071348	422	428	49.65	CHG
6	18069876	18071348	462	5056	8.37	CHH
6	19711136	19712026	199	861	18.77	CG
6	19711136	19712026	216	591	26.77	CHG
6	19711136	19712026	969	2951	24.72	CHH
6	27799534	27800454	167	226	42.49	CG
6	27799534	27800454	153	407	27.32	CHG
6	27799534	27800454	692	2920	19.16	CHH
6	27801639	27803910	3679	465	88.78	CG
6	27801639	27803910	1124	1188	48.62	CHG
6	27801639	27803910	957	6847	12.26	CHH
6	27804002	27806413	2050	567	78.33	CG
6	27804002	27806413	1264	1549	44.93	CHG
6	27804002	27806413	2523	9160	21.60	CHH
6	27807200	27809097	988	1064	48.15	CG
6	27807200	27809097	1039	1941	34.87	CHG
6	27807200	27809097	1854	8139	18.55	CHH
6	28518022	28518632	329	95	77.59	CG
6	28518022	28518632	309	423	42.21	CHG
6	28518022	28518632	624	2835	18.04	CHH
6	29376932	29380306	4002	179	95.72	CG
6	29376932	29380306	2698	953	73.90	CHG
6	29376932	29380306	5184	11462	31.14	CHH
7	998684	999693	290	236	55.13	CG
7	998684	999693	292	651	30.97	CHG
7	998684	999693	566	3728	13.18	CHH
7	4348717	4353078	3866	429	90.01	CG
7	4348717	4353078	2489	1221	67.09	CHG
7	4348717	4353078	4456	14452	23.57	CHH
7	4372878	4376312	1509	458	76.72	CG
7	4372878	4376312	1152	1150	50.04	CHG
7	4372878	4376312	4999	10370	32.53	CHH
7	8295268	8297360	812	50	94.20	CG
7	8295268	8297360	722	445	61.87	CHG
7	8295268	8297360	1517	5162	22.71	CHH
7	8297456	8298242	292	16	94.81	CG
7	8297456	8298242	221	217	50.46	CHG
7	8297456	8298242	462	1904	19.53	CHH
7	15712666	15714876	2313	1642	58.48	CG
7	15712666	15714876	935	1440	39.37	CHG
7	15712666	15714876	1897	8155	18.87	CHH
7	15714975	15716282	776	257	75.12	CG
7	15714975	15716282	852	748	53.25	CHG
7	15714975	15716282	1308	3815	25.53	CHH
7	15716649	15718051	1208	818	59.62	CG
7	15716649	15718051	733	813	47.41	CHG
7	15716649	15718051	995	5577	15.14	CHH
7	15987635	15990381	1113	282	79.78	CG
7	15987635	15990381	953	1036	47.91	CHG
7	15987635	15990381	2759	9238	23.00	CHH
7	20001702	20003835	2587	434	85.63	CG
7	20001702	20003835	1023	1412	42.01	CHG
7	20001702	20003835	1102	8736	11.20	CHH
7	20003935	20004681	639	706	47.51	CG
7	20003935	20004681	349	912	27.68	CHG
7	20003935	20004681	665	3723	15.15	CHH
7	22460398	22460784	47	585	7.44	CG
7	22460398	22460784	37	325	10.22	CHG
7	22460398	22460784	268	1145	18.97	CHH
8	5778017	5780215	1053	605	63.51	CG
8	5778017	5780215	565	924	37.94	CHG
8	5778017	5780215	1567	5761	21.38	CHH
8	7765923	7767569	946	113	89.33	CG
8	7765923	7767569	1861	638	74.47	CHG
8	7765923	7767569	1055	7835	11.87	CHH
8	7767694	7769902	1195	103	92.06	CG
8	7767694	7769902	1073	518	67.44	CHG
8	7767694	7769902	1819	7831	18.85	CHH
8	7990731	7992320	1368	426	76.25	CG
8	7990731	7992320	614	497	55.27	CHG
8	7990731	7992320	1125	5445	17.12	CHH
8	9447347	9448071	303	974	23.73	CG
8	9447347	9448071	169	815	17.17	CHG
8	9447347	9448071	452	2908	13.45	CHH
8	10491753	10499575	10132	1925	84.03	CG
8	10491753	10499575	5374	3792	58.63	CHG
8	10491753	10499575	4877	33945	12.56	CHH
8	15455254	15462092	6806	429	94.07	CG
8	15455254	15462092	4437	1552	74.09	CHG
8	15455254	15462092	10613	23095	31.49	CHH
8	16976241	16978812	1025	97	91.35	CG
8	16976241	16978812	1784	693	72.02	CHG
8	16976241	16978812	1974	11308	14.86	CHH
8	20980680	20981047	21	355	5.59	CG
8	20980680	20981047	34	366	8.50	CHG
8	20980680	20981047	95	859	9.96	CHH
8	21691415	21692643	757	32	95.94	CG
8	21691415	21692643	450	199	69.34	CHG
8	21691415	21692643	1013	3613	21.90	CHH
8	21692742	21695254	1766	844	67.66	CG
8	21692742	21695254	1529	1521	50.13	CHG
8	21692742	21695254	3839	11380	25.23	CHH
8	27145493	27147151	797	154	83.81	CG
8	27145493	27147151	371	343	51.96	CHG
8	27145493	27147151	1940	5648	25.57	CHH
9	12621913	12622831	485	654	42.58	CG
9	12621913	12622831	289	348	45.37	CHG
9	12621913	12622831	1345	3217	29.48	CHH
9	12622904	12623419	276	1075	20.43	CG
9	12622904	12623419	244	573	29.87	CHG
9	12622904	12623419	812	2147	27.44	CHH
9	15228205	15229508	836	391	68.13	CG
9	15228205	15229508	650	628	50.86	CHG
9	15228205	15229508	1384	4927	21.93	CHH
9	16723080	16726848	2684	149	94.74	CG
9	16723080	16726848	1741	716	70.86	CHG
9	16723080	16726848	4067	12412	24.68	CHH
10	403342	404217	437	183	70.48	CG
10	403342	404217	274	565	32.66	CHG
10	403342	404217	461	2019	18.59	CHH
10	707135	707747	401	187	68.20	CG
10	707135	707747	186	567	24.70	CHG
10	707135	707747	319	1426	18.28	CHH
10	708160	710157	2810	128	95.64	CG
10	708160	710157	1587	746	68.02	CHG
10	708160	710157	1798	6927	20.61	CHH
10	5928508	5929269	461	25	94.86	CG
10	5928508	5929269	568	241	70.21	CHG
10	5928508	5929269	543	3119	14.83	CHH
10	5929420	5932408	2706	360	88.26	CG
10	5929420	5932408	1698	2005	45.85	CHG
10	5929420	5932408	2480	9552	20.61	CHH
10	5932682	5933500	163	639	20.32	CG
10	5932682	5933500	158	502	23.94	CHG
10	5932682	5933500	724	2408	23.12	CHH
10	5933589	5934240	300	1044	22.32	CG
10	5933589	5934240	200	1151	14.80	CHG
10	5933589	5934240	311	2719	10.26	CHH
10	15986962	15991252	3748	332	91.86	CG
10	15986962	15991252	2018	1937	51.02	CHG
10	15986962	15991252	4005	16157	19.86	CHH
10	16004291	16005179	356	1377	20.54	CG
10	16004291	16005179	466	960	32.68	CHG
10	16004291	16005179	1198	2651	31.12	CHH
10	16006405	16007058	237	1125	17.40	CG
10	16006405	16007058	314	866	26.61	CHG
10	16006405	16007058	583	2584	18.41	CHH
10	20777395	20778645	800	48	94.34	CG
10	20777395	20778645	742	198	78.94	CHG
10	20777395	20778645	2048	3113	39.68	CHH
11	2541477	2543903	235	1022	18.70	CG
11	2541477	2543903	482	3293	12.77	CHG
11	2541477	2543903	1922	11565	14.25	CHH
11	3230260	3231735	1163	547	68.01	CG
11	3230260	3231735	529	893	37.20	CHG
11	3230260	3231735	1611	4495	26.38	CHH
11	3231885	3232407	100	198	33.56	CG
11	3231885	3232407	83	209	28.42	CHG
11	3231885	3232407	260	685	27.51	CHH
11	7333461	7334651	928	612	60.26	CG
11	7333461	7334651	598	697	46.18	CHG
11	7333461	7334651	624	3459	15.28	CHH
11	7731058	7734524	1368	169	89.00	CG
11	7731058	7734524	1626	711	69.58	CHG
11	7731058	7734524	5757	11339	33.67	CHH
11	7734625	7735554	338	89	79.16	CG
11	7734625	7735554	120	252	32.26	CHG
11	7734625	7735554	733	2932	20.00	CHH
11	7740136	7741715	1563	258	85.83	CG
11	7740136	7741715	944	669	58.52	CHG
11	7740136	7741715	1742	5017	25.77	CHH
11	7741937	7742453	82	496	14.19	CG
11	7741937	7742453	176	425	29.28	CHG
11	7741937	7742453	378	1233	23.46	CHH
11	16330924	16332019	423	306	58.02	CG
11	16330924	16332019	590	846	41.09	CHG
11	16330924	16332019	1446	4095	26.10	CHH
11	16332352	16336726	4194	734	85.11	CG
11	16332352	16336726	3225	1906	62.85	CHG
11	16332352	16336726	6623	16855	28.21	CHH
11	19254506	19255920	1423	665	68.15	CG
11	19254506	19255920	688	759	47.55	CHG
11	19254506	19255920	973	5015	16.25	CHH
11	20707200	20708263	298	130	69.63	CG
11	20707200	20708263	302	435	40.98	CHG
11	20707200	20708263	612	2457	19.94	CHH
11	24387298	24390013	1378	538	71.92	CG
11	24387298	24390013	1841	2465	42.75	CHG
11	24387298	24390013	1203	15489	7.21	CHH
11	24390912	24392970	850	49	94.55	CG
11	24390912	24392970	1692	831	67.06	CHG
11	24390912	24392970	2710	7359	26.91	CHH
11	24393231	24394638	1374	133	91.17	CG
11	24393231	24394638	1070	586	64.61	CHG
11	24393231	24394638	1793	4456	28.69	CHH
11	27017498	27019274	705	151	82.36	CG
11	27017498	27019274	468	1228	27.59	CHG
11	27017498	27019274	1335	6075	18.02	CHH
12	4729330	4730513	736	135	84.50	CG
12	4729330	4730513	340	348	49.42	CHG
12	4729330	4730513	959	5552	14.73	CHH
12	4730781	4736244	2835	233	92.41	CG
12	4730781	4736244	2768	1255	68.80	CHG
12	4730781	4736244	7676	19437	28.31	CHH
12	4736420	4737295	496	120	80.52	CG
12	4736420	4737295	259	362	41.71	CHG
12	4736420	4737295	610	1852	24.78	CHH
12	4899872	4901766	1590	113	93.36	CG
12	4899872	4901766	832	813	50.58	CHG
12	4899872	4901766	1429	5687	20.08	CHH
12	4912416	4913853	2874	230	92.59	CG
12	4912416	4913853	1533	1216	55.77	CHG
12	4912416	4913853	1388	8559	13.95	CHH
12	4913948	4915922	776	114	87.19	CG
12	4913948	4915922	1095	936	53.91	CHG
12	4913948	4915922	1712	7608	18.37	CHH
12	17500154	17503828	1617	1575	50.66	CG
12	17500154	17503828	1397	2048	40.55	CHG
12	17500154	17503828	4331	14507	22.99	CHH
12	17984443	17985623	197	727	21.32	CG
12	17984443	17985623	293	779	27.33	CHG
12	17984443	17985623	672	4000	14.38	CHH
12	17985763	17986319	266	23	92.04	CG
12	17985763	17986319	71	63	52.99	CHG
12	17985763	17986319	263	1286	16.98	CHH
12	18392209	18392790	193	221	46.62	CG
12	18392209	18392790	144	314	31.44	CHG
12	18392209	18392790	333	1745	16.03	CHH
12	18393154	18394277	290	418	40.96	CG
12	18393154	18394277	256	325	44.06	CHG
12	18393154	18394277	1497	3334	30.99	CHH
12	18395685	18396921	288	1608	15.19	CG
12	18395685	18396921	246	1656	12.93	CHG
12	18395685	18396921	814	4958	14.10	CHH
12	24728410	24730458	1211	1122	51.91	CG
12	24728410	24730458	1324	2074	38.96	CHG
12	24728410	24730458	2146	6079	26.09	CHH
12	24730552	24734596	3353	660	83.55	CG
12	24730552	24734596	2692	1750	60.60	CHG
12	24730552	24734596	4033	12099	25.00	CHH
