1	104478	104599	2	0	100.00	CG
1	104478	104599	1	0	100.00	CHG
1	104478	104599	1	8	11.11	CHH
1	521199	522723	792	1894	29.49	CG
1	521199	522723	24	2303	1.03	CHG
1	521199	522723	86	9828	0.87	CHH
1	718927	719135	2	313	0.63	CG
1	718927	719135	0	479	0.00	CHG
1	718927	719135	9	2007	0.45	CHH
1	1687637	1688991	3	1300	0.23	CG
1	1687637	1688991	7	1405	0.50	CHG
1	1687637	1688991	27	5517	0.49	CHH
1	1781116	1781366	10	1054	0.94	CG
1	1781116	1781366	2	397	0.50	CHG
1	1781116	1781366	6	662	0.90	CHH
1	2137510	2140455	314	6474	4.63	CG
1	2137510	2140455	496	4817	9.34	CHG
1	2137510	2140455	444	16062	2.69	CHH
1	2172488	2172625	0	61	0.00	CG
1	2172488	2172625	4	421	0.94	CHH
1	2198640	2199644	1555	72	95.57	CG
1	2198640	2199644	701	466	60.07	CHG
1	2198640	2199644	192	1412	11.97	CHH
1	2541454	2541598	86	117	42.36	CG
1	2541454	2541598	7	103	6.36	CHG
1	2541454	2541598	28	694	3.88	CHH
1	2579778	2580676	885	541	62.06	CG
1	2579778	2580676	13	1764	0.73	CHG
1	2579778	2580676	25	4276	0.58	CHH
1	3016827	3017062	10	1422	0.70	CG
1	3016827	3017062	4	689	0.58	CHG
1	3016827	3017062	8	1966	0.41	CHH
1	4122738	4127182	1001	4504	18.18	CG
1	4122738	4127182	87	7993	1.08	CHG
1	4122738	4127182	429	17819	2.35	CHH
1	4510347	4510477	13	1	92.86	CG
1	4510347	4510477	2	26	7.14	CHG
1	4510347	4510477	23	265	7.99	CHH
1	4702022	4702256	31	124	20.00	CG
1	4702022	4702256	0	87	0.00	CHG
1	4702022	4702256	5	215	2.27	CHH
1	5814441	5815039	1	183	0.54	CG
1	5814441	5815039	1	501	0.20	CHG
1	5814441	5815039	9	2079	0.43	CHH
1	6934697	6934863	301	3	99.01	CG
1	6934697	6934863	127	18	87.59	CHG
1	6934697	6934863	74	566	11.56	CHH
1	7198017	7199243	638	30	95.51	CG
1	7198017	7199243	8	1083	0.73	CHG
1	7198017	7199243	20	3663	0.54	CHH
1	7302410	7302594	1	267	0.37	CG
1	7302410	7302594	1	126	0.79	CHG
1	7302410	7302594	3	585	0.51	CHH
1	7518469	7519081	5	336	1.47	CG
1	7518469	7519081	6	368	1.60	CHG
1	7518469	7519081	28	1404	1.96	CHH
1	7690448	7691550	12	1738	0.69	CG
1	7690448	7691550	4	1584	0.25	CHG
1	7690448	7691550	20	4966	0.40	CHH
1	8124136	8124703	963	40	96.01	CG
1	8124136	8124703	344	324	51.50	CHG
1	8124136	8124703	166	2529	6.16	CHH
1	8426975	8427236	87	23	79.09	CG
1	8426975	8427236	2	408	0.49	CHG
1	8426975	8427236	5	922	0.54	CHH
1	8831214	8831605	399	23	94.55	CG
1	8831214	8831605	188	157	54.49	CHG
1	8831214	8831605	37	1895	1.92	CHH
1	8866192	8866541	259	18	93.50	CG
1	8866192	8866541	84	68	55.26	CHG
1	8866192	8866541	23	458	4.78	CHH
1	9124022	9124118	78	1	98.73	CG
1	9124022	9124118	183	54	77.22	CHG
1	9124022	9124118	34	287	10.59	CHH
1	9260960	9261224	64	3	95.52	CG
1	9260960	9261224	1	221	0.45	CHG
1	9260960	9261224	5	1002	0.50	CHH
1	9681083	9681232	34	19	64.15	CG
1	9681083	9681232	53	124	29.94	CHH
1	9734291	9734532	1	164	0.61	CG
1	9734291	9734532	1	41	2.38	CHG
1	9734291	9734532	12	831	1.42	CHH
1	10263106	10263294	2	361	0.55	CG
1	10263106	10263294	2	237	0.84	CHG
1	10263106	10263294	1	473	0.21	CHH
1	10401973	10403052	24	1550	1.52	CG
1	10401973	10403052	19	1102	1.69	CHG
1	10401973	10403052	50	4600	1.08	CHH
1	10417094	10417664	921	58	94.08	CG
1	10417094	10417664	1269	270	82.46	CHG
1	10417094	10417664	137	5096	2.62	CHH
1	10590568	10590704	0	77	0.00	CG
1	10590568	10590704	0	82	0.00	CHG
1	10590568	10590704	1	237	0.42	CHH
1	10793800	10794970	404	23	94.61	CG
1	10793800	10794970	93	128	42.08	CHG
1	10793800	10794970	77	502	13.30	CHH
1	11027002	11027352	104	5	95.41	CG
1	11027002	11027352	2	346	0.57	CHG
1	11027002	11027352	6	1369	0.44	CHH
1	11745247	11745281	2	184	1.08	CG
1	11745247	11745281	0	88	0.00	CHG
1	11745247	11745281	0	153	0.00	CHH
1	11861007	11861467	631	21	96.78	CG
1	11861007	11861467	277	125	68.91	CHG
1	11861007	11861467	143	1632	8.06	CHH
1	11988203	11988342	2	864	0.23	CG
1	11988203	11988342	1	467	0.21	CHG
1	11988203	11988342	4	390	1.02	CHH
1	12157565	12159139	26	9364	0.28	CG
1	12157565	12159139	23	4916	0.47	CHG
1	12157565	12159139	38	8002	0.47	CHH
1	12279664	12280353	7	1985	0.35	CG
1	12279664	12280353	4	1054	0.38	CHG
1	12279664	12280353	18	2545	0.70	CHH
1	12444629	12444759	191	2	98.96	CG
1	12444629	12444759	146	12	92.41	CHG
1	12444629	12444759	12	629	1.87	CHH
1	12851686	12853647	279	427	39.52	CG
1	12851686	12853647	43	3021	1.40	CHG
1	12851686	12853647	79	10911	0.72	CHH
1	12977793	12977914	12	15	44.44	CG
1	12977793	12977914	1	139	0.71	CHH
1	14112270	14112409	0	45	0.00	CHH
1	14747584	14748346	3	1084	0.28	CG
1	14747584	14748346	11	2374	0.46	CHG
1	14747584	14748346	21	5852	0.36	CHH
1	15010958	15011724	0	1	0.00	CHG
1	15010958	15011724	0	15	0.00	CHH
1	15208882	15210074	294	46	86.47	CG
1	15208882	15210074	78	94	45.35	CHG
1	15208882	15210074	38	1245	2.96	CHH
1	15318812	15319293	1362	42	97.01	CG
1	15318812	15319293	927	286	76.42	CHG
1	15318812	15319293	98	2764	3.42	CHH
1	15355785	15357554	488	1329	26.86	CG
1	15355785	15357554	257	2391	9.71	CHG
1	15355785	15357554	211	7363	2.79	CHH
1	16453284	16453501	1	6	14.29	CG
1	16453284	16453501	2	21	8.70	CHG
1	16453284	16453501	0	141	0.00	CHH
1	16722902	16723067	0	251	0.00	CG
1	16722902	16723067	0	94	0.00	CHG
1	16722902	16723067	0	965	0.00	CHH
1	17385639	17385733	0	53	0.00	CHG
1	17385639	17385733	2	177	1.12	CHH
1	17522237	17522624	979	51	95.05	CG
1	17522237	17522624	634	279	69.44	CHG
1	17522237	17522624	44	2285	1.89	CHH
1	17762690	17767322	797	4419	15.28	CG
1	17762690	17767322	1011	4148	19.60	CHG
1	17762690	17767322	1854	17540	9.56	CHH
1	17768299	17768525	0	191	0.00	CG
1	17768299	17768525	0	134	0.00	CHG
1	17768299	17768525	1	714	0.14	CHH
1	17915233	17918918	1707	1779	48.97	CG
1	17915233	17918918	733	1936	27.46	CHG
1	17915233	17918918	1062	11277	8.61	CHH
1	18479814	18481021	151	276	35.36	CG
1	18479814	18481021	39	301	11.47	CHG
1	18479814	18481021	22	2202	0.99	CHH
1	18515221	18516018	489	27	94.77	CG
1	18515221	18516018	358	100	78.17	CHG
1	18515221	18516018	30	1275	2.30	CHH
1	18605306	18605413	36	0	100.00	CG
1	18605306	18605413	1	92	1.08	CHG
1	18605306	18605413	1	581	0.17	CHH
1	18679398	18679609	182	6	96.81	CG
1	18679398	18679609	283	39	87.89	CHG
1	18679398	18679609	36	1384	2.54	CHH
1	18781271	18781897	37	760	4.64	CG
1	18781271	18781897	67	1384	4.62	CHG
1	18781271	18781897	62	2671	2.27	CHH
1	19418149	19418371	249	13	95.04	CG
1	19418149	19418371	169	100	62.83	CHG
1	19418149	19418371	29	1248	2.27	CHH
1	19588801	19588982	111	6	94.87	CG
1	19588801	19588982	36	14	72.00	CHG
1	19588801	19588982	10	276	3.50	CHH
1	19807993	19809436	1014	55	94.86	CG
1	19807993	19809436	320	207	60.72	CHG
1	19807993	19809436	99	2407	3.95	CHH
1	20220915	20221138	655	56	92.12	CG
1	20220915	20221138	185	117	61.26	CHG
1	20220915	20221138	15	1234	1.20	CHH
1	20351135	20352592	815	493	62.31	CG
1	20351135	20352592	22	3001	0.73	CHG
1	20351135	20352592	68	8306	0.81	CHH
1	20353735	20353818	24	2	92.31	CG
1	20353735	20353818	0	107	0.00	CHG
1	20353735	20353818	0	249	0.00	CHH
1	20699332	20703291	2067	3096	40.03	CG
1	20699332	20703291	860	4870	15.01	CHG
1	20699332	20703291	688	17836	3.71	CHH
1	20759940	20760412	541	23	95.92	CG
1	20759940	20760412	569	126	81.87	CHG
1	20759940	20760412	172	2263	7.06	CHH
1	22217602	22218470	328	803	29.00	CG
1	22217602	22218470	111	1040	9.64	CHG
1	22217602	22218470	155	3162	4.67	CHH
1	22349537	22349928	43	505	7.85	CG
1	22349537	22349928	5	432	1.14	CHG
1	22349537	22349928	9	1002	0.89	CHH
1	22963853	22963900	0	55	0.00	CHG
1	22963853	22963900	0	121	0.00	CHH
1	23088705	23088935	1	214	0.47	CG
1	23088705	23088935	6	126	4.55	CHG
1	23088705	23088935	4	564	0.70	CHH
1	23190581	23192012	430	59	87.93	CG
1	23190581	23192012	27	1568	1.69	CHG
1	23190581	23192012	49	6552	0.74	CHH
1	23334619	23337433	1194	1781	40.13	CG
1	23334619	23337433	65	5348	1.20	CHG
1	23334619	23337433	59	13605	0.43	CHH
1	23865834	23867004	913	619	59.60	CG
1	23865834	23867004	351	1049	25.07	CHG
1	23865834	23867004	355	4003	8.15	CHH
1	24056015	24058047	188	2014	8.54	CG
1	24056015	24058047	142	1489	8.71	CHG
1	24056015	24058047	110	6037	1.79	CHH
1	24127473	24127717	154	69	69.06	CG
1	24127473	24127717	1	283	0.35	CHG
1	24127473	24127717	11	1468	0.74	CHH
1	24218590	24218768	33	153	17.74	CG
1	24218590	24218768	18	114	13.64	CHG
1	24218590	24218768	5	872	0.57	CHH
1	24367289	24368699	601	2055	22.63	CG
1	24367289	24368699	104	2480	4.02	CHG
1	24367289	24368699	293	7028	4.00	CHH
1	24540618	24541036	196	5	97.51	CG
1	24540618	24541036	2	400	0.50	CHG
1	24540618	24541036	11	1730	0.63	CHH
1	25075086	25078372	38	9094	0.42	CG
1	25075086	25078372	42	7818	0.53	CHG
1	25075086	25078372	76	17802	0.43	CHH
1	26189136	26189851	87	649	11.82	CG
1	26189136	26189851	6	1843	0.32	CHG
1	26189136	26189851	20	3854	0.52	CHH
1	27455091	27455579	559	12	97.90	CG
1	27455091	27455579	478	105	81.99	CHG
1	27455091	27455579	80	1556	4.89	CHH
1	27505658	27505866	0	34	0.00	CG
1	27505658	27505866	0	149	0.00	CHG
1	27505658	27505866	0	477	0.00	CHH
1	27576543	27577893	1894	101	94.94	CG
1	27576543	27577893	1039	222	82.39	CHG
1	27576543	27577893	608	8073	7.00	CHH
1	28118813	28118935	0	77	0.00	CG
1	28118813	28118935	1	184	0.54	CHG
1	28118813	28118935	2	753	0.26	CHH
1	29188109	29189334	21	3384	0.62	CG
1	29188109	29189334	46	1956	2.30	CHG
1	29188109	29189334	450	5769	7.24	CHH
1	29223726	29224697	160	3449	4.43	CG
1	29223726	29224697	19	1625	1.16	CHG
1	29223726	29224697	358	4889	6.82	CHH
1	29881105	29881917	360	26	93.26	CG
1	29881105	29881917	420	133	75.95	CHG
1	29881105	29881917	82	1341	5.76	CHH
1	29892038	29892362	1	17	5.56	CG
1	29892038	29892362	4	91	4.21	CHG
1	29892038	29892362	6	682	0.87	CHH
1	30396534	30396644	1	300	0.33	CG
1	30396534	30396644	1	388	0.26	CHG
1	30396534	30396644	3	532	0.56	CHH
1	30947617	30952229	3121	1229	71.75	CG
1	30947617	30952229	1592	4599	25.71	CHG
1	30947617	30952229	516	22177	2.27	CHH
1	30988314	30988439	12	0	100.00	CG
1	30988314	30988439	43	25	63.24	CHG
1	30988314	30988439	0	114	0.00	CHH
1	31131639	31132785	741	2674	21.70	CG
1	31131639	31132785	18	3796	0.47	CHG
1	31131639	31132785	36	7720	0.46	CHH
1	32136432	32136605	1	101	0.98	CG
1	32136432	32136605	0	305	0.00	CHG
1	32136432	32136605	4	758	0.52	CHH
1	33466485	33466748	348	14	96.13	CG
1	33466485	33466748	142	52	73.20	CHG
1	33466485	33466748	44	951	4.42	CHH
1	34289798	34291348	436	864	33.54	CG
1	34289798	34291348	286	1380	17.17	CHG
1	34289798	34291348	640	5310	10.76	CHH
1	34550341	34550600	0	227	0.00	CG
1	34550341	34550600	1	390	0.26	CHG
1	34550341	34550600	6	1379	0.43	CHH
1	34749495	34752244	1835	248	88.09	CG
1	34749495	34752244	1563	916	63.05	CHG
1	34749495	34752244	456	9121	4.76	CHH
1	34928206	34928387	147	7	95.45	CG
1	34928206	34928387	454	61	88.16	CHG
1	34928206	34928387	42	1036	3.90	CHH
1	34990120	34992796	2264	645	77.83	CG
1	34990120	34992796	1082	1096	49.68	CHG
1	34990120	34992796	489	8402	5.50	CHH
1	35760612	35760952	42	125	25.15	CG
1	35760612	35760952	1	215	0.46	CHG
1	35760612	35760952	4	1212	0.33	CHH
1	35959231	35959351	2	121	1.63	CG
1	35959231	35959351	1	182	0.55	CHG
1	35959231	35959351	3	961	0.31	CHH
1	36112505	36112684	113	54	67.66	CG
1	36112505	36112684	33	32	50.77	CHG
1	36112505	36112684	46	420	9.87	CHH
1	36163384	36164022	70	639	9.87	CG
1	36163384	36164022	55	640	7.91	CHG
1	36163384	36164022	139	2852	4.65	CHH
1	36208524	36209666	1145	74	93.93	CG
1	36208524	36209666	1311	538	70.90	CHG
1	36208524	36209666	126	7705	1.61	CHH
1	36479686	36479935	5	591	0.84	CG
1	36479686	36479935	1	214	0.47	CHG
1	36479686	36479935	4	903	0.44	CHH
1	36890844	36891048	65	53	55.08	CG
1	36890844	36891048	107	45	70.39	CHG
1	36890844	36891048	147	582	20.16	CHH
1	37118562	37118725	0	84	0.00	CG
1	37118562	37118725	1	194	0.51	CHG
1	37118562	37118725	4	939	0.42	CHH
1	37253827	37256063	1885	128	93.64	CG
1	37253827	37256063	1640	584	73.74	CHG
1	37253827	37256063	354	7472	4.52	CHH
1	37757198	37758019	313	1075	22.55	CG
1	37757198	37758019	178	546	24.59	CHG
1	37757198	37758019	717	2416	22.89	CHH
1	39603253	39603550	84	0	100.00	CG
1	39603253	39603550	3	290	1.02	CHG
1	39603253	39603550	2	638	0.31	CHH
1	40609311	40609427	37	4	90.24	CG
1	40609311	40609427	1	261	0.38	CHG
1	40609311	40609427	4	636	0.62	CHH
1	40785754	40786192	1	223	0.45	CG
1	40785754	40786192	6	1322	0.45	CHG
1	40785754	40786192	18	3188	0.56	CHH
1	41209454	41212661	927	4553	16.92	CG
1	41209454	41212661	498	2946	14.46	CHG
1	41209454	41212661	1195	9580	11.09	CHH
1	42990884	42991140	60	6	90.91	CG
1	42990884	42991140	47	13	78.33	CHG
1	42990884	42991140	17	260	6.14	CHH
2	38468	38578	42	0	100.00	CG
2	38468	38578	2	113	1.74	CHG
2	38468	38578	1	255	0.39	CHH
2	578331	578545	41	4	91.11	CG
2	578331	578545	1	526	0.19	CHG
2	578331	578545	4	1473	0.27	CHH
2	1736612	1736996	257	117	68.72	CG
2	1736612	1736996	3	810	0.37	CHG
2	1736612	1736996	14	2132	0.65	CHH
2	2004107	2004464	0	111	0.00	CG
2	2004107	2004464	1	603	0.17	CHG
2	2004107	2004464	5	1727	0.29	CHH
2	2225031	2228646	3842	536	87.76	CG
2	2225031	2228646	2166	1987	52.16	CHG
2	2225031	2228646	1091	15055	6.76	CHH
2	2448881	2450073	216	124	63.53	CG
2	2448881	2450073	267	1605	14.26	CHG
2	2448881	2450073	316	5222	5.71	CHH
2	2455636	2457226	1838	60	96.84	CG
2	2455636	2457226	1081	515	67.73	CHG
2	2455636	2457226	67	2619	2.49	CHH
2	2916264	2916496	43	1	97.73	CG
2	2916264	2916496	1	161	0.62	CHG
2	2916264	2916496	0	710	0.00	CHH
2	3153141	3153726	559	167	77.00	CG
2	3153141	3153726	540	394	57.82	CHG
2	3153141	3153726	190	3060	5.85	CHH
2	3584767	3584907	75	7	91.46	CG
2	3584767	3584907	51	18	73.91	CHG
2	3584767	3584907	197	168	53.97	CHH
2	3668130	3671654	3391	2370	58.86	CG
2	3668130	3671654	1848	3134	37.09	CHG
2	3668130	3671654	1287	13807	8.53	CHH
2	4394475	4394720	1	82	1.20	CG
2	4394475	4394720	3	307	0.97	CHG
2	4394475	4394720	3	841	0.36	CHH
2	4735326	4735671	3	540	0.55	CG
2	4735326	4735671	2	559	0.36	CHG
2	4735326	4735671	6	1535	0.39	CHH
2	4930376	4930562	114	5	95.80	CG
2	4930376	4930562	7	17	29.17	CHG
2	4930376	4930562	2	408	0.49	CHH
2	6097195	6097472	2	178	1.11	CG
2	6097195	6097472	4	457	0.87	CHG
2	6097195	6097472	7	864	0.80	CHH
2	6194639	6194966	1	203	0.49	CG
2	6194639	6194966	5	364	1.36	CHG
2	6194639	6194966	10	1607	0.62	CHH
2	6477169	6477370	206	31	86.92	CG
2	6477169	6477370	2	316	0.63	CHG
2	6477169	6477370	1	1312	0.08	CHH
2	6479819	6479943	1	538	0.19	CHG
2	6479819	6479943	11	1350	0.81	CHH
2	7634883	7634997	1	382	0.26	CG
2	7634883	7634997	0	160	0.00	CHG
2	7634883	7634997	2	411	0.48	CHH
2	9263789	9264764	537	33	94.21	CG
2	9263789	9264764	288	127	69.40	CHG
2	9263789	9264764	14	933	1.48	CHH
2	10881944	10882136	0	52	0.00	CG
2	10881944	10882136	0	59	0.00	CHG
2	10881944	10882136	1	339	0.29	CHH
2	11520851	11521291	193	67	74.23	CG
2	11520851	11521291	31	80	27.93	CHG
2	11520851	11521291	61	865	6.59	CHH
2	11599189	11600489	155	489	24.07	CG
2	11599189	11600489	48	576	7.69	CHG
2	11599189	11600489	72	2692	2.60	CHH
2	11939679	11939936	19	0	100.00	CG
2	11939679	11939936	2	83	2.35	CHG
2	11939679	11939936	2	484	0.41	CHH
2	12352060	12352584	732	38	95.06	CG
2	12352060	12352584	567	163	77.67	CHG
2	12352060	12352584	49	1725	2.76	CHH
2	12492889	12493008	2	631	0.32	CG
2	12492889	12493008	4	328	1.20	CHG
2	12492889	12493008	3	444	0.67	CHH
2	12583382	12585233	1043	293	78.07	CG
2	12583382	12585233	210	2577	7.53	CHG
2	12583382	12585233	62	8074	0.76	CHH
2	14258242	14258497	160	14	91.95	CG
2	14258242	14258497	100	41	70.92	CHG
2	14258242	14258497	13	629	2.02	CHH
2	14381584	14382260	395	15	96.34	CG
2	14381584	14382260	292	194	60.08	CHG
2	14381584	14382260	45	2554	1.73	CHH
2	14883666	14884152	592	31	95.02	CG
2	14883666	14884152	592	144	80.43	CHG
2	14883666	14884152	69	2104	3.18	CHH
2	15077160	15080035	3842	150	96.24	CG
2	15077160	15080035	2523	937	72.92	CHG
2	15077160	15080035	476	12129	3.78	CHH
2	15300768	15301020	267	13	95.36	CG
2	15300768	15301020	482	203	70.36	CHG
2	15300768	15301020	29	2002	1.43	CHH
2	16462100	16462683	645	196	76.69	CG
2	16462100	16462683	336	764	30.55	CHG
2	16462100	16462683	31	3425	0.90	CHH
2	16469340	16469527	499	10	98.04	CG
2	16469340	16469527	199	142	58.36	CHG
2	16469340	16469527	9	770	1.16	CHH
2	16575455	16575576	83	166	33.33	CG
2	16575455	16575576	8	73	9.88	CHG
2	16575455	16575576	39	725	5.10	CHH
2	16909276	16909402	10	0	100.00	CG
2	16909276	16909402	0	5	0.00	CHG
2	16909276	16909402	5	91	5.21	CHH
2	17470250	17470459	144	6	96.00	CG
2	17470250	17470459	144	25	85.21	CHG
2	17470250	17470459	32	1224	2.55	CHH
2	17693456	17694041	442	361	55.04	CG
2	17693456	17694041	110	534	17.08	CHG
2	17693456	17694041	20	1926	1.03	CHH
2	17846367	17846587	3	687	0.43	CG
2	17846367	17846587	0	275	0.00	CHG
2	17846367	17846587	3	888	0.34	CHH
2	18156897	18157229	860	49	94.61	CG
2	18156897	18157229	353	143	71.17	CHG
2	18156897	18157229	48	1283	3.61	CHH
2	19262811	19262974	113	3	97.41	CG
2	19262811	19262974	9	72	11.11	CHG
2	19262811	19262974	2	872	0.23	CHH
2	19369504	19369623	555	26	95.52	CG
2	19369504	19369623	265	92	74.23	CHG
2	19369504	19369623	29	629	4.41	CHH
2	19649757	19649896	4	821	0.48	CG
2	19649757	19649896	0	386	0.00	CHG
2	19649757	19649896	5	822	0.60	CHH
2	20077988	20078291	299	44	87.17	CG
2	20077988	20078291	144	82	63.72	CHG
2	20077988	20078291	143	967	12.88	CHH
2	22210158	22210334	7	548	1.26	CG
2	22210158	22210334	2	185	1.07	CHG
2	22210158	22210334	16	1262	1.25	CHH
2	22275294	22275439	0	69	0.00	CG
2	22275294	22275439	2	266	0.75	CHG
2	22275294	22275439	2	1134	0.18	CHH
2	22587752	22588156	336	16	95.45	CG
2	22587752	22588156	145	216	40.17	CHG
2	22587752	22588156	25	1472	1.67	CHH
2	22836225	22836730	2	662	0.30	CG
2	22836225	22836730	6	707	0.84	CHG
2	22836225	22836730	20	2504	0.79	CHH
2	22982677	22982914	0	33	0.00	CG
2	22982677	22982914	1	347	0.29	CHG
2	22982677	22982914	2	1166	0.17	CHH
2	23033077	23033411	82	203	28.77	CG
2	23033077	23033411	88	473	15.69	CHG
2	23033077	23033411	78	1111	6.56	CHH
2	23394395	23395510	982	450	68.58	CG
2	23394395	23395510	196	1640	10.68	CHG
2	23394395	23395510	46	5397	0.85	CHH
2	23471507	23472492	111	6	94.87	CG
2	23471507	23472492	148	55	72.91	CHG
2	23471507	23472492	60	873	6.43	CHH
2	24044095	24044460	666	80	89.28	CG
2	24044095	24044460	243	145	62.63	CHG
2	24044095	24044460	118	1178	9.10	CHH
2	24717341	24717558	0	122	0.00	CG
2	24717341	24717558	1	281	0.35	CHG
2	24717341	24717558	3	839	0.36	CHH
2	25574998	25576239	1025	51	95.26	CG
2	25574998	25576239	1050	363	74.31	CHG
2	25574998	25576239	463	6072	7.08	CHH
2	25830725	25831459	11	1469	0.74	CG
2	25830725	25831459	4	1246	0.32	CHG
2	25830725	25831459	19	3095	0.61	CHH
2	25835047	25835296	4	590	0.67	CG
2	25835047	25835296	1	413	0.24	CHG
2	25835047	25835296	3	914	0.33	CHH
2	26548831	26549237	422	136	75.63	CG
2	26548831	26549237	18	109	14.17	CHG
2	26548831	26549237	233	1087	17.65	CHH
2	26659388	26659535	3	0	100.00	CG
2	26659388	26659535	0	71	0.00	CHH
2	26689413	26692203	248	8476	2.84	CG
2	26689413	26692203	84	5553	1.49	CHG
2	26689413	26692203	606	13382	4.33	CHH
2	28199306	28199617	439	19	95.85	CG
2	28199306	28199617	519	127	80.34	CHG
2	28199306	28199617	47	1487	3.06	CHH
2	29852698	29852922	27	290	8.52	CG
2	29852698	29852922	8	473	1.66	CHG
2	29852698	29852922	8	1072	0.74	CHH
2	30157272	30157610	230	83	73.48	CG
2	30157272	30157610	51	212	19.39	CHG
2	30157272	30157610	130	983	11.68	CHH
2	30823979	30824112	1	200	0.50	CG
2	30823979	30824112	0	260	0.00	CHG
2	30823979	30824112	4	1050	0.38	CHH
2	30983625	30984901	22	3195	0.68	CG
2	30983625	30984901	16	4903	0.33	CHG
2	30983625	30984901	38	9889	0.38	CHH
2	31445301	31445449	6	46	11.54	CG
2	31445301	31445449	4	227	1.73	CHG
2	31445301	31445449	2	856	0.23	CHH
2	31855152	31855271	109	2	98.20	CG
2	31855152	31855271	29	37	43.94	CHG
2	31855152	31855271	9	550	1.61	CHH
2	32524707	32526194	892	573	60.89	CG
2	32524707	32526194	206	1587	11.49	CHG
2	32524707	32526194	243	4645	4.97	CHH
2	33158169	33158313	179	6	96.76	CG
2	33158169	33158313	221	55	80.07	CHG
2	33158169	33158313	33	1161	2.76	CHH
2	33431516	33431954	85	6	93.41	CG
2	33431516	33431954	5	356	1.39	CHG
2	33431516	33431954	10	1907	0.52	CHH
2	33711999	33712328	29	0	100.00	CG
2	33711999	33712328	2	482	0.41	CHG
2	33711999	33712328	10	1525	0.65	CHH
2	33834944	33835662	0	491	0.00	CG
2	33834944	33835662	9	786	1.13	CHG
2	33834944	33835662	11	3668	0.30	CHH
2	33936933	33937065	0	49	0.00	CG
2	33936933	33937065	1	225	0.44	CHG
2	33936933	33937065	2	768	0.26	CHH
2	34687871	34690219	47	5771	0.81	CG
2	34687871	34690219	64	4424	1.43	CHG
2	34687871	34690219	93	9410	0.98	CHH
2	34772462	34772598	2	95	2.06	CHG
2	34772462	34772598	3	531	0.56	CHH
2	35300370	35300604	27	3	90.00	CG
2	35300370	35300604	1	258	0.39	CHG
2	35300370	35300604	4	1059	0.38	CHH
2	35388799	35389069	0	135	0.00	CG
2	35388799	35389069	0	173	0.00	CHG
2	35388799	35389069	1	502	0.20	CHH
3	480369	480630	796	37	95.56	CG
3	480369	480630	17	827	2.01	CHG
3	480369	480630	14	3143	0.44	CHH
3	615186	620505	2645	4330	37.92	CG
3	615186	620505	950	5435	14.88	CHG
3	615186	620505	1080	19864	5.16	CHH
3	1097994	1098400	865	39	95.69	CG
3	1097994	1098400	571	162	77.90	CHG
3	1097994	1098400	208	2635	7.32	CHH
3	2922253	2922366	1	45	2.17	CG
3	2922253	2922366	0	81	0.00	CHG
3	2922253	2922366	3	872	0.34	CHH
3	2924923	2926581	383	135	73.94	CG
3	2924923	2926581	17	1741	0.97	CHG
3	2924923	2926581	133	5451	2.38	CHH
3	3101473	3101729	179	872	17.03	CG
3	3101473	3101729	4	674	0.59	CHG
3	3101473	3101729	7	1338	0.52	CHH
3	3782983	3787490	230	9883	2.27	CG
3	3782983	3787490	232	7296	3.08	CHG
3	3782983	3787490	204	18057	1.12	CHH
3	4471611	4471796	3	775	0.39	CG
3	4471611	4471796	1	487	0.20	CHG
3	4471611	4471796	4	1187	0.34	CHH
3	4501942	4502163	98	528	15.65	CG
3	4501942	4502163	54	374	12.62	CHG
3	4501942	4502163	305	517	37.10	CHH
3	4735915	4736042	13	49	20.97	CG
3	4735915	4736042	0	61	0.00	CHG
3	4735915	4736042	1	276	0.36	CHH
3	5786527	5786697	78	3	96.30	CG
3	5786527	5786697	2	251	0.79	CHG
3	5786527	5786697	5	1201	0.41	CHH
3	5790733	5792052	1037	180	85.21	CG
3	5790733	5792052	545	544	50.05	CHG
3	5790733	5792052	249	3473	6.69	CHH
3	5852144	5852325	325	13	96.15	CG
3	5852144	5852325	247	68	78.41	CHG
3	5852144	5852325	256	1376	15.69	CHH
3	5861909	5862252	306	39	88.70	CG
3	5861909	5862252	6	872	0.68	CHG
3	5861909	5862252	7	1840	0.38	CHH
3	5863529	5863616	2	186	1.06	CG
3	5863529	5863616	1	292	0.34	CHG
3	5863529	5863616	6	802	0.74	CHH
3	6119207	6119385	2	1039	0.19	CG
3	6119207	6119385	5	851	0.58	CHG
3	6119207	6119385	3	1091	0.27	CHH
3	6727333	6727471	0	134	0.00	CG
3	6727333	6727471	0	102	0.00	CHG
3	6727333	6727471	5	698	0.71	CHH
3	7815881	7816020	2	994	0.20	CG
3	7815881	7816020	3	464	0.64	CHG
3	7815881	7816020	2	378	0.53	CHH
3	8124800	8125238	6	1312	0.46	CG
3	8124800	8125238	1	740	0.13	CHG
3	8124800	8125238	5	2286	0.22	CHH
3	8292358	8296069	1587	1223	56.48	CG
3	8292358	8296069	1256	3209	28.13	CHG
3	8292358	8296069	370	19047	1.91	CHH
3	8918282	8919468	460	3099	12.92	CG
3	8918282	8919468	142	2014	6.59	CHG
3	8918282	8919468	531	6521	7.53	CHH
3	8932042	8933228	283	375	43.01	CG
3	8932042	8933228	95	262	26.61	CHG
3	8932042	8933228	74	2170	3.30	CHH
3	9007060	9007495	727	54	93.09	CG
3	9007060	9007495	322	179	64.27	CHG
3	9007060	9007495	91	1141	7.39	CHH
3	9615393	9615681	3	1115	0.27	CG
3	9615393	9615681	4	541	0.73	CHG
3	9615393	9615681	8	2286	0.35	CHH
3	9647322	9647514	21	176	10.66	CG
3	9647322	9647514	5	400	1.23	CHG
3	9647322	9647514	9	1185	0.75	CHH
3	9661238	9663204	163	1977	7.62	CG
3	9661238	9663204	80	2101	3.67	CHG
3	9661238	9663204	123	7452	1.62	CHH
3	9703524	9703645	0	149	0.00	CG
3	9703524	9703645	1	103	0.96	CHG
3	9703524	9703645	8	1011	0.79	CHH
3	9741411	9741728	88	26	77.19	CG
3	9741411	9741728	45	27	62.50	CHG
3	9741411	9741728	42	324	11.48	CHH
3	9772110	9773385	1307	264	83.20	CG
3	9772110	9773385	663	515	56.28	CHG
3	9772110	9773385	281	5241	5.09	CHH
3	9970758	9972750	114	4852	2.30	CG
3	9970758	9972750	41	4101	0.99	CHG
3	9970758	9972750	69	7337	0.93	CHH
3	11318102	11319164	103	213	32.59	CG
3	11318102	11319164	59	412	12.53	CHG
3	11318102	11319164	35	2062	1.67	CHH
3	11624874	11625180	41	2	95.35	CG
3	11624874	11625180	0	250	0.00	CHG
3	11624874	11625180	6	747	0.80	CHH
3	11762654	11762757	1	14	6.67	CG
3	11762654	11762757	0	8	0.00	CHG
3	11762654	11762757	0	91	0.00	CHH
3	12013674	12014450	697	24	96.67	CG
3	12013674	12014450	1373	238	85.23	CHG
3	12013674	12014450	276	6936	3.83	CHH
3	13326106	13326294	1	200	0.50	CG
3	13326106	13326294	2	395	0.50	CHG
3	13326106	13326294	0	874	0.00	CHH
3	14484188	14484405	15	3	83.33	CG
3	14484188	14484405	94	32	74.60	CHG
3	14484188	14484405	3	477	0.62	CHH
3	14495901	14496241	6	2203	0.27	CG
3	14495901	14496241	1	934	0.11	CHG
3	14495901	14496241	7	2250	0.31	CHH
3	14633392	14633990	367	12	96.83	CG
3	14633392	14633990	114	44	72.15	CHG
3	14633392	14633990	48	2036	2.30	CHH
3	14886695	14886945	11	125	8.09	CG
3	14886695	14886945	99	90	52.38	CHG
3	14886695	14886945	377	922	29.02	CHH
3	15238637	15238822	219	9	96.05	CG
3	15238637	15238822	260	80	76.47	CHG
3	15238637	15238822	60	1643	3.52	CHH
3	15348429	15348696	465	25	94.90	CG
3	15348429	15348696	397	264	60.06	CHG
3	15348429	15348696	64	3132	2.00	CHH
3	15968990	15969281	3	1220	0.25	CG
3	15968990	15969281	2	960	0.21	CHG
3	15968990	15969281	8	1885	0.42	CHH
3	16545195	16545366	90	8	91.84	CG
3	16545195	16545366	65	25	72.22	CHG
3	16545195	16545366	17	571	2.89	CHH
3	16691128	16691290	32	1	96.97	CG
3	16691128	16691290	1	37	2.63	CHG
3	16691128	16691290	26	219	10.61	CHH
3	18086982	18087169	0	173	0.00	CG
3	18086982	18087169	0	192	0.00	CHG
3	18086982	18087169	2	744	0.27	CHH
3	18671229	18673244	732	898	44.91	CG
3	18671229	18673244	322	1587	16.87	CHG
3	18671229	18673244	258	7250	3.44	CHH
3	19066610	19066885	326	13	96.17	CG
3	19066610	19066885	58	70	45.31	CHG
3	19066610	19066885	29	320	8.31	CHH
3	19477758	19477853	131	10	92.91	CG
3	19477758	19477853	62	127	32.80	CHG
3	19477758	19477853	11	612	1.77	CHH
3	20211561	20212451	1256	68	94.86	CG
3	20211561	20212451	872	285	75.37	CHG
3	20211561	20212451	291	5475	5.05	CHH
3	20300032	20301332	1207	95	92.70	CG
3	20300032	20301332	2017	376	84.29	CHG
3	20300032	20301332	215	7834	2.67	CHH
3	20506153	20506547	457	23	95.21	CG
3	20506153	20506547	367	142	72.10	CHG
3	20506153	20506547	51	2079	2.39	CHH
3	20529596	20530676	484	3497	12.16	CG
3	20529596	20530676	63	1664	3.65	CHG
3	20529596	20530676	59	2215	2.59	CHH
3	20609274	20609784	271	10	96.44	CG
3	20609274	20609784	163	97	62.69	CHG
3	20609274	20609784	52	1268	3.94	CHH
3	21045714	21046037	204	11	94.88	CG
3	21045714	21046037	88	35	71.54	CHG
3	21045714	21046037	37	1182	3.04	CHH
3	21053301	21054404	87	104	45.55	CG
3	21053301	21054404	2	439	0.45	CHG
3	21053301	21054404	16	2586	0.61	CHH
3	21477968	21478334	87	126	40.85	CG
3	21477968	21478334	29	130	18.24	CHG
3	21477968	21478334	94	775	10.82	CHH
3	21805912	21806253	376	45	89.31	CG
3	21805912	21806253	46	62	42.59	CHG
3	21805912	21806253	27	424	5.99	CHH
3	22443304	22443897	12	2296	0.52	CG
3	22443304	22443897	3	1544	0.19	CHG
3	22443304	22443897	14	3364	0.41	CHH
3	22930322	22932315	231	1759	11.61	CG
3	22930322	22932315	11	1906	0.57	CHG
3	22930322	22932315	41	7017	0.58	CHH
3	22977964	22978503	165	66	71.43	CG
3	22977964	22978503	131	223	37.01	CHG
3	22977964	22978503	146	1090	11.81	CHH
3	23158824	23162446	647	4935	11.59	CG
3	23158824	23162446	134	3083	4.17	CHG
3	23158824	23162446	395	10095	3.77	CHH
3	23440227	23440314	0	29	0.00	CHG
3	23440227	23440314	0	186	0.00	CHH
3	23502337	23503127	181	80	69.35	CG
3	23502337	23503127	14	196	6.67	CHG
3	23502337	23503127	157	2366	6.22	CHH
3	24402381	24402506	3	654	0.46	CG
3	24402381	24402506	3	211	1.40	CHG
3	24402381	24402506	1	267	0.37	CHH
3	24697252	24697403	0	38	0.00	CG
3	24697252	24697403	0	79	0.00	CHG
3	24697252	24697403	1	298	0.33	CHH
3	25124576	25125712	636	325	66.18	CG
3	25124576	25125712	362	368	49.59	CHG
3	25124576	25125712	1361	2970	31.42	CHH
3	25238096	25238349	127	17	88.19	CG
3	25238096	25238349	4	329	1.20	CHG
3	25238096	25238349	7	1088	0.64	CHH
3	26463242	26463534	34	368	8.46	CG
3	26463242	26463534	4	363	1.09	CHG
3	26463242	26463534	6	802	0.74	CHH
3	28036385	28036532	2	312	0.64	CG
3	28036385	28036532	1	289	0.34	CHG
3	28036385	28036532	2	796	0.25	CHH
3	28421210	28421588	1	299	0.33	CG
3	28421210	28421588	3	557	0.54	CHG
3	28421210	28421588	5	1782	0.28	CHH
3	28828352	28828674	49	41	54.44	CG
3	28828352	28828674	2	38	5.00	CHG
3	28828352	28828674	145	824	14.96	CHH
3	28883667	28884002	19	20	48.72	CG
3	28883667	28884002	3	96	3.03	CHG
3	28883667	28884002	8	717	1.10	CHH
3	28999678	28999814	9	1	90.00	CG
3	28999678	28999814	8	5	61.54	CHG
3	28999678	28999814	5	92	5.15	CHH
3	29036320	29036527	518	19	96.46	CG
3	29036320	29036527	47	115	29.01	CHG
3	29036320	29036527	19	295	6.05	CHH
3	29048284	29048488	468	10	97.91	CG
3	29048284	29048488	255	78	76.58	CHG
3	29048284	29048488	31	330	8.59	CHH
3	29804060	29804313	2	221	0.90	CG
3	29804060	29804313	2	487	0.41	CHG
3	29804060	29804313	6	1498	0.40	CHH
3	31242980	31243426	596	15	97.55	CG
3	31242980	31243426	254	126	66.84	CHG
3	31242980	31243426	31	681	4.35	CHH
3	31550060	31550292	0	437	0.00	CG
3	31550060	31550292	3	178	1.66	CHG
3	31550060	31550292	7	846	0.82	CHH
3	32992420	32993458	134	225	37.33	CG
3	32992420	32993458	37	309	10.69	CHG
3	32992420	32993458	49	1914	2.50	CHH
3	33907932	33908490	7	97	6.73	CG
3	33907932	33908490	2	643	0.31	CHG
3	33907932	33908490	9	2503	0.36	CHH
3	34241449	34241654	0	239	0.00	CG
3	34241449	34241654	3	594	0.50	CHG
3	34241449	34241654	4	1173	0.34	CHH
3	34254363	34255907	148	1833	7.47	CG
3	34254363	34255907	52	3111	1.64	CHG
3	34254363	34255907	464	6478	6.68	CHH
3	34833000	34833309	321	8	97.57	CG
3	34833000	34833309	168	56	75.00	CHG
3	34833000	34833309	71	416	14.58	CHH
3	35110086	35110256	18	0	100.00	CG
3	35110086	35110256	0	62	0.00	CHG
3	35110086	35110256	1	428	0.23	CHH
3	35180241	35180554	145	13	91.77	CG
3	35180241	35180554	3	526	0.57	CHG
3	35180241	35180554	13	1934	0.67	CHH
3	35917041	35917731	553	386	58.89	CG
3	35917041	35917731	166	556	22.99	CHG
3	35917041	35917731	244	2681	8.34	CHH
3	36048993	36049255	1	82	1.20	CG
3	36048993	36049255	4	131	2.96	CHG
3	36048993	36049255	1	408	0.24	CHH
3	36390761	36392058	41	4235	0.96	CG
3	36390761	36392058	13	2851	0.45	CHG
3	36390761	36392058	42	6206	0.67	CHH
4	2128481	2128855	90	25	78.26	CG
4	2128481	2128855	5	67	6.94	CHG
4	2128481	2128855	28	571	4.67	CHH
4	2540394	2540485	196	21	90.32	CG
4	2540394	2540485	92	145	38.82	CHG
4	2540394	2540485	8	613	1.29	CHH
4	3036997	3037085	83	1	98.81	CG
4	3036997	3037085	8	45	15.09	CHG
4	3036997	3037085	6	95	5.94	CHH
4	4049820	4050064	160	18	89.89	CG
4	4049820	4050064	83	85	49.40	CHG
4	4049820	4050064	5	673	0.74	CHH
4	4695559	4695777	142	1	99.30	CG
4	4695559	4695777	38	41	48.10	CHG
4	4695559	4695777	7	212	3.20	CHH
4	5205473	5206792	2282	101	95.76	CG
4	5205473	5206792	1179	534	68.83	CHG
4	5205473	5206792	187	7379	2.47	CHH
4	5370300	5370990	602	38	94.06	CG
4	5370300	5370990	322	165	66.12	CHG
4	5370300	5370990	40	1205	3.21	CHH
4	7250146	7253105	769	7989	8.78	CG
4	7250146	7253105	477	4456	9.67	CHG
4	7250146	7253105	172	12530	1.35	CHH
4	7946934	7947116	291	36	88.99	CG
4	7946934	7947116	180	151	54.38	CHG
4	7946934	7947116	44	1196	3.55	CHH
4	7976120	7976768	3	147	2.00	CG
4	7976120	7976768	5	399	1.24	CHG
4	7976120	7976768	10	1336	0.74	CHH
4	7998972	7999131	0	12	0.00	CG
4	7998972	7999131	0	29	0.00	CHG
4	7998972	7999131	2	180	1.10	CHH
4	9504426	9506750	2706	375	87.83	CG
4	9504426	9506750	1817	1546	54.03	CHG
4	9504426	9506750	259	13620	1.87	CHH
4	10597218	10597775	1246	62	95.26	CG
4	10597218	10597775	1703	483	77.90	CHG
4	10597218	10597775	63	4372	1.42	CHH
4	11254426	11254603	1	80	1.23	CG
4	11254426	11254603	3	142	2.07	CHG
4	11254426	11254603	12	615	1.91	CHH
4	11479976	11481063	0	337	0.00	CG
4	11479976	11481063	2	577	0.35	CHG
4	11479976	11481063	21	3276	0.64	CHH
4	12511724	12511877	101	7	93.52	CG
4	12511724	12511877	213	148	59.00	CHG
4	12511724	12511877	13	948	1.35	CHH
4	12570254	12573173	4380	196	95.72	CG
4	12570254	12573173	5047	1731	74.46	CHG
4	12570254	12573173	612	24964	2.39	CHH
4	14336636	14336825	122	1	99.19	CG
4	14336636	14336825	130	55	70.27	CHG
4	14336636	14336825	3	228	1.30	CHH
4	15422154	15422563	121	2	98.37	CG
4	15422154	15422563	107	71	60.11	CHG
4	15422154	15422563	68	1043	6.12	CHH
4	15927777	15928107	3	574	0.52	CG
4	15927777	15928107	4	558	0.71	CHG
4	15927777	15928107	4	1814	0.22	CHH
4	16377949	16378038	156	7	95.71	CG
4	16377949	16378038	102	56	64.56	CHG
4	16377949	16378038	25	373	6.28	CHH
4	16429861	16430118	70	9	88.61	CG
4	16429861	16430118	135	20	87.10	CHG
4	16429861	16430118	21	631	3.22	CHH
4	16739824	16740091	210	10	95.45	CG
4	16739824	16740091	44	45	49.44	CHG
4	16739824	16740091	4	331	1.19	CHH
4	16870850	16871033	82	4	95.35	CG
4	16870850	16871033	0	26	0.00	CHG
4	16870850	16871033	4	694	0.57	CHH
4	16929303	16929386	4	50	7.41	CG
4	16929303	16929386	1	17	5.56	CHG
4	16929303	16929386	1	234	0.43	CHH
4	18861290	18861421	53	7	88.33	CG
4	18861290	18861421	25	14	64.10	CHG
4	18861290	18861421	174	264	39.73	CHH
4	18879559	18879953	858	31	96.51	CG
4	18879559	18879953	422	231	64.62	CHG
4	18879559	18879953	74	1144	6.08	CHH
4	19594453	19594613	0	75	0.00	CG
4	19594453	19594613	1	194	0.51	CHG
4	19594453	19594613	10	299	3.24	CHH
4	21836525	21836740	2	302	0.66	CG
4	21836525	21836740	0	532	0.00	CHG
4	21836525	21836740	7	1367	0.51	CHH
4	22149701	22149888	1	208	0.48	CG
4	22149701	22149888	0	84	0.00	CHG
4	22149701	22149888	0	173	0.00	CHH
4	24463582	24463728	1	195	0.51	CG
4	24463582	24463728	2	127	1.55	CHG
4	24463582	24463728	6	790	0.75	CHH
4	24879051	24879296	1	43	2.27	CG
4	24879051	24879296	2	604	0.33	CHG
4	24879051	24879296	3	969	0.31	CHH
4	25700367	25700823	881	44	95.24	CG
4	25700367	25700823	315	196	61.64	CHG
4	25700367	25700823	319	1290	19.83	CHH
4	26025305	26025523	42	2	95.45	CG
4	26025305	26025523	0	125	0.00	CHG
4	26025305	26025523	0	419	0.00	CHH
4	26125746	26125921	126	12	91.30	CG
4	26125746	26125921	92	38	70.77	CHG
4	26125746	26125921	35	1040	3.26	CHH
4	28854448	28854672	2	404	0.49	CG
4	28854448	28854672	3	193	1.53	CHG
4	28854448	28854672	8	914	0.87	CHH
4	31600862	31601333	643	60	91.47	CG
4	31600862	31601333	486	428	53.17	CHG
4	31600862	31601333	42	2773	1.49	CHH
4	32665225	32665685	10	2358	0.42	CG
4	32665225	32665685	10	1701	0.58	CHG
4	32665225	32665685	13	3379	0.38	CHH
4	32845260	32845468	162	17	90.50	CG
4	32845260	32845468	6	574	1.03	CHG
4	32845260	32845468	6	1865	0.32	CHH
4	32907649	32907913	398	17	95.90	CG
4	32907649	32907913	431	86	83.37	CHG
4	32907649	32907913	80	1883	4.08	CHH
4	32976630	32976775	0	130	0.00	CG
4	32976630	32976775	0	140	0.00	CHG
4	32976630	32976775	2	786	0.25	CHH
4	33538001	33538284	184	14	92.93	CG
4	33538001	33538284	246	55	81.73	CHG
4	33538001	33538284	25	862	2.82	CHH
5	22552	22704	282	11	96.25	CG
5	22552	22704	176	39	81.86	CHG
5	22552	22704	37	934	3.81	CHH
5	167915	169390	161	152	51.44	CG
5	167915	169390	39	171	18.57	CHG
5	167915	169390	59	2112	2.72	CHH
5	802197	802307	0	46	0.00	CG
5	802197	802307	0	81	0.00	CHG
5	802197	802307	0	432	0.00	CHH
5	1555477	1555743	106	9	92.17	CG
5	1555477	1555743	0	385	0.00	CHG
5	1555477	1555743	7	1408	0.49	CHH
5	1623822	1624065	302	4	98.69	CG
5	1623822	1624065	116	63	64.80	CHG
5	1623822	1624065	18	187	8.78	CHH
5	1649481	1650024	746	42	94.67	CG
5	1649481	1650024	305	283	51.87	CHG
5	1649481	1650024	114	1811	5.92	CHH
5	2535968	2537410	244	4577	5.06	CG
5	2535968	2537410	18	3640	0.49	CHG
5	2535968	2537410	43	9424	0.45	CHH
5	3201536	3202094	19	125	13.19	CG
5	3201536	3202094	25	172	12.69	CHG
5	3201536	3202094	84	1070	7.28	CHH
5	3642042	3642277	284	48	85.54	CG
5	3642042	3642277	52	86	37.68	CHG
5	3642042	3642277	40	779	4.88	CHH
5	4042346	4043559	556	24	95.86	CG
5	4042346	4043559	366	143	71.91	CHG
5	4042346	4043559	61	1836	3.22	CHH
5	5042999	5043643	17	1	94.44	CG
5	5042999	5043643	5	3	62.50	CHG
5	5042999	5043643	0	88	0.00	CHH
5	6697788	6698020	102	43	70.34	CG
5	6697788	6698020	1	228	0.44	CHG
5	6697788	6698020	3	1104	0.27	CHH
5	8888812	8888977	126	3	97.67	CG
5	8888812	8888977	320	75	81.01	CHG
5	8888812	8888977	22	999	2.15	CHH
5	9364313	9364413	309	12	96.26	CG
5	9364313	9364413	168	88	65.62	CHG
5	9364313	9364413	13	375	3.35	CHH
5	12809268	12809477	133	11	92.36	CG
5	12809268	12809477	29	44	39.73	CHG
5	12809268	12809477	17	118	12.59	CHH
5	13857407	13857542	553	28	95.18	CG
5	13857407	13857542	100	100	50.00	CHG
5	13857407	13857542	15	709	2.07	CHH
5	14246535	14246708	0	77	0.00	CG
5	14246535	14246708	1	37	2.63	CHG
5	14246535	14246708	2	773	0.26	CHH
5	15249273	15249609	432	15	96.64	CG
5	15249273	15249609	212	136	60.92	CHG
5	15249273	15249609	40	1608	2.43	CHH
5	15263881	15264136	554	15	97.36	CG
5	15263881	15264136	189	124	60.38	CHG
5	15263881	15264136	41	624	6.17	CHH
5	15295856	15296058	217	20	91.56	CG
5	15295856	15296058	72	49	59.50	CHG
5	15295856	15296058	19	315	5.69	CHH
5	15380224	15380482	7	2	77.78	CHG
5	15380224	15380482	0	8	0.00	CHH
5	16141049	16142222	1604	74	95.59	CG
5	16141049	16142222	1083	275	79.75	CHG
5	16141049	16142222	242	6045	3.85	CHH
5	16604726	16607053	2021	122	94.31	CG
5	16604726	16607053	1099	760	59.12	CHG
5	16604726	16607053	324	9655	3.25	CHH
5	16695358	16697204	711	996	41.65	CG
5	16695358	16697204	725	828	46.68	CHG
5	16695358	16697204	313	5196	5.68	CHH
5	17145149	17145240	0	25	0.00	CG
5	17145149	17145240	0	214	0.00	CHH
5	17275880	17277194	396	808	32.89	CG
5	17275880	17277194	63	1336	4.50	CHG
5	17275880	17277194	124	4836	2.50	CHH
5	18555974	18556911	1637	183	89.95	CG
5	18555974	18556911	628	524	54.51	CHG
5	18555974	18556911	63	4646	1.34	CHH
5	18614365	18615227	849	24	97.25	CG
5	18614365	18615227	400	156	71.94	CHG
5	18614365	18615227	260	1740	13.00	CHH
5	19082868	19087589	1291	2872	31.01	CG
5	19082868	19087589	57	6569	0.86	CHG
5	19082868	19087589	211	20376	1.02	CHH
5	19475239	19475452	0	300	0.00	CG
5	19475239	19475452	2	466	0.43	CHG
5	19475239	19475452	3	1293	0.23	CHH
5	19550564	19550779	13	9	59.09	CHG
5	19550564	19550779	13	313	3.99	CHH
5	19686229	19688559	382	3370	10.18	CG
5	19686229	19688559	236	1972	10.69	CHG
5	19686229	19688559	211	7892	2.60	CHH
5	20197683	20197907	7	1726	0.40	CG
5	20197683	20197907	5	985	0.51	CHG
5	20197683	20197907	6	1809	0.33	CHH
5	20639725	20640817	566	53	91.44	CG
5	20639725	20640817	61	1358	4.30	CHG
5	20639725	20640817	37	4246	0.86	CHH
5	21196473	21196736	84	0	100.00	CG
5	21196473	21196736	151	18	89.35	CHG
5	21196473	21196736	44	824	5.07	CHH
5	21222554	21222810	44	26	62.86	CHG
5	21222554	21222810	6	559	1.06	CHH
5	21231311	21231463	2	393	0.51	CG
5	21231311	21231463	3	368	0.81	CHG
5	21231311	21231463	4	546	0.73	CHH
5	21771662	21772418	428	96	81.68	CG
5	21771662	21772418	328	267	55.13	CHG
5	21771662	21772418	54	1700	3.08	CHH
5	22632027	22632224	6	874	0.68	CG
5	22632027	22632224	8	749	1.06	CHG
5	22632027	22632224	8	1355	0.59	CHH
5	23446330	23446424	4	0	100.00	CG
5	23446330	23446424	1	28	3.45	CHH
5	23498602	23498699	109	3	97.32	CG
5	23498602	23498699	43	7	86.00	CHG
5	23498602	23498699	536	357	60.02	CHH
5	23589096	23589233	1	173	0.57	CHG
5	23589096	23589233	2	854	0.23	CHH
5	23597717	23597952	0	59	0.00	CG
5	23597717	23597952	1	156	0.64	CHG
5	23597717	23597952	2	853	0.23	CHH
5	23799970	23800819	8	2122	0.38	CG
5	23799970	23800819	1	1670	0.06	CHG
5	23799970	23800819	13	3800	0.34	CHH
5	24767463	24767619	4	779	0.51	CG
5	24767463	24767619	1	263	0.38	CHG
5	24767463	24767619	4	983	0.41	CHH
5	24958493	24960927	355	739	32.45	CG
5	24958493	24960927	24	1648	1.44	CHG
5	24958493	24960927	27	7237	0.37	CHH
5	25117789	25118255	11	2179	0.50	CG
5	25117789	25118255	4	686	0.58	CHG
5	25117789	25118255	10	1492	0.67	CHH
5	25683760	25686062	454	6777	6.28	CG
5	25683760	25686062	220	5270	4.01	CHG
5	25683760	25686062	541	8641	5.89	CHH
5	25916431	25917101	821	44	94.91	CG
5	25916431	25917101	503	218	69.76	CHG
5	25916431	25917101	224	2995	6.96	CHH
5	26920490	26922938	8	2317	0.34	CG
5	26920490	26922938	17	4287	0.39	CHG
5	26920490	26922938	61	10486	0.58	CHH
5	27294148	27294484	7	758	0.92	CG
5	27294148	27294484	4	558	0.71	CHG
5	27294148	27294484	9	1807	0.50	CHH
5	27692643	27692794	1	442	0.23	CG
5	27692643	27692794	3	420	0.71	CHG
5	27692643	27692794	3	1056	0.28	CHH
5	28353397	28355104	344	495	41.00	CG
5	28353397	28355104	33	1313	2.45	CHG
5	28353397	28355104	47	5491	0.85	CHH
5	28438764	28438936	73	3	96.05	CG
5	28438764	28438936	94	9	91.26	CHG
5	28438764	28438936	16	363	4.22	CHH
5	29278792	29278999	187	18	91.22	CG
5	29278792	29278999	172	17	91.01	CHG
5	29278792	29278999	29	872	3.22	CHH
5	29368004	29368261	148	3	98.01	CG
5	29368004	29368261	397	16	96.13	CHG
5	29368004	29368261	100	1935	4.91	CHH
5	29393677	29395023	421	29	93.56	CG
5	29393677	29395023	340	95	78.16	CHG
5	29393677	29395023	52	1193	4.18	CHH
5	29485227	29485510	11	281	3.77	CG
5	29485227	29485510	1	338	0.29	CHG
5	29485227	29485510	5	1310	0.38	CHH
6	247291	247913	2	377	0.53	CG
6	247291	247913	1	270	0.37	CHG
6	247291	247913	1	605	0.17	CHH
6	368015	368245	1	266	0.37	CG
6	368015	368245	1	320	0.31	CHG
6	368015	368245	6	1143	0.52	CHH
6	521167	522087	62	486	11.31	CG
6	521167	522087	6	447	1.32	CHG
6	521167	522087	136	2075	6.15	CHH
6	813527	813697	94	17	84.68	CG
6	813527	813697	0	328	0.00	CHG
6	813527	813697	8	1603	0.50	CHH
6	958185	960061	1735	950	64.62	CG
6	958185	960061	538	889	37.70	CHG
6	958185	960061	241	5161	4.46	CHH
6	1267865	1268035	452	12	97.41	CG
6	1267865	1268035	197	123	61.56	CHG
6	1267865	1268035	18	576	3.03	CHH
6	2300838	2300945	0	111	0.00	CG
6	2300838	2300945	0	171	0.00	CHG
6	2300838	2300945	1	496	0.20	CHH
6	3639180	3639309	3	325	0.91	CG
6	3639180	3639309	2	349	0.57	CHG
6	3639180	3639309	10	1142	0.87	CHH
6	3944739	3945664	176	253	41.03	CG
6	3944739	3945664	157	346	31.21	CHG
6	3944739	3945664	143	3031	4.51	CHH
6	4300749	4300941	313	8	97.51	CG
6	4300749	4300941	119	150	44.24	CHG
6	4300749	4300941	23	1046	2.15	CHH
6	4553472	4553595	82	2	97.62	CG
6	4553472	4553595	14	16	46.67	CHG
6	4553472	4553595	8	88	8.33	CHH
6	4806070	4806315	11	675	1.60	CG
6	4806070	4806315	1	296	0.34	CHG
6	4806070	4806315	6	1088	0.55	CHH
6	5243918	5246329	777	3325	18.94	CG
6	5243918	5246329	31	6488	0.48	CHG
6	5243918	5246329	78	17263	0.45	CHH
6	5335954	5337126	697	564	55.27	CG
6	5335954	5337126	244	736	24.90	CHG
6	5335954	5337126	254	3412	6.93	CHH
6	6556692	6557000	8	1263	0.63	CG
6	6556692	6557000	2	606	0.33	CHG
6	6556692	6557000	7	1410	0.49	CHH
6	7262284	7262394	0	122	0.00	CHG
6	7262284	7262394	4	403	0.98	CHH
6	7296360	7297580	328	12	96.47	CG
6	7296360	7297580	223	67	76.90	CHG
6	7296360	7297580	47	896	4.98	CHH
6	7450229	7452500	2169	214	91.02	CG
6	7450229	7452500	1302	692	65.30	CHG
6	7450229	7452500	379	7531	4.79	CHH
6	8010667	8010997	583	14	97.65	CG
6	8010667	8010997	299	223	57.28	CHG
6	8010667	8010997	72	1512	4.55	CHH
6	8383109	8385458	620	7693	7.46	CG
6	8383109	8385458	260	3621	6.70	CHG
6	8383109	8385458	187	9986	1.84	CHH
6	8415805	8416695	1421	78	94.80	CG
6	8415805	8416695	1074	477	69.25	CHG
6	8415805	8416695	151	5542	2.65	CHH
6	8434419	8434622	146	6	96.05	CG
6	8434419	8434622	156	66	70.27	CHG
6	8434419	8434622	43	440	8.90	CHH
6	9748876	9749062	1	393	0.25	CG
6	9748876	9749062	6	112	5.08	CHG
6	9748876	9749062	1	713	0.14	CHH
6	9753551	9753693	27	4	87.10	CG
6	9753551	9753693	35	9	79.55	CHG
6	9753551	9753693	0	123	0.00	CHH
6	10075237	10075575	602	33	94.80	CG
6	10075237	10075575	908	251	78.34	CHG
6	10075237	10075575	126	2587	4.64	CHH
6	10093461	10093858	333	17	95.14	CG
6	10093461	10093858	126	131	49.03	CHG
6	10093461	10093858	58	1369	4.06	CHH
6	10113029	10113177	131	11	92.25	CG
6	10113029	10113177	68	38	64.15	CHG
6	10113029	10113177	122	522	18.94	CHH
6	10217891	10218933	1354	85	94.09	CG
6	10217891	10218933	1593	363	81.44	CHG
6	10217891	10218933	153	6487	2.30	CHH
6	11173234	11173456	8	22	26.67	CG
6	11173234	11173456	116	232	33.33	CHH
6	11608473	11613132	3781	723	83.95	CG
6	11608473	11613132	2336	2466	48.65	CHG
6	11608473	11613132	501	15909	3.05	CHH
6	11851633	11851862	129	7	94.85	CG
6	11851633	11851862	223	139	61.60	CHG
6	11851633	11851862	17	1155	1.45	CHH
6	14122214	14122520	727	37	95.16	CG
6	14122214	14122520	712	235	75.18	CHG
6	14122214	14122520	105	2555	3.95	CHH
6	14227883	14228030	107	5	95.54	CG
6	14227883	14228030	48	38	55.81	CHG
6	14227883	14228030	23	469	4.67	CHH
6	14470606	14472078	1605	65	96.11	CG
6	14470606	14472078	1676	286	85.42	CHG
6	14470606	14472078	351	5389	6.11	CHH
6	14807254	14809068	1596	850	65.25	CG
6	14807254	14809068	1377	1385	49.86	CHG
6	14807254	14809068	1643	8663	15.94	CHH
6	14821713	14821802	78	12	86.67	CG
6	14821713	14821802	165	24	87.30	CHG
6	14821713	14821802	18	434	3.98	CHH
6	14830897	14831902	1549	75	95.38	CG
6	14830897	14831902	2077	512	80.22	CHG
6	14830897	14831902	200	9336	2.10	CHH
6	14905971	14906794	1519	49	96.88	CG
6	14905971	14906794	1619	148	91.62	CHG
6	14905971	14906794	290	4360	6.24	CHH
6	15103747	15105627	1969	123	94.12	CG
6	15103747	15105627	1303	487	72.79	CHG
6	15103747	15105627	417	12816	3.15	CHH
6	15441362	15441506	2031	186	91.61	CG
6	15441362	15441506	177	160	52.52	CHG
6	15441362	15441506	99	2748	3.48	CHH
6	15563454	15563591	95	6	94.06	CG
6	15563454	15563591	131	34	79.39	CHG
6	15563454	15563591	11	590	1.83	CHH
6	16686020	16686529	701	28	96.16	CG
6	16686020	16686529	254	186	57.73	CHG
6	16686020	16686529	56	2181	2.50	CHH
6	17158669	17158861	129	42	75.44	CG
6	17158669	17158861	0	143	0.00	CHG
6	17158669	17158861	14	707	1.94	CHH
6	17199198	17199462	38	14	73.08	CG
6	17199198	17199462	2	10	16.67	CHG
6	17199198	17199462	5	297	1.66	CHH
6	17345586	17347256	2564	106	96.03	CG
6	17345586	17347256	1445	665	68.48	CHG
6	17345586	17347256	390	6934	5.32	CHH
6	17660877	17661057	404	24	94.39	CG
6	17660877	17661057	498	139	78.18	CHG
6	17660877	17661057	16	1608	0.99	CHH
6	18643334	18643833	268	1	99.63	CG
6	18643334	18643833	78	78	50.00	CHG
6	18643334	18643833	6	137	4.20	CHH
6	18777954	18779043	823	61	93.10	CG
6	18777954	18779043	419	236	63.97	CHG
6	18777954	18779043	73	4440	1.62	CHH
6	18810122	18813496	3046	558	84.52	CG
6	18810122	18813496	1105	2056	34.96	CHG
6	18810122	18813496	200	12719	1.55	CHH
6	19312818	19314797	2394	2104	53.22	CG
6	19312818	19314797	972	2106	31.58	CHG
6	19312818	19314797	794	11444	6.49	CHH
6	20357482	20357681	185	17	91.58	CG
6	20357482	20357681	91	38	70.54	CHG
6	20357482	20357681	16	702	2.23	CHH
6	20439044	20439654	1	424	0.24	CG
6	20439044	20439654	6	1064	0.56	CHG
6	20439044	20439654	16	2654	0.60	CHH
6	21127919	21128043	141	13	91.56	CG
6	21127919	21128043	0	12	0.00	CHG
6	21127919	21128043	7	392	1.75	CHH
6	21587628	21587841	130	13	90.91	CG
6	21587628	21587841	73	20	78.49	CHG
6	21587628	21587841	43	710	5.71	CHH
6	22156671	22156886	4	728	0.55	CG
6	22156671	22156886	2	586	0.34	CHG
6	22156671	22156886	7	2146	0.33	CHH
6	22194216	22196915	1541	1011	60.38	CG
6	22194216	22196915	415	2592	13.80	CHG
6	22194216	22196915	110	11670	0.93	CHH
6	22609287	22612484	1840	2040	47.42	CG
6	22609287	22612484	938	2271	29.23	CHG
6	22609287	22612484	1124	9387	10.69	CHH
6	22611980	22612934	530	1596	24.93	CG
6	22611980	22612934	445	1494	22.95	CHG
6	22611980	22612934	1053	5127	17.04	CHH
6	23257492	23257741	522	44	92.23	CG
6	23257492	23257741	164	103	61.42	CHG
6	23257492	23257741	32	560	5.41	CHH
6	23764410	23764702	42	5	89.36	CG
6	23764410	23764702	3	1	75.00	CHG
6	23764410	23764702	45	1661	2.64	CHH
6	23867262	23869017	99	5897	1.65	CG
6	23867262	23869017	204	2817	6.75	CHG
6	23867262	23869017	201	6323	3.08	CHH
6	24469529	24469704	90	4	95.74	CG
6	24469529	24469704	318	13	96.07	CHG
6	24469529	24469704	45	871	4.91	CHH
6	26027042	26027922	80	450	15.09	CG
6	26027042	26027922	10	504	1.95	CHG
6	26027042	26027922	12	2481	0.48	CHH
6	27428621	27432072	484	3451	12.30	CG
6	27428621	27432072	156	5872	2.59	CHG
6	27428621	27432072	306	14083	2.13	CHH
6	27581080	27581338	382	17	95.74	CG
6	27581080	27581338	169	99	63.06	CHG
6	27581080	27581338	82	971	7.79	CHH
6	27924772	27924989	70	39	64.22	CG
6	27924772	27924989	2	403	0.49	CHG
6	27924772	27924989	2	706	0.28	CHH
6	28789509	28791244	135	544	19.88	CG
6	28789509	28791244	16	1544	1.03	CHG
6	28789509	28791244	67	5617	1.18	CHH
6	28955148	28955268	1	286	0.35	CHG
6	28955148	28955268	3	595	0.50	CHH
6	29172271	29175087	674	723	48.25	CG
6	29172271	29175087	30	4507	0.66	CHG
6	29172271	29175087	58	15923	0.36	CHH
6	30516258	30516520	77	267	22.38	CG
6	30516258	30516520	20	127	13.61	CHG
6	30516258	30516520	120	897	11.80	CHH
6	31188015	31188697	123	5	96.09	CG
6	31188015	31188697	3	692	0.43	CHG
6	31188015	31188697	12	2680	0.45	CHH
6	31222643	31224540	826	36	95.82	CG
6	31222643	31224540	35	1594	2.15	CHG
6	31222643	31224540	79	5719	1.36	CHH
7	411438	411715	184	187	49.60	CG
7	411438	411715	28	551	4.84	CHG
7	411438	411715	22	1619	1.34	CHH
7	993029	993215	1	132	0.75	CG
7	993029	993215	2	235	0.84	CHG
7	993029	993215	8	816	0.97	CHH
7	1846760	1848970	1085	511	67.98	CG
7	1846760	1848970	18	3167	0.57	CHG
7	1846760	1848970	52	11419	0.45	CHH
7	2224488	2225213	5	838	0.59	CG
7	2224488	2225213	4	824	0.48	CHG
7	2224488	2225213	13	2116	0.61	CHH
7	2447769	2451203	1020	8530	10.68	CG
7	2447769	2451203	366	6831	5.09	CHG
7	2447769	2451203	630	20061	3.04	CHH
7	2483423	2483554	140	99	58.58	CG
7	2483423	2483554	45	15	75.00	CHG
7	2483423	2483554	212	196	51.96	CHH
7	2618288	2618484	50	6	89.29	CG
7	2618288	2618484	0	27	0.00	CHG
7	2618288	2618484	4	438	0.90	CHH
7	2946799	2949545	448	4455	9.14	CG
7	2946799	2949545	41	5149	0.79	CHG
7	2946799	2949545	90	14082	0.64	CHH
7	3992526	3992733	120	6	95.24	CG
7	3992526	3992733	2	382	0.52	CHG
7	3992526	3992733	4	1141	0.35	CHH
7	4299561	4299774	46	62	42.59	CG
7	4299561	4299774	1	73	1.35	CHG
7	4299561	4299774	6	378	1.56	CHH
7	4594741	4595750	6	1852	0.32	CG
7	4594741	4595750	14	1968	0.71	CHG
7	4594741	4595750	39	7183	0.54	CHH
7	4802020	4804153	50	1239	3.88	CG
7	4802020	4804153	47	881	5.06	CHG
7	4802020	4804153	63	6584	0.95	CHH
7	5473306	5473520	81	4	95.29	CG
7	5473306	5473520	59	11	84.29	CHG
7	5473306	5473520	6	436	1.36	CHH
7	6327476	6328339	1327	67	95.19	CG
7	6327476	6328339	957	328	74.47	CHG
7	6327476	6328339	93	3992	2.28	CHH
7	6575263	6575711	0	38	0.00	CG
7	6575263	6575711	0	11	0.00	CHG
7	6575263	6575711	4	667	0.60	CHH
7	6605103	6605624	1083	58	94.92	CG
7	6605103	6605624	249	666	27.21	CHG
7	6605103	6605624	36	2256	1.57	CHH
7	6829453	6829599	18	77	18.95	CHG
7	6829453	6829599	5	551	0.90	CHH
7	6919655	6920441	614	170	78.32	CG
7	6919655	6920441	416	553	42.93	CHG
7	6919655	6920441	28	2864	0.97	CHH
7	7348687	7348951	19	0	100.00	CG
7	7348687	7348951	1	123	0.81	CHG
7	7348687	7348951	4	927	0.43	CHH
7	7538627	7540224	465	176	72.54	CG
7	7538627	7540224	133	350	27.54	CHG
7	7538627	7540224	107	3190	3.25	CHH
7	7676619	7677136	417	15	96.53	CG
7	7676619	7677136	415	70	85.57	CHG
7	7676619	7677136	96	2477	3.73	CHH
7	7868604	7868899	1073	52	95.38	CG
7	7868604	7868899	570	283	66.82	CHG
7	7868604	7868899	65	2337	2.71	CHH
7	7896981	7897138	62	1	98.41	CG
7	7896981	7897138	439	55	88.87	CHG
7	7896981	7897138	55	1368	3.87	CHH
7	7950410	7951127	103	1549	6.23	CG
7	7950410	7951127	56	787	6.64	CHG
7	7950410	7951127	118	2127	5.26	CHH
7	8994834	8994985	119	10	92.25	CG
7	8994834	8994985	3	174	1.69	CHG
7	8994834	8994985	0	403	0.00	CHH
7	9688947	9691039	493	3779	11.54	CG
7	9688947	9691039	529	1606	24.78	CHG
7	9688947	9691039	195	6434	2.94	CHH
7	10365529	10365796	358	11	97.02	CG
7	10365529	10365796	52	14	78.79	CHG
7	10365529	10365796	11	619	1.75	CHH
7	10449611	10449795	212	13	94.22	CG
7	10449611	10449795	209	49	81.01	CHG
7	10449611	10449795	42	1549	2.64	CHH
7	10549868	10550083	227	14	94.19	CG
7	10549868	10550083	140	103	57.61	CHG
7	10549868	10550083	9	800	1.11	CHH
7	10635123	10635434	223	176	55.89	CG
7	10635123	10635434	285	111	71.97	CHG
7	10635123	10635434	509	985	34.07	CHH
7	10877526	10878054	1064	46	95.86	CG
7	10877526	10878054	326	239	57.70	CHG
7	10877526	10878054	103	1342	7.13	CHH
7	11466967	11467449	773	56	93.24	CG
7	11466967	11467449	450	201	69.12	CHG
7	11466967	11467449	79	2460	3.11	CHH
7	11601703	11602144	131	11	92.25	CG
7	11601703	11602144	91	31	74.59	CHG
7	11601703	11602144	79	1296	5.75	CHH
7	11983577	11984979	623	141	81.54	CG
7	11983577	11984979	393	466	45.75	CHG
7	11983577	11984979	132	6421	2.01	CHH
7	12411232	12411465	3	2	60.00	CG
7	12411232	12411465	4	2	66.67	CHG
7	12411232	12411465	3	13	18.75	CHH
7	12792717	12792888	41	3	93.18	CG
7	12792717	12792888	58	14	80.56	CHG
7	12792717	12792888	18	425	4.06	CHH
7	12807464	12807960	496	37	93.06	CG
7	12807464	12807960	618	326	65.47	CHG
7	12807464	12807960	115	4089	2.74	CHH
7	13460211	13460326	267	14	95.02	CG
7	13460211	13460326	8	32	20.00	CHG
7	13460211	13460326	12	92	11.54	CHH
7	15065372	15067232	1699	74	95.83	CG
7	15065372	15067232	1584	488	76.45	CHG
7	15065372	15067232	123	8733	1.39	CHH
7	15194897	15195154	7	38	15.56	CG
7	15194897	15195154	0	58	0.00	CHG
7	15194897	15195154	2	665	0.30	CHH
7	15838174	15840597	413	1339	23.57	CG
7	15838174	15840597	105	1395	7.00	CHG
7	15838174	15840597	128	6320	1.99	CHH
7	16417756	16417995	73	5	93.59	CG
7	16417756	16417995	35	20	63.64	CHG
7	16417756	16417995	47	868	5.14	CHH
7	17006268	17006989	2277	115	95.19	CG
7	17006268	17006989	676	327	67.40	CHG
7	17006268	17006989	109	4121	2.58	CHH
7	17339592	17339751	1	86	1.15	CG
7	17339592	17339751	1	278	0.36	CHG
7	17339592	17339751	2	830	0.24	CHH
7	17913342	17913726	818	33	96.12	CG
7	17913342	17913726	454	172	72.52	CHG
7	17913342	17913726	110	2547	4.14	CHH
7	18987148	18987233	17	10	62.96	CG
7	18987148	18987233	8	4	66.67	CHG
7	18987148	18987233	2	174	1.14	CHH
7	19215021	19215291	448	21	95.52	CG
7	19215021	19215291	214	96	69.03	CHG
7	19215021	19215291	13	657	1.94	CHH
7	19560035	19560566	1119	69	94.19	CG
7	19560035	19560566	574	461	55.46	CHG
7	19560035	19560566	199	2662	6.96	CHH
7	19560091	19560385	783	46	94.45	CG
7	19560091	19560385	385	291	56.95	CHG
7	19560091	19560385	110	1571	6.54	CHH
7	19831953	19832039	3	135	2.17	CHG
7	19831953	19832039	4	506	0.78	CHH
7	19834434	19835298	748	149	83.39	CG
7	19834434	19835298	262	385	40.49	CHG
7	19834434	19835298	65	2104	3.00	CHH
7	21131054	21131268	0	43	0.00	CG
7	21131054	21131268	0	119	0.00	CHG
7	21131054	21131268	6	680	0.87	CHH
7	21474944	21475222	63	49	56.25	CG
7	21474944	21475222	0	22	0.00	CHG
7	21474944	21475222	46	521	8.11	CHH
7	21913503	21914249	72	619	10.42	CG
7	21913503	21914249	6	744	0.80	CHG
7	21913503	21914249	137	2847	4.59	CHH
7	22120429	22120613	399	66	85.81	CG
7	22120429	22120613	2	847	0.24	CHG
7	22120429	22120613	13	2314	0.56	CHH
7	22386510	22386982	7	762	0.91	CG
7	22386510	22386982	0	218	0.00	CHG
7	22386510	22386982	2	453	0.44	CHH
7	22569423	22569628	213	9	95.95	CG
7	22569423	22569628	2	454	0.44	CHG
7	22569423	22569628	7	1681	0.41	CHH
7	23187122	23187806	62	876	6.61	CG
7	23187122	23187806	15	1095	1.35	CHG
7	23187122	23187806	14	3849	0.36	CHH
7	23391649	23391802	136	6	95.77	CG
7	23391649	23391802	5	325	1.52	CHG
7	23391649	23391802	4	821	0.48	CHH
7	24132747	24133053	82	24	77.36	CG
7	24132747	24133053	10	185	5.13	CHG
7	24132747	24133053	10	1368	0.73	CHH
7	24196787	24197173	588	47	92.60	CG
7	24196787	24197173	626	71	89.81	CHG
7	24196787	24197173	129	4053	3.08	CHH
7	24296352	24296548	123	7	94.62	CG
7	24296352	24296548	4	469	0.85	CHG
7	24296352	24296548	7	1379	0.51	CHH
7	24747117	24747542	553	39	93.41	CG
7	24747117	24747542	196	144	57.65	CHG
7	24747117	24747542	80	546	12.78	CHH
7	25222041	25223348	136	3690	3.55	CG
7	25222041	25223348	165	2064	7.40	CHG
7	25222041	25223348	199	7425	2.61	CHH
7	25256522	25256725	0	469	0.00	CG
7	25256522	25256725	1	337	0.30	CHG
7	25256522	25256725	4	972	0.41	CHH
7	25908465	25908808	1	638	0.16	CG
7	25908465	25908808	2	1053	0.19	CHG
7	25908465	25908808	11	2702	0.41	CHH
7	25983000	25983349	166	45	78.67	CG
7	25983000	25983349	1	578	0.17	CHG
7	25983000	25983349	9	1509	0.59	CHH
7	26184639	26186023	1477	49	96.79	CG
7	26184639	26186023	787	328	70.58	CHG
7	26184639	26186023	155	2556	5.72	CHH
7	26456564	26456769	1	143	0.69	CG
7	26456564	26456769	1	45	2.17	CHG
7	26456564	26456769	3	370	0.80	CHH
7	27118237	27118566	12	0	100.00	CG
7	27118237	27118566	14	11	56.00	CHG
7	27118237	27118566	17	345	4.70	CHH
7	28429839	28434200	1157	513	69.28	CG
7	28429839	28434200	28	5261	0.53	CHG
7	28429839	28434200	96	18334	0.52	CHH
7	28561953	28562576	37	4424	0.83	CG
7	28561953	28562576	12	2252	0.53	CHG
7	28561953	28562576	16	2600	0.61	CHH
7	28603030	28603161	2	0	100.00	CG
7	28603030	28603161	4	1	80.00	CHG
7	28603030	28603161	0	30	0.00	CHH
7	29086695	29086979	408	29	93.36	CG
7	29086695	29086979	125	46	73.10	CHG
7	29086695	29086979	107	441	19.53	CHH
8	178569	180215	31	2952	1.04	CG
8	178569	180215	87	1914	4.35	CHG
8	178569	180215	222	6398	3.35	CHH
8	236935	237112	303	15	95.28	CG
8	236935	237112	537	66	89.05	CHG
8	236935	237112	141	1731	7.53	CHH
8	451101	451275	2	697	0.29	CG
8	451101	451275	4	292	1.35	CHG
8	451101	451275	4	421	0.94	CHH
8	700792	701075	0	742	0.00	CG
8	700792	701075	1	576	0.17	CHG
8	700792	701075	9	1286	0.69	CHH
8	1029191	1029915	127	713	15.12	CG
8	1029191	1029915	62	412	13.08	CHG
8	1029191	1029915	559	2240	19.97	CHH
8	1151684	1151850	158	5	96.93	CG
8	1151684	1151850	223	102	68.62	CHG
8	1151684	1151850	20	1479	1.33	CHH
8	1315995	1316283	250	40	86.21	CG
8	1315995	1316283	225	131	63.20	CHG
8	1315995	1316283	126	1490	7.80	CHH
8	1392517	1392770	749	38	95.17	CG
8	1392517	1392770	86	288	22.99	CHG
8	1392517	1392770	11	1540	0.71	CHH
8	1864926	1865852	1541	71	95.60	CG
8	1864926	1865852	280	514	35.26	CHG
8	1864926	1865852	109	6454	1.66	CHH
8	1952801	1953130	15	418	3.46	CG
8	1952801	1953130	3	280	1.06	CHG
8	1952801	1953130	10	2199	0.45	CHH
8	2740500	2740929	538	18	96.76	CG
8	2740500	2740929	314	188	62.55	CHG
8	2740500	2740929	42	2029	2.03	CHH
8	2874093	2874334	268	12	95.71	CG
8	2874093	2874334	103	75	57.87	CHG
8	2874093	2874334	44	1096	3.86	CHH
8	3055231	3055410	1	576	0.17	CHG
8	3055231	3055410	14	1768	0.79	CHH
8	3463082	3465280	391	1996	16.38	CG
8	3463082	3465280	127	2630	4.61	CHG
8	3463082	3465280	785	9611	7.55	CHH
8	4272689	4273002	191	9	95.50	CG
8	4272689	4273002	226	56	80.14	CHG
8	4272689	4273002	21	2056	1.01	CHH
8	4312136	4312445	910	72	92.67	CG
8	4312136	4312445	360	449	44.50	CHG
8	4312136	4312445	31	3510	0.88	CHH
8	4545475	4545770	37	17	68.52	CG
8	4545475	4545770	6	207	2.82	CHG
8	4545475	4545770	13	709	1.80	CHH
8	4853217	4853848	14	3309	0.42	CG
8	4853217	4853848	8	1607	0.50	CHG
8	4853217	4853848	17	3197	0.53	CHH
8	5467560	5467758	2	515	0.39	CG
8	5467560	5467758	1	428	0.23	CHG
8	5467560	5467758	11	1644	0.66	CHH
8	6450044	6451003	1337	58	95.84	CG
8	6450044	6451003	901	285	75.97	CHG
8	6450044	6451003	153	4516	3.28	CHH
8	6675950	6676096	155	7	95.68	CG
8	6675950	6676096	59	22	72.84	CHG
8	6675950	6676096	2	338	0.59	CHH
8	6874782	6875032	443	20	95.68	CG
8	6874782	6875032	148	48	75.51	CHG
8	6874782	6875032	98	1747	5.31	CHH
8	7337780	7340351	1172	1480	44.19	CG
8	7337780	7340351	53	3642	1.43	CHG
8	7337780	7340351	260	13426	1.90	CHH
8	7485595	7487184	2343	113	95.40	CG
8	7485595	7487184	2195	545	80.11	CHG
8	7485595	7487184	410	8645	4.53	CHH
8	7660052	7660308	73	10	87.95	CG
8	7660052	7660308	72	88	45.00	CHG
8	7660052	7660308	9	886	1.01	CHH
8	8117875	8118747	199	55	78.35	CG
8	8117875	8118747	6	693	0.86	CHG
8	8117875	8118747	18	3040	0.59	CHH
8	8283116	8289954	4373	3693	54.22	CG
8	8283116	8289954	1893	9543	16.55	CHG
8	8283116	8289954	678	37690	1.77	CHH
8	8625179	8626724	2651	104	96.23	CG
8	8625179	8626724	1512	868	63.53	CHG
8	8625179	8626724	98	4300	2.23	CHH
8	10263592	10264820	422	42	90.95	CG
8	10263592	10264820	6	1382	0.43	CHG
8	10263592	10264820	20	4500	0.44	CHH
8	10859005	10859704	253	22	92.00	CG
8	10859005	10859704	310	81	79.28	CHG
8	10859005	10859704	119	3693	3.12	CHH
8	10992041	10993699	1450	128	91.89	CG
8	10992041	10993699	633	700	47.49	CHG
8	10992041	10993699	137	7073	1.90	CHH
8	11166235	11167095	31	4	88.57	CG
8	11166235	11167095	146	31	82.49	CHG
8	11166235	11167095	15	622	2.35	CHH
8	11203659	11203915	2	0	100.00	CG
8	11203659	11203915	11	3	78.57	CHG
8	11203659	11203915	3	56	5.08	CHH
8	12217241	12217417	2	1	66.67	CHG
8	12217241	12217417	0	5	0.00	CHH
8	12220776	12220917	5	1	83.33	CG
8	12220776	12220917	4	2	66.67	CHG
8	12220776	12220917	0	28	0.00	CHH
8	12256460	12256704	0	265	0.00	CG
8	12256460	12256704	2	465	0.43	CHG
8	12256460	12256704	5	1561	0.32	CHH
8	12629860	12629996	46	2	95.83	CG
8	12629860	12629996	169	35	82.84	CHG
8	12629860	12629996	14	781	1.76	CHH
8	13407105	13408116	1908	287	86.92	CG
8	13407105	13408116	428	536	44.40	CHG
8	13407105	13408116	75	2614	2.79	CHH
8	13545344	13545711	289	27	91.46	CG
8	13545344	13545711	52	63	45.22	CHG
8	13545344	13545711	53	1699	3.03	CHH
8	13637622	13639004	2130	143	93.71	CG
8	13637622	13639004	1554	692	69.19	CHG
8	13637622	13639004	156	5488	2.76	CHH
8	13952461	13953924	902	593	60.33	CG
8	13952461	13953924	400	647	38.20	CHG
8	13952461	13953924	288	4188	6.43	CHH
8	14213510	14213752	58	214	21.32	CG
8	14213510	14213752	1	176	0.56	CHG
8	14213510	14213752	28	809	3.35	CHH
8	14298148	14298652	303	23	92.94	CG
8	14298148	14298652	377	97	79.54	CHG
8	14298148	14298652	49	2078	2.30	CHH
8	14597668	14597929	702	21	97.10	CG
8	14597668	14597929	331	154	68.25	CHG
8	14597668	14597929	39	1091	3.45	CHH
8	14657412	14657652	10	0	100.00	CG
8	14657412	14657652	8	4	66.67	CHG
8	14657412	14657652	5	299	1.64	CHH
8	15580207	15580529	176	12	93.62	CG
8	15580207	15580529	212	50	80.92	CHG
8	15580207	15580529	54	1302	3.98	CHH
8	15967015	15970249	3164	150	95.47	CG
8	15967015	15970249	2091	1276	62.10	CHG
8	15967015	15970249	331	15410	2.10	CHH
8	16012976	16013846	1466	62	95.94	CG
8	16012976	16013846	747	240	75.68	CHG
8	16012976	16013846	316	3235	8.90	CHH
8	16216197	16216404	35	13	72.92	CG
8	16216197	16216404	1	247	0.40	CHH
8	16538923	16541131	778	125	86.16	CG
8	16538923	16541131	17	1785	0.94	CHG
8	16538923	16541131	70	7999	0.87	CHH
8	16974676	16975655	186	367	33.63	CG
8	16974676	16975655	98	435	18.39	CHG
8	16974676	16975655	91	2737	3.22	CHH
8	16994050	16994211	0	205	0.00	CG
8	16994050	16994211	1	169	0.59	CHG
8	16994050	16994211	3	730	0.41	CHH
8	17403203	17403300	250	12	95.42	CG
8	17403203	17403300	126	60	67.74	CHG
8	17403203	17403300	5	294	1.67	CHH
8	17719178	17719322	90	1	98.90	CG
8	17719178	17719322	23	32	41.82	CHG
8	17719178	17719322	6	416	1.42	CHH
8	18550794	18553306	1722	645	72.75	CG
8	18550794	18553306	547	1343	28.94	CHG
8	18550794	18553306	403	6552	5.79	CHH
8	20514928	20517189	2142	167	92.77	CG
8	20514928	20517189	499	697	41.72	CHG
8	20514928	20517189	610	17377	3.39	CHH
8	21734995	21740080	8684	453	95.04	CG
8	21734995	21740080	4407	1771	71.33	CHG
8	21734995	21740080	823	20052	3.94	CHH
8	21758849	21759020	133	17	88.67	CG
8	21758849	21759020	4	454	0.87	CHG
8	21758849	21759020	8	2032	0.39	CHH
8	22561294	22561443	32	21	60.38	CG
8	22561294	22561443	12	43	21.82	CHG
8	22561294	22561443	2	243	0.82	CHH
8	22681154	22681244	123	15	89.13	CHG
8	22681154	22681244	27	594	4.35	CHH
8	22949183	22951590	450	993	31.19	CG
8	22949183	22951590	301	1840	14.06	CHG
8	22949183	22951590	529	7838	6.32	CHH
8	23384652	23384882	3	691	0.43	CG
8	23384652	23384882	3	330	0.90	CHG
8	23384652	23384882	1	684	0.15	CHH
8	23517672	23517817	45	5	90.00	CG
8	23517672	23517817	65	14	82.28	CHG
8	23517672	23517817	24	594	3.88	CHH
8	23675662	23675914	126	6	95.45	CG
8	23675662	23675914	37	18	67.27	CHG
8	23675662	23675914	163	181	47.38	CHH
8	24239866	24240191	84	2	97.67	CG
8	24239866	24240191	0	277	0.00	CHG
8	24239866	24240191	6	1138	0.52	CHH
8	24632914	24633182	27	20	57.45	CG
8	24632914	24633182	19	159	10.67	CHG
8	24632914	24633182	30	432	6.49	CHH
8	25281178	25281350	383	28	93.19	CG
8	25281178	25281350	40	31	56.34	CHG
8	25281178	25281350	84	1029	7.55	CHH
8	25598370	25598449	7	130	5.11	CHH
8	25696600	25696771	3	554	0.54	CG
8	25696600	25696771	3	363	0.82	CHG
8	25696600	25696771	5	740	0.67	CHH
8	25733898	25741720	4489	4139	52.03	CG
8	25733898	25741720	1678	8971	15.76	CHG
8	25733898	25741720	453	33686	1.33	CHH
8	26671848	26672550	420	27	93.96	CG
8	26671848	26672550	139	64	68.47	CHG
8	26671848	26672550	45	1360	3.20	CHH
8	26851572	26851796	3	530	0.56	CG
8	26851572	26851796	0	292	0.00	CHG
8	26851572	26851796	3	1297	0.23	CHH
8	27327904	27330518	426	9390	4.34	CG
8	27327904	27330518	125	5733	2.13	CHG
8	27327904	27330518	163	11806	1.36	CHH
9	899505	900078	1074	61	94.63	CG
9	899505	900078	218	230	48.66	CHG
9	899505	900078	172	4276	3.87	CHH
9	1708905	1710116	3394	171	95.20	CG
9	1708905	1710116	1409	995	58.61	CHG
9	1708905	1710116	128	7300	1.72	CHH
9	2262231	2262612	546	17	96.98	CG
9	2262231	2262612	654	206	76.05	CHG
9	2262231	2262612	66	2339	2.74	CHH
9	2463009	2464211	1636	180	90.09	CG
9	2463009	2464211	878	652	57.39	CHG
9	2463009	2464211	220	6314	3.37	CHH
9	2545349	2545704	366	12	96.83	CG
9	2545349	2545704	294	80	78.61	CHG
9	2545349	2545704	40	1196	3.24	CHH
9	2775400	2775730	2269	157	93.53	CG
9	2775400	2775730	339	258	56.78	CHG
9	2775400	2775730	165	4852	3.29	CHH
9	2854868	2855786	1900	145	92.91	CG
9	2854868	2855786	169	279	37.72	CHG
9	2854868	2855786	106	3910	2.64	CHH
9	2911646	2912272	706	42	94.39	CG
9	2911646	2912272	868	202	81.12	CHG
9	2911646	2912272	93	2820	3.19	CHH
9	3112245	3115702	6163	235	96.33	CG
9	3112245	3115702	2664	769	77.60	CHG
9	3112245	3115702	1099	11064	9.04	CHH
9	3214717	3216020	290	53	84.55	CG
9	3214717	3216020	169	146	53.65	CHG
9	3214717	3216020	27	2392	1.12	CHH
9	3330884	3331520	131	12	91.61	CG
9	3330884	3331520	247	81	75.30	CHG
9	3330884	3331520	17	1563	1.08	CHH
9	4522204	4522362	128	5	96.24	CG
9	4522204	4522362	52	26	66.67	CHG
9	4522204	4522362	7	229	2.97	CHH
9	4739227	4745466	1599	1239	56.34	CG
9	4739227	4745466	568	1930	22.74	CHG
9	4739227	4745466	371	11169	3.21	CHH
9	6140177	6140335	26	1	96.30	CG
9	6140177	6140335	18	9	66.67	CHG
9	6140177	6140335	1	118	0.84	CHH
9	6631347	6632182	78	97	44.57	CG
9	6631347	6632182	414	503	45.15	CHG
9	6631347	6632182	64	3277	1.92	CHH
9	7230219	7230464	323	25	92.82	CG
9	7230219	7230464	68	122	35.79	CHG
9	7230219	7230464	16	389	3.95	CHH
9	7430897	7432040	95	102	48.22	CG
9	7430897	7432040	4	120	3.23	CHG
9	7430897	7432040	35	1538	2.23	CHH
9	8393668	8393832	228	13	94.61	CG
9	8393668	8393832	78	56	58.21	CHG
9	8393668	8393832	24	328	6.82	CHH
9	9923428	9925180	88	220	28.57	CG
9	9923428	9925180	9	518	1.71	CHG
9	9923428	9925180	179	3827	4.47	CHH
9	10766786	10767301	180	19	90.45	CG
9	10766786	10767301	4	607	0.65	CHG
9	10766786	10767301	7	2046	0.34	CHH
9	12030840	12031218	1	666	0.15	CG
9	12030840	12031218	3	400	0.74	CHG
9	12030840	12031218	1	664	0.15	CHH
9	12595903	12596851	7	569	1.22	CG
9	12595903	12596851	5	1158	0.43	CHG
9	12595903	12596851	12	3398	0.35	CHH
9	13404977	13406112	890	32	96.53	CG
9	13404977	13406112	282	199	58.63	CHG
9	13404977	13406112	92	2171	4.07	CHH
9	16489222	16490713	827	650	55.99	CG
9	16489222	16490713	172	1188	12.65	CHG
9	16489222	16490713	43	4519	0.94	CHH
9	16577282	16577396	106	6	94.64	CG
9	16577282	16577396	26	35	42.62	CHG
9	16577282	16577396	464	418	52.61	CHH
9	17604144	17604323	106	2	98.15	CG
9	17604144	17604323	0	161	0.00	CHG
9	17604144	17604323	2	695	0.29	CHH
9	19383868	19383934	1	30	3.23	CHG
9	19383868	19383934	0	125	0.00	CHH
9	19469244	19469889	48	322	12.97	CG
9	19469244	19469889	15	848	1.74	CHG
9	19469244	19469889	394	1765	18.25	CHH
9	19529704	19533249	1804	3509	33.95	CG
9	19529704	19533249	961	2034	32.09	CHG
9	19529704	19533249	418	12464	3.24	CHH
9	20512179	20515947	1986	1986	50.00	CG
9	20512179	20515947	1029	3889	20.92	CHG
9	20512179	20515947	1375	19817	6.49	CHH
9	20811988	20812086	2	572	0.35	CG
9	20811988	20812086	1	80	1.23	CHG
9	20811988	20812086	3	605	0.49	CHH
9	21917576	21917684	1	406	0.25	CG
9	21917576	21917684	3	345	0.86	CHG
9	21917576	21917684	2	499	0.40	CHH
9	22507907	22508014	1	116	0.85	CHG
9	22507907	22508014	3	399	0.75	CHH
9	22587586	22587797	250	9	96.53	CG
9	22587586	22587797	84	57	59.57	CHG
9	22587586	22587797	64	444	12.60	CHH
10	76063	76767	624	102	85.95	CG
10	76063	76767	180	670	21.18	CHG
10	76063	76767	47	2977	1.55	CHH
10	1070598	1072595	759	4470	14.52	CG
10	1070598	1072595	472	2706	14.85	CHG
10	1070598	1072595	281	10805	2.53	CHH
10	1391746	1391999	699	16	97.76	CG
10	1391746	1391999	121	256	32.10	CHG
10	1391746	1391999	10	741	1.33	CHH
10	1614261	1614403	2	44	4.35	CG
10	1614261	1614403	0	349	0.00	CHG
10	1614261	1614403	3	1156	0.26	CHH
10	1803629	1804504	388	104	78.86	CG
10	1803629	1804504	333	265	55.69	CHG
10	1803629	1804504	270	2836	8.69	CHH
10	1803768	1804170	354	64	84.69	CG
10	1803768	1804170	150	116	56.39	CHG
10	1803768	1804170	78	1172	6.24	CHH
10	1840873	1840994	2	113	1.74	CG
10	1840873	1840994	0	71	0.00	CHG
10	1840873	1840994	0	330	0.00	CHH
10	2764274	2764493	1	336	0.30	CG
10	2764274	2764493	3	871	0.34	CHG
10	2764274	2764493	6	1640	0.36	CHH
10	3411205	3411730	172	4	97.73	CG
10	3411205	3411730	1	631	0.16	CHG
10	3411205	3411730	9	2055	0.44	CHH
10	3555583	3556236	1043	54	95.08	CG
10	3555583	3556236	173	188	47.92	CHG
10	3555583	3556236	109	1228	8.15	CHH
10	4747418	4747782	13	26	33.33	CG
10	4747418	4747782	23	202	10.22	CHG
10	4747418	4747782	1	810	0.12	CHH
10	6032495	6032662	144	5	96.64	CG
10	6032495	6032662	370	59	86.25	CHG
10	6032495	6032662	75	1436	4.96	CHH
10	6484932	6485158	38	217	14.90	CG
10	6484932	6485158	0	129	0.00	CHG
10	6484932	6485158	2	677	0.29	CHH
10	6965382	6965620	444	34	92.89	CG
10	6965382	6965620	58	91	38.93	CHG
10	6965382	6965620	9	214	4.04	CHH
10	7289884	7290427	433	16	96.44	CG
10	7289884	7290427	184	60	75.41	CHG
10	7289884	7290427	28	933	2.91	CHH
10	8713513	8713687	142	5	96.60	CG
10	8713513	8713687	166	56	74.77	CHG
10	8713513	8713687	14	712	1.93	CHH
10	8784304	8784496	100	2	98.04	CG
10	8784304	8784496	43	16	72.88	CHG
10	8784304	8784496	7	581	1.19	CHH
10	9339792	9339997	89	7	92.71	CG
10	9339792	9339997	7	8	46.67	CHG
10	9339792	9339997	275	282	49.37	CHH
10	9455216	9455761	619	40	93.93	CG
10	9455216	9455761	458	170	72.93	CHG
10	9455216	9455761	101	3031	3.22	CHH
10	10070366	10073354	2363	82	96.65	CG
10	10070366	10073354	1410	608	69.87	CHG
10	10070366	10073354	236	5868	3.87	CHH
10	10893887	10894383	206	875	19.06	CG
10	10893887	10894383	275	1222	18.37	CHG
10	10893887	10894383	76	8135	0.93	CHH
10	10994069	10994203	136	13	91.28	CG
10	10994069	10994203	2	243	0.82	CHG
10	10994069	10994203	4	805	0.49	CHH
10	11956236	11956518	176	11	94.12	CG
10	11956236	11956518	68	66	50.75	CHG
10	11956236	11956518	118	600	16.43	CHH
10	11967788	11968023	18	0	100.00	CG
10	11967788	11968023	21	1	95.45	CHG
10	11967788	11968023	197	439	30.97	CHH
10	12041078	12041429	13	47	21.67	CG
10	12041078	12041429	75	160	31.91	CHG
10	12041078	12041429	101	789	11.35	CHH
10	12398331	12398410	46	25	64.79	CHG
10	12398331	12398410	12	419	2.78	CHH
10	12783731	12784747	432	3273	11.66	CG
10	12783731	12784747	204	1883	9.77	CHG
10	12783731	12784747	359	4463	7.45	CHH
10	13030461	13031711	204	2192	8.51	CG
10	13030461	13031711	161	1515	9.61	CHG
10	13030461	13031711	434	3758	10.35	CHH
10	13134013	13134625	156	59	72.56	CG
10	13134013	13134625	11	73	13.10	CHG
10	13134013	13134625	71	1479	4.58	CHH
10	14312781	14312940	185	19	90.69	CG
10	14312781	14312940	53	37	58.89	CHG
10	14312781	14312940	34	528	6.05	CHH
10	14415032	14415475	2	428	0.47	CG
10	14415032	14415475	1	332	0.30	CHG
10	14415032	14415475	5	1002	0.50	CHH
10	14939572	14939779	1	436	0.23	CG
10	14939572	14939779	2	284	0.70	CHG
10	14939572	14939779	9	1530	0.58	CHH
10	15358024	15358297	42	13	76.36	CHG
10	15358024	15358297	48	1175	3.92	CHH
10	15388115	15388379	76	2	97.44	CG
10	15388115	15388379	182	91	66.67	CHG
10	15388115	15388379	13	879	1.46	CHH
10	15623066	15624262	33	2425	1.34	CG
10	15623066	15624262	22	2655	0.82	CHG
10	15623066	15624262	38	5487	0.69	CHH
10	16649407	16649853	11	1296	0.84	CG
10	16649407	16649853	6	1205	0.50	CHG
10	16649407	16649853	11	2632	0.42	CHH
10	17917117	17917361	2	264	0.75	CG
10	17917117	17917361	2	450	0.44	CHG
10	17917117	17917361	10	1084	0.91	CHH
10	18118300	18118455	163	3	98.19	CG
10	18118300	18118455	108	15	87.80	CHG
10	18118300	18118455	156	772	16.81	CHH
10	18249061	18249336	403	10	97.58	CG
10	18249061	18249336	111	130	46.06	CHG
10	18249061	18249336	12	973	1.22	CHH
10	18629501	18629720	2	170	1.16	CG
10	18629501	18629720	3	161	1.83	CHG
10	18629501	18629720	2	1174	0.17	CHH
10	18709862	18710680	126	1602	7.29	CG
10	18709862	18710680	37	1374	2.62	CHG
10	18709862	18710680	172	3027	5.38	CHH
10	19071669	19072430	5	2267	0.22	CG
10	19071669	19072430	9	2459	0.36	CHG
10	19071669	19072430	18	4010	0.45	CHH
10	19727438	19727659	41	0	100.00	CG
10	19727438	19727659	30	34	46.88	CHG
10	19727438	19727659	309	434	41.59	CHH
10	20621568	20621746	106	11	90.60	CG
10	20621568	20621746	78	56	58.21	CHG
10	20621568	20621746	10	262	3.68	CHH
10	20684185	20684453	203	9	95.75	CG
10	20684185	20684453	2	901	0.22	CHG
10	20684185	20684453	9	2294	0.39	CHH
10	20758072	20758229	53	2	96.36	CG
10	20758072	20758229	3	396	0.75	CHG
10	20758072	20758229	2	1062	0.19	CHH
10	20876029	20876473	26	198	11.61	CG
10	20876029	20876473	43	316	11.98	CHG
10	20876029	20876473	85	1026	7.65	CHH
10	21433314	21437604	788	2532	23.73	CG
10	21433314	21437604	56	3336	1.65	CHG
10	21433314	21437604	109	13210	0.82	CHH
10	21560604	21561484	152	211	41.87	CG
10	21560604	21561484	12	2196	0.54	CHG
10	21560604	21561484	23	6582	0.35	CHH
10	22597491	22597660	6	660	0.90	CG
10	22597491	22597660	1	421	0.24	CHG
10	22597491	22597660	1	491	0.20	CHH
10	22692035	22692362	53	118	30.99	CG
10	22692035	22692362	4	432	0.92	CHG
10	22692035	22692362	20	1857	1.07	CHH
10	22860787	22861438	6	685	0.87	CG
10	22860787	22861438	5	895	0.56	CHG
10	22860787	22861438	12	2589	0.46	CHH
11	505296	505455	465	20	95.88	CG
11	505296	505455	330	102	76.39	CHG
11	505296	505455	21	1059	1.94	CHH
11	797708	798586	61	63	49.19	CG
11	797708	798586	58	149	28.02	CHG
11	797708	798586	118	1449	7.53	CHH
11	1050852	1052789	99	3659	2.63	CG
11	1050852	1052789	39	4210	0.92	CHG
11	1050852	1052789	49	9581	0.51	CHH
11	1432574	1432751	6	584	1.02	CG
11	1432574	1432751	1	231	0.43	CHG
11	1432574	1432751	7	884	0.79	CHH
11	1858041	1858566	232	11	95.47	CG
11	1858041	1858566	321	49	86.76	CHG
11	1858041	1858566	415	818	33.66	CHH
11	2504811	2504939	1	414	0.24	CG
11	2504811	2504939	1	432	0.23	CHG
11	2504811	2504939	4	1267	0.31	CHH
11	2669596	2669853	5	863	0.58	CG
11	2669596	2669853	0	175	0.00	CHG
11	2669596	2669853	6	1148	0.52	CHH
11	2802873	2804621	506	592	46.08	CG
11	2802873	2804621	610	939	39.38	CHG
11	2802873	2804621	203	4331	4.48	CHH
11	3466044	3470402	2201	1289	63.07	CG
11	3466044	3470402	1570	2137	42.35	CHG
11	3466044	3470402	767	13605	5.34	CHH
11	3810954	3811089	72	6	92.31	CG
11	3810954	3811089	0	208	0.00	CHG
11	3810954	3811089	3	499	0.60	CHH
11	4224826	4225123	31	1	96.88	CG
11	4224826	4225123	45	228	16.48	CHG
11	4224826	4225123	7	1178	0.59	CHH
11	4595255	4598721	721	3941	15.47	CG
11	4595255	4598721	309	1918	13.88	CHG
11	4595255	4598721	389	7221	5.11	CHH
11	6038088	6038424	7	1718	0.41	CG
11	6038088	6038424	5	849	0.59	CHG
11	6038088	6038424	2	1236	0.16	CHH
11	6091835	6093414	1807	682	72.60	CG
11	6091835	6093414	804	794	50.31	CHG
11	6091835	6093414	651	6675	8.89	CHH
11	7821028	7821214	3	271	1.09	CG
11	7821028	7821214	0	333	0.00	CHG
11	7821028	7821214	3	679	0.44	CHH
11	9435946	9436636	457	42	91.58	CG
11	9435946	9436636	277	165	62.67	CHG
11	9435946	9436636	62	1921	3.13	CHH
11	9479627	9479991	9	1591	0.56	CG
11	9479627	9479991	3	1526	0.20	CHG
11	9479627	9479991	17	3262	0.52	CHH
11	9728388	9728616	16	3	84.21	CG
11	9728388	9728616	0	23	0.00	CHG
11	9728388	9728616	6	198	2.94	CHH
11	9810706	9815080	3668	660	84.75	CG
11	9810706	9815080	1902	2120	47.29	CHG
11	9810706	9815080	349	13727	2.48	CHH
11	9969448	9969633	63	29	68.48	CG
11	9969448	9969633	38	53	41.76	CHG
11	9969448	9969633	11	605	1.79	CHH
11	10499987	10500272	107	8	93.04	CG
11	10499987	10500272	111	39	74.00	CHG
11	10499987	10500272	22	1096	1.97	CHH
11	10502651	10503109	329	10	97.05	CG
11	10502651	10503109	560	81	87.36	CHG
11	10502651	10503109	95	1994	4.55	CHH
11	11632517	11632735	219	13	94.40	CG
11	11632517	11632735	58	62	48.33	CHG
11	11632517	11632735	28	350	7.41	CHH
11	12791330	12791451	115	2	98.29	CG
11	12791330	12791451	66	23	74.16	CHG
11	12791330	12791451	17	270	5.92	CHH
11	13907112	13907730	1277	52	96.09	CG
11	13907112	13907730	1359	243	84.83	CHG
11	13907112	13907730	287	4892	5.54	CHH
11	14199127	14199230	221	7	96.93	CG
11	14199127	14199230	116	75	60.73	CHG
11	14199127	14199230	7	397	1.73	CHH
11	14246634	14246765	144	3	97.96	CG
11	14246634	14246765	121	13	90.30	CHG
11	14246634	14246765	28	807	3.35	CHH
11	14953985	14954432	142	3	97.93	CG
11	14953985	14954432	46	28	62.16	CHG
11	14953985	14954432	35	566	5.82	CHH
11	15162648	15162882	100	2	98.04	CG
11	15162648	15162882	406	128	76.03	CHG
11	15162648	15162882	83	2011	3.96	CHH
11	15516587	15517994	762	1817	29.55	CG
11	15516587	15517994	179	1369	11.56	CHG
11	15516587	15517994	301	5452	5.23	CHH
11	15595496	15598031	3166	834	79.15	CG
11	15595496	15598031	1435	1788	44.52	CHG
11	15595496	15598031	383	14551	2.56	CHH
11	15629573	15629919	137	36	79.19	CG
11	15629573	15629919	258	90	74.14	CHG
11	15629573	15629919	63	2045	2.99	CHH
11	15784095	15784518	5	1744	0.29	CG
11	15784095	15784518	4	1172	0.34	CHG
11	15784095	15784518	16	2599	0.61	CHH
11	16587225	16588700	381	246	60.77	CG
11	16587225	16588700	140	337	29.35	CHG
11	16587225	16588700	102	2107	4.62	CHH
11	16590106	16591882	2918	134	95.61	CG
11	16590106	16591882	3689	882	80.70	CHG
11	16590106	16591882	277	11832	2.29	CHH
11	17024541	17024749	113	14	88.98	CG
11	17024541	17024749	114	30	79.17	CHG
11	17024541	17024749	107	549	16.31	CHH
11	17437801	17439859	317	2594	10.89	CG
11	17437801	17439859	16	2601	0.61	CHG
11	17437801	17439859	57	11056	0.51	CHH
11	17734944	17735193	8	1485	0.54	CG
11	17734944	17735193	8	735	1.08	CHG
11	17734944	17735193	6	1055	0.57	CHH
11	17903585	17906300	3516	569	86.07	CG
11	17903585	17906300	2299	996	69.77	CHG
11	17903585	17906300	498	10853	4.39	CHH
11	17974571	17974900	67	471	12.45	CG
11	17974571	17974900	46	558	7.62	CHG
11	17974571	17974900	77	1809	4.08	CHH
11	18221483	18221608	129	4	96.99	CG
11	18221483	18221608	156	64	70.91	CHG
11	18221483	18221608	16	394	3.90	CHH
11	18325064	18325191	0	24	0.00	CG
11	18325064	18325191	0	80	0.00	CHG
11	18325064	18325191	1	379	0.26	CHH
11	18373844	18373989	0	30	0.00	CG
11	18373844	18373989	0	107	0.00	CHG
11	18373844	18373989	4	594	0.67	CHH
11	18718793	18720377	519	1767	22.70	CG
11	18718793	18720377	61	1931	3.06	CHG
11	18718793	18720377	60	6821	0.87	CHH
11	18909482	18909881	1	535	0.19	CG
11	18909482	18909881	2	524	0.38	CHG
11	18909482	18909881	3	836	0.36	CHH
11	19311606	19314032	2663	474	84.89	CG
11	19311606	19314032	1587	1997	44.28	CHG
11	19311606	19314032	339	10872	3.02	CHH
11	20219224	20220414	1537	90	94.47	CG
11	20219224	20220414	1880	368	83.63	CHG
11	20219224	20220414	225	8639	2.54	CHH
11	20319451	20320865	706	66	91.45	CG
11	20319451	20320865	775	214	78.36	CHG
11	20319451	20320865	270	4172	6.08	CHH
11	20346784	20346867	0	27	0.00	CG
11	20346784	20346867	0	57	0.00	CHG
11	20346784	20346867	2	292	0.68	CHH
11	20686170	20686465	9	35	20.45	CG
11	20686170	20686465	0	64	0.00	CHG
11	20686170	20686465	1	556	0.18	CHH
11	20872306	20872476	297	9	97.06	CG
11	20872306	20872476	80	107	42.78	CHG
11	20872306	20872476	7	290	2.36	CHH
11	20903615	20904114	265	168	61.20	CG
11	20903615	20904114	13	904	1.42	CHG
11	20903615	20904114	14	3534	0.39	CHH
11	21540161	21540670	334	17	95.16	CG
11	21540161	21540670	139	128	52.06	CHG
11	21540161	21540670	56	1879	2.89	CHH
11	22251376	22252471	163	346	32.02	CG
11	22251376	22252471	105	994	9.55	CHG
11	22251376	22252471	204	5351	3.67	CHH
11	22442650	22442893	279	15	94.90	CG
11	22442650	22442893	54	21	72.00	CHG
11	22442650	22442893	42	1928	2.13	CHH
11	22611185	22611456	1	206	0.48	CG
11	22611185	22611456	0	306	0.00	CHG
11	22611185	22611456	10	2035	0.49	CHH
11	22898553	22899482	132	326	28.82	CG
11	22898553	22899482	85	362	19.02	CHG
11	22898553	22899482	25	1680	1.47	CHH
11	23917291	23918354	333	86	79.47	CG
11	23917291	23918354	98	138	41.53	CHG
11	23917291	23918354	254	1726	12.83	CHH
11	23924021	23924111	0	60	0.00	CG
11	23924021	23924111	1	163	0.61	CHG
11	23924021	23924111	5	384	1.29	CHH
11	24143197	24143872	618	16	97.48	CG
11	24143197	24143872	333	91	78.54	CHG
11	24143197	24143872	94	1521	5.82	CHH
11	24518104	24518669	453	18	96.18	CG
11	24518104	24518669	301	124	70.82	CHG
11	24518104	24518669	21	1291	1.60	CHH
11	25340157	25340679	120	8	93.75	CG
11	25340157	25340679	41	80	33.88	CHG
11	25340157	25340679	13	1543	0.84	CHH
11	25356991	25357939	325	27	92.33	CG
11	25356991	25357939	312	313	49.92	CHG
11	25356991	25357939	36	3530	1.01	CHH
11	25450636	25450896	173	10	94.54	CG
11	25450636	25450896	31	90	25.62	CHG
11	25450636	25450896	0	66	0.00	CHH
11	26018351	26019667	1376	83	94.31	CG
11	26018351	26019667	1002	452	68.91	CHG
11	26018351	26019667	99	4037	2.39	CHH
11	26557615	26559410	652	88	88.11	CG
11	26557615	26559410	5	1251	0.40	CHG
11	26557615	26559410	35	5211	0.67	CHH
11	26733617	26733799	181	8	95.77	CG
11	26733617	26733799	122	49	71.35	CHG
11	26733617	26733799	11	616	1.75	CHH
11	26897318	26898575	1423	111	92.76	CG
11	26897318	26898575	375	695	35.05	CHG
11	26897318	26898575	117	3003	3.75	CHH
11	27142723	27144368	539	572	48.51	CG
11	27142723	27144368	233	927	20.09	CHG
11	27142723	27144368	135	3881	3.36	CHH
11	27188061	27188431	221	10	95.67	CG
11	27188061	27188431	107	32	76.98	CHG
11	27188061	27188431	437	2160	16.83	CHH
11	27296398	27296914	159	447	26.24	CG
11	27296398	27296914	23	183	11.17	CHG
11	27296398	27296914	97	1078	8.26	CHH
11	27621315	27621467	0	1	0.00	CHG
11	27621315	27621467	0	2	0.00	CHH
11	28581984	28582206	0	25	0.00	CHG
11	28581984	28582206	2	570	0.35	CHH
12	1158418	1158578	4	361	1.10	CG
12	1158418	1158578	2	124	1.59	CHG
12	1158418	1158578	3	898	0.33	CHH
12	1177184	1177765	1	165	0.60	CG
12	1177184	1177765	5	490	1.01	CHG
12	1177184	1177765	14	2603	0.53	CHH
12	1270256	1270750	65	263	19.82	CG
12	1270256	1270750	8	1250	0.64	CHG
12	1270256	1270750	8	2465	0.32	CHH
12	2005465	2005735	301	6	98.05	CG
12	2005465	2005735	22	69	24.18	CHG
12	2005465	2005735	8	233	3.32	CHH
12	2376872	2377309	80	162	33.06	CG
12	2376872	2377309	0	267	0.00	CHG
12	2376872	2377309	7	1305	0.53	CHH
12	3807299	3807471	1	87	1.14	CG
12	3807299	3807471	4	313	1.26	CHG
12	3807299	3807471	4	1052	0.38	CHH
12	3811143	3811601	119	119	50.00	CG
12	3811143	3811601	26	165	13.61	CHG
12	3811143	3811601	76	1202	5.95	CHH
12	4083553	4083794	107	189	36.15	CG
12	4083553	4083794	3	923	0.32	CHG
12	4083553	4083794	12	1784	0.67	CHH
12	5174512	5176042	1536	1082	58.67	CG
12	5174512	5176042	398	1062	27.26	CHG
12	5174512	5176042	123	4495	2.66	CHH
12	5728433	5728876	613	1151	34.75	CG
12	5728433	5728876	140	1402	9.08	CHG
12	5728433	5728876	22	2455	0.89	CHH
12	6323100	6323289	1	84	1.18	CG
12	6323100	6323289	1	116	0.85	CHG
12	6323100	6323289	0	434	0.00	CHH
12	6480645	6481828	2973	171	94.56	CG
12	6480645	6481828	1398	570	71.04	CHG
12	6480645	6481828	197	6736	2.84	CHH
12	6550600	6551475	558	31	94.74	CG
12	6550600	6551475	297	164	64.43	CHG
12	6550600	6551475	34	1813	1.84	CHH
12	7855054	7855393	262	9	96.68	CG
12	7855054	7855393	246	116	67.96	CHG
12	7855054	7855393	76	1306	5.50	CHH
12	8497520	8497653	9	717	1.24	CG
12	8497520	8497653	4	341	1.16	CHG
12	8497520	8497653	1	556	0.18	CHH
12	8555821	8555983	496	71	87.48	CG
12	8555821	8555983	263	178	59.64	CHG
12	8555821	8555983	20	1503	1.31	CHH
12	8733248	8733675	1	0	100.00	CG
12	8733248	8733675	0	3	0.00	CHG
12	8733248	8733675	12	43	21.82	CHH
12	8783105	8783207	31	1	96.88	CG
12	8783105	8783207	2	6	25.00	CHG
12	8783105	8783207	2	167	1.18	CHH
12	8846726	8847029	24	81	22.86	CG
12	8846726	8847029	1	42	2.33	CHG
12	8846726	8847029	19	611	3.02	CHH
12	9326878	9327074	131	8	94.24	CG
12	9326878	9327074	77	39	66.38	CHG
12	9326878	9327074	40	402	9.05	CHH
12	9368388	9368605	137	1	99.28	CG
12	9368388	9368605	69	44	61.06	CHG
12	9368388	9368605	20	1052	1.87	CHH
12	11421434	11422871	380	20	95.00	CG
12	11421434	11422871	12	1630	0.73	CHG
12	11421434	11422871	26	5688	0.46	CHH
12	11519644	11519807	65	5	92.86	CG
12	11519644	11519807	51	25	67.11	CHG
12	11519644	11519807	19	510	3.59	CHH
12	12193685	12193957	601	81	88.12	CG
12	12193685	12193957	279	312	47.21	CHG
12	12193685	12193957	118	2161	5.18	CHH
12	12596401	12596694	89	8	91.75	CG
12	12596401	12596694	146	42	77.66	CHG
12	12596401	12596694	19	861	2.16	CHH
12	12742760	12743615	1229	122	90.97	CG
12	12742760	12743615	875	282	75.63	CHG
12	12742760	12743615	286	4189	6.39	CHH
12	13187459	13188652	182	1196	13.21	CG
12	13187459	13188652	28	1203	2.27	CHG
12	13187459	13188652	213	3087	6.45	CHH
12	14284341	14284547	9	210	4.11	CG
12	14284341	14284547	2	58	3.33	CHG
12	14284341	14284547	12	652	1.81	CHH
12	14803452	14803625	78	5	93.98	CG
12	14803452	14803625	186	36	83.78	CHG
12	14803452	14803625	15	1188	1.25	CHH
12	15067951	15069074	1256	51	96.10	CG
12	15067951	15069074	938	276	77.27	CHG
12	15067951	15069074	111	4512	2.40	CHH
12	15348530	15353993	4964	340	93.59	CG
12	15348530	15353993	5313	1845	74.22	CHG
12	15348530	15353993	847	29890	2.76	CHH
12	16142723	16142824	140	21	86.96	CG
12	16142723	16142824	61	67	47.66	CHG
12	16142723	16142824	4	427	0.93	CHH
12	16276461	16276731	168	4	97.67	CG
12	16276461	16276731	132	72	64.71	CHG
12	16276461	16276731	2	303	0.66	CHH
12	16529727	16530963	1921	168	91.96	CG
12	16529727	16530963	705	479	59.54	CHG
12	16529727	16530963	118	4581	2.51	CHH
12	17830991	17831311	9	16	36.00	CG
12	17830991	17831311	1	244	0.41	CHG
12	17830991	17831311	1	711	0.14	CHH
12	18708202	18708465	49	23	68.06	CG
12	18708202	18708465	8	197	3.90	CHG
12	18708202	18708465	2	951	0.21	CHH
12	18864903	18867127	2583	362	87.71	CG
12	18864903	18867127	1187	961	55.26	CHG
12	18864903	18867127	435	9150	4.54	CHH
12	19240695	19241251	97	3	97.00	CG
12	19240695	19241251	69	76	47.59	CHG
12	19240695	19241251	12	1654	0.72	CHH
12	20271167	20271395	215	12	94.71	CG
12	20271167	20271395	247	60	80.46	CHG
12	20271167	20271395	50	1651	2.94	CHH
12	21012743	21013159	80	150	34.78	CG
12	21012743	21013159	9	529	1.67	CHG
12	21012743	21013159	22	1416	1.53	CHH
12	21325595	21326775	680	157	81.24	CG
12	21325595	21326775	10	2862	0.35	CHG
12	21325595	21326775	35	7802	0.45	CHH
12	21498142	21500190	1074	308	77.71	CG
12	21498142	21500190	18	2887	0.62	CHG
12	21498142	21500190	61	10251	0.59	CHH
12	21799965	21804009	569	3387	14.38	CG
12	21799965	21804009	42	5282	0.79	CHG
12	21799965	21804009	114	16713	0.68	CHH
12	22237684	22237932	4	744	0.53	CG
12	22237684	22237932	1	606	0.16	CHG
12	22237684	22237932	3	811	0.37	CHH
12	22424783	22424873	45	5	90.00	CG
12	22424783	22424873	0	301	0.00	CHG
12	22424783	22424873	1	431	0.23	CHH
12	22599880	22601854	358	2940	10.86	CG
12	22599880	22601854	21	3156	0.66	CHG
12	22599880	22601854	156	10210	1.50	CHH
12	22827958	22829855	622	418	59.81	CG
12	22827958	22829855	1317	600	68.70	CHG
12	22827958	22829855	212	4932	4.12	CHH
12	22914184	22914456	236	7	97.12	CG
12	22914184	22914456	316	69	82.08	CHG
12	22914184	22914456	40	1329	2.92	CHH
12	23044811	23045065	1	114	0.87	CG
12	23044811	23045065	0	410	0.00	CHG
12	23044811	23045065	4	1141	0.35	CHH
12	24286289	24286454	1	110	0.90	CG
12	24286289	24286454	0	75	0.00	CHG
12	24286289	24286454	5	905	0.55	CHH
12	24305556	24308650	1542	587	72.43	CG
12	24305556	24308650	285	4089	6.52	CHG
12	24305556	24308650	106	15341	0.69	CHH
12	24482972	24483119	1	146	0.68	CG
12	24482972	24483119	50	259	16.18	CHG
12	24482972	24483119	128	850	13.09	CHH
12	25415184	25415420	134	54	71.28	CG
12	25415184	25415420	19	87	17.92	CHG
12	25415184	25415420	43	591	6.78	CHH
12	26429400	26431294	18	3562	0.50	CG
12	26429400	26431294	6	2952	0.20	CHG
12	26429400	26431294	35	6662	0.52	CHH
12	26619179	26619379	0	20	0.00	CG
12	26619179	26619379	2	156	1.27	CHG
12	26619179	26619379	5	824	0.60	CHH
12	26739873	26743547	3960	206	95.06	CG
12	26739873	26743547	3313	1012	76.60	CHG
12	26739873	26743547	702	16371	4.11	CHH
12	26756376	26756465	16	86	15.69	CG
12	26756376	26756465	11	36	23.40	CHG
12	26756376	26756465	5	331	1.49	CHH
