1	2555114	2555411	359	33	91.58	CG
1	2555114	2555411	80	124	39.22	CHG
1	2555114	2555411	15	651	2.25	CHH
1	8143115	8144572	515	1937	21.00	CG
1	8143115	8144572	331	1556	17.54	CHG
1	8143115	8144572	376	8634	4.17	CHH
1	8856289	8857459	1277	643	66.51	CG
1	8856289	8857459	583	1062	35.44	CHG
1	8856289	8857459	317	3642	8.01	CHH
1	9440253	9440373	67	4	94.37	CG
1	9440253	9440373	216	37	85.38	CHG
1	9440253	9440373	41	610	6.30	CHH
1	10922927	10924097	2936	111	96.36	CG
1	10922927	10924097	691	994	41.01	CHG
1	10922927	10924097	101	5509	1.80	CHH
1	10924272	10925038	396	32	92.52	CG
1	10924272	10925038	321	163	66.32	CHG
1	10924272	10925038	99	1712	5.47	CHH
1	10926447	10926494	83	1	98.81	CG
1	10926447	10926494	49	19	72.06	CHG
1	10926447	10926494	20	399	4.77	CHH
1	10927779	10928239	3	1395	0.21	CG
1	10927779	10928239	8	1806	0.44	CHG
1	10927779	10928239	19	4116	0.46	CHH
1	11194466	11195470	2011	108	94.90	CG
1	11194466	11195470	552	211	72.35	CHG
1	11194466	11195470	497	3684	11.89	CHH
1	11195594	11197144	2210	70	96.93	CG
1	11195594	11197144	1432	342	80.72	CHG
1	11195594	11197144	673	6863	8.93	CHH
1	11469690	11470040	348	357	49.36	CG
1	11469690	11470040	93	347	21.14	CHG
1	11469690	11470040	50	1099	4.35	CHH
1	11476217	11476541	582	72	88.99	CG
1	11476217	11476541	225	144	60.98	CHG
1	11476217	11476541	19	1817	1.03	CHH
1	11476776	11476980	205	7	96.70	CG
1	11476776	11476980	137	99	58.05	CHG
1	11476776	11476980	6	571	1.04	CHH
1	14960932	14961729	896	67	93.04	CG
1	14960932	14961729	309	467	39.82	CHG
1	14960932	14961729	96	2335	3.95	CHH
1	20811581	20812788	441	34	92.84	CG
1	20811581	20812788	423	199	68.01	CHG
1	20811581	20812788	133	3756	3.42	CHH
1	20812987	20814418	2799	139	95.27	CG
1	20812987	20814418	1705	414	80.46	CHG
1	20812987	20814418	368	7285	4.81	CHH
1	21008974	21009872	653	36	94.78	CG
1	21008974	21009872	589	305	65.88	CHG
1	21008974	21009872	115	5860	1.92	CHH
1	21009973	21014417	6287	388	94.19	CG
1	21009973	21014417	6387	3644	63.67	CHG
1	21009973	21014417	407	28362	1.41	CHH
1	25251599	25253560	2631	1108	70.37	CG
1	25251599	25253560	684	1520	31.03	CHG
1	25251599	25253560	371	9083	3.92	CHH
1	25254184	25254575	313	14	95.72	CG
1	25254184	25254575	103	73	58.52	CHG
1	25254184	25254575	79	604	11.57	CHH
1	26580982	26582392	1006	62	94.19	CG
1	26580982	26582392	412	317	56.52	CHG
1	26580982	26582392	126	2094	5.68	CHH
1	28208118	28209343	1240	36	97.18	CG
1	28208118	28209343	399	300	57.08	CHG
1	28208118	28209343	193	1569	10.95	CHH
1	28209629	28210983	1663	164	91.02	CG
1	28209629	28210983	1460	631	69.82	CHG
1	28209629	28210983	256	8468	2.93	CHH
1	28211421	28212110	560	41	93.18	CG
1	28211421	28212110	787	149	84.08	CHG
1	28211421	28212110	130	4757	2.66	CHH
1	30811371	30812183	1055	154	87.26	CG
1	30811371	30812183	526	546	49.07	CHG
1	30811371	30812183	214	2662	7.44	CHH
1	36452592	36453218	462	146	75.99	CG
1	36452592	36453218	157	284	35.60	CHG
1	36452592	36453218	91	1513	5.67	CHH
1	38451745	38452887	1026	743	58.00	CG
1	38451745	38452887	455	797	36.34	CHG
1	38451745	38452887	408	3452	10.57	CHH
1	41135938	41135972	0	79	0.00	CG
1	41135938	41135972	0	38	0.00	CHG
1	41135938	41135972	1	181	0.55	CHH
2	3701316	3701517	66	6	91.67	CG
2	3701316	3701517	40	44	47.62	CHG
2	3701316	3701517	19	525	3.49	CHH
2	6759920	6761510	1166	406	74.17	CG
2	6759920	6761510	614	1197	33.90	CHG
2	6759920	6761510	86	6009	1.41	CHH
2	7610238	7610762	278	1041	21.08	CG
2	7610238	7610762	161	801	16.74	CHG
2	7610238	7610762	484	2199	18.04	CHH
2	8346082	8346522	714	37	95.07	CG
2	8346082	8346522	963	211	82.03	CHG
2	8346082	8346522	156	4468	3.37	CHH
2	13582141	13582726	480	25	95.05	CG
2	13582141	13582726	612	160	79.27	CHG
2	13582141	13582726	29	3411	0.84	CHH
2	14698488	14698632	88	88	50.00	CG
2	14698488	14698632	68	157	30.22	CHG
2	14698488	14698632	86	285	23.18	CHH
2	16555825	16557101	1069	2377	31.02	CG
2	16555825	16557101	314	2571	10.88	CHG
2	16555825	16557101	139	6128	2.22	CHH
2	16557180	16558295	793	1027	43.57	CG
2	16557180	16558295	515	1393	26.99	CHG
2	16557180	16558295	177	6058	2.84	CHH
2	29633236	29636111	3533	1230	74.18	CG
2	29633236	29636111	2731	1519	64.26	CHG
2	29633236	29636111	1091	14904	6.82	CHH
2	29778535	29779835	2167	95	95.80	CG
2	29778535	29779835	1100	281	79.65	CHG
2	29778535	29779835	599	8172	6.83	CHH
2	29780404	29782752	2905	189	93.89	CG
2	29780404	29782752	1255	385	76.52	CHG
2	29780404	29782752	1383	12665	9.84	CHH
2	33668330	33668734	223	1033	17.75	CG
2	33668330	33668734	107	1084	8.98	CHG
2	33668330	33668734	230	2526	8.35	CHH
3	7205990	7206396	939	26	97.31	CG
3	7205990	7206396	768	118	86.68	CHG
3	7205990	7206396	92	2395	3.70	CHH
3	7208162	7208468	594	29	95.35	CG
3	7208162	7208468	247	82	75.08	CHG
3	7208162	7208468	171	2016	7.82	CHH
3	10131683	10133676	3111	358	89.68	CG
3	10131683	10133676	991	1243	44.36	CHG
3	10131683	10133676	474	8468	5.30	CHH
3	12711049	12711825	739	42	94.62	CG
3	12711049	12711825	382	213	64.20	CHG
3	12711049	12711825	161	3384	4.54	CHH
3	12711907	12712969	1500	324	82.24	CG
3	12711907	12712969	829	867	48.88	CHG
3	12711907	12712969	161	5224	2.99	CHH
3	13925598	13926734	2079	77	96.43	CG
3	13925598	13926734	860	525	62.09	CHG
3	13925598	13926734	213	4483	4.54	CHH
3	15610099	15611396	2461	147	94.36	CG
3	15610099	15611396	941	535	63.75	CHG
3	15610099	15611396	638	6176	9.36	CHH
3	17446064	17447102	1914	64	96.76	CG
3	17446064	17447102	1432	257	84.78	CHG
3	17446064	17447102	701	5762	10.85	CHH
3	19352995	19356617	9105	373	96.06	CG
3	19352995	19356617	5161	2067	71.40	CHG
3	19352995	19356617	847	22196	3.68	CHH
3	22294607	22295687	1621	69	95.92	CG
3	22294607	22295687	1078	244	81.54	CHG
3	22294607	22295687	456	5222	8.03	CHH
3	22295781	22296159	823	27	96.82	CG
3	22295781	22296159	506	114	81.61	CHG
3	22295781	22296159	135	1832	6.86	CHH
3	22404232	22405507	2623	106	96.12	CG
3	22404232	22405507	731	689	51.48	CHG
3	22404232	22405507	201	3378	5.62	CHH
3	27941138	27942796	1368	319	81.09	CG
3	27941138	27942796	1185	1156	50.62	CHG
3	27941138	27942796	357	8501	4.03	CHH
3	28510179	28510777	776	31	96.16	CG
3	28510179	28510777	395	184	68.22	CHG
3	28510179	28510777	390	3486	10.06	CHH
4	2276177	2276551	822	20	97.62	CG
4	2276177	2276551	230	133	63.36	CHG
4	2276177	2276551	48	1060	4.33	CHH
4	11651971	11654930	4070	254	94.13	CG
4	11651971	11654930	2016	1094	64.82	CHG
4	11651971	11654930	331	16833	1.93	CHH
4	27689683	27689829	177	12	93.65	CG
4	27689683	27689829	54	47	53.47	CHG
4	27689683	27689829	121	449	21.23	CHH
4	29141581	29141664	82	5	94.25	CG
4	29141581	29141664	47	27	63.51	CHG
4	29141581	29141664	64	274	18.93	CHH
4	30611394	30612481	489	569	46.22	CG
4	30611394	30612481	449	955	31.98	CHG
4	30611394	30612481	921	4591	16.71	CHH
5	662749	664095	2057	102	95.28	CG
5	662749	664095	955	422	69.35	CHG
5	662749	664095	418	4877	7.89	CHH
5	664360	665573	1200	400	75.00	CG
5	664360	665573	827	1073	43.53	CHG
5	664360	665573	178	5804	2.98	CHH
5	1136684	1139118	3803	257	93.67	CG
5	1136684	1139118	2691	1104	70.91	CHG
5	1136684	1139118	525	14709	3.45	CHH
5	2775738	2775910	14	121	10.37	CG
5	2775738	2775910	28	41	40.58	CHG
5	2775738	2775910	94	254	27.01	CHH
5	11245127	11247429	2476	333	88.15	CG
5	11245127	11247429	1388	512	73.05	CHG
5	11245127	11247429	985	7191	12.05	CHH
5	13079678	13081153	2883	174	94.31	CG
5	13079678	13081153	1455	625	69.95	CHG
5	13079678	13081153	621	7526	7.62	CHH
5	19128840	19130154	1749	42	97.65	CG
5	19128840	19130154	1022	263	79.53	CHG
5	19128840	19130154	698	4232	14.16	CHH
5	19883682	19883838	698	15	97.90	CG
5	19883682	19883838	469	112	80.72	CHG
5	19883682	19883838	29	250	10.39	CHH
5	19884479	19885037	683	367	65.05	CG
5	19884479	19885037	458	571	44.51	CHG
5	19884479	19885037	387	1568	19.80	CHH
5	27489055	27489338	627	39	94.14	CG
5	27489055	27489338	406	166	70.98	CHG
5	27489055	27489338	201	1326	13.16	CHH
5	27489622	27490471	320	480	40.00	CG
5	27489622	27490471	418	657	38.88	CHG
5	27489622	27490471	137	3733	3.54	CHH
6	1051401	1053277	2869	225	92.73	CG
6	1051401	1053277	1013	1720	37.07	CHG
6	1051401	1053277	229	6869	3.23	CHH
6	6075315	6076487	1467	91	94.16	CG
6	6075315	6076487	1111	355	75.78	CHG
6	6075315	6076487	400	10323	3.73	CHH
6	6076943	6077142	471	19	96.12	CG
6	6076943	6077142	387	162	70.49	CHG
6	6076943	6077142	27	577	4.47	CHH
6	6339071	6340741	2596	114	95.79	CG
6	6339071	6340741	1166	662	63.79	CHG
6	6339071	6340741	402	6671	5.68	CHH
6	11301673	11302182	338	13	96.30	CG
6	11301673	11302182	495	270	64.71	CHG
6	11301673	11302182	143	1894	7.02	CHH
6	12035080	12038531	7033	338	95.41	CG
6	12035080	12038531	3772	3178	54.27	CHG
6	12035080	12038531	236	18976	1.23	CHH
6	13426051	13427806	2621	88	96.75	CG
6	13426051	13427806	1411	653	68.36	CHG
6	13426051	13427806	293	8634	3.28	CHH
6	13432787	13433792	897	49	94.82	CG
6	13432787	13433792	702	266	72.52	CHG
6	13432787	13433792	74	4252	1.71	CHH
6	13434151	13437348	5733	272	95.47	CG
6	13434151	13437348	4345	1221	78.06	CHG
6	13434151	13437348	892	22972	3.74	CHH
6	17322463	17323417	1286	56	95.83	CG
6	17322463	17323417	788	342	69.73	CHG
6	17322463	17323417	111	4547	2.38	CHH
6	17674030	17675910	1496	372	80.09	CG
6	17674030	17675910	481	1484	24.48	CHG
6	17674030	17675910	124	10176	1.20	CHH
6	21224444	21225486	938	967	49.24	CG
6	21224444	21225486	447	1183	27.42	CHG
6	21224444	21225486	96	3740	2.50	CHH
6	21225688	21227423	2057	848	70.81	CG
6	21225688	21227423	526	1787	22.74	CHG
6	21225688	21227423	114	4848	2.30	CHH
6	21664378	21665467	1656	84	95.17	CG
6	21664378	21665467	1126	449	71.49	CHG
6	21664378	21665467	487	7067	6.45	CHH
6	27800538	27801418	7	268	2.55	CG
6	27800538	27801418	1	379	0.26	CHG
6	27800538	27801418	12	1756	0.68	CHH
6	28515545	28517894	3669	221	94.32	CG
6	28515545	28517894	1587	874	64.49	CHG
6	28515545	28517894	403	10699	3.63	CHH
6	29380325	29380583	48	245	16.38	CG
6	29380325	29380583	18	365	4.70	CHG
6	29380325	29380583	40	1040	3.70	CHH
7	998065	998596	652	31	95.46	CG
7	998065	998596	654	156	80.74	CHG
7	998065	998596	111	4445	2.44	CHH
7	999799	1001396	2572	97	96.37	CG
7	999799	1001396	1013	1097	48.01	CHG
7	999799	1001396	224	5539	3.89	CHH
7	3900733	3901027	9	1137	0.79	CG
7	3900733	3901027	5	770	0.65	CHG
7	3900733	3901027	5	1413	0.35	CHH
7	3901161	3901878	905	38	95.97	CG
7	3901161	3901878	282	261	51.93	CHG
7	3901161	3901878	185	2709	6.39	CHH
7	3901974	3902422	170	25	87.18	CG
7	3901974	3902422	106	79	57.30	CHG
7	3901974	3902422	60	1000	5.66	CHH
7	5720282	5722705	2779	182	93.85	CG
7	5720282	5722705	1843	1580	53.84	CHG
7	5720282	5722705	303	13965	2.12	CHH
7	8298338	8298633	98	9	91.59	CG
7	8298338	8298633	103	197	34.33	CHG
7	8298338	8298633	23	920	2.44	CHH
7	8298718	8299246	799	94	89.47	CG
7	8298718	8299246	519	239	68.47	CHG
7	8298718	8299246	116	2901	3.84	CHH
7	8299464	8300327	521	23	95.77	CG
7	8299464	8300327	590	125	82.52	CHG
7	8299464	8300327	147	4331	3.28	CHH
7	15317591	15318975	1341	169	88.81	CG
7	15317591	15318975	964	667	59.10	CHG
7	15317591	15318975	149	7960	1.84	CHH
7	15677020	15677884	286	275	50.98	CG
7	15677020	15677884	172	1190	12.63	CHG
7	15677020	15677884	363	2647	12.06	CHH
7	19999746	20001606	1532	280	84.55	CG
7	19999746	20001606	454	904	33.43	CHG
7	19999746	20001606	408	4230	8.80	CHH
7	20006322	20006843	684	41	94.34	CG
7	20006322	20006843	364	329	52.53	CHG
7	20006322	20006843	189	3255	5.49	CHH
7	22461243	22461968	1868	76	96.09	CG
7	22461243	22461968	1000	385	72.20	CHG
7	22461243	22461968	230	4480	4.88	CHH
7	27168967	27169484	328	65	83.46	CG
7	27168967	27169484	119	195	37.90	CHG
7	27168967	27169484	201	1527	11.63	CHH
8	3956366	3957065	577	175	76.73	CG
8	3956366	3957065	360	465	43.64	CHG
8	3956366	3957065	607	2673	18.51	CHH
8	4051074	4052619	1497	1703	46.78	CG
8	4051074	4052619	306	1545	16.53	CHG
8	4051074	4052619	468	5030	8.51	CHH
8	5776503	5777429	811	1261	39.14	CG
8	5776503	5777429	279	1095	20.31	CHG
8	5776503	5777429	144	3397	4.07	CHH
8	5777523	5777952	775	20	97.48	CG
8	5777523	5777952	400	320	55.56	CHG
8	5777523	5777952	87	1739	4.76	CHH
8	7667656	7668635	1357	120	91.88	CG
8	7667656	7668635	654	1011	39.28	CHG
8	7667656	7668635	73	7499	0.96	CHH
8	7668975	7671382	2446	456	84.29	CG
8	7668975	7671382	559	5040	9.98	CHG
8	7668975	7671382	126	17661	0.71	CHH
8	7769992	7770862	1116	85	92.92	CG
8	7769992	7770862	1495	382	79.65	CHG
8	7769992	7770862	119	6527	1.79	CHH
8	8373831	8376092	3951	187	95.48	CG
8	8373831	8376092	2536	867	74.52	CHG
8	8373831	8376092	725	13237	5.19	CHH
8	8446534	8449768	5183	702	88.07	CG
8	8446534	8449768	2504	1576	61.37	CHG
8	8446534	8449768	665	22072	2.92	CHH
8	9446567	9447269	1096	73	93.76	CG
8	9446567	9447269	323	354	47.71	CHG
8	9446567	9447269	82	2343	3.38	CHH
8	9448173	9449184	1827	253	87.84	CG
8	9448173	9449184	357	791	31.10	CHG
8	9448173	9449184	66	4615	1.41	CHH
8	15385469	15386230	1005	104	90.62	CG
8	15385469	15386230	560	336	62.50	CHG
8	15385469	15386230	151	4063	3.58	CHH
8	15452051	15454665	4315	229	94.96	CG
8	15452051	15454665	2211	907	70.91	CHG
8	15452051	15454665	654	13369	4.66	CHH
8	15462558	15463189	977	44	95.69	CG
8	15462558	15463189	624	198	75.91	CHG
8	15462558	15463189	100	2841	3.40	CHH
8	15463325	15463489	316	21	93.77	CG
8	15463325	15463489	526	165	76.12	CHG
8	15463325	15463489	24	1318	1.79	CHH
8	15463949	15465412	885	298	74.81	CG
8	15463949	15465412	545	590	48.02	CHG
8	15463949	15465412	130	5827	2.18	CHH
8	19733579	19734538	1100	90	92.44	CG
8	19733579	19734538	523	293	64.09	CHG
8	19733579	19734538	293	3280	8.20	CHH
8	19734616	19735488	1092	51	95.54	CG
8	19734616	19735488	724	377	65.76	CHG
8	19734616	19735488	723	3606	16.70	CHH
8	20981167	20986252	12505	1639	88.41	CG
8	20981167	20986252	4886	3578	57.73	CHG
8	20981167	20986252	856	25582	3.24	CHH
8	26829088	26830470	1317	140	90.39	CG
8	26829088	26830470	820	460	64.06	CHG
8	26829088	26830470	400	3069	11.53	CHH
9	1293289	1296834	4603	279	94.29	CG
9	1293289	1296834	2306	875	72.49	CHG
9	1293289	1296834	896	16091	5.27	CHH
9	1297015	1297850	1575	173	90.10	CG
9	1297015	1297850	512	258	66.49	CHG
9	1297015	1297850	205	4177	4.68	CHH
9	3227798	3229550	2289	164	93.31	CG
9	3227798	3229550	744	1413	34.49	CHG
9	3227798	3229550	210	9113	2.25	CHH
9	3229897	3231099	1815	190	90.52	CG
9	3229897	3231099	653	1649	28.37	CHG
9	3229897	3231099	100	9179	1.08	CHH
9	3515363	3516506	1564	121	92.82	CG
9	3515363	3516506	655	1234	34.67	CHG
9	3515363	3516506	80	5269	1.50	CHH
9	3516815	3517763	1808	81	95.71	CG
9	3516815	3517763	235	2132	9.93	CHG
9	3516815	3517763	52	3795	1.35	CHH
9	3730715	3731926	1112	986	53.00	CG
9	3730715	3731926	420	1216	25.67	CHG
9	3730715	3731926	208	6200	3.25	CHH
9	9557293	9558428	1886	103	94.82	CG
9	9557293	9558428	982	444	68.86	CHG
9	9557293	9558428	228	6257	3.52	CHH
9	12178127	12181584	3440	195	94.64	CG
9	12178127	12181584	4152	1329	75.75	CHG
9	12178127	12181584	772	21222	3.51	CHH
9	12419030	12419675	973	78	92.58	CG
9	12419030	12419675	530	740	41.73	CHG
9	12419030	12419675	96	2651	3.49	CHH
9	12420619	12426858	8705	546	94.10	CG
9	12420619	12426858	13221	3098	81.02	CHG
9	12420619	12426858	1667	42636	3.76	CHH
9	15229746	15230319	621	19	97.03	CG
9	15229746	15230319	392	120	76.56	CHG
9	15229746	15230319	93	1111	7.72	CHH
9	15230410	15231901	2525	90	96.56	CG
9	15230410	15231901	1293	434	74.87	CHG
9	15230410	15231901	550	6144	8.22	CHH
9	17429413	17430049	329	243	57.52	CG
9	17429413	17430049	236	237	49.89	CHG
9	17429413	17430049	453	1961	18.77	CHH
10	402636	402987	459	16	96.63	CG
10	402636	402987	166	284	36.89	CHG
10	402636	402987	104	1741	5.64	CHH
10	705178	705397	690	19	97.32	CG
10	705178	705397	359	196	64.68	CHG
10	705178	705397	9	396	2.22	CHH
10	706000	706142	943	27	97.22	CG
10	706000	706142	510	326	61.00	CHG
10	706000	706142	7	498	1.39	CHH
10	5925941	5926484	493	47	91.30	CG
10	5925941	5926484	209	415	33.49	CHG
10	5925941	5926484	38	3491	1.08	CHH
10	5927422	5928302	776	78	90.87	CG
10	5927422	5928302	318	329	49.15	CHG
10	5927422	5928302	103	5936	1.71	CHH
10	9629597	9630043	22	1610	1.35	CG
10	9629597	9630043	4	2030	0.20	CHG
10	9629597	9630043	20	3810	0.52	CHH
10	11210121	11211317	1109	55	95.27	CG
10	11210121	11211317	608	255	70.45	CHG
10	11210121	11211317	243	4516	5.11	CHH
10	16005555	16006259	537	106	83.51	CG
10	16005555	16006259	143	394	26.63	CHG
10	16005555	16006259	107	2022	5.03	CHH
11	3230048	3230169	73	3	96.05	CG
11	3230048	3230169	67	36	65.05	CHG
11	3230048	3230169	10	412	2.37	CHH
11	6296560	6298355	1761	525	77.03	CG
11	6296560	6298355	1471	1469	50.03	CHG
11	6296560	6298355	127	10674	1.18	CHH
11	7729318	7730196	1150	50	95.83	CG
11	7729318	7730196	1465	391	78.93	CHG
11	7729318	7730196	114	5134	2.17	CHH
11	7736107	7738642	2854	123	95.87	CG
11	7736107	7738642	1714	1061	61.77	CHG
11	7736107	7738642	202	9654	2.05	CHH
11	7738733	7740049	1219	46	96.36	CG
11	7738733	7740049	803	366	68.69	CHG
11	7738733	7740049	154	5685	2.64	CHH
11	8911345	8913282	603	668	47.44	CG
11	8911345	8913282	709	2950	19.38	CHG
11	8911345	8913282	360	11596	3.01	CHH
11	11148469	11148552	1	327	0.30	CG
11	11148469	11148552	0	98	0.00	CHG
11	11148469	11148552	2	271	0.73	CHH
11	15466012	15467596	897	4339	17.13	CG
11	15466012	15467596	170	3496	4.64	CHG
11	15466012	15467596	169	8522	1.94	CHH
11	17162539	17163796	2610	126	95.39	CG
11	17162539	17163796	441	897	32.96	CHG
11	17162539	17163796	90	3281	2.67	CHH
11	17164953	17166701	1337	66	95.30	CG
11	17164953	17166701	801	606	56.93	CHG
11	17164953	17166701	131	5991	2.14	CHH
11	17166830	17167277	602	34	94.65	CG
11	17166830	17167277	83	607	12.03	CHG
11	17166830	17167277	24	1883	1.26	CHH
11	17167358	17167576	175	58	75.11	CG
11	17167358	17167576	29	132	18.01	CHG
11	17167358	17167576	3	707	0.42	CHH
11	17167722	17168412	756	45	94.38	CG
11	17167722	17168412	132	475	21.75	CHG
11	17167722	17168412	28	2368	1.17	CHH
11	17168615	17170260	2039	118	94.53	CG
11	17168615	17170260	1932	1258	60.56	CHG
11	17168615	17170260	146	8290	1.73	CHH
11	22338223	22342581	6633	301	95.66	CG
11	22338223	22342581	4299	1488	74.29	CHG
11	22338223	22342581	1020	19156	5.06	CHH
11	24390111	24390786	152	52	74.51	CG
11	24390111	24390786	42	1428	2.86	CHG
11	24390111	24390786	64	4115	1.53	CHH
12	4737413	4737840	25	499	4.77	CG
12	4737413	4737840	7	560	1.23	CHG
12	4737413	4737840	12	2345	0.51	CHH
12	4898920	4899775	882	88	90.93	CG
12	4898920	4899775	180	466	27.86	CHG
12	4898920	4899775	44	2460	1.76	CHH
12	4902073	4902516	414	137	75.14	CG
12	4902073	4902516	41	249	14.14	CHG
12	4902073	4902516	12	1537	0.77	CHH
12	9062972	9063466	1012	65	93.96	CG
12	9062972	9063466	446	708	38.65	CHG
12	9062972	9063466	27	2432	1.10	CHH
12	9064169	9064334	221	21	91.32	CG
12	9064169	9064334	74	164	31.09	CHG
12	9064169	9064334	5	611	0.81	CHH
12	9064925	9066118	1230	318	79.46	CG
12	9064925	9066118	176	878	16.70	CHG
12	9064925	9066118	40	3692	1.07	CHH
12	17504082	17504299	299	13	95.83	CG
12	17504082	17504299	202	78	72.14	CHG
12	17504082	17504299	24	1007	2.33	CHH
12	17987554	17988996	1916	87	95.66	CG
12	17987554	17988996	877	412	68.04	CHG
12	17987554	17988996	269	6180	4.17	CHH
12	18861738	18863268	411	36	91.95	CG
12	18861738	18863268	202	159	55.96	CHG
12	18861738	18863268	141	5248	2.62	CHH
12	18864308	18866205	2585	95	96.46	CG
12	18864308	18866205	1373	660	67.54	CHG
12	18864308	18866205	356	7629	4.46	CHH
