1	1377440	1378052	269	16	94.39	CG
1	1377440	1378052	345	97	78.05	CHG
1	1377440	1378052	2939	5308	35.64	CHH
1	1788440	1788928	608	34	94.70	CG
1	1788440	1788928	6	41	12.77	CHG
1	1788440	1788928	1510	4660	24.47	CHH
1	2260684	2260758	248	917	21.29	CHH
1	2522960	2523166	625	12	98.12	CG
1	2522960	2523166	115	74	60.85	CHG
1	2522960	2523166	687	2112	24.54	CHH
1	2556818	2558266	6742	181	97.39	CG
1	2556818	2558266	4368	749	85.36	CHG
1	2556818	2558266	4471	10698	29.47	CHH
1	9039676	9042883	4804	127	97.42	CG
1	9039676	9042883	4650	406	91.97	CHG
1	9039676	9042883	12277	24223	33.64	CHH
1	9437012	9437784	1387	33	97.68	CG
1	9437012	9437784	1196	148	88.99	CHG
1	9437012	9437784	2380	5506	30.18	CHH
1	9767360	9767454	51	3	94.44	CG
1	9767360	9767454	39	17	69.64	CHG
1	9767360	9767454	302	517	36.87	CHH
1	10834154	10834494	68	20	77.27	CHG
1	10834154	10834494	1119	2819	28.42	CHH
1	10925172	10926295	2956	166	94.68	CG
1	10925172	10926295	2164	820	72.52	CHG
1	10925172	10926295	3610	9569	27.39	CHH
1	10926897	10927718	3342	138	96.03	CG
1	10926897	10927718	3028	705	81.11	CHG
1	10926897	10927718	2222	6710	24.88	CHH
1	11360960	11364336	6259	204	96.84	CG
1	11360960	11364336	4709	1402	77.06	CHG
1	11360960	11364336	10450	28014	27.17	CHH
1	11470931	11471326	643	130	83.18	CG
1	11470931	11471326	353	193	64.65	CHG
1	11470931	11471326	1307	3360	28.01	CHH
1	11471508	11474133	2856	69	97.64	CG
1	11471508	11474133	4848	918	84.08	CHG
1	11471508	11474133	6672	20148	24.88	CHH
1	14333472	14335930	7351	274	96.41	CG
1	14333472	14335930	3779	1428	72.58	CHG
1	14333472	14335930	7747	20755	27.18	CHH
1	14336094	14337863	3341	111	96.78	CG
1	14336094	14337863	2846	754	79.06	CHG
1	14336094	14337863	5832	13635	29.96	CHH
1	14338097	14339310	2630	77	97.16	CG
1	14338097	14339310	1146	475	70.70	CHG
1	14338097	14339310	3240	9006	26.46	CHH
1	14358588	14358799	160	5	96.97	CG
1	14358588	14358799	130	50	72.22	CHG
1	14358588	14358799	1118	1244	47.33	CHH
1	14961883	14962784	1659	1401	54.22	CG
1	14961883	14962784	992	1450	40.62	CHG
1	14961883	14962784	1783	8304	17.68	CHH
1	16709412	16710638	3261	95	97.17	CG
1	16709412	16710638	2158	525	80.43	CHG
1	16709412	16710638	2667	8452	23.99	CHH
1	20811098	20811408	182	318	36.40	CG
1	20811098	20811408	259	364	41.57	CHG
1	20811098	20811408	781	2299	25.36	CHH
1	24162719	24162945	1176	1660	41.47	CHH
1	25253730	25254035	197	613	24.32	CG
1	25253730	25254035	62	339	15.46	CHG
1	25253730	25254035	566	3281	14.71	CHH
1	25313000	25313256	175	640	21.47	CG
1	25313000	25313256	104	524	16.56	CHG
1	25313000	25313256	597	1666	26.38	CHH
1	28200381	28201852	1597	46	97.20	CG
1	28200381	28201852	1553	396	79.68	CHG
1	28200381	28201852	5053	11025	31.43	CHH
1	28202027	28203259	1958	89	95.65	CG
1	28202027	28203259	1381	311	81.62	CHG
1	28202027	28203259	3825	10887	26.00	CHH
1	28212608	28214734	4322	180	96.00	CG
1	28212608	28214734	2441	530	82.16	CHG
1	28212608	28214734	8055	19900	28.81	CHH
1	30431887	30432457	685	21	97.03	CG
1	30431887	30432457	148	118	55.64	CHG
1	30431887	30432457	2113	4284	33.03	CHH
1	30810046	30810702	1119	471	70.38	CG
1	30810046	30810702	174	391	30.80	CHG
1	30810046	30810702	1708	6943	19.74	CHH
1	35537016	35537182	674	1804	27.20	CHH
1	40395626	40395876	73	0	100.00	CG
1	40395626	40395876	816	2049	28.48	CHH
1	41155306	41155562	42	49	46.15	CHG
1	41155306	41155562	1945	1794	52.02	CHH
2	1869793	1870778	3236	84	97.47	CG
2	1869793	1870778	2595	466	84.78	CHG
2	1869793	1870778	3483	7628	31.35	CHH
2	2040558	2041143	1058	49	95.57	CG
2	2040558	2041143	827	123	87.05	CHG
2	2040558	2041143	1510	4965	23.32	CHH
2	3701574	3702250	626	90	87.43	CG
2	3701574	3702250	485	501	49.19	CHG
2	3701574	3702250	1895	6791	21.82	CHH
2	4194209	4194385	138	18	88.46	CHG
2	4194209	4194385	920	1534	37.49	CHH
2	4947306	4947538	94	1	98.95	CG
2	4947306	4947538	671	2367	22.09	CHH
2	5499042	5499299	525	15	97.22	CG
2	5499042	5499299	331	32	91.18	CHG
2	5499042	5499299	557	1981	21.95	CHH
2	5902991	5906606	5394	313	94.52	CG
2	5902991	5906606	7249	3059	70.32	CHG
2	5902991	5906606	11342	32117	26.10	CHH
2	6762287	6762792	511	21	96.05	CG
2	6762287	6762792	418	181	69.78	CHG
2	6762287	6762792	1314	4921	21.07	CHH
2	6796212	6796945	196	1543	11.27	CG
2	6796212	6796945	283	1531	15.60	CHG
2	6796212	6796945	1154	6005	16.12	CHH
2	6797386	6798332	1390	262	84.14	CG
2	6797386	6798332	856	757	53.07	CHG
2	6797386	6798332	2379	7185	24.87	CHH
2	7606176	7607483	1360	65	95.44	CG
2	7606176	7607483	1140	502	69.43	CHG
2	7606176	7607483	3191	14227	18.32	CHH
2	7607731	7609075	2019	780	72.13	CG
2	7607731	7609075	934	1049	47.10	CHG
2	7607731	7609075	3447	12357	21.81	CHH
2	8343974	8344975	1713	50	97.16	CG
2	8343974	8344975	1314	345	79.20	CHG
2	8343974	8344975	3680	9195	28.58	CHH
2	8345745	8345938	279	6	97.89	CG
2	8345745	8345938	141	111	55.95	CHG
2	8345745	8345938	306	2062	12.92	CHH
2	12333889	12333999	160	6	96.39	CG
2	12333889	12333999	114	47	70.81	CHG
2	12333889	12333999	365	1005	26.64	CHH
2	13583003	13585128	2414	107	95.76	CG
2	13583003	13585128	5098	622	89.13	CHG
2	13583003	13585128	6113	18504	24.83	CHH
2	13872268	13872613	157	380	29.24	CG
2	13872268	13872613	192	623	23.56	CHG
2	13872268	13872613	611	3705	14.16	CHH
2	19469869	19471775	5435	757	87.77	CG
2	19469869	19471775	2743	1754	61.00	CHG
2	19469869	19471775	5126	15824	24.47	CHH
2	19977858	19978135	390	11	97.26	CG
2	19977858	19978135	540	210	72.00	CHG
2	19977858	19978135	536	2437	18.03	CHH
2	20745916	20746102	215	0	100.00	CG
2	20745916	20746102	113	34	76.87	CHG
2	20745916	20746102	643	2208	22.55	CHH
2	25258399	25258520	413	1144	26.53	CHH
2	28737277	28737416	556	1388	28.60	CHH
2	34952974	34953385	1409	48	96.71	CG
2	34952974	34953385	578	190	75.26	CHG
2	34952974	34953385	1062	4454	19.25	CHH
2	34955560	34955809	1290	1726	42.77	CHH
3	1354664	1354914	320	18	94.67	CG
3	1354664	1354914	353	88	80.05	CHG
3	1354664	1354914	779	1992	28.11	CHH
3	8409618	8409743	25	384	6.11	CG
3	8409618	8409743	87	246	26.13	CHG
3	8409618	8409743	289	1346	17.68	CHH
3	9319923	9320317	480	20	96.00	CG
3	9319923	9320317	103	24	81.10	CHG
3	9319923	9320317	1033	3280	23.95	CHH
3	15113224	15113412	849	1786	32.22	CHH
3	17308009	17308190	76	6	92.68	CG
3	17308009	17308190	64	9	87.67	CHG
3	17308009	17308190	520	1859	21.86	CHH
3	20792869	20793598	206	411	33.39	CG
3	20792869	20793598	275	816	25.21	CHG
3	20792869	20793598	1673	6343	20.87	CHH
3	22406998	22410666	3362	1414	70.39	CG
3	22406998	22410666	5214	1672	75.72	CHG
3	22406998	22410666	12067	31724	27.56	CHH
3	23359385	23359602	142	9	94.04	CG
3	23359385	23359602	1	38	2.56	CHG
3	23359385	23359602	805	2041	28.29	CHH
3	24569402	24572072	3922	159	96.10	CG
3	24569402	24572072	3754	636	85.51	CHG
3	24569402	24572072	7767	21485	26.55	CHH
3	24603937	24605042	2474	97	96.23	CG
3	24603937	24605042	2350	674	77.71	CHG
3	24603937	24605042	3866	9878	28.13	CHH
3	26143599	26144289	560	637	46.78	CG
3	26143599	26144289	372	1074	25.73	CHG
3	26143599	26144289	1733	6866	20.15	CHH
3	27619055	27619344	232	71	76.57	CG
3	27619055	27619344	266	166	61.57	CHG
3	27619055	27619344	646	2680	19.42	CHH
3	27619956	27621480	1918	2489	43.52	CG
3	27619956	27621480	1116	2231	33.34	CHG
3	27619956	27621480	3111	13405	18.84	CHH
3	28228225	28228487	930	2206	29.66	CHH
3	29750151	29752956	6018	135	97.81	CG
3	29750151	29752956	3773	290	92.86	CHG
3	29750151	29752956	11506	23129	33.22	CHH
3	29885011	29885181	96	3	96.97	CG
3	29885011	29885181	120	14	89.55	CHG
3	29885011	29885181	1333	1687	44.14	CHH
3	30100210	30100463	88	2	97.78	CG
3	30100210	30100463	831	2479	25.11	CHH
3	30830679	30830818	761	973	43.89	CHH
3	32182087	32182430	89	8	91.75	CG
3	32182087	32182430	44	39	53.01	CHG
3	32182087	32182430	1454	3516	29.26	CHH
4	19683995	19684552	678	608	52.72	CG
4	19683995	19684552	462	1058	30.39	CHG
4	19683995	19684552	1247	5388	18.79	CHH
4	19744896	19745083	117	34	77.48	CG
4	19744896	19745083	631	1637	27.82	CHH
4	21627729	21627912	160	3	98.16	CG
4	21627729	21627912	116	17	87.22	CHG
4	21627729	21627912	915	1370	40.04	CHH
4	24030042	24030690	456	7	98.49	CG
4	24030042	24030690	535	131	80.33	CHG
4	24030042	24030690	1997	5723	25.87	CHH
4	27907257	27907388	88	1	98.88	CG
4	27907257	27907388	9	39	18.75	CHG
4	27907257	27907388	732	1201	37.87	CHH
4	30176025	30176485	316	22	93.49	CG
4	30176025	30176485	87	97	47.28	CHG
4	30176025	30176485	2098	3761	35.81	CHH
4	35050130	35050413	19	338	5.32	CG
4	35050130	35050413	90	396	18.52	CHG
4	35050130	35050413	590	2808	17.36	CHH
4	35050645	35051479	1572	177	89.88	CG
4	35050645	35051479	951	878	52.00	CHG
4	35050645	35051479	2580	8101	24.16	CHH
4	35051684	35052572	2787	82	97.14	CG
4	35051684	35052572	1185	271	81.39	CHG
4	35051684	35052572	3663	7427	33.03	CHH
4	35052766	35053258	450	1188	27.47	CG
4	35052766	35053258	410	965	29.82	CHG
4	35052766	35053258	1449	4566	24.09	CHH
5	1135886	1136509	527	783	40.23	CG
5	1135886	1136509	579	1169	33.12	CHG
5	1135886	1136509	1279	5005	20.35	CHH
5	1681288	1681619	75	582	11.42	CG
5	1681288	1681619	160	537	22.96	CHG
5	1681288	1681619	760	2724	21.81	CHH
5	4826765	4827929	1380	65	95.50	CG
5	4826765	4827929	1490	339	81.47	CHG
5	4826765	4827929	3686	11597	24.12	CHH
5	4828099	4828891	303	1628	15.69	CG
5	4828099	4828891	417	1435	22.52	CHG
5	4828099	4828891	1726	7963	17.81	CHH
5	4830291	4831171	635	932	40.52	CG
5	4830291	4831171	588	871	40.30	CHG
5	4830291	4831171	2508	7296	25.58	CHH
5	6765407	6765604	168	7	96.00	CG
5	6765407	6765604	144	93	60.76	CHG
5	6765407	6765604	392	1742	18.37	CHH
5	10917777	10919451	3254	113	96.64	CG
5	10917777	10919451	3299	975	77.19	CHG
5	10917777	10919451	4312	16255	20.97	CHH
5	11242827	11244802	2883	86	97.10	CG
5	11242827	11244802	3664	477	88.48	CHG
5	11242827	11244802	5779	17918	24.39	CHH
5	21149049	21149184	23	465	4.71	CG
5	21149049	21149184	122	356	25.52	CHG
5	21149049	21149184	272	1698	13.81	CHH
5	21857485	21857720	287	1	99.65	CG
5	21857485	21857720	324	44	88.04	CHG
5	21857485	21857720	630	1707	26.96	CHH
5	25347572	25347835	217	511	29.81	CG
5	25347572	25347835	119	677	14.95	CHG
5	25347572	25347835	585	3386	14.73	CHH
5	25348057	25348813	407	18	95.76	CG
5	25348057	25348813	651	1288	33.57	CHG
5	25348057	25348813	1372	6274	17.94	CHH
5	25352498	25355138	2899	762	79.19	CG
5	25352498	25355138	2786	2568	52.04	CHG
5	25352498	25355138	7624	22353	25.43	CHH
5	25355297	25357051	3459	132	96.32	CG
5	25355297	25357051	2452	783	75.80	CHG
5	25355297	25357051	6080	15926	27.63	CHH
5	26872353	26874176	2205	1802	55.03	CG
5	26872353	26874176	1690	1416	54.41	CHG
5	26872353	26874176	5656	16593	25.42	CHH
5	26989629	26989802	48	19	71.64	CHG
5	26989629	26989802	880	1356	39.36	CHH
6	6078118	6079550	1848	81	95.80	CG
6	6078118	6079550	3150	1409	69.09	CHG
6	6078118	6079550	4181	13369	23.82	CHH
6	6079751	6080866	2493	52	97.96	CG
6	6079751	6080866	1725	270	86.47	CHG
6	6079751	6080866	3172	10683	22.89	CHH
6	7535836	7537636	2463	1064	69.83	CG
6	7535836	7537636	2610	1751	59.85	CHG
6	7535836	7537636	6892	18597	27.04	CHH
6	7537860	7538806	2959	66	97.82	CG
6	7537860	7538806	1333	462	74.26	CHG
6	7537860	7538806	2635	8458	23.75	CHH
6	7540556	7540748	166	22	88.30	CG
6	7540556	7540748	714	1350	34.59	CHH
6	7725720	7725950	443	6	98.66	CG
6	7725720	7725950	490	178	73.35	CHG
6	7725720	7725950	398	1466	21.35	CHH
6	11302246	11302995	776	30	96.28	CG
6	11302246	11302995	1157	537	68.30	CHG
6	11302246	11302995	1773	5091	25.83	CHH
6	11303180	11304874	3645	125	96.68	CG
6	11303180	11304874	2406	672	78.17	CHG
6	11303180	11304874	6182	16859	26.83	CHH
6	13428012	13431273	3938	155	96.21	CG
6	13428012	13431273	5508	834	86.85	CHG
6	13428012	13431273	12787	26872	32.24	CHH
6	17321639	17321861	21	184	10.24	CG
6	17321639	17321861	61	372	14.09	CHG
6	17321639	17321861	400	1583	20.17	CHH
6	22376044	22376666	497	42	92.21	CG
6	22376044	22376666	127	192	39.81	CHG
6	22376044	22376666	2142	5770	27.07	CHH
6	23537611	23537873	149	23	86.63	CHG
6	23537611	23537873	720	2581	21.81	CHH
6	25078471	25078618	36	34	51.43	CHG
6	25078471	25078618	469	1175	28.53	CHH
6	25314682	25315364	448	13	97.18	CG
6	25314682	25315364	404	114	77.99	CHG
6	25314682	25315364	2227	6260	26.24	CHH
6	26183206	26183498	89	5	94.68	CG
6	26183206	26183498	1879	1908	49.62	CHH
6	27799633	27800383	84	449	15.76	CG
6	27799633	27800383	148	838	15.01	CHG
6	27799633	27800383	1382	7523	15.52	CHH
6	27801639	27802209	68	552	10.97	CG
6	27801639	27802209	115	633	15.37	CHG
6	27801639	27802209	892	3474	20.43	CHH
6	27807200	27808739	1994	480	80.60	CG
6	27807200	27808739	2489	1502	62.37	CHG
6	27807200	27808739	4582	12576	26.70	CHH
6	29377073	29378367	2848	120	95.96	CG
6	29377073	29378367	2876	386	88.17	CHG
6	29377073	29378367	4932	10328	32.32	CHH
6	29378560	29380306	5001	146	97.16	CG
6	29378560	29380306	3039	582	83.93	CHG
6	29378560	29380306	7191	13407	34.91	CHH
7	436559	436644	570	1187	32.44	CHH
7	3142735	3143078	673	11	98.39	CG
7	3142735	3143078	507	178	74.01	CHG
7	3142735	3143078	1365	2641	34.07	CHH
7	3220899	3221205	64	5	92.75	CG
7	3220899	3221205	1191	2263	34.48	CHH
7	4348747	4349352	1022	50	95.34	CG
7	4348747	4349352	391	290	57.42	CHG
7	4348747	4349352	1488	4145	26.42	CHH
7	4349624	4350850	2681	110	96.06	CG
7	4349624	4350850	2037	527	79.45	CHG
7	4349624	4350850	2801	9381	22.99	CHH
7	4351012	4351916	1903	45	97.69	CG
7	4351012	4351916	1645	425	79.47	CHG
7	4351012	4351916	3695	8366	30.64	CHH
7	4373857	4376166	3159	251	92.64	CG
7	4373857	4376166	2598	1587	62.08	CHG
7	4373857	4376166	9064	18437	32.96	CHH
7	6141659	6141862	731	7	99.05	CG
7	6141659	6141862	402	57	87.58	CHG
7	6141659	6141862	937	1795	34.30	CHH
7	8294134	8294483	66	617	9.66	CG
7	8294134	8294483	158	654	19.46	CHG
7	8294134	8294483	977	3750	20.67	CHH
7	8296050	8297360	1281	41	96.90	CG
7	8296050	8297360	1086	640	62.92	CHG
7	8296050	8297360	3407	10711	24.13	CHH
7	8297831	8298242	308	20	93.90	CG
7	8297831	8298242	387	409	48.62	CHG
7	8297831	8298242	977	3640	21.16	CHH
7	8993394	8993705	162	5	97.01	CG
7	8993394	8993705	1233	2403	33.91	CHH
7	15188698	15188829	68	11	86.08	CHG
7	15188698	15188829	387	1694	18.60	CHH
7	15677983	15678606	542	737	42.38	CG
7	15677983	15678606	473	812	36.81	CHG
7	15677983	15678606	1166	4555	20.38	CHH
7	15715017	15716282	1337	633	67.87	CG
7	15715017	15716282	1991	1143	63.53	CHG
7	15715017	15716282	3343	9043	26.99	CHH
7	15716649	15717550	1962	60	97.03	CG
7	15716649	15717550	1226	579	67.92	CHG
7	15716649	15717550	2263	8446	21.13	CHH
7	15987686	15990374	3262	143	95.80	CG
7	15987686	15990374	2786	1526	64.61	CHG
7	15987686	15990374	6446	27302	19.10	CHH
7	16599468	16599909	227	18	92.65	CG
7	16599468	16599909	334	707	32.08	CHG
7	16599468	16599909	617	4625	11.77	CHH
7	18624941	18625154	80	3	96.39	CG
7	18624941	18625154	75	50	60.00	CHG
7	18624941	18625154	897	1977	31.21	CHH
7	19254932	19255653	432	532	44.81	CG
7	19254932	19255653	431	2302	15.77	CHG
7	19254932	19255653	1750	6135	22.19	CHH
7	20003073	20003442	449	539	45.45	CG
7	20003073	20003442	110	400	21.57	CHG
7	20003073	20003442	711	2913	19.62	CHH
7	20004260	20004538	89	588	13.15	CG
7	20004260	20004538	272	664	29.06	CHG
7	20004260	20004538	712	2704	20.84	CHH
7	22460506	22460644	189	1123	14.41	CG
7	22460506	22460644	119	344	25.70	CHG
7	22460506	22460644	287	1331	17.74	CHH
7	24948880	24949085	1186	1805	39.65	CHH
7	25909857	25910353	604	30	95.27	CG
7	25909857	25910353	775	311	71.36	CHG
7	25909857	25910353	1851	4342	29.89	CHH
7	27169621	27169836	6	67	8.22	CG
7	27169621	27169836	115	452	20.28	CHG
7	27169621	27169836	443	2125	17.25	CHH
7	27307263	27307688	892	21	97.70	CG
7	27307263	27307688	754	184	80.38	CHG
7	27307263	27307688	1849	2772	40.01	CHH
8	5778397	5779045	852	211	80.15	CG
8	5778397	5779045	546	552	49.73	CHG
8	5778397	5779045	1134	3759	23.18	CHH
8	5779226	5780049	561	303	64.93	CG
8	5779226	5780049	307	876	25.95	CHG
8	5779226	5780049	2002	6749	22.88	CHH
8	7765923	7766237	341	41	89.27	CG
8	7765923	7766237	159	201	44.17	CHG
8	7765923	7766237	624	3323	15.81	CHH
8	7766623	7766940	394	30	92.92	CG
8	7766623	7766940	372	234	61.39	CHG
8	7766623	7766940	679	2589	20.78	CHH
8	7767812	7769432	1931	96	95.26	CG
8	7767812	7769432	1716	525	76.57	CHG
8	7767812	7769432	4658	15500	23.11	CHH
8	10497174	10498216	1880	71	96.36	CG
8	10497174	10498216	1038	211	83.11	CHG
8	10497174	10498216	2997	9901	23.24	CHH
8	10498395	10499575	874	62	93.38	CG
8	10498395	10499575	1031	800	56.31	CHG
8	10498395	10499575	3398	11039	23.54	CHH
8	15456518	15458380	3638	131	96.52	CG
8	15456518	15458380	2940	679	81.24	CHG
8	15456518	15458380	6626	15919	29.39	CHH
8	15458644	15461086	3480	123	96.59	CG
8	15458644	15461086	2735	816	77.02	CHG
8	15458644	15461086	8528	21701	28.21	CHH
8	21692817	21694038	1602	73	95.64	CG
8	21692817	21694038	2077	441	82.49	CHG
8	21692817	21694038	3905	10110	27.86	CHH
8	22741998	22742320	40	35	53.33	CHG
8	22741998	22742320	1364	2403	36.21	CHH
8	24735337	24736197	880	16	98.21	CG
8	24735337	24736197	1012	446	69.41	CHG
8	24735337	24736197	2012	8944	18.36	CHH
8	24968997	24969171	75	2	97.40	CG
8	24968997	24969171	109	13	89.34	CHG
8	24968997	24969171	958	1793	34.82	CHH
8	27145493	27145904	308	531	36.71	CG
8	27145493	27145904	119	329	26.56	CHG
8	27145493	27145904	1023	4106	19.95	CHH
8	27146154	27147151	921	235	79.67	CG
8	27146154	27147151	343	429	44.43	CHG
8	27146154	27147151	2882	9373	23.52	CHH
9	12622010	12622195	145	575	20.14	CG
9	12622010	12622195	22	208	9.57	CHG
9	12622010	12622195	523	1790	22.61	CHH
9	12622461	12622831	536	494	52.04	CG
9	12622461	12622831	146	259	36.05	CHG
9	12622461	12622831	625	3794	14.14	CHH
9	15228404	15229163	996	94	91.38	CG
9	15228404	15229163	796	618	56.29	CHG
9	15228404	15229163	2746	7404	27.05	CHH
9	16724009	16725093	1040	39	96.39	CG
9	16724009	16725093	1391	318	81.39	CHG
9	16724009	16725093	3584	9709	26.96	CHH
9	16725343	16726536	2938	177	94.32	CG
9	16725343	16726536	1745	500	77.73	CHG
9	16725343	16726536	3818	10615	26.45	CHH
9	19098095	19098253	81	0	100.00	CG
9	19098095	19098253	122	44	73.49	CHG
9	19098095	19098253	796	1207	39.74	CHH
9	21886164	21886293	544	1662	24.66	CHH
10	403342	404217	1554	708	68.70	CG
10	403342	404217	1066	1519	41.24	CHG
10	403342	404217	2265	6112	27.04	CHH
10	707135	707736	1688	495	77.32	CG
10	707135	707736	830	1630	33.74	CHG
10	707135	707736	1689	5024	25.16	CHH
10	708160	710138	6658	204	97.03	CG
10	708160	710138	3948	1018	79.50	CHG
10	708160	710138	5102	15017	25.36	CHH
10	1838124	1838526	130	7	94.89	CG
10	1838124	1838526	71	3	95.95	CHG
10	1838124	1838526	2122	2288	48.12	CHH
10	1890175	1890720	724	13	98.24	CG
10	1890175	1890720	763	343	68.99	CHG
10	1890175	1890720	1526	5397	22.04	CHH
10	5680298	5680662	1173	603	66.05	CG
10	5680298	5680662	781	1332	36.96	CHG
10	5680298	5680662	974	2860	25.40	CHH
10	5930107	5931241	2327	91	96.24	CG
10	5930107	5931241	1691	1256	57.38	CHG
10	5930107	5931241	2526	7836	24.38	CHH
10	5931400	5931895	876	44	95.22	CG
10	5931400	5931895	677	399	62.92	CHG
10	5931400	5931895	1376	3462	28.44	CHH
10	5933659	5934116	183	1225	13.00	CG
10	5933659	5934116	252	1335	15.88	CHG
10	5933659	5934116	761	3325	18.62	CHH
10	6420591	6420748	37	291	11.28	CHG
10	6420591	6420748	196	1153	14.53	CHH
10	15986962	15990245	4868	190	96.24	CG
10	15986962	15990245	4389	2004	68.65	CHG
10	15986962	15990245	7392	31597	18.96	CHH
10	15991567	15992011	107	931	10.31	CG
10	15991567	15992011	186	1169	13.73	CHG
10	15991567	15992011	785	3726	17.40	CHH
10	16004469	16005053	547	3301	14.22	CG
10	16004469	16005053	672	2092	24.31	CHG
10	16004469	16005053	1555	4380	26.20	CHH
10	16006434	16007004	394	1839	17.64	CG
10	16006434	16007004	397	1526	20.64	CHG
10	16006434	16007004	1068	4178	20.36	CHH
10	18101624	18101816	637	24	96.37	CG
10	18101624	18101816	370	214	63.36	CHG
10	18101624	18101816	1298	1806	41.82	CHH
10	20291443	20292459	2637	55	97.96	CG
10	20291443	20292459	1463	273	84.27	CHG
10	20291443	20292459	2613	6863	27.57	CHH
10	20777405	20778626	2312	78	96.74	CG
10	20777405	20778626	1942	551	77.90	CHG
10	20777405	20778626	5473	9263	37.14	CHH
10	20778820	20779263	121	509	19.21	CG
10	20778820	20779263	211	1149	15.51	CHG
10	20778820	20779263	791	4034	16.39	CHH
10	22690213	22690439	1156	1413	45.00	CHH
11	569050	569549	179	6	96.76	CG
11	569050	569549	787	124	86.39	CHG
11	569050	569549	2706	3254	45.40	CHH
11	1878755	1878890	31	118	20.81	CG
11	1878755	1878890	84	162	34.15	CHG
11	1878755	1878890	276	1029	21.15	CHH
11	1947206	1947542	93	7	93.00	CG
11	1947206	1947542	927	3701	20.03	CHH
11	2541708	2543393	852	905	48.49	CG
11	2541708	2543393	873	3815	18.62	CHG
11	2541708	2543393	4473	17063	20.77	CHH
11	7731537	7734405	2836	111	96.23	CG
11	7731537	7734405	3830	1023	78.92	CHG
11	7731537	7734405	9615	27440	25.95	CHH
11	7740288	7741705	3210	460	87.47	CG
11	7740288	7741705	2146	963	69.03	CHG
11	7740288	7741705	4066	11411	26.27	CHH
11	7741944	7742391	277	498	35.74	CG
11	7741944	7742391	472	942	33.38	CHG
11	7741944	7742391	1116	3447	24.46	CHH
11	11662804	11663369	434	8	98.19	CG
11	11662804	11663369	589	77	88.44	CHG
11	11662804	11663369	1665	5643	22.78	CHH
11	13632522	13632647	75	354	17.48	CHG
11	13632522	13632647	270	1149	19.03	CHH
11	14006096	14006227	346	1376	20.09	CHH
11	16006890	16007049	55	3	94.83	CG
11	16006890	16007049	30	5	85.71	CHG
11	16006890	16007049	798	1131	41.37	CHH
11	16330929	16332016	904	851	51.51	CG
11	16330929	16332016	1148	2117	35.16	CHG
11	16330929	16332016	3035	10590	22.28	CHH
11	16332352	16336587	7968	1015	88.70	CG
11	16332352	16336587	6641	2561	72.17	CHG
11	16332352	16336587	12925	34920	27.01	CHH
11	19478887	19479310	495	14	97.25	CG
11	19478887	19479310	581	504	53.55	CHG
11	19478887	19479310	1375	3082	30.85	CHH
11	20707212	20707528	57	279	16.96	CG
11	20707212	20707528	110	667	14.16	CHG
11	20707212	20707528	495	2146	18.74	CHH
11	21197890	21198236	94	72	56.63	CHG
11	21197890	21198236	2341	3034	43.55	CHH
11	23435202	23435727	116	143	44.79	CG
11	23435202	23435727	403	1112	26.60	CHG
11	23435202	23435727	1306	4375	22.99	CHH
11	24391044	24392970	1927	71	96.45	CG
11	24391044	24392970	4082	1243	76.66	CHG
11	24391044	24392970	4689	17088	21.53	CHH
11	24393313	24394212	898	31	96.66	CG
11	24393313	24394212	1790	291	86.02	CHG
11	24393313	24394212	3076	6633	31.68	CHH
11	24395075	24395260	42	282	12.96	CG
11	24395075	24395260	38	72	34.55	CHG
11	24395075	24395260	354	1758	16.76	CHH
11	26205598	26205997	263	82	76.23	CG
11	26205598	26205997	94	508	15.61	CHG
11	26205598	26205997	679	4238	13.81	CHH
12	1816647	1816809	80	4	95.24	CG
12	1816647	1816809	1016	1476	40.77	CHH
12	4729330	4730513	1591	126	92.66	CG
12	4729330	4730513	894	746	54.51	CHG
12	4729330	4730513	3675	12718	22.42	CHH
12	4730790	4736244	6632	317	95.44	CG
12	4730790	4736244	6830	2185	75.76	CHG
12	4730790	4736244	15901	48886	24.54	CHH
12	4736420	4737233	1204	116	91.21	CG
12	4736420	4737233	746	558	57.21	CHG
12	4736420	4737233	1866	4998	27.19	CHH
12	4900521	4901766	1456	80	94.79	CG
12	4900521	4901766	969	913	51.49	CHG
12	4900521	4901766	3024	10676	22.07	CHH
12	5021892	5024116	1853	51	97.32	CG
12	5021892	5024116	3488	1675	67.56	CHG
12	5021892	5024116	4756	20787	18.62	CHH
12	5024498	5027592	2082	61	97.15	CG
12	5024498	5027592	4144	2040	67.01	CHG
12	5024498	5027592	8088	29607	21.46	CHH
12	11362213	11362441	74	3	96.10	CG
12	11362213	11362441	60	36	62.50	CHG
12	11362213	11362441	1237	1938	38.96	CHH
12	17500982	17502112	794	534	59.79	CG
12	17500982	17502112	926	764	54.79	CHG
12	17500982	17502112	2828	11527	19.70	CHH
12	17502305	17503335	1935	58	97.09	CG
12	17502305	17503335	540	269	66.75	CHG
12	17502305	17503335	1903	8182	18.87	CHH
12	17984560	17985250	148	1221	10.81	CG
12	17984560	17985250	327	1206	21.33	CHG
12	17984560	17985250	1704	7045	19.48	CHH
12	17985763	17986319	739	213	77.63	CG
12	17985763	17986319	258	229	52.98	CHG
12	17985763	17986319	1325	4952	21.11	CHH
12	18393551	18394277	703	447	61.13	CG
12	18393551	18394277	167	676	19.81	CHG
12	18393551	18394277	1709	6527	20.75	CHH
12	19120680	19120950	97	51	65.54	CG
12	19120680	19120950	70	17	80.46	CHG
12	19120680	19120950	881	2707	24.55	CHH
12	24728431	24728725	141	544	20.58	CG
12	24728431	24728725	384	956	28.66	CHG
12	24728431	24728725	746	2446	23.37	CHH
12	24729444	24730180	2807	132	95.51	CG
12	24729444	24730180	2103	746	73.82	CHG
12	24729444	24730180	2316	3973	36.83	CHH
12	24734143	24734410	53	419	11.23	CG
12	24734143	24734410	266	1016	20.75	CHG
12	24734143	24734410	646	1937	25.01	CHH
12	25119408	25119711	515	20	96.26	CG
12	25119408	25119711	377	186	66.96	CHG
12	25119408	25119711	568	2299	19.81	CHH
1	4981767	4981906	1427	711	66.74	CHH
1	18984904	18985083	86	3	96.63	CG
1	18984904	18985083	81	54	60.00	CHG
1	18984904	18985083	649	2277	22.18	CHH
1	27335823	27335919	170	28	85.86	CG
1	27335823	27335919	25	78	24.27	CHG
1	27335823	27335919	255	772	24.83	CHH
1	39322830	39323057	516	19	96.45	CG
1	39322830	39323057	297	159	65.13	CHG
1	39322830	39323057	765	2994	20.35	CHH
2	4474885	4475212	767	22	97.21	CG
2	4474885	4475212	305	127	70.60	CHG
2	4474885	4475212	2001	2217	47.44	CHH
2	17785746	17785984	143	5	96.62	CG
2	17785746	17785984	1448	1564	48.07	CHH
2	24587774	24587906	141	5	96.58	CG
2	24587774	24587906	68	4	94.44	CHG
2	24587774	24587906	629	1124	35.88	CHH
2	32687570	32687718	339	319	51.52	CG
2	32687570	32687718	222	405	35.41	CHG
2	32687570	32687718	620	1525	28.90	CHH
3	7246619	7246872	756	27	96.55	CG
3	7246619	7246872	173	89	66.03	CHG
3	7246619	7246872	1096	2353	31.78	CHH
3	16709783	16710100	717	28	96.24	CG
3	16709783	16710100	554	136	80.29	CHG
3	16709783	16710100	846	2858	22.84	CHH
3	18637898	18638001	99	0	100.00	CG
3	18637898	18638001	372	1200	23.66	CHH
3	24572450	24572571	365	1569	18.87	CHH
3	27626160	27626452	381	29	92.93	CG
3	27626160	27626452	137	124	52.49	CHG
3	27626160	27626452	961	2266	29.78	CHH
3	33684752	33685642	1568	46	97.15	CG
3	33684752	33685642	1146	317	78.33	CHG
3	33684752	33685642	2326	7319	24.12	CHH
4	28531802	28532069	93	8	92.08	CG
4	28531802	28532069	8	37	17.78	CHG
4	28531802	28532069	1232	2799	30.56	CHH
4	33656481	33656726	1100	32	97.17	CG
4	33656481	33656726	102	87	53.97	CHG
4	33656481	33656726	554	1874	22.82	CHH
5	1135186	1135369	270	96	73.77	CG
5	1135186	1135369	82	271	23.23	CHG
5	1135186	1135369	430	2007	17.64	CHH
6	5377103	5377226	24	51	32.00	CHG
6	5377103	5377226	717	849	45.79	CHH
6	7540043	7540265	263	5	98.13	CG
6	7540043	7540265	106	25	80.92	CHG
6	7540043	7540265	1067	2654	28.68	CHH
6	11997277	11997419	200	8	96.15	CG
6	11997277	11997419	89	15	85.58	CHG
6	11997277	11997419	257	1504	14.59	CHH
6	13951510	13951630	129	8	94.16	CG
6	13951510	13951630	229	60	79.24	CHG
6	13951510	13951630	312	868	26.44	CHH
6	18069889	18070192	471	33	93.45	CG
6	18069889	18070192	357	184	65.99	CHG
6	18069889	18070192	1356	2623	34.08	CHH
7	8049142	8049326	697	17	97.62	CG
7	8049142	8049326	172	135	56.03	CHG
7	8049142	8049326	810	1851	30.44	CHH
7	13286370	13286485	536	1314	28.97	CHH
7	26251607	26251758	1072	1379	43.74	CHH
7	27119822	27120089	79	4	95.18	CG
7	27119822	27120089	12	72	14.29	CHG
7	27119822	27120089	939	2631	26.30	CHH
7	28376367	28376563	77	3	96.25	CG
7	28376367	28376563	61	11	84.72	CHG
7	28376367	28376563	1129	1536	42.36	CHH
8	9447539	9448026	538	1728	23.74	CG
8	9447539	9448026	480	1207	28.45	CHG
8	9447539	9448026	1249	4606	21.33	CHH
9	16928122	16928188	302	936	24.39	CHH
10	15986243	15986518	40	39	50.63	CG
10	15986243	15986518	82	337	19.57	CHG
10	15986243	15986518	622	2579	19.43	CHH
12	26052913	26053003	97	229	29.75	CHG
12	26052913	26053003	184	794	18.81	CHH
1	751422	751630	435	17	96.24	CG
1	751422	751630	63	55	53.39	CHG
1	751422	751630	839	2115	28.40	CHH
1	831964	832562	1339	33	97.59	CG
1	831964	832562	1193	105	91.91	CHG
1	831964	832562	1644	3074	34.85	CHH
1	1789091	1789350	136	9	93.79	CG
1	1789091	1789350	111	65	63.07	CHG
1	1789091	1789350	1409	1951	41.93	CHH
1	2238174	2238281	70	2	97.22	CG
1	2238174	2238281	70	8	89.74	CHG
1	2238174	2238281	411	1277	24.35	CHH
1	2556013	2556619	1292	24	98.18	CG
1	2556013	2556619	1589	165	90.59	CHG
1	2556013	2556619	1686	4537	27.09	CHH
1	2558467	2559407	2895	68	97.71	CG
1	2558467	2559407	1720	449	79.30	CHG
1	2558467	2559407	2743	8847	23.67	CHH
1	7687746	7687909	60	11	84.51	CG
1	7687746	7687909	11	31	26.19	CHG
1	7687746	7687909	517	1701	23.31	CHH
1	8431744	8431928	86	3	96.63	CG
1	8431744	8431928	808	1504	34.95	CHH
1	9585903	9586147	128	71	64.32	CHG
1	9585903	9586147	1276	1175	52.06	CHH
1	11189069	11189507	1119	265	80.85	CG
1	11189069	11189507	459	192	70.51	CHG
1	11189069	11189507	1301	3255	28.56	CHH
1	11189901	11190194	555	20	96.52	CG
1	11189901	11190194	398	107	78.81	CHG
1	11189901	11190194	1012	2049	33.06	CHH
1	11190397	11190945	411	166	71.23	CG
1	11190397	11190945	905	694	56.60	CHG
1	11190397	11190945	1626	3928	29.28	CHH
1	11191256	11191497	803	29	96.51	CG
1	11191256	11191497	251	250	50.10	CHG
1	11191256	11191497	438	1421	23.56	CHH
1	11197847	11198179	705	18	97.51	CG
1	11197847	11198179	1033	69	93.74	CHG
1	11197847	11198179	1339	2512	34.77	CHH
1	11198539	11198848	372	10	97.38	CG
1	11198539	11198848	281	60	82.40	CHG
1	11198539	11198848	815	2106	27.90	CHH
1	11474845	11475049	363	7	98.11	CG
1	11474845	11475049	247	53	82.33	CHG
1	11474845	11475049	443	2099	17.43	CHH
1	11796108	11796316	193	36	84.28	CG
1	11796108	11796316	198	332	37.36	CHG
1	11796108	11796316	355	1743	16.92	CHH
1	11928347	11928520	448	1743	20.45	CHH
1	11940126	11940209	219	1143	16.08	CHH
1	12597813	12598048	1399	1683	45.39	CHH
1	14322168	14322402	317	4	98.75	CG
1	14322168	14322402	125	42	74.85	CHG
1	14322168	14322402	1116	1602	41.06	CHH
1	14347206	14347429	62	32	65.96	CG
1	14347206	14347429	214	438	32.82	CHG
1	14347206	14347429	498	2404	17.16	CHH
1	14960096	14960238	430	7	98.40	CG
1	14960096	14960238	188	118	61.44	CHG
1	14960096	14960238	440	1332	24.83	CHH
1	17043053	17043218	696	18	97.48	CG
1	17043053	17043218	208	48	81.25	CHG
1	17043053	17043218	692	1161	37.34	CHH
1	18600195	18600325	199	2	99.00	CG
1	18600195	18600325	50	15	76.92	CHG
1	18600195	18600325	404	1157	25.88	CHH
1	18600619	18600880	113	1	99.12	CG
1	18600619	18600880	59	0	100.00	CHG
1	18600619	18600880	537	1883	22.19	CHH
1	20810211	20810573	74	641	10.35	CG
1	20810211	20810573	62	428	12.65	CHG
1	20810211	20810573	814	2698	23.18	CHH
1	26098395	26098876	228	8	96.61	CG
1	26098395	26098876	214	63	77.26	CHG
1	26098395	26098876	2242	3591	38.44	CHH
1	27892634	27893201	328	9	97.33	CG
1	27892634	27893201	507	142	78.12	CHG
1	27892634	27893201	2307	5490	29.59	CHH
1	28104533	28104643	102	2	98.08	CG
1	28104533	28104643	701	882	44.28	CHH
1	28203814	28205463	1469	79	94.90	CG
1	28203814	28205463	2227	658	77.19	CHG
1	28203814	28205463	4290	15796	21.36	CHH
1	28494153	28494502	81	0	100.00	CG
1	28494153	28494502	167	4	97.66	CHG
1	28494153	28494502	2406	2519	48.85	CHH
1	29054104	29054337	109	430	20.22	CG
1	29054104	29054337	213	577	26.96	CHG
1	29054104	29054337	534	1207	30.67	CHH
1	29054576	29055401	1952	82	95.97	CG
1	29054576	29055401	1301	394	76.76	CHG
1	29054576	29055401	1840	5999	23.47	CHH
1	30809331	30809656	557	14	97.55	CG
1	30809331	30809656	447	153	74.50	CHG
1	30809331	30809656	1000	2882	25.76	CHH
1	30810941	30811279	402	151	72.69	CG
1	30810941	30811279	218	401	35.22	CHG
1	30810941	30811279	1025	3253	23.96	CHH
1	31405810	31406074	161	12	93.06	CG
1	31405810	31406074	210	101	67.52	CHG
1	31405810	31406074	1834	2025	47.53	CHH
1	31867822	31868209	128	5	96.24	CG
1	31867822	31868209	1491	2816	34.62	CHH
1	32128407	32128528	100	0	100.00	CG
1	32128407	32128528	890	1133	43.99	CHH
1	32850978	32851159	140	5	96.55	CG
1	32850978	32851159	109	62	63.74	CHG
1	32850978	32851159	950	1097	46.41	CHH
1	37328188	37328369	143	5	96.62	CG
1	37328188	37328369	62	11	84.93	CHG
1	37328188	37328369	1115	850	56.74	CHH
1	40300213	40300335	462	1238	27.18	CHH
1	40701980	40702243	80	2	97.56	CG
1	40701980	40702243	2274	1183	65.78	CHH
1	42087976	42088125	459	1544	22.92	CHH
2	109398	109590	683	9	98.70	CG
2	109398	109590	601	158	79.18	CHG
2	109398	109590	676	1554	30.31	CHH
2	2375551	2375771	1585	1926	45.14	CHH
2	6545608	6545822	76	6	92.68	CG
2	6545608	6545822	1373	1869	42.35	CHH
2	6761735	6762038	119	13	90.15	CG
2	6761735	6762038	154	53	74.40	CHG
2	6761735	6762038	614	2288	21.16	CHH
2	7945618	7946024	151	3	98.05	CG
2	7945618	7946024	20	13	60.61	CHG
2	7945618	7946024	1171	3218	26.68	CHH
2	8190084	8190413	71	3	95.95	CHG
2	8190084	8190413	1221	3169	27.81	CHH
2	10791440	10791566	498	1184	29.61	CHH
2	11873649	11873886	92	3	96.84	CG
2	11873649	11873886	1159	2100	35.56	CHH
2	12097817	12097953	165	4	97.63	CG
2	12097817	12097953	274	1440	15.99	CHH
2	12299222	12299385	42	56	42.86	CHG
2	12299222	12299385	545	1426	27.65	CHH
2	13948832	13949084	163	10	94.22	CHG
2	13948832	13949084	1656	1821	47.63	CHH
2	19211404	19211621	145	9	94.16	CG
2	19211404	19211621	16	17	48.48	CHG
2	19211404	19211621	1418	828	63.13	CHH
2	19443247	19443361	129	5	96.27	CG
2	19443247	19443361	25	12	67.57	CHG
2	19443247	19443361	193	801	19.42	CHH
2	22202087	22202425	920	52	94.65	CG
2	22202087	22202425	109	179	37.85	CHG
2	22202087	22202425	1372	2677	33.88	CHH
2	22399133	22399342	151	7	95.57	CG
2	22399133	22399342	1071	1554	40.80	CHH
2	23077446	23077593	785	961	44.96	CHH
2	23988341	23988565	62	29	68.13	CHG
2	23988341	23988565	1443	1822	44.20	CHH
2	24094388	24094772	96	2	97.96	CG
2	24094388	24094772	296	98	75.13	CHG
2	24094388	24094772	1947	2781	41.18	CHH
2	24968367	24968732	331	21	94.03	CG
2	24968367	24968732	399	110	78.39	CHG
2	24968367	24968732	956	3414	21.88	CHH
2	25971572	25971883	484	700	40.88	CHH
2	27849839	27850325	1394	36	97.48	CG
2	27849839	27850325	465	218	68.08	CHG
2	27849839	27850325	2168	3869	35.91	CHH
2	27969163	27969436	151	8	94.97	CG
2	27969163	27969436	129	75	63.24	CHG
2	27969163	27969436	1765	1785	49.72	CHH
2	30949004	30949191	169	10	94.41	CG
2	30949004	30949191	49	31	61.25	CHG
2	30949004	30949191	892	1592	35.91	CHH
2	32980551	32980821	1580	1858	45.96	CHH
2	33970498	33970631	24	218	9.92	CG
2	33970498	33970631	72	382	15.86	CHG
2	33970498	33970631	381	1558	19.65	CHH
2	34234930	34235049	233	858	21.36	CHH
2	34952077	34952811	1295	316	80.38	CG
2	34952077	34952811	672	445	60.16	CHG
2	34952077	34952811	1711	6782	20.15	CHH
3	811663	812098	1266	45	96.57	CG
3	811663	812098	285	149	65.67	CHG
3	811663	812098	883	3611	19.65	CHH
3	881089	881240	1239	34	97.33	CG
3	881089	881240	125	394	24.08	CHG
3	881089	881240	538	1422	27.45	CHH
3	2169030	2169371	1234	61	95.29	CG
3	2169030	2169371	330	173	65.61	CHG
3	2169030	2169371	1278	3430	27.15	CHH
3	3832576	3832832	73	5	93.59	CG
3	3832576	3832832	108	45	70.59	CHG
3	3832576	3832832	1581	1444	52.26	CHH
3	6570907	6571273	1169	25	97.91	CG
3	6570907	6571273	253	137	64.87	CHG
3	6570907	6571273	1580	3078	33.92	CHH
3	8629457	8629689	79	1	98.75	CG
3	8629457	8629689	84	4	95.45	CHG
3	8629457	8629689	1207	1604	42.94	CHH
3	8942617	8943063	432	15	96.64	CG
3	8942617	8943063	446	63	87.62	CHG
3	8942617	8943063	1640	4044	28.85	CHH
3	11067334	11067625	81	4	95.29	CG
3	11067334	11067625	86	3	96.63	CHG
3	11067334	11067625	1361	2247	37.72	CHH
3	11642409	11642580	115	53	68.45	CHG
3	11642409	11642580	1316	758	63.45	CHH
3	11857284	11857411	61	27	69.32	CHG
3	11857284	11857411	276	1015	21.38	CHH
3	12675151	12675358	74	3	96.10	CG
3	12675151	12675358	13	22	37.14	CHG
3	12675151	12675358	1224	1888	39.33	CHH
3	13124743	13124928	193	2	98.97	CG
3	13124743	13124928	67	26	72.04	CHG
3	13124743	13124928	1737	998	63.51	CHH
3	13748697	13748918	76	4	95.00	CHG
3	13748697	13748918	1284	1824	41.31	CHH
3	14057905	14058092	357	21	94.44	CG
3	14057905	14058092	69	38	64.49	CHG
3	14057905	14058092	385	1919	16.71	CHH
3	14749193	14749460	173	1	99.43	CG
3	14749193	14749460	1694	1867	47.57	CHH
3	15134383	15134587	390	2412	13.92	CHH
3	15612855	15613292	546	14	97.50	CG
3	15612855	15613292	975	279	77.75	CHG
3	15612855	15613292	1772	3123	36.20	CHH
3	16165130	16165592	316	46	87.29	CG
3	16165130	16165592	375	216	63.45	CHG
3	16165130	16165592	926	4249	17.89	CHH
3	20791693	20792712	2069	139	93.70	CG
3	20791693	20792712	1746	594	74.62	CHG
3	20791693	20792712	1978	7397	21.10	CHH
3	24411908	24412466	460	700	39.66	CG
3	24411908	24412466	321	703	31.35	CHG
3	24411908	24412466	1562	6751	18.79	CHH
3	24572869	24573120	557	21	96.37	CG
3	24572869	24573120	468	238	66.29	CHG
3	24572869	24573120	731	3216	18.52	CHH
3	24603172	24603395	163	8	95.32	CG
3	24603172	24603395	152	40	79.17	CHG
3	24603172	24603395	986	3041	24.48	CHH
3	24605202	24605537	495	29	94.47	CG
3	24605202	24605537	188	100	65.28	CHG
3	24605202	24605537	705	3056	18.75	CHH
3	24924369	24924505	140	7	95.24	CG
3	24924369	24924505	16	31	34.04	CHG
3	24924369	24924505	888	894	49.83	CHH
3	25320199	25320294	218	936	18.89	CHH
3	26123077	26123398	405	40	91.01	CG
3	26123077	26123398	567	408	58.15	CHG
3	26123077	26123398	903	2965	23.35	CHH
3	26123604	26124463	1969	66	96.76	CG
3	26123604	26124463	1141	577	66.41	CHG
3	26123604	26124463	2587	7692	25.17	CHH
3	26819731	26819992	71	8	89.87	CHG
3	26819731	26819992	962	2140	31.01	CHH
3	28511217	28511562	1052	17	98.41	CG
3	28511217	28511562	499	104	82.75	CHG
3	28511217	28511562	1059	3566	22.90	CHH
3	29675163	29675476	64	3	95.52	CG
3	29675163	29675476	1228	2230	35.51	CHH
3	29753155	29753862	879	27	97.02	CG
3	29753155	29753862	921	77	92.28	CHG
3	29753155	29753862	2273	5397	29.63	CHH
3	30420791	30420983	1574	1396	53.00	CHH
3	31423977	31424278	1169	2242	34.27	CHH
3	31722863	31723138	2020	2868	41.33	CHH
3	32006376	32006716	82	6	93.18	CHG
3	32006376	32006716	1831	2358	43.71	CHH
3	32173553	32173723	178	56	76.07	CHG
3	32173553	32173723	291	1665	14.88	CHH
4	468669	468758	440	1341	24.71	CHH
4	7955024	7955201	202	3	98.54	CG
4	7955024	7955201	88	0	100.00	CHG
4	7955024	7955201	1024	1269	44.66	CHH
4	15396846	15397090	699	10	98.59	CG
4	15396846	15397090	576	117	83.12	CHG
4	15396846	15397090	725	1827	28.41	CHH
4	19682492	19683811	1895	67	96.59	CG
4	19682492	19683811	832	430	65.93	CHG
4	19682492	19683811	3363	9426	26.30	CHH
4	20001003	20001260	142	10	93.42	CHG
4	20001003	20001260	1802	1847	49.38	CHH
4	20354697	20354786	253	2	99.22	CG
4	20354697	20354786	163	26	86.24	CHG
4	20354697	20354786	133	543	19.67	CHH
4	20595423	20595521	71	16	81.61	CG
4	20595423	20595521	27	13	67.50	CHG
4	20595423	20595521	336	1343	20.01	CHH
4	21744228	21744373	144	53	73.10	CG
4	21744228	21744373	14	36	28.00	CHG
4	21744228	21744373	588	1303	31.09	CHH
4	21934032	21934221	1131	1520	42.66	CHH
4	22575513	22575843	1421	3235	30.52	CHH
4	25472006	25472224	35	51	40.70	CHG
4	25472006	25472224	726	1914	27.50	CHH
4	25475165	25475574	225	4	98.25	CG
4	25475165	25475574	497	246	66.89	CHG
4	25475165	25475574	2088	2302	47.56	CHH
4	28847972	28848187	68	0	100.00	CG
4	28847972	28848187	19	13	59.38	CHG
4	28847972	28848187	838	2006	29.47	CHH
4	33881401	33881625	697	22	96.94	CG
4	33881401	33881625	682	165	80.52	CHG
4	33881401	33881625	907	1683	35.02	CHH
5	490310	490462	471	14	97.11	CG
5	490310	490462	435	75	85.29	CHG
5	490310	490462	507	1057	32.42	CHH
5	1679699	1679790	517	998	34.13	CHH
5	1682378	1682979	1687	33	98.08	CG
5	1682378	1682979	1287	213	85.80	CHG
5	1682378	1682979	1884	4584	29.13	CHH
5	1683133	1683258	47	30	61.04	CHG
5	1683133	1683258	383	1377	21.76	CHH
5	4894101	4894252	832	1218	40.59	CHH
5	5433067	5433323	146	4	97.33	CG
5	5433067	5433323	184	45	80.35	CHG
5	5433067	5433323	1188	1854	39.05	CHH
5	5754539	5754748	117	21	84.78	CG
5	5754539	5754748	69	37	65.09	CHG
5	5754539	5754748	1036	1310	44.16	CHH
5	6820542	6820679	92	2	97.87	CG
5	6820542	6820679	4	39	9.30	CHG
5	6820542	6820679	445	1391	24.24	CHH
5	7418842	7418942	844	1031	45.01	CHH
5	10755227	10755310	208	5	97.65	CG
5	10755227	10755310	318	637	33.30	CHH
5	10919623	10920166	918	233	79.76	CG
5	10919623	10920166	181	179	50.28	CHG
5	10919623	10920166	1255	4862	20.52	CHH
5	16055566	16055752	639	22	96.67	CG
5	16055566	16055752	207	134	60.70	CHG
5	16055566	16055752	429	1458	22.73	CHH
5	16055933	16056970	1024	415	71.16	CG
5	16055933	16056970	860	972	46.94	CHG
5	16055933	16056970	3062	10169	23.14	CHH
5	16057231	16057477	290	123	70.22	CG
5	16057231	16057477	210	401	34.37	CHG
5	16057231	16057477	609	2536	19.36	CHH
5	16273063	16273157	565	928	37.84	CHH
5	16311105	16311318	154	6	96.25	CG
5	16311105	16311318	169	43	79.72	CHG
5	16311105	16311318	1326	1746	43.16	CHH
5	16856035	16856371	445	14	96.95	CG
5	16856035	16856371	573	72	88.84	CHG
5	16856035	16856371	1210	3164	27.66	CHH
5	17137118	17137270	47	4	92.16	CG
5	17137118	17137270	668	756	46.91	CHH
5	17258135	17258245	52	2	96.30	CG
5	17258135	17258245	505	323	60.99	CHH
5	19716275	19716490	70	3	95.89	CG
5	19716275	19716490	14	16	46.67	CHG
5	19716275	19716490	734	1778	29.22	CHH
5	21875509	21875764	316	5	98.44	CG
5	21875509	21875764	312	51	85.95	CHG
5	21875509	21875764	730	1976	26.98	CHH
5	22000757	22000964	63	20	75.90	CHG
5	22000757	22000964	1283	1096	53.93	CHH
5	22219878	22220102	1259	1383	47.65	CHH
5	23987118	23987584	705	41	94.50	CG
5	23987118	23987584	1015	237	81.07	CHG
5	23987118	23987584	944	4050	18.90	CHH
5	24142822	24143088	273	6	97.85	CG
5	24142822	24143088	24	76	24.00	CHG
5	24142822	24143088	764	1883	28.86	CHH
5	24848633	24848969	181	25	87.86	CHG
5	24848633	24848969	1912	2303	45.36	CHH
5	25916465	25916630	87	8	91.58	CHG
5	25916465	25916630	1008	1700	37.22	CHH
6	302524	302830	84	3	96.55	CG
6	302524	302830	1756	2213	44.24	CHH
6	2377299	2377436	133	12	91.72	CG
6	2377299	2377436	42	65	39.25	CHG
6	2377299	2377436	410	1013	28.81	CHH
6	2717082	2717211	948	1322	41.76	CHH
6	2924454	2924561	169	4	97.69	CG
6	2924454	2924561	266	770	25.68	CHH
6	3943947	3944133	980	2015	32.72	CHH
6	5151759	5151869	949	713	57.10	CHH
6	7060562	7060710	979	911	51.80	CHH
6	8356414	8356617	1148	1258	47.71	CHH
6	8927960	8928209	67	0	100.00	CG
6	8927960	8928209	401	143	73.71	CHG
6	8927960	8928209	844	1365	38.21	CHH
6	11300952	11301165	11	63	14.86	CG
6	11300952	11301165	83	144	36.56	CHG
6	11300952	11301165	473	2253	17.35	CHH
6	19710274	19711097	938	120	88.66	CG
6	19710274	19711097	1133	861	56.82	CHG
6	19710274	19711097	2051	6694	23.45	CHH
6	19711261	19711591	73	971	6.99	CG
6	19711261	19711591	117	336	25.83	CHG
6	19711261	19711591	713	3304	17.75	CHH
6	23395298	23395797	346	10	97.19	CG
6	23395298	23395797	151	31	82.97	CHG
6	23395298	23395797	2413	4007	37.59	CHH
6	24030066	24030155	127	19	86.99	CHG
6	24030066	24030155	279	453	38.11	CHH
6	26270983	26271153	94	1	98.95	CG
6	26270983	26271153	68	26	72.34	CHG
6	26270983	26271153	1492	1083	57.94	CHH
6	26899910	26900127	76	1	98.70	CG
6	26899910	26900127	999	1525	39.58	CHH
6	27022910	27023085	387	15	96.27	CG
6	27022910	27023085	661	1989	24.94	CHH
6	27804504	27805624	1469	80	94.84	CG
6	27804504	27805624	1424	854	62.51	CHG
6	27804504	27805624	2779	9859	21.99	CHH
6	28518067	28518486	280	222	55.78	CG
6	28518067	28518486	592	681	46.50	CHG
6	28518067	28518486	1489	4953	23.11	CHH
6	29399343	29399607	150	9	94.34	CG
6	29399343	29399607	42	70	37.50	CHG
6	29399343	29399607	1225	2508	32.82	CHH
6	30403805	30404034	687	1828	27.32	CHH
6	30913757	30913901	84	3	96.55	CG
6	30913757	30913901	34	12	73.91	CHG
6	30913757	30913901	998	893	52.78	CHH
7	553125	553382	36	37	49.32	CHG
7	553125	553382	777	2176	26.31	CHH
7	1581483	1581569	40	32	55.56	CHG
7	1581483	1581569	371	906	29.05	CHH
7	2236802	2236948	175	3	98.31	CG
7	2236802	2236948	27	10	72.97	CHG
7	2236802	2236948	526	1471	26.34	CHH
7	2529367	2529520	836	954	46.70	CHH
7	4348410	4348541	11	190	5.47	CG
7	4348410	4348541	10	150	6.25	CHG
7	4348410	4348541	145	950	13.24	CHH
7	4352181	4353051	2946	88	97.10	CG
7	4352181	4353051	1267	481	72.48	CHG
7	4352181	4353051	2185	7131	23.45	CHH
7	4372878	4373534	801	27	96.74	CG
7	4372878	4373534	326	97	77.07	CHG
7	4372878	4373534	2134	7493	22.17	CHH
7	5121301	5121458	138	6	95.83	CG
7	5121301	5121458	58	10	85.29	CHG
7	5121301	5121458	803	860	48.29	CHH
7	7806227	7806511	58	20	74.36	CHG
7	7806227	7806511	2207	1655	57.15	CHH
7	8334119	8334358	53	37	58.89	CHG
7	8334119	8334358	1592	1951	44.93	CHH
7	15431878	15432092	228	7	97.02	CG
7	15431878	15432092	86	38	69.35	CHG
7	15431878	15432092	1293	1239	51.07	CHH
7	15714618	15714815	322	3	99.08	CG
7	15714618	15714815	192	155	55.33	CHG
7	15714618	15714815	761	1507	33.55	CHH
7	17790357	17790553	95	2	97.94	CG
7	17790357	17790553	231	51	81.91	CHG
7	17790357	17790553	1579	1863	45.87	CHH
7	20129015	20129222	1265	1399	47.48	CHH
7	20150949	20151108	95	2	97.94	CG
7	20150949	20151108	185	53	77.73	CHG
7	20150949	20151108	524	2016	20.63	CHH
7	20424851	20425235	106	5	95.50	CG
7	20424851	20425235	1561	4041	27.87	CHH
7	21311702	21311873	149	3	98.03	CG
7	21311702	21311873	199	36	84.68	CHG
7	21311702	21311873	972	1112	46.64	CHH
7	22392996	22393180	293	13	95.75	CG
7	22392996	22393180	263	37	87.67	CHG
7	22392996	22393180	367	1679	17.94	CHH
7	22532503	22532689	1111	1814	37.98	CHH
7	22933956	22934220	837	26	96.99	CG
7	22933956	22934220	309	132	70.07	CHG
7	22933956	22934220	895	2189	29.02	CHH
7	24616760	24617444	1222	156	88.68	CG
7	24616760	24617444	910	324	73.74	CHG
7	24616760	24617444	1430	4748	23.15	CHH
7	26258085	26258557	1534	50	96.84	CG
7	26258085	26258557	463	175	72.57	CHG
7	26258085	26258557	2220	3845	36.60	CHH
7	29243799	29244004	1147	1583	42.01	CHH
7	29311074	29311344	1333	1962	40.46	CHH
7	29467990	29468204	1483	1423	51.03	CHH
8	1623373	1623626	81	1	98.78	CG
8	1623373	1623626	10	34	22.73	CHG
8	1623373	1623626	1251	2040	38.01	CHH
8	2431336	2431426	178	126	58.55	CG
8	2431336	2431426	12	25	32.43	CHG
8	2431336	2431426	499	1025	32.74	CHH
8	3751907	3752073	514	11	97.90	CG
8	3751907	3752073	327	75	81.34	CHG
8	3751907	3752073	504	1624	23.68	CHH
8	3958363	3958508	590	1384	29.89	CHH
8	5131858	5132029	126	13	90.65	CHG
8	5131858	5132029	981	1138	46.30	CHH
8	5836841	5837082	240	9	96.39	CG
8	5836841	5837082	1102	1671	39.74	CHH
8	6753823	6754136	68	4	94.44	CG
8	6753823	6754136	214	29	88.07	CHG
8	6753823	6754136	1460	2594	36.01	CHH
8	7603360	7603612	167	5	97.09	CG
8	7603360	7603612	857	2086	29.12	CHH
8	7991786	7992320	196	698	21.92	CG
8	7991786	7992320	67	426	13.59	CHG
8	7991786	7992320	1119	4569	19.67	CHH
8	8071926	8072156	442	11	97.57	CG
8	8071926	8072156	72	63	53.33	CHG
8	8071926	8072156	890	2010	30.69	CHH
8	10060129	10060270	1021	1051	49.28	CHH
8	10886885	10887057	157	4	97.52	CG
8	10886885	10887057	17	24	41.46	CHG
8	10886885	10887057	306	1544	16.54	CHH
8	12350212	12350309	82	5	94.25	CG
8	12350212	12350309	29	14	67.44	CHG
8	12350212	12350309	248	1055	19.03	CHH
8	16977330	16977737	71	3	95.95	CG
8	16977330	16977737	661	160	80.51	CHG
8	16977330	16977737	1184	3893	23.32	CHH
8	18141156	18141305	599	1783	25.15	CHH
8	19423131	19423387	69	3	95.83	CG
8	19423131	19423387	10	21	32.26	CHG
8	19423131	19423387	894	1707	34.37	CHH
8	20377385	20377714	1094	48	95.80	CG
8	20377385	20377714	238	168	58.62	CHG
8	20377385	20377714	1340	3278	29.02	CHH
8	20558563	20558824	69	20	77.53	CG
8	20558563	20558824	92	53	63.45	CHG
8	20558563	20558824	1295	2211	36.94	CHH
8	21654366	21654527	181	30	85.78	CG
8	21654366	21654527	114	98	53.77	CHG
8	21654366	21654527	448	728	38.10	CHH
8	21694431	21694647	662	35	94.98	CG
8	21694431	21694647	280	52	84.34	CHG
8	21694431	21694647	526	2115	19.92	CHH
8	21694977	21695213	114	265	30.08	CG
8	21694977	21695213	175	709	19.80	CHG
8	21694977	21695213	525	2377	18.09	CHH
8	22776595	22776863	82	0	100.00	CG
8	22776595	22776863	360	201	64.17	CHG
8	22776595	22776863	1352	2021	40.08	CHH
8	22948102	22948411	85	8	91.40	CG
8	22948102	22948411	1475	3100	32.24	CHH
8	23349964	23350100	196	5	97.51	CG
8	23349964	23350100	631	2005	23.94	CHH
8	24309357	24309533	35	227	13.36	CG
8	24309357	24309533	128	560	18.60	CHG
8	24309357	24309533	626	1875	25.03	CHH
8	24422312	24422568	67	4	94.37	CG
8	24422312	24422568	124	61	67.03	CHG
8	24422312	24422568	1149	2118	35.17	CHH
8	24736834	24737078	953	34	96.56	CG
8	24736834	24737078	229	123	65.06	CHG
8	24736834	24737078	625	2422	20.51	CHH
8	24750449	24750953	598	26	95.83	CG
8	24750449	24750953	709	228	75.67	CHG
8	24750449	24750953	1523	5217	22.60	CHH
8	24784953	24785097	189	4	97.93	CG
8	24784953	24785097	99	43	69.72	CHG
8	24784953	24785097	439	1751	20.05	CHH
8	24834030	24834325	156	7	95.71	CG
8	24834030	24834325	69	4	94.52	CHG
8	24834030	24834325	1896	1956	49.22	CHH
8	26827794	26828034	250	338	42.52	CG
8	26827794	26828034	133	309	30.09	CHG
8	26827794	26828034	486	1692	22.31	CHH
8	27623734	27623958	715	35	95.33	CG
8	27623734	27623958	411	181	69.43	CHG
8	27623734	27623958	738	1846	28.56	CHH
8	28152674	28152872	1073	890	54.66	CHH
9	1254705	1254916	273	4	98.56	CG
9	1254705	1254916	7	41	14.58	CHG
9	1254705	1254916	405	1250	24.47	CHH
9	1884036	1884200	1086	1813	37.46	CHH
9	3634113	3634220	79	6	92.94	CHG
9	3634113	3634220	685	1136	37.62	CHH
9	4570159	4570785	1402	33	97.70	CG
9	4570159	4570785	1300	240	84.42	CHG
9	4570159	4570785	2135	5947	26.42	CHH
9	7158967	7159348	85	161	34.55	CG
9	7158967	7159348	132	318	29.33	CHG
9	7158967	7159348	1069	3201	25.04	CHH
9	10378957	10379055	270	14	95.07	CG
9	10378957	10379055	138	105	56.79	CHG
9	10378957	10379055	130	647	16.73	CHH
9	10754150	10754480	73	6	92.41	CG
9	10754150	10754480	105	50	67.74	CHG
9	10754150	10754480	1505	2952	33.77	CHH
9	11037393	11037551	884	1936	31.35	CHH
9	12623164	12623411	168	1309	11.37	CG
9	12623164	12623411	151	648	18.90	CHG
9	12623164	12623411	462	2129	17.83	CHH
9	14633566	14633811	451	14	96.99	CG
9	14633566	14633811	303	79	79.32	CHG
9	14633566	14633811	1644	1329	55.30	CHH
9	16663866	16664244	559	148	79.07	CG
9	16663866	16664244	334	690	32.62	CHG
9	16663866	16664244	961	3925	19.67	CHH
9	17420619	17420974	109	4	96.46	CG
9	17420619	17420974	239	61	79.67	CHG
9	17420619	17420974	621	2406	20.52	CHH
10	368179	368447	143	23	86.14	CHG
10	368179	368447	1491	3061	32.75	CHH
10	404795	404929	411	11	97.39	CG
10	404795	404929	51	19	72.86	CHG
10	404795	404929	393	942	29.44	CHH
10	2576261	2576420	937	1499	38.46	CHH
10	3444619	3445144	217	492	30.61	CG
10	3444619	3445144	295	647	31.32	CHG
10	3444619	3445144	1266	4045	23.84	CHH
10	5928588	5929269	1373	46	96.76	CG
10	5928588	5929269	1416	422	77.04	CHG
10	5928588	5929269	1864	5846	24.18	CHH
10	5932050	5932316	224	236	48.70	CG
10	5932050	5932316	165	591	21.83	CHG
10	5932050	5932316	748	2135	25.95	CHH
10	5932722	5933353	194	1331	12.72	CG
10	5932722	5933353	261	997	20.75	CHG
10	5932722	5933353	1278	6391	16.66	CHH
10	7535391	7535626	518	1463	26.15	CHH
10	8506073	8506152	112	44	71.79	CG
10	8506073	8506152	353	558	38.75	CHH
10	9497876	9498140	287	4	98.63	CG
10	9497876	9498140	46	42	52.27	CHG
10	9497876	9498140	1405	1581	47.05	CHH
10	11922949	11923127	80	0	100.00	CG
10	11922949	11923127	175	19	90.21	CHG
10	11922949	11923127	1196	1633	42.28	CHH
10	12206026	12206233	70	5	93.33	CG
10	12206026	12206233	22	46	32.35	CHG
10	12206026	12206233	1324	1751	43.06	CHH
10	16003795	16003950	36	47	43.37	CG
10	16003795	16003950	114	448	20.28	CHG
10	16003795	16003950	331	1606	17.09	CHH
10	16208913	16209034	64	1	98.46	CG
10	16208913	16209034	64	25	71.91	CHG
10	16208913	16209034	785	572	57.85	CHH
10	17033161	17033405	915	29	96.93	CG
10	17033161	17033405	280	63	81.63	CHG
10	17033161	17033405	870	1462	37.31	CHH
10	18046108	18046282	1295	1024	55.84	CHH
10	18632472	18632641	574	1409	28.95	CHH
10	19698082	19698409	177	3	98.33	CG
10	19698082	19698409	266	12	95.68	CHG
10	19698082	19698409	2117	3122	40.41	CHH
10	21827999	21828272	98	37	72.59	CHG
10	21827999	21828272	1601	2087	43.41	CHH
10	22689536	22689741	1118	1304	46.16	CHH
11	1200546	1200636	59	4	93.65	CG
11	1200546	1200636	55	5	91.67	CHG
11	1200546	1200636	296	849	25.85	CHH
11	1713742	1714360	1027	20	98.09	CG
11	1713742	1714360	825	121	87.21	CHG
11	1713742	1714360	2300	5138	30.92	CHH
11	1932470	1932979	78	2	97.50	CG
11	1932470	1932979	214	57	78.97	CHG
11	1932470	1932979	2447	3847	38.88	CHH
11	2378673	2378944	289	26	91.75	CG
11	2378673	2378944	7	71	8.97	CHG
11	2378673	2378944	1344	1606	45.56	CHH
11	3230260	3231106	1986	245	89.02	CG
11	3230260	3231106	926	765	54.76	CHG
11	3230260	3231106	2217	6866	24.41	CHH
11	3232048	3232407	104	535	16.28	CG
11	3232048	3232407	275	594	31.65	CHG
11	3232048	3232407	667	1745	27.65	CHH
11	7333753	7333946	125	1	99.21	CG
11	7333753	7333946	315	107	74.64	CHG
11	7333753	7333946	386	1376	21.91	CHH
11	7589703	7589963	93	2	97.89	CG
11	7589703	7589963	84	6	93.33	CHG
11	7589703	7589963	1326	2034	39.46	CHH
11	7735116	7735554	579	22	96.34	CG
11	7735116	7735554	138	178	43.67	CHG
11	7735116	7735554	1140	4023	22.08	CHH
11	7735709	7735929	335	19	94.63	CG
11	7735709	7735929	128	271	32.08	CHG
11	7735709	7735929	393	2136	15.54	CHH
11	9151816	9151968	46	37	55.42	CHG
11	9151816	9151968	896	1379	39.38	CHH
11	11787143	11787246	945	1184	44.39	CHH
11	16339318	16339504	438	16	96.48	CG
11	16339318	16339504	39	50	43.82	CHG
11	16339318	16339504	756	1535	33.00	CHH
11	16884445	16884740	159	5	96.95	CG
11	16884445	16884740	1620	1983	44.96	CHH
11	18415594	18415828	79	6	92.94	CG
11	18415594	18415828	948	2409	28.24	CHH
11	19255500	19255806	179	696	20.46	CG
11	19255500	19255806	118	471	20.03	CHG
11	19255500	19255806	820	2900	22.04	CHH
11	19817539	19817761	68	22	75.56	CHG
11	19817539	19817761	932	1093	46.02	CHH
11	21255747	21256111	522	17	96.85	CG
11	21255747	21256111	715	107	86.98	CHG
11	21255747	21256111	917	2799	24.68	CHH
11	22039593	22039763	123	23	84.25	CHG
11	22039593	22039763	1028	1539	40.05	CHH
11	24851409	24851658	513	8	98.46	CG
11	24851409	24851658	628	39	94.15	CHG
11	24851409	24851658	743	1864	28.50	CHH
11	24991462	24991590	61	3	95.31	CG
11	24991462	24991590	151	121	55.51	CHG
11	24991462	24991590	626	587	51.61	CHH
11	25110396	25110624	149	11	93.12	CG
11	25110396	25110624	18	19	48.65	CHG
11	25110396	25110624	864	1899	31.27	CHH
11	25586084	25586542	340	21	94.18	CG
11	25586084	25586542	356	53	87.04	CHG
11	25586084	25586542	1412	4336	24.57	CHH
11	25784649	25784892	166	5	97.08	CG
11	25784649	25784892	264	99	72.73	CHG
11	25784649	25784892	991	2930	25.27	CHH
11	25810584	25810761	64	6	91.43	CHG
11	25810584	25810761	868	1119	43.68	CHH
11	25853608	25853790	73	5	93.59	CG
11	25853608	25853790	988	1614	37.97	CHH
11	27017949	27019131	1611	61	96.35	CG
11	27017949	27019131	2220	711	75.74	CHG
11	27017949	27019131	2377	10358	18.67	CHH
11	28181129	28181426	101	2	98.06	CG
11	28181129	28181426	686	1638	29.52	CHH
12	217168	217301	185	6	96.86	CG
12	217168	217301	68	20	77.27	CHG
12	217168	217301	1068	865	55.25	CHH
12	552916	553122	651	1856	25.97	CHH
12	793700	793972	67	4	94.37	CHG
12	793700	793972	2207	1850	54.40	CHH
12	1049649	1049822	1341	1032	56.51	CHH
12	1548545	1548692	142	18	88.75	CHG
12	1548545	1548692	565	1175	32.47	CHH
12	1801896	1802216	172	66	72.27	CG
12	1801896	1802216	263	124	67.96	CHG
12	1801896	1802216	770	2699	22.20	CHH
12	2466366	2466538	158	22	87.78	CHG
12	2466366	2466538	1415	1634	46.41	CHH
12	4912586	4913038	1312	56	95.91	CG
12	4912586	4913038	976	369	72.57	CHG
12	4912586	4913038	1036	3872	21.11	CHH
12	4914308	4915910	1340	70	95.04	CG
12	4914308	4915910	2096	1109	65.40	CHG
12	4914308	4915910	4063	14865	21.47	CHH
12	7849278	7849532	529	30	94.63	CG
12	7849278	7849532	44	21	67.69	CHG
12	7849278	7849532	589	2630	18.30	CHH
12	10927998	10928435	78	8	90.70	CG
12	10927998	10928435	106	157	40.30	CHG
12	10927998	10928435	977	4930	16.54	CHH
12	12440435	12440631	827	248	76.93	CG
12	12440435	12440631	270	211	56.13	CHG
12	12440435	12440631	509	1690	23.15	CHH
12	12966688	12966790	580	807	41.82	CHH
12	15202347	15202507	258	7	97.36	CG
12	15202347	15202507	103	35	74.64	CHG
12	15202347	15202507	603	1764	25.48	CHH
12	17986589	17987047	385	21	94.83	CG
12	17986589	17987047	523	154	77.25	CHG
12	17986589	17987047	1587	4641	25.48	CHH
12	18392307	18392790	662	369	64.21	CG
12	18392307	18392790	390	808	32.55	CHG
12	18392307	18392790	1022	4464	18.63	CHH
12	18396226	18396329	76	188	28.79	CG
12	18396226	18396329	49	211	18.85	CHG
12	18396226	18396329	136	1326	9.30	CHH
12	18396524	18396891	290	176	62.23	CG
12	18396524	18396891	232	491	32.09	CHG
12	18396524	18396891	793	3587	18.11	CHH
12	18936325	18936741	895	16	98.24	CG
12	18936325	18936741	176	77	69.57	CHG
12	18936325	18936741	1281	2735	31.90	CHH
12	19156150	19156313	65	4	94.20	CG
12	19156150	19156313	230	31	88.12	CHG
12	19156150	19156313	1029	884	53.79	CHH
12	21831911	21832012	388	920	29.66	CHH
12	22451242	22451490	19	54	26.03	CHG
12	22451242	22451490	1396	1684	45.32	CHH
12	22503691	22503984	288	15	95.05	CG
12	22503691	22503984	220	62	78.01	CHG
12	22503691	22503984	1326	1683	44.07	CHH
12	23090136	23090406	92	2	97.87	CG
12	23090136	23090406	1964	2610	42.94	CHH
12	23253874	23254115	161	2	98.77	CG
12	23253874	23254115	13	64	16.88	CHG
12	23253874	23254115	840	1695	33.14	CHH
12	23419385	23419484	73	11	86.90	CG
12	23419385	23419484	302	878	25.59	CHH
12	23569460	23569549	225	16	93.36	CG
12	23569460	23569549	58	21	73.42	CHG
12	23569460	23569549	257	809	24.11	CHH
12	24728935	24729264	182	244	42.72	CG
12	24728935	24729264	237	516	31.47	CHG
12	24728935	24729264	698	2377	22.70	CHH
12	24730816	24731578	897	41	95.63	CG
12	24730816	24731578	1217	329	78.72	CHG
12	24730816	24731578	2832	4450	38.89	CHH
12	24732874	24733231	827	22	97.41	CG
12	24732874	24733231	607	207	74.57	CHG
12	24732874	24733231	842	2936	22.29	CHH
12	25285613	25285813	77	1	98.72	CG
12	25285613	25285813	1175	1563	42.91	CHH
1	1349307	1349537	87	11	88.78	CHG
1	1349307	1349537	534	2052	20.65	CHH
1	10432345	10432562	927	1263	42.33	CG
1	10432345	10432562	482	645	42.77	CHG
1	10432345	10432562	790	1456	35.17	CHH
1	38517320	38517498	82	11	88.17	CG
1	38517320	38517498	83	64	56.46	CHG
1	38517320	38517498	1224	1904	39.13	CHH
1	41145044	41145188	574	1262	31.26	CHH
2	5521685	5521830	132	12	91.67	CHG
2	5521685	5521830	909	763	54.37	CHH
3	8015940	8016118	976	2003	32.76	CHH
3	27785308	27785617	83	7	92.22	CG
3	27785308	27785617	1857	2145	46.40	CHH
4	21962681	21962889	199	9	95.67	CG
4	21962681	21962889	121	41	74.69	CHG
4	21962681	21962889	648	1400	31.64	CHH
4	26530153	26530244	272	710	27.70	CHH
6	7381595	7382197	914	1112	45.11	CG
6	7381595	7382197	780	1226	38.88	CHG
6	7381595	7382197	1486	4755	23.81	CHH
6	14809518	14809915	281	6	97.91	CG
6	14809518	14809915	210	182	53.57	CHG
6	14809518	14809915	1566	2576	37.81	CHH
7	17099241	17099723	76	4	95.00	CHG
7	17099241	17099723	3294	2912	53.08	CHH
8	26441035	26441114	59	71	45.38	CHG
8	26441035	26441114	321	667	32.49	CHH
9	3933418	3933532	83	2	97.65	CG
9	3933418	3933532	70	16	81.40	CHG
9	3933418	3933532	830	800	50.92	CHH
9	16215726	16215834	518	839	38.17	CHH
10	15011394	15011890	863	55	94.01	CG
10	15011394	15011890	372	211	63.81	CHG
10	15011394	15011890	1434	3544	28.81	CHH
10	19941399	19941637	76	3	96.20	CG
10	19941399	19941637	847	2246	27.38	CHH
12	24432087	24432276	738	2142	25.62	CHH
1	301401	301650	251	15	94.36	CG
1	301401	301650	53	72	42.40	CHG
1	301401	301650	1364	1507	47.51	CHH
1	9436239	9436734	822	1217	40.31	CG
1	9436239	9436734	753	1249	37.61	CHG
1	9436239	9436734	863	3343	20.52	CHH
1	12143360	12144098	1371	33	97.65	CG
1	12143360	12144098	1137	383	74.80	CHG
1	12143360	12144098	2492	7841	24.12	CHH
1	23765099	23765215	24	373	6.05	CG
1	23765099	23765215	72	251	22.29	CHG
1	23765099	23765215	231	1064	17.84	CHH
1	26638981	26639111	69	1	98.57	CG
1	26638981	26639111	135	23	85.44	CHG
1	26638981	26639111	408	965	29.72	CHH
1	28181036	28181173	87	10	89.69	CG
1	28181036	28181173	96	97	49.74	CHG
1	28181036	28181173	580	1380	29.59	CHH
1	29055629	29055854	207	205	50.24	CG
1	29055629	29055854	154	342	31.05	CHG
1	29055629	29055854	688	2028	25.33	CHH
1	31589315	31589440	668	1551	30.10	CHH
1	33209708	33209844	75	3	96.15	CG
1	33209708	33209844	5	38	11.63	CHG
1	33209708	33209844	375	1311	22.24	CHH
1	37056464	37056585	114	30	79.17	CHG
1	37056464	37056585	399	1082	26.94	CHH
1	38496092	38496280	338	20	94.41	CG
1	38496092	38496280	81	57	58.70	CHG
1	38496092	38496280	507	2088	19.54	CHH
1	38671419	38671601	221	18	92.47	CG
1	38671419	38671601	726	1413	33.94	CHH
1	40617610	40617749	133	664	16.69	CHG
1	40617610	40617749	286	1191	19.36	CHH
1	41890335	41890557	71	2	97.26	CG
1	41890335	41890557	435	159	73.23	CHG
1	41890335	41890557	846	1669	33.64	CHH
1	42408453	42409215	1858	93	95.23	CG
1	42408453	42409215	1325	316	80.74	CHG
1	42408453	42409215	1770	4667	27.50	CHH
2	4648186	4648420	198	6	97.06	CG
2	4648186	4648420	75	32	70.09	CHG
2	4648186	4648420	690	1770	28.05	CHH
2	7605117	7605555	155	10	93.94	CG
2	7605117	7605555	157	22	87.71	CHG
2	7605117	7605555	1399	5341	20.76	CHH
2	12582950	12583307	361	18	95.25	CG
2	12582950	12583307	167	34	83.08	CHG
2	12582950	12583307	1118	3652	23.44	CHH
2	15589940	15590192	77	2	97.47	CG
2	15589940	15590192	398	215	64.93	CHG
2	15589940	15590192	1257	1516	45.33	CHH
2	25342968	25343092	36	1	97.30	CG
2	25342968	25343092	40	8	83.33	CHG
2	25342968	25343092	310	630	32.98	CHH
2	28230238	28230572	382	34	91.83	CHG
2	28230238	28230572	1135	3241	25.94	CHH
2	28787543	28787788	217	4	98.19	CG
2	28787543	28787788	80	41	66.12	CHG
2	28787543	28787788	880	1612	35.31	CHH
2	29123726	29123981	696	2844	19.66	CHH
2	31639383	31639502	93	3	96.88	CG
2	31639383	31639502	577	1080	34.82	CHH
2	32251509	32251649	85	8	91.40	CHG
2	32251509	32251649	901	1793	33.44	CHH
2	33849781	33850113	378	25	93.80	CG
2	33849781	33850113	228	128	64.04	CHG
2	33849781	33850113	877	3182	21.61	CHH
2	34582792	34582911	73	6	92.41	CHG
2	34582792	34582911	994	880	53.04	CHH
3	3169366	3169453	304	1014	23.07	CHH
3	6047207	6047392	147	4	97.35	CG
3	6047207	6047392	36	37	49.32	CHG
3	6047207	6047392	879	1227	41.74	CHH
3	12710378	12710636	920	43	95.53	CG
3	12710378	12710636	210	101	67.52	CHG
3	12710378	12710636	933	2737	25.42	CHH
3	15103668	15103782	86	0	100.00	CHG
3	15103668	15103782	482	1083	30.80	CHH
3	15613686	15613799	20	213	8.58	CG
3	15613686	15613799	37	203	15.42	CHG
3	15613686	15613799	238	799	22.95	CHH
3	16776362	16776567	438	2021	17.81	CHH
3	16791092	16791367	838	15	98.24	CG
3	16791092	16791367	264	86	75.43	CHG
3	16791092	16791367	475	2272	17.29	CHH
3	16792013	16792301	193	25	88.53	CG
3	16792013	16792301	297	30	90.83	CHG
3	16792013	16792301	843	3067	21.56	CHH
3	17916587	17916910	341	32	91.42	CG
3	17916587	17916910	88	7	92.63	CHG
3	17916587	17916910	1204	2228	35.08	CHH
3	20725201	20725339	68	3	95.77	CG
3	20725201	20725339	58	12	82.86	CHG
3	20725201	20725339	508	1380	26.91	CHH
3	24601757	24601980	151	9	94.38	CG
3	24601757	24601980	387	158	71.01	CHG
3	24601757	24601980	679	2353	22.39	CHH
3	27436719	27436866	82	4	95.35	CHG
3	27436719	27436866	330	1357	19.56	CHH
3	27617928	27618015	35	233	13.06	CG
3	27617928	27618015	29	145	16.67	CHG
3	27617928	27618015	162	832	16.30	CHH
3	27618313	27618751	251	78	76.29	CG
3	27618313	27618751	371	524	41.45	CHG
3	27618313	27618751	955	3722	20.42	CHH
3	29591935	29592097	94	4	95.92	CG
3	29591935	29592097	5	46	9.80	CHG
3	29591935	29592097	627	2284	21.54	CHH
3	31089191	31090510	4079	75	98.19	CG
3	31089191	31090510	2773	405	87.26	CHG
3	31089191	31090510	4251	8773	32.64	CHH
3	32110687	32111197	1353	28	97.97	CG
3	32110687	32111197	864	261	76.80	CHG
3	32110687	32111197	2382	3206	42.63	CHH
4	4915709	4916399	1973	53	97.38	CG
4	4915709	4916399	959	204	82.46	CHG
4	4915709	4916399	1999	5984	25.04	CHH
4	7381268	7381662	216	12	94.74	CG
4	7381268	7381662	425	115	78.70	CHG
4	7381268	7381662	1132	3772	23.08	CHH
4	7888722	7888904	176	3	98.32	CG
4	7888722	7888904	89	6	93.68	CHG
4	7888722	7888904	840	1415	37.25	CHH
4	24127511	24127670	169	2	98.83	CG
4	24127511	24127670	76	10	88.37	CHG
4	24127511	24127670	963	1021	48.54	CHH
4	25426804	25426964	44	40	52.38	CHG
4	25426804	25426964	664	1668	28.47	CHH
4	25457672	25458128	1249	39	96.97	CG
4	25457672	25458128	361	148	70.92	CHG
4	25457672	25458128	1946	4016	32.64	CHH
4	27630370	27630458	299	978	23.41	CHH
4	27903713	27903888	935	1921	32.74	CHH
4	29191225	29191443	65	3	95.59	CG
4	29191225	29191443	113	85	57.07	CHG
4	29191225	29191443	1017	2211	31.51	CHH
4	30022367	30022520	190	5	97.44	CG
4	30022367	30022520	990	1670	37.22	CHH
4	32693175	32693646	1209	35	97.19	CG
4	32693175	32693646	954	142	87.04	CHG
4	32693175	32693646	1171	3258	26.44	CHH
4	33655119	33655383	320	20	94.12	CG
4	33655119	33655383	804	2774	22.47	CHH
5	2851958	2852160	791	2048	27.86	CHH
5	4829525	4830108	260	14	94.89	CG
5	4829525	4830108	180	44	80.36	CHG
5	4829525	4830108	1064	5466	16.29	CHH
5	7972537	7972780	77	8	90.59	CG
5	7972537	7972780	55	36	60.44	CHG
5	7972537	7972780	1576	2195	41.79	CHH
5	10920468	10920712	226	7	97.00	CG
5	10920468	10920712	115	130	46.94	CHG
5	10920468	10920712	432	2544	14.52	CHH
5	17317435	17317693	150	7	95.54	CG
5	17317435	17317693	199	61	76.54	CHG
5	17317435	17317693	1348	1920	41.25	CHH
5	21464548	21464805	1056	2467	29.97	CHH
5	22429520	22429752	138	6	95.83	CG
5	22429520	22429752	67	39	63.21	CHG
5	22429520	22429752	888	1732	33.89	CHH
5	22973734	22973969	1326	2161	38.03	CHH
5	26950841	26950938	96	2	97.96	CG
5	26950841	26950938	419	980	29.95	CHH
6	4186290	4186414	451	1371	24.75	CHH
6	6081368	6081698	195	997	16.36	CG
6	6081368	6081698	70	460	13.21	CHG
6	6081368	6081698	865	3699	18.95	CHH
6	9469938	9470183	1006	1339	42.90	CHH
6	11305250	11305430	89	377	19.10	CG
6	11305250	11305430	5	72	6.49	CHG
6	11305250	11305430	330	1611	17.00	CHH
6	13738650	13738842	99	8	92.52	CG
6	13738650	13738842	84	171	32.94	CHG
6	13738650	13738842	253	1230	17.06	CHH
6	20384125	20384463	107	245	30.40	CG
6	20384125	20384463	143	451	24.07	CHG
6	20384125	20384463	806	2766	22.56	CHH
6	24282820	24282990	155	13	92.26	CHG
6	24282820	24282990	1664	1475	53.01	CHH
6	25073298	25073513	145	6	96.03	CG
6	25073298	25073513	100	105	48.78	CHG
6	25073298	25073513	1003	1675	37.45	CHH
6	30191023	30191331	277	8	97.19	CG
6	30191023	30191331	467	80	85.37	CHG
6	30191023	30191331	1092	2075	34.48	CHH
7	999031	999589	147	278	34.59	CG
7	999031	999589	273	1161	19.04	CHG
7	999031	999589	1422	5234	21.36	CHH
7	3169312	3169590	38	31	55.07	CHG
7	3169312	3169590	1757	2278	43.54	CHH
7	3739834	3740067	188	19	90.82	CG
7	3739834	3740067	107	29	78.68	CHG
7	3739834	3740067	1073	1511	41.52	CHH
7	18712663	18712940	781	3226	19.49	CHH
7	24811648	24811977	76	2	97.44	CG
7	24811648	24811977	67	7	90.54	CHG
7	24811648	24811977	1614	2675	37.63	CHH
8	1575049	1575210	832	1607	34.11	CHH
8	3073639	3073816	67	72	48.20	CG
8	3073639	3073816	162	310	34.32	CHG
8	3073639	3073816	550	1557	26.10	CHH
8	3388417	3388667	150	10	93.75	CG
8	3388417	3388667	107	47	69.48	CHG
8	3388417	3388667	1650	1727	48.86	CHH
8	5321619	5321826	86	3	96.63	CG
8	5321619	5321826	36	9	80.00	CHG
8	5321619	5321826	1716	2163	44.24	CHH
8	5680035	5680214	161	9	94.71	CG
8	5680035	5680214	170	12	93.41	CHG
8	5680035	5680214	734	2356	23.75	CHH
8	5778017	5778213	70	629	10.01	CG
8	5778017	5778213	114	222	33.93	CHG
8	5778017	5778213	280	956	22.65	CHH
8	6111458	6111746	455	10	97.85	CG
8	6111458	6111746	281	139	66.90	CHG
8	6111458	6111746	1061	3051	25.80	CHH
8	11782944	11783090	129	20	86.58	CHG
8	11782944	11783090	828	1305	38.82	CHH
8	15503593	15503835	70	4	94.59	CG
8	15503593	15503835	1731	1611	51.80	CHH
8	16978203	16978683	181	12	93.78	CG
8	16978203	16978683	688	287	70.56	CHG
8	16978203	16978683	1094	5286	17.15	CHH
8	20980680	20981040	149	1138	11.58	CG
8	20980680	20981040	502	929	35.08	CHG
8	20980680	20981040	638	2344	21.40	CHH
8	21691415	21691967	458	34	93.09	CG
8	21691415	21691967	348	182	65.66	CHG
8	21691415	21691967	1288	4658	21.66	CHH
8	23488434	23488729	524	23	95.80	CG
8	23488434	23488729	193	121	61.46	CHG
8	23488434	23488729	946	3193	22.86	CHH
8	24768225	24768508	165	71	69.92	CG
8	24768225	24768508	97	304	24.19	CHG
8	24768225	24768508	660	3288	16.72	CHH
8	26169264	26169435	560	28	95.24	CG
8	26169264	26169435	138	40	77.53	CHG
8	26169264	26169435	764	854	47.22	CHH
8	28409753	28410078	156	4	97.50	CG
8	28409753	28410078	216	3	98.63	CHG
8	28409753	28410078	1714	2319	42.50	CHH
9	16086094	16086273	151	13	92.07	CG
9	16086094	16086273	67	53	55.83	CHG
9	16086094	16086273	988	2007	32.99	CHH
10	11192936	11193103	198	7	96.59	CG
10	11192936	11193103	101	98	50.75	CHG
10	11192936	11193103	812	2097	27.91	CHH
10	13147744	13147963	380	13	96.69	CG
10	13147744	13147963	151	44	77.44	CHG
10	13147744	13147963	914	2162	29.71	CHH
10	15870323	15870605	93	5	94.90	CG
10	15870323	15870605	216	216	50.00	CHG
10	15870323	15870605	573	1219	31.98	CHH
10	18561922	18562175	477	17	96.56	CG
10	18561922	18562175	730	169	81.20	CHG
10	18561922	18562175	999	2187	31.36	CHH
10	20762313	20762534	85	317	21.14	CG
10	20762313	20762534	160	704	18.52	CHG
10	20762313	20762534	404	2549	13.68	CHH
11	5554822	5555192	125	5	96.15	CG
11	5554822	5555192	595	98	85.86	CHG
11	5554822	5555192	1743	2239	43.77	CHH
11	7332863	7333120	139	3	97.89	CG
11	7332863	7333120	55	69	44.35	CHG
11	7332863	7333120	945	1341	41.34	CHH
11	8045721	8046006	912	273	76.96	CG
11	8045721	8046006	100	254	28.25	CHG
11	8045721	8046006	801	3304	19.51	CHH
11	14005572	14005699	288	1191	19.47	CHH
11	14311549	14311878	1037	14	98.67	CG
11	14311549	14311878	354	76	82.33	CHG
11	14311549	14311878	1236	2847	30.27	CHH
11	16979978	16980123	91	4	95.79	CG
11	16979978	16980123	592	1827	24.47	CHH
11	21412886	21413094	612	69	89.87	CG
11	21412886	21413094	253	282	47.29	CHG
11	21412886	21413094	429	1959	17.96	CHH
11	24387545	24387850	388	15	96.28	CG
11	24387545	24387850	735	336	68.63	CHG
11	24387545	24387850	749	2942	20.29	CHH
11	27017648	27017782	70	2	97.22	CG
11	27017648	27017782	84	18	82.35	CHG
11	27017648	27017782	314	1346	18.92	CHH
11	27682635	27683583	2601	96	96.44	CG
11	27682635	27683583	1911	377	83.52	CHG
11	27682635	27683583	2065	6183	25.04	CHH
12	961100	961336	159	11	93.53	CG
12	961100	961336	369	431	46.12	CHG
12	961100	961336	371	2385	13.46	CHH
12	21483416	21483688	260	9	96.65	CG
12	21483416	21483688	446	69	86.60	CHG
12	21483416	21483688	857	3089	21.72	CHH
12	22462835	22463098	44	283	13.46	CG
12	22462835	22463098	140	401	25.88	CHG
12	22462835	22463098	1029	2132	32.55	CHH
12	25690213	25690552	375	125	75.00	CG
12	25690213	25690552	139	175	44.27	CHG
12	25690213	25690552	532	2399	18.15	CHH
