1	1377440	1378052	245	7	97.22	CG
1	1377440	1378052	271	70	79.47	CHG
1	1377440	1378052	2078	4559	31.31	CHH
1	1788440	1788928	523	11	97.94	CG
1	1788440	1788928	3	33	8.33	CHG
1	1788440	1788928	967	4712	17.03	CHH
1	2260684	2260758	160	864	15.62	CHH
1	2522960	2523166	581	19	96.83	CG
1	2522960	2523166	85	81	51.20	CHG
1	2522960	2523166	298	2391	11.08	CHH
1	2556818	2558266	5331	154	97.19	CG
1	2556818	2558266	3394	707	82.76	CHG
1	2556818	2558266	3019	9016	25.09	CHH
1	9039676	9042883	4391	171	96.25	CG
1	9039676	9042883	4197	497	89.41	CHG
1	9039676	9042883	10832	23359	31.68	CHH
1	9437012	9437784	1394	51	96.47	CG
1	9437012	9437784	1170	158	88.10	CHG
1	9437012	9437784	2080	5448	27.63	CHH
1	9767360	9767454	53	1	98.15	CG
1	9767360	9767454	49	10	83.05	CHG
1	9767360	9767454	319	632	33.54	CHH
1	10834154	10834494	42	36	53.85	CHG
1	10834154	10834494	657	2845	18.76	CHH
1	10925172	10926295	2534	98	96.28	CG
1	10925172	10926295	1722	691	71.36	CHG
1	10925172	10926295	2176	8322	20.73	CHH
1	10926897	10927718	2560	161	94.08	CG
1	10926897	10927718	2260	583	79.49	CHG
1	10926897	10927718	1001	6064	14.17	CHH
1	11360960	11364336	5232	148	97.25	CG
1	11360960	11364336	3721	1274	74.49	CHG
1	11360960	11364336	7172	24677	22.52	CHH
1	11470931	11471326	637	138	82.19	CG
1	11470931	11471326	274	203	57.44	CHG
1	11470931	11471326	817	3697	18.10	CHH
1	11471508	11474133	2668	101	96.35	CG
1	11471508	11474133	4739	1096	81.22	CHG
1	11471508	11474133	5052	21968	18.70	CHH
1	14333472	14335930	6115	263	95.88	CG
1	14333472	14335930	3042	1290	70.22	CHG
1	14333472	14335930	5086	17992	22.04	CHH
1	14336094	14337863	3117	135	95.85	CG
1	14336094	14337863	2725	673	80.19	CHG
1	14336094	14337863	5005	13078	27.68	CHH
1	14338097	14339310	2166	102	95.50	CG
1	14338097	14339310	990	430	69.72	CHG
1	14338097	14339310	2155	8363	20.49	CHH
1	14358588	14358799	127	4	96.95	CG
1	14358588	14358799	124	46	72.94	CHG
1	14358588	14358799	886	1185	42.78	CHH
1	14961883	14962784	1165	1362	46.10	CG
1	14961883	14962784	565	1398	28.78	CHG
1	14961883	14962784	603	7488	7.45	CHH
1	16709412	16710638	3176	76	97.66	CG
1	16709412	16710638	1851	654	73.89	CHG
1	16709412	16710638	1526	8816	14.76	CHH
1	20811098	20811408	79	393	16.74	CG
1	20811098	20811408	117	450	20.63	CHG
1	20811098	20811408	453	2372	16.04	CHH
1	24162719	24162945	749	1840	28.93	CHH
1	25253730	25254035	125	652	16.09	CG
1	25253730	25254035	28	360	7.22	CHG
1	25253730	25254035	256	3408	6.99	CHH
1	25313000	25313256	77	746	9.36	CG
1	25313000	25313256	94	528	15.11	CHG
1	25313000	25313256	392	1848	17.50	CHH
1	28200381	28201852	1602	52	96.86	CG
1	28200381	28201852	1461	356	80.41	CHG
1	28200381	28201852	4191	10505	28.52	CHH
1	28202027	28203259	1503	48	96.91	CG
1	28202027	28203259	1186	219	84.41	CHG
1	28202027	28203259	2318	9589	19.47	CHH
1	28212608	28214734	3458	127	96.46	CG
1	28212608	28214734	2210	398	84.74	CHG
1	28212608	28214734	3986	19781	16.77	CHH
1	30431887	30432457	640	18	97.26	CG
1	30431887	30432457	132	114	53.66	CHG
1	30431887	30432457	1541	4141	27.12	CHH
1	30810046	30810702	976	453	68.30	CG
1	30810046	30810702	154	343	30.99	CHG
1	30810046	30810702	886	6589	11.85	CHH
1	35537016	35537182	487	1999	19.59	CHH
1	40395626	40395876	64	1	98.46	CG
1	40395626	40395876	587	2030	22.43	CHH
1	41155306	41155562	28	71	28.28	CHG
1	41155306	41155562	1487	2286	39.41	CHH
2	1869793	1870778	2506	61	97.62	CG
2	1869793	1870778	1863	484	79.38	CHG
2	1869793	1870778	2062	7129	22.43	CHH
2	2040558	2041143	1107	50	95.68	CG
2	2040558	2041143	859	144	85.64	CHG
2	2040558	2041143	1151	5790	16.58	CHH
2	3701574	3702250	630	109	85.25	CG
2	3701574	3702250	309	714	30.21	CHG
2	3701574	3702250	1192	7614	13.54	CHH
2	4194209	4194385	134	11	92.41	CHG
2	4194209	4194385	656	1356	32.60	CHH
2	4947306	4947538	75	1	98.68	CG
2	4947306	4947538	375	2244	14.32	CHH
2	5499042	5499299	503	17	96.73	CG
2	5499042	5499299	302	57	84.12	CHG
2	5499042	5499299	301	2249	11.80	CHH
2	5902991	5906606	4593	219	95.45	CG
2	5902991	5906606	5921	2580	69.65	CHG
2	5902991	5906606	9024	27678	24.59	CHH
2	6762287	6762792	487	18	96.44	CG
2	6762287	6762792	400	202	66.45	CHG
2	6762287	6762792	526	5474	8.77	CHH
2	6796212	6796945	60	1393	4.13	CG
2	6796212	6796945	102	1336	7.09	CHG
2	6796212	6796945	432	5132	7.76	CHH
2	6797386	6798332	1282	317	80.18	CG
2	6797386	6798332	740	839	46.87	CHG
2	6797386	6798332	1302	8067	13.90	CHH
2	7606176	7607483	1245	49	96.21	CG
2	7606176	7607483	1078	365	74.71	CHG
2	7606176	7607483	1467	14343	9.28	CHH
2	7607731	7609075	1778	735	70.75	CG
2	7607731	7609075	667	1086	38.05	CHG
2	7607731	7609075	1695	12440	11.99	CHH
2	8343974	8344975	1474	61	96.03	CG
2	8343974	8344975	1156	270	81.07	CHG
2	8343974	8344975	1954	9132	17.63	CHH
2	8345745	8345938	380	12	96.94	CG
2	8345745	8345938	186	148	55.69	CHG
2	8345745	8345938	247	2585	8.72	CHH
2	12333889	12333999	210	5	97.67	CG
2	12333889	12333999	132	74	64.08	CHG
2	12333889	12333999	423	1375	23.53	CHH
2	13583003	13585128	2049	78	96.33	CG
2	13583003	13585128	4525	685	86.85	CHG
2	13583003	13585128	3699	18566	16.61	CHH
2	13872268	13872613	110	416	20.91	CG
2	13872268	13872613	70	707	9.01	CHG
2	13872268	13872613	242	3908	5.83	CHH
2	19469869	19471775	5178	723	87.75	CG
2	19469869	19471775	2319	1984	53.89	CHG
2	19469869	19471775	3780	16171	18.95	CHH
2	19977858	19978135	366	10	97.34	CG
2	19977858	19978135	440	199	68.86	CHG
2	19977858	19978135	415	2290	15.34	CHH
2	20745916	20746102	142	3	97.93	CG
2	20745916	20746102	82	23	78.10	CHG
2	20745916	20746102	318	1694	15.81	CHH
2	25258399	25258520	452	1134	28.50	CHH
2	28737277	28737416	542	1269	29.93	CHH
2	34952974	34953385	1296	27	97.96	CG
2	34952974	34953385	466	186	71.47	CHG
2	34952974	34953385	380	4706	7.47	CHH
2	34955560	34955809	1050	1478	41.53	CHH
3	1354664	1354914	292	6	97.99	CG
3	1354664	1354914	300	100	75.00	CHG
3	1354664	1354914	613	1722	26.25	CHH
3	8409618	8409743	9	422	2.09	CG
3	8409618	8409743	27	304	8.16	CHG
3	8409618	8409743	91	1629	5.29	CHH
3	9319923	9320317	351	3	99.15	CG
3	9319923	9320317	67	33	67.00	CHG
3	9319923	9320317	366	2591	12.38	CHH
3	15113224	15113412	709	1760	28.72	CHH
3	17308009	17308190	69	1	98.57	CG
3	17308009	17308190	54	3	94.74	CHG
3	17308009	17308190	432	1650	20.75	CHH
3	20792869	20793598	91	640	12.45	CG
3	20792869	20793598	164	1113	12.84	CHG
3	20792869	20793598	659	8529	7.17	CHH
3	22406998	22410666	2683	1099	70.94	CG
3	22406998	22410666	4125	1403	74.62	CHG
3	22406998	22410666	8808	26143	25.20	CHH
3	23359385	23359602	130	3	97.74	CG
3	23359385	23359602	6	30	16.67	CHG
3	23359385	23359602	582	2102	21.68	CHH
3	24569402	24572072	3474	85	97.61	CG
3	24569402	24572072	3435	551	86.18	CHG
3	24569402	24572072	5603	19462	22.35	CHH
3	24603937	24605042	2113	81	96.31	CG
3	24603937	24605042	2021	635	76.09	CHG
3	24603937	24605042	2442	9346	20.72	CHH
3	26143599	26144289	520	586	47.02	CG
3	26143599	26144289	291	1060	21.54	CHG
3	26143599	26144289	1061	6777	13.54	CHH
3	27619055	27619344	233	78	74.92	CG
3	27619055	27619344	241	179	57.38	CHG
3	27619055	27619344	502	2914	14.70	CHH
3	27619956	27621480	1638	2536	39.24	CG
3	27619956	27621480	715	2436	22.69	CHG
3	27619956	27621480	2131	13128	13.97	CHH
3	28228225	28228487	957	2494	27.73	CHH
3	29750151	29752956	5060	156	97.01	CG
3	29750151	29752956	3082	335	90.20	CHG
3	29750151	29752956	8669	20224	30.00	CHH
3	29885011	29885181	78	2	97.50	CG
3	29885011	29885181	88	17	83.81	CHG
3	29885011	29885181	1190	1515	43.99	CHH
3	30100210	30100463	86	3	96.63	CG
3	30100210	30100463	512	2388	17.66	CHH
3	30830679	30830818	671	1177	36.31	CHH
3	32182087	32182430	75	7	91.46	CG
3	32182087	32182430	28	56	33.33	CHG
3	32182087	32182430	631	2981	17.47	CHH
4	19683995	19684552	646	654	49.69	CG
4	19683995	19684552	337	1284	20.79	CHG
4	19683995	19684552	580	6120	8.66	CHH
4	19744896	19745083	117	20	85.40	CG
4	19744896	19745083	523	1726	23.25	CHH
4	21627729	21627912	136	4	97.14	CG
4	21627729	21627912	92	18	83.64	CHG
4	21627729	21627912	839	1266	39.86	CHH
4	24030042	24030690	422	11	97.46	CG
4	24030042	24030690	501	139	78.28	CHG
4	24030042	24030690	1252	6049	17.15	CHH
4	27907257	27907388	78	6	92.86	CG
4	27907257	27907388	11	38	22.45	CHG
4	27907257	27907388	615	1151	34.82	CHH
4	30176025	30176485	291	17	94.48	CG
4	30176025	30176485	67	92	42.14	CHG
4	30176025	30176485	1566	3868	28.82	CHH
4	35050130	35050413	6	327	1.80	CG
4	35050130	35050413	30	468	6.02	CHG
4	35050130	35050413	137	3175	4.14	CHH
4	35050645	35051479	1321	142	90.29	CG
4	35050645	35051479	806	736	52.27	CHG
4	35050645	35051479	1773	7188	19.79	CHH
4	35051684	35052572	2518	71	97.26	CG
4	35051684	35052572	1057	295	78.18	CHG
4	35051684	35052572	3581	7262	33.03	CHH
4	35052766	35053258	372	1187	23.86	CG
4	35052766	35053258	269	1025	20.79	CHG
4	35052766	35053258	766	4492	14.57	CHH
5	1135886	1136509	395	857	31.55	CG
5	1135886	1136509	226	1429	13.66	CHG
5	1135886	1136509	554	5485	9.17	CHH
5	1681288	1681619	57	719	7.35	CG
5	1681288	1681619	104	683	13.21	CHG
5	1681288	1681619	559	3480	13.84	CHH
5	4826765	4827929	1299	59	95.66	CG
5	4826765	4827929	1432	399	78.21	CHG
5	4826765	4827929	2421	12197	16.56	CHH
5	4828099	4828891	53	1736	2.96	CG
5	4828099	4828891	202	1608	11.16	CHG
5	4828099	4828891	793	8792	8.27	CHH
5	4830291	4831171	440	900	32.84	CG
5	4830291	4831171	380	730	34.23	CHG
5	4830291	4831171	1097	6227	14.98	CHH
5	6765407	6765604	141	7	95.27	CG
5	6765407	6765604	116	91	56.04	CHG
5	6765407	6765604	153	1611	8.67	CHH
5	10917777	10919451	2964	107	96.52	CG
5	10917777	10919451	2917	1057	73.40	CHG
5	10917777	10919451	2992	15742	15.97	CHH
5	11242827	11244802	2621	60	97.76	CG
5	11242827	11244802	3360	456	88.05	CHG
5	11242827	11244802	4759	17605	21.28	CHH
5	21149049	21149184	13	448	2.82	CG
5	21149049	21149184	43	402	9.66	CHG
5	21149049	21149184	146	1826	7.40	CHH
5	21857485	21857720	260	9	96.65	CG
5	21857485	21857720	287	90	76.13	CHG
5	21857485	21857720	454	1820	19.96	CHH
5	25347572	25347835	105	586	15.20	CG
5	25347572	25347835	41	701	5.53	CHG
5	25347572	25347835	184	3555	4.92	CHH
5	25348057	25348813	431	24	94.73	CG
5	25348057	25348813	430	1683	20.35	CHG
5	25348057	25348813	911	6830	11.77	CHH
5	25352498	25355138	2531	759	76.93	CG
5	25352498	25355138	2659	2432	52.23	CHG
5	25352498	25355138	5498	22186	19.86	CHH
5	25355297	25357051	3167	106	96.76	CG
5	25355297	25357051	2236	802	73.60	CHG
5	25355297	25357051	4872	15645	23.75	CHH
5	26872353	26874176	2033	1782	53.29	CG
5	26872353	26874176	1378	1593	46.38	CHG
5	26872353	26874176	3657	17602	17.20	CHH
5	26989629	26989802	33	19	63.46	CHG
5	26989629	26989802	515	1353	27.57	CHH
6	6078118	6079550	1543	47	97.04	CG
6	6078118	6079550	2183	1357	61.67	CHG
6	6078118	6079550	1903	11620	14.07	CHH
6	6079751	6080866	2047	63	97.01	CG
6	6079751	6080866	1419	298	82.64	CHG
6	6079751	6080866	1233	10390	10.61	CHH
6	7535836	7537636	1759	817	68.28	CG
6	7535836	7537636	1693	1475	53.44	CHG
6	7535836	7537636	3381	15495	17.91	CHH
6	7537860	7538806	2723	87	96.90	CG
6	7537860	7538806	1134	547	67.46	CHG
6	7537860	7538806	1722	8488	16.87	CHH
6	7540556	7540748	182	27	87.08	CG
6	7540556	7540748	575	1654	25.80	CHH
6	7725720	7725950	396	13	96.82	CG
6	7725720	7725950	399	161	71.25	CHG
6	7725720	7725950	230	1626	12.39	CHH
6	11302246	11302995	688	39	94.64	CG
6	11302246	11302995	1089	500	68.53	CHG
6	11302246	11302995	982	5382	15.43	CHH
6	11303180	11304874	3219	110	96.70	CG
6	11303180	11304874	1992	594	77.03	CHG
6	11303180	11304874	4142	14519	22.20	CHH
6	13428012	13431273	3460	141	96.08	CG
6	13428012	13431273	4768	838	85.05	CHG
6	13428012	13431273	9575	25699	27.14	CHH
6	17321639	17321861	7	220	3.08	CG
6	17321639	17321861	28	480	5.51	CHG
6	17321639	17321861	144	2279	5.94	CHH
6	22376044	22376666	482	29	94.32	CG
6	22376044	22376666	94	187	33.45	CHG
6	22376044	22376666	1434	5716	20.06	CHH
6	23537611	23537873	151	18	89.35	CHG
6	23537611	23537873	603	2637	18.61	CHH
6	25078471	25078618	31	41	43.06	CHG
6	25078471	25078618	370	1619	18.60	CHH
6	25314682	25315364	444	19	95.90	CG
6	25314682	25315364	382	122	75.79	CHG
6	25314682	25315364	1163	6779	14.64	CHH
6	26183206	26183498	78	3	96.30	CG
6	26183206	26183498	1512	1815	45.45	CHH
6	27799633	27800383	35	534	6.15	CG
6	27799633	27800383	49	940	4.95	CHG
6	27799633	27800383	487	8192	5.61	CHH
6	27801639	27802209	90	581	13.41	CG
6	27801639	27802209	144	798	15.29	CHG
6	27801639	27802209	644	4550	12.40	CHH
6	27807200	27808739	1789	431	80.59	CG
6	27807200	27808739	2165	1355	61.51	CHG
6	27807200	27808739	3224	12238	20.85	CHH
6	29377073	29378367	2704	77	97.23	CG
6	29377073	29378367	2618	426	86.01	CHG
6	29377073	29378367	3924	10179	27.82	CHH
6	29378560	29380306	4461	112	97.55	CG
6	29378560	29380306	2595	659	79.75	CHG
6	29378560	29380306	5573	12064	31.60	CHH
7	436559	436644	272	976	21.79	CHH
7	3142735	3143078	563	21	96.40	CG
7	3142735	3143078	466	173	72.93	CHG
7	3142735	3143078	1085	2266	32.38	CHH
7	3220899	3221205	58	4	93.55	CG
7	3220899	3221205	1405	1929	42.14	CHH
7	4348747	4349352	777	32	96.04	CG
7	4348747	4349352	356	214	62.46	CHG
7	4348747	4349352	843	3752	18.35	CHH
7	4349624	4350850	2748	117	95.92	CG
7	4349624	4350850	2139	498	81.11	CHG
7	4349624	4350850	2373	10329	18.68	CHH
7	4351012	4351916	1441	38	97.43	CG
7	4351012	4351916	1230	303	80.23	CHG
7	4351012	4351916	2336	7046	24.90	CHH
7	4373857	4376166	2711	271	90.91	CG
7	4373857	4376166	2177	1487	59.42	CHG
7	4373857	4376166	6701	17437	27.76	CHH
7	6141659	6141862	655	8	98.79	CG
7	6141659	6141862	326	77	80.89	CHG
7	6141659	6141862	504	2083	19.48	CHH
7	8294134	8294483	11	609	1.77	CG
7	8294134	8294483	37	710	4.95	CHG
7	8294134	8294483	246	4157	5.59	CHH
7	8296050	8297360	1122	46	96.06	CG
7	8296050	8297360	978	588	62.45	CHG
7	8296050	8297360	2408	11169	17.74	CHH
7	8297831	8298242	284	13	95.62	CG
7	8297831	8298242	215	482	30.85	CHG
7	8297831	8298242	365	3781	8.80	CHH
7	8993394	8993705	141	8	94.63	CG
7	8993394	8993705	965	2238	30.13	CHH
7	15188698	15188829	59	21	73.75	CHG
7	15188698	15188829	233	1811	11.40	CHH
7	15677983	15678606	391	660	37.20	CG
7	15677983	15678606	230	803	22.27	CHG
7	15677983	15678606	388	4588	7.80	CHH
7	15715017	15716282	1122	720	60.91	CG
7	15715017	15716282	1438	1347	51.63	CHG
7	15715017	15716282	2274	8763	20.60	CHH
7	15716649	15717550	1748	51	97.17	CG
7	15716649	15717550	1008	693	59.26	CHG
7	15716649	15717550	1344	8776	13.28	CHH
7	15987686	15990374	2772	109	96.22	CG
7	15987686	15990374	1993	1599	55.48	CHG
7	15987686	15990374	3392	25904	11.58	CHH
7	16599468	16599909	233	15	93.95	CG
7	16599468	16599909	250	794	23.95	CHG
7	16599468	16599909	414	4620	8.22	CHH
7	18624941	18625154	65	2	97.01	CG
7	18624941	18625154	72	24	75.00	CHG
7	18624941	18625154	677	1558	30.29	CHH
7	19254932	19255653	405	658	38.10	CG
7	19254932	19255653	311	2624	10.60	CHG
7	19254932	19255653	885	7492	10.56	CHH
7	20003073	20003442	328	590	35.73	CG
7	20003073	20003442	57	439	11.49	CHG
7	20003073	20003442	276	3110	8.15	CHH
7	20004260	20004538	32	538	5.61	CG
7	20004260	20004538	90	705	11.32	CHG
7	20004260	20004538	269	2756	8.89	CHH
7	22460506	22460644	47	894	4.99	CG
7	22460506	22460644	29	293	9.01	CHG
7	22460506	22460644	62	1124	5.23	CHH
7	24948880	24949085	1078	1599	40.27	CHH
7	25909857	25910353	615	20	96.85	CG
7	25909857	25910353	765	325	70.18	CHG
7	25909857	25910353	1334	4768	21.86	CHH
7	27169621	27169836	3	84	3.45	CG
7	27169621	27169836	97	520	15.72	CHG
7	27169621	27169836	485	2377	16.95	CHH
7	27307263	27307688	708	14	98.06	CG
7	27307263	27307688	581	174	76.95	CHG
7	27307263	27307688	1191	2564	31.72	CHH
8	5778397	5779045	764	252	75.20	CG
8	5778397	5779045	440	653	40.26	CHG
8	5778397	5779045	822	3721	18.09	CHH
8	5779226	5780049	525	260	66.88	CG
8	5779226	5780049	369	680	35.18	CHG
8	5779226	5780049	1803	7020	20.44	CHH
8	7765923	7766237	339	16	95.49	CG
8	7765923	7766237	142	228	38.38	CHG
8	7765923	7766237	232	3537	6.16	CHH
8	7766623	7766940	358	20	94.71	CG
8	7766623	7766940	250	280	47.17	CHG
8	7766623	7766940	212	2731	7.20	CHH
8	7767812	7769432	1627	69	95.93	CG
8	7767812	7769432	1531	445	77.48	CHG
8	7767812	7769432	2740	14240	16.14	CHH
8	10497174	10498216	1747	75	95.88	CG
8	10497174	10498216	941	242	79.54	CHG
8	10497174	10498216	1894	10219	15.64	CHH
8	10498395	10499575	821	53	93.94	CG
8	10498395	10499575	836	811	50.76	CHG
8	10498395	10499575	2333	10951	17.56	CHH
8	15456518	15458380	3055	121	96.19	CG
8	15456518	15458380	2463	624	79.79	CHG
8	15456518	15458380	5347	13451	28.44	CHH
8	15458644	15461086	2853	101	96.58	CG
8	15458644	15461086	2327	601	79.47	CHG
8	15458644	15461086	6831	18444	27.03	CHH
8	21692817	21694038	1518	56	96.44	CG
8	21692817	21694038	2009	385	83.92	CHG
8	21692817	21694038	2035	11107	15.48	CHH
8	22741998	22742320	29	50	36.71	CHG
8	22741998	22742320	968	2810	25.62	CHH
8	24735337	24736197	718	22	97.03	CG
8	24735337	24736197	690	495	58.23	CHG
8	24735337	24736197	976	8167	10.67	CHH
8	24968997	24969171	66	0	100.00	CG
8	24968997	24969171	79	11	87.78	CHG
8	24968997	24969171	541	1559	25.76	CHH
8	27145493	27145904	269	580	31.68	CG
8	27145493	27145904	111	371	23.03	CHG
8	27145493	27145904	604	4422	12.02	CHH
8	27146154	27147151	730	227	76.28	CG
8	27146154	27147151	220	384	36.42	CHG
8	27146154	27147151	2107	8390	20.07	CHH
9	12622010	12622195	78	622	11.14	CG
9	12622010	12622195	20	202	9.01	CHG
9	12622010	12622195	113	1972	5.42	CHH
9	12622461	12622831	595	500	54.34	CG
9	12622461	12622831	89	335	20.99	CHG
9	12622461	12622831	433	4141	9.47	CHH
9	15228404	15229163	884	110	88.93	CG
9	15228404	15229163	746	527	58.60	CHG
9	15228404	15229163	1836	6768	21.34	CHH
9	16724009	16725093	898	35	96.25	CG
9	16724009	16725093	1086	347	75.79	CHG
9	16724009	16725093	2600	9059	22.30	CHH
9	16725343	16726536	2622	145	94.76	CG
9	16725343	16726536	1537	510	75.09	CHG
9	16725343	16726536	2878	10159	22.08	CHH
9	19098095	19098253	61	3	95.31	CG
9	19098095	19098253	73	72	50.34	CHG
9	19098095	19098253	458	1463	23.84	CHH
9	21886164	21886293	304	1485	16.99	CHH
10	403342	404217	1231	697	63.85	CG
10	403342	404217	797	1458	35.34	CHG
10	403342	404217	1593	5683	21.89	CHH
10	707135	707736	1692	453	78.88	CG
10	707135	707736	543	1898	22.24	CHG
10	707135	707736	1135	5041	18.38	CHH
10	708160	710138	5565	210	96.36	CG
10	708160	710138	3172	1186	72.79	CHG
10	708160	710138	2833	14833	16.04	CHH
10	1838124	1838526	138	5	96.50	CG
10	1838124	1838526	73	7	91.25	CHG
10	1838124	1838526	1545	2374	39.42	CHH
10	1890175	1890720	653	25	96.31	CG
10	1890175	1890720	616	369	62.54	CHG
10	1890175	1890720	938	5041	15.69	CHH
10	5680298	5680662	1068	613	63.53	CG
10	5680298	5680662	510	1499	25.39	CHG
10	5680298	5680662	710	2991	19.18	CHH
10	5930107	5931241	2043	105	95.11	CG
10	5930107	5931241	1485	1280	53.71	CHG
10	5930107	5931241	1963	7820	20.07	CHH
10	5931400	5931895	877	31	96.59	CG
10	5931400	5931895	611	461	57.00	CHG
10	5931400	5931895	1194	3743	24.18	CHH
10	5933659	5934116	33	1218	2.64	CG
10	5933659	5934116	84	1354	5.84	CHG
10	5933659	5934116	282	3482	7.49	CHH
10	6420591	6420748	24	349	6.43	CHG
10	6420591	6420748	136	1445	8.60	CHH
10	15986962	15990245	4419	154	96.63	CG
10	15986962	15990245	3769	2123	63.97	CHG
10	15986962	15990245	4823	31423	13.31	CHH
10	15991567	15992011	32	918	3.37	CG
10	15991567	15992011	113	1167	8.83	CHG
10	15991567	15992011	381	3909	8.88	CHH
10	16004469	16005053	152	3138	4.62	CG
10	16004469	16005053	237	2184	9.79	CHG
10	16004469	16005053	638	4463	12.51	CHH
10	16006434	16007004	187	1513	11.00	CG
10	16006434	16007004	304	1206	20.13	CHG
10	16006434	16007004	845	3354	20.12	CHH
10	18101624	18101816	405	23	94.63	CG
10	18101624	18101816	182	178	50.56	CHG
10	18101624	18101816	722	1293	35.83	CHH
10	20291443	20292459	2278	51	97.81	CG
10	20291443	20292459	1160	260	81.69	CHG
10	20291443	20292459	1386	6695	17.15	CHH
10	20777405	20778626	2218	51	97.75	CG
10	20777405	20778626	2010	562	78.15	CHG
10	20777405	20778626	4953	10386	32.29	CHH
10	20778820	20779263	76	562	11.91	CG
10	20778820	20779263	100	1205	7.66	CHG
10	20778820	20779263	422	4089	9.35	CHH
10	22690213	22690439	745	1263	37.10	CHH
11	569050	569549	145	3	97.97	CG
11	569050	569549	596	130	82.09	CHG
11	569050	569549	2282	3105	42.36	CHH
11	1878755	1878890	44	96	31.43	CG
11	1878755	1878890	92	166	35.66	CHG
11	1878755	1878890	232	934	19.90	CHH
11	1947206	1947542	79	1	98.75	CG
11	1947206	1947542	510	3948	11.44	CHH
11	2541708	2543393	658	902	42.18	CG
11	2541708	2543393	308	3760	7.57	CHG
11	2541708	2543393	1415	16608	7.85	CHH
11	7731537	7734405	2364	78	96.81	CG
11	7731537	7734405	3199	728	81.46	CHG
11	7731537	7734405	7067	22779	23.68	CHH
11	7740288	7741705	3123	357	89.74	CG
11	7740288	7741705	1942	938	67.43	CHG
11	7740288	7741705	3248	10388	23.82	CHH
11	7741944	7742391	190	511	27.10	CG
11	7741944	7742391	331	950	25.84	CHG
11	7741944	7742391	699	3329	17.35	CHH
11	11662804	11663369	375	13	96.65	CG
11	11662804	11663369	498	83	85.71	CHG
11	11662804	11663369	1124	5361	17.33	CHH
11	13632522	13632647	25	287	8.01	CHG
11	13632522	13632647	119	971	10.92	CHH
11	14006096	14006227	226	1121	16.78	CHH
11	16006890	16007049	57	0	100.00	CG
11	16006890	16007049	22	5	81.48	CHG
11	16006890	16007049	691	1321	34.34	CHH
11	16330929	16332016	597	648	47.95	CG
11	16330929	16332016	555	1898	22.63	CHG
11	16330929	16332016	1419	8483	14.33	CHH
11	16332352	16336587	7254	1142	86.40	CG
11	16332352	16336587	5888	2788	67.87	CHG
11	16332352	16336587	10406	34366	23.24	CHH
11	19478887	19479310	571	16	97.27	CG
11	19478887	19479310	594	703	45.80	CHG
11	19478887	19479310	1327	3709	26.35	CHH
11	20707212	20707528	51	299	14.57	CG
11	20707212	20707528	110	648	14.51	CHG
11	20707212	20707528	361	2264	13.75	CHH
11	21197890	21198236	79	69	53.38	CHG
11	21197890	21198236	1863	3125	37.35	CHH
11	23435202	23435727	65	181	26.42	CG
11	23435202	23435727	279	1315	17.50	CHG
11	23435202	23435727	761	5069	13.05	CHH
11	24391044	24392970	1691	48	97.24	CG
11	24391044	24392970	3298	1324	71.35	CHG
11	24391044	24392970	3160	15710	16.75	CHH
11	24393313	24394212	767	33	95.88	CG
11	24393313	24394212	1333	283	82.49	CHG
11	24393313	24394212	2265	5303	29.93	CHH
11	24395075	24395260	24	259	8.48	CG
11	24395075	24395260	21	83	20.19	CHG
11	24395075	24395260	206	1695	10.84	CHH
11	26205598	26205997	237	89	72.70	CG
11	26205598	26205997	22	566	3.74	CHG
11	26205598	26205997	164	4624	3.43	CHH
12	1816647	1816809	74	0	100.00	CG
12	1816647	1816809	846	1301	39.40	CHH
12	4729330	4730513	1483	121	92.46	CG
12	4729330	4730513	749	730	50.64	CHG
12	4729330	4730513	2011	12549	13.81	CHH
12	4730790	4736244	5879	205	96.63	CG
12	4730790	4736244	5568	2157	72.08	CHG
12	4730790	4736244	11363	44531	20.33	CHH
12	4736420	4737233	1213	128	90.45	CG
12	4736420	4737233	784	597	56.77	CHG
12	4736420	4737233	1616	5396	23.05	CHH
12	4900521	4901766	1278	57	95.73	CG
12	4900521	4901766	961	736	56.63	CHG
12	4900521	4901766	1471	11187	11.62	CHH
12	5021892	5024116	1658	59	96.56	CG
12	5021892	5024116	2788	2148	56.48	CHG
12	5021892	5024116	2675	20773	11.41	CHH
12	5024498	5027592	1855	68	96.46	CG
12	5024498	5027592	3381	2316	59.35	CHG
12	5024498	5027592	4501	31263	12.59	CHH
12	11362213	11362441	70	5	93.33	CG
12	11362213	11362441	61	32	65.59	CHG
12	11362213	11362441	1425	1728	45.20	CHH
12	17500982	17502112	577	502	53.48	CG
12	17500982	17502112	632	735	46.23	CHG
12	17500982	17502112	1821	9566	15.99	CHH
12	17502305	17503335	1708	56	96.83	CG
12	17502305	17503335	455	271	62.67	CHG
12	17502305	17503335	1383	8029	14.69	CHH
12	17984560	17985250	23	1148	1.96	CG
12	17984560	17985250	98	1238	7.34	CHG
12	17984560	17985250	543	6414	7.81	CHH
12	17985763	17986319	571	156	78.54	CG
12	17985763	17986319	203	211	49.03	CHG
12	17985763	17986319	555	4945	10.09	CHH
12	18393551	18394277	550	515	51.64	CG
12	18393551	18394277	124	674	15.54	CHG
12	18393551	18394277	1263	6300	16.70	CHH
12	19120680	19120950	80	59	57.55	CG
12	19120680	19120950	64	8	88.89	CHG
12	19120680	19120950	672	2757	19.60	CHH
12	24728431	24728725	98	693	12.39	CG
12	24728431	24728725	268	1205	18.19	CHG
12	24728431	24728725	750	2731	21.55	CHH
12	24729444	24730180	2651	99	96.40	CG
12	24729444	24730180	2005	696	74.23	CHG
12	24729444	24730180	2255	4049	35.77	CHH
12	24734143	24734410	11	551	1.96	CG
12	24734143	24734410	134	1476	8.32	CHG
12	24734143	24734410	350	2793	11.14	CHH
12	25119408	25119711	554	8	98.58	CG
12	25119408	25119711	341	236	59.10	CHG
12	25119408	25119711	560	2765	16.84	CHH
1	4981767	4981906	997	586	62.98	CHH
1	18984904	18985083	64	2	96.97	CG
1	18984904	18985083	61	44	58.10	CHG
1	18984904	18985083	739	2035	26.64	CHH
1	27335823	27335919	160	32	83.33	CG
1	27335823	27335919	24	58	29.27	CHG
1	27335823	27335919	234	663	26.09	CHH
1	39322830	39323057	440	21	95.44	CG
1	39322830	39323057	241	143	62.76	CHG
1	39322830	39323057	299	2623	10.23	CHH
2	4474885	4475212	709	23	96.86	CG
2	4474885	4475212	292	123	70.36	CHG
2	4474885	4475212	1615	2377	40.46	CHH
2	17785746	17785984	164	4	97.62	CG
2	17785746	17785984	1253	1485	45.76	CHH
2	24587774	24587906	121	5	96.03	CG
2	24587774	24587906	60	7	89.55	CHG
2	24587774	24587906	527	930	36.17	CHH
2	32687570	32687718	268	235	53.28	CG
2	32687570	32687718	146	321	31.26	CHG
2	32687570	32687718	616	1201	33.90	CHH
3	7246619	7246872	647	28	95.85	CG
3	7246619	7246872	167	92	64.48	CHG
3	7246619	7246872	710	2452	22.45	CHH
3	16709783	16710100	657	23	96.62	CG
3	16709783	16710100	430	150	74.14	CHG
3	16709783	16710100	615	2663	18.76	CHH
3	18637898	18638001	76	3	96.20	CG
3	18637898	18638001	275	1091	20.13	CHH
3	24572450	24572571	209	1967	9.60	CHH
3	27626160	27626452	381	17	95.73	CG
3	27626160	27626452	95	162	36.96	CHG
3	27626160	27626452	569	2721	17.29	CHH
3	33684752	33685642	1556	46	97.13	CG
3	33684752	33685642	964	434	68.96	CHG
3	33684752	33685642	1329	7937	14.34	CHH
4	28531802	28532069	82	5	94.25	CG
4	28531802	28532069	16	30	34.78	CHG
4	28531802	28532069	1173	2408	32.76	CHH
4	33656481	33656726	1063	24	97.79	CG
4	33656481	33656726	61	122	33.33	CHG
4	33656481	33656726	217	2147	9.18	CHH
5	1135186	1135369	178	106	62.68	CG
5	1135186	1135369	30	271	9.97	CHG
5	1135186	1135369	124	1851	6.28	CHH
6	5377103	5377226	35	37	48.61	CHG
6	5377103	5377226	630	876	41.83	CHH
6	7540043	7540265	155	3	98.10	CG
6	7540043	7540265	54	19	73.97	CHG
6	7540043	7540265	640	2094	23.41	CHH
6	11997277	11997419	242	10	96.03	CG
6	11997277	11997419	100	36	73.53	CHG
6	11997277	11997419	224	1955	10.28	CHH
6	13951510	13951630	135	1	99.26	CG
6	13951510	13951630	216	65	76.87	CHG
6	13951510	13951630	161	963	14.32	CHH
6	18069889	18070192	428	36	92.24	CG
6	18069889	18070192	287	191	60.04	CHG
6	18069889	18070192	869	2752	24.00	CHH
7	8049142	8049326	530	16	97.07	CG
7	8049142	8049326	116	134	46.40	CHG
7	8049142	8049326	362	1591	18.54	CHH
7	13286370	13286485	291	1482	16.41	CHH
7	26251607	26251758	735	995	42.49	CHH
7	27119822	27120089	65	1	98.48	CG
7	27119822	27120089	8	57	12.31	CHG
7	27119822	27120089	938	2005	31.87	CHH
7	28376367	28376563	94	1	98.95	CG
7	28376367	28376563	63	25	71.59	CHG
7	28376367	28376563	943	1931	32.81	CHH
8	9447539	9448026	336	1757	16.05	CG
8	9447539	9448026	242	1278	15.92	CHG
8	9447539	9448026	746	4641	13.85	CHH
9	16928122	16928188	327	892	26.83	CHH
10	15986243	15986518	36	35	50.70	CG
10	15986243	15986518	44	355	11.03	CHG
10	15986243	15986518	172	2822	5.74	CHH
12	26052913	26053003	89	211	29.67	CHG
12	26052913	26053003	226	663	25.42	CHH
1	751422	751630	404	22	94.84	CG
1	751422	751630	61	55	52.59	CHG
1	751422	751630	487	2260	17.73	CHH
1	831964	832562	1200	22	98.20	CG
1	831964	832562	1069	123	89.68	CHG
1	831964	832562	1492	2860	34.28	CHH
1	1789091	1789350	143	12	92.26	CG
1	1789091	1789350	124	69	64.25	CHG
1	1789091	1789350	1214	2172	35.85	CHH
1	2238174	2238281	81	1	98.78	CG
1	2238174	2238281	73	6	92.41	CHG
1	2238174	2238281	397	1276	23.73	CHH
1	2556013	2556619	1002	19	98.14	CG
1	2556013	2556619	1309	133	90.78	CHG
1	2556013	2556619	975	4213	18.79	CHH
1	2558467	2559407	2367	67	97.25	CG
1	2558467	2559407	1299	330	79.74	CHG
1	2558467	2559407	1471	7486	16.42	CHH
1	7687746	7687909	59	7	89.39	CG
1	7687746	7687909	11	24	31.43	CHG
1	7687746	7687909	327	1228	21.03	CHH
1	8431744	8431928	75	5	93.75	CG
1	8431744	8431928	756	1492	33.63	CHH
1	9585903	9586147	135	68	66.50	CHG
1	9585903	9586147	1179	1493	44.12	CHH
1	11189069	11189507	1381	225	85.99	CG
1	11189069	11189507	622	175	78.04	CHG
1	11189069	11189507	1139	4521	20.12	CHH
1	11189901	11190194	494	21	95.92	CG
1	11189901	11190194	357	103	77.61	CHG
1	11189901	11190194	806	2031	28.41	CHH
1	11190397	11190945	447	132	77.20	CG
1	11190397	11190945	869	662	56.76	CHG
1	11190397	11190945	1399	4067	25.59	CHH
1	11191256	11191497	764	33	95.86	CG
1	11191256	11191497	248	227	52.21	CHG
1	11191256	11191497	440	1311	25.13	CHH
1	11197847	11198179	572	13	97.78	CG
1	11197847	11198179	799	78	91.11	CHG
1	11197847	11198179	1046	2337	30.92	CHH
1	11198539	11198848	424	10	97.70	CG
1	11198539	11198848	333	66	83.46	CHG
1	11198539	11198848	705	2915	19.48	CHH
1	11474845	11475049	326	11	96.74	CG
1	11474845	11475049	226	54	80.71	CHG
1	11474845	11475049	210	1976	9.61	CHH
1	11796108	11796316	220	38	85.27	CG
1	11796108	11796316	232	356	39.46	CHG
1	11796108	11796316	397	1929	17.07	CHH
1	11928347	11928520	186	1711	9.80	CHH
1	11940126	11940209	154	846	15.40	CHH
1	12597813	12598048	1049	1676	38.50	CHH
1	14322168	14322402	327	10	97.03	CG
1	14322168	14322402	128	29	81.53	CHG
1	14322168	14322402	943	1894	33.24	CHH
1	14347206	14347429	45	15	75.00	CG
1	14347206	14347429	163	345	32.09	CHG
1	14347206	14347429	501	1765	22.11	CHH
1	14960096	14960238	446	10	97.81	CG
1	14960096	14960238	172	155	52.60	CHG
1	14960096	14960238	331	1596	17.18	CHH
1	17043053	17043218	602	21	96.63	CG
1	17043053	17043218	195	37	84.05	CHG
1	17043053	17043218	574	989	36.72	CHH
1	18600195	18600325	169	0	100.00	CG
1	18600195	18600325	36	20	64.29	CHG
1	18600195	18600325	194	1170	14.22	CHH
1	18600619	18600880	137	8	94.48	CG
1	18600619	18600880	64	4	94.12	CHG
1	18600619	18600880	214	2626	7.54	CHH
1	20810211	20810573	43	588	6.81	CG
1	20810211	20810573	71	409	14.79	CHG
1	20810211	20810573	407	3004	11.93	CHH
1	26098395	26098876	237	4	98.34	CG
1	26098395	26098876	172	57	75.11	CHG
1	26098395	26098876	1831	3803	32.50	CHH
1	27892634	27893201	257	12	95.54	CG
1	27892634	27893201	405	92	81.49	CHG
1	27892634	27893201	1448	4735	23.42	CHH
1	28104533	28104643	82	0	100.00	CG
1	28104533	28104643	554	815	40.47	CHH
1	28203814	28205463	1306	33	97.54	CG
1	28203814	28205463	1994	580	77.47	CHG
1	28203814	28205463	2084	16633	11.13	CHH
1	28494153	28494502	80	1	98.77	CG
1	28494153	28494502	137	8	94.48	CHG
1	28494153	28494502	2303	2346	49.54	CHH
1	29054104	29054337	82	431	15.98	CG
1	29054104	29054337	89	655	11.96	CHG
1	29054104	29054337	297	1386	17.65	CHH
1	29054576	29055401	1798	66	96.46	CG
1	29054576	29055401	1031	470	68.69	CHG
1	29054576	29055401	768	6327	10.82	CHH
1	30809331	30809656	564	15	97.41	CG
1	30809331	30809656	543	94	85.24	CHG
1	30809331	30809656	945	2681	26.06	CHH
1	30810941	30811279	296	139	68.05	CG
1	30810941	30811279	125	382	24.65	CHG
1	30810941	30811279	413	2947	12.29	CHH
1	31405810	31406074	135	10	93.10	CG
1	31405810	31406074	170	90	65.38	CHG
1	31405810	31406074	1493	1894	44.08	CHH
1	31867822	31868209	160	8	95.24	CG
1	31867822	31868209	1293	3302	28.14	CHH
1	32128407	32128528	85	2	97.70	CG
1	32128407	32128528	766	1047	42.25	CHH
1	32850978	32851159	119	8	93.70	CG
1	32850978	32851159	112	50	69.14	CHG
1	32850978	32851159	983	987	49.90	CHH
1	37328188	37328369	158	4	97.53	CG
1	37328188	37328369	73	11	86.90	CHG
1	37328188	37328369	1286	971	56.98	CHH
1	40300213	40300335	318	1164	21.46	CHH
1	40701980	40702243	91	4	95.79	CG
1	40701980	40702243	2386	1326	64.28	CHH
1	42087976	42088125	393	1450	21.32	CHH
2	109398	109590	586	15	97.50	CG
2	109398	109590	507	191	72.64	CHG
2	109398	109590	353	1799	16.40	CHH
2	2375551	2375771	1014	1375	42.44	CHH
2	6545608	6545822	66	1	98.51	CG
2	6545608	6545822	916	1786	33.90	CHH
2	6761735	6762038	101	5	95.28	CG
2	6761735	6762038	160	33	82.90	CHG
2	6761735	6762038	415	2286	15.36	CHH
2	7945618	7946024	147	3	98.00	CG
2	7945618	7946024	11	21	34.38	CHG
2	7945618	7946024	636	3672	14.76	CHH
2	8190084	8190413	57	5	91.94	CHG
2	8190084	8190413	933	3151	22.85	CHH
2	10791440	10791566	393	1019	27.83	CHH
2	11873649	11873886	95	5	95.00	CG
2	11873649	11873886	854	1929	30.69	CHH
2	12097817	12097953	142	1	99.30	CG
2	12097817	12097953	149	1237	10.75	CHH
2	12299222	12299385	43	35	55.13	CHG
2	12299222	12299385	352	1318	21.08	CHH
2	13948832	13949084	123	11	91.79	CHG
2	13948832	13949084	1258	1362	48.02	CHH
2	19211404	19211621	124	5	96.12	CG
2	19211404	19211621	16	12	57.14	CHG
2	19211404	19211621	1278	847	60.14	CHH
2	19443247	19443361	150	6	96.15	CG
2	19443247	19443361	19	15	55.88	CHG
2	19443247	19443361	122	1309	8.53	CHH
2	22202087	22202425	651	79	89.18	CG
2	22202087	22202425	73	172	29.80	CHG
2	22202087	22202425	965	2202	30.47	CHH
2	22399133	22399342	147	5	96.71	CG
2	22399133	22399342	954	1607	37.25	CHH
2	23077446	23077593	774	1108	41.13	CHH
2	23988341	23988565	40	43	48.19	CHG
2	23988341	23988565	1150	2008	36.42	CHH
2	24094388	24094772	74	1	98.67	CG
2	24094388	24094772	184	109	62.80	CHG
2	24094388	24094772	938	2660	26.07	CHH
2	24968367	24968732	295	14	95.47	CG
2	24968367	24968732	374	103	78.41	CHG
2	24968367	24968732	549	3503	13.55	CHH
2	25971572	25971883	346	1011	25.50	CHH
2	27849839	27850325	1283	28	97.86	CG
2	27849839	27850325	375	260	59.06	CHG
2	27849839	27850325	1434	4104	25.89	CHH
2	27969163	27969436	131	7	94.93	CG
2	27969163	27969436	105	64	62.13	CHG
2	27969163	27969436	1075	1219	46.86	CHH
2	30949004	30949191	152	7	95.60	CG
2	30949004	30949191	54	26	67.50	CHG
2	30949004	30949191	703	1572	30.90	CHH
2	32980551	32980821	1848	2405	43.45	CHH
2	33970498	33970631	18	240	6.98	CG
2	33970498	33970631	37	414	8.20	CHG
2	33970498	33970631	232	1725	11.85	CHH
2	34234930	34235049	163	787	17.16	CHH
2	34952077	34952811	1225	304	80.12	CG
2	34952077	34952811	539	530	50.42	CHG
2	34952077	34952811	792	7366	9.71	CHH
3	811663	812098	1317	36	97.34	CG
3	811663	812098	240	221	52.06	CHG
3	811663	812098	838	4065	17.09	CHH
3	881089	881240	1049	40	96.33	CG
3	881089	881240	96	341	21.97	CHG
3	881089	881240	270	1351	16.66	CHH
3	2169030	2169371	1053	39	96.43	CG
3	2169030	2169371	261	195	57.24	CHG
3	2169030	2169371	756	3725	16.87	CHH
3	3832576	3832832	68	4	94.44	CG
3	3832576	3832832	100	35	74.07	CHG
3	3832576	3832832	1066	1614	39.78	CHH
3	6570907	6571273	950	39	96.06	CG
3	6570907	6571273	186	145	56.19	CHG
3	6570907	6571273	900	2889	23.75	CHH
3	8629457	8629689	69	3	95.83	CG
3	8629457	8629689	69	3	95.83	CHG
3	8629457	8629689	1277	1489	46.17	CHH
3	8942617	8943063	537	16	97.11	CG
3	8942617	8943063	555	81	87.26	CHG
3	8942617	8943063	1324	5618	19.07	CHH
3	11067334	11067625	73	2	97.33	CG
3	11067334	11067625	72	0	100.00	CHG
3	11067334	11067625	987	1887	34.34	CHH
3	11642409	11642580	102	45	69.39	CHG
3	11642409	11642580	1226	717	63.10	CHH
3	11857284	11857411	38	35	52.05	CHG
3	11857284	11857411	286	804	26.24	CHH
3	12675151	12675358	71	3	95.95	CG
3	12675151	12675358	18	21	46.15	CHG
3	12675151	12675358	919	1613	36.30	CHH
3	13124743	13124928	167	4	97.66	CG
3	13124743	13124928	58	31	65.17	CHG
3	13124743	13124928	2189	1126	66.03	CHH
3	13748697	13748918	85	1	98.84	CHG
3	13748697	13748918	891	2268	28.21	CHH
3	14057905	14058092	372	17	95.63	CG
3	14057905	14058092	74	38	66.07	CHG
3	14057905	14058092	209	2026	9.35	CHH
3	14749193	14749460	153	10	93.87	CG
3	14749193	14749460	1402	1866	42.90	CHH
3	15134383	15134587	258	2326	9.98	CHH
3	15612855	15613292	470	29	94.19	CG
3	15612855	15613292	810	247	76.63	CHG
3	15612855	15613292	1389	2875	32.58	CHH
3	16165130	16165592	330	21	94.02	CG
3	16165130	16165592	296	295	50.08	CHG
3	16165130	16165592	735	4592	13.80	CHH
3	20791693	20792712	2194	152	93.52	CG
3	20791693	20792712	1778	721	71.15	CHG
3	20791693	20792712	1099	8956	10.93	CHH
3	24411908	24412466	302	613	33.01	CG
3	24411908	24412466	102	704	12.66	CHG
3	24411908	24412466	382	6086	5.91	CHH
3	24572869	24573120	424	16	96.36	CG
3	24572869	24573120	353	172	67.24	CHG
3	24572869	24573120	378	2527	13.01	CHH
3	24603172	24603395	129	4	96.99	CG
3	24603172	24603395	103	22	82.40	CHG
3	24603172	24603395	425	2323	15.47	CHH
3	24605202	24605537	524	25	95.45	CG
3	24605202	24605537	205	126	61.93	CHG
3	24605202	24605537	288	3658	7.30	CHH
3	24924369	24924505	137	4	97.16	CG
3	24924369	24924505	18	17	51.43	CHG
3	24924369	24924505	752	890	45.80	CHH
3	25320199	25320294	111	909	10.88	CHH
3	26123077	26123398	283	23	92.48	CG
3	26123077	26123398	364	321	53.14	CHG
3	26123077	26123398	329	2529	11.51	CHH
3	26123604	26124463	1910	64	96.76	CG
3	26123604	26124463	1037	566	64.69	CHG
3	26123604	26124463	1306	8259	13.65	CHH
3	26819731	26819992	94	7	93.07	CHG
3	26819731	26819992	982	2477	28.39	CHH
3	28511217	28511562	1009	37	96.46	CG
3	28511217	28511562	474	139	77.32	CHG
3	28511217	28511562	584	3823	13.25	CHH
3	29675163	29675476	53	3	94.64	CG
3	29675163	29675476	1054	2114	33.27	CHH
3	29753155	29753862	715	30	95.97	CG
3	29753155	29753862	776	62	92.60	CHG
3	29753155	29753862	1977	4701	29.60	CHH
3	30420791	30420983	1075	1452	42.54	CHH
3	31423977	31424278	944	2298	29.12	CHH
3	31722863	31723138	2124	3026	41.24	CHH
3	32006376	32006716	73	2	97.33	CHG
3	32006376	32006716	1503	2302	39.50	CHH
3	32173553	32173723	133	97	57.83	CHG
3	32173553	32173723	303	1626	15.71	CHH
4	468669	468758	240	1226	16.37	CHH
4	7955024	7955201	173	1	99.43	CG
4	7955024	7955201	71	6	92.21	CHG
4	7955024	7955201	768	1142	40.21	CHH
4	15396846	15397090	542	20	96.44	CG
4	15396846	15397090	476	110	81.23	CHG
4	15396846	15397090	342	1847	15.62	CHH
4	19682492	19683811	1705	62	96.49	CG
4	19682492	19683811	803	425	65.39	CHG
4	19682492	19683811	2689	10100	21.03	CHH
4	20001003	20001260	151	19	88.82	CHG
4	20001003	20001260	1620	1999	44.76	CHH
4	20354697	20354786	201	2	99.01	CG
4	20354697	20354786	128	16	88.89	CHG
4	20354697	20354786	109	464	19.02	CHH
4	20595423	20595521	66	10	86.84	CG
4	20595423	20595521	9	32	21.95	CHG
4	20595423	20595521	272	1095	19.90	CHH
4	21744228	21744373	114	60	65.52	CG
4	21744228	21744373	5	50	9.09	CHG
4	21744228	21744373	394	1549	20.28	CHH
4	21934032	21934221	972	1327	42.28	CHH
4	22575513	22575843	1039	3902	21.03	CHH
4	25472006	25472224	18	62	22.50	CHG
4	25472006	25472224	310	1937	13.80	CHH
4	25475165	25475574	221	6	97.36	CG
4	25475165	25475574	452	298	60.27	CHG
4	25475165	25475574	1954	2898	40.27	CHH
4	28847972	28848187	52	0	100.00	CG
4	28847972	28848187	13	12	52.00	CHG
4	28847972	28848187	481	1525	23.98	CHH
4	33881401	33881625	573	20	96.63	CG
4	33881401	33881625	488	190	71.98	CHG
4	33881401	33881625	638	1381	31.60	CHH
5	490310	490462	511	6	98.84	CG
5	490310	490462	476	100	82.64	CHG
5	490310	490462	377	1405	21.16	CHH
5	1679699	1679790	446	1345	24.90	CHH
5	1682378	1682979	1716	25	98.56	CG
5	1682378	1682979	1236	221	84.83	CHG
5	1682378	1682979	1222	5329	18.65	CHH
5	1683133	1683258	45	24	65.22	CHG
5	1683133	1683258	238	1298	15.49	CHH
5	4894101	4894252	791	1278	38.23	CHH
5	5433067	5433323	122	7	94.57	CG
5	5433067	5433323	143	42	77.30	CHG
5	5433067	5433323	766	1583	32.61	CHH
5	5754539	5754748	124	15	89.21	CG
5	5754539	5754748	68	40	62.96	CHG
5	5754539	5754748	1005	1283	43.92	CHH
5	6820542	6820679	76	3	96.20	CG
5	6820542	6820679	12	30	28.57	CHG
5	6820542	6820679	352	1347	20.72	CHH
5	7418842	7418942	596	1026	36.74	CHH
5	10755227	10755310	149	5	96.75	CG
5	10755227	10755310	195	525	27.08	CHH
5	10919623	10920166	855	177	82.85	CG
5	10919623	10920166	132	212	38.37	CHG
5	10919623	10920166	704	4841	12.70	CHH
5	16055566	16055752	593	16	97.37	CG
5	16055566	16055752	170	138	55.19	CHG
5	16055566	16055752	288	1405	17.01	CHH
5	16055933	16056970	887	405	68.65	CG
5	16055933	16056970	606	981	38.19	CHG
5	16055933	16056970	1720	9952	14.74	CHH
5	16057231	16057477	227	143	61.35	CG
5	16057231	16057477	109	442	19.78	CHG
5	16057231	16057477	375	2318	13.92	CHH
5	16273063	16273157	291	886	24.72	CHH
5	16311105	16311318	164	3	98.20	CG
5	16311105	16311318	166	34	83.00	CHG
5	16311105	16311318	1421	1777	44.43	CHH
5	16856035	16856371	306	2	99.35	CG
5	16856035	16856371	434	37	92.14	CHG
5	16856035	16856371	825	2324	26.20	CHH
5	17137118	17137270	67	2	97.10	CG
5	17137118	17137270	630	1124	35.92	CHH
5	17258135	17258245	72	2	97.30	CG
5	17258135	17258245	635	510	55.46	CHH
5	19716275	19716490	74	2	97.37	CG
5	19716275	19716490	14	25	35.90	CHG
5	19716275	19716490	701	2083	25.18	CHH
5	21875509	21875764	304	3	99.02	CG
5	21875509	21875764	278	51	84.50	CHG
5	21875509	21875764	644	1972	24.62	CHH
5	22000757	22000964	40	19	67.80	CHG
5	22000757	22000964	692	994	41.04	CHH
5	22219878	22220102	895	1792	33.31	CHH
5	23987118	23987584	655	35	94.93	CG
5	23987118	23987584	892	302	74.71	CHG
5	23987118	23987584	292	4710	5.84	CHH
5	24142822	24143088	326	12	96.45	CG
5	24142822	24143088	34	71	32.38	CHG
5	24142822	24143088	677	2043	24.89	CHH
5	24848633	24848969	162	28	85.26	CHG
5	24848633	24848969	1693	2250	42.94	CHH
5	25916465	25916630	67	2	97.10	CHG
5	25916465	25916630	687	1373	33.35	CHH
6	302524	302830	85	1	98.84	CG
6	302524	302830	1626	2136	43.22	CHH
6	2377299	2377436	142	9	94.04	CG
6	2377299	2377436	27	79	25.47	CHG
6	2377299	2377436	291	1074	21.32	CHH
6	2717082	2717211	609	1209	33.50	CHH
6	2924454	2924561	157	5	96.91	CG
6	2924454	2924561	242	695	25.83	CHH
6	3943947	3944133	693	1986	25.87	CHH
6	5151759	5151869	936	883	51.46	CHH
6	7060562	7060710	1040	1100	48.60	CHH
6	8356414	8356617	1158	1531	43.06	CHH
6	8927960	8928209	76	5	93.83	CG
6	8927960	8928209	383	160	70.53	CHG
6	8927960	8928209	684	1860	26.89	CHH
6	11300952	11301165	2	57	3.39	CG
6	11300952	11301165	60	132	31.25	CHG
6	11300952	11301165	185	2064	8.23	CHH
6	19710274	19711097	964	169	85.08	CG
6	19710274	19711097	937	1168	44.51	CHG
6	19710274	19711097	1289	7497	14.67	CHH
6	19711261	19711591	32	917	3.37	CG
6	19711261	19711591	32	379	7.79	CHG
6	19711261	19711591	246	3484	6.60	CHH
6	23395298	23395797	310	9	97.18	CG
6	23395298	23395797	130	25	83.87	CHG
6	23395298	23395797	2035	3821	34.75	CHH
6	24030066	24030155	153	20	88.44	CHG
6	24030066	24030155	558	478	53.86	CHH
6	26270983	26271153	59	5	92.19	CG
6	26270983	26271153	35	30	53.85	CHG
6	26270983	26271153	907	1021	47.04	CHH
6	26899910	26900127	66	4	94.29	CG
6	26899910	26900127	541	1638	24.83	CHH
6	27022910	27023085	350	6	98.31	CG
6	27022910	27023085	421	2221	15.93	CHH
6	27804504	27805624	1229	53	95.87	CG
6	27804504	27805624	1194	713	62.61	CHG
6	27804504	27805624	1492	8653	14.71	CHH
6	28518067	28518486	178	248	41.78	CG
6	28518067	28518486	397	708	35.93	CHG
6	28518067	28518486	619	4958	11.10	CHH
6	29399343	29399607	140	9	93.96	CG
6	29399343	29399607	40	67	37.38	CHG
6	29399343	29399607	967	2433	28.44	CHH
6	30403805	30404034	440	1640	21.15	CHH
6	30913757	30913901	84	2	97.67	CG
6	30913757	30913901	25	25	50.00	CHG
6	30913757	30913901	833	1137	42.28	CHH
7	553125	553382	37	38	49.33	CHG
7	553125	553382	372	2803	11.72	CHH
7	1581483	1581569	36	23	61.02	CHG
7	1581483	1581569	186	788	19.10	CHH
7	2236802	2236948	163	5	97.02	CG
7	2236802	2236948	26	13	66.67	CHG
7	2236802	2236948	446	1443	23.61	CHH
7	2529367	2529520	709	818	46.43	CHH
7	4348410	4348541	4	168	2.33	CG
7	4348410	4348541	4	127	3.05	CHG
7	4348410	4348541	30	967	3.01	CHH
7	4352181	4353051	2611	85	96.85	CG
7	4352181	4353051	1069	540	66.44	CHG
7	4352181	4353051	1509	6916	17.91	CHH
7	4372878	4373534	696	28	96.13	CG
7	4372878	4373534	180	154	53.89	CHG
7	4372878	4373534	1114	6694	14.27	CHH
7	5121301	5121458	115	1	99.14	CG
7	5121301	5121458	56	6	90.32	CHG
7	5121301	5121458	489	928	34.51	CHH
7	7806227	7806511	40	19	67.80	CHG
7	7806227	7806511	1610	1294	55.44	CHH
7	8334119	8334358	29	40	42.03	CHG
7	8334119	8334358	1480	2190	40.33	CHH
7	15431878	15432092	169	6	96.57	CG
7	15431878	15432092	61	25	70.93	CHG
7	15431878	15432092	997	899	52.58	CHH
7	15714618	15714815	310	15	95.38	CG
7	15714618	15714815	136	192	41.46	CHG
7	15714618	15714815	588	1658	26.18	CHH
7	17790357	17790553	63	6	91.30	CG
7	17790357	17790553	167	35	82.67	CHG
7	17790357	17790553	869	1651	34.48	CHH
7	20129015	20129222	876	1361	39.16	CHH
7	20150949	20151108	75	3	96.15	CG
7	20150949	20151108	142	60	70.30	CHG
7	20150949	20151108	410	1748	19.00	CHH
7	20424851	20425235	73	5	93.59	CG
7	20424851	20425235	1018	3282	23.67	CHH
7	21311702	21311873	133	3	97.79	CG
7	21311702	21311873	170	56	75.22	CHG
7	21311702	21311873	752	1309	36.49	CHH
7	22392996	22393180	266	14	95.00	CG
7	22392996	22393180	203	37	84.58	CHG
7	22392996	22393180	330	1512	17.92	CHH
7	22532503	22532689	747	1736	30.08	CHH
7	22933956	22934220	925	8	99.14	CG
7	22933956	22934220	326	148	68.78	CHG
7	22933956	22934220	716	2502	22.25	CHH
7	24616760	24617444	1083	115	90.40	CG
7	24616760	24617444	712	333	68.13	CHG
7	24616760	24617444	880	4301	16.99	CHH
7	26258085	26258557	1089	27	97.58	CG
7	26258085	26258557	346	170	67.05	CHG
7	26258085	26258557	1300	3617	26.44	CHH
7	29243799	29244004	983	1510	39.43	CHH
7	29311074	29311344	1104	2262	32.80	CHH
7	29467990	29468204	1386	1241	52.76	CHH
8	1623373	1623626	86	4	95.56	CG
8	1623373	1623626	13	34	27.66	CHG
8	1623373	1623626	1343	1893	41.50	CHH
8	2431336	2431426	146	152	48.99	CG
8	2431336	2431426	20	17	54.05	CHG
8	2431336	2431426	396	1081	26.81	CHH
8	3751907	3752073	519	20	96.29	CG
8	3751907	3752073	281	124	69.38	CHG
8	3751907	3752073	234	1627	12.57	CHH
8	3958363	3958508	676	1222	35.62	CHH
8	5131858	5132029	121	14	89.63	CHG
8	5131858	5132029	792	1402	36.10	CHH
8	5836841	5837082	211	3	98.60	CG
8	5836841	5837082	817	1860	30.52	CHH
8	6753823	6754136	67	4	94.37	CG
8	6753823	6754136	194	28	87.39	CHG
8	6753823	6754136	1106	2376	31.76	CHH
8	7603360	7603612	187	2	98.94	CG
8	7603360	7603612	825	2221	27.08	CHH
8	7991786	7992320	161	716	18.36	CG
8	7991786	7992320	34	451	7.01	CHG
8	7991786	7992320	303	5246	5.46	CHH
8	8071926	8072156	336	5	98.53	CG
8	8071926	8072156	65	64	50.39	CHG
8	8071926	8072156	613	2023	23.25	CHH
8	10060129	10060270	882	878	50.11	CHH
8	10886885	10887057	168	4	97.67	CG
8	10886885	10887057	5	36	12.20	CHG
8	10886885	10887057	153	1873	7.55	CHH
8	12350212	12350309	78	2	97.50	CG
8	12350212	12350309	13	27	32.50	CHG
8	12350212	12350309	302	1031	22.66	CHH
8	16977330	16977737	67	2	97.10	CG
8	16977330	16977737	623	157	79.87	CHG
8	16977330	16977737	523	4296	10.85	CHH
8	18141156	18141305	317	1725	15.52	CHH
8	19423131	19423387	68	3	95.77	CG
8	19423131	19423387	3	34	8.11	CHG
8	19423131	19423387	776	1919	28.79	CHH
8	20377385	20377714	1186	34	97.21	CG
8	20377385	20377714	233	192	54.82	CHG
8	20377385	20377714	935	4116	18.51	CHH
8	20558563	20558824	46	18	71.88	CG
8	20558563	20558824	71	36	66.36	CHG
8	20558563	20558824	908	1771	33.89	CHH
8	21654366	21654527	168	30	84.85	CG
8	21654366	21654527	108	102	51.43	CHG
8	21654366	21654527	358	698	33.90	CHH
8	21694431	21694647	574	57	90.97	CG
8	21694431	21694647	238	89	72.78	CHG
8	21694431	21694647	334	2071	13.89	CHH
8	21694977	21695213	85	293	22.49	CG
8	21694977	21695213	105	766	12.06	CHG
8	21694977	21695213	295	2539	10.41	CHH
8	22776595	22776863	78	1	98.73	CG
8	22776595	22776863	270	201	57.32	CHG
8	22776595	22776863	811	2062	28.23	CHH
8	22948102	22948411	79	6	92.94	CG
8	22948102	22948411	1061	2828	27.28	CHH
8	23349964	23350100	118	5	95.93	CG
8	23349964	23350100	472	1763	21.12	CHH
8	24309357	24309533	11	196	5.31	CG
8	24309357	24309533	80	525	13.22	CHG
8	24309357	24309533	316	1854	14.56	CHH
8	24422312	24422568	64	5	92.75	CG
8	24422312	24422568	117	63	65.00	CHG
8	24422312	24422568	1150	2048	35.96	CHH
8	24736834	24737078	882	8	99.10	CG
8	24736834	24737078	177	129	57.84	CHG
8	24736834	24737078	205	2564	7.40	CHH
8	24750449	24750953	547	15	97.33	CG
8	24750449	24750953	588	219	72.86	CHG
8	24750449	24750953	766	5014	13.25	CHH
8	24784953	24785097	135	5	96.43	CG
8	24784953	24785097	72	40	64.29	CHG
8	24784953	24785097	255	1364	15.75	CHH
8	24834030	24834325	142	7	95.30	CG
8	24834030	24834325	71	2	97.26	CHG
8	24834030	24834325	1387	1952	41.54	CHH
8	26827794	26828034	187	331	36.10	CG
8	26827794	26828034	89	325	21.50	CHG
8	26827794	26828034	438	1737	20.14	CHH
8	27623734	27623958	636	23	96.51	CG
8	27623734	27623958	343	184	65.09	CHG
8	27623734	27623958	398	1936	17.05	CHH
8	28152674	28152872	966	986	49.49	CHH
9	1254705	1254916	206	5	97.63	CG
9	1254705	1254916	6	36	14.29	CHG
9	1254705	1254916	176	1028	14.62	CHH
9	1884036	1884200	619	1565	28.34	CHH
9	3634113	3634220	67	9	88.16	CHG
9	3634113	3634220	494	1049	32.02	CHH
9	4570159	4570785	995	22	97.84	CG
9	4570159	4570785	971	201	82.85	CHG
9	4570159	4570785	1680	4751	26.12	CHH
9	7158967	7159348	73	141	34.11	CG
9	7158967	7159348	102	289	26.09	CHG
9	7158967	7159348	547	3105	14.98	CHH
9	10378957	10379055	305	17	94.72	CG
9	10378957	10379055	126	168	42.86	CHG
9	10378957	10379055	94	716	11.60	CHH
9	10754150	10754480	70	2	97.22	CG
9	10754150	10754480	99	33	75.00	CHG
9	10754150	10754480	1438	2088	40.78	CHH
9	11037393	11037551	472	1645	22.30	CHH
9	12623164	12623411	58	1058	5.20	CG
9	12623164	12623411	63	585	9.72	CHG
9	12623164	12623411	173	1698	9.25	CHH
9	14633566	14633811	435	6	98.64	CG
9	14633566	14633811	282	71	79.89	CHG
9	14633566	14633811	1499	1511	49.80	CHH
9	16663866	16664244	515	148	77.68	CG
9	16663866	16664244	239	649	26.91	CHG
9	16663866	16664244	604	3935	13.31	CHH
9	17420619	17420974	90	6	93.75	CG
9	17420619	17420974	191	55	77.64	CHG
9	17420619	17420974	207	2348	8.10	CHH
10	368179	368447	117	21	84.78	CHG
10	368179	368447	707	2940	19.39	CHH
10	404795	404929	416	11	97.42	CG
10	404795	404929	15	48	23.81	CHG
10	404795	404929	340	1039	24.66	CHH
10	2576261	2576420	581	1431	28.88	CHH
10	3444619	3445144	191	487	28.17	CG
10	3444619	3445144	167	619	21.25	CHG
10	3444619	3445144	671	4250	13.64	CHH
10	5928588	5929269	1284	29	97.79	CG
10	5928588	5929269	1339	408	76.65	CHG
10	5928588	5929269	1089	6118	15.11	CHH
10	5932050	5932316	221	227	49.33	CG
10	5932050	5932316	136	535	20.27	CHG
10	5932050	5932316	530	2234	19.18	CHH
10	5932722	5933353	30	1238	2.37	CG
10	5932722	5933353	56	1001	5.30	CHG
10	5932722	5933353	434	5791	6.97	CHH
10	7535391	7535626	338	1630	17.17	CHH
10	8506073	8506152	91	61	59.87	CG
10	8506073	8506152	314	589	34.77	CHH
10	9497876	9498140	292	3	98.98	CG
10	9497876	9498140	39	28	58.21	CHG
10	9497876	9498140	1046	1635	39.02	CHH
10	11922949	11923127	86	3	96.63	CG
10	11922949	11923127	183	37	83.18	CHG
10	11922949	11923127	862	1380	38.45	CHH
10	12206026	12206233	48	1	97.96	CG
10	12206026	12206233	12	43	21.82	CHG
10	12206026	12206233	943	1735	35.21	CHH
10	16003795	16003950	33	45	42.31	CG
10	16003795	16003950	53	467	10.19	CHG
10	16003795	16003950	147	1630	8.27	CHH
10	16208913	16209034	83	5	94.32	CG
10	16208913	16209034	103	32	76.30	CHG
10	16208913	16209034	769	882	46.58	CHH
10	17033161	17033405	809	18	97.82	CG
10	17033161	17033405	244	81	75.08	CHG
10	17033161	17033405	766	1275	37.53	CHH
10	18046108	18046282	1060	914	53.70	CHH
10	18632472	18632641	563	1967	22.25	CHH
10	19698082	19698409	166	3	98.22	CG
10	19698082	19698409	235	16	93.63	CHG
10	19698082	19698409	1705	2669	38.98	CHH
10	21827999	21828272	85	54	61.15	CHG
10	21827999	21828272	1254	2428	34.06	CHH
10	22689536	22689741	1070	1489	41.81	CHH
11	1200546	1200636	65	1	98.48	CG
11	1200546	1200636	60	5	92.31	CHG
11	1200546	1200636	295	931	24.06	CHH
11	1713742	1714360	949	18	98.14	CG
11	1713742	1714360	750	125	85.71	CHG
11	1713742	1714360	1980	4803	29.19	CHH
11	1932470	1932979	47	1	97.92	CG
11	1932470	1932979	177	51	77.63	CHG
11	1932470	1932979	1757	3488	33.50	CHH
11	2378673	2378944	290	26	91.77	CG
11	2378673	2378944	14	75	15.73	CHG
11	2378673	2378944	1047	1827	36.43	CHH
11	3230260	3231106	1808	165	91.64	CG
11	3230260	3231106	819	711	53.53	CHG
11	3230260	3231106	1604	6376	20.10	CHH
11	3232048	3232407	99	505	16.39	CG
11	3232048	3232407	200	602	24.94	CHG
11	3232048	3232407	617	1541	28.59	CHH
11	7333753	7333946	125	4	96.90	CG
11	7333753	7333946	272	217	55.62	CHG
11	7333753	7333946	281	1753	13.82	CHH
11	7589703	7589963	80	4	95.24	CG
11	7589703	7589963	68	7	90.67	CHG
11	7589703	7589963	967	1657	36.85	CHH
11	7735116	7735554	547	12	97.85	CG
11	7735116	7735554	110	167	39.71	CHG
11	7735116	7735554	588	3906	13.08	CHH
11	7735709	7735929	315	23	93.20	CG
11	7735709	7735929	119	260	31.40	CHG
11	7735709	7735929	232	2236	9.40	CHH
11	9151816	9151968	25	35	41.67	CHG
11	9151816	9151968	383	1096	25.90	CHH
11	11787143	11787246	704	1053	40.07	CHH
11	16339318	16339504	378	10	97.42	CG
11	16339318	16339504	25	51	32.89	CHG
11	16339318	16339504	498	1607	23.66	CHH
11	16884445	16884740	126	3	97.67	CG
11	16884445	16884740	1399	1805	43.66	CHH
11	18415594	18415828	72	1	98.63	CG
11	18415594	18415828	512	2135	19.34	CHH
11	19255500	19255806	89	608	12.77	CG
11	19255500	19255806	75	398	15.86	CHG
11	19255500	19255806	495	2647	15.75	CHH
11	19817539	19817761	46	34	57.50	CHG
11	19817539	19817761	858	1074	44.41	CHH
11	21255747	21256111	506	7	98.64	CG
11	21255747	21256111	626	103	85.87	CHG
11	21255747	21256111	589	2843	17.16	CHH
11	22039593	22039763	142	24	85.54	CHG
11	22039593	22039763	780	1419	35.47	CHH
11	24851409	24851658	542	10	98.19	CG
11	24851409	24851658	647	50	92.83	CHG
11	24851409	24851658	730	2126	25.56	CHH
11	24991462	24991590	84	3	96.55	CG
11	24991462	24991590	148	184	44.58	CHG
11	24991462	24991590	568	882	39.17	CHH
11	25110396	25110624	112	4	96.55	CG
11	25110396	25110624	15	16	48.39	CHG
11	25110396	25110624	584	1430	29.00	CHH
11	25586084	25586542	327	16	95.34	CG
11	25586084	25586542	360	43	89.33	CHG
11	25586084	25586542	641	4695	12.01	CHH
11	25784649	25784892	174	4	97.75	CG
11	25784649	25784892	238	130	64.67	CHG
11	25784649	25784892	642	3171	16.84	CHH
11	25810584	25810761	52	27	65.82	CHG
11	25810584	25810761	499	1362	26.81	CHH
11	25853608	25853790	71	4	94.67	CG
11	25853608	25853790	823	1725	32.30	CHH
11	27017949	27019131	1612	47	97.17	CG
11	27017949	27019131	1931	877	68.77	CHG
11	27017949	27019131	1041	11386	8.38	CHH
11	28181129	28181426	81	4	95.29	CG
11	28181129	28181426	477	1453	24.72	CHH
12	217168	217301	165	2	98.80	CG
12	217168	217301	62	25	71.26	CHG
12	217168	217301	729	1053	40.91	CHH
12	552916	553122	470	1797	20.73	CHH
12	793700	793972	65	5	92.86	CHG
12	793700	793972	1497	1840	44.86	CHH
12	1049649	1049822	934	1028	47.60	CHH
12	1548545	1548692	128	20	86.49	CHG
12	1548545	1548692	463	1188	28.04	CHH
12	1801896	1802216	158	49	76.33	CG
12	1801896	1802216	209	142	59.54	CHG
12	1801896	1802216	618	2575	19.35	CHH
12	2466366	2466538	129	10	92.81	CHG
12	2466366	2466538	793	1599	33.15	CHH
12	4912586	4913038	1394	44	96.94	CG
12	4912586	4913038	905	449	66.84	CHG
12	4912586	4913038	648	4437	12.74	CHH
12	4914308	4915910	1062	40	96.37	CG
12	4914308	4915910	1594	945	62.78	CHG
12	4914308	4915910	2142	12890	14.25	CHH
12	7849278	7849532	411	15	96.48	CG
12	7849278	7849532	17	20	45.95	CHG
12	7849278	7849532	433	2152	16.75	CHH
12	10927998	10928435	74	7	91.36	CG
12	10927998	10928435	69	175	28.28	CHG
12	10927998	10928435	402	5016	7.42	CHH
12	12440435	12440631	540	211	71.90	CG
12	12440435	12440631	134	241	35.73	CHG
12	12440435	12440631	281	1334	17.40	CHH
12	12966688	12966790	576	1039	35.67	CHH
12	15202347	15202507	181	9	95.26	CG
12	15202347	15202507	65	44	59.63	CHG
12	15202347	15202507	233	1728	11.88	CHH
12	17986589	17987047	310	14	95.68	CG
12	17986589	17987047	389	138	73.81	CHG
12	17986589	17987047	896	3663	19.65	CHH
12	18392307	18392790	509	381	57.19	CG
12	18392307	18392790	300	798	27.32	CHG
12	18392307	18392790	344	4624	6.92	CHH
12	18396226	18396329	45	149	23.20	CG
12	18396226	18396329	24	164	12.77	CHG
12	18396226	18396329	65	918	6.61	CHH
12	18396524	18396891	233	210	52.60	CG
12	18396524	18396891	151	483	23.82	CHG
12	18396524	18396891	409	3558	10.31	CHH
12	18936325	18936741	948	38	96.15	CG
12	18936325	18936741	157	134	53.95	CHG
12	18936325	18936741	912	3818	19.28	CHH
12	19156150	19156313	74	2	97.37	CG
12	19156150	19156313	206	30	87.29	CHG
12	19156150	19156313	967	864	52.81	CHH
12	21831911	21832012	127	1231	9.35	CHH
12	22451242	22451490	21	64	24.71	CHG
12	22451242	22451490	1097	2059	34.76	CHH
12	22503691	22503984	314	6	98.12	CG
12	22503691	22503984	221	62	78.09	CHG
12	22503691	22503984	1164	2068	36.01	CHH
12	23090136	23090406	59	1	98.33	CG
12	23090136	23090406	1046	1659	38.67	CHH
12	23253874	23254115	162	3	98.18	CG
12	23253874	23254115	15	74	16.85	CHG
12	23253874	23254115	739	1920	27.79	CHH
12	23419385	23419484	72	8	90.00	CG
12	23419385	23419484	258	1012	20.31	CHH
12	23569460	23569549	217	17	92.74	CG
12	23569460	23569549	65	13	83.33	CHG
12	23569460	23569549	193	908	17.53	CHH
12	24728935	24729264	137	278	33.01	CG
12	24728935	24729264	195	521	27.23	CHG
12	24728935	24729264	556	2502	18.18	CHH
12	24730816	24731578	751	34	95.67	CG
12	24730816	24731578	1053	257	80.38	CHG
12	24730816	24731578	2180	4228	34.02	CHH
12	24732874	24733231	790	40	95.18	CG
12	24732874	24733231	526	280	65.26	CHG
12	24732874	24733231	503	3203	13.57	CHH
12	25285613	25285813	81	4	95.29	CG
12	25285613	25285813	857	1737	33.04	CHH
1	1349307	1349537	73	4	94.81	CHG
1	1349307	1349537	440	1982	18.17	CHH
1	10432345	10432562	719	1176	37.94	CG
1	10432345	10432562	249	724	25.59	CHG
1	10432345	10432562	641	1406	31.31	CHH
1	38517320	38517498	64	4	94.12	CG
1	38517320	38517498	59	48	55.14	CHG
1	38517320	38517498	810	1355	37.41	CHH
1	41145044	41145188	626	1127	35.71	CHH
2	5521685	5521830	126	12	91.30	CHG
2	5521685	5521830	821	988	45.38	CHH
3	8015940	8016118	627	2137	22.68	CHH
3	27785308	27785617	83	5	94.32	CG
3	27785308	27785617	1750	2331	42.88	CHH
4	21962681	21962889	214	2	99.07	CG
4	21962681	21962889	123	52	70.29	CHG
4	21962681	21962889	471	1726	21.44	CHH
4	26530153	26530244	230	925	19.91	CHH
6	7381595	7382197	653	803	44.85	CG
6	7381595	7382197	480	1034	31.70	CHG
6	7381595	7382197	716	3627	16.49	CHH
6	14809518	14809915	293	3	98.99	CG
6	14809518	14809915	206	208	49.76	CHG
6	14809518	14809915	1018	3510	22.48	CHH
7	17099241	17099723	59	2	96.72	CHG
7	17099241	17099723	2727	2696	50.29	CHH
8	26441035	26441114	36	88	29.03	CHG
8	26441035	26441114	175	698	20.05	CHH
9	3933418	3933532	71	2	97.26	CG
9	3933418	3933532	55	18	75.34	CHG
9	3933418	3933532	624	706	46.92	CHH
9	16215726	16215834	328	983	25.02	CHH
10	15011394	15011890	680	70	90.67	CG
10	15011394	15011890	259	236	52.32	CHG
10	15011394	15011890	880	2895	23.31	CHH
10	19941399	19941637	75	1	98.68	CG
10	19941399	19941637	620	1941	24.21	CHH
12	24432087	24432276	480	2277	17.41	CHH
1	301401	301650	227	10	95.78	CG
1	301401	301650	57	68	45.60	CHG
1	301401	301650	1279	1606	44.33	CHH
1	9436239	9436734	690	1019	40.37	CG
1	9436239	9436734	282	1308	17.74	CHG
1	9436239	9436734	370	3317	10.04	CHH
1	12143360	12144098	1215	44	96.51	CG
1	12143360	12144098	905	415	68.56	CHG
1	12143360	12144098	1025	8171	11.15	CHH
1	23765099	23765215	8	393	2.00	CG
1	23765099	23765215	27	306	8.11	CHG
1	23765099	23765215	67	1120	5.64	CHH
1	26638981	26639111	79	1	98.75	CG
1	26638981	26639111	136	25	84.47	CHG
1	26638981	26639111	248	1169	17.50	CHH
1	28181036	28181173	68	14	82.93	CG
1	28181036	28181173	56	113	33.14	CHG
1	28181036	28181173	353	1308	21.25	CHH
1	29055629	29055854	238	141	62.80	CG
1	29055629	29055854	165	303	35.26	CHG
1	29055629	29055854	419	2033	17.09	CHH
1	31589315	31589440	280	1610	14.81	CHH
1	33209708	33209844	80	5	94.12	CG
1	33209708	33209844	2	34	5.56	CHG
1	33209708	33209844	166	1486	10.05	CHH
1	37056464	37056585	104	39	72.73	CHG
1	37056464	37056585	311	1089	22.21	CHH
1	38496092	38496280	248	5	98.02	CG
1	38496092	38496280	42	63	40.00	CHG
1	38496092	38496280	252	1617	13.48	CHH
1	38671419	38671601	228	6	97.44	CG
1	38671419	38671601	550	1491	26.95	CHH
1	40617610	40617749	73	758	8.78	CHG
1	40617610	40617749	134	1390	8.79	CHH
1	41890335	41890557	57	1	98.28	CG
1	41890335	41890557	291	111	72.39	CHG
1	41890335	41890557	568	1254	31.17	CHH
1	42408453	42409215	1657	33	98.05	CG
1	42408453	42409215	1054	403	72.34	CHG
1	42408453	42409215	1028	5017	17.01	CHH
2	4648186	4648420	267	4	98.52	CG
2	4648186	4648420	89	43	67.42	CHG
2	4648186	4648420	825	2167	27.57	CHH
2	7605117	7605555	147	5	96.71	CG
2	7605117	7605555	157	13	92.35	CHG
2	7605117	7605555	913	4988	15.47	CHH
2	12582950	12583307	294	10	96.71	CG
2	12582950	12583307	113	37	75.33	CHG
2	12582950	12583307	331	3427	8.81	CHH
2	15589940	15590192	88	5	94.62	CG
2	15589940	15590192	364	302	54.65	CHG
2	15589940	15590192	1176	1757	40.10	CHH
2	25342968	25343092	39	3	92.86	CG
2	25342968	25343092	44	7	86.27	CHG
2	25342968	25343092	116	885	11.59	CHH
2	28230238	28230572	374	57	86.77	CHG
2	28230238	28230572	758	3599	17.40	CHH
2	28787543	28787788	213	4	98.16	CG
2	28787543	28787788	66	43	60.55	CHG
2	28787543	28787788	619	1901	24.56	CHH
2	29123726	29123981	270	2631	9.31	CHH
2	31639383	31639502	78	6	92.86	CG
2	31639383	31639502	358	1101	24.54	CHH
2	32251509	32251649	63	7	90.00	CHG
2	32251509	32251649	663	1401	32.12	CHH
2	33849781	33850113	287	18	94.10	CG
2	33849781	33850113	171	77	68.95	CHG
2	33849781	33850113	234	2942	7.37	CHH
2	34582792	34582911	53	11	82.81	CHG
2	34582792	34582911	811	984	45.18	CHH
3	3169366	3169453	143	769	15.68	CHH
3	6047207	6047392	179	3	98.35	CG
3	6047207	6047392	34	59	36.56	CHG
3	6047207	6047392	1069	2034	34.45	CHH
3	12710378	12710636	780	44	94.66	CG
3	12710378	12710636	172	81	67.98	CHG
3	12710378	12710636	471	2765	14.56	CHH
3	15103668	15103782	65	5	92.86	CHG
3	15103668	15103782	251	972	20.52	CHH
3	15613686	15613799	14	226	5.83	CG
3	15613686	15613799	15	223	6.30	CHG
3	15613686	15613799	72	1013	6.64	CHH
3	16776362	16776567	244	2079	10.50	CHH
3	16791092	16791367	570	13	97.77	CG
3	16791092	16791367	162	89	64.54	CHG
3	16791092	16791367	212	1999	9.59	CHH
3	16792013	16792301	164	35	82.41	CG
3	16792013	16792301	250	39	86.51	CHG
3	16792013	16792301	319	3134	9.24	CHH
3	17916587	17916910	301	37	89.05	CG
3	17916587	17916910	71	12	85.54	CHG
3	17916587	17916910	646	2463	20.78	CHH
3	20725201	20725339	68	2	97.14	CG
3	20725201	20725339	55	3	94.83	CHG
3	20725201	20725339	292	1441	16.85	CHH
3	24601757	24601980	117	9	92.86	CG
3	24601757	24601980	320	116	73.39	CHG
3	24601757	24601980	365	1984	15.54	CHH
3	27436719	27436866	73	4	94.81	CHG
3	27436719	27436866	152	1410	9.73	CHH
3	27617928	27618015	21	214	8.94	CG
3	27617928	27618015	31	124	20.00	CHG
3	27617928	27618015	144	764	15.86	CHH
3	27618313	27618751	220	90	70.97	CG
3	27618313	27618751	250	569	30.53	CHG
3	27618313	27618751	413	4117	9.12	CHH
3	29591935	29592097	83	3	96.51	CG
3	29591935	29592097	4	40	9.09	CHG
3	29591935	29592097	363	1816	16.66	CHH
3	31089191	31090510	3811	117	97.02	CG
3	31089191	31090510	2518	589	81.04	CHG
3	31089191	31090510	2423	9486	20.35	CHH
3	32110687	32111197	1262	12	99.06	CG
3	32110687	32111197	757	286	72.58	CHG
3	32110687	32111197	1716	3541	32.64	CHH
4	4915709	4916399	1799	39	97.88	CG
4	4915709	4916399	846	183	82.22	CHG
4	4915709	4916399	1073	6027	15.11	CHH
4	7381268	7381662	240	11	95.62	CG
4	7381268	7381662	385	116	76.85	CHG
4	7381268	7381662	651	3752	14.79	CHH
4	7888722	7888904	148	1	99.33	CG
4	7888722	7888904	72	7	91.14	CHG
4	7888722	7888904	680	1285	34.61	CHH
4	24127511	24127670	151	9	94.38	CG
4	24127511	24127670	66	8	89.19	CHG
4	24127511	24127670	716	1056	40.41	CHH
4	25426804	25426964	24	45	34.78	CHG
4	25426804	25426964	304	1812	14.37	CHH
4	25457672	25458128	1066	14	98.70	CG
4	25457672	25458128	267	156	63.12	CHG
4	25457672	25458128	678	4382	13.40	CHH
4	27630370	27630458	212	1062	16.64	CHH
4	27903713	27903888	504	2028	19.91	CHH
4	29191225	29191443	75	2	97.40	CG
4	29191225	29191443	103	86	54.50	CHG
4	29191225	29191443	458	2286	16.69	CHH
4	30022367	30022520	163	11	93.68	CG
4	30022367	30022520	598	1671	26.36	CHH
4	32693175	32693646	1104	21	98.13	CG
4	32693175	32693646	849	231	78.61	CHG
4	32693175	32693646	541	3703	12.75	CHH
4	33655119	33655383	272	9	96.80	CG
4	33655119	33655383	415	2933	12.40	CHH
5	2851958	2852160	650	1826	26.25	CHH
5	4829525	4830108	236	15	94.02	CG
5	4829525	4830108	167	34	83.08	CHG
5	4829525	4830108	564	5650	9.08	CHH
5	7972537	7972780	68	3	95.77	CG
5	7972537	7972780	40	34	54.05	CHG
5	7972537	7972780	1317	1952	40.29	CHH
5	10920468	10920712	213	14	93.83	CG
5	10920468	10920712	64	137	31.84	CHG
5	10920468	10920712	184	2328	7.32	CHH
5	17317435	17317693	146	8	94.81	CG
5	17317435	17317693	190	71	72.80	CHG
5	17317435	17317693	1188	2006	37.19	CHH
5	21464548	21464805	1100	2517	30.41	CHH
5	22429520	22429752	141	3	97.92	CG
5	22429520	22429752	71	39	64.55	CHG
5	22429520	22429752	967	1980	32.81	CHH
5	22973734	22973969	727	2510	22.46	CHH
5	26950841	26950938	78	3	96.30	CG
5	26950841	26950938	202	961	17.37	CHH
6	4186290	4186414	368	1702	17.78	CHH
6	6081368	6081698	58	881	6.18	CG
6	6081368	6081698	21	376	5.29	CHG
6	6081368	6081698	225	3360	6.28	CHH
6	9469938	9470183	877	1833	32.36	CHH
6	11305250	11305430	15	434	3.34	CG
6	11305250	11305430	3	75	3.85	CHG
6	11305250	11305430	164	1834	8.21	CHH
6	13738650	13738842	99	5	95.19	CG
6	13738650	13738842	30	229	11.58	CHG
6	13738650	13738842	38	1497	2.48	CHH
6	20384125	20384463	57	309	15.57	CG
6	20384125	20384463	88	496	15.07	CHG
6	20384125	20384463	301	3213	8.57	CHH
6	24282820	24282990	140	7	95.24	CHG
6	24282820	24282990	1222	1603	43.26	CHH
6	25073298	25073513	140	6	95.89	CG
6	25073298	25073513	71	119	37.37	CHG
6	25073298	25073513	454	1942	18.95	CHH
6	30191023	30191331	261	16	94.22	CG
6	30191023	30191331	499	63	88.79	CHG
6	30191023	30191331	998	2454	28.91	CHH
7	999031	999589	74	313	19.12	CG
7	999031	999589	87	1263	6.44	CHG
7	999031	999589	436	6233	6.54	CHH
7	3169312	3169590	28	48	36.84	CHG
7	3169312	3169590	1463	2413	37.75	CHH
7	3739834	3740067	264	11	96.00	CG
7	3739834	3740067	134	49	73.22	CHG
7	3739834	3740067	927	2063	31.00	CHH
7	18712663	18712940	602	3630	14.22	CHH
7	24811648	24811977	82	3	96.47	CG
7	24811648	24811977	55	15	78.57	CHG
7	24811648	24811977	1659	3292	33.51	CHH
8	1575049	1575210	430	1510	22.16	CHH
8	3073639	3073816	57	99	36.54	CG
8	3073639	3073816	166	355	31.86	CHG
8	3073639	3073816	291	1870	13.47	CHH
8	3388417	3388667	156	5	96.89	CG
8	3388417	3388667	110	70	61.11	CHG
8	3388417	3388667	1296	1918	40.32	CHH
8	5321619	5321826	75	3	96.15	CG
8	5321619	5321826	15	19	44.12	CHG
8	5321619	5321826	1139	1922	37.21	CHH
8	5680035	5680214	142	7	95.30	CG
8	5680035	5680214	146	16	90.12	CHG
8	5680035	5680214	427	2296	15.68	CHH
8	5778017	5778213	11	637	1.70	CG
8	5778017	5778213	27	266	9.22	CHG
8	5778017	5778213	62	1009	5.79	CHH
8	6111458	6111746	437	10	97.76	CG
8	6111458	6111746	249	154	61.79	CHG
8	6111458	6111746	534	3413	13.53	CHH
8	11782944	11783090	129	21	86.00	CHG
8	11782944	11783090	485	1817	21.07	CHH
8	15503593	15503835	74	3	96.10	CG
8	15503593	15503835	1293	1756	42.41	CHH
8	16978203	16978683	159	6	96.36	CG
8	16978203	16978683	637	309	67.34	CHG
8	16978203	16978683	256	5488	4.46	CHH
8	20980680	20981040	22	1046	2.06	CG
8	20980680	20981040	72	1091	6.19	CHG
8	20980680	20981040	138	2614	5.01	CHH
8	21691415	21691967	434	45	90.61	CG
8	21691415	21691967	356	191	65.08	CHG
8	21691415	21691967	751	5123	12.79	CHH
8	23488434	23488729	395	18	95.64	CG
8	23488434	23488729	141	97	59.24	CHG
8	23488434	23488729	399	2650	13.09	CHH
8	24768225	24768508	152	89	63.07	CG
8	24768225	24768508	33	385	7.89	CHG
8	24768225	24768508	274	3773	6.77	CHH
8	26169264	26169435	472	20	95.93	CG
8	26169264	26169435	101	40	71.63	CHG
8	26169264	26169435	581	717	44.76	CHH
8	28409753	28410078	165	6	96.49	CG
8	28409753	28410078	223	10	95.71	CHG
8	28409753	28410078	1385	3124	30.72	CHH
9	16086094	16086273	125	10	92.59	CG
9	16086094	16086273	68	34	66.67	CHG
9	16086094	16086273	447	1813	19.78	CHH
10	11192936	11193103	149	5	96.75	CG
10	11192936	11193103	65	85	43.33	CHG
10	11192936	11193103	408	2100	16.27	CHH
10	13147744	13147963	373	15	96.13	CG
10	13147744	13147963	122	59	67.40	CHG
10	13147744	13147963	567	2518	18.38	CHH
10	15870323	15870605	97	7	93.27	CG
10	15870323	15870605	188	279	40.26	CHG
10	15870323	15870605	454	1458	23.74	CHH
10	18561922	18562175	472	14	97.12	CG
10	18561922	18562175	666	176	79.10	CHG
10	18561922	18562175	692	2234	23.65	CHH
10	20762313	20762534	12	346	3.35	CG
10	20762313	20762534	24	727	3.20	CHG
10	20762313	20762534	57	2240	2.48	CHH
11	5554822	5555192	139	5	96.53	CG
11	5554822	5555192	566	102	84.73	CHG
11	5554822	5555192	1441	2061	41.15	CHH
11	7332863	7333120	126	4	96.92	CG
11	7332863	7333120	61	78	43.88	CHG
11	7332863	7333120	444	2080	17.59	CHH
11	8045721	8046006	865	197	81.45	CG
11	8045721	8046006	54	280	16.17	CHG
11	8045721	8046006	284	3310	7.90	CHH
11	14005572	14005699	252	1620	13.46	CHH
11	14311549	14311878	942	24	97.52	CG
11	14311549	14311878	281	80	77.84	CHG
11	14311549	14311878	780	3407	18.63	CHH
11	16979978	16980123	89	3	96.74	CG
11	16979978	16980123	208	2032	9.29	CHH
11	21412886	21413094	564	45	92.61	CG
11	21412886	21413094	145	317	31.39	CHG
11	21412886	21413094	210	1887	10.01	CHH
11	24387545	24387850	358	18	95.21	CG
11	24387545	24387850	590	447	56.89	CHG
11	24387545	24387850	244	3349	6.79	CHH
11	27017648	27017782	76	3	96.20	CG
11	27017648	27017782	73	41	64.04	CHG
11	27017648	27017782	163	1505	9.77	CHH
11	27682635	27683583	2372	81	96.70	CG
11	27682635	27683583	1548	494	75.81	CHG
11	27682635	27683583	1339	6276	17.58	CHH
12	961100	961336	121	11	91.67	CG
12	961100	961336	277	311	47.11	CHG
12	961100	961336	270	1737	13.45	CHH
12	21483416	21483688	229	10	95.82	CG
12	21483416	21483688	431	66	86.72	CHG
12	21483416	21483688	494	3491	12.40	CHH
12	22462835	22463098	24	265	8.30	CG
12	22462835	22463098	93	379	19.70	CHG
12	22462835	22463098	718	2094	25.53	CHH
12	25690213	25690552	368	121	75.26	CG
12	25690213	25690552	83	263	23.99	CHG
12	25690213	25690552	267	2846	8.58	CHH
