1	1377440	1378052	186	1	99.47	CG
1	1377440	1378052	242	78	75.62	CHG
1	1377440	1378052	2591	3316	43.86	CHH
1	1788440	1788928	475	8	98.34	CG
1	1788440	1788928	7	24	22.58	CHG
1	1788440	1788928	1500	3850	28.04	CHH
1	2260684	2260758	538	452	54.34	CHH
1	2522960	2523166	531	7	98.70	CG
1	2522960	2523166	83	80	50.92	CHG
1	2522960	2523166	574	1865	23.53	CHH
1	2556818	2558266	5216	66	98.75	CG
1	2556818	2558266	3450	442	88.64	CHG
1	2556818	2558266	4712	7257	39.37	CHH
1	9039676	9042883	4001	59	98.55	CG
1	9039676	9042883	3977	350	91.91	CHG
1	9039676	9042883	16901	14650	53.57	CHH
1	9437012	9437784	1155	10	99.14	CG
1	9437012	9437784	976	97	90.96	CHG
1	9437012	9437784	3021	2918	50.87	CHH
1	9767360	9767454	44	1	97.78	CG
1	9767360	9767454	41	15	73.21	CHG
1	9767360	9767454	438	499	46.74	CHH
1	10834154	10834494	44	31	58.67	CHG
1	10834154	10834494	1089	2337	31.79	CHH
1	10925172	10926295	2058	145	93.42	CG
1	10925172	10926295	1579	508	75.66	CHG
1	10925172	10926295	3446	5766	37.41	CHH
1	10926897	10927718	2372	83	96.62	CG
1	10926897	10927718	2257	409	84.66	CHG
1	10926897	10927718	1690	4471	27.43	CHH
1	11360960	11364336	5191	140	97.37	CG
1	11360960	11364336	3976	1132	77.84	CHG
1	11360960	11364336	12539	19342	39.33	CHH
1	11470931	11471326	482	119	80.20	CG
1	11470931	11471326	279	119	70.10	CHG
1	11470931	11471326	1185	2366	33.37	CHH
1	11471508	11474133	2573	52	98.02	CG
1	11471508	11474133	4375	997	81.44	CHG
1	11471508	11474133	9731	16033	37.77	CHH
1	14333472	14335930	5852	184	96.95	CG
1	14333472	14335930	3106	866	78.20	CHG
1	14333472	14335930	8861	12972	40.59	CHH
1	14336094	14337863	2989	96	96.89	CG
1	14336094	14337863	2799	497	84.92	CHG
1	14336094	14337863	8041	8539	48.50	CHH
1	14338097	14339310	2178	62	97.23	CG
1	14338097	14339310	1082	297	78.46	CHG
1	14338097	14339310	4240	6031	41.28	CHH
1	14358588	14358799	115	2	98.29	CG
1	14358588	14358799	124	29	81.05	CHG
1	14358588	14358799	1096	684	61.57	CHH
1	14961883	14962784	1163	1061	52.29	CG
1	14961883	14962784	677	1087	38.38	CHG
1	14961883	14962784	1799	5463	24.77	CHH
1	16709412	16710638	2594	54	97.96	CG
1	16709412	16710638	1599	549	74.44	CHG
1	16709412	16710638	2342	6726	25.83	CHH
1	20811098	20811408	154	337	31.36	CG
1	20811098	20811408	281	371	43.10	CHG
1	20811098	20811408	1040	2058	33.57	CHH
1	24162719	24162945	979	1332	42.36	CHH
1	25253730	25254035	139	467	22.94	CG
1	25253730	25254035	65	225	22.41	CHG
1	25253730	25254035	743	2020	26.89	CHH
1	25313000	25313256	214	659	24.51	CG
1	25313000	25313256	287	372	43.55	CHG
1	25313000	25313256	916	1267	41.96	CHH
1	28200381	28201852	1439	29	98.02	CG
1	28200381	28201852	1295	252	83.71	CHG
1	28200381	28201852	5922	6762	46.69	CHH
1	28202027	28203259	1702	42	97.59	CG
1	28202027	28203259	1154	208	84.73	CHG
1	28202027	28203259	4236	8507	33.24	CHH
1	28212608	28214734	3352	91	97.36	CG
1	28212608	28214734	2072	301	87.32	CHG
1	28212608	28214734	7368	14950	33.01	CHH
1	30431887	30432457	616	6	99.04	CG
1	30431887	30432457	114	70	61.96	CHG
1	30431887	30432457	2463	2896	45.96	CHH
1	30810046	30810702	796	391	67.06	CG
1	30810046	30810702	173	260	39.95	CHG
1	30810046	30810702	1781	4833	26.93	CHH
1	35537016	35537182	710	1313	35.10	CHH
1	40395626	40395876	67	1	98.53	CG
1	40395626	40395876	1132	1396	44.78	CHH
1	41155306	41155562	20	72	21.74	CHG
1	41155306	41155562	1803	1775	50.39	CHH
2	1869793	1870778	2364	68	97.20	CG
2	1869793	1870778	1836	383	82.74	CHG
2	1869793	1870778	3213	5442	37.12	CHH
2	2040558	2041143	1056	22	97.96	CG
2	2040558	2041143	707	104	87.18	CHG
2	2040558	2041143	2199	3750	36.96	CHH
2	3701574	3702250	505	57	89.86	CG
2	3701574	3702250	332	496	40.10	CHG
2	3701574	3702250	1616	5263	23.49	CHH
2	4194209	4194385	103	13	88.79	CHG
2	4194209	4194385	991	1003	49.70	CHH
2	4947306	4947538	58	1	98.31	CG
2	4947306	4947538	512	1394	26.86	CHH
2	5499042	5499299	531	4	99.25	CG
2	5499042	5499299	328	37	89.86	CHG
2	5499042	5499299	678	1827	27.07	CHH
2	5902991	5906606	4451	183	96.05	CG
2	5902991	5906606	6280	1710	78.60	CHG
2	5902991	5906606	15156	19910	43.22	CHH
2	6762287	6762792	396	4	99.00	CG
2	6762287	6762792	342	136	71.55	CHG
2	6762287	6762792	1006	3672	21.50	CHH
2	6796212	6796945	176	1029	14.61	CG
2	6796212	6796945	348	912	27.62	CHG
2	6796212	6796945	1453	3451	29.63	CHH
2	6797386	6798332	1152	230	83.36	CG
2	6797386	6798332	832	515	61.77	CHG
2	6797386	6798332	3100	5107	37.77	CHH
2	7606176	7607483	1237	28	97.79	CG
2	7606176	7607483	1069	369	74.34	CHG
2	7606176	7607483	3208	12127	20.92	CHH
2	7607731	7609075	1640	615	72.73	CG
2	7607731	7609075	817	770	51.48	CHG
2	7607731	7609075	3936	8817	30.86	CHH
2	8343974	8344975	1307	29	97.83	CG
2	8343974	8344975	1131	165	87.27	CHG
2	8343974	8344975	3805	6317	37.59	CHH
2	8345745	8345938	232	4	98.31	CG
2	8345745	8345938	151	63	70.56	CHG
2	8345745	8345938	436	1531	22.17	CHH
2	12333889	12333999	148	4	97.37	CG
2	12333889	12333999	99	56	63.87	CHG
2	12333889	12333999	495	802	38.16	CHH
2	13583003	13585128	2272	46	98.02	CG
2	13583003	13585128	4631	504	90.19	CHG
2	13583003	13585128	6288	16086	28.10	CHH
2	13872268	13872613	106	329	24.37	CG
2	13872268	13872613	112	556	16.77	CHG
2	13872268	13872613	563	2886	16.32	CHH
2	19469869	19471775	4126	557	88.11	CG
2	19469869	19471775	2217	1213	64.64	CHG
2	19469869	19471775	5795	11135	34.23	CHH
2	19977858	19978135	342	3	99.13	CG
2	19977858	19978135	448	123	78.46	CHG
2	19977858	19978135	998	1549	39.18	CHH
2	20745916	20746102	112	2	98.25	CG
2	20745916	20746102	81	15	84.38	CHG
2	20745916	20746102	564	1010	35.83	CHH
2	25258399	25258520	656	698	48.45	CHH
2	28737277	28737416	771	723	51.61	CHH
2	34952974	34953385	1249	32	97.50	CG
2	34952974	34953385	458	187	71.01	CHG
2	34952974	34953385	911	3973	18.65	CHH
2	34955560	34955809	1700	1054	61.73	CHH
3	1354664	1354914	298	2	99.33	CG
3	1354664	1354914	352	53	86.91	CHG
3	1354664	1354914	1380	1041	57.00	CHH
3	8409618	8409743	42	333	11.20	CG
3	8409618	8409743	97	223	30.31	CHG
3	8409618	8409743	318	1042	23.38	CHH
3	9319923	9320317	351	7	98.04	CG
3	9319923	9320317	81	15	84.38	CHG
3	9319923	9320317	1228	1930	38.89	CHH
3	15113224	15113412	1057	1566	40.30	CHH
3	17308009	17308190	54	2	96.43	CG
3	17308009	17308190	61	4	93.85	CHG
3	17308009	17308190	790	1192	39.86	CHH
3	20792869	20793598	120	412	22.56	CG
3	20792869	20793598	268	722	27.07	CHG
3	20792869	20793598	1672	5683	22.73	CHH
3	22406998	22410666	2745	1014	73.02	CG
3	22406998	22410666	4336	1208	78.21	CHG
3	22406998	22410666	15040	20036	42.88	CHH
3	23359385	23359602	155	9	94.51	CG
3	23359385	23359602	11	32	25.58	CHG
3	23359385	23359602	1073	1540	41.06	CHH
3	24569402	24572072	3851	90	97.72	CG
3	24569402	24572072	3875	482	88.94	CHG
3	24569402	24572072	10838	16916	39.05	CHH
3	24603937	24605042	1795	36	98.03	CG
3	24603937	24605042	1796	351	83.65	CHG
3	24603937	24605042	3591	5857	38.01	CHH
3	26143599	26144289	527	457	53.56	CG
3	26143599	26144289	463	698	39.88	CHG
3	26143599	26144289	2112	4399	32.44	CHH
3	27619055	27619344	243	59	80.46	CG
3	27619055	27619344	259	147	63.79	CHG
3	27619055	27619344	1005	2083	32.55	CHH
3	27619956	27621480	1915	2011	48.78	CG
3	27619956	27621480	1280	1712	42.78	CHG
3	27619956	27621480	4618	10032	31.52	CHH
3	28228225	28228487	1676	1842	47.64	CHH
3	29750151	29752956	4455	81	98.21	CG
3	29750151	29752956	2674	235	91.92	CHG
3	29750151	29752956	11490	13412	46.14	CHH
3	29885011	29885181	42	0	100.00	CG
3	29885011	29885181	87	12	87.88	CHG
3	29885011	29885181	940	786	54.46	CHH
3	30100210	30100463	78	1	98.73	CG
3	30100210	30100463	746	2083	26.37	CHH
3	30830679	30830818	725	766	48.63	CHH
3	32182087	32182430	78	4	95.12	CG
3	32182087	32182430	21	54	28.00	CHG
3	32182087	32182430	1358	2513	35.08	CHH
4	19683995	19684552	541	439	55.20	CG
4	19683995	19684552	512	698	42.31	CHG
4	19683995	19684552	1617	3606	30.96	CHH
4	19744896	19745083	100	21	82.64	CG
4	19744896	19745083	728	1105	39.72	CHH
4	21627729	21627912	159	3	98.15	CG
4	21627729	21627912	105	10	91.30	CHG
4	21627729	21627912	1401	937	59.92	CHH
4	24030042	24030690	361	1	99.72	CG
4	24030042	24030690	435	87	83.33	CHG
4	24030042	24030690	1852	4476	29.27	CHH
4	27907257	27907388	51	3	94.44	CG
4	27907257	27907388	7	23	23.33	CHG
4	27907257	27907388	506	746	40.42	CHH
4	30176025	30176485	287	9	96.96	CG
4	30176025	30176485	68	80	45.95	CHG
4	30176025	30176485	2039	3210	38.85	CHH
4	35050130	35050413	27	300	8.26	CG
4	35050130	35050413	92	346	21.00	CHG
4	35050130	35050413	588	2431	19.48	CHH
4	35050645	35051479	1246	99	92.64	CG
4	35050645	35051479	895	299	74.96	CHG
4	35050645	35051479	3294	4079	44.68	CHH
4	35051684	35052572	2345	34	98.57	CG
4	35051684	35052572	1079	148	87.94	CHG
4	35051684	35052572	4984	4392	53.16	CHH
4	35052766	35053258	348	768	31.18	CG
4	35052766	35053258	304	627	32.65	CHG
4	35052766	35053258	1160	2840	29.00	CHH
5	1135886	1136509	379	781	32.67	CG
5	1135886	1136509	360	1114	24.42	CHG
5	1135886	1136509	1225	4005	23.42	CHH
5	1681288	1681619	147	501	22.69	CG
5	1681288	1681619	207	481	30.09	CHG
5	1681288	1681619	1079	2309	31.85	CHH
5	4826765	4827929	1131	30	97.42	CG
5	4826765	4827929	1254	269	82.34	CHG
5	4826765	4827929	3899	9252	29.65	CHH
5	4828099	4828891	201	1325	13.17	CG
5	4828099	4828891	456	1073	29.82	CHG
5	4828099	4828891	2685	5314	33.57	CHH
5	4830291	4831171	636	879	41.98	CG
5	4830291	4831171	607	701	46.41	CHG
5	4830291	4831171	2746	6208	30.67	CHH
5	6765407	6765604	124	3	97.64	CG
5	6765407	6765604	119	64	65.03	CHG
5	6765407	6765604	373	1251	22.97	CHH
5	10917777	10919451	2832	57	98.03	CG
5	10917777	10919451	2686	987	73.13	CHG
5	10917777	10919451	5058	12206	29.30	CHH
5	11242827	11244802	2399	84	96.62	CG
5	11242827	11244802	3042	361	89.39	CHG
5	11242827	11244802	7112	13163	35.08	CHH
5	21149049	21149184	56	352	13.73	CG
5	21149049	21149184	130	288	31.10	CHG
5	21149049	21149184	433	1102	28.21	CHH
5	21857485	21857720	255	9	96.59	CG
5	21857485	21857720	332	56	85.57	CHG
5	21857485	21857720	927	1168	44.25	CHH
5	25347572	25347835	96	389	19.79	CG
5	25347572	25347835	94	449	17.31	CHG
5	25347572	25347835	491	1975	19.91	CHH
5	25348057	25348813	376	14	96.41	CG
5	25348057	25348813	475	1295	26.84	CHG
5	25348057	25348813	1887	4894	27.83	CHH
5	25352498	25355138	2254	619	78.45	CG
5	25352498	25355138	2614	1774	59.57	CHG
5	25352498	25355138	9483	15287	38.28	CHH
5	25355297	25357051	2826	58	97.99	CG
5	25355297	25357051	2055	478	81.13	CHG
5	25355297	25357051	6932	10576	39.59	CHH
5	26872353	26874176	2036	1423	58.86	CG
5	26872353	26874176	1659	1072	60.75	CHG
5	26872353	26874176	6482	12898	33.45	CHH
5	26989629	26989802	42	12	77.78	CHG
5	26989629	26989802	928	1059	46.70	CHH
6	6078118	6079550	1420	41	97.19	CG
6	6078118	6079550	2661	843	75.94	CHG
6	6078118	6079550	3790	9284	28.99	CHH
6	6079751	6080866	1902	33	98.29	CG
6	6079751	6080866	1397	175	88.87	CHG
6	6079751	6080866	2219	8888	19.98	CHH
6	7535836	7537636	1758	692	71.76	CG
6	7535836	7537636	1784	1125	61.33	CHG
6	7535836	7537636	5297	12308	30.09	CHH
6	7537860	7538806	2157	53	97.60	CG
6	7537860	7538806	1070	257	80.63	CHG
6	7537860	7538806	2326	6252	27.12	CHH
6	7540556	7540748	115	10	92.00	CG
6	7540556	7540748	669	788	45.92	CHH
6	7725720	7725950	390	10	97.50	CG
6	7725720	7725950	434	132	76.68	CHG
6	7725720	7725950	488	1171	29.42	CHH
6	11302246	11302995	690	16	97.73	CG
6	11302246	11302995	1242	353	77.87	CHG
6	11302246	11302995	1920	4366	30.54	CHH
6	11303180	11304874	2945	60	98.00	CG
6	11303180	11304874	1959	480	80.32	CHG
6	11303180	11304874	7204	10908	39.77	CHH
6	13428012	13431273	3354	111	96.80	CG
6	13428012	13431273	4507	588	88.46	CHG
6	13428012	13431273	14846	17026	46.58	CHH
6	17321639	17321861	26	167	13.47	CG
6	17321639	17321861	62	373	14.25	CHG
6	17321639	17321861	407	1660	19.69	CHH
6	22376044	22376666	367	25	93.62	CG
6	22376044	22376666	123	107	53.48	CHG
6	22376044	22376666	2160	3505	38.13	CHH
6	23537611	23537873	134	8	94.37	CHG
6	23537611	23537873	1031	2146	32.45	CHH
6	25078471	25078618	43	37	53.75	CHG
6	25078471	25078618	684	1353	33.58	CHH
6	25314682	25315364	431	11	97.51	CG
6	25314682	25315364	381	93	80.38	CHG
6	25314682	25315364	2235	5537	28.76	CHH
6	26183206	26183498	66	1	98.51	CG
6	26183206	26183498	2123	1149	64.88	CHH
6	27799633	27800383	40	420	8.70	CG
6	27799633	27800383	147	735	16.67	CHG
6	27799633	27800383	1558	5788	21.21	CHH
6	27801639	27802209	117	441	20.97	CG
6	27801639	27802209	241	550	30.47	CHG
6	27801639	27802209	1165	2942	28.37	CHH
6	27807200	27808739	1637	424	79.43	CG
6	27807200	27808739	2157	1014	68.02	CHG
6	27807200	27808739	5252	8208	39.02	CHH
6	29377073	29378367	2399	53	97.84	CG
6	29377073	29378367	2318	293	88.78	CHG
6	29377073	29378367	5309	7024	43.05	CHH
6	29378560	29380306	4429	92	97.97	CG
6	29378560	29380306	2649	477	84.74	CHG
6	29378560	29380306	8189	8933	47.83	CHH
7	436559	436644	483	753	39.08	CHH
7	3142735	3143078	596	6	99.00	CG
7	3142735	3143078	552	92	85.71	CHG
7	3142735	3143078	1776	1550	53.40	CHH
7	3220899	3221205	64	1	98.46	CG
7	3220899	3221205	2436	1588	60.54	CHH
7	4348747	4349352	852	43	95.20	CG
7	4348747	4349352	417	165	71.65	CHG
7	4348747	4349352	1748	3191	35.39	CHH
7	4349624	4350850	2088	21	99.00	CG
7	4349624	4350850	1526	382	79.98	CHG
7	4349624	4350850	3629	6135	37.17	CHH
7	4351012	4351916	1454	47	96.87	CG
7	4351012	4351916	1402	293	82.71	CHG
7	4351012	4351916	3477	5802	37.47	CHH
7	4373857	4376166	2522	165	93.86	CG
7	4373857	4376166	2442	936	72.29	CHG
7	4373857	4376166	10464	11954	46.68	CHH
7	6141659	6141862	541	4	99.27	CG
7	6141659	6141862	286	54	84.12	CHG
7	6141659	6141862	735	1415	34.19	CHH
7	8294134	8294483	10	585	1.68	CG
7	8294134	8294483	57	619	8.43	CHG
7	8294134	8294483	347	3597	8.80	CHH
7	8296050	8297360	1063	15	98.61	CG
7	8296050	8297360	958	431	68.97	CHG
7	8296050	8297360	4034	8271	32.78	CHH
7	8297831	8298242	260	15	94.55	CG
7	8297831	8298242	305	364	45.59	CHG
7	8297831	8298242	863	3075	21.91	CHH
7	8993394	8993705	138	2	98.57	CG
7	8993394	8993705	1303	1829	41.60	CHH
7	15188698	15188829	73	17	81.11	CHG
7	15188698	15188829	832	1439	36.64	CHH
7	15677983	15678606	467	674	40.93	CG
7	15677983	15678606	325	821	28.36	CHG
7	15677983	15678606	1148	4226	21.36	CHH
7	15715017	15716282	1140	428	72.70	CG
7	15715017	15716282	1611	904	64.06	CHG
7	15715017	15716282	3561	6746	34.55	CHH
7	15716649	15717550	1483	37	97.57	CG
7	15716649	15717550	998	372	72.85	CHG
7	15716649	15717550	2383	6192	27.79	CHH
7	15987686	15990374	2649	57	97.89	CG
7	15987686	15990374	2332	1051	68.93	CHG
7	15987686	15990374	7357	19216	27.69	CHH
7	16599468	16599909	180	8	95.74	CG
7	16599468	16599909	307	579	34.65	CHG
7	16599468	16599909	1071	3012	26.23	CHH
7	18624941	18625154	65	1	98.48	CG
7	18624941	18625154	72	20	78.26	CHG
7	18624941	18625154	1137	1103	50.76	CHH
7	19254932	19255653	451	470	48.97	CG
7	19254932	19255653	479	1993	19.38	CHG
7	19254932	19255653	1482	5585	20.97	CHH
7	20003073	20003442	306	426	41.80	CG
7	20003073	20003442	86	271	24.09	CHG
7	20003073	20003442	586	2250	20.66	CHH
7	20004260	20004538	87	495	14.95	CG
7	20004260	20004538	248	543	31.35	CHG
7	20004260	20004538	919	2037	31.09	CHH
7	22460506	22460644	126	924	12.00	CG
7	22460506	22460644	69	295	18.96	CHG
7	22460506	22460644	328	946	25.75	CHH
7	24948880	24949085	1615	891	64.45	CHH
7	25909857	25910353	489	11	97.80	CG
7	25909857	25910353	626	232	72.96	CHG
7	25909857	25910353	1743	3030	36.52	CHH
7	27169621	27169836	16	45	26.23	CG
7	27169621	27169836	224	266	45.71	CHG
7	27169621	27169836	1036	1155	47.28	CHH
7	27307263	27307688	598	9	98.52	CG
7	27307263	27307688	499	104	82.75	CHG
7	27307263	27307688	1653	1442	53.41	CHH
8	5778397	5779045	772	144	84.28	CG
8	5778397	5779045	545	412	56.95	CHG
8	5778397	5779045	1574	2301	40.62	CHH
8	5779226	5780049	492	193	71.82	CG
8	5779226	5780049	588	332	63.91	CHG
8	5779226	5780049	3143	4204	42.78	CHH
8	7765923	7766237	326	16	95.32	CG
8	7765923	7766237	157	204	43.49	CHG
8	7765923	7766237	529	3204	14.17	CHH
8	7766623	7766940	456	8	98.28	CG
8	7766623	7766940	332	327	50.38	CHG
8	7766623	7766940	693	2965	18.94	CHH
8	7767812	7769432	1565	34	97.87	CG
8	7767812	7769432	1468	398	78.67	CHG
8	7767812	7769432	4224	11953	26.11	CHH
8	10497174	10498216	1492	38	97.52	CG
8	10497174	10498216	876	130	87.08	CHG
8	10497174	10498216	2975	7483	28.45	CHH
8	10498395	10499575	643	24	96.40	CG
8	10498395	10499575	883	455	65.99	CHG
8	10498395	10499575	3852	6494	37.23	CHH
8	15456518	15458380	3006	90	97.09	CG
8	15456518	15458380	2495	488	83.64	CHG
8	15456518	15458380	8987	9627	48.28	CHH
8	15458644	15461086	2758	60	97.87	CG
8	15458644	15461086	2380	454	83.98	CHG
8	15458644	15461086	11254	13566	45.34	CHH
8	21692817	21694038	1488	41	97.32	CG
8	21692817	21694038	2014	337	85.67	CHG
8	21692817	21694038	3982	9114	30.41	CHH
8	22741998	22742320	33	46	41.77	CHG
8	22741998	22742320	1278	2270	36.02	CHH
8	24735337	24736197	736	14	98.13	CG
8	24735337	24736197	780	375	67.53	CHG
8	24735337	24736197	2895	6305	31.47	CHH
8	24968997	24969171	69	0	100.00	CG
8	24968997	24969171	81	24	77.14	CHG
8	24968997	24969171	900	1453	38.25	CHH
8	27145493	27145904	264	450	36.97	CG
8	27145493	27145904	125	262	32.30	CHG
8	27145493	27145904	1058	3211	24.78	CHH
8	27146154	27147151	643	157	80.38	CG
8	27146154	27147151	276	237	53.80	CHG
8	27146154	27147151	2955	5488	35.00	CHH
9	12622010	12622195	133	482	21.63	CG
9	12622010	12622195	63	121	34.24	CHG
9	12622010	12622195	501	1364	26.86	CHH
9	12622461	12622831	451	406	52.63	CG
9	12622461	12622831	92	226	28.93	CHG
9	12622461	12622831	943	2800	25.19	CHH
9	15228404	15229163	778	132	85.49	CG
9	15228404	15229163	742	497	59.89	CHG
9	15228404	15229163	3300	5175	38.94	CHH
9	16724009	16725093	829	17	97.99	CG
9	16724009	16725093	1102	202	84.51	CHG
9	16724009	16725093	4083	6461	38.72	CHH
9	16725343	16726536	2142	102	95.45	CG
9	16725343	16726536	1300	343	79.12	CHG
9	16725343	16726536	3959	6269	38.71	CHH
9	19098095	19098253	60	0	100.00	CG
9	19098095	19098253	80	42	65.57	CHG
9	19098095	19098253	627	945	39.89	CHH
9	21886164	21886293	554	1123	33.04	CHH
10	403342	404217	1336	471	73.93	CG
10	403342	404217	1027	1010	50.42	CHG
10	403342	404217	2463	4438	35.69	CHH
10	707135	707736	1379	376	78.58	CG
10	707135	707736	742	1138	39.47	CHG
10	707135	707736	1852	3390	35.33	CHH
10	708160	710138	5207	104	98.04	CG
10	708160	710138	3173	758	80.72	CHG
10	708160	710138	4884	11652	29.54	CHH
10	1838124	1838526	146	2	98.65	CG
10	1838124	1838526	72	4	94.74	CHG
10	1838124	1838526	2477	1769	58.34	CHH
10	1890175	1890720	574	17	97.12	CG
10	1890175	1890720	518	324	61.52	CHG
10	1890175	1890720	1745	3324	34.42	CHH
10	5680298	5680662	751	450	62.53	CG
10	5680298	5680662	527	913	36.60	CHG
10	5680298	5680662	944	1792	34.50	CHH
10	5930107	5931241	2286	82	96.54	CG
10	5930107	5931241	1782	1099	61.85	CHG
10	5930107	5931241	3715	6196	37.48	CHH
10	5931400	5931895	740	19	97.50	CG
10	5931400	5931895	573	294	66.09	CHG
10	5931400	5931895	1992	2473	44.61	CHH
10	5933659	5934116	130	958	11.95	CG
10	5933659	5934116	350	855	29.05	CHG
10	5933659	5934116	1021	2130	32.40	CHH
10	6420591	6420748	98	270	26.63	CHG
10	6420591	6420748	485	1071	31.17	CHH
10	15986962	15990245	3742	56	98.53	CG
10	15986962	15990245	3567	1450	71.10	CHG
10	15986962	15990245	9354	20657	31.17	CHH
10	15991567	15992011	153	820	15.72	CG
10	15991567	15992011	349	862	28.82	CHG
10	15991567	15992011	1338	2666	33.42	CHH
10	16004469	16005053	289	2207	11.58	CG
10	16004469	16005053	376	1308	22.33	CHG
10	16004469	16005053	1137	2588	30.52	CHH
10	16006434	16007004	368	1150	24.24	CG
10	16006434	16007004	637	682	48.29	CHG
10	16006434	16007004	1645	1985	45.32	CHH
10	18101624	18101816	422	6	98.60	CG
10	18101624	18101816	248	109	69.47	CHG
10	18101624	18101816	1153	732	61.17	CHH
10	20291443	20292459	1840	39	97.92	CG
10	20291443	20292459	1084	210	83.77	CHG
10	20291443	20292459	1879	4979	27.40	CHH
10	20777405	20778626	1805	43	97.67	CG
10	20777405	20778626	1663	341	82.98	CHG
10	20777405	20778626	6137	5767	51.55	CHH
10	20778820	20779263	69	398	14.78	CG
10	20778820	20779263	206	803	20.42	CHG
10	20778820	20779263	890	2656	25.10	CHH
10	22690213	22690439	1394	862	61.79	CHH
11	569050	569549	111	1	99.11	CG
11	569050	569549	526	89	85.53	CHG
11	569050	569549	2509	2040	55.15	CHH
11	1878755	1878890	80	64	55.56	CG
11	1878755	1878890	117	117	50.00	CHG
11	1878755	1878890	660	593	52.67	CHH
11	1947206	1947542	62	1	98.41	CG
11	1947206	1947542	774	2069	27.22	CHH
11	2541708	2543393	613	815	42.93	CG
11	2541708	2543393	683	3108	18.02	CHG
11	2541708	2543393	3446	13512	20.32	CHH
11	7731537	7734405	2265	62	97.34	CG
11	7731537	7734405	3091	658	82.45	CHG
11	7731537	7734405	12102	17445	40.96	CHH
11	7740288	7741705	2496	285	89.75	CG
11	7740288	7741705	1723	615	73.70	CHG
11	7740288	7741705	4054	7532	34.99	CHH
11	7741944	7742391	295	436	40.36	CG
11	7741944	7742391	544	841	39.28	CHG
11	7741944	7742391	1620	2804	36.62	CHH
11	11662804	11663369	308	6	98.09	CG
11	11662804	11663369	463	45	91.14	CHG
11	11662804	11663369	1594	4187	27.57	CHH
11	13632522	13632647	107	217	33.02	CHG
11	13632522	13632647	396	819	32.59	CHH
11	14006096	14006227	564	988	36.34	CHH
11	16006890	16007049	85	1	98.84	CG
11	16006890	16007049	32	11	74.42	CHG
11	16006890	16007049	1297	967	57.29	CHH
11	16330929	16332016	792	697	53.19	CG
11	16330929	16332016	1027	1885	35.27	CHG
11	16330929	16332016	3430	7952	30.14	CHH
11	16332352	16336587	6763	834	89.02	CG
11	16332352	16336587	6202	1807	77.44	CHG
11	16332352	16336587	16799	24436	40.74	CHH
11	19478887	19479310	447	12	97.39	CG
11	19478887	19479310	678	370	64.69	CHG
11	19478887	19479310	2235	1855	54.65	CHH
11	20707212	20707528	68	274	19.88	CG
11	20707212	20707528	288	608	32.14	CHG
11	20707212	20707528	878	1973	30.80	CHH
11	21197890	21198236	82	52	61.19	CHG
11	21197890	21198236	2475	2111	53.97	CHH
11	23435202	23435727	93	119	43.87	CG
11	23435202	23435727	547	802	40.55	CHG
11	23435202	23435727	1952	2956	39.77	CHH
11	24391044	24392970	1684	14	99.18	CG
11	24391044	24392970	3712	881	80.82	CHG
11	24391044	24392970	6125	13009	32.01	CHH
11	24393313	24394212	653	8	98.79	CG
11	24393313	24394212	1321	190	87.43	CHG
11	24393313	24394212	3206	3673	46.61	CHH
11	24395075	24395260	63	218	22.42	CG
11	24395075	24395260	32	69	31.68	CHG
11	24395075	24395260	472	1300	26.64	CHH
11	26205598	26205997	214	64	76.98	CG
11	26205598	26205997	46	459	9.11	CHG
11	26205598	26205997	440	3800	10.38	CHH
12	1816647	1816809	74	2	97.37	CG
12	1816647	1816809	1175	885	57.04	CHH
12	4729330	4730513	1295	84	93.91	CG
12	4729330	4730513	706	603	53.93	CHG
12	4729330	4730513	3486	9603	26.63	CHH
12	4730790	4736244	5508	141	97.50	CG
12	4730790	4736244	5738	1202	82.68	CHG
12	4730790	4736244	19389	31416	38.16	CHH
12	4736420	4737233	1147	79	93.56	CG
12	4736420	4737233	787	424	64.99	CHG
12	4736420	4737233	2422	3753	39.22	CHH
12	4900521	4901766	1225	51	96.00	CG
12	4900521	4901766	892	649	57.88	CHG
12	4900521	4901766	2780	8866	23.87	CHH
12	5021892	5024116	1582	36	97.78	CG
12	5021892	5024116	3381	1240	73.17	CHG
12	5021892	5024116	6929	15247	31.25	CHH
12	5024498	5027592	1766	43	97.62	CG
12	5024498	5027592	3735	1421	72.44	CHG
12	5024498	5027592	9759	21554	31.17	CHH
12	11362213	11362441	64	1	98.46	CG
12	11362213	11362441	64	17	79.01	CHG
12	11362213	11362441	1596	1478	51.92	CHH
12	17500982	17502112	473	411	53.51	CG
12	17500982	17502112	617	496	55.44	CHG
12	17500982	17502112	3607	6579	35.41	CHH
12	17502305	17503335	1433	33	97.75	CG
12	17502305	17503335	463	142	76.53	CHG
12	17502305	17503335	2143	5291	28.83	CHH
12	17984560	17985250	87	926	8.59	CG
12	17984560	17985250	225	960	18.99	CHG
12	17984560	17985250	1535	4986	23.54	CHH
12	17985763	17986319	608	115	84.09	CG
12	17985763	17986319	248	148	62.63	CHG
12	17985763	17986319	1214	3999	23.29	CHH
12	18393551	18394277	559	337	62.39	CG
12	18393551	18394277	257	462	35.74	CHG
12	18393551	18394277	2930	4230	40.92	CHH
12	19120680	19120950	82	56	59.42	CG
12	19120680	19120950	75	8	90.36	CHG
12	19120680	19120950	1228	1794	40.64	CHH
12	24728431	24728725	194	531	26.76	CG
12	24728431	24728725	533	824	39.28	CHG
12	24728431	24728725	1344	1824	42.42	CHH
12	24729444	24730180	1955	60	97.02	CG
12	24729444	24730180	1834	425	81.19	CHG
12	24729444	24730180	2643	2565	50.75	CHH
12	24734143	24734410	50	398	11.16	CG
12	24734143	24734410	370	890	29.37	CHG
12	24734143	24734410	880	1667	34.55	CHH
12	25119408	25119711	434	3	99.31	CG
12	25119408	25119711	293	160	64.68	CHG
12	25119408	25119711	931	1723	35.08	CHH
1	4981767	4981906	992	398	71.37	CHH
1	18984904	18985083	67	3	95.71	CG
1	18984904	18985083	67	38	63.81	CHG
1	18984904	18985083	773	1213	38.92	CHH
1	27335823	27335919	184	21	89.76	CG
1	27335823	27335919	59	44	57.28	CHG
1	27335823	27335919	452	624	42.01	CHH
1	39322830	39323057	423	10	97.69	CG
1	39322830	39323057	246	131	65.25	CHG
1	39322830	39323057	705	2213	24.16	CHH
2	4474885	4475212	576	12	97.96	CG
2	4474885	4475212	261	70	78.85	CHG
2	4474885	4475212	1890	1280	59.62	CHH
2	17785746	17785984	130	2	98.48	CG
2	17785746	17785984	1512	754	66.73	CHH
2	24587774	24587906	116	6	95.08	CG
2	24587774	24587906	55	4	93.22	CHG
2	24587774	24587906	881	610	59.09	CHH
2	32687570	32687718	283	286	49.74	CG
2	32687570	32687718	268	263	50.47	CHG
2	32687570	32687718	1126	906	55.41	CHH
3	7246619	7246872	641	7	98.92	CG
3	7246619	7246872	171	53	76.34	CHG
3	7246619	7246872	1145	1625	41.34	CHH
3	16709783	16710100	539	12	97.82	CG
3	16709783	16710100	406	77	84.06	CHG
3	16709783	16710100	1047	1866	35.94	CHH
3	18637898	18638001	80	3	96.39	CG
3	18637898	18638001	425	854	33.23	CHH
3	24572450	24572571	309	1260	19.69	CHH
3	27626160	27626452	311	14	95.69	CG
3	27626160	27626452	78	163	32.37	CHG
3	27626160	27626452	813	1937	29.56	CHH
3	33684752	33685642	1479	29	98.08	CG
3	33684752	33685642	941	332	73.92	CHG
3	33684752	33685642	2547	5858	30.30	CHH
4	28531802	28532069	85	4	95.51	CG
4	28531802	28532069	20	25	44.44	CHG
4	28531802	28532069	1729	1750	49.70	CHH
4	33656481	33656726	889	21	97.69	CG
4	33656481	33656726	54	96	36.00	CHG
4	33656481	33656726	441	1540	22.26	CHH
5	1135186	1135369	164	81	66.94	CG
5	1135186	1135369	52	161	24.41	CHG
5	1135186	1135369	491	1260	28.04	CHH
6	5377103	5377226	35	32	52.24	CHG
6	5377103	5377226	734	621	54.17	CHH
6	7540043	7540265	174	3	98.31	CG
6	7540043	7540265	68	21	76.40	CHG
6	7540043	7540265	920	1636	35.99	CHH
6	11997277	11997419	207	18	92.00	CG
6	11997277	11997419	85	37	69.67	CHG
6	11997277	11997419	313	1344	18.89	CHH
6	13951510	13951630	123	0	100.00	CG
6	13951510	13951630	213	47	81.92	CHG
6	13951510	13951630	361	721	33.36	CHH
6	18069889	18070192	427	23	94.89	CG
6	18069889	18070192	342	125	73.23	CHG
6	18069889	18070192	1252	2356	34.70	CHH
7	8049142	8049326	679	4	99.41	CG
7	8049142	8049326	167	136	55.12	CHG
7	8049142	8049326	640	1917	25.03	CHH
7	13286370	13286485	466	956	32.77	CHH
7	26251607	26251758	713	824	46.39	CHH
7	27119822	27120089	77	1	98.72	CG
7	27119822	27120089	18	60	23.08	CHG
7	27119822	27120089	1332	2079	39.05	CHH
7	28376367	28376563	74	1	98.67	CG
7	28376367	28376563	49	19	72.06	CHG
7	28376367	28376563	1315	1308	50.13	CHH
8	9447539	9448026	326	1537	17.50	CG
8	9447539	9448026	275	1096	20.06	CHG
8	9447539	9448026	1045	3765	21.73	CHH
9	16928122	16928188	478	598	44.42	CHH
10	15986243	15986518	41	39	51.25	CG
10	15986243	15986518	122	335	26.70	CHG
10	15986243	15986518	655	2518	20.64	CHH
12	26052913	26053003	137	180	43.22	CHG
12	26052913	26053003	491	441	52.68	CHH
1	751422	751630	342	10	97.16	CG
1	751422	751630	56	44	56.00	CHG
1	751422	751630	817	1473	35.68	CHH
1	831964	832562	1178	13	98.91	CG
1	831964	832562	1017	111	90.16	CHG
1	831964	832562	1863	2334	44.39	CHH
1	1789091	1789350	173	3	98.30	CG
1	1789091	1789350	148	62	70.48	CHG
1	1789091	1789350	1869	1633	53.37	CHH
1	2238174	2238281	62	1	98.41	CG
1	2238174	2238281	62	8	88.57	CHG
1	2238174	2238281	699	923	43.09	CHH
1	2556013	2556619	1043	17	98.40	CG
1	2556013	2556619	1299	139	90.33	CHG
1	2556013	2556619	1373	3638	27.40	CHH
1	2558467	2559407	2424	22	99.10	CG
1	2558467	2559407	1404	234	85.71	CHG
1	2558467	2559407	2512	6478	27.94	CHH
1	7687746	7687909	61	4	93.85	CG
1	7687746	7687909	18	19	48.65	CHG
1	7687746	7687909	650	1312	33.13	CHH
1	8431744	8431928	69	4	94.52	CG
1	8431744	8431928	1133	909	55.48	CHH
1	9585903	9586147	143	61	70.10	CHG
1	9585903	9586147	1540	1229	55.62	CHH
1	11189069	11189507	1093	218	83.37	CG
1	11189069	11189507	495	152	76.51	CHG
1	11189069	11189507	1555	3005	34.10	CHH
1	11189901	11190194	505	5	99.02	CG
1	11189901	11190194	386	60	86.55	CHG
1	11189901	11190194	1230	1493	45.17	CHH
1	11190397	11190945	359	128	73.72	CG
1	11190397	11190945	898	351	71.90	CHG
1	11190397	11190945	1895	2395	44.17	CHH
1	11191256	11191497	671	24	96.55	CG
1	11191256	11191497	230	145	61.33	CHG
1	11191256	11191497	600	794	43.04	CHH
1	11197847	11198179	623	10	98.42	CG
1	11197847	11198179	919	42	95.63	CHG
1	11197847	11198179	1765	1759	50.09	CHH
1	11198539	11198848	372	9	97.64	CG
1	11198539	11198848	313	54	85.29	CHG
1	11198539	11198848	1178	2075	36.21	CHH
1	11474845	11475049	280	6	97.90	CG
1	11474845	11475049	199	42	82.57	CHG
1	11474845	11475049	341	1607	17.51	CHH
1	11796108	11796316	233	17	93.20	CG
1	11796108	11796316	375	227	62.29	CHG
1	11796108	11796316	1097	1263	46.48	CHH
1	11928347	11928520	400	1398	22.25	CHH
1	11940126	11940209	460	664	40.93	CHH
1	12597813	12598048	1591	1253	55.94	CHH
1	14322168	14322402	224	1	99.56	CG
1	14322168	14322402	88	24	78.57	CHG
1	14322168	14322402	877	1070	45.04	CHH
1	14347206	14347429	31	20	60.78	CG
1	14347206	14347429	208	221	48.48	CHG
1	14347206	14347429	779	1174	39.89	CHH
1	14960096	14960238	343	3	99.13	CG
1	14960096	14960238	148	99	59.92	CHG
1	14960096	14960238	472	896	34.50	CHH
1	17043053	17043218	485	6	98.78	CG
1	17043053	17043218	173	25	87.37	CHG
1	17043053	17043218	705	587	54.57	CHH
1	18600195	18600325	139	9	93.92	CG
1	18600195	18600325	37	10	78.72	CHG
1	18600195	18600325	349	924	27.42	CHH
1	18600619	18600880	110	5	95.65	CG
1	18600619	18600880	53	2	96.36	CHG
1	18600619	18600880	587	1997	22.72	CHH
1	20810211	20810573	109	559	16.32	CG
1	20810211	20810573	148	397	27.16	CHG
1	20810211	20810573	860	2968	22.47	CHH
1	26098395	26098876	213	1	99.53	CG
1	26098395	26098876	150	36	80.65	CHG
1	26098395	26098876	1992	2863	41.03	CHH
1	27892634	27893201	274	10	96.48	CG
1	27892634	27893201	425	82	83.83	CHG
1	27892634	27893201	2483	3879	39.03	CHH
1	28104533	28104643	67	2	97.10	CG
1	28104533	28104643	692	414	62.57	CHH
1	28203814	28205463	1282	37	97.19	CG
1	28203814	28205463	1915	487	79.73	CHG
1	28203814	28205463	4325	13029	24.92	CHH
1	28494153	28494502	59	0	100.00	CG
1	28494153	28494502	114	7	94.21	CHG
1	28494153	28494502	2028	1199	62.84	CHH
1	29054104	29054337	132	247	34.83	CG
1	29054104	29054337	198	368	34.98	CHG
1	29054104	29054337	508	726	41.17	CHH
1	29054576	29055401	1829	48	97.44	CG
1	29054576	29055401	1248	380	76.66	CHG
1	29054576	29055401	1633	5849	21.83	CHH
1	30809331	30809656	512	11	97.90	CG
1	30809331	30809656	479	96	83.30	CHG
1	30809331	30809656	1664	1937	46.21	CHH
1	30810941	30811279	435	84	83.82	CG
1	30810941	30811279	243	293	45.34	CHG
1	30810941	30811279	935	2567	26.70	CHH
1	31405810	31406074	155	12	92.81	CG
1	31405810	31406074	211	65	76.45	CHG
1	31405810	31406074	2012	1448	58.15	CHH
1	31867822	31868209	165	3	98.21	CG
1	31867822	31868209	2086	2615	44.37	CHH
1	32128407	32128528	84	2	97.67	CG
1	32128407	32128528	1116	858	56.53	CHH
1	32850978	32851159	124	4	96.88	CG
1	32850978	32851159	115	35	76.67	CHG
1	32850978	32851159	1174	557	67.82	CHH
1	37328188	37328369	122	1	99.19	CG
1	37328188	37328369	52	2	96.30	CHG
1	37328188	37328369	1142	489	70.02	CHH
1	40300213	40300335	686	787	46.57	CHH
1	40701980	40702243	67	2	97.10	CG
1	40701980	40702243	2200	725	75.21	CHH
1	42087976	42088125	729	1139	39.03	CHH
2	109398	109590	490	4	99.19	CG
2	109398	109590	438	113	79.49	CHG
2	109398	109590	615	975	38.68	CHH
2	2375551	2375771	1577	1020	60.72	CHH
2	6545608	6545822	66	0	100.00	CG
2	6545608	6545822	1121	1125	49.91	CHH
2	6761735	6762038	92	4	95.83	CG
2	6761735	6762038	125	30	80.65	CHG
2	6761735	6762038	680	1604	29.77	CHH
2	7945618	7946024	123	12	91.11	CG
2	7945618	7946024	14	10	58.33	CHG
2	7945618	7946024	1094	2821	27.94	CHH
2	8190084	8190413	68	6	91.89	CHG
2	8190084	8190413	1330	2895	31.48	CHH
2	10791440	10791566	644	946	40.50	CHH
2	11873649	11873886	67	2	97.10	CG
2	11873649	11873886	1102	1133	49.31	CHH
2	12097817	12097953	144	3	97.96	CG
2	12097817	12097953	400	1036	27.86	CHH
2	12299222	12299385	40	27	59.70	CHG
2	12299222	12299385	534	1025	34.25	CHH
2	13948832	13949084	121	8	93.80	CHG
2	13948832	13949084	1589	1039	60.46	CHH
2	19211404	19211621	118	3	97.52	CG
2	19211404	19211621	27	10	72.97	CHG
2	19211404	19211621	1414	447	75.98	CHH
2	19443247	19443361	166	4	97.65	CG
2	19443247	19443361	27	17	61.36	CHG
2	19443247	19443361	356	1086	24.69	CHH
2	22202087	22202425	626	40	93.99	CG
2	22202087	22202425	109	99	52.40	CHG
2	22202087	22202425	1717	1408	54.94	CHH
2	22399133	22399342	151	1	99.34	CG
2	22399133	22399342	1418	1316	51.87	CHH
2	23077446	23077593	807	595	57.56	CHH
2	23988341	23988565	47	27	63.51	CHG
2	23988341	23988565	1584	1010	61.06	CHH
2	24094388	24094772	70	2	97.22	CG
2	24094388	24094772	189	86	68.73	CHG
2	24094388	24094772	1423	1729	45.15	CHH
2	24968367	24968732	303	9	97.12	CG
2	24968367	24968732	350	86	80.28	CHG
2	24968367	24968732	922	2764	25.01	CHH
2	25971572	25971883	455	724	38.59	CHH
2	27849839	27850325	1195	35	97.15	CG
2	27849839	27850325	381	198	65.80	CHG
2	27849839	27850325	2177	2513	46.42	CHH
2	27969163	27969436	119	5	95.97	CG
2	27969163	27969436	106	47	69.28	CHG
2	27969163	27969436	1566	972	61.70	CHH
2	30949004	30949191	144	6	96.00	CG
2	30949004	30949191	58	19	75.32	CHG
2	30949004	30949191	1084	1058	50.61	CHH
2	32980551	32980821	1690	1331	55.94	CHH
2	33970498	33970631	35	178	16.43	CG
2	33970498	33970631	85	324	20.78	CHG
2	33970498	33970631	476	1351	26.05	CHH
2	34234930	34235049	583	613	48.75	CHH
2	34952077	34952811	1211	231	83.98	CG
2	34952077	34952811	528	388	57.64	CHG
2	34952077	34952811	1947	5893	24.83	CHH
3	811663	812098	1043	28	97.39	CG
3	811663	812098	197	165	54.42	CHG
3	811663	812098	1265	2822	30.95	CHH
3	881089	881240	931	27	97.18	CG
3	881089	881240	135	243	35.71	CHG
3	881089	881240	423	987	30.00	CHH
3	2169030	2169371	972	17	98.28	CG
3	2169030	2169371	247	136	64.49	CHG
3	2169030	2169371	879	2655	24.87	CHH
3	3832576	3832832	61	2	96.83	CG
3	3832576	3832832	111	23	82.84	CHG
3	3832576	3832832	1497	944	61.33	CHH
3	6570907	6571273	1034	20	98.10	CG
3	6570907	6571273	236	119	66.48	CHG
3	6570907	6571273	1617	2360	40.66	CHH
3	8629457	8629689	57	1	98.28	CG
3	8629457	8629689	65	2	97.01	CHG
3	8629457	8629689	1426	641	68.99	CHH
3	8942617	8943063	410	3	99.27	CG
3	8942617	8943063	449	50	89.98	CHG
3	8942617	8943063	1585	3524	31.02	CHH
3	11067334	11067625	89	4	95.70	CG
3	11067334	11067625	74	2	97.37	CHG
3	11067334	11067625	1716	1562	52.35	CHH
3	11642409	11642580	100	31	76.34	CHG
3	11642409	11642580	1343	393	77.36	CHH
3	11857284	11857411	40	22	64.52	CHG
3	11857284	11857411	520	503	50.83	CHH
3	12675151	12675358	65	2	97.01	CG
3	12675151	12675358	14	19	42.42	CHG
3	12675151	12675358	1475	1249	54.15	CHH
3	13124743	13124928	125	6	95.42	CG
3	13124743	13124928	63	9	87.50	CHG
3	13124743	13124928	1925	384	83.37	CHH
3	13748697	13748918	67	1	98.53	CHG
3	13748697	13748918	1134	1351	45.63	CHH
3	14057905	14058092	332	6	98.22	CG
3	14057905	14058092	56	34	62.22	CHG
3	14057905	14058092	387	1674	18.78	CHH
3	14749193	14749460	119	3	97.54	CG
3	14749193	14749460	1783	994	64.21	CHH
3	15134383	15134587	501	1778	21.98	CHH
3	15612855	15613292	487	14	97.21	CG
3	15612855	15613292	861	141	85.93	CHG
3	15612855	15613292	2116	1969	51.80	CHH
3	16165130	16165592	276	36	88.46	CG
3	16165130	16165592	299	204	59.44	CHG
3	16165130	16165592	1461	3402	30.04	CHH
3	20791693	20792712	2212	101	95.63	CG
3	20791693	20792712	1835	539	77.30	CHG
3	20791693	20792712	2357	7403	24.15	CHH
3	24411908	24412466	330	490	40.24	CG
3	24411908	24412466	172	536	24.29	CHG
3	24411908	24412466	1284	4919	20.70	CHH
3	24572869	24573120	386	11	97.23	CG
3	24572869	24573120	326	153	68.06	CHG
3	24572869	24573120	600	2114	22.11	CHH
3	24603172	24603395	144	2	98.63	CG
3	24603172	24603395	111	32	77.62	CHG
3	24603172	24603395	765	1794	29.89	CHH
3	24605202	24605537	419	9	97.90	CG
3	24605202	24605537	173	90	65.78	CHG
3	24605202	24605537	694	2656	20.72	CHH
3	24924369	24924505	154	3	98.09	CG
3	24924369	24924505	18	19	48.65	CHG
3	24924369	24924505	1320	622	67.97	CHH
3	25320199	25320294	308	820	27.30	CHH
3	26123077	26123398	280	26	91.50	CG
3	26123077	26123398	385	258	59.88	CHG
3	26123077	26123398	815	2008	28.87	CHH
3	26123604	26124463	1622	59	96.49	CG
3	26123604	26124463	968	533	64.49	CHG
3	26123604	26124463	2325	6513	26.31	CHH
3	26819731	26819992	65	3	95.59	CHG
3	26819731	26819992	1230	1447	45.95	CHH
3	28511217	28511562	897	14	98.46	CG
3	28511217	28511562	435	83	83.98	CHG
3	28511217	28511562	1242	2645	31.95	CHH
3	29675163	29675476	59	1	98.33	CG
3	29675163	29675476	1354	1777	43.24	CHH
3	29753155	29753862	588	7	98.82	CG
3	29753155	29753862	605	31	95.13	CHG
3	29753155	29753862	2338	2978	43.98	CHH
3	30420791	30420983	1548	980	61.23	CHH
3	31423977	31424278	1173	1681	41.10	CHH
3	31722863	31723138	2488	1854	57.30	CHH
3	32006376	32006716	49	7	87.50	CHG
3	32006376	32006716	1846	1814	50.44	CHH
3	32173553	32173723	197	48	80.41	CHG
3	32173553	32173723	814	1254	39.36	CHH
4	468669	468758	408	902	31.15	CHH
4	7955024	7955201	152	1	99.35	CG
4	7955024	7955201	64	2	96.97	CHG
4	7955024	7955201	996	832	54.49	CHH
4	15396846	15397090	633	10	98.44	CG
4	15396846	15397090	537	80	87.03	CHG
4	15396846	15397090	985	1435	40.70	CHH
4	19682492	19683811	1357	34	97.56	CG
4	19682492	19683811	725	250	74.36	CHG
4	19682492	19683811	3877	5953	39.44	CHH
4	20001003	20001260	132	19	87.42	CHG
4	20001003	20001260	1915	1211	61.26	CHH
4	20354697	20354786	205	0	100.00	CG
4	20354697	20354786	130	20	86.67	CHG
4	20354697	20354786	200	388	34.01	CHH
4	20595423	20595521	61	10	85.92	CG
4	20595423	20595521	11	20	35.48	CHG
4	20595423	20595521	481	818	37.03	CHH
4	21744228	21744373	119	12	90.84	CG
4	21744228	21744373	5	28	15.15	CHG
4	21744228	21744373	519	905	36.45	CHH
4	21934032	21934221	1161	835	58.17	CHH
4	22575513	22575843	1339	1871	41.71	CHH
4	25472006	25472224	24	56	30.00	CHG
4	25472006	25472224	457	1701	21.18	CHH
4	25475165	25475574	235	5	97.92	CG
4	25475165	25475574	569	259	68.72	CHG
4	25475165	25475574	2691	2095	56.23	CHH
4	28847972	28848187	56	0	100.00	CG
4	28847972	28848187	17	9	65.38	CHG
4	28847972	28848187	905	1617	35.88	CHH
4	33881401	33881625	597	9	98.51	CG
4	33881401	33881625	578	134	81.18	CHG
4	33881401	33881625	989	1198	45.22	CHH
5	490310	490462	455	7	98.48	CG
5	490310	490462	437	90	82.92	CHG
5	490310	490462	565	1066	34.64	CHH
5	1679699	1679790	594	972	37.93	CHH
5	1682378	1682979	1504	35	97.73	CG
5	1682378	1682979	1233	153	88.96	CHG
5	1682378	1682979	1784	3993	30.88	CHH
5	1683133	1683258	49	14	77.78	CHG
5	1683133	1683258	645	823	43.94	CHH
5	4894101	4894252	1212	897	57.47	CHH
5	5433067	5433323	104	5	95.41	CG
5	5433067	5433323	144	35	80.45	CHG
5	5433067	5433323	1086	1243	46.63	CHH
5	5754539	5754748	118	32	78.67	CG
5	5754539	5754748	65	41	61.32	CHG
5	5754539	5754748	1539	875	63.75	CHH
5	6820542	6820679	67	3	95.71	CG
5	6820542	6820679	11	22	33.33	CHG
5	6820542	6820679	573	1091	34.44	CHH
5	7418842	7418942	886	663	57.20	CHH
5	10755227	10755310	201	1	99.50	CG
5	10755227	10755310	492	366	57.34	CHH
5	10919623	10920166	774	151	83.68	CG
5	10919623	10920166	143	162	46.89	CHG
5	10919623	10920166	1367	3766	26.63	CHH
5	16055566	16055752	620	7	98.88	CG
5	16055566	16055752	180	136	56.96	CHG
5	16055566	16055752	533	1161	31.46	CHH
5	16055933	16056970	735	388	65.45	CG
5	16055933	16056970	614	704	46.59	CHG
5	16055933	16056970	2999	6603	31.23	CHH
5	16057231	16057477	260	99	72.42	CG
5	16057231	16057477	242	316	43.37	CHG
5	16057231	16057477	1231	1614	43.27	CHH
5	16273063	16273157	610	848	41.84	CHH
5	16311105	16311318	126	1	99.21	CG
5	16311105	16311318	147	24	85.96	CHG
5	16311105	16311318	1511	1012	59.89	CHH
5	16856035	16856371	289	2	99.31	CG
5	16856035	16856371	417	17	96.08	CHG
5	16856035	16856371	1458	1487	49.51	CHH
5	17137118	17137270	55	0	100.00	CG
5	17137118	17137270	832	610	57.70	CHH
5	17258135	17258245	76	0	100.00	CG
5	17258135	17258245	763	395	65.89	CHH
5	19716275	19716490	66	1	98.51	CG
5	19716275	19716490	11	21	34.38	CHG
5	19716275	19716490	876	1503	36.82	CHH
5	21875509	21875764	279	6	97.89	CG
5	21875509	21875764	290	34	89.51	CHG
5	21875509	21875764	1304	1026	55.97	CHH
5	22000757	22000964	53	16	76.81	CHG
5	22000757	22000964	1120	642	63.56	CHH
5	22219878	22220102	1153	1135	50.39	CHH
5	23987118	23987584	545	11	98.02	CG
5	23987118	23987584	908	200	81.95	CHG
5	23987118	23987584	646	3323	16.28	CHH
5	24142822	24143088	349	7	98.03	CG
5	24142822	24143088	75	85	46.88	CHG
5	24142822	24143088	1380	1855	42.66	CHH
5	24848633	24848969	189	22	89.57	CHG
5	24848633	24848969	2376	1773	57.27	CHH
5	25916465	25916630	71	7	91.03	CHG
5	25916465	25916630	917	1145	44.47	CHH
6	302524	302830	73	1	98.65	CG
6	302524	302830	1804	1212	59.81	CHH
6	2377299	2377436	130	6	95.59	CG
6	2377299	2377436	41	60	40.59	CHG
6	2377299	2377436	455	825	35.55	CHH
6	2717082	2717211	879	763	53.53	CHH
6	2924454	2924561	141	3	97.92	CG
6	2924454	2924561	416	312	57.14	CHH
6	3943947	3944133	661	1470	31.02	CHH
6	5151759	5151869	1172	414	73.90	CHH
6	7060562	7060710	1165	533	68.61	CHH
6	8356414	8356617	1284	932	57.94	CHH
6	8927960	8928209	56	4	93.33	CG
6	8927960	8928209	378	116	76.52	CHG
6	8927960	8928209	1105	1123	49.60	CHH
6	11300952	11301165	4	69	5.48	CG
6	11300952	11301165	77	129	37.38	CHG
6	11300952	11301165	543	1883	22.38	CHH
6	19710274	19711097	783	101	88.57	CG
6	19710274	19711097	1006	677	59.77	CHG
6	19710274	19711097	1977	5290	27.21	CHH
6	19711261	19711591	162	732	18.12	CG
6	19711261	19711591	131	271	32.59	CHG
6	19711261	19711591	1176	2382	33.05	CHH
6	23395298	23395797	339	2	99.41	CG
6	23395298	23395797	132	17	88.59	CHG
6	23395298	23395797	3134	3068	50.53	CHH
6	24030066	24030155	151	19	88.82	CHG
6	24030066	24030155	852	330	72.08	CHH
6	26270983	26271153	71	0	100.00	CG
6	26270983	26271153	52	19	73.24	CHG
6	26270983	26271153	1369	634	68.35	CHH
6	26899910	26900127	57	1	98.28	CG
6	26899910	26900127	1092	1120	49.37	CHH
6	27022910	27023085	284	4	98.61	CG
6	27022910	27023085	480	1198	28.61	CHH
6	27804504	27805624	1222	98	92.58	CG
6	27804504	27805624	1116	796	58.37	CHG
6	27804504	27805624	3035	7461	28.92	CHH
6	28518067	28518486	187	193	49.21	CG
6	28518067	28518486	467	522	47.22	CHG
6	28518067	28518486	1387	3832	26.58	CHH
6	29399343	29399607	131	6	95.62	CG
6	29399343	29399607	45	47	48.91	CHG
6	29399343	29399607	1419	1631	46.52	CHH
6	30403805	30404034	664	1156	36.48	CHH
6	30913757	30913901	75	2	97.40	CG
6	30913757	30913901	25	15	62.50	CHG
6	30913757	30913901	1023	621	62.23	CHH
7	553125	553382	37	27	57.81	CHG
7	553125	553382	624	2283	21.47	CHH
7	1581483	1581569	33	19	63.46	CHG
7	1581483	1581569	305	590	34.08	CHH
7	2236802	2236948	134	4	97.10	CG
7	2236802	2236948	23	7	76.67	CHG
7	2236802	2236948	921	693	57.06	CHH
7	2529367	2529520	972	469	67.45	CHH
7	4348410	4348541	21	129	14.00	CG
7	4348410	4348541	18	94	16.07	CHG
7	4348410	4348541	131	717	15.45	CHH
7	4352181	4353051	2664	32	98.81	CG
7	4352181	4353051	1286	352	78.51	CHG
7	4352181	4353051	2891	5727	33.55	CHH
7	4372878	4373534	629	26	96.03	CG
7	4372878	4373534	227	116	66.18	CHG
7	4372878	4373534	2414	5725	29.66	CHH
7	5121301	5121458	115	4	96.64	CG
7	5121301	5121458	54	8	87.10	CHG
7	5121301	5121458	741	594	55.51	CHH
7	7806227	7806511	49	10	83.05	CHG
7	7806227	7806511	1994	871	69.60	CHH
7	8334119	8334358	41	29	58.57	CHG
7	8334119	8334358	1780	1372	56.47	CHH
7	15431878	15432092	183	5	97.34	CG
7	15431878	15432092	77	18	81.05	CHG
7	15431878	15432092	1376	699	66.31	CHH
7	15714618	15714815	256	5	98.08	CG
7	15714618	15714815	159	123	56.38	CHG
7	15714618	15714815	738	1163	38.82	CHH
7	17790357	17790553	50	1	98.04	CG
7	17790357	17790553	135	30	81.82	CHG
7	17790357	17790553	994	970	50.61	CHH
7	20129015	20129222	1435	1051	57.72	CHH
7	20150949	20151108	57	3	95.00	CG
7	20150949	20151108	113	41	73.38	CHG
7	20150949	20151108	737	1242	37.24	CHH
7	20424851	20425235	67	3	95.71	CG
7	20424851	20425235	1711	3263	34.40	CHH
7	21311702	21311873	161	1	99.38	CG
7	21311702	21311873	200	33	85.84	CHG
7	21311702	21311873	1091	781	58.28	CHH
7	22392996	22393180	211	2	99.06	CG
7	22392996	22393180	198	28	87.61	CHG
7	22392996	22393180	398	1116	26.29	CHH
7	22532503	22532689	945	1064	47.04	CHH
7	22933956	22934220	824	19	97.75	CG
7	22933956	22934220	293	138	67.98	CHG
7	22933956	22934220	1019	1920	34.67	CHH
7	24616760	24617444	1126	95	92.22	CG
7	24616760	24617444	814	258	75.93	CHG
7	24616760	24617444	1754	3522	33.24	CHH
7	26258085	26258557	1295	20	98.48	CG
7	26258085	26258557	374	159	70.17	CHG
7	26258085	26258557	2229	2925	43.25	CHH
7	29243799	29244004	1238	1043	54.27	CHH
7	29311074	29311344	1410	1357	50.96	CHH
7	29467990	29468204	1594	944	62.81	CHH
8	1623373	1623626	61	1	98.39	CG
8	1623373	1623626	11	16	40.74	CHG
8	1623373	1623626	1669	1147	59.27	CHH
8	2431336	2431426	146	101	59.11	CG
8	2431336	2431426	20	13	60.61	CHG
8	2431336	2431426	557	573	49.29	CHH
8	3751907	3752073	375	10	97.40	CG
8	3751907	3752073	235	85	73.44	CHG
8	3751907	3752073	446	1060	29.61	CHH
8	3958363	3958508	768	710	51.96	CHH
8	5131858	5132029	88	7	92.63	CHG
8	5131858	5132029	839	776	51.95	CHH
8	5836841	5837082	170	5	97.14	CG
8	5836841	5837082	1165	1179	49.70	CHH
8	6753823	6754136	71	3	95.95	CG
8	6753823	6754136	177	25	87.62	CHG
8	6753823	6754136	1641	1728	48.71	CHH
8	7603360	7603612	158	4	97.53	CG
8	7603360	7603612	1272	1372	48.11	CHH
8	7991786	7992320	139	658	17.44	CG
8	7991786	7992320	55	395	12.22	CHG
8	7991786	7992320	800	4231	15.90	CHH
8	8071926	8072156	304	4	98.70	CG
8	8071926	8072156	72	40	64.29	CHG
8	8071926	8072156	948	1269	42.76	CHH
8	10060129	10060270	1125	478	70.18	CHH
8	10886885	10887057	168	3	98.25	CG
8	10886885	10887057	7	36	16.28	CHG
8	10886885	10887057	360	1587	18.49	CHH
8	12350212	12350309	74	0	100.00	CG
8	12350212	12350309	15	22	40.54	CHG
8	12350212	12350309	590	730	44.70	CHH
8	16977330	16977737	59	2	96.72	CG
8	16977330	16977737	565	54	91.28	CHG
8	16977330	16977737	756	2925	20.54	CHH
8	18141156	18141305	738	1530	32.54	CHH
8	19423131	19423387	74	1	98.67	CG
8	19423131	19423387	11	31	26.19	CHG
8	19423131	19423387	1201	1291	48.19	CHH
8	20377385	20377714	1012	22	97.87	CG
8	20377385	20377714	230	138	62.50	CHG
8	20377385	20377714	1100	2827	28.01	CHH
8	20558563	20558824	49	21	70.00	CG
8	20558563	20558824	66	29	69.47	CHG
8	20558563	20558824	1227	1292	48.71	CHH
8	21654366	21654527	183	31	85.51	CG
8	21654366	21654527	146	69	67.91	CHG
8	21654366	21654527	628	457	57.88	CHH
8	21694431	21694647	638	31	95.37	CG
8	21694431	21694647	256	65	79.75	CHG
8	21694431	21694647	838	1823	31.49	CHH
8	21694977	21695213	78	222	26.00	CG
8	21694977	21695213	191	493	27.92	CHG
8	21694977	21695213	595	1393	29.93	CHH
8	22776595	22776863	64	0	100.00	CG
8	22776595	22776863	273	177	60.67	CHG
8	22776595	22776863	1230	1505	44.97	CHH
8	22948102	22948411	64	0	100.00	CG
8	22948102	22948411	1269	2046	38.28	CHH
8	23349964	23350100	131	6	95.62	CG
8	23349964	23350100	761	1248	37.88	CHH
8	24309357	24309533	31	152	16.94	CG
8	24309357	24309533	151	348	30.26	CHG
8	24309357	24309533	722	1089	39.87	CHH
8	24422312	24422568	66	1	98.51	CG
8	24422312	24422568	121	36	77.07	CHG
8	24422312	24422568	1306	1663	43.99	CHH
8	24736834	24737078	801	20	97.56	CG
8	24736834	24737078	167	121	57.99	CHG
8	24736834	24737078	465	1943	19.31	CHH
8	24750449	24750953	539	19	96.59	CG
8	24750449	24750953	601	124	82.90	CHG
8	24750449	24750953	1708	4171	29.05	CHH
8	24784953	24785097	154	5	96.86	CG
8	24784953	24785097	91	28	76.47	CHG
8	24784953	24785097	632	1122	36.03	CHH
8	24834030	24834325	117	2	98.32	CG
8	24834030	24834325	56	2	96.55	CHG
8	24834030	24834325	1463	1399	51.12	CHH
8	26827794	26828034	229	305	42.88	CG
8	26827794	26828034	138	271	33.74	CHG
8	26827794	26828034	841	1245	40.32	CHH
8	27623734	27623958	571	3	99.48	CG
8	27623734	27623958	324	141	69.68	CHG
8	27623734	27623958	579	1536	27.38	CHH
8	28152674	28152872	1387	685	66.94	CHH
9	1254705	1254916	174	2	98.86	CG
9	1254705	1254916	9	18	33.33	CHG
9	1254705	1254916	382	734	34.23	CHH
9	1884036	1884200	1191	1181	50.21	CHH
9	3634113	3634220	76	8	90.48	CHG
9	3634113	3634220	809	813	49.88	CHH
9	4570159	4570785	1045	10	99.05	CG
9	4570159	4570785	1046	160	86.73	CHG
9	4570159	4570785	2759	3829	41.88	CHH
9	7158967	7159348	125	110	53.19	CG
9	7158967	7159348	108	239	31.12	CHG
9	7158967	7159348	1042	2102	33.14	CHH
9	10378957	10379055	370	12	96.86	CG
9	10378957	10379055	180	166	52.02	CHG
9	10378957	10379055	236	786	23.09	CHH
9	10754150	10754480	66	0	100.00	CG
9	10754150	10754480	106	32	76.81	CHG
9	10754150	10754480	2355	1935	54.90	CHH
9	11037393	11037551	955	1280	42.73	CHH
9	12623164	12623411	197	1002	16.43	CG
9	12623164	12623411	240	462	34.19	CHG
9	12623164	12623411	718	1307	35.46	CHH
9	14633566	14633811	319	5	98.46	CG
9	14633566	14633811	228	49	82.31	CHG
9	14633566	14633811	1380	803	63.22	CHH
9	16663866	16664244	518	136	79.20	CG
9	16663866	16664244	362	543	40.00	CHG
9	16663866	16664244	1285	3206	28.61	CHH
9	17420619	17420974	85	4	95.51	CG
9	17420619	17420974	215	50	81.13	CHG
9	17420619	17420974	403	2234	15.28	CHH
10	368179	368447	113	26	81.29	CHG
10	368179	368447	1062	2827	27.31	CHH
10	404795	404929	426	7	98.38	CG
10	404795	404929	26	43	37.68	CHG
10	404795	404929	501	810	38.22	CHH
10	2576261	2576420	933	670	58.20	CHH
10	3444619	3445144	263	416	38.73	CG
10	3444619	3445144	345	482	41.72	CHG
10	3444619	3445144	1414	3474	28.93	CHH
10	5928588	5929269	1172	13	98.90	CG
10	5928588	5929269	1356	297	82.03	CHG
10	5928588	5929269	1863	5076	26.85	CHH
10	5932050	5932316	229	147	60.90	CG
10	5932050	5932316	249	353	41.36	CHG
10	5932050	5932316	873	1560	35.88	CHH
10	5932722	5933353	124	1100	10.13	CG
10	5932722	5933353	204	754	21.29	CHG
10	5932722	5933353	1563	4186	27.19	CHH
10	7535391	7535626	549	1465	27.26	CHH
10	8506073	8506152	86	48	64.18	CG
10	8506073	8506152	497	299	62.44	CHH
10	9497876	9498140	316	6	98.14	CG
10	9497876	9498140	42	33	56.00	CHG
10	9497876	9498140	1592	1385	53.48	CHH
10	11922949	11923127	85	4	95.51	CG
10	11922949	11923127	187	39	82.74	CHG
10	11922949	11923127	1265	1144	52.51	CHH
10	12206026	12206233	37	0	100.00	CG
10	12206026	12206233	14	31	31.11	CHG
10	12206026	12206233	1160	1310	46.96	CHH
10	16003795	16003950	21	50	29.58	CG
10	16003795	16003950	72	357	16.78	CHG
10	16003795	16003950	285	1251	18.55	CHH
10	16208913	16209034	73	0	100.00	CG
10	16208913	16209034	82	12	87.23	CHG
10	16208913	16209034	815	386	67.86	CHH
10	17033161	17033405	694	14	98.02	CG
10	17033161	17033405	211	52	80.23	CHG
10	17033161	17033405	911	819	52.66	CHH
10	18046108	18046282	1336	546	70.99	CHH
10	18632472	18632641	630	1072	37.02	CHH
10	19698082	19698409	143	4	97.28	CG
10	19698082	19698409	205	9	95.79	CHG
10	19698082	19698409	2244	1985	53.06	CHH
10	21827999	21828272	81	46	63.78	CHG
10	21827999	21828272	1941	1423	57.70	CHH
10	22689536	22689741	1518	984	60.67	CHH
11	1200546	1200636	64	2	96.97	CG
11	1200546	1200636	58	3	95.08	CHG
11	1200546	1200636	447	678	39.73	CHH
11	1713742	1714360	939	7	99.26	CG
11	1713742	1714360	750	86	89.71	CHG
11	1713742	1714360	3413	3268	51.09	CHH
11	1932470	1932979	59	0	100.00	CG
11	1932470	1932979	183	38	82.81	CHG
11	1932470	1932979	2413	2368	50.47	CHH
11	2378673	2378944	215	10	95.56	CG
11	2378673	2378944	18	43	29.51	CHG
11	2378673	2378944	1264	930	57.61	CHH
11	3230260	3231106	1664	192	89.66	CG
11	3230260	3231106	816	539	60.22	CHG
11	3230260	3231106	2780	4264	39.47	CHH
11	3232048	3232407	247	281	46.78	CG
11	3232048	3232407	433	292	59.72	CHG
11	3232048	3232407	1034	942	52.33	CHH
11	7333753	7333946	119	4	96.75	CG
11	7333753	7333946	259	174	59.82	CHG
11	7333753	7333946	650	1149	36.13	CHH
11	7589703	7589963	85	1	98.84	CG
11	7589703	7589963	87	2	97.75	CHG
11	7589703	7589963	1446	976	59.70	CHH
11	7735116	7735554	531	12	97.79	CG
11	7735116	7735554	116	159	42.18	CHG
11	7735116	7735554	1175	3124	27.33	CHH
11	7735709	7735929	340	5	98.55	CG
11	7735709	7735929	128	273	31.92	CHG
11	7735709	7735929	526	2083	20.16	CHH
11	9151816	9151968	36	32	52.94	CHG
11	9151816	9151968	798	1044	43.32	CHH
11	11787143	11787246	800	538	59.79	CHH
11	16339318	16339504	286	4	98.62	CG
11	16339318	16339504	21	32	39.62	CHG
11	16339318	16339504	612	963	38.86	CHH
11	16884445	16884740	133	2	98.52	CG
11	16884445	16884740	1889	1081	63.60	CHH
11	18415594	18415828	69	2	97.18	CG
11	18415594	18415828	1140	1994	36.38	CHH
11	19255500	19255806	162	467	25.76	CG
11	19255500	19255806	151	280	35.03	CHG
11	19255500	19255806	964	1784	35.08	CHH
11	19817539	19817761	45	29	60.81	CHG
11	19817539	19817761	762	805	48.63	CHH
11	21255747	21256111	465	14	97.08	CG
11	21255747	21256111	715	56	92.74	CHG
11	21255747	21256111	1276	2136	37.40	CHH
11	22039593	22039763	126	19	86.90	CHG
11	22039593	22039763	1003	1068	48.43	CHH
11	24851409	24851658	491	5	98.99	CG
11	24851409	24851658	576	21	96.48	CHG
11	24851409	24851658	1003	1516	39.82	CHH
11	24991462	24991590	56	3	94.92	CG
11	24991462	24991590	153	108	58.62	CHG
11	24991462	24991590	670	515	56.54	CHH
11	25110396	25110624	141	2	98.60	CG
11	25110396	25110624	23	18	56.10	CHG
11	25110396	25110624	1148	1375	45.50	CHH
11	25586084	25586542	330	1	99.70	CG
11	25586084	25586542	319	33	90.62	CHG
11	25586084	25586542	1175	3916	23.08	CHH
11	25784649	25784892	125	7	94.70	CG
11	25784649	25784892	190	98	65.97	CHG
11	25784649	25784892	1261	1745	41.95	CHH
11	25810584	25810761	37	11	77.08	CHG
11	25810584	25810761	680	792	46.20	CHH
11	25853608	25853790	70	0	100.00	CG
11	25853608	25853790	1008	1218	45.28	CHH
11	27017949	27019131	1452	20	98.64	CG
11	27017949	27019131	1851	657	73.80	CHG
11	27017949	27019131	2196	9134	19.38	CHH
11	28181129	28181426	107	6	94.69	CG
11	28181129	28181426	900	1576	36.35	CHH
12	217168	217301	150	8	94.94	CG
12	217168	217301	58	18	76.32	CHG
12	217168	217301	1085	642	62.83	CHH
12	552916	553122	825	1537	34.93	CHH
12	793700	793972	69	5	93.24	CHG
12	793700	793972	2044	1281	61.47	CHH
12	1049649	1049822	1439	634	69.42	CHH
12	1548545	1548692	98	16	85.96	CHG
12	1548545	1548692	754	690	52.22	CHH
12	1801896	1802216	119	44	73.01	CG
12	1801896	1802216	192	71	73.00	CHG
12	1801896	1802216	881	1302	40.36	CHH
12	2466366	2466538	101	14	87.83	CHG
12	2466366	2466538	820	1039	44.11	CHH
12	4912586	4913038	1168	41	96.61	CG
12	4912586	4913038	864	305	73.91	CHG
12	4912586	4913038	1057	3366	23.90	CHH
12	4914308	4915910	1067	27	97.53	CG
12	4914308	4915910	1821	645	73.84	CHG
12	4914308	4915910	3746	11134	25.17	CHH
12	7849278	7849532	495	24	95.38	CG
12	7849278	7849532	37	20	64.91	CHG
12	7849278	7849532	876	1981	30.66	CHH
12	10927998	10928435	52	3	94.55	CG
12	10927998	10928435	70	127	35.53	CHG
12	10927998	10928435	902	3567	20.18	CHH
12	12440435	12440631	488	175	73.60	CG
12	12440435	12440631	132	162	44.90	CHG
12	12440435	12440631	469	1041	31.06	CHH
12	12966688	12966790	725	428	62.88	CHH
12	15202347	15202507	183	6	96.83	CG
12	15202347	15202507	55	40	57.89	CHG
12	15202347	15202507	670	1110	37.64	CHH
12	17986589	17987047	306	7	97.76	CG
12	17986589	17987047	478	62	88.52	CHG
12	17986589	17987047	1880	2892	39.40	CHH
12	18392307	18392790	557	348	61.55	CG
12	18392307	18392790	406	691	37.01	CHG
12	18392307	18392790	879	3953	18.19	CHH
12	18396226	18396329	73	116	38.62	CG
12	18396226	18396329	51	136	27.27	CHG
12	18396226	18396329	219	756	22.46	CHH
12	18396524	18396891	232	150	60.73	CG
12	18396524	18396891	237	377	38.60	CHG
12	18396524	18396891	845	2697	23.86	CHH
12	18936325	18936741	779	11	98.61	CG
12	18936325	18936741	162	95	63.04	CHG
12	18936325	18936741	1481	2456	37.62	CHH
12	19156150	19156313	67	0	100.00	CG
12	19156150	19156313	220	13	94.42	CHG
12	19156150	19156313	1255	480	72.33	CHH
12	21831911	21832012	238	872	21.44	CHH
12	22451242	22451490	23	55	29.49	CHG
12	22451242	22451490	1660	1344	55.26	CHH
12	22503691	22503984	284	2	99.30	CG
12	22503691	22503984	232	48	82.86	CHG
12	22503691	22503984	1503	1496	50.12	CHH
12	23090136	23090406	60	1	98.36	CG
12	23090136	23090406	1714	1525	52.92	CHH
12	23253874	23254115	122	3	97.60	CG
12	23253874	23254115	15	53	22.06	CHG
12	23253874	23254115	817	1401	36.83	CHH
12	23419385	23419484	57	8	87.69	CG
12	23419385	23419484	565	438	56.33	CHH
12	23569460	23569549	195	16	92.42	CG
12	23569460	23569549	54	10	84.38	CHG
12	23569460	23569549	457	576	44.24	CHH
12	24728935	24729264	154	169	47.68	CG
12	24728935	24729264	328	242	57.54	CHG
12	24728935	24729264	1095	1319	45.36	CHH
12	24730816	24731578	600	30	95.24	CG
12	24730816	24731578	923	143	86.59	CHG
12	24730816	24731578	2822	2143	56.84	CHH
12	24732874	24733231	798	15	98.15	CG
12	24732874	24733231	543	245	68.91	CHG
12	24732874	24733231	891	2707	24.76	CHH
12	25285613	25285813	66	3	95.65	CG
12	25285613	25285813	1090	1183	47.95	CHH
1	1349307	1349537	72	6	92.31	CHG
1	1349307	1349537	700	1774	28.29	CHH
1	10432345	10432562	527	930	36.17	CG
1	10432345	10432562	228	518	30.56	CHG
1	10432345	10432562	647	907	41.63	CHH
1	38517320	38517498	75	9	89.29	CG
1	38517320	38517498	84	37	69.42	CHG
1	38517320	38517498	1100	1079	50.48	CHH
1	41145044	41145188	756	794	48.77	CHH
2	5521685	5521830	92	8	92.00	CHG
2	5521685	5521830	801	473	62.87	CHH
3	8015940	8016118	702	1373	33.83	CHH
3	27785308	27785617	69	6	92.00	CG
3	27785308	27785617	2021	1508	57.27	CHH
4	21962681	21962889	199	9	95.67	CG
4	21962681	21962889	132	35	79.04	CHG
4	21962681	21962889	589	1390	29.76	CHH
4	26530153	26530244	323	681	32.17	CHH
6	7381595	7382197	637	902	41.39	CG
6	7381595	7382197	619	943	39.63	CHG
6	7381595	7382197	1101	3830	22.33	CHH
6	14809518	14809915	294	5	98.33	CG
6	14809518	14809915	242	162	59.90	CHG
6	14809518	14809915	1892	2476	43.32	CHH
7	17099241	17099723	59	2	96.72	CHG
7	17099241	17099723	3131	1975	61.32	CHH
8	26441035	26441114	41	104	28.28	CHG
8	26441035	26441114	434	600	41.97	CHH
9	3933418	3933532	68	0	100.00	CG
9	3933418	3933532	60	10	85.71	CHG
9	3933418	3933532	824	489	62.76	CHH
9	16215726	16215834	414	643	39.17	CHH
10	15011394	15011890	605	42	93.51	CG
10	15011394	15011890	232	167	58.15	CHG
10	15011394	15011890	1210	2085	36.72	CHH
10	19941399	19941637	83	1	98.81	CG
10	19941399	19941637	1020	1690	37.64	CHH
12	24432087	24432276	547	1468	27.15	CHH
1	301401	301650	202	3	98.54	CG
1	301401	301650	53	47	53.00	CHG
1	301401	301650	1244	1038	54.51	CHH
1	9436239	9436734	486	695	41.15	CG
1	9436239	9436734	333	818	28.93	CHG
1	9436239	9436734	559	1943	22.34	CHH
1	12143360	12144098	1193	16	98.68	CG
1	12143360	12144098	936	314	74.88	CHG
1	12143360	12144098	1822	6715	21.34	CHH
1	23765099	23765215	57	352	13.94	CG
1	23765099	23765215	128	216	37.21	CHG
1	23765099	23765215	420	774	35.18	CHH
1	26638981	26639111	65	3	95.59	CG
1	26638981	26639111	108	14	88.52	CHG
1	26638981	26639111	283	726	28.05	CHH
1	28181036	28181173	56	6	90.32	CG
1	28181036	28181173	70	69	50.36	CHG
1	28181036	28181173	504	846	37.33	CHH
1	29055629	29055854	254	100	71.75	CG
1	29055629	29055854	205	246	45.45	CHG
1	29055629	29055854	820	1450	36.12	CHH
1	31589315	31589440	351	1269	21.67	CHH
1	33209708	33209844	80	3	96.39	CG
1	33209708	33209844	10	30	25.00	CHG
1	33209708	33209844	384	1355	22.08	CHH
1	37056464	37056585	113	29	79.58	CHG
1	37056464	37056585	520	870	37.41	CHH
1	38496092	38496280	259	7	97.37	CG
1	38496092	38496280	52	51	50.49	CHG
1	38496092	38496280	744	1197	38.33	CHH
1	38671419	38671601	235	2	99.16	CG
1	38671419	38671601	872	1203	42.02	CHH
1	40617610	40617749	103	551	15.75	CHG
1	40617610	40617749	219	1013	17.78	CHH
1	41890335	41890557	67	3	95.71	CG
1	41890335	41890557	391	164	70.45	CHG
1	41890335	41890557	903	1556	36.72	CHH
1	42408453	42409215	1692	32	98.14	CG
1	42408453	42409215	1157	303	79.25	CHG
1	42408453	42409215	1806	4143	30.36	CHH
2	4648186	4648420	224	3	98.68	CG
2	4648186	4648420	76	32	70.37	CHG
2	4648186	4648420	921	1458	38.71	CHH
2	7605117	7605555	173	4	97.74	CG
2	7605117	7605555	158	26	85.87	CHG
2	7605117	7605555	1544	4318	26.34	CHH
2	12582950	12583307	276	2	99.28	CG
2	12582950	12583307	115	33	77.70	CHG
2	12582950	12583307	786	2568	23.43	CHH
2	15589940	15590192	66	1	98.51	CG
2	15589940	15590192	303	231	56.74	CHG
2	15589940	15590192	1152	1314	46.72	CHH
2	25342968	25343092	37	0	100.00	CG
2	25342968	25343092	38	9	80.85	CHG
2	25342968	25343092	187	720	20.62	CHH
2	28230238	28230572	329	41	88.92	CHG
2	28230238	28230572	1094	2690	28.91	CHH
2	28787543	28787788	167	6	96.53	CG
2	28787543	28787788	47	35	57.32	CHG
2	28787543	28787788	889	1200	42.56	CHH
2	29123726	29123981	500	2052	19.59	CHH
2	31639383	31639502	73	5	93.59	CG
2	31639383	31639502	717	651	52.41	CHH
2	32251509	32251649	65	4	94.20	CHG
2	32251509	32251649	1010	748	57.45	CHH
2	33849781	33850113	303	14	95.58	CG
2	33849781	33850113	196	62	75.97	CHG
2	33849781	33850113	570	2631	17.81	CHH
2	34582792	34582911	41	12	77.36	CHG
2	34582792	34582911	771	618	55.51	CHH
3	3169366	3169453	247	582	29.79	CHH
3	6047207	6047392	140	4	97.22	CG
3	6047207	6047392	38	32	54.29	CHG
3	6047207	6047392	1400	930	60.09	CHH
3	12710378	12710636	622	15	97.65	CG
3	12710378	12710636	173	40	81.22	CHG
3	12710378	12710636	808	1801	30.97	CHH
3	15103668	15103782	68	1	98.55	CHG
3	15103668	15103782	337	868	27.97	CHH
3	15613686	15613799	35	199	14.96	CG
3	15613686	15613799	45	195	18.75	CHG
3	15613686	15613799	277	806	25.58	CHH
3	16776362	16776567	511	1918	21.04	CHH
3	16791092	16791367	587	10	98.32	CG
3	16791092	16791367	167	94	63.98	CHG
3	16791092	16791367	514	1485	25.71	CHH
3	16792013	16792301	182	23	88.78	CG
3	16792013	16792301	260	38	87.25	CHG
3	16792013	16792301	694	2790	19.92	CHH
3	17916587	17916910	284	43	86.85	CG
3	17916587	17916910	68	16	80.95	CHG
3	17916587	17916910	942	2020	31.80	CHH
3	20725201	20725339	71	2	97.26	CG
3	20725201	20725339	76	4	95.00	CHG
3	20725201	20725339	753	1296	36.75	CHH
3	24601757	24601980	144	7	95.36	CG
3	24601757	24601980	395	69	85.13	CHG
3	24601757	24601980	648	2010	24.38	CHH
3	27436719	27436866	60	7	89.55	CHG
3	27436719	27436866	285	975	22.62	CHH
3	27617928	27618015	61	145	29.61	CG
3	27617928	27618015	72	69	51.06	CHG
3	27617928	27618015	345	442	43.84	CHH
3	27618313	27618751	163	61	72.77	CG
3	27618313	27618751	219	415	34.54	CHG
3	27618313	27618751	652	2792	18.93	CHH
3	29591935	29592097	64	2	96.97	CG
3	29591935	29592097	12	26	31.58	CHG
3	29591935	29592097	545	1394	28.11	CHH
3	31089191	31090510	3235	86	97.41	CG
3	31089191	31090510	2298	374	86.00	CHG
3	31089191	31090510	3581	6751	34.66	CHH
3	32110687	32111197	1156	17	98.55	CG
3	32110687	32111197	717	205	77.77	CHG
3	32110687	32111197	2562	2365	52.00	CHH
4	4915709	4916399	1471	26	98.26	CG
4	4915709	4916399	700	139	83.43	CHG
4	4915709	4916399	1801	4263	29.70	CHH
4	7381268	7381662	209	6	97.21	CG
4	7381268	7381662	389	108	78.27	CHG
4	7381268	7381662	1214	3364	26.52	CHH
4	7888722	7888904	136	3	97.84	CG
4	7888722	7888904	62	6	91.18	CHG
4	7888722	7888904	885	855	50.86	CHH
4	24127511	24127670	170	3	98.27	CG
4	24127511	24127670	65	4	94.20	CHG
4	24127511	24127670	1024	870	54.07	CHH
4	25426804	25426964	29	37	43.94	CHG
4	25426804	25426964	398	1392	22.23	CHH
4	25457672	25458128	986	17	98.31	CG
4	25457672	25458128	270	134	66.83	CHG
4	25457672	25458128	1209	3445	25.98	CHH
4	27630370	27630458	387	835	31.67	CHH
4	27903713	27903888	745	1530	32.75	CHH
4	29191225	29191443	74	0	100.00	CG
4	29191225	29191443	104	76	57.78	CHG
4	29191225	29191443	773	1916	28.75	CHH
4	30022367	30022520	135	4	97.12	CG
4	30022367	30022520	746	1260	37.19	CHH
4	32693175	32693646	871	13	98.53	CG
4	32693175	32693646	602	134	81.79	CHG
4	32693175	32693646	791	2266	25.88	CHH
4	33655119	33655383	294	3	98.99	CG
4	33655119	33655383	839	2339	26.40	CHH
5	2851958	2852160	741	1118	39.86	CHH
5	4829525	4830108	254	19	93.04	CG
5	4829525	4830108	164	36	82.00	CHG
5	4829525	4830108	1179	5065	18.88	CHH
5	7972537	7972780	88	2	97.78	CG
5	7972537	7972780	58	16	78.38	CHG
5	7972537	7972780	1882	1707	52.44	CHH
5	10920468	10920712	188	9	95.43	CG
5	10920468	10920712	64	122	34.41	CHG
5	10920468	10920712	516	2035	20.23	CHH
5	17317435	17317693	127	1	99.22	CG
5	17317435	17317693	182	33	84.65	CHG
5	17317435	17317693	1323	1162	53.24	CHH
5	21464548	21464805	1239	1651	42.87	CHH
5	22429520	22429752	117	3	97.50	CG
5	22429520	22429752	64	26	71.11	CHG
5	22429520	22429752	1094	1490	42.34	CHH
5	22973734	22973969	725	1616	30.97	CHH
5	26950841	26950938	102	0	100.00	CG
5	26950841	26950938	708	845	45.59	CHH
6	4186290	4186414	285	1001	22.16	CHH
6	6081368	6081698	84	728	10.34	CG
6	6081368	6081698	58	325	15.14	CHG
6	6081368	6081698	477	2584	15.58	CHH
6	9469938	9470183	1287	1294	49.86	CHH
6	11305250	11305430	25	233	9.69	CG
6	11305250	11305430	8	36	18.18	CHG
6	11305250	11305430	269	923	22.57	CHH
6	13738650	13738842	107	10	91.45	CG
6	13738650	13738842	38	230	14.18	CHG
6	13738650	13738842	198	1582	11.12	CHH
6	20384125	20384463	62	329	15.86	CG
6	20384125	20384463	168	475	26.13	CHG
6	20384125	20384463	748	2850	20.79	CHH
6	24282820	24282990	106	5	95.50	CHG
6	24282820	24282990	1080	935	53.60	CHH
6	25073298	25073513	89	3	96.74	CG
6	25073298	25073513	46	79	36.80	CHG
6	25073298	25073513	344	1291	21.04	CHH
6	30191023	30191331	237	6	97.53	CG
6	30191023	30191331	417	24	94.56	CHG
6	30191023	30191331	1074	1721	38.43	CHH
7	999031	999589	105	280	27.27	CG
7	999031	999589	234	1049	18.24	CHG
7	999031	999589	1153	5149	18.30	CHH
7	3169312	3169590	40	22	64.52	CHG
7	3169312	3169590	1962	1381	58.69	CHH
7	3739834	3740067	234	6	97.50	CG
7	3739834	3740067	116	43	72.96	CHG
7	3739834	3740067	1206	1526	44.14	CHH
7	18712663	18712940	849	3374	20.10	CHH
7	24811648	24811977	66	4	94.29	CG
7	24811648	24811977	37	13	74.00	CHG
7	24811648	24811977	1632	1794	47.64	CHH
8	1575049	1575210	558	1308	29.90	CHH
8	3073639	3073816	51	76	40.16	CG
8	3073639	3073816	157	244	39.15	CHG
8	3073639	3073816	491	1195	29.12	CHH
8	3388417	3388667	126	7	94.74	CG
8	3388417	3388667	83	51	61.94	CHG
8	3388417	3388667	1724	985	63.64	CHH
8	5321619	5321826	79	1	98.75	CG
8	5321619	5321826	25	12	67.57	CHG
8	5321619	5321826	1641	1187	58.03	CHH
8	5680035	5680214	130	1	99.24	CG
8	5680035	5680214	116	7	94.31	CHG
8	5680035	5680214	744	1500	33.16	CHH
8	5778017	5778213	66	456	12.64	CG
8	5778017	5778213	62	193	24.31	CHG
8	5778017	5778213	285	669	29.87	CHH
8	6111458	6111746	325	2	99.39	CG
8	6111458	6111746	215	96	69.13	CHG
8	6111458	6111746	777	2149	26.56	CHH
8	11782944	11783090	89	7	92.71	CHG
8	11782944	11783090	480	1020	32.00	CHH
8	15503593	15503835	56	2	96.55	CG
8	15503593	15503835	1271	764	62.46	CHH
8	16978203	16978683	136	4	97.14	CG
8	16978203	16978683	597	177	77.13	CHG
8	16978203	16978683	720	4350	14.20	CHH
8	20980680	20981040	119	1273	8.55	CG
8	20980680	20981040	264	1265	17.27	CHG
8	20980680	20981040	607	2495	19.57	CHH
8	21691415	21691967	356	20	94.68	CG
8	21691415	21691967	354	109	76.46	CHG
8	21691415	21691967	1287	3728	25.66	CHH
8	23488434	23488729	385	2	99.48	CG
8	23488434	23488729	168	69	70.89	CHG
8	23488434	23488729	851	2143	28.42	CHH
8	24768225	24768508	142	70	66.98	CG
8	24768225	24768508	84	286	22.70	CHG
8	24768225	24768508	555	2581	17.70	CHH
8	26169264	26169435	469	8	98.32	CG
8	26169264	26169435	111	29	79.29	CHG
8	26169264	26169435	827	540	60.50	CHH
8	28409753	28410078	143	0	100.00	CG
8	28409753	28410078	201	13	93.93	CHG
8	28409753	28410078	1987	1988	49.99	CHH
9	16086094	16086273	118	13	90.08	CG
9	16086094	16086273	70	33	67.96	CHG
9	16086094	16086273	577	1255	31.50	CHH
10	11192936	11193103	146	2	98.65	CG
10	11192936	11193103	64	88	42.11	CHG
10	11192936	11193103	795	1698	31.89	CHH
10	13147744	13147963	325	7	97.89	CG
10	13147744	13147963	131	27	82.91	CHG
10	13147744	13147963	832	1856	30.95	CHH
10	15870323	15870605	77	5	93.90	CG
10	15870323	15870605	191	178	51.76	CHG
10	15870323	15870605	513	958	34.87	CHH
10	18561922	18562175	382	5	98.71	CG
10	18561922	18562175	578	115	83.41	CHG
10	18561922	18562175	986	1429	40.83	CHH
10	20762313	20762534	11	277	3.82	CG
10	20762313	20762534	33	566	5.51	CHG
10	20762313	20762534	168	1736	8.82	CHH
11	5554822	5555192	131	0	100.00	CG
11	5554822	5555192	553	77	87.78	CHG
11	5554822	5555192	1712	1780	49.03	CHH
11	7332863	7333120	128	2	98.46	CG
11	7332863	7333120	71	68	51.08	CHG
11	7332863	7333120	864	1611	34.91	CHH
11	8045721	8046006	664	166	80.00	CG
11	8045721	8046006	84	162	34.15	CHG
11	8045721	8046006	693	2587	21.13	CHH
11	14005572	14005699	447	1155	27.90	CHH
11	14311549	14311878	889	7	99.22	CG
11	14311549	14311878	281	68	80.52	CHG
11	14311549	14311878	1305	2398	35.24	CHH
11	16979978	16980123	69	1	98.57	CG
11	16979978	16980123	328	1660	16.50	CHH
11	21412886	21413094	484	51	90.47	CG
11	21412886	21413094	167	236	41.44	CHG
11	21412886	21413094	522	1257	29.34	CHH
11	24387545	24387850	322	8	97.58	CG
11	24387545	24387850	555	335	62.36	CHG
11	24387545	24387850	589	2267	20.62	CHH
11	27017648	27017782	72	1	98.63	CG
11	27017648	27017782	88	20	81.48	CHG
11	27017648	27017782	340	1357	20.04	CHH
11	27682635	27683583	2441	28	98.87	CG
11	27682635	27683583	1677	341	83.10	CHG
11	27682635	27683583	2222	5073	30.46	CHH
12	961100	961336	128	5	96.24	CG
12	961100	961336	331	282	54.00	CHG
12	961100	961336	566	1424	28.44	CHH
12	21483416	21483688	212	10	95.50	CG
12	21483416	21483688	380	62	85.97	CHG
12	21483416	21483688	612	2930	17.28	CHH
12	22462835	22463098	10	214	4.46	CG
12	22462835	22463098	117	259	31.12	CHG
12	22462835	22463098	918	1586	36.66	CHH
12	25690213	25690552	369	108	77.36	CG
12	25690213	25690552	84	262	24.28	CHG
12	25690213	25690552	471	2519	15.75	CHH
