1	1377440	1378052	210	9	95.89	CG
1	1377440	1378052	264	102	72.13	CHG
1	1377440	1378052	3328	3166	51.25	CHH
1	1788440	1788928	493	14	97.24	CG
1	1788440	1788928	8	27	22.86	CHG
1	1788440	1788928	1900	3147	37.65	CHH
1	2260684	2260758	639	352	64.48	CHH
1	2522960	2523166	530	10	98.15	CG
1	2522960	2523166	86	68	55.84	CHG
1	2522960	2523166	783	1742	31.01	CHH
1	2556818	2558266	5360	98	98.20	CG
1	2556818	2558266	3583	507	87.60	CHG
1	2556818	2558266	5409	6776	44.39	CHH
1	9039676	9042883	4336	60	98.64	CG
1	9039676	9042883	3851	320	92.33	CHG
1	9039676	9042883	18107	13468	57.35	CHH
1	9437012	9437784	1206	39	96.87	CG
1	9437012	9437784	1046	110	90.48	CHG
1	9437012	9437784	3562	3241	52.36	CHH
1	9767360	9767454	53	3	94.64	CG
1	9767360	9767454	41	18	69.49	CHG
1	9767360	9767454	571	404	58.56	CHH
1	10834154	10834494	46	22	67.65	CHG
1	10834154	10834494	1294	1796	41.88	CHH
1	10925172	10926295	2227	124	94.73	CG
1	10925172	10926295	1802	461	79.63	CHG
1	10925172	10926295	4239	5837	42.07	CHH
1	10926897	10927718	2629	100	96.34	CG
1	10926897	10927718	2484	453	84.58	CHG
1	10926897	10927718	2517	4525	35.74	CHH
1	11360960	11364336	5032	161	96.90	CG
1	11360960	11364336	3909	1003	79.58	CHG
1	11360960	11364336	14100	16744	45.71	CHH
1	11470931	11471326	578	86	87.05	CG
1	11470931	11471326	341	128	72.71	CHG
1	11470931	11471326	1662	2315	41.79	CHH
1	11471508	11474133	2554	57	97.82	CG
1	11471508	11474133	4579	822	84.78	CHG
1	11471508	11474133	10579	14599	42.02	CHH
1	14333472	14335930	5644	112	98.05	CG
1	14333472	14335930	3157	797	79.84	CHG
1	14333472	14335930	9856	11455	46.25	CHH
1	14336094	14337863	2782	95	96.70	CG
1	14336094	14337863	2677	419	86.47	CHG
1	14336094	14337863	8188	7206	53.19	CHH
1	14338097	14339310	2193	70	96.91	CG
1	14338097	14339310	1099	270	80.28	CHG
1	14338097	14339310	4656	5505	45.82	CHH
1	14358588	14358799	128	5	96.24	CG
1	14358588	14358799	132	23	85.16	CHG
1	14358588	14358799	1284	628	67.15	CHH
1	14961883	14962784	1263	988	56.11	CG
1	14961883	14962784	823	950	46.42	CHG
1	14961883	14962784	2434	5049	32.53	CHH
1	16709412	16710638	3188	53	98.36	CG
1	16709412	16710638	2008	521	79.40	CHG
1	16709412	16710638	4304	6126	41.27	CHH
1	20811098	20811408	154	263	36.93	CG
1	20811098	20811408	265	234	53.11	CHG
1	20811098	20811408	1170	1425	45.09	CHH
1	24162719	24162945	1264	1253	50.22	CHH
1	25253730	25254035	251	512	32.90	CG
1	25253730	25254035	111	265	29.52	CHG
1	25253730	25254035	1288	2183	37.11	CHH
1	25313000	25313256	189	421	30.98	CG
1	25313000	25313256	273	188	59.22	CHG
1	25313000	25313256	741	937	44.16	CHH
1	28200381	28201852	1541	22	98.59	CG
1	28200381	28201852	1489	250	85.62	CHG
1	28200381	28201852	8028	6699	54.51	CHH
1	28202027	28203259	1797	35	98.09	CG
1	28202027	28203259	1274	190	87.02	CHG
1	28202027	28203259	5510	7809	41.37	CHH
1	28212608	28214734	3285	80	97.62	CG
1	28212608	28214734	2252	336	87.02	CHG
1	28212608	28214734	8650	14600	37.20	CHH
1	30431887	30432457	741	10	98.67	CG
1	30431887	30432457	166	67	71.24	CHG
1	30431887	30432457	3224	3260	49.72	CHH
1	30810046	30810702	991	363	73.19	CG
1	30810046	30810702	227	276	45.13	CHG
1	30810046	30810702	2364	4964	32.26	CHH
1	35537016	35537182	920	1194	43.52	CHH
1	40395626	40395876	69	2	97.18	CG
1	40395626	40395876	1276	1189	51.76	CHH
1	41155306	41155562	20	34	37.04	CHG
1	41155306	41155562	1656	961	63.28	CHH
2	1869793	1870778	2574	71	97.32	CG
2	1869793	1870778	1998	397	83.42	CHG
2	1869793	1870778	3702	5008	42.50	CHH
2	2040558	2041143	1079	40	96.43	CG
2	2040558	2041143	787	111	87.64	CHG
2	2040558	2041143	2709	3360	44.64	CHH
2	3701574	3702250	532	70	88.37	CG
2	3701574	3702250	403	417	49.15	CHG
2	3701574	3702250	2325	4654	33.31	CHH
2	4194209	4194385	110	10	91.67	CHG
2	4194209	4194385	995	711	58.32	CHH
2	4947306	4947538	101	1	99.02	CG
2	4947306	4947538	1161	1713	40.40	CHH
2	5499042	5499299	392	12	97.03	CG
2	5499042	5499299	200	33	85.84	CHG
2	5499042	5499299	565	1443	28.14	CHH
2	5902991	5906606	4387	212	95.39	CG
2	5902991	5906606	6407	1675	79.27	CHG
2	5902991	5906606	16509	17327	48.79	CHH
2	6762287	6762792	394	14	96.57	CG
2	6762287	6762792	375	115	76.53	CHG
2	6762287	6762792	1275	3621	26.04	CHH
2	6796212	6796945	311	1134	21.52	CG
2	6796212	6796945	647	860	42.93	CHG
2	6796212	6796945	2458	3707	39.87	CHH
2	6797386	6798332	1400	260	84.34	CG
2	6797386	6798332	996	548	64.51	CHG
2	6797386	6798332	4143	5595	42.54	CHH
2	7606176	7607483	1167	40	96.69	CG
2	7606176	7607483	993	382	72.22	CHG
2	7606176	7607483	4574	10342	30.67	CHH
2	7607731	7609075	1878	600	75.79	CG
2	7607731	7609075	970	719	57.43	CHG
2	7607731	7609075	5358	8306	39.21	CHH
2	8343974	8344975	1416	40	97.25	CG
2	8343974	8344975	1227	179	87.27	CHG
2	8343974	8344975	4460	6551	40.50	CHH
2	8345745	8345938	352	6	98.32	CG
2	8345745	8345938	166	134	55.33	CHG
2	8345745	8345938	724	1849	28.14	CHH
2	12333889	12333999	134	7	95.04	CG
2	12333889	12333999	81	47	63.28	CHG
2	12333889	12333999	600	558	51.81	CHH
2	13583003	13585128	2026	65	96.89	CG
2	13583003	13585128	4224	525	88.95	CHG
2	13583003	13585128	7271	13833	34.45	CHH
2	13872268	13872613	144	327	30.57	CG
2	13872268	13872613	180	539	25.03	CHG
2	13872268	13872613	1041	2651	28.20	CHH
2	19469869	19471775	4479	601	88.17	CG
2	19469869	19471775	2539	1218	67.58	CHG
2	19469869	19471775	7484	10855	40.81	CHH
2	19977858	19978135	424	6	98.60	CG
2	19977858	19978135	589	147	80.03	CHG
2	19977858	19978135	1430	1669	46.14	CHH
2	20745916	20746102	158	3	98.14	CG
2	20745916	20746102	104	19	84.55	CHG
2	20745916	20746102	988	1169	45.80	CHH
2	25258399	25258520	710	567	55.60	CHH
2	28737277	28737416	963	564	63.06	CHH
2	34952974	34953385	1234	45	96.48	CG
2	34952974	34953385	512	166	75.52	CHG
2	34952974	34953385	1234	3813	24.45	CHH
2	34955560	34955809	1803	850	67.96	CHH
3	1354664	1354914	313	6	98.12	CG
3	1354664	1354914	380	69	84.63	CHG
3	1354664	1354914	1615	896	64.32	CHH
3	8409618	8409743	46	282	14.02	CG
3	8409618	8409743	73	185	28.29	CHG
3	8409618	8409743	358	984	26.68	CHH
3	9319923	9320317	385	8	97.96	CG
3	9319923	9320317	76	19	80.00	CHG
3	9319923	9320317	1548	1762	46.77	CHH
3	15113224	15113412	1086	989	52.34	CHH
3	17308009	17308190	63	2	96.92	CG
3	17308009	17308190	60	2	96.77	CHG
3	17308009	17308190	1003	925	52.02	CHH
3	20792869	20793598	142	458	23.67	CG
3	20792869	20793598	376	694	35.14	CHG
3	20792869	20793598	2228	5557	28.62	CHH
3	22406998	22410666	2889	1185	70.91	CG
3	22406998	22410666	4815	1281	78.99	CHG
3	22406998	22410666	17830	20853	46.09	CHH
3	23359385	23359602	151	7	95.57	CG
3	23359385	23359602	16	22	42.11	CHG
3	23359385	23359602	1330	1245	51.65	CHH
3	24569402	24572072	3805	83	97.87	CG
3	24569402	24572072	3839	462	89.26	CHG
3	24569402	24572072	12032	15365	43.92	CHH
3	24603937	24605042	2151	54	97.55	CG
3	24603937	24605042	2243	434	83.79	CHG
3	24603937	24605042	4951	6850	41.95	CHH
3	26143599	26144289	606	518	53.91	CG
3	26143599	26144289	673	677	49.85	CHG
3	26143599	26144289	3330	4911	40.41	CHH
3	27619055	27619344	260	55	82.54	CG
3	27619055	27619344	271	166	62.01	CHG
3	27619055	27619344	1452	1999	42.07	CHH
3	27619956	27621480	1995	1807	52.47	CG
3	27619956	27621480	1392	1405	49.77	CHG
3	27619956	27621480	5364	7979	40.20	CHH
3	28228225	28228487	1723	1505	53.38	CHH
3	29750151	29752956	4860	88	98.22	CG
3	29750151	29752956	3119	260	92.31	CHG
3	29750151	29752956	14493	14231	50.46	CHH
3	29885011	29885181	57	3	95.00	CG
3	29885011	29885181	82	8	91.11	CHG
3	29885011	29885181	1445	773	65.15	CHH
3	30100210	30100463	88	1	98.88	CG
3	30100210	30100463	1402	1794	43.87	CHH
3	30830679	30830818	754	688	52.29	CHH
3	32182087	32182430	89	3	96.74	CG
3	32182087	32182430	37	63	37.00	CHG
3	32182087	32182430	1505	2447	38.08	CHH
4	19683995	19684552	544	491	52.56	CG
4	19683995	19684552	577	704	45.04	CHG
4	19683995	19684552	2009	3527	36.29	CHH
4	19744896	19745083	97	21	82.20	CG
4	19744896	19745083	1059	861	55.16	CHH
4	21627729	21627912	120	2	98.36	CG
4	21627729	21627912	82	13	86.32	CHG
4	21627729	21627912	1133	546	67.48	CHH
4	24030042	24030690	401	9	97.80	CG
4	24030042	24030690	531	95	84.82	CHG
4	24030042	24030690	2790	4505	38.25	CHH
4	27907257	27907388	72	1	98.63	CG
4	27907257	27907388	14	32	30.43	CHG
4	27907257	27907388	1057	779	57.57	CHH
4	30176025	30176485	300	11	96.46	CG
4	30176025	30176485	35	95	26.92	CHG
4	30176025	30176485	2498	2832	46.87	CHH
4	35050130	35050413	56	251	18.24	CG
4	35050130	35050413	162	282	36.49	CHG
4	35050130	35050413	989	2040	32.65	CHH
4	35050645	35051479	1356	118	91.99	CG
4	35050645	35051479	1133	306	78.74	CHG
4	35050645	35051479	4594	4200	52.24	CHH
4	35051684	35052572	2592	57	97.85	CG
4	35051684	35052572	1253	151	89.25	CHG
4	35051684	35052572	6060	4375	58.07	CHH
4	35052766	35053258	400	783	33.81	CG
4	35052766	35053258	335	686	32.81	CHG
4	35052766	35053258	1282	3053	29.57	CHH
5	1135886	1136509	534	620	46.27	CG
5	1135886	1136509	456	1046	30.36	CHG
5	1135886	1136509	1653	3666	31.08	CHH
5	1681288	1681619	266	477	35.80	CG
5	1681288	1681619	322	399	44.66	CHG
5	1681288	1681619	1687	1885	47.23	CHH
5	4826765	4827929	1092	44	96.13	CG
5	4826765	4827929	1293	244	84.12	CHG
5	4826765	4827929	4272	7600	35.98	CHH
5	4828099	4828891	314	1227	20.38	CG
5	4828099	4828891	625	882	41.47	CHG
5	4828099	4828891	3228	4432	42.14	CHH
5	4830291	4831171	612	743	45.17	CG
5	4830291	4831171	640	539	54.28	CHG
5	4830291	4831171	3395	4820	41.33	CHH
5	6765407	6765604	167	4	97.66	CG
5	6765407	6765604	163	85	65.73	CHG
5	6765407	6765604	589	1463	28.70	CHH
5	10917777	10919451	2745	66	97.65	CG
5	10917777	10919451	2802	783	78.16	CHG
5	10917777	10919451	6344	10831	36.94	CHH
5	11242827	11244802	2604	42	98.41	CG
5	11242827	11244802	3271	335	90.71	CHG
5	11242827	11244802	7983	12892	38.24	CHH
5	21149049	21149184	82	306	21.13	CG
5	21149049	21149184	177	209	45.85	CHG
5	21149049	21149184	670	961	41.08	CHH
5	21857485	21857720	233	4	98.31	CG
5	21857485	21857720	247	55	81.79	CHG
5	21857485	21857720	1002	983	50.48	CHH
5	25347572	25347835	143	442	24.44	CG
5	25347572	25347835	153	452	25.29	CHG
5	25347572	25347835	836	2142	28.07	CHH
5	25348057	25348813	406	20	95.31	CG
5	25348057	25348813	698	1195	36.87	CHG
5	25348057	25348813	2865	4395	39.46	CHH
5	25352498	25355138	2610	574	81.97	CG
5	25352498	25355138	3258	1528	68.07	CHG
5	25352498	25355138	13416	13952	49.02	CHH
5	25355297	25357051	2900	59	98.01	CG
5	25355297	25357051	2212	535	80.52	CHG
5	25355297	25357051	8969	10039	47.19	CHH
5	26872353	26874176	1959	1191	62.19	CG
5	26872353	26874176	1541	888	63.44	CHG
5	26872353	26874176	7128	10558	40.30	CHH
5	26989629	26989802	39	17	69.64	CHG
5	26989629	26989802	1056	833	55.90	CHH
6	6078118	6079550	1452	30	97.98	CG
6	6078118	6079550	2845	741	79.34	CHG
6	6078118	6079550	4662	8945	34.26	CHH
6	6079751	6080866	2051	49	97.67	CG
6	6079751	6080866	1497	190	88.74	CHG
6	6079751	6080866	3274	8233	28.45	CHH
6	7535836	7537636	2012	690	74.46	CG
6	7535836	7537636	2232	1065	67.70	CHG
6	7535836	7537636	7140	11494	38.32	CHH
6	7537860	7538806	2523	50	98.06	CG
6	7537860	7538806	1264	297	80.97	CHG
6	7537860	7538806	3652	6494	35.99	CHH
6	7540556	7540748	112	11	91.06	CG
6	7540556	7540748	1149	716	61.61	CHH
6	7725720	7725950	463	13	97.27	CG
6	7725720	7725950	521	171	75.29	CHG
6	7725720	7725950	715	1441	33.16	CHH
6	11302246	11302995	757	24	96.93	CG
6	11302246	11302995	1278	463	73.41	CHG
6	11302246	11302995	2487	4347	36.39	CHH
6	11303180	11304874	3216	86	97.40	CG
6	11303180	11304874	2146	501	81.07	CHG
6	11303180	11304874	9034	10150	47.09	CHH
6	13428012	13431273	3360	143	95.92	CG
6	13428012	13431273	4669	566	89.19	CHG
6	13428012	13431273	17423	15725	52.56	CHH
6	17321639	17321861	38	144	20.88	CG
6	17321639	17321861	95	308	23.57	CHG
6	17321639	17321861	449	1444	23.72	CHH
6	22376044	22376666	414	22	94.95	CG
6	22376044	22376666	152	122	55.47	CHG
6	22376044	22376666	2686	3281	45.01	CHH
6	23537611	23537873	159	8	95.21	CHG
6	23537611	23537873	1236	1685	42.31	CHH
6	25078471	25078618	42	35	54.55	CHG
6	25078471	25078618	848	977	46.47	CHH
6	25314682	25315364	373	17	95.64	CG
6	25314682	25315364	365	99	78.66	CHG
6	25314682	25315364	2399	4885	32.94	CHH
6	26183206	26183498	87	0	100.00	CG
6	26183206	26183498	2388	954	71.45	CHH
6	27799633	27800383	76	458	14.23	CG
6	27799633	27800383	227	712	24.17	CHG
6	27799633	27800383	2242	5837	27.75	CHH
6	27801639	27802209	129	489	20.87	CG
6	27801639	27802209	291	556	34.36	CHG
6	27801639	27802209	1446	3141	31.52	CHH
6	27807200	27808739	1585	354	81.74	CG
6	27807200	27808739	2262	831	73.13	CHG
6	27807200	27808739	6136	7623	44.60	CHH
6	29377073	29378367	2538	54	97.92	CG
6	29377073	29378367	2528	290	89.71	CHG
6	29377073	29378367	6051	6727	47.35	CHH
6	29378560	29380306	4593	97	97.93	CG
6	29378560	29380306	2696	464	85.32	CHG
6	29378560	29380306	9553	8056	54.25	CHH
7	436559	436644	486	541	47.32	CHH
7	3142735	3143078	592	8	98.67	CG
7	3142735	3143078	535	102	83.99	CHG
7	3142735	3143078	2076	1455	58.79	CHH
7	3220899	3221205	77	6	92.77	CG
7	3220899	3221205	2593	1270	67.12	CHH
7	4348747	4349352	887	44	95.27	CG
7	4348747	4349352	435	153	73.98	CHG
7	4348747	4349352	1904	2938	39.32	CHH
7	4349624	4350850	2182	28	98.73	CG
7	4349624	4350850	1582	349	81.93	CHG
7	4349624	4350850	3820	6000	38.90	CHH
7	4351012	4351916	1132	51	95.69	CG
7	4351012	4351916	1186	227	83.93	CHG
7	4351012	4351916	3354	4355	43.51	CHH
7	4373857	4376166	2533	188	93.09	CG
7	4373857	4376166	2459	856	74.18	CHG
7	4373857	4376166	11435	10880	51.24	CHH
7	6141659	6141862	743	13	98.28	CG
7	6141659	6141862	413	65	86.40	CHG
7	6141659	6141862	1245	1568	44.26	CHH
7	8294134	8294483	24	521	4.40	CG
7	8294134	8294483	98	527	15.68	CHG
7	8294134	8294483	598	3077	16.27	CHH
7	8296050	8297360	1072	34	96.93	CG
7	8296050	8297360	1045	480	68.52	CHG
7	8296050	8297360	4747	8033	37.14	CHH
7	8297831	8298242	288	7	97.63	CG
7	8297831	8298242	451	264	63.08	CHG
7	8297831	8298242	1265	2885	30.48	CHH
7	8993394	8993705	139	3	97.89	CG
7	8993394	8993705	1577	1525	50.84	CHH
7	15188698	15188829	69	27	71.88	CHG
7	15188698	15188829	977	1405	41.02	CHH
7	15677983	15678606	491	553	47.03	CG
7	15677983	15678606	442	625	41.42	CHG
7	15677983	15678606	1500	3686	28.92	CHH
7	15715017	15716282	1174	485	70.77	CG
7	15715017	15716282	1768	854	67.43	CHG
7	15715017	15716282	4224	5851	41.93	CHH
7	15716649	15717550	1754	43	97.61	CG
7	15716649	15717550	1208	409	74.71	CHG
7	15716649	15717550	3422	6093	35.96	CHH
7	15987686	15990374	2586	93	96.53	CG
7	15987686	15990374	2399	957	71.48	CHG
7	15987686	15990374	8989	18003	33.30	CHH
7	16599468	16599909	189	3	98.44	CG
7	16599468	16599909	328	566	36.69	CHG
7	16599468	16599909	1167	3046	27.70	CHH
7	18624941	18625154	72	0	100.00	CG
7	18624941	18625154	91	23	79.82	CHG
7	18624941	18625154	1382	1100	55.68	CHH
7	19254932	19255653	459	423	52.04	CG
7	19254932	19255653	753	1687	30.86	CHG
7	19254932	19255653	2168	4755	31.32	CHH
7	20003073	20003442	257	589	30.38	CG
7	20003073	20003442	129	283	31.31	CHG
7	20003073	20003442	942	2211	29.88	CHH
7	20004260	20004538	98	426	18.70	CG
7	20004260	20004538	253	402	38.63	CHG
7	20004260	20004538	1018	1590	39.03	CHH
7	22460506	22460644	139	643	17.77	CG
7	22460506	22460644	82	175	31.91	CHG
7	22460506	22460644	348	580	37.50	CHH
7	24948880	24949085	1686	686	71.08	CHH
7	25909857	25910353	512	8	98.46	CG
7	25909857	25910353	678	253	72.82	CHG
7	25909857	25910353	2148	2927	42.33	CHH
7	27169621	27169836	26	34	43.33	CG
7	27169621	27169836	252	185	57.67	CHG
7	27169621	27169836	1103	760	59.21	CHH
7	27307263	27307688	727	12	98.38	CG
7	27307263	27307688	626	117	84.25	CHG
7	27307263	27307688	1966	1782	52.45	CHH
8	5778397	5779045	920	253	78.43	CG
8	5778397	5779045	778	529	59.53	CHG
8	5778397	5779045	2563	2905	46.87	CHH
8	5779226	5780049	608	178	77.35	CG
8	5779226	5780049	762	358	68.04	CHG
8	5779226	5780049	4159	4604	47.46	CHH
8	7765923	7766237	270	29	90.30	CG
8	7765923	7766237	165	134	55.18	CHG
8	7765923	7766237	747	2353	24.10	CHH
8	7766623	7766940	389	9	97.74	CG
8	7766623	7766940	324	236	57.86	CHG
8	7766623	7766940	796	2224	26.36	CHH
8	7767812	7769432	1767	68	96.29	CG
8	7767812	7769432	1714	377	81.97	CHG
8	7767812	7769432	5709	12277	31.74	CHH
8	10497174	10498216	1652	23	98.63	CG
8	10497174	10498216	945	110	89.57	CHG
8	10497174	10498216	3569	7372	32.62	CHH
8	10498395	10499575	740	21	97.24	CG
8	10498395	10499575	1003	418	70.58	CHG
8	10498395	10499575	5454	6307	46.37	CHH
8	15456518	15458380	3146	60	98.13	CG
8	15456518	15458380	2698	437	86.06	CHG
8	15456518	15458380	9954	8892	52.82	CHH
8	15458644	15461086	2776	78	97.27	CG
8	15458644	15461086	2430	398	85.93	CHG
8	15458644	15461086	12737	11413	52.74	CHH
8	21692817	21694038	1398	57	96.08	CG
8	21692817	21694038	1958	298	86.79	CHG
8	21692817	21694038	4729	8214	36.54	CHH
8	22741998	22742320	25	47	34.72	CHG
8	22741998	22742320	1445	1799	44.54	CHH
8	24735337	24736197	771	11	98.59	CG
8	24735337	24736197	884	325	73.12	CHG
8	24735337	24736197	3711	5589	39.90	CHH
8	24968997	24969171	71	1	98.61	CG
8	24968997	24969171	95	11	89.62	CHG
8	24968997	24969171	1338	1032	56.46	CHH
8	27145493	27145904	324	406	44.38	CG
8	27145493	27145904	166	214	43.68	CHG
8	27145493	27145904	1684	2734	38.12	CHH
8	27146154	27147151	858	171	83.38	CG
8	27146154	27147151	372	273	57.67	CHG
8	27146154	27147151	4438	6040	42.36	CHH
9	12622010	12622195	123	499	19.77	CG
9	12622010	12622195	80	111	41.88	CHG
9	12622010	12622195	563	1276	30.61	CHH
9	12622461	12622831	456	338	57.43	CG
9	12622461	12622831	136	178	43.31	CHG
9	12622461	12622831	1202	2065	36.79	CHH
9	15228404	15229163	706	82	89.59	CG
9	15228404	15229163	687	347	66.44	CHG
9	15228404	15229163	3137	3973	44.12	CHH
9	16724009	16725093	822	19	97.74	CG
9	16724009	16725093	1132	192	85.50	CHG
9	16724009	16725093	5073	5929	46.11	CHH
9	16725343	16726536	2504	106	95.94	CG
9	16725343	16726536	1565	397	79.77	CHG
9	16725343	16726536	5718	7178	44.34	CHH
9	19098095	19098253	51	2	96.23	CG
9	19098095	19098253	75	36	67.57	CHG
9	19098095	19098253	682	750	47.63	CHH
9	21886164	21886293	558	1274	30.46	CHH
10	403342	404217	1569	452	77.63	CG
10	403342	404217	1356	977	58.12	CHG
10	403342	404217	3332	4461	42.76	CHH
10	707135	707736	1461	429	77.30	CG
10	707135	707736	895	1215	42.42	CHG
10	707135	707736	2325	3425	40.43	CHH
10	708160	710138	5702	139	97.62	CG
10	708160	710138	3385	861	79.72	CHG
10	708160	710138	5662	11712	32.59	CHH
10	1838124	1838526	137	3	97.86	CG
10	1838124	1838526	54	5	91.53	CHG
10	1838124	1838526	2236	1431	60.98	CHH
10	1890175	1890720	644	14	97.87	CG
10	1890175	1890720	580	319	64.52	CHG
10	1890175	1890720	2499	3104	44.60	CHH
10	5680298	5680662	922	562	62.13	CG
10	5680298	5680662	806	954	45.80	CHG
10	5680298	5680662	1561	1917	44.88	CHH
10	5930107	5931241	1980	59	97.11	CG
10	5930107	5931241	1777	887	66.70	CHG
10	5930107	5931241	3833	5188	42.49	CHH
10	5931400	5931895	705	22	96.97	CG
10	5931400	5931895	567	283	66.71	CHG
10	5931400	5931895	1869	2195	45.99	CHH
10	5933659	5934116	213	943	18.43	CG
10	5933659	5934116	454	858	34.60	CHG
10	5933659	5934116	1263	2010	38.59	CHH
10	6420591	6420748	135	236	36.39	CHG
10	6420591	6420748	568	953	37.34	CHH
10	15986962	15990245	3828	88	97.75	CG
10	15986962	15990245	3808	1327	74.16	CHG
10	15986962	15990245	11613	20601	36.05	CHH
10	15991567	15992011	198	735	21.22	CG
10	15991567	15992011	528	819	39.20	CHG
10	15991567	15992011	1769	2458	41.85	CHH
10	16004469	16005053	398	2298	14.76	CG
10	16004469	16005053	745	1314	36.18	CHG
10	16004469	16005053	1949	2633	42.54	CHH
10	16006434	16007004	514	1003	33.88	CG
10	16006434	16007004	689	616	52.80	CHG
10	16006434	16007004	1850	1801	50.67	CHH
10	18101624	18101816	447	16	96.54	CG
10	18101624	18101816	289	103	73.72	CHG
10	18101624	18101816	1380	760	64.49	CHH
10	20291443	20292459	2635	70	97.41	CG
10	20291443	20292459	1383	291	82.62	CHG
10	20291443	20292459	3169	5998	34.57	CHH
10	20777405	20778626	1934	42	97.87	CG
10	20777405	20778626	1840	328	84.87	CHG
10	20777405	20778626	7705	5610	57.87	CHH
10	20778820	20779263	83	465	15.15	CG
10	20778820	20779263	271	894	23.26	CHG
10	20778820	20779263	1333	2710	32.97	CHH
10	22690213	22690439	1560	826	65.38	CHH
11	569050	569549	136	3	97.84	CG
11	569050	569549	609	91	87.00	CHG
11	569050	569549	3340	2047	62.00	CHH
11	1878755	1878890	106	47	69.28	CG
11	1878755	1878890	151	114	56.98	CHG
11	1878755	1878890	791	610	56.46	CHH
11	1947206	1947542	63	3	95.45	CG
11	1947206	1947542	1156	1864	38.28	CHH
11	2541708	2543393	712	738	49.10	CG
11	2541708	2543393	1026	2850	26.47	CHG
11	2541708	2543393	5251	12575	29.46	CHH
11	7731537	7734405	2402	60	97.56	CG
11	7731537	7734405	3484	649	84.30	CHG
11	7731537	7734405	15068	16457	47.80	CHH
11	7740288	7741705	2928	261	91.82	CG
11	7740288	7741705	2012	650	75.58	CHG
11	7740288	7741705	5516	7928	41.03	CHH
11	7741944	7742391	300	350	46.15	CG
11	7741944	7742391	628	639	49.57	CHG
11	7741944	7742391	1646	2190	42.91	CHH
11	11662804	11663369	351	7	98.04	CG
11	11662804	11663369	582	52	91.80	CHG
11	11662804	11663369	2193	4093	34.89	CHH
11	13632522	13632647	147	224	39.62	CHG
11	13632522	13632647	437	872	33.38	CHH
11	14006096	14006227	761	782	49.32	CHH
11	16006890	16007049	63	2	96.92	CG
11	16006890	16007049	27	1	96.43	CHG
11	16006890	16007049	1274	731	63.54	CHH
11	16330929	16332016	784	520	60.12	CG
11	16330929	16332016	1101	1404	43.95	CHG
11	16330929	16332016	3737	6463	36.64	CHH
11	16332352	16336587	7040	722	90.70	CG
11	16332352	16336587	6563	1676	79.66	CHG
11	16332352	16336587	20459	21990	48.20	CHH
11	19478887	19479310	368	8	97.87	CG
11	19478887	19479310	556	287	65.95	CHG
11	19478887	19479310	2039	1403	59.24	CHH
11	20707212	20707528	109	198	35.50	CG
11	20707212	20707528	382	325	54.03	CHG
11	20707212	20707528	1299	1117	53.77	CHH
11	21197890	21198236	93	54	63.27	CHG
11	21197890	21198236	3139	1635	65.75	CHH
11	23435202	23435727	105	97	51.98	CG
11	23435202	23435727	595	679	46.70	CHG
11	23435202	23435727	2123	2719	43.85	CHH
11	24391044	24392970	1665	35	97.94	CG
11	24391044	24392970	3875	819	82.55	CHG
11	24391044	24392970	6832	12187	35.92	CHH
11	24393313	24394212	740	21	97.24	CG
11	24393313	24394212	1474	211	87.48	CHG
11	24393313	24394212	3819	3711	50.72	CHH
11	24395075	24395260	70	214	24.65	CG
11	24395075	24395260	49	65	42.98	CHG
11	24395075	24395260	712	1162	37.99	CHH
11	26205598	26205997	244	90	73.05	CG
11	26205598	26205997	92	484	15.97	CHG
11	26205598	26205997	754	3808	16.53	CHH
12	1816647	1816809	71	4	94.67	CG
12	1816647	1816809	1310	889	59.57	CHH
12	4729330	4730513	1279	103	92.55	CG
12	4729330	4730513	804	576	58.26	CHG
12	4729330	4730513	4168	9262	31.03	CHH
12	4730790	4736244	5768	180	96.97	CG
12	4730790	4736244	6305	1269	83.25	CHG
12	4730790	4736244	24814	31279	44.24	CHH
12	4736420	4737233	1127	100	91.85	CG
12	4736420	4737233	867	353	71.07	CHG
12	4736420	4737233	2903	3399	46.06	CHH
12	4900521	4901766	1314	33	97.55	CG
12	4900521	4901766	1055	566	65.08	CHG
12	4900521	4901766	3634	8597	29.71	CHH
12	5021892	5024116	1338	26	98.09	CG
12	5021892	5024116	2975	1112	72.79	CHG
12	5021892	5024116	7365	11838	38.35	CHH
12	5024498	5027592	1742	49	97.26	CG
12	5024498	5027592	3972	1470	72.99	CHG
12	5024498	5027592	14190	17783	44.38	CHH
12	11362213	11362441	59	1	98.33	CG
12	11362213	11362441	54	11	83.08	CHG
12	11362213	11362441	1401	754	65.01	CHH
12	17500982	17502112	658	413	61.44	CG
12	17500982	17502112	907	505	64.24	CHG
12	17500982	17502112	5440	6154	46.92	CHH
12	17502305	17503335	1836	48	97.45	CG
12	17502305	17503335	546	235	69.91	CHG
12	17502305	17503335	4111	5726	41.79	CHH
12	17984560	17985250	145	1083	11.81	CG
12	17984560	17985250	374	1006	27.10	CHG
12	17984560	17985250	2064	4993	29.25	CHH
12	17985763	17986319	618	119	83.85	CG
12	17985763	17986319	273	117	70.00	CHG
12	17985763	17986319	1784	3535	33.54	CHH
12	18393551	18394277	695	329	67.87	CG
12	18393551	18394277	332	469	41.45	CHG
12	18393551	18394277	3501	4146	45.78	CHH
12	19120680	19120950	90	65	58.06	CG
12	19120680	19120950	64	9	87.67	CHG
12	19120680	19120950	1902	1823	51.06	CHH
12	24728431	24728725	285	445	39.04	CG
12	24728431	24728725	748	632	54.20	CHG
12	24728431	24728725	1915	1308	59.42	CHH
12	24729444	24730180	2243	107	95.45	CG
12	24729444	24730180	1986	446	81.66	CHG
12	24729444	24730180	3202	2404	57.12	CHH
12	24734143	24734410	78	404	16.18	CG
12	24734143	24734410	484	911	34.70	CHG
12	24734143	24734410	1083	1670	39.34	CHH
12	25119408	25119711	438	3	99.32	CG
12	25119408	25119711	340	129	72.49	CHG
12	25119408	25119711	1243	1390	47.21	CHH
1	4981767	4981906	1379	383	78.26	CHH
1	18984904	18985083	60	3	95.24	CG
1	18984904	18985083	60	33	64.52	CHG
1	18984904	18985083	1056	1406	42.89	CHH
1	27335823	27335919	171	14	92.43	CG
1	27335823	27335919	50	48	51.02	CHG
1	27335823	27335919	470	497	48.60	CHH
1	39322830	39323057	451	12	97.41	CG
1	39322830	39323057	265	105	71.62	CHG
1	39322830	39323057	931	2040	31.34	CHH
2	4474885	4475212	553	8	98.57	CG
2	4474885	4475212	248	58	81.05	CHG
2	4474885	4475212	1851	1291	58.91	CHH
2	17785746	17785984	159	4	97.55	CG
2	17785746	17785984	1975	704	73.72	CHH
2	24587774	24587906	143	2	98.62	CG
2	24587774	24587906	84	2	97.67	CHG
2	24587774	24587906	1156	705	62.12	CHH
2	32687570	32687718	296	229	56.38	CG
2	32687570	32687718	269	222	54.79	CHG
2	32687570	32687718	1093	762	58.92	CHH
3	7246619	7246872	688	11	98.43	CG
3	7246619	7246872	173	67	72.08	CHG
3	7246619	7246872	1378	1507	47.76	CHH
3	16709783	16710100	657	14	97.91	CG
3	16709783	16710100	497	111	81.74	CHG
3	16709783	16710100	1428	1841	43.68	CHH
3	18637898	18638001	88	1	98.88	CG
3	18637898	18638001	547	838	39.49	CHH
3	24572450	24572571	482	1386	25.80	CHH
3	27626160	27626452	291	37	88.72	CG
3	27626160	27626452	92	112	45.10	CHG
3	27626160	27626452	934	1862	33.40	CHH
3	33684752	33685642	1366	36	97.43	CG
3	33684752	33685642	944	373	71.68	CHG
3	33684752	33685642	2965	5441	35.27	CHH
4	28531802	28532069	81	4	95.29	CG
4	28531802	28532069	11	23	32.35	CHG
4	28531802	28532069	1818	1499	54.81	CHH
4	33656481	33656726	959	19	98.06	CG
4	33656481	33656726	72	94	43.37	CHG
4	33656481	33656726	607	1393	30.35	CHH
5	1135186	1135369	194	79	71.06	CG
5	1135186	1135369	84	203	29.27	CHG
5	1135186	1135369	674	1219	35.60	CHH
6	5377103	5377226	42	36	53.85	CHG
6	5377103	5377226	1024	666	60.59	CHH
6	7540043	7540265	203	4	98.07	CG
6	7540043	7540265	81	23	77.88	CHG
6	7540043	7540265	1188	1428	45.41	CHH
6	11997277	11997419	222	7	96.94	CG
6	11997277	11997419	85	27	75.89	CHG
6	11997277	11997419	561	1297	30.19	CHH
6	13951510	13951630	132	1	99.25	CG
6	13951510	13951630	239	53	81.85	CHG
6	13951510	13951630	538	654	45.13	CHH
6	18069889	18070192	365	21	94.56	CG
6	18069889	18070192	290	97	74.94	CHG
6	18069889	18070192	1082	1898	36.31	CHH
7	8049142	8049326	652	8	98.79	CG
7	8049142	8049326	182	106	63.19	CHG
7	8049142	8049326	886	1555	36.30	CHH
7	13286370	13286485	837	872	48.98	CHH
7	26251607	26251758	1290	652	66.43	CHH
7	27119822	27120089	65	3	95.59	CG
7	27119822	27120089	11	56	16.42	CHG
7	27119822	27120089	1535	1445	51.51	CHH
7	28376367	28376563	75	2	97.40	CG
7	28376367	28376563	55	20	73.33	CHG
7	28376367	28376563	1410	980	59.00	CHH
8	9447539	9448026	354	1284	21.61	CG
8	9447539	9448026	378	855	30.66	CHG
8	9447539	9448026	1583	2752	36.52	CHH
9	16928122	16928188	686	379	64.41	CHH
10	15986243	15986518	27	35	43.55	CG
10	15986243	15986518	97	241	28.70	CHG
10	15986243	15986518	662	1760	27.33	CHH
12	26052913	26053003	213	157	57.57	CHG
12	26052913	26053003	635	446	58.74	CHH
1	751422	751630	408	19	95.55	CG
1	751422	751630	65	54	54.62	CHG
1	751422	751630	1193	1597	42.76	CHH
1	831964	832562	1360	30	97.84	CG
1	831964	832562	1141	127	89.98	CHG
1	831964	832562	2372	2250	51.32	CHH
1	1789091	1789350	117	2	98.32	CG
1	1789091	1789350	107	44	70.86	CHG
1	1789091	1789350	1448	1007	58.98	CHH
1	2238174	2238281	60	0	100.00	CG
1	2238174	2238281	58	6	90.62	CHG
1	2238174	2238281	755	634	54.36	CHH
1	2556013	2556619	997	26	97.46	CG
1	2556013	2556619	1332	163	89.10	CHG
1	2556013	2556619	1865	3425	35.26	CHH
1	2558467	2559407	2570	65	97.53	CG
1	2558467	2559407	1485	252	85.49	CHG
1	2558467	2559407	3145	6354	33.11	CHH
1	7687746	7687909	76	5	93.83	CG
1	7687746	7687909	26	16	61.90	CHG
1	7687746	7687909	932	1237	42.97	CHH
1	8431744	8431928	69	2	97.18	CG
1	8431744	8431928	937	807	53.73	CHH
1	9585903	9586147	123	56	68.72	CHG
1	9585903	9586147	1228	870	58.53	CHH
1	11189069	11189507	1167	195	85.68	CG
1	11189069	11189507	575	100	85.19	CHG
1	11189069	11189507	2158	2804	43.49	CHH
1	11189901	11190194	471	7	98.54	CG
1	11189901	11190194	374	52	87.79	CHG
1	11189901	11190194	1240	1212	50.57	CHH
1	11190397	11190945	410	152	72.95	CG
1	11190397	11190945	1053	434	70.81	CHG
1	11190397	11190945	2539	2536	50.03	CHH
1	11191256	11191497	823	25	97.05	CG
1	11191256	11191497	320	192	62.50	CHG
1	11191256	11191497	829	1094	43.11	CHH
1	11197847	11198179	585	6	98.98	CG
1	11197847	11198179	843	63	93.05	CHG
1	11197847	11198179	1881	1506	55.54	CHH
1	11198539	11198848	389	9	97.74	CG
1	11198539	11198848	299	26	92.00	CHG
1	11198539	11198848	1293	1775	42.14	CHH
1	11474845	11475049	351	9	97.50	CG
1	11474845	11475049	215	62	77.62	CHG
1	11474845	11475049	497	1831	21.35	CHH
1	11796108	11796316	196	24	89.09	CG
1	11796108	11796316	332	167	66.53	CHG
1	11796108	11796316	1032	979	51.32	CHH
1	11928347	11928520	582	1471	28.35	CHH
1	11940126	11940209	648	492	56.84	CHH
1	12597813	12598048	1416	845	62.63	CHH
1	14322168	14322402	354	9	97.52	CG
1	14322168	14322402	150	34	81.52	CHG
1	14322168	14322402	1731	1370	55.82	CHH
1	14347206	14347429	43	16	72.88	CG
1	14347206	14347429	250	225	52.63	CHG
1	14347206	14347429	985	1094	47.38	CHH
1	14960096	14960238	328	4	98.80	CG
1	14960096	14960238	141	101	58.26	CHG
1	14960096	14960238	557	897	38.31	CHH
1	17043053	17043218	546	4	99.27	CG
1	17043053	17043218	154	24	86.52	CHG
1	17043053	17043218	839	497	62.80	CHH
1	18600195	18600325	184	2	98.92	CG
1	18600195	18600325	43	18	70.49	CHG
1	18600195	18600325	472	972	32.69	CHH
1	18600619	18600880	125	0	100.00	CG
1	18600619	18600880	65	0	100.00	CHG
1	18600619	18600880	927	1740	34.76	CHH
1	20810211	20810573	164	642	20.35	CG
1	20810211	20810573	203	371	35.37	CHG
1	20810211	20810573	1140	3016	27.43	CHH
1	26098395	26098876	218	9	96.04	CG
1	26098395	26098876	182	40	81.98	CHG
1	26098395	26098876	2477	2865	46.37	CHH
1	27892634	27893201	341	9	97.43	CG
1	27892634	27893201	509	119	81.05	CHG
1	27892634	27893201	3443	4133	45.45	CHH
1	28104533	28104643	70	1	98.59	CG
1	28104533	28104643	747	402	65.01	CHH
1	28203814	28205463	1197	46	96.30	CG
1	28203814	28205463	1830	536	77.35	CHG
1	28203814	28205463	4610	12052	27.67	CHH
1	28494153	28494502	70	0	100.00	CG
1	28494153	28494502	131	5	96.32	CHG
1	28494153	28494502	2653	1060	71.45	CHH
1	29054104	29054337	130	313	29.35	CG
1	29054104	29054337	285	382	42.73	CHG
1	29054104	29054337	674	764	46.87	CHH
1	29054576	29055401	1518	69	95.65	CG
1	29054576	29055401	1169	383	75.32	CHG
1	29054576	29055401	2116	5172	29.03	CHH
1	30809331	30809656	440	21	95.44	CG
1	30809331	30809656	429	85	83.46	CHG
1	30809331	30809656	1410	1666	45.84	CHH
1	30810941	30811279	363	104	77.73	CG
1	30810941	30811279	228	259	46.82	CHG
1	30810941	30811279	908	2313	28.19	CHH
1	31405810	31406074	135	5	96.43	CG
1	31405810	31406074	202	39	83.82	CHG
1	31405810	31406074	2115	954	68.91	CHH
1	31867822	31868209	144	3	97.96	CG
1	31867822	31868209	2507	2448	50.60	CHH
1	32128407	32128528	75	3	96.15	CG
1	32128407	32128528	1132	628	64.32	CHH
1	32850978	32851159	133	7	95.00	CG
1	32850978	32851159	133	43	75.57	CHG
1	32850978	32851159	1246	663	65.27	CHH
1	37328188	37328369	126	1	99.21	CG
1	37328188	37328369	68	1	98.55	CHG
1	37328188	37328369	1407	344	80.35	CHH
1	40300213	40300335	817	1074	43.20	CHH
1	40701980	40702243	65	1	98.48	CG
1	40701980	40702243	2290	566	80.18	CHH
1	42087976	42088125	696	777	47.25	CHH
2	109398	109590	388	8	97.98	CG
2	109398	109590	361	89	80.22	CHG
2	109398	109590	555	816	40.48	CHH
2	2375551	2375771	2046	850	70.65	CHH
2	6545608	6545822	64	1	98.46	CG
2	6545608	6545822	1281	1222	51.18	CHH
2	6761735	6762038	110	2	98.21	CG
2	6761735	6762038	138	27	83.64	CHG
2	6761735	6762038	775	1699	31.33	CHH
2	7945618	7946024	156	5	96.89	CG
2	7945618	7946024	22	17	56.41	CHG
2	7945618	7946024	1716	2874	37.39	CHH
2	8190084	8190413	73	4	94.81	CHG
2	8190084	8190413	1833	3104	37.13	CHH
2	10791440	10791566	702	678	50.87	CHH
2	11873649	11873886	72	3	96.00	CG
2	11873649	11873886	1358	1158	53.97	CHH
2	12097817	12097953	109	2	98.20	CG
2	12097817	12097953	338	829	28.96	CHH
2	12299222	12299385	48	9	84.21	CHG
2	12299222	12299385	736	859	46.14	CHH
2	13948832	13949084	118	8	93.65	CHG
2	13948832	13949084	1685	911	64.91	CHH
2	19211404	19211621	128	2	98.46	CG
2	19211404	19211621	21	3	87.50	CHG
2	19211404	19211621	1585	395	80.05	CHH
2	19443247	19443361	135	2	98.54	CG
2	19443247	19443361	23	15	60.53	CHG
2	19443247	19443361	322	791	28.93	CHH
2	22202087	22202425	743	63	92.18	CG
2	22202087	22202425	167	131	56.04	CHG
2	22202087	22202425	2208	1441	60.51	CHH
2	22399133	22399342	132	3	97.78	CG
2	22399133	22399342	1295	976	57.02	CHH
2	23077446	23077593	1221	605	66.87	CHH
2	23988341	23988565	55	33	62.50	CHG
2	23988341	23988565	1636	1314	55.46	CHH
2	24094388	24094772	62	0	100.00	CG
2	24094388	24094772	172	78	68.80	CHG
2	24094388	24094772	1605	1529	51.21	CHH
2	24968367	24968732	282	8	97.24	CG
2	24968367	24968732	322	106	75.23	CHG
2	24968367	24968732	982	2712	26.58	CHH
2	25971572	25971883	738	829	47.10	CHH
2	27849839	27850325	1168	25	97.90	CG
2	27849839	27850325	356	184	65.93	CHG
2	27849839	27850325	2101	2321	47.51	CHH
2	27969163	27969436	165	7	95.93	CG
2	27969163	27969436	131	77	62.98	CHG
2	27969163	27969436	1769	1156	60.48	CHH
2	30949004	30949191	169	3	98.26	CG
2	30949004	30949191	63	25	71.59	CHG
2	30949004	30949191	1199	1130	51.48	CHH
2	32980551	32980821	1905	1368	58.20	CHH
2	33970498	33970631	46	143	24.34	CG
2	33970498	33970631	80	290	21.62	CHG
2	33970498	33970631	460	1173	28.17	CHH
2	34234930	34235049	496	438	53.10	CHH
2	34952077	34952811	1428	252	85.00	CG
2	34952077	34952811	663	430	60.66	CHG
2	34952077	34952811	2707	6403	29.71	CHH
3	811663	812098	1198	35	97.16	CG
3	811663	812098	272	152	64.15	CHG
3	811663	812098	1698	2763	38.06	CHH
3	881089	881240	1044	27	97.48	CG
3	881089	881240	151	258	36.92	CHG
3	881089	881240	501	1077	31.75	CHH
3	2169030	2169371	963	32	96.78	CG
3	2169030	2169371	260	141	64.84	CHG
3	2169030	2169371	1275	2696	32.11	CHH
3	3832576	3832832	66	1	98.51	CG
3	3832576	3832832	130	29	81.76	CHG
3	3832576	3832832	2165	953	69.44	CHH
3	6570907	6571273	798	18	97.79	CG
3	6570907	6571273	201	94	68.14	CHG
3	6570907	6571273	1363	2104	39.31	CHH
3	8629457	8629689	56	3	94.92	CG
3	8629457	8629689	73	0	100.00	CHG
3	8629457	8629689	1697	576	74.66	CHH
3	8942617	8943063	428	7	98.39	CG
3	8942617	8943063	455	65	87.50	CHG
3	8942617	8943063	1953	3747	34.26	CHH
3	11067334	11067625	81	2	97.59	CG
3	11067334	11067625	76	2	97.44	CHG
3	11067334	11067625	1771	1514	53.91	CHH
3	11642409	11642580	109	19	85.16	CHG
3	11642409	11642580	1404	338	80.60	CHH
3	11857284	11857411	52	31	62.65	CHG
3	11857284	11857411	804	401	66.72	CHH
3	12675151	12675358	60	0	100.00	CG
3	12675151	12675358	19	12	61.29	CHG
3	12675151	12675358	1253	830	60.15	CHH
3	13124743	13124928	156	5	96.89	CG
3	13124743	13124928	70	11	86.42	CHG
3	13124743	13124928	1691	477	78.00	CHH
3	13748697	13748918	69	0	100.00	CHG
3	13748697	13748918	1227	1380	47.07	CHH
3	14057905	14058092	351	8	97.77	CG
3	14057905	14058092	80	38	67.80	CHG
3	14057905	14058092	573	1576	26.66	CHH
3	14749193	14749460	158	5	96.93	CG
3	14749193	14749460	2379	1010	70.20	CHH
3	15134383	15134587	521	1857	21.91	CHH
3	15612855	15613292	551	7	98.75	CG
3	15612855	15613292	982	208	82.52	CHG
3	15612855	15613292	2616	2173	54.63	CHH
3	16165130	16165592	288	40	87.80	CG
3	16165130	16165592	350	183	65.67	CHG
3	16165130	16165592	1912	3097	38.17	CHH
3	20791693	20792712	1814	124	93.60	CG
3	20791693	20792712	1545	504	75.40	CHG
3	20791693	20792712	2489	6391	28.03	CHH
3	24411908	24412466	430	675	38.91	CG
3	24411908	24412466	254	730	25.81	CHG
3	24411908	24412466	2025	5943	25.41	CHH
3	24572869	24573120	355	11	96.99	CG
3	24572869	24573120	284	144	66.36	CHG
3	24572869	24573120	654	1751	27.19	CHH
3	24603172	24603395	156	2	98.73	CG
3	24603172	24603395	111	39	74.00	CHG
3	24603172	24603395	1147	1972	36.77	CHH
3	24605202	24605537	394	20	95.17	CG
3	24605202	24605537	167	72	69.87	CHG
3	24605202	24605537	807	2509	24.34	CHH
3	24924369	24924505	137	8	94.48	CG
3	24924369	24924505	25	12	67.57	CHG
3	24924369	24924505	1141	538	67.96	CHH
3	25320199	25320294	408	612	40.00	CHH
3	26123077	26123398	310	11	96.57	CG
3	26123077	26123398	531	188	73.85	CHG
3	26123077	26123398	1044	1892	35.56	CHH
3	26123604	26124463	1715	56	96.84	CG
3	26123604	26124463	1058	464	69.51	CHG
3	26123604	26124463	2732	6324	30.17	CHH
3	26819731	26819992	77	2	97.47	CHG
3	26819731	26819992	1795	1267	58.62	CHH
3	28511217	28511562	761	25	96.82	CG
3	28511217	28511562	388	72	84.35	CHG
3	28511217	28511562	1201	2131	36.04	CHH
3	29675163	29675476	68	3	95.77	CG
3	29675163	29675476	1594	1730	47.95	CHH
3	29753155	29753862	795	13	98.39	CG
3	29753155	29753862	801	60	93.03	CHG
3	29753155	29753862	3437	3450	49.91	CHH
3	30420791	30420983	1544	720	68.20	CHH
3	31423977	31424278	1304	1550	45.69	CHH
3	31722863	31723138	2239	1583	58.58	CHH
3	32006376	32006716	67	1	98.53	CHG
3	32006376	32006716	2146	1541	58.20	CHH
3	32173553	32173723	156	61	71.89	CHG
3	32173553	32173723	694	1119	38.28	CHH
4	468669	468758	449	819	35.41	CHH
4	7955024	7955201	163	3	98.19	CG
4	7955024	7955201	77	1	98.72	CHG
4	7955024	7955201	1280	773	62.35	CHH
4	15396846	15397090	544	14	97.49	CG
4	15396846	15397090	446	84	84.15	CHG
4	15396846	15397090	990	1159	46.07	CHH
4	19682492	19683811	1771	73	96.04	CG
4	19682492	19683811	904	289	75.78	CHG
4	19682492	19683811	5389	6512	45.28	CHH
4	20001003	20001260	139	12	92.05	CHG
4	20001003	20001260	2207	1147	65.80	CHH
4	20354697	20354786	181	2	98.91	CG
4	20354697	20354786	113	15	88.28	CHG
4	20354697	20354786	204	318	39.08	CHH
4	20595423	20595521	57	3	95.00	CG
4	20595423	20595521	18	16	52.94	CHG
4	20595423	20595521	615	557	52.47	CHH
4	21744228	21744373	129	26	83.23	CG
4	21744228	21744373	14	22	38.89	CHG
4	21744228	21744373	626	858	42.18	CHH
4	21934032	21934221	1425	1006	58.62	CHH
4	22575513	22575843	2038	2016	50.27	CHH
4	25472006	25472224	30	37	44.78	CHG
4	25472006	25472224	664	1478	31.00	CHH
4	25475165	25475574	246	4	98.40	CG
4	25475165	25475574	594	216	73.33	CHG
4	25475165	25475574	3114	1803	63.33	CHH
4	28847972	28848187	60	1	98.36	CG
4	28847972	28848187	20	9	68.97	CHG
4	28847972	28848187	914	1306	41.17	CHH
4	33881401	33881625	480	11	97.76	CG
4	33881401	33881625	475	123	79.43	CHG
4	33881401	33881625	924	881	51.19	CHH
5	490310	490462	466	10	97.90	CG
5	490310	490462	444	67	86.89	CHG
5	490310	490462	622	933	40.00	CHH
5	1679699	1679790	524	733	41.69	CHH
5	1682378	1682979	1562	44	97.26	CG
5	1682378	1682979	1295	147	89.81	CHG
5	1682378	1682979	2276	3952	36.54	CHH
5	1683133	1683258	46	16	74.19	CHG
5	1683133	1683258	716	715	50.03	CHH
5	4894101	4894252	956	688	58.15	CHH
5	5433067	5433323	138	2	98.57	CG
5	5433067	5433323	200	22	90.09	CHG
5	5433067	5433323	1566	1175	57.13	CHH
5	5754539	5754748	138	14	90.79	CG
5	5754539	5754748	73	38	65.77	CHG
5	5754539	5754748	1664	753	68.85	CHH
5	6820542	6820679	76	1	98.70	CG
5	6820542	6820679	16	21	43.24	CHG
5	6820542	6820679	724	929	43.80	CHH
5	7418842	7418942	972	721	57.41	CHH
5	10755227	10755310	193	0	100.00	CG
5	10755227	10755310	543	326	62.49	CHH
5	10919623	10920166	805	156	83.77	CG
5	10919623	10920166	142	149	48.80	CHG
5	10919623	10920166	1772	3481	33.73	CHH
5	16055566	16055752	684	17	97.57	CG
5	16055566	16055752	209	129	61.83	CHG
5	16055566	16055752	682	1214	35.97	CHH
5	16055933	16056970	796	326	70.94	CG
5	16055933	16056970	776	602	56.31	CHG
5	16055933	16056970	3773	6678	36.10	CHH
5	16057231	16057477	303	118	71.97	CG
5	16057231	16057477	321	287	52.80	CHG
5	16057231	16057477	1439	1576	47.73	CHH
5	16273063	16273157	616	770	44.44	CHH
5	16311105	16311318	153	3	98.08	CG
5	16311105	16311318	155	32	82.89	CHG
5	16311105	16311318	1818	1183	60.58	CHH
5	16856035	16856371	332	3	99.10	CG
5	16856035	16856371	509	45	91.88	CHG
5	16856035	16856371	1855	1779	51.05	CHH
5	17137118	17137270	53	2	96.36	CG
5	17137118	17137270	1033	534	65.92	CHH
5	17258135	17258245	67	4	94.37	CG
5	17258135	17258245	707	313	69.31	CHH
5	19716275	19716490	72	0	100.00	CG
5	19716275	19716490	13	24	35.14	CHG
5	19716275	19716490	999	1273	43.97	CHH
5	21875509	21875764	301	4	98.69	CG
5	21875509	21875764	331	40	89.22	CHG
5	21875509	21875764	1599	991	61.74	CHH
5	22000757	22000964	46	13	77.97	CHG
5	22000757	22000964	1022	485	67.82	CHH
5	22219878	22220102	1480	917	61.74	CHH
5	23987118	23987584	625	15	97.66	CG
5	23987118	23987584	924	222	80.63	CHG
5	23987118	23987584	863	3368	20.40	CHH
5	24142822	24143088	245	3	98.79	CG
5	24142822	24143088	57	57	50.00	CHG
5	24142822	24143088	1180	1209	49.39	CHH
5	24848633	24848969	189	21	90.00	CHG
5	24848633	24848969	2446	1522	61.64	CHH
5	25916465	25916630	70	3	95.89	CHG
5	25916465	25916630	926	1151	44.58	CHH
6	302524	302830	93	1	98.94	CG
6	302524	302830	2622	1375	65.60	CHH
6	2377299	2377436	138	5	96.50	CG
6	2377299	2377436	39	61	39.00	CHG
6	2377299	2377436	569	709	44.52	CHH
6	2717082	2717211	961	772	55.45	CHH
6	2924454	2924561	174	13	93.05	CG
6	2924454	2924561	672	374	64.24	CHH
6	3943947	3944133	1199	1601	42.82	CHH
6	5151759	5151869	1061	575	64.85	CHH
6	7060562	7060710	1412	495	74.04	CHH
6	8356414	8356617	1637	891	64.75	CHH
6	8927960	8928209	65	2	97.01	CG
6	8927960	8928209	433	137	75.96	CHG
6	8927960	8928209	1184	1116	51.48	CHH
6	11300952	11301165	3	54	5.26	CG
6	11300952	11301165	78	110	41.49	CHG
6	11300952	11301165	590	1575	27.25	CHH
6	19710274	19711097	773	100	88.55	CG
6	19710274	19711097	1042	651	61.55	CHG
6	19710274	19711097	2169	5055	30.02	CHH
6	19711261	19711591	172	609	22.02	CG
6	19711261	19711591	100	226	30.67	CHG
6	19711261	19711591	988	1973	33.37	CHH
6	23395298	23395797	302	4	98.69	CG
6	23395298	23395797	133	28	82.61	CHG
6	23395298	23395797	3059	2725	52.89	CHH
6	24030066	24030155	143	30	82.66	CHG
6	24030066	24030155	851	288	74.71	CHH
6	26270983	26271153	82	2	97.62	CG
6	26270983	26271153	65	20	76.47	CHG
6	26270983	26271153	1736	656	72.58	CHH
6	26899910	26900127	81	2	97.59	CG
6	26899910	26900127	1639	1240	56.93	CHH
6	27022910	27023085	264	11	96.00	CG
6	27022910	27023085	481	1197	28.67	CHH
6	27804504	27805624	1185	78	93.82	CG
6	27804504	27805624	1214	603	66.81	CHG
6	27804504	27805624	3290	6535	33.49	CHH
6	28518067	28518486	186	162	53.45	CG
6	28518067	28518486	452	449	50.17	CHG
6	28518067	28518486	1779	3254	35.35	CHH
6	29399343	29399607	152	7	95.60	CG
6	29399343	29399607	68	51	57.14	CHG
6	29399343	29399607	1829	1879	49.33	CHH
6	30403805	30404034	913	1178	43.66	CHH
6	30913757	30913901	52	1	98.11	CG
6	30913757	30913901	21	9	70.00	CHG
6	30913757	30913901	946	440	68.25	CHH
7	553125	553382	43	22	66.15	CHG
7	553125	553382	1184	2033	36.80	CHH
7	1581483	1581569	43	21	67.19	CHG
7	1581483	1581569	445	592	42.91	CHH
7	2236802	2236948	172	1	99.42	CG
7	2236802	2236948	35	9	79.55	CHG
7	2236802	2236948	1221	828	59.59	CHH
7	2529367	2529520	1127	519	68.47	CHH
7	4348410	4348541	25	106	19.08	CG
7	4348410	4348541	22	68	24.44	CHG
7	4348410	4348541	198	581	25.42	CHH
7	4352181	4353051	2413	39	98.41	CG
7	4352181	4353051	1035	344	75.05	CHG
7	4352181	4353051	2727	4619	37.12	CHH
7	4372878	4373534	660	28	95.93	CG
7	4372878	4373534	236	103	69.62	CHG
7	4372878	4373534	2366	4714	33.42	CHH
7	5121301	5121458	167	1	99.40	CG
7	5121301	5121458	69	12	85.19	CHG
7	5121301	5121458	1274	710	64.21	CHH
7	7806227	7806511	67	9	88.16	CHG
7	7806227	7806511	2717	694	79.65	CHH
7	8334119	8334358	46	20	69.70	CHG
7	8334119	8334358	1740	1227	58.65	CHH
7	15431878	15432092	175	3	98.31	CG
7	15431878	15432092	75	18	80.65	CHG
7	15431878	15432092	1440	561	71.96	CHH
7	15714618	15714815	303	7	97.74	CG
7	15714618	15714815	213	132	61.74	CHG
7	15714618	15714815	1242	1170	51.49	CHH
7	17790357	17790553	74	1	98.67	CG
7	17790357	17790553	172	57	75.11	CHG
7	17790357	17790553	1525	1155	56.90	CHH
7	20129015	20129222	1301	1061	55.08	CHH
7	20150949	20151108	64	4	94.12	CG
7	20150949	20151108	138	28	83.13	CHG
7	20150949	20151108	839	927	47.51	CHH
7	20424851	20425235	51	2	96.23	CG
7	20424851	20425235	1451	2087	41.01	CHH
7	21311702	21311873	137	3	97.86	CG
7	21311702	21311873	192	45	81.01	CHG
7	21311702	21311873	1150	724	61.37	CHH
7	22392996	22393180	306	6	98.08	CG
7	22392996	22393180	260	46	84.97	CHG
7	22392996	22393180	763	1370	35.77	CHH
7	22532503	22532689	1407	1341	51.20	CHH
7	22933956	22934220	970	31	96.90	CG
7	22933956	22934220	332	124	72.81	CHG
7	22933956	22934220	1197	1710	41.18	CHH
7	24616760	24617444	1088	97	91.81	CG
7	24616760	24617444	788	255	75.55	CHG
7	24616760	24617444	2016	3160	38.95	CHH
7	26258085	26258557	1074	31	97.19	CG
7	26258085	26258557	327	126	72.19	CHG
7	26258085	26258557	2029	2104	49.09	CHH
7	29243799	29244004	1505	1003	60.01	CHH
7	29311074	29311344	1621	1529	51.46	CHH
7	29467990	29468204	1876	900	67.58	CHH
8	1623373	1623626	76	2	97.44	CG
8	1623373	1623626	25	21	54.35	CHG
8	1623373	1623626	1923	1117	63.26	CHH
8	2431336	2431426	131	99	56.96	CG
8	2431336	2431426	28	4	87.50	CHG
8	2431336	2431426	703	457	60.60	CHH
8	3751907	3752073	494	9	98.21	CG
8	3751907	3752073	279	105	72.66	CHG
8	3751907	3752073	630	1177	34.86	CHH
8	3958363	3958508	774	915	45.83	CHH
8	5131858	5132029	109	16	87.20	CHG
8	5131858	5132029	1152	791	59.29	CHH
8	5836841	5837082	190	7	96.45	CG
8	5836841	5837082	1434	1150	55.50	CHH
8	6753823	6754136	74	5	93.67	CG
8	6753823	6754136	197	16	92.49	CHG
8	6753823	6754136	1876	1839	50.50	CHH
8	7603360	7603612	145	1	99.32	CG
8	7603360	7603612	1446	1100	56.79	CHH
8	7991786	7992320	168	618	21.37	CG
8	7991786	7992320	67	358	15.76	CHG
8	7991786	7992320	880	4151	17.49	CHH
8	8071926	8072156	390	7	98.24	CG
8	8071926	8072156	80	55	59.26	CHG
8	8071926	8072156	1320	1383	48.83	CHH
8	10060129	10060270	1170	383	75.34	CHH
8	10886885	10887057	153	0	100.00	CG
8	10886885	10887057	7	28	20.00	CHG
8	10886885	10887057	464	1396	24.95	CHH
8	12350212	12350309	75	3	96.15	CG
8	12350212	12350309	21	15	58.33	CHG
8	12350212	12350309	681	591	53.54	CHH
8	16977330	16977737	58	2	96.67	CG
8	16977330	16977737	569	59	90.61	CHG
8	16977330	16977737	1172	2534	31.62	CHH
8	18141156	18141305	672	1413	32.23	CHH
8	19423131	19423387	58	7	89.23	CG
8	19423131	19423387	14	22	38.89	CHG
8	19423131	19423387	1420	1206	54.07	CHH
8	20377385	20377714	1019	35	96.68	CG
8	20377385	20377714	230	152	60.21	CHG
8	20377385	20377714	1246	3054	28.98	CHH
8	20558563	20558824	51	19	72.86	CG
8	20558563	20558824	60	41	59.41	CHG
8	20558563	20558824	1360	1265	51.81	CHH
8	21654366	21654527	178	17	91.28	CG
8	21654366	21654527	166	42	79.81	CHG
8	21654366	21654527	783	386	66.98	CHH
8	21694431	21694647	531	31	94.48	CG
8	21694431	21694647	233	41	85.04	CHG
8	21694431	21694647	725	1303	35.75	CHH
8	21694977	21695213	120	218	35.50	CG
8	21694977	21695213	258	516	33.33	CHG
8	21694977	21695213	848	1741	32.75	CHH
8	22776595	22776863	55	1	98.21	CG
8	22776595	22776863	251	134	65.19	CHG
8	22776595	22776863	1174	1435	45.00	CHH
8	22948102	22948411	77	3	96.25	CG
8	22948102	22948411	1721	1758	49.47	CHH
8	23349964	23350100	131	3	97.76	CG
8	23349964	23350100	849	930	47.72	CHH
8	24309357	24309533	21	170	10.99	CG
8	24309357	24309533	158	358	30.62	CHG
8	24309357	24309533	795	1145	40.98	CHH
8	24422312	24422568	83	3	96.51	CG
8	24422312	24422568	169	48	77.88	CHG
8	24422312	24422568	1827	1645	52.62	CHH
8	24736834	24737078	781	19	97.62	CG
8	24736834	24737078	198	104	65.56	CHG
8	24736834	24737078	627	1872	25.09	CHH
8	24750449	24750953	472	13	97.32	CG
8	24750449	24750953	628	124	83.51	CHG
8	24750449	24750953	1952	3573	35.33	CHH
8	24784953	24785097	125	2	98.43	CG
8	24784953	24785097	70	17	80.46	CHG
8	24784953	24785097	598	767	43.81	CHH
8	24834030	24834325	155	2	98.73	CG
8	24834030	24834325	74	5	93.67	CHG
8	24834030	24834325	2098	1571	57.18	CHH
8	26827794	26828034	204	229	47.11	CG
8	26827794	26828034	151	168	47.34	CHG
8	26827794	26828034	791	836	48.62	CHH
8	27623734	27623958	622	24	96.28	CG
8	27623734	27623958	383	155	71.19	CHG
8	27623734	27623958	903	1422	38.84	CHH
8	28152674	28152872	1873	570	76.67	CHH
9	1254705	1254916	227	5	97.84	CG
9	1254705	1254916	14	22	38.89	CHG
9	1254705	1254916	559	666	45.63	CHH
9	1884036	1884200	1339	1386	49.14	CHH
9	3634113	3634220	52	2	96.30	CHG
9	3634113	3634220	652	518	55.73	CHH
9	4570159	4570785	1029	18	98.28	CG
9	4570159	4570785	980	176	84.78	CHG
9	4570159	4570785	2862	3237	46.93	CHH
9	7158967	7159348	116	120	49.15	CG
9	7158967	7159348	161	232	40.97	CHG
9	7158967	7159348	1353	2463	35.46	CHH
9	10378957	10379055	341	22	93.94	CG
9	10378957	10379055	167	161	50.91	CHG
9	10378957	10379055	259	691	27.26	CHH
9	10754150	10754480	69	2	97.18	CG
9	10754150	10754480	112	21	84.21	CHG
9	10754150	10754480	2210	1890	53.90	CHH
9	11037393	11037551	1048	1342	43.85	CHH
9	12623164	12623411	307	795	27.86	CG
9	12623164	12623411	319	313	50.47	CHG
9	12623164	12623411	868	986	46.82	CHH
9	14633566	14633811	402	14	96.63	CG
9	14633566	14633811	294	65	81.89	CHG
9	14633566	14633811	1778	896	66.49	CHH
9	16663866	16664244	545	112	82.95	CG
9	16663866	16664244	353	537	39.66	CHG
9	16663866	16664244	1417	3127	31.18	CHH
9	17420619	17420974	72	2	97.30	CG
9	17420619	17420974	184	46	80.00	CHG
9	17420619	17420974	464	1851	20.04	CHH
10	368179	368447	112	26	81.16	CHG
10	368179	368447	1187	2244	34.60	CHH
10	404795	404929	398	16	96.14	CG
10	404795	404929	30	39	43.48	CHG
10	404795	404929	634	844	42.90	CHH
10	2576261	2576420	1127	712	61.28	CHH
10	3444619	3445144	317	511	38.29	CG
10	3444619	3445144	436	665	39.60	CHG
10	3444619	3445144	2006	4472	30.97	CHH
10	5928588	5929269	1204	21	98.29	CG
10	5928588	5929269	1431	328	81.35	CHG
10	5928588	5929269	2294	4894	31.91	CHH
10	5932050	5932316	284	143	66.51	CG
10	5932050	5932316	372	310	54.55	CHG
10	5932050	5932316	1202	1518	44.19	CHH
10	5932722	5933353	217	1218	15.12	CG
10	5932722	5933353	337	749	31.03	CHG
10	5932722	5933353	2584	4297	37.55	CHH
10	7535391	7535626	503	1297	27.94	CHH
10	8506073	8506152	101	41	71.13	CG
10	8506073	8506152	606	249	70.88	CHH
10	9497876	9498140	288	5	98.29	CG
10	9497876	9498140	44	29	60.27	CHG
10	9497876	9498140	1680	1182	58.70	CHH
10	11922949	11923127	48	3	94.12	CG
10	11922949	11923127	117	13	90.00	CHG
10	11922949	11923127	936	820	53.30	CHH
10	12206026	12206233	60	3	95.24	CG
10	12206026	12206233	23	49	31.94	CHG
10	12206026	12206233	1585	1555	50.48	CHH
10	16003795	16003950	15	45	25.00	CG
10	16003795	16003950	60	382	13.57	CHG
10	16003795	16003950	240	1235	16.27	CHH
10	16208913	16209034	71	4	94.67	CG
10	16208913	16209034	97	15	86.61	CHG
10	16208913	16209034	1009	314	76.27	CHH
10	17033161	17033405	710	19	97.39	CG
10	17033161	17033405	213	50	80.99	CHG
10	17033161	17033405	1159	703	62.24	CHH
10	18046108	18046282	1624	504	76.32	CHH
10	18632472	18632641	834	1097	43.19	CHH
10	19698082	19698409	116	4	96.67	CG
10	19698082	19698409	166	6	96.51	CHG
10	19698082	19698409	1855	1741	51.59	CHH
10	21827999	21828272	81	70	53.64	CHG
10	21827999	21828272	2385	1825	56.65	CHH
10	22689536	22689741	1279	840	60.36	CHH
11	1200546	1200636	61	0	100.00	CG
11	1200546	1200636	57	4	93.44	CHG
11	1200546	1200636	505	678	42.69	CHH
11	1713742	1714360	788	11	98.62	CG
11	1713742	1714360	701	98	87.73	CHG
11	1713742	1714360	3499	2843	55.17	CHH
11	1932470	1932979	53	1	98.15	CG
11	1932470	1932979	168	44	79.25	CHG
11	1932470	1932979	2942	2364	55.45	CHH
11	2378673	2378944	275	8	97.17	CG
11	2378673	2378944	15	50	23.08	CHG
11	2378673	2378944	1504	1028	59.40	CHH
11	3230260	3231106	1676	169	90.84	CG
11	3230260	3231106	957	479	66.64	CHG
11	3230260	3231106	3038	4725	39.13	CHH
11	3232048	3232407	238	291	44.99	CG
11	3232048	3232407	405	311	56.56	CHG
11	3232048	3232407	1118	1028	52.10	CHH
11	7333753	7333946	114	0	100.00	CG
11	7333753	7333946	278	107	72.21	CHG
11	7333753	7333946	721	881	45.01	CHH
11	7589703	7589963	76	2	97.44	CG
11	7589703	7589963	76	2	97.44	CHG
11	7589703	7589963	1932	742	72.25	CHH
11	7735116	7735554	539	20	96.42	CG
11	7735116	7735554	159	133	54.45	CHG
11	7735116	7735554	1324	3039	30.35	CHH
11	7735709	7735929	292	5	98.32	CG
11	7735709	7735929	154	179	46.25	CHG
11	7735709	7735929	706	1439	32.91	CHH
11	9151816	9151968	32	22	59.26	CHG
11	9151816	9151968	750	826	47.59	CHH
11	11787143	11787246	1255	650	65.88	CHH
11	16339318	16339504	461	5	98.93	CG
11	16339318	16339504	38	58	39.58	CHG
11	16339318	16339504	1160	1114	51.01	CHH
11	16884445	16884740	131	5	96.32	CG
11	16884445	16884740	1749	1094	61.52	CHH
11	18415594	18415828	61	2	96.83	CG
11	18415594	18415828	889	1681	34.59	CHH
11	19255500	19255806	187	537	25.83	CG
11	19255500	19255806	191	305	38.51	CHG
11	19255500	19255806	1103	2195	33.44	CHH
11	19817539	19817761	32	21	60.38	CHG
11	19817539	19817761	1037	549	65.38	CHH
11	21255747	21256111	529	16	97.06	CG
11	21255747	21256111	702	86	89.09	CHG
11	21255747	21256111	1533	2206	41.00	CHH
11	22039593	22039763	157	15	91.28	CHG
11	22039593	22039763	1487	1048	58.66	CHH
11	24851409	24851658	462	13	97.26	CG
11	24851409	24851658	564	29	95.11	CHG
11	24851409	24851658	1176	1200	49.49	CHH
11	24991462	24991590	77	3	96.25	CG
11	24991462	24991590	191	118	61.81	CHG
11	24991462	24991590	744	590	55.77	CHH
11	25110396	25110624	107	2	98.17	CG
11	25110396	25110624	13	12	52.00	CHG
11	25110396	25110624	851	1202	41.45	CHH
11	25586084	25586542	292	17	94.50	CG
11	25586084	25586542	317	26	92.42	CHG
11	25586084	25586542	1404	3751	27.24	CHH
11	25784649	25784892	124	10	92.54	CG
11	25784649	25784892	201	72	73.63	CHG
11	25784649	25784892	1425	1463	49.34	CHH
11	25810584	25810761	61	15	80.26	CHG
11	25810584	25810761	897	959	48.33	CHH
11	25853608	25853790	70	1	98.59	CG
11	25853608	25853790	1040	1179	46.87	CHH
11	27017949	27019131	1371	40	97.17	CG
11	27017949	27019131	1909	606	75.90	CHG
11	27017949	27019131	2738	7927	25.67	CHH
11	28181129	28181426	84	1	98.82	CG
11	28181129	28181426	659	1137	36.69	CHH
12	217168	217301	131	1	99.24	CG
12	217168	217301	56	13	81.16	CHG
12	217168	217301	943	540	63.59	CHH
12	552916	553122	704	1283	35.43	CHH
12	793700	793972	75	2	97.40	CHG
12	793700	793972	2058	1267	61.89	CHH
12	1049649	1049822	1451	668	68.48	CHH
12	1548545	1548692	106	26	80.30	CHG
12	1548545	1548692	705	579	54.91	CHH
12	1801896	1802216	175	44	79.91	CG
12	1801896	1802216	243	84	74.31	CHG
12	1801896	1802216	1181	1696	41.05	CHH
12	2466366	2466538	149	12	92.55	CHG
12	2466366	2466538	1301	1289	50.23	CHH
12	4912586	4913038	1106	19	98.31	CG
12	4912586	4913038	816	288	73.91	CHG
12	4912586	4913038	1310	2901	31.11	CHH
12	4914308	4915910	1031	35	96.72	CG
12	4914308	4915910	1913	533	78.21	CHG
12	4914308	4915910	4447	10053	30.67	CHH
12	7849278	7849532	560	9	98.42	CG
12	7849278	7849532	39	17	69.64	CHG
12	7849278	7849532	1262	1968	39.07	CHH
12	10927998	10928435	62	1	98.41	CG
12	10927998	10928435	77	136	36.15	CHG
12	10927998	10928435	1121	3652	23.49	CHH
12	12440435	12440631	576	200	74.23	CG
12	12440435	12440631	170	207	45.09	CHG
12	12440435	12440631	621	1035	37.50	CHH
12	12966688	12966790	892	599	59.83	CHH
12	15202347	15202507	240	4	98.36	CG
12	15202347	15202507	88	43	67.18	CHG
12	15202347	15202507	941	1373	40.67	CHH
12	17986589	17987047	349	6	98.31	CG
12	17986589	17987047	494	68	87.90	CHG
12	17986589	17987047	2088	3157	39.81	CHH
12	18392307	18392790	579	344	62.73	CG
12	18392307	18392790	484	686	41.37	CHG
12	18392307	18392790	1191	3974	23.06	CHH
12	18396226	18396329	86	103	45.50	CG
12	18396226	18396329	77	116	39.90	CHG
12	18396226	18396329	324	649	33.30	CHH
12	18396524	18396891	228	121	65.33	CG
12	18396524	18396891	274	269	50.46	CHG
12	18396524	18396891	1071	2160	33.15	CHH
12	18936325	18936741	1055	22	97.96	CG
12	18936325	18936741	212	88	70.67	CHG
12	18936325	18936741	2107	2806	42.89	CHH
12	19156150	19156313	77	1	98.72	CG
12	19156150	19156313	195	8	96.06	CHG
12	19156150	19156313	1252	400	75.79	CHH
12	21831911	21832012	290	873	24.94	CHH
12	22451242	22451490	25	45	35.71	CHG
12	22451242	22451490	1534	1205	56.01	CHH
12	22503691	22503984	297	9	97.06	CG
12	22503691	22503984	198	57	77.65	CHG
12	22503691	22503984	1651	1229	57.33	CHH
12	23090136	23090406	66	2	97.06	CG
12	23090136	23090406	1898	1513	55.64	CHH
12	23253874	23254115	170	2	98.84	CG
12	23253874	23254115	22	60	26.83	CHG
12	23253874	23254115	1289	1461	46.87	CHH
12	23419385	23419484	69	6	92.00	CG
12	23419385	23419484	651	395	62.24	CHH
12	23569460	23569549	212	9	95.93	CG
12	23569460	23569549	62	9	87.32	CHG
12	23569460	23569549	491	553	47.03	CHH
12	24728935	24729264	173	224	43.58	CG
12	24728935	24729264	409	276	59.71	CHG
12	24728935	24729264	1438	1483	49.23	CHH
12	24730816	24731578	738	20	97.36	CG
12	24730816	24731578	1232	126	90.72	CHG
12	24730816	24731578	3906	2378	62.16	CHH
12	24732874	24733231	893	18	98.02	CG
12	24732874	24733231	590	259	69.49	CHG
12	24732874	24733231	1102	2724	28.80	CHH
12	25285613	25285813	89	2	97.80	CG
12	25285613	25285813	1338	1259	51.52	CHH
1	1349307	1349537	68	3	95.77	CHG
1	1349307	1349537	989	1075	47.92	CHH
1	10432345	10432562	845	788	51.75	CG
1	10432345	10432562	354	483	42.29	CHG
1	10432345	10432562	970	811	54.46	CHH
1	38517320	38517498	67	7	90.54	CG
1	38517320	38517498	78	34	69.64	CHG
1	38517320	38517498	1312	946	58.10	CHH
1	41145044	41145188	1025	639	61.60	CHH
2	5521685	5521830	103	13	88.79	CHG
2	5521685	5521830	1002	371	72.98	CHH
3	8015940	8016118	1111	1738	39.00	CHH
3	27785308	27785617	74	7	91.36	CG
3	27785308	27785617	2657	1518	63.64	CHH
4	21962681	21962889	224	5	97.82	CG
4	21962681	21962889	149	35	80.98	CHG
4	21962681	21962889	1129	1225	47.96	CHH
4	26530153	26530244	463	864	34.89	CHH
6	7381595	7382197	679	910	42.73	CG
6	7381595	7382197	701	918	43.30	CHG
6	7381595	7382197	1483	3303	30.99	CHH
6	14809518	14809915	325	4	98.78	CG
6	14809518	14809915	308	151	67.10	CHG
6	14809518	14809915	2397	2344	50.56	CHH
7	17099241	17099723	62	0	100.00	CHG
7	17099241	17099723	4051	1797	69.27	CHH
8	26441035	26441114	63	64	49.61	CHG
8	26441035	26441114	410	506	44.76	CHH
9	3933418	3933532	78	1	98.73	CG
9	3933418	3933532	67	9	88.16	CHG
9	3933418	3933532	948	304	75.72	CHH
9	16215726	16215834	491	585	45.63	CHH
10	15011394	15011890	766	32	95.99	CG
10	15011394	15011890	299	166	64.30	CHG
10	15011394	15011890	1697	2190	43.66	CHH
10	19941399	19941637	71	3	95.95	CG
10	19941399	19941637	1155	1429	44.70	CHH
12	24432087	24432276	997	1557	39.04	CHH
1	301401	301650	169	5	97.13	CG
1	301401	301650	53	30	63.86	CHG
1	301401	301650	1391	654	68.02	CHH
1	9436239	9436734	654	794	45.17	CG
1	9436239	9436734	548	886	38.21	CHG
1	9436239	9436734	1236	2104	37.01	CHH
1	12143360	12144098	1087	20	98.19	CG
1	12143360	12144098	843	306	73.37	CHG
1	12143360	12144098	1944	5979	24.54	CHH
1	23765099	23765215	73	252	22.46	CG
1	23765099	23765215	126	145	46.49	CHG
1	23765099	23765215	456	578	44.10	CHH
1	26638981	26639111	66	3	95.65	CG
1	26638981	26639111	123	19	86.62	CHG
1	26638981	26639111	490	939	34.29	CHH
1	28181036	28181173	62	12	83.78	CG
1	28181036	28181173	76	67	53.15	CHG
1	28181036	28181173	665	1011	39.68	CHH
1	29055629	29055854	286	67	81.02	CG
1	29055629	29055854	248	180	57.94	CHG
1	29055629	29055854	963	1364	41.38	CHH
1	31589315	31589440	653	1166	35.90	CHH
1	33209708	33209844	79	1	98.75	CG
1	33209708	33209844	11	33	25.00	CHG
1	33209708	33209844	500	1117	30.92	CHH
1	37056464	37056585	93	26	78.15	CHG
1	37056464	37056585	531	700	43.14	CHH
1	38496092	38496280	301	13	95.86	CG
1	38496092	38496280	75	36	67.57	CHG
1	38496092	38496280	1130	1222	48.04	CHH
1	38671419	38671601	220	4	98.21	CG
1	38671419	38671601	1170	1047	52.77	CHH
1	40617610	40617749	188	493	27.61	CHG
1	40617610	40617749	352	927	27.52	CHH
1	41890335	41890557	65	0	100.00	CG
1	41890335	41890557	386	150	72.01	CHG
1	41890335	41890557	1102	1190	48.08	CHH
1	42408453	42409215	1690	24	98.60	CG
1	42408453	42409215	1148	294	79.61	CHG
1	42408453	42409215	2327	3434	40.39	CHH
2	4648186	4648420	255	2	99.22	CG
2	4648186	4648420	92	29	76.03	CHG
2	4648186	4648420	1321	1534	46.27	CHH
2	7605117	7605555	171	5	97.16	CG
2	7605117	7605555	152	30	83.52	CHG
2	7605117	7605555	1769	5121	25.67	CHH
2	12582950	12583307	269	10	96.42	CG
2	12582950	12583307	105	36	74.47	CHG
2	12582950	12583307	1100	2410	31.34	CHH
2	15589940	15590192	71	0	100.00	CG
2	15589940	15590192	391	189	67.41	CHG
2	15589940	15590192	1641	1082	60.26	CHH
2	25342968	25343092	28	4	87.50	CG
2	25342968	25343092	24	8	75.00	CHG
2	25342968	25343092	179	481	27.12	CHH
2	28230238	28230572	335	32	91.28	CHG
2	28230238	28230572	1366	2476	35.55	CHH
2	28787543	28787788	188	1	99.47	CG
2	28787543	28787788	53	37	58.89	CHG
2	28787543	28787788	1074	1193	47.38	CHH
2	29123726	29123981	809	1767	31.41	CHH
2	31639383	31639502	81	3	96.43	CG
2	31639383	31639502	852	504	62.83	CHH
2	32251509	32251649	65	3	95.59	CHG
2	32251509	32251649	1232	812	60.27	CHH
2	33849781	33850113	370	22	94.39	CG
2	33849781	33850113	219	92	70.42	CHG
2	33849781	33850113	762	3038	20.05	CHH
2	34582792	34582911	56	8	87.50	CHG
2	34582792	34582911	1097	406	72.99	CHH
3	3169366	3169453	276	517	34.80	CHH
3	6047207	6047392	154	3	98.09	CG
3	6047207	6047392	40	35	53.33	CHG
3	6047207	6047392	1279	854	59.96	CHH
3	12710378	12710636	746	16	97.90	CG
3	12710378	12710636	210	67	75.81	CHG
3	12710378	12710636	1062	1991	34.79	CHH
3	15103668	15103782	93	1	98.94	CHG
3	15103668	15103782	621	962	39.23	CHH
3	15613686	15613799	74	175	29.72	CG
3	15613686	15613799	81	171	32.14	CHG
3	15613686	15613799	495	656	43.01	CHH
3	16776362	16776567	778	1600	32.72	CHH
3	16791092	16791367	802	12	98.53	CG
3	16791092	16791367	251	114	68.77	CHG
3	16791092	16791367	1084	1783	37.81	CHH
3	16792013	16792301	167	29	85.20	CG
3	16792013	16792301	242	46	84.03	CHG
3	16792013	16792301	873	2592	25.19	CHH
3	17916587	17916910	322	34	90.45	CG
3	17916587	17916910	66	12	84.62	CHG
3	17916587	17916910	1315	1850	41.55	CHH
3	20725201	20725339	74	0	100.00	CG
3	20725201	20725339	70	7	90.91	CHG
3	20725201	20725339	827	1145	41.94	CHH
3	24601757	24601980	120	2	98.36	CG
3	24601757	24601980	351	55	86.45	CHG
3	24601757	24601980	793	1409	36.01	CHH
3	27436719	27436866	63	5	92.65	CHG
3	27436719	27436866	381	1034	26.93	CHH
3	27617928	27618015	92	129	41.63	CG
3	27617928	27618015	77	63	55.00	CHG
3	27617928	27618015	498	350	58.73	CHH
3	27618313	27618751	214	66	76.43	CG
3	27618313	27618751	350	392	47.17	CHG
3	27618313	27618751	1131	2808	28.71	CHH
3	29591935	29592097	68	3	95.77	CG
3	29591935	29592097	10	26	27.78	CHG
3	29591935	29592097	813	1236	39.68	CHH
3	31089191	31090510	3485	67	98.11	CG
3	31089191	31090510	2501	419	85.65	CHG
3	31089191	31090510	4550	6646	40.64	CHH
3	32110687	32111197	1158	22	98.14	CG
3	32110687	32111197	762	215	77.99	CHG
3	32110687	32111197	2802	2215	55.85	CHH
4	4915709	4916399	1355	51	96.37	CG
4	4915709	4916399	659	154	81.06	CHG
4	4915709	4916399	2100	3466	37.73	CHH
4	7381268	7381662	183	1	99.46	CG
4	7381268	7381662	377	100	79.04	CHG
4	7381268	7381662	1365	2610	34.34	CHH
4	7888722	7888904	127	4	96.95	CG
4	7888722	7888904	66	5	92.96	CHG
4	7888722	7888904	1028	655	61.08	CHH
4	24127511	24127670	151	6	96.18	CG
4	24127511	24127670	72	6	92.31	CHG
4	24127511	24127670	1279	722	63.92	CHH
4	25426804	25426964	19	37	33.93	CHG
4	25426804	25426964	589	1161	33.66	CHH
4	25457672	25458128	1061	24	97.79	CG
4	25457672	25458128	275	128	68.24	CHG
4	25457672	25458128	1627	2907	35.88	CHH
4	27630370	27630458	556	646	46.26	CHH
4	27903713	27903888	954	1364	41.16	CHH
4	29191225	29191443	80	1	98.77	CG
4	29191225	29191443	138	69	66.67	CHG
4	29191225	29191443	1039	2053	33.60	CHH
4	30022367	30022520	162	4	97.59	CG
4	30022367	30022520	1244	1124	52.53	CHH
4	32693175	32693646	914	22	97.65	CG
4	32693175	32693646	684	146	82.41	CHG
4	32693175	32693646	1115	2440	31.36	CHH
4	33655119	33655383	235	1	99.58	CG
4	33655119	33655383	894	1780	33.43	CHH
5	2851958	2852160	1067	1243	46.19	CHH
5	4829525	4830108	241	20	92.34	CG
5	4829525	4830108	151	36	80.75	CHG
5	4829525	4830108	1584	4259	27.11	CHH
5	7972537	7972780	67	1	98.53	CG
5	7972537	7972780	46	22	67.65	CHG
5	7972537	7972780	1577	1335	54.16	CHH
5	10920468	10920712	196	8	96.08	CG
5	10920468	10920712	98	109	47.34	CHG
5	10920468	10920712	791	1978	28.57	CHH
5	17317435	17317693	128	4	96.97	CG
5	17317435	17317693	192	32	85.71	CHG
5	17317435	17317693	1838	1027	64.15	CHH
5	21464548	21464805	1939	1487	56.60	CHH
5	22429520	22429752	135	3	97.83	CG
5	22429520	22429752	75	29	72.12	CHG
5	22429520	22429752	1393	919	60.25	CHH
5	22973734	22973969	1345	1589	45.84	CHH
5	26950841	26950938	92	2	97.87	CG
5	26950841	26950938	726	595	54.96	CHH
6	4186290	4186414	654	1280	33.82	CHH
6	6081368	6081698	117	802	12.73	CG
6	6081368	6081698	75	340	18.07	CHG
6	6081368	6081698	731	2781	20.81	CHH
6	9469938	9470183	1270	1001	55.92	CHH
6	11305250	11305430	57	327	14.84	CG
6	11305250	11305430	21	48	30.43	CHG
6	11305250	11305430	495	1083	31.37	CHH
6	13738650	13738842	96	11	89.72	CG
6	13738650	13738842	56	197	22.13	CHG
6	13738650	13738842	312	1217	20.41	CHH
6	20384125	20384463	80	337	19.18	CG
6	20384125	20384463	213	467	31.32	CHG
6	20384125	20384463	1181	2879	29.09	CHH
6	24282820	24282990	116	6	95.08	CHG
6	24282820	24282990	1532	801	65.67	CHH
6	25073298	25073513	125	2	98.43	CG
6	25073298	25073513	89	82	52.05	CHG
6	25073298	25073513	803	1380	36.78	CHH
6	30191023	30191331	287	8	97.29	CG
6	30191023	30191331	555	41	93.12	CHG
6	30191023	30191331	1677	1642	50.53	CHH
7	999031	999589	121	249	32.70	CG
7	999031	999589	313	832	27.34	CHG
7	999031	999589	1481	4359	25.36	CHH
7	3169312	3169590	41	25	62.12	CHG
7	3169312	3169590	2143	1439	59.83	CHH
7	3739834	3740067	223	10	95.71	CG
7	3739834	3740067	125	41	75.30	CHG
7	3739834	3740067	1517	1225	55.32	CHH
7	18712663	18712940	1174	2962	28.38	CHH
7	24811648	24811977	82	0	100.00	CG
7	24811648	24811977	59	6	90.77	CHG
7	24811648	24811977	2441	2121	53.51	CHH
8	1575049	1575210	1025	1101	48.21	CHH
8	3073639	3073816	51	59	46.36	CG
8	3073639	3073816	153	200	43.34	CHG
8	3073639	3073816	564	996	36.15	CHH
8	3388417	3388667	134	3	97.81	CG
8	3388417	3388667	95	34	73.64	CHG
8	3388417	3388667	2052	948	68.40	CHH
8	5321619	5321826	62	3	95.38	CG
8	5321619	5321826	27	8	77.14	CHG
8	5321619	5321826	2023	1109	64.59	CHH
8	5680035	5680214	134	3	97.81	CG
8	5680035	5680214	128	7	94.81	CHG
8	5680035	5680214	954	1249	43.30	CHH
8	5778017	5778213	102	501	16.92	CG
8	5778017	5778213	95	192	33.10	CHG
8	5778017	5778213	439	644	40.54	CHH
8	6111458	6111746	323	3	99.08	CG
8	6111458	6111746	219	91	70.65	CHG
8	6111458	6111746	960	2063	31.76	CHH
8	11782944	11783090	118	19	86.13	CHG
8	11782944	11783090	825	1188	40.98	CHH
8	15503593	15503835	55	3	94.83	CG
8	15503593	15503835	1835	937	66.20	CHH
8	16978203	16978683	181	4	97.84	CG
8	16978203	16978683	704	238	74.73	CHG
8	16978203	16978683	1009	5134	16.43	CHH
8	20980680	20981040	98	828	10.58	CG
8	20980680	20981040	195	789	19.82	CHG
8	20980680	20981040	562	1925	22.60	CHH
8	21691415	21691967	438	20	95.63	CG
8	21691415	21691967	404	140	74.26	CHG
8	21691415	21691967	2127	4045	34.46	CHH
8	23488434	23488729	432	19	95.79	CG
8	23488434	23488729	176	81	68.48	CHG
8	23488434	23488729	1111	2383	31.80	CHH
8	24768225	24768508	155	71	68.58	CG
8	24768225	24768508	124	235	34.54	CHG
8	24768225	24768508	995	2690	27.00	CHH
8	26169264	26169435	427	11	97.49	CG
8	26169264	26169435	77	33	70.00	CHG
8	26169264	26169435	864	443	66.11	CHH
8	28409753	28410078	104	1	99.05	CG
8	28409753	28410078	165	6	96.49	CHG
8	28409753	28410078	2105	1488	58.59	CHH
9	16086094	16086273	117	12	90.70	CG
9	16086094	16086273	60	33	64.52	CHG
9	16086094	16086273	878	1338	39.62	CHH
10	11192936	11193103	120	4	96.77	CG
10	11192936	11193103	55	69	44.35	CHG
10	11192936	11193103	784	1004	43.85	CHH
10	13147744	13147963	326	6	98.19	CG
10	13147744	13147963	145	26	84.80	CHG
10	13147744	13147963	1073	1811	37.21	CHH
10	15870323	15870605	82	4	95.35	CG
10	15870323	15870605	198	180	52.38	CHG
10	15870323	15870605	668	991	40.27	CHH
10	18561922	18562175	382	14	96.46	CG
10	18561922	18562175	576	137	80.79	CHG
10	18561922	18562175	1095	1376	44.31	CHH
10	20762313	20762534	57	290	16.43	CG
10	20762313	20762534	151	553	21.45	CHG
10	20762313	20762534	528	1731	23.37	CHH
11	5554822	5555192	141	4	97.24	CG
11	5554822	5555192	665	66	90.97	CHG
11	5554822	5555192	2495	1457	63.13	CHH
11	7332863	7333120	112	4	96.55	CG
11	7332863	7333120	70	59	54.26	CHG
11	7332863	7333120	949	1296	42.27	CHH
11	8045721	8046006	648	159	80.30	CG
11	8045721	8046006	66	179	26.94	CHG
11	8045721	8046006	816	2421	25.21	CHH
11	14005572	14005699	575	1115	34.02	CHH
11	14311549	14311878	887	15	98.34	CG
11	14311549	14311878	303	67	81.89	CHG
11	14311549	14311878	1769	2274	43.75	CHH
11	16979978	16980123	84	2	97.67	CG
11	16979978	16980123	497	1658	23.06	CHH
11	21412886	21413094	587	70	89.35	CG
11	21412886	21413094	234	256	47.76	CHG
11	21412886	21413094	697	1493	31.83	CHH
11	24387545	24387850	316	11	96.64	CG
11	24387545	24387850	580	299	65.98	CHG
11	24387545	24387850	644	2364	21.41	CHH
11	27017648	27017782	76	2	97.44	CG
11	27017648	27017782	88	33	72.73	CHG
11	27017648	27017782	486	1055	31.54	CHH
11	27682635	27683583	2359	60	97.52	CG
11	27682635	27683583	1671	399	80.72	CHG
11	27682635	27683583	2746	4694	36.91	CHH
12	961100	961336	126	4	96.92	CG
12	961100	961336	360	234	60.61	CHG
12	961100	961336	762	1281	37.30	CHH
12	21483416	21483688	185	7	96.35	CG
12	21483416	21483688	313	58	84.37	CHG
12	21483416	21483688	631	2204	22.26	CHH
12	22462835	22463098	22	214	9.32	CG
12	22462835	22463098	124	271	31.39	CHG
12	22462835	22463098	1061	1693	38.53	CHH
12	25690213	25690552	363	108	77.07	CG
12	25690213	25690552	127	222	36.39	CHG
12	25690213	25690552	768	2337	24.73	CHH
