1	1377440	1378052	203	5	97.60	CG
1	1377440	1378052	281	80	77.84	CHG
1	1377440	1378052	3219	3217	50.02	CHH
1	1788440	1788928	440	7	98.43	CG
1	1788440	1788928	13	22	37.14	CHG
1	1788440	1788928	1636	2672	37.98	CHH
1	2260684	2260758	564	333	62.88	CHH
1	2522960	2523166	426	12	97.26	CG
1	2522960	2523166	84	44	65.62	CHG
1	2522960	2523166	681	1443	32.06	CHH
1	2556818	2558266	4659	76	98.39	CG
1	2556818	2558266	3110	431	87.83	CHG
1	2556818	2558266	4798	5932	44.72	CHH
1	9039676	9042883	3597	102	97.24	CG
1	9039676	9042883	3441	280	92.48	CHG
1	9039676	9042883	15433	12047	56.16	CHH
1	9437012	9437784	1012	23	97.78	CG
1	9437012	9437784	879	82	91.47	CHG
1	9437012	9437784	2663	2461	51.97	CHH
1	9767360	9767454	53	0	100.00	CG
1	9767360	9767454	40	10	80.00	CHG
1	9767360	9767454	520	311	62.58	CHH
1	10834154	10834494	46	14	76.67	CHG
1	10834154	10834494	1433	1424	50.16	CHH
1	10925172	10926295	1905	87	95.63	CG
1	10925172	10926295	1570	434	78.34	CHG
1	10925172	10926295	3786	4984	43.17	CHH
1	10926897	10927718	2191	79	96.52	CG
1	10926897	10927718	2035	393	83.81	CHG
1	10926897	10927718	1842	3787	32.72	CHH
1	11360960	11364336	4287	120	97.28	CG
1	11360960	11364336	3317	782	80.92	CHG
1	11360960	11364336	11873	14548	44.94	CHH
1	11470931	11471326	461	64	87.81	CG
1	11470931	11471326	257	77	76.95	CHG
1	11470931	11471326	1226	1990	38.12	CHH
1	11471508	11474133	2114	65	97.02	CG
1	11471508	11474133	3824	541	87.61	CHG
1	11471508	11474133	8389	11312	42.58	CHH
1	14333472	14335930	5204	152	97.16	CG
1	14333472	14335930	2892	728	79.89	CHG
1	14333472	14335930	9057	10437	46.46	CHH
1	14336094	14337863	2275	83	96.48	CG
1	14336094	14337863	2207	292	88.32	CHG
1	14336094	14337863	6786	6208	52.22	CHH
1	14338097	14339310	1895	61	96.88	CG
1	14338097	14339310	958	209	82.09	CHG
1	14338097	14339310	4030	4897	45.14	CHH
1	14358588	14358799	106	2	98.15	CG
1	14358588	14358799	121	19	86.43	CHG
1	14358588	14358799	1099	473	69.91	CHH
1	14961883	14962784	1232	996	55.30	CG
1	14961883	14962784	799	958	45.48	CHG
1	14961883	14962784	2089	5041	29.30	CHH
1	16709412	16710638	2564	49	98.12	CG
1	16709412	16710638	1760	441	79.96	CHG
1	16709412	16710638	3878	5119	43.10	CHH
1	20811098	20811408	134	210	38.95	CG
1	20811098	20811408	217	247	46.77	CHG
1	20811098	20811408	896	1333	40.20	CHH
1	24162719	24162945	1010	1001	50.22	CHH
1	25253730	25254035	198	452	30.46	CG
1	25253730	25254035	111	227	32.84	CHG
1	25253730	25254035	893	1979	31.09	CHH
1	25313000	25313256	191	433	30.61	CG
1	25313000	25313256	236	234	50.21	CHG
1	25313000	25313256	729	907	44.56	CHH
1	28200381	28201852	1242	26	97.95	CG
1	28200381	28201852	1176	207	85.03	CHG
1	28200381	28201852	6127	5365	53.32	CHH
1	28202027	28203259	1309	28	97.91	CG
1	28202027	28203259	933	140	86.95	CHG
1	28202027	28203259	3957	5731	40.84	CHH
1	28212608	28214734	2857	86	97.08	CG
1	28212608	28214734	1950	294	86.90	CHG
1	28212608	28214734	7299	12431	36.99	CHH
1	30431887	30432457	454	9	98.06	CG
1	30431887	30432457	128	52	71.11	CHG
1	30431887	30432457	2135	2173	49.56	CHH
1	30810046	30810702	789	290	73.12	CG
1	30810046	30810702	174	218	44.39	CHG
1	30810046	30810702	1877	3891	32.54	CHH
1	35537016	35537182	712	924	43.52	CHH
1	40395626	40395876	69	3	95.83	CG
1	40395626	40395876	1332	1190	52.82	CHH
1	41155306	41155562	19	34	35.85	CHG
1	41155306	41155562	1560	820	65.55	CHH
2	1869793	1870778	2437	55	97.79	CG
2	1869793	1870778	1962	340	85.23	CHG
2	1869793	1870778	3645	4849	42.91	CHH
2	2040558	2041143	773	18	97.72	CG
2	2040558	2041143	595	94	86.36	CHG
2	2040558	2041143	2160	2396	47.41	CHH
2	3701574	3702250	402	52	88.55	CG
2	3701574	3702250	305	309	49.67	CHG
2	3701574	3702250	1860	3506	34.66	CHH
2	4194209	4194385	83	9	90.22	CHG
2	4194209	4194385	1009	616	62.09	CHH
2	4947306	4947538	73	1	98.65	CG
2	4947306	4947538	991	1139	46.53	CHH
2	5499042	5499299	484	7	98.57	CG
2	5499042	5499299	325	38	89.53	CHG
2	5499042	5499299	779	1521	33.87	CHH
2	5902991	5906606	3883	193	95.26	CG
2	5902991	5906606	5708	1519	78.98	CHG
2	5902991	5906606	14771	15377	48.99	CHH
2	6762287	6762792	358	10	97.28	CG
2	6762287	6762792	326	118	73.42	CHG
2	6762287	6762792	1279	3225	28.40	CHH
2	6796212	6796945	343	869	28.30	CG
2	6796212	6796945	601	667	47.40	CHG
2	6796212	6796945	2153	2580	45.49	CHH
2	6797386	6798332	1217	207	85.46	CG
2	6797386	6798332	930	478	66.05	CHG
2	6797386	6798332	3351	4671	41.77	CHH
2	7606176	7607483	1071	27	97.54	CG
2	7606176	7607483	1009	283	78.10	CHG
2	7606176	7607483	3788	10031	27.41	CHH
2	7607731	7609075	1619	614	72.50	CG
2	7607731	7609075	837	635	56.86	CHG
2	7607731	7609075	4491	7486	37.50	CHH
2	8343974	8344975	1230	31	97.54	CG
2	8343974	8344975	1082	143	88.33	CHG
2	8343974	8344975	3888	5440	41.68	CHH
2	8345745	8345938	228	10	95.80	CG
2	8345745	8345938	133	77	63.33	CHG
2	8345745	8345938	523	1381	27.47	CHH
2	12333889	12333999	108	7	93.91	CG
2	12333889	12333999	80	33	70.80	CHG
2	12333889	12333999	564	454	55.40	CHH
2	13583003	13585128	1732	48	97.30	CG
2	13583003	13585128	3521	460	88.45	CHG
2	13583003	13585128	6147	10965	35.92	CHH
2	13872268	13872613	129	318	28.86	CG
2	13872268	13872613	189	491	27.79	CHG
2	13872268	13872613	1131	2425	31.81	CHH
2	19469869	19471775	3711	519	87.73	CG
2	19469869	19471775	2196	1017	68.35	CHG
2	19469869	19471775	6438	8915	41.93	CHH
2	19977858	19978135	283	14	95.29	CG
2	19977858	19978135	473	103	82.12	CHG
2	19977858	19978135	1058	1133	48.29	CHH
2	20745916	20746102	140	3	97.90	CG
2	20745916	20746102	76	17	81.72	CHG
2	20745916	20746102	829	975	45.95	CHH
2	25258399	25258520	664	588	53.04	CHH
2	28737277	28737416	837	537	60.92	CHH
2	34952974	34953385	1027	29	97.25	CG
2	34952974	34953385	420	151	73.56	CHG
2	34952974	34953385	992	3175	23.81	CHH
2	34955560	34955809	1557	733	67.99	CHH
3	1354664	1354914	228	6	97.44	CG
3	1354664	1354914	274	34	88.96	CHG
3	1354664	1354914	1304	657	66.50	CHH
3	8409618	8409743	56	188	22.95	CG
3	8409618	8409743	87	131	39.91	CHG
3	8409618	8409743	354	566	38.48	CHH
3	9319923	9320317	337	9	97.40	CG
3	9319923	9320317	81	11	88.04	CHG
3	9319923	9320317	1394	1570	47.03	CHH
3	15113224	15113412	1002	886	53.07	CHH
3	17308009	17308190	44	3	93.62	CG
3	17308009	17308190	37	4	90.24	CHG
3	17308009	17308190	712	723	49.62	CHH
3	20792869	20793598	123	336	26.80	CG
3	20792869	20793598	299	505	37.19	CHG
3	20792869	20793598	1779	4048	30.53	CHH
3	22406998	22410666	2226	763	74.47	CG
3	22406998	22410666	3641	956	79.20	CHG
3	22406998	22410666	13324	15787	45.77	CHH
3	23359385	23359602	148	8	94.87	CG
3	23359385	23359602	15	28	34.88	CHG
3	23359385	23359602	1073	1332	44.62	CHH
3	24569402	24572072	3252	80	97.60	CG
3	24569402	24572072	3216	414	88.60	CHG
3	24569402	24572072	10207	12556	44.84	CHH
3	24603937	24605042	1697	43	97.53	CG
3	24603937	24605042	1677	337	83.27	CHG
3	24603937	24605042	3964	5303	42.78	CHH
3	26143599	26144289	463	327	58.61	CG
3	26143599	26144289	479	469	50.53	CHG
3	26143599	26144289	2360	3215	42.33	CHH
3	27619055	27619344	207	33	86.25	CG
3	27619055	27619344	244	104	70.11	CHG
3	27619055	27619344	1184	1389	46.02	CHH
3	27619956	27621480	1798	1534	53.96	CG
3	27619956	27621480	1260	1248	50.24	CHG
3	27619956	27621480	4704	7643	38.10	CHH
3	28228225	28228487	1543	1236	55.52	CHH
3	29750151	29752956	4092	91	97.82	CG
3	29750151	29752956	2512	218	92.01	CHG
3	29750151	29752956	11154	12327	47.50	CHH
3	29885011	29885181	69	2	97.18	CG
3	29885011	29885181	93	7	93.00	CHG
3	29885011	29885181	1596	728	68.67	CHH
3	30100210	30100463	58	2	96.67	CG
3	30100210	30100463	1020	1413	41.92	CHH
3	30830679	30830818	711	423	62.70	CHH
3	32182087	32182430	64	4	94.12	CG
3	32182087	32182430	29	45	39.19	CHG
3	32182087	32182430	1247	1880	39.88	CHH
4	19683995	19684552	625	404	60.74	CG
4	19683995	19684552	592	629	48.48	CHG
4	19683995	19684552	1890	3550	34.74	CHH
4	19744896	19745083	74	22	77.08	CG
4	19744896	19745083	725	764	48.69	CHH
4	21627729	21627912	123	2	98.40	CG
4	21627729	21627912	77	11	87.50	CHG
4	21627729	21627912	1101	512	68.26	CHH
4	24030042	24030690	367	8	97.87	CG
4	24030042	24030690	453	101	81.77	CHG
4	24030042	24030690	2128	4311	33.05	CHH
4	27907257	27907388	63	0	100.00	CG
4	27907257	27907388	11	18	37.93	CHG
4	27907257	27907388	733	544	57.40	CHH
4	30176025	30176485	252	30	89.36	CG
4	30176025	30176485	44	107	29.14	CHG
4	30176025	30176485	2303	2515	47.80	CHH
4	35050130	35050413	50	219	18.59	CG
4	35050130	35050413	128	255	33.42	CHG
4	35050130	35050413	784	1759	30.83	CHH
4	35050645	35051479	1226	84	93.59	CG
4	35050645	35051479	984	227	81.26	CHG
4	35050645	35051479	3554	3593	49.73	CHH
4	35051684	35052572	2294	59	97.49	CG
4	35051684	35052572	999	172	85.31	CHG
4	35051684	35052572	5266	3609	59.34	CHH
4	35052766	35053258	346	702	33.02	CG
4	35052766	35053258	320	565	36.16	CHG
4	35052766	35053258	1295	2529	33.87	CHH
5	1135886	1136509	412	705	36.88	CG
5	1135886	1136509	407	1050	27.93	CHG
5	1135886	1136509	1410	3781	27.16	CHH
5	1681288	1681619	187	312	37.47	CG
5	1681288	1681619	206	285	41.96	CHG
5	1681288	1681619	1052	1392	43.04	CHH
5	4826765	4827929	1046	52	95.26	CG
5	4826765	4827929	1153	260	81.60	CHG
5	4826765	4827929	4277	7691	35.74	CHH
5	4828099	4828891	233	1062	17.99	CG
5	4828099	4828891	553	831	39.96	CHG
5	4828099	4828891	2729	4266	39.01	CHH
5	4830291	4831171	609	834	42.20	CG
5	4830291	4831171	676	585	53.61	CHG
5	4830291	4831171	3407	4737	41.83	CHH
5	6765407	6765604	122	3	97.60	CG
5	6765407	6765604	132	69	65.67	CHG
5	6765407	6765604	403	997	28.79	CHH
5	10917777	10919451	2484	61	97.60	CG
5	10917777	10919451	2502	725	77.53	CHG
5	10917777	10919451	5656	9305	37.80	CHH
5	11242827	11244802	2249	49	97.87	CG
5	11242827	11244802	2996	295	91.04	CHG
5	11242827	11244802	7288	11844	38.09	CHH
5	21149049	21149184	55	165	25.00	CG
5	21149049	21149184	88	141	38.43	CHG
5	21149049	21149184	316	611	34.09	CHH
5	21857485	21857720	244	7	97.21	CG
5	21857485	21857720	316	58	84.49	CHG
5	21857485	21857720	1129	1018	52.59	CHH
5	25347572	25347835	140	430	24.56	CG
5	25347572	25347835	172	437	28.24	CHG
5	25347572	25347835	952	2073	31.47	CHH
5	25348057	25348813	399	7	98.28	CG
5	25348057	25348813	745	1010	42.45	CHG
5	25348057	25348813	2819	3848	42.28	CHH
5	25352498	25355138	2269	546	80.60	CG
5	25352498	25355138	2770	1326	67.63	CHG
5	25352498	25355138	10972	12132	47.49	CHH
5	25355297	25357051	2389	77	96.88	CG
5	25355297	25357051	1949	423	82.17	CHG
5	25355297	25357051	7054	8785	44.54	CHH
5	26872353	26874176	1644	1165	58.53	CG
5	26872353	26874176	1360	804	62.85	CHG
5	26872353	26874176	6028	9464	38.91	CHH
5	26989629	26989802	38	16	70.37	CHG
5	26989629	26989802	1191	717	62.42	CHH
6	6078118	6079550	1364	44	96.88	CG
6	6078118	6079550	2329	720	76.39	CHG
6	6078118	6079550	4447	7420	37.47	CHH
6	6079751	6080866	2014	48	97.67	CG
6	6079751	6080866	1412	226	86.20	CHG
6	6079751	6080866	2935	8195	26.37	CHH
6	7535836	7537636	1513	589	71.98	CG
6	7535836	7537636	1940	871	69.01	CHG
6	7535836	7537636	6015	9673	38.34	CHH
6	7537860	7538806	2243	54	97.65	CG
6	7537860	7538806	1082	275	79.73	CHG
6	7537860	7538806	2989	5638	34.65	CHH
6	7540556	7540748	64	1	98.46	CG
6	7540556	7540748	689	599	53.49	CHH
6	7725720	7725950	383	6	98.46	CG
6	7725720	7725950	453	111	80.32	CHG
6	7725720	7725950	568	1068	34.72	CHH
6	11302246	11302995	560	31	94.75	CG
6	11302246	11302995	967	355	73.15	CHG
6	11302246	11302995	1917	3064	38.49	CHH
6	11303180	11304874	2910	95	96.84	CG
6	11303180	11304874	2023	395	83.66	CHG
6	11303180	11304874	7907	9299	45.95	CHH
6	13428012	13431273	2692	120	95.73	CG
6	13428012	13431273	3835	490	88.67	CHG
6	13428012	13431273	14151	13536	51.11	CHH
6	17321639	17321861	47	168	21.86	CG
6	17321639	17321861	101	360	21.91	CHG
6	17321639	17321861	546	1518	26.45	CHH
6	22376044	22376666	381	19	95.25	CG
6	22376044	22376666	136	107	55.97	CHG
6	22376044	22376666	2626	3140	45.54	CHH
6	23537611	23537873	110	12	90.16	CHG
6	23537611	23537873	978	1494	39.56	CHH
6	25078471	25078618	41	26	61.19	CHG
6	25078471	25078618	815	911	47.22	CHH
6	25314682	25315364	376	11	97.16	CG
6	25314682	25315364	339	80	80.91	CHG
6	25314682	25315364	2279	4349	34.38	CHH
6	26183206	26183498	66	0	100.00	CG
6	26183206	26183498	2122	858	71.21	CHH
6	27799633	27800383	72	407	15.03	CG
6	27799633	27800383	202	698	22.44	CHG
6	27799633	27800383	2053	5449	27.37	CHH
6	27801639	27802209	98	401	19.64	CG
6	27801639	27802209	229	392	36.88	CHG
6	27801639	27802209	1095	2444	30.94	CHH
6	27807200	27808739	1639	260	86.31	CG
6	27807200	27808739	2270	655	77.61	CHG
6	27807200	27808739	5340	7313	42.20	CHH
6	29377073	29378367	2238	63	97.26	CG
6	29377073	29378367	2078	279	88.16	CHG
6	29377073	29378367	5169	5830	47.00	CHH
6	29378560	29380306	4011	106	97.43	CG
6	29378560	29380306	2302	425	84.42	CHG
6	29378560	29380306	7742	7670	50.23	CHH
7	436559	436644	605	632	48.91	CHH
7	3142735	3143078	467	14	97.09	CG
7	3142735	3143078	409	115	78.05	CHG
7	3142735	3143078	1758	1121	61.06	CHH
7	3220899	3221205	70	4	94.59	CG
7	3220899	3221205	2499	1441	63.43	CHH
7	4348747	4349352	809	32	96.20	CG
7	4348747	4349352	396	100	79.84	CHG
7	4348747	4349352	1665	2457	40.39	CHH
7	4349624	4350850	2044	54	97.43	CG
7	4349624	4350850	1614	295	84.55	CHG
7	4349624	4350850	3580	5618	38.92	CHH
7	4351012	4351916	1259	26	97.98	CG
7	4351012	4351916	1175	215	84.53	CHG
7	4351012	4351916	3606	4464	44.68	CHH
7	4373857	4376166	2176	162	93.07	CG
7	4373857	4376166	2140	736	74.41	CHG
7	4373857	4376166	9394	9463	49.82	CHH
7	6141659	6141862	562	4	99.29	CG
7	6141659	6141862	292	51	85.13	CHG
7	6141659	6141862	1005	1129	47.09	CHH
7	8294134	8294483	26	459	5.36	CG
7	8294134	8294483	96	470	16.96	CHG
7	8294134	8294483	538	2879	15.74	CHH
7	8296050	8297360	1026	21	97.99	CG
7	8296050	8297360	963	403	70.50	CHG
7	8296050	8297360	4680	6779	40.84	CHH
7	8297831	8298242	240	12	95.24	CG
7	8297831	8298242	334	240	58.19	CHG
7	8297831	8298242	1039	2442	29.85	CHH
7	8993394	8993705	144	2	98.63	CG
7	8993394	8993705	1649	1480	52.70	CHH
7	15188698	15188829	54	16	77.14	CHG
7	15188698	15188829	727	1134	39.07	CHH
7	15677983	15678606	359	523	40.70	CG
7	15677983	15678606	344	550	38.48	CHG
7	15677983	15678606	1278	2971	30.08	CHH
7	15715017	15716282	1066	459	69.90	CG
7	15715017	15716282	1671	787	67.98	CHG
7	15715017	15716282	4019	5997	40.13	CHH
7	15716649	15717550	1329	34	97.51	CG
7	15716649	15717550	954	362	72.49	CHG
7	15716649	15717550	2648	5013	34.56	CHH
7	15987686	15990374	2210	65	97.14	CG
7	15987686	15990374	2059	875	70.18	CHG
7	15987686	15990374	8153	15414	34.59	CHH
7	16599468	16599909	193	8	96.02	CG
7	16599468	16599909	379	510	42.63	CHG
7	16599468	16599909	1326	2825	31.94	CHH
7	18624941	18625154	63	0	100.00	CG
7	18624941	18625154	75	26	74.26	CHG
7	18624941	18625154	1204	1085	52.60	CHH
7	19254932	19255653	318	315	50.24	CG
7	19254932	19255653	622	1164	34.83	CHG
7	19254932	19255653	1710	3184	34.94	CHH
7	20003073	20003442	262	422	38.30	CG
7	20003073	20003442	108	216	33.33	CHG
7	20003073	20003442	728	1943	27.26	CHH
7	20004260	20004538	99	447	18.13	CG
7	20004260	20004538	292	384	43.20	CHG
7	20004260	20004538	1003	1663	37.62	CHH
7	22460506	22460644	119	623	16.04	CG
7	22460506	22460644	66	183	26.51	CHG
7	22460506	22460644	287	630	31.30	CHH
7	24948880	24949085	1533	759	66.88	CHH
7	25909857	25910353	495	14	97.25	CG
7	25909857	25910353	618	242	71.86	CHG
7	25909857	25910353	1976	2820	41.20	CHH
7	27169621	27169836	32	45	41.56	CG
7	27169621	27169836	314	229	57.83	CHG
7	27169621	27169836	1394	1140	55.01	CHH
7	27307263	27307688	647	19	97.15	CG
7	27307263	27307688	536	121	81.58	CHG
7	27307263	27307688	1822	1429	56.04	CHH
8	5778397	5779045	701	149	82.47	CG
8	5778397	5779045	540	351	60.61	CHG
8	5778397	5779045	1620	2013	44.59	CHH
8	5779226	5780049	562	138	80.29	CG
8	5779226	5780049	693	265	72.34	CHG
8	5779226	5780049	3795	3894	49.36	CHH
8	7765923	7766237	224	22	91.06	CG
8	7765923	7766237	145	116	55.56	CHG
8	7765923	7766237	574	2155	21.03	CHH
8	7766623	7766940	303	16	94.98	CG
8	7766623	7766940	302	172	63.71	CHG
8	7766623	7766940	709	1854	27.66	CHH
8	7767812	7769432	1337	36	97.38	CG
8	7767812	7769432	1312	275	82.67	CHG
8	7767812	7769432	4162	9034	31.54	CHH
8	10497174	10498216	1268	35	97.31	CG
8	10497174	10498216	711	108	86.81	CHG
8	10497174	10498216	3185	5480	36.76	CHH
8	10498395	10499575	624	20	96.89	CG
8	10498395	10499575	934	436	68.18	CHG
8	10498395	10499575	4813	5309	47.55	CHH
8	15456518	15458380	2393	82	96.69	CG
8	15456518	15458380	2069	343	85.78	CHG
8	15456518	15458380	7113	7062	50.18	CHH
8	15458644	15461086	2431	75	97.01	CG
8	15458644	15461086	2068	371	84.79	CHG
8	15458644	15461086	10112	9943	50.42	CHH
8	21692817	21694038	1372	35	97.51	CG
8	21692817	21694038	1850	231	88.90	CHG
8	21692817	21694038	4366	7295	37.44	CHH
8	22741998	22742320	24	39	38.10	CHG
8	22741998	22742320	1338	1546	46.39	CHH
8	24735337	24736197	689	12	98.29	CG
8	24735337	24736197	813	312	72.27	CHG
8	24735337	24736197	3479	5140	40.36	CHH
8	24968997	24969171	69	2	97.18	CG
8	24968997	24969171	85	22	79.44	CHG
8	24968997	24969171	950	857	52.57	CHH
8	27145493	27145904	232	356	39.46	CG
8	27145493	27145904	149	186	44.48	CHG
8	27145493	27145904	1133	2304	32.96	CHH
8	27146154	27147151	627	133	82.50	CG
8	27146154	27147151	268	213	55.72	CHG
8	27146154	27147151	3805	4981	43.31	CHH
9	12622010	12622195	132	468	22.00	CG
9	12622010	12622195	67	112	37.43	CHG
9	12622010	12622195	546	1185	31.54	CHH
9	12622461	12622831	502	257	66.14	CG
9	12622461	12622831	132	152	46.48	CHG
9	12622461	12622831	1147	1956	36.96	CHH
9	15228404	15229163	635	95	86.99	CG
9	15228404	15229163	581	315	64.84	CHG
9	15228404	15229163	2564	3740	40.67	CHH
9	16724009	16725093	706	15	97.92	CG
9	16724009	16725093	899	183	83.09	CHG
9	16724009	16725093	3375	5329	38.78	CHH
9	16725343	16726536	2049	117	94.60	CG
9	16725343	16726536	1223	342	78.15	CHG
9	16725343	16726536	4206	5816	41.97	CHH
9	19098095	19098253	52	2	96.30	CG
9	19098095	19098253	73	36	66.97	CHG
9	19098095	19098253	733	853	46.22	CHH
9	21886164	21886293	621	705	46.83	CHH
10	403342	404217	1172	386	75.22	CG
10	403342	404217	1015	815	55.46	CHG
10	403342	404217	2472	3620	40.58	CHH
10	707135	707736	1243	328	79.12	CG
10	707135	707736	742	987	42.91	CHG
10	707135	707736	1993	2914	40.62	CHH
10	708160	710138	5364	154	97.21	CG
10	708160	710138	3332	778	81.07	CHG
10	708160	710138	5454	10471	34.25	CHH
10	1838124	1838526	135	2	98.54	CG
10	1838124	1838526	56	8	87.50	CHG
10	1838124	1838526	2274	1496	60.32	CHH
10	1890175	1890720	530	12	97.79	CG
10	1890175	1890720	491	278	63.85	CHG
10	1890175	1890720	1964	2892	40.44	CHH
10	5680298	5680662	839	490	63.13	CG
10	5680298	5680662	693	907	43.31	CHG
10	5680298	5680662	1210	1861	39.40	CHH
10	5930107	5931241	1676	62	96.43	CG
10	5930107	5931241	1363	757	64.29	CHG
10	5930107	5931241	3442	4437	43.69	CHH
10	5931400	5931895	616	21	96.70	CG
10	5931400	5931895	518	219	70.28	CHG
10	5931400	5931895	1707	1645	50.92	CHH
10	5933659	5934116	194	748	20.59	CG
10	5933659	5934116	424	653	39.37	CHG
10	5933659	5934116	1138	1650	40.82	CHH
10	6420591	6420748	96	177	35.16	CHG
10	6420591	6420748	317	780	28.90	CHH
10	15986962	15990245	2986	71	97.68	CG
10	15986962	15990245	2983	1227	70.86	CHG
10	15986962	15990245	9978	17153	36.78	CHH
10	15991567	15992011	149	649	18.67	CG
10	15991567	15992011	381	665	36.42	CHG
10	15991567	15992011	1294	2225	36.77	CHH
10	16004469	16005053	416	1712	19.55	CG
10	16004469	16005053	602	920	39.55	CHG
10	16004469	16005053	1434	2015	41.58	CHH
10	16006434	16007004	441	958	31.52	CG
10	16006434	16007004	650	598	52.08	CHG
10	16006434	16007004	1636	1828	47.23	CHH
10	18101624	18101816	429	19	95.76	CG
10	18101624	18101816	253	131	65.89	CHG
10	18101624	18101816	1288	711	64.43	CHH
10	20291443	20292459	2020	32	98.44	CG
10	20291443	20292459	1108	217	83.62	CHG
10	20291443	20292459	2429	4691	34.12	CHH
10	20777405	20778626	1827	54	97.13	CG
10	20777405	20778626	1596	384	80.61	CHG
10	20777405	20778626	5885	5039	53.87	CHH
10	20778820	20779263	65	403	13.89	CG
10	20778820	20779263	260	762	25.44	CHG
10	20778820	20779263	1194	2412	33.11	CHH
10	22690213	22690439	1225	578	67.94	CHH
11	569050	569549	137	3	97.86	CG
11	569050	569549	625	98	86.45	CHG
11	569050	569549	2839	1653	63.20	CHH
11	1878755	1878890	69	49	58.47	CG
11	1878755	1878890	119	71	62.63	CHG
11	1878755	1878890	638	489	56.61	CHH
11	1947206	1947542	63	2	96.92	CG
11	1947206	1947542	1013	1711	37.19	CHH
11	2541708	2543393	489	565	46.39	CG
11	2541708	2543393	789	2243	26.02	CHG
11	2541708	2543393	4016	10002	28.65	CHH
11	7731537	7734405	2077	87	95.98	CG
11	7731537	7734405	3011	554	84.46	CHG
11	7731537	7734405	12169	15535	43.93	CHH
11	7740288	7741705	2282	310	88.04	CG
11	7740288	7741705	1561	526	74.80	CHG
11	7740288	7741705	4675	5743	44.87	CHH
11	7741944	7742391	258	320	44.64	CG
11	7741944	7742391	605	488	55.35	CHG
11	7741944	7742391	1622	1963	45.24	CHH
11	11662804	11663369	260	7	97.38	CG
11	11662804	11663369	416	57	87.95	CHG
11	11662804	11663369	1801	3114	36.64	CHH
11	13632522	13632647	140	172	44.87	CHG
11	13632522	13632647	468	558	45.61	CHH
11	14006096	14006227	565	565	50.00	CHH
11	16006890	16007049	43	1	97.73	CG
11	16006890	16007049	15	4	78.95	CHG
11	16006890	16007049	833	565	59.59	CHH
11	16330929	16332016	692	512	57.48	CG
11	16330929	16332016	996	1255	44.25	CHG
11	16330929	16332016	3335	5831	36.38	CHH
11	16332352	16336587	6134	686	89.94	CG
11	16332352	16336587	5586	1581	77.94	CHG
11	16332352	16336587	16646	19556	45.98	CHH
11	19478887	19479310	455	11	97.64	CG
11	19478887	19479310	673	311	68.39	CHG
11	19478887	19479310	2410	1578	60.43	CHH
11	20707212	20707528	102	177	36.56	CG
11	20707212	20707528	396	287	57.98	CHG
11	20707212	20707528	1247	1060	54.05	CHH
11	21197890	21198236	87	35	71.31	CHG
11	21197890	21198236	2396	1260	65.54	CHH
11	23435202	23435727	88	116	43.14	CG
11	23435202	23435727	609	640	48.76	CHG
11	23435202	23435727	2056	2543	44.71	CHH
11	24391044	24392970	1582	53	96.76	CG
11	24391044	24392970	3361	854	79.74	CHG
11	24391044	24392970	6398	10988	36.80	CHH
11	24393313	24394212	619	10	98.41	CG
11	24393313	24394212	1164	126	90.23	CHG
11	24393313	24394212	2883	2909	49.78	CHH
11	24395075	24395260	67	167	28.63	CG
11	24395075	24395260	40	57	41.24	CHG
11	24395075	24395260	583	955	37.91	CHH
11	26205598	26205997	146	63	69.86	CG
11	26205598	26205997	78	314	19.90	CHG
11	26205598	26205997	576	2619	18.03	CHH
12	1816647	1816809	48	3	94.12	CG
12	1816647	1816809	1070	626	63.09	CHH
12	4729330	4730513	1094	91	92.32	CG
12	4729330	4730513	674	492	57.80	CHG
12	4729330	4730513	3480	8096	30.06	CHH
12	4730790	4736244	5131	148	97.20	CG
12	4730790	4736244	5456	1169	82.35	CHG
12	4730790	4736244	21932	27027	44.80	CHH
12	4736420	4737233	1205	87	93.27	CG
12	4736420	4737233	927	362	71.92	CHG
12	4736420	4737233	3184	3399	48.37	CHH
12	4900521	4901766	1196	35	97.16	CG
12	4900521	4901766	926	515	64.26	CHG
12	4900521	4901766	3162	7996	28.34	CHH
12	5021892	5024116	1252	50	96.16	CG
12	5021892	5024116	2587	992	72.28	CHG
12	5021892	5024116	6895	10394	39.88	CHH
12	5024498	5027592	1491	36	97.64	CG
12	5024498	5027592	3543	1184	74.95	CHG
12	5024498	5027592	12753	16020	44.32	CHH
12	11362213	11362441	54	1	98.18	CG
12	11362213	11362441	57	16	78.08	CHG
12	11362213	11362441	1566	836	65.20	CHH
12	17500982	17502112	566	306	64.91	CG
12	17500982	17502112	781	334	70.04	CHG
12	17500982	17502112	4456	5069	46.78	CHH
12	17502305	17503335	1298	34	97.45	CG
12	17502305	17503335	413	136	75.23	CHG
12	17502305	17503335	2975	4127	41.89	CHH
12	17984560	17985250	117	670	14.87	CG
12	17984560	17985250	284	636	30.87	CHG
12	17984560	17985250	1535	3604	29.87	CHH
12	17985763	17986319	527	127	80.58	CG
12	17985763	17986319	213	116	64.74	CHG
12	17985763	17986319	1489	3188	31.84	CHH
12	18393551	18394277	518	302	63.17	CG
12	18393551	18394277	270	388	41.03	CHG
12	18393551	18394277	2927	3453	45.88	CHH
12	19120680	19120950	78	49	61.42	CG
12	19120680	19120950	61	7	89.71	CHG
12	19120680	19120950	1466	1513	49.21	CHH
12	24728431	24728725	233	317	42.36	CG
12	24728431	24728725	563	482	53.88	CHG
12	24728431	24728725	1371	1171	53.93	CHH
12	24729444	24730180	2041	84	96.05	CG
12	24729444	24730180	1853	389	82.65	CHG
12	24729444	24730180	3005	2285	56.81	CHH
12	24734143	24734410	59	246	19.34	CG
12	24734143	24734410	336	559	37.54	CHG
12	24734143	24734410	708	1066	39.91	CHH
12	25119408	25119711	407	5	98.79	CG
12	25119408	25119711	272	138	66.34	CHG
12	25119408	25119711	983	1373	41.72	CHH
1	4981767	4981906	924	241	79.31	CHH
1	18984904	18985083	46	0	100.00	CG
1	18984904	18985083	50	19	72.46	CHG
1	18984904	18985083	681	1118	37.85	CHH
1	27335823	27335919	197	11	94.71	CG
1	27335823	27335919	58	47	55.24	CHG
1	27335823	27335919	530	513	50.81	CHH
1	39322830	39323057	316	12	96.34	CG
1	39322830	39323057	184	97	65.48	CHG
1	39322830	39323057	607	1517	28.58	CHH
2	4474885	4475212	560	23	96.05	CG
2	4474885	4475212	248	72	77.50	CHG
2	4474885	4475212	1964	1230	61.49	CHH
2	17785746	17785984	140	4	97.22	CG
2	17785746	17785984	1927	660	74.49	CHH
2	24587774	24587906	111	1	99.11	CG
2	24587774	24587906	44	5	89.80	CHG
2	24587774	24587906	924	417	68.90	CHH
2	32687570	32687718	228	103	68.88	CG
2	32687570	32687718	203	106	65.70	CHG
2	32687570	32687718	871	498	63.62	CHH
3	7246619	7246872	515	22	95.90	CG
3	7246619	7246872	144	49	74.61	CHG
3	7246619	7246872	1101	1177	48.33	CHH
3	16709783	16710100	523	11	97.94	CG
3	16709783	16710100	374	89	80.78	CHG
3	16709783	16710100	1053	1512	41.05	CHH
3	18637898	18638001	82	1	98.80	CG
3	18637898	18638001	599	923	39.36	CHH
3	24572450	24572571	468	1058	30.67	CHH
3	27626160	27626452	296	16	94.87	CG
3	27626160	27626452	120	97	55.30	CHG
3	27626160	27626452	1084	1457	42.66	CHH
3	33684752	33685642	1220	33	97.37	CG
3	33684752	33685642	849	297	74.08	CHG
3	33684752	33685642	2620	4904	34.82	CHH
4	28531802	28532069	65	3	95.59	CG
4	28531802	28532069	10	23	30.30	CHG
4	28531802	28532069	1568	1305	54.58	CHH
4	33656481	33656726	845	22	97.46	CG
4	33656481	33656726	67	92	42.14	CHG
4	33656481	33656726	501	1350	27.07	CHH
5	1135186	1135369	188	76	71.21	CG
5	1135186	1135369	74	177	29.48	CHG
5	1135186	1135369	617	1196	34.03	CHH
6	5377103	5377226	30	23	56.60	CHG
6	5377103	5377226	853	306	73.60	CHH
6	7540043	7540265	187	6	96.89	CG
6	7540043	7540265	71	29	71.00	CHG
6	7540043	7540265	995	1522	39.53	CHH
6	11997277	11997419	156	11	93.41	CG
6	11997277	11997419	59	20	74.68	CHG
6	11997277	11997419	382	898	29.84	CHH
6	13951510	13951630	124	2	98.41	CG
6	13951510	13951630	221	47	82.46	CHG
6	13951510	13951630	468	575	44.87	CHH
6	18069889	18070192	310	15	95.38	CG
6	18069889	18070192	262	96	73.18	CHG
6	18069889	18070192	961	1677	36.43	CHH
7	8049142	8049326	569	14	97.60	CG
7	8049142	8049326	156	106	59.54	CHG
7	8049142	8049326	824	1332	38.22	CHH
7	13286370	13286485	637	864	42.44	CHH
7	26251607	26251758	786	498	61.21	CHH
7	27119822	27120089	52	3	94.55	CG
7	27119822	27120089	10	44	18.52	CHG
7	27119822	27120089	1233	1344	47.85	CHH
7	28376367	28376563	76	0	100.00	CG
7	28376367	28376563	52	18	74.29	CHG
7	28376367	28376563	1252	1043	54.55	CHH
8	9447539	9448026	341	1188	22.30	CG
8	9447539	9448026	316	827	27.65	CHG
8	9447539	9448026	1178	3016	28.09	CHH
9	16928122	16928188	527	351	60.02	CHH
10	15986243	15986518	33	31	51.56	CG
10	15986243	15986518	110	225	32.84	CHG
10	15986243	15986518	662	1854	26.31	CHH
12	26052913	26053003	154	95	61.85	CHG
12	26052913	26053003	474	277	63.12	CHH
1	751422	751630	328	3	99.09	CG
1	751422	751630	56	38	59.57	CHG
1	751422	751630	938	1332	41.32	CHH
1	831964	832562	1075	23	97.91	CG
1	831964	832562	964	101	90.52	CHG
1	831964	832562	1962	1785	52.36	CHH
1	1789091	1789350	103	0	100.00	CG
1	1789091	1789350	96	31	75.59	CHG
1	1789091	1789350	1342	877	60.48	CHH
1	2238174	2238281	65	0	100.00	CG
1	2238174	2238281	58	4	93.55	CHG
1	2238174	2238281	701	703	49.93	CHH
1	2556013	2556619	936	38	96.10	CG
1	2556013	2556619	1173	172	87.21	CHG
1	2556013	2556619	1614	3282	32.97	CHH
1	2558467	2559407	2036	68	96.77	CG
1	2558467	2559407	1240	247	83.39	CHG
1	2558467	2559407	2648	5548	32.31	CHH
1	7687746	7687909	61	9	87.14	CG
1	7687746	7687909	23	16	58.97	CHG
1	7687746	7687909	761	961	44.19	CHH
1	8431744	8431928	73	1	98.65	CG
1	8431744	8431928	1114	881	55.84	CHH
1	9585903	9586147	118	40	74.68	CHG
1	9585903	9586147	1377	791	63.51	CHH
1	11189069	11189507	795	145	84.57	CG
1	11189069	11189507	372	75	83.22	CHG
1	11189069	11189507	1428	1848	43.59	CHH
1	11189901	11190194	391	3	99.24	CG
1	11189901	11190194	288	44	86.75	CHG
1	11189901	11190194	1029	1052	49.45	CHH
1	11190397	11190945	343	97	77.95	CG
1	11190397	11190945	888	263	77.15	CHG
1	11190397	11190945	1935	2175	47.08	CHH
1	11191256	11191497	621	14	97.80	CG
1	11191256	11191497	254	128	66.49	CHG
1	11191256	11191497	613	841	42.16	CHH
1	11197847	11198179	503	13	97.48	CG
1	11197847	11198179	754	52	93.55	CHG
1	11197847	11198179	1565	1218	56.23	CHH
1	11198539	11198848	378	5	98.69	CG
1	11198539	11198848	287	33	89.69	CHG
1	11198539	11198848	1403	1733	44.74	CHH
1	11474845	11475049	298	3	99.00	CG
1	11474845	11475049	213	50	80.99	CHG
1	11474845	11475049	479	1481	24.44	CHH
1	11796108	11796316	159	16	90.86	CG
1	11796108	11796316	254	135	65.30	CHG
1	11796108	11796316	730	855	46.06	CHH
1	11928347	11928520	584	1306	30.90	CHH
1	11940126	11940209	591	629	48.44	CHH
1	12597813	12598048	1310	1099	54.38	CHH
1	14322168	14322402	295	4	98.66	CG
1	14322168	14322402	131	17	88.51	CHG
1	14322168	14322402	1322	1241	51.58	CHH
1	14347206	14347429	45	13	77.59	CG
1	14347206	14347429	278	206	57.44	CHG
1	14347206	14347429	1156	997	53.69	CHH
1	14960096	14960238	309	8	97.48	CG
1	14960096	14960238	146	85	63.20	CHG
1	14960096	14960238	536	755	41.52	CHH
1	17043053	17043218	450	6	98.68	CG
1	17043053	17043218	147	15	90.74	CHG
1	17043053	17043218	730	481	60.28	CHH
1	18600195	18600325	143	1	99.31	CG
1	18600195	18600325	36	12	75.00	CHG
1	18600195	18600325	477	857	35.76	CHH
1	18600619	18600880	122	4	96.83	CG
1	18600619	18600880	57	1	98.28	CHG
1	18600619	18600880	710	1941	26.78	CHH
1	20810211	20810573	119	391	23.33	CG
1	20810211	20810573	135	259	34.26	CHG
1	20810211	20810573	801	2065	27.95	CHH
1	26098395	26098876	193	4	97.97	CG
1	26098395	26098876	133	27	83.12	CHG
1	26098395	26098876	2011	2408	45.51	CHH
1	27892634	27893201	264	12	95.65	CG
1	27892634	27893201	455	76	85.69	CHG
1	27892634	27893201	2498	3633	40.74	CHH
1	28104533	28104643	59	0	100.00	CG
1	28104533	28104643	692	396	63.60	CHH
1	28203814	28205463	999	30	97.08	CG
1	28203814	28205463	1478	401	78.66	CHG
1	28203814	28205463	3611	10147	26.25	CHH
1	28494153	28494502	67	1	98.53	CG
1	28494153	28494502	123	8	93.89	CHG
1	28494153	28494502	2618	1270	67.34	CHH
1	29054104	29054337	113	265	29.89	CG
1	29054104	29054337	227	353	39.14	CHG
1	29054104	29054337	603	688	46.71	CHH
1	29054576	29055401	1579	51	96.87	CG
1	29054576	29055401	1034	350	74.71	CHG
1	29054576	29055401	1829	4390	29.41	CHH
1	30809331	30809656	414	13	96.96	CG
1	30809331	30809656	398	62	86.52	CHG
1	30809331	30809656	1501	1558	49.07	CHH
1	30810941	30811279	290	59	83.09	CG
1	30810941	30811279	168	197	46.03	CHG
1	30810941	30811279	705	1823	27.89	CHH
1	31405810	31406074	129	5	96.27	CG
1	31405810	31406074	168	48	77.78	CHG
1	31405810	31406074	1686	1063	61.33	CHH
1	31867822	31868209	150	3	98.04	CG
1	31867822	31868209	1989	2102	48.62	CHH
1	32128407	32128528	63	1	98.44	CG
1	32128407	32128528	853	538	61.32	CHH
1	32850978	32851159	137	4	97.16	CG
1	32850978	32851159	156	30	83.87	CHG
1	32850978	32851159	1493	575	72.20	CHH
1	37328188	37328369	116	3	97.48	CG
1	37328188	37328369	60	9	86.96	CHG
1	37328188	37328369	1253	419	74.94	CHH
1	40300213	40300335	499	714	41.14	CHH
1	40701980	40702243	67	2	97.10	CG
1	40701980	40702243	2251	549	80.39	CHH
1	42087976	42088125	671	908	42.50	CHH
2	109398	109590	446	7	98.45	CG
2	109398	109590	399	113	77.93	CHG
2	109398	109590	601	975	38.13	CHH
2	2375551	2375771	1709	888	65.81	CHH
2	6545608	6545822	52	1	98.11	CG
2	6545608	6545822	1167	1085	51.82	CHH
2	6761735	6762038	80	6	93.02	CG
2	6761735	6762038	146	23	86.39	CHG
2	6761735	6762038	782	1545	33.61	CHH
2	7945618	7946024	113	3	97.41	CG
2	7945618	7946024	21	12	63.64	CHG
2	7945618	7946024	1211	1883	39.14	CHH
2	8190084	8190413	63	2	96.92	CHG
2	8190084	8190413	1190	1998	37.33	CHH
2	10791440	10791566	783	887	46.89	CHH
2	11873649	11873886	67	1	98.53	CG
2	11873649	11873886	1316	1223	51.83	CHH
2	12097817	12097953	112	2	98.25	CG
2	12097817	12097953	332	834	28.47	CHH
2	12299222	12299385	43	21	67.19	CHG
2	12299222	12299385	551	810	40.48	CHH
2	13948832	13949084	125	8	93.98	CHG
2	13948832	13949084	1721	902	65.61	CHH
2	19211404	19211621	123	4	96.85	CG
2	19211404	19211621	19	8	70.37	CHG
2	19211404	19211621	1431	503	73.99	CHH
2	19443247	19443361	122	6	95.31	CG
2	19443247	19443361	14	16	46.67	CHG
2	19443247	19443361	303	805	27.35	CHH
2	22202087	22202425	755	41	94.85	CG
2	22202087	22202425	103	95	52.02	CHG
2	22202087	22202425	1892	1442	56.75	CHH
2	22399133	22399342	143	1	99.31	CG
2	22399133	22399342	1408	1188	54.24	CHH
2	23077446	23077593	941	633	59.78	CHH
2	23988341	23988565	43	24	64.18	CHG
2	23988341	23988565	1395	912	60.47	CHH
2	24094388	24094772	68	0	100.00	CG
2	24094388	24094772	205	76	72.95	CHG
2	24094388	24094772	2083	1576	56.93	CHH
2	24968367	24968732	248	10	96.12	CG
2	24968367	24968732	303	84	78.29	CHG
2	24968367	24968732	1025	2135	32.44	CHH
2	25971572	25971883	526	508	50.87	CHH
2	27849839	27850325	978	24	97.60	CG
2	27849839	27850325	301	148	67.04	CHG
2	27849839	27850325	1610	2050	43.99	CHH
2	27969163	27969436	169	4	97.69	CG
2	27969163	27969436	138	65	67.98	CHG
2	27969163	27969436	1854	1055	63.73	CHH
2	30949004	30949191	92	3	96.84	CG
2	30949004	30949191	39	11	78.00	CHG
2	30949004	30949191	850	740	53.46	CHH
2	32980551	32980821	1508	1130	57.16	CHH
2	33970498	33970631	43	145	22.87	CG
2	33970498	33970631	73	262	21.79	CHG
2	33970498	33970631	355	1040	25.45	CHH
2	34234930	34235049	446	422	51.38	CHH
2	34952077	34952811	947	227	80.66	CG
2	34952077	34952811	428	327	56.69	CHG
2	34952077	34952811	1734	4406	28.24	CHH
3	811663	812098	915	20	97.86	CG
3	811663	812098	181	117	60.74	CHG
3	811663	812098	1190	2054	36.68	CHH
3	881089	881240	818	22	97.38	CG
3	881089	881240	146	198	42.44	CHG
3	881089	881240	453	828	35.36	CHH
3	2169030	2169371	887	23	97.47	CG
3	2169030	2169371	236	134	63.78	CHG
3	2169030	2169371	957	2489	27.77	CHH
3	3832576	3832832	47	1	97.92	CG
3	3832576	3832832	72	19	79.12	CHG
3	3832576	3832832	1102	542	67.03	CHH
3	6570907	6571273	934	23	97.60	CG
3	6570907	6571273	218	109	66.67	CHG
3	6570907	6571273	1661	2123	43.90	CHH
3	8629457	8629689	52	2	96.30	CG
3	8629457	8629689	61	2	96.83	CHG
3	8629457	8629689	1534	446	77.47	CHH
3	8942617	8943063	324	11	96.72	CG
3	8942617	8943063	340	52	86.73	CHG
3	8942617	8943063	1528	2658	36.50	CHH
3	11067334	11067625	55	2	96.49	CG
3	11067334	11067625	47	4	92.16	CHG
3	11067334	11067625	1188	1136	51.12	CHH
3	11642409	11642580	99	22	81.82	CHG
3	11642409	11642580	1169	338	77.57	CHH
3	11857284	11857411	45	19	70.31	CHG
3	11857284	11857411	549	334	62.17	CHH
3	12675151	12675358	56	4	93.33	CG
3	12675151	12675358	21	16	56.76	CHG
3	12675151	12675358	1184	985	54.59	CHH
3	13124743	13124928	99	4	96.12	CG
3	13124743	13124928	47	6	88.68	CHG
3	13124743	13124928	1433	370	79.48	CHH
3	13748697	13748918	57	1	98.28	CHG
3	13748697	13748918	915	1007	47.61	CHH
3	14057905	14058092	289	7	97.64	CG
3	14057905	14058092	60	32	65.22	CHG
3	14057905	14058092	426	1246	25.48	CHH
3	14749193	14749460	139	2	98.58	CG
3	14749193	14749460	1751	874	66.70	CHH
3	15134383	15134587	695	1652	29.61	CHH
3	15612855	15613292	436	12	97.32	CG
3	15612855	15613292	841	174	82.86	CHG
3	15612855	15613292	2306	1930	54.44	CHH
3	16165130	16165592	215	21	91.10	CG
3	16165130	16165592	282	123	69.63	CHG
3	16165130	16165592	1505	2255	40.03	CHH
3	20791693	20792712	1615	65	96.13	CG
3	20791693	20792712	1367	423	76.37	CHG
3	20791693	20792712	1852	5167	26.39	CHH
3	24411908	24412466	279	395	41.39	CG
3	24411908	24412466	158	407	27.96	CHG
3	24411908	24412466	1126	3571	23.97	CHH
3	24572869	24573120	363	10	97.32	CG
3	24572869	24573120	294	139	67.90	CHG
3	24572869	24573120	648	1761	26.90	CHH
3	24603172	24603395	125	2	98.43	CG
3	24603172	24603395	109	19	85.16	CHG
3	24603172	24603395	866	1890	31.42	CHH
3	24605202	24605537	362	10	97.31	CG
3	24605202	24605537	169	73	69.83	CHG
3	24605202	24605537	778	2232	25.85	CHH
3	24924369	24924505	129	1	99.23	CG
3	24924369	24924505	14	14	50.00	CHG
3	24924369	24924505	851	601	58.61	CHH
3	25320199	25320294	316	594	34.73	CHH
3	26123077	26123398	324	15	95.58	CG
3	26123077	26123398	484	232	67.60	CHG
3	26123077	26123398	967	1976	32.86	CHH
3	26123604	26124463	1717	79	95.60	CG
3	26123604	26124463	1050	496	67.92	CHG
3	26123604	26124463	2510	6674	27.33	CHH
3	26819731	26819992	61	2	96.83	CHG
3	26819731	26819992	1393	1039	57.28	CHH
3	28511217	28511562	775	15	98.10	CG
3	28511217	28511562	421	29	93.56	CHG
3	28511217	28511562	1314	2187	37.53	CHH
3	29675163	29675476	70	3	95.89	CG
3	29675163	29675476	1517	2012	42.99	CHH
3	29753155	29753862	604	13	97.89	CG
3	29753155	29753862	582	58	90.94	CHG
3	29753155	29753862	2446	2751	47.07	CHH
3	30420791	30420983	1409	742	65.50	CHH
3	31423977	31424278	1213	1598	43.15	CHH
3	31722863	31723138	1927	1351	58.79	CHH
3	32006376	32006716	56	2	96.55	CHG
3	32006376	32006716	1844	1264	59.33	CHH
3	32173553	32173723	122	44	73.49	CHG
3	32173553	32173723	539	901	37.43	CHH
4	468669	468758	328	747	30.51	CHH
4	7955024	7955201	153	4	97.45	CG
4	7955024	7955201	82	2	97.62	CHG
4	7955024	7955201	1035	744	58.18	CHH
4	15396846	15397090	514	10	98.09	CG
4	15396846	15397090	450	70	86.54	CHG
4	15396846	15397090	796	1110	41.76	CHH
4	19682492	19683811	1420	49	96.66	CG
4	19682492	19683811	710	287	71.21	CHG
4	19682492	19683811	4400	6014	42.25	CHH
4	20001003	20001260	109	15	87.90	CHG
4	20001003	20001260	1958	1090	64.24	CHH
4	20354697	20354786	188	2	98.95	CG
4	20354697	20354786	123	14	89.78	CHG
4	20354697	20354786	224	314	41.64	CHH
4	20595423	20595521	64	12	84.21	CG
4	20595423	20595521	13	18	41.94	CHG
4	20595423	20595521	609	642	48.68	CHH
4	21744228	21744373	101	27	78.91	CG
4	21744228	21744373	15	20	42.86	CHG
4	21744228	21744373	563	805	41.15	CHH
4	21934032	21934221	1094	726	60.11	CHH
4	22575513	22575843	1399	1709	45.01	CHH
4	25472006	25472224	25	48	34.25	CHG
4	25472006	25472224	629	1275	33.04	CHH
4	25475165	25475574	168	0	100.00	CG
4	25475165	25475574	405	169	70.56	CHG
4	25475165	25475574	1989	1490	57.17	CHH
4	28847972	28848187	46	0	100.00	CG
4	28847972	28848187	19	9	67.86	CHG
4	28847972	28848187	678	1188	36.33	CHH
4	33881401	33881625	446	15	96.75	CG
4	33881401	33881625	408	112	78.46	CHG
4	33881401	33881625	846	725	53.85	CHH
5	490310	490462	465	8	98.31	CG
5	490310	490462	402	100	80.08	CHG
5	490310	490462	505	1040	32.69	CHH
5	1679699	1679790	671	702	48.87	CHH
5	1682378	1682979	1258	31	97.60	CG
5	1682378	1682979	919	146	86.29	CHG
5	1682378	1682979	1741	2889	37.60	CHH
5	1683133	1683258	45	19	70.31	CHG
5	1683133	1683258	694	737	48.50	CHH
5	4894101	4894252	661	588	52.92	CHH
5	5433067	5433323	129	9	93.48	CG
5	5433067	5433323	159	39	80.30	CHG
5	5433067	5433323	1451	1292	52.90	CHH
5	5754539	5754748	117	14	89.31	CG
5	5754539	5754748	64	31	67.37	CHG
5	5754539	5754748	1395	733	65.55	CHH
5	6820542	6820679	50	1	98.04	CG
5	6820542	6820679	4	19	17.39	CHG
5	6820542	6820679	472	676	41.11	CHH
5	7418842	7418942	847	548	60.72	CHH
5	10755227	10755310	174	11	94.05	CG
5	10755227	10755310	407	364	52.79	CHH
5	10919623	10920166	694	111	86.21	CG
5	10919623	10920166	141	108	56.63	CHG
5	10919623	10920166	1531	2803	35.33	CHH
5	16055566	16055752	436	8	98.20	CG
5	16055566	16055752	142	80	63.96	CHG
5	16055566	16055752	409	841	32.72	CHH
5	16055933	16056970	720	276	72.29	CG
5	16055933	16056970	705	540	56.63	CHG
5	16055933	16056970	3325	5746	36.66	CHH
5	16057231	16057477	255	101	71.63	CG
5	16057231	16057477	260	226	53.50	CHG
5	16057231	16057477	1013	1238	45.00	CHH
5	16273063	16273157	413	318	56.50	CHH
5	16311105	16311318	114	4	96.61	CG
5	16311105	16311318	134	29	82.21	CHG
5	16311105	16311318	1359	903	60.08	CHH
5	16856035	16856371	287	6	97.95	CG
5	16856035	16856371	384	36	91.43	CHG
5	16856035	16856371	1403	1374	50.52	CHH
5	17137118	17137270	55	0	100.00	CG
5	17137118	17137270	1047	513	67.12	CHH
5	17258135	17258245	47	2	95.92	CG
5	17258135	17258245	570	294	65.97	CHH
5	19716275	19716490	48	3	94.12	CG
5	19716275	19716490	13	17	43.33	CHG
5	19716275	19716490	725	1160	38.46	CHH
5	21875509	21875764	259	3	98.85	CG
5	21875509	21875764	254	24	91.37	CHG
5	21875509	21875764	1283	910	58.50	CHH
5	22000757	22000964	53	8	86.89	CHG
5	22000757	22000964	1150	478	70.64	CHH
5	22219878	22220102	1247	756	62.26	CHH
5	23987118	23987584	564	17	97.07	CG
5	23987118	23987584	854	241	77.99	CHG
5	23987118	23987584	742	3426	17.80	CHH
5	24142822	24143088	273	7	97.50	CG
5	24142822	24143088	46	65	41.44	CHG
5	24142822	24143088	1203	1359	46.96	CHH
5	24848633	24848969	133	15	89.86	CHG
5	24848633	24848969	2048	1230	62.48	CHH
5	25916465	25916630	60	11	84.51	CHG
5	25916465	25916630	913	843	51.99	CHH
6	302524	302830	74	2	97.37	CG
6	302524	302830	1799	1387	56.47	CHH
6	2377299	2377436	128	5	96.24	CG
6	2377299	2377436	29	62	31.87	CHG
6	2377299	2377436	462	594	43.75	CHH
6	2717082	2717211	779	529	59.56	CHH
6	2924454	2924561	119	3	97.54	CG
6	2924454	2924561	430	242	63.99	CHH
6	3943947	3944133	920	1195	43.50	CHH
6	5151759	5151869	930	396	70.14	CHH
6	7060562	7060710	866	453	65.66	CHH
6	8356414	8356617	1100	845	56.56	CHH
6	8927960	8928209	69	1	98.57	CG
6	8927960	8928209	358	105	77.32	CHG
6	8927960	8928209	1081	1072	50.21	CHH
6	11300952	11301165	3	41	6.82	CG
6	11300952	11301165	68	88	43.59	CHG
6	11300952	11301165	541	1235	30.46	CHH
6	19710274	19711097	636	87	87.97	CG
6	19710274	19711097	857	582	59.56	CHG
6	19710274	19711097	1774	4249	29.45	CHH
6	19711261	19711591	195	528	26.97	CG
6	19711261	19711591	110	194	36.18	CHG
6	19711261	19711591	1046	1750	37.41	CHH
6	23395298	23395797	236	9	96.33	CG
6	23395298	23395797	96	17	84.96	CHG
6	23395298	23395797	2440	2206	52.52	CHH
6	24030066	24030155	115	19	85.82	CHG
6	24030066	24030155	754	212	78.05	CHH
6	26270983	26271153	48	2	96.00	CG
6	26270983	26271153	37	11	77.08	CHG
6	26270983	26271153	997	421	70.31	CHH
6	26899910	26900127	64	2	96.97	CG
6	26899910	26900127	1072	1405	43.28	CHH
6	27022910	27023085	253	11	95.83	CG
6	27022910	27023085	525	1107	32.17	CHH
6	27804504	27805624	1186	47	96.19	CG
6	27804504	27805624	1307	487	72.85	CHG
6	27804504	27805624	3074	6694	31.47	CHH
6	28518067	28518486	146	150	49.32	CG
6	28518067	28518486	383	397	49.10	CHG
6	28518067	28518486	1238	3112	28.46	CHH
6	29399343	29399607	110	9	92.44	CG
6	29399343	29399607	51	37	57.95	CHG
6	29399343	29399607	1584	1157	57.79	CHH
6	30403805	30404034	749	1051	41.61	CHH
6	30913757	30913901	39	0	100.00	CG
6	30913757	30913901	13	9	59.09	CHG
6	30913757	30913901	603	409	59.58	CHH
7	553125	553382	37	34	52.11	CHG
7	553125	553382	833	1985	29.56	CHH
7	1581483	1581569	39	21	65.00	CHG
7	1581483	1581569	365	534	40.60	CHH
7	2236802	2236948	118	3	97.52	CG
7	2236802	2236948	28	6	82.35	CHG
7	2236802	2236948	817	576	58.65	CHH
7	2529367	2529520	1146	473	70.78	CHH
7	4348410	4348541	18	97	15.65	CG
7	4348410	4348541	23	69	25.00	CHG
7	4348410	4348541	138	628	18.02	CHH
7	4352181	4353051	2219	55	97.58	CG
7	4352181	4353051	1068	328	76.50	CHG
7	4352181	4353051	2754	4414	38.42	CHH
7	4372878	4373534	484	19	96.22	CG
7	4372878	4373534	160	76	67.80	CHG
7	4372878	4373534	1778	3224	35.55	CHH
7	5121301	5121458	88	3	96.70	CG
7	5121301	5121458	45	5	90.00	CHG
7	5121301	5121458	620	510	54.87	CHH
7	7806227	7806511	51	2	96.23	CHG
7	7806227	7806511	1974	658	75.00	CHH
7	8334119	8334358	47	27	63.51	CHG
7	8334119	8334358	1441	1137	55.90	CHH
7	15431878	15432092	158	4	97.53	CG
7	15431878	15432092	57	25	69.51	CHG
7	15431878	15432092	1251	540	69.85	CHH
7	15714618	15714815	243	6	97.59	CG
7	15714618	15714815	145	126	53.51	CHG
7	15714618	15714815	868	935	48.14	CHH
7	17790357	17790553	63	3	95.45	CG
7	17790357	17790553	134	50	72.83	CHG
7	17790357	17790553	1146	1060	51.95	CHH
7	20129015	20129222	1207	792	60.38	CHH
7	20150949	20151108	50	0	100.00	CG
7	20150949	20151108	111	15	88.10	CHG
7	20150949	20151108	774	734	51.33	CHH
7	20424851	20425235	60	1	98.36	CG
7	20424851	20425235	1368	2188	38.47	CHH
7	21311702	21311873	106	2	98.15	CG
7	21311702	21311873	144	35	80.45	CHG
7	21311702	21311873	890	541	62.19	CHH
7	22392996	22393180	228	9	96.20	CG
7	22392996	22393180	202	43	82.45	CHG
7	22392996	22393180	533	1146	31.75	CHH
7	22532503	22532689	1055	879	54.55	CHH
7	22933956	22934220	685	12	98.28	CG
7	22933956	22934220	224	105	68.09	CHG
7	22933956	22934220	841	1400	37.53	CHH
7	24616760	24617444	1041	84	92.53	CG
7	24616760	24617444	740	236	75.82	CHG
7	24616760	24617444	1940	2873	40.31	CHH
7	26258085	26258557	1078	48	95.74	CG
7	26258085	26258557	342	155	68.81	CHG
7	26258085	26258557	2232	2575	46.43	CHH
7	29243799	29244004	1394	985	58.60	CHH
7	29311074	29311344	1334	1265	51.33	CHH
7	29467990	29468204	1300	672	65.92	CHH
8	1623373	1623626	70	3	95.89	CG
8	1623373	1623626	17	19	47.22	CHG
8	1623373	1623626	1766	995	63.96	CHH
8	2431336	2431426	131	92	58.74	CG
8	2431336	2431426	22	8	73.33	CHG
8	2431336	2431426	639	535	54.43	CHH
8	3751907	3752073	430	8	98.17	CG
8	3751907	3752073	261	81	76.32	CHG
8	3751907	3752073	614	1013	37.74	CHH
8	3958363	3958508	919	679	57.51	CHH
8	5131858	5132029	100	14	87.72	CHG
8	5131858	5132029	919	847	52.04	CHH
8	5836841	5837082	170	2	98.84	CG
8	5836841	5837082	993	989	50.10	CHH
8	6753823	6754136	59	1	98.33	CG
8	6753823	6754136	150	24	86.21	CHG
8	6753823	6754136	1272	1420	47.25	CHH
8	7603360	7603612	111	3	97.37	CG
8	7603360	7603612	1109	858	56.38	CHH
8	7991786	7992320	147	553	21.00	CG
8	7991786	7992320	79	328	19.41	CHG
8	7991786	7992320	868	3626	19.31	CHH
8	8071926	8072156	309	8	97.48	CG
8	8071926	8072156	52	31	62.65	CHG
8	8071926	8072156	843	962	46.70	CHH
8	10060129	10060270	965	472	67.15	CHH
8	10886885	10887057	117	2	98.32	CG
8	10886885	10887057	5	31	13.89	CHG
8	10886885	10887057	317	1132	21.88	CHH
8	12350212	12350309	56	1	98.25	CG
8	12350212	12350309	14	12	53.85	CHG
8	12350212	12350309	407	549	42.57	CHH
8	16977330	16977737	46	1	97.87	CG
8	16977330	16977737	430	68	86.35	CHG
8	16977330	16977737	980	2158	31.23	CHH
8	18141156	18141305	774	1172	39.77	CHH
8	19423131	19423387	76	2	97.44	CG
8	19423131	19423387	23	22	51.11	CHG
8	19423131	19423387	1499	1208	55.37	CHH
8	20377385	20377714	672	13	98.10	CG
8	20377385	20377714	143	111	56.30	CHG
8	20377385	20377714	982	2043	32.46	CHH
8	20558563	20558824	52	12	81.25	CG
8	20558563	20558824	66	22	75.00	CHG
8	20558563	20558824	1174	1395	45.70	CHH
8	21654366	21654527	151	28	84.36	CG
8	21654366	21654527	132	59	69.11	CHG
8	21654366	21654527	625	386	61.82	CHH
8	21694431	21694647	453	21	95.57	CG
8	21694431	21694647	213	33	86.59	CHG
8	21694431	21694647	543	1171	31.68	CHH
8	21694977	21695213	89	197	31.12	CG
8	21694977	21695213	243	423	36.49	CHG
8	21694977	21695213	700	1432	32.83	CHH
8	22776595	22776863	61	2	96.83	CG
8	22776595	22776863	240	108	68.97	CHG
8	22776595	22776863	1340	1144	53.95	CHH
8	22948102	22948411	77	1	98.72	CG
8	22948102	22948411	1542	1785	46.35	CHH
8	23349964	23350100	132	7	94.96	CG
8	23349964	23350100	916	1049	46.62	CHH
8	24309357	24309533	28	132	17.50	CG
8	24309357	24309533	155	291	34.75	CHG
8	24309357	24309533	721	933	43.59	CHH
8	24422312	24422568	65	1	98.48	CG
8	24422312	24422568	132	46	74.16	CHG
8	24422312	24422568	1344	1274	51.34	CHH
8	24736834	24737078	564	18	96.91	CG
8	24736834	24737078	153	70	68.61	CHG
8	24736834	24737078	459	1408	24.58	CHH
8	24750449	24750953	448	19	95.93	CG
8	24750449	24750953	465	158	74.64	CHG
8	24750449	24750953	1673	3243	34.03	CHH
8	24784953	24785097	137	1	99.28	CG
8	24784953	24785097	78	16	82.98	CHG
8	24784953	24785097	649	827	43.97	CHH
8	24834030	24834325	111	6	94.87	CG
8	24834030	24834325	56	1	98.25	CHG
8	24834030	24834325	1512	1091	58.09	CHH
8	26827794	26828034	167	298	35.91	CG
8	26827794	26828034	142	200	41.52	CHG
8	26827794	26828034	685	891	43.46	CHH
8	27623734	27623958	555	19	96.69	CG
8	27623734	27623958	300	149	66.82	CHG
8	27623734	27623958	705	1447	32.76	CHH
8	28152674	28152872	1375	629	68.61	CHH
9	1254705	1254916	214	3	98.62	CG
9	1254705	1254916	15	20	42.86	CHG
9	1254705	1254916	470	661	41.56	CHH
9	1884036	1884200	1028	1098	48.35	CHH
9	3634113	3634220	44	2	95.65	CHG
9	3634113	3634220	514	458	52.88	CHH
9	4570159	4570785	865	19	97.85	CG
9	4570159	4570785	868	140	86.11	CHG
9	4570159	4570785	2612	2563	50.47	CHH
9	7158967	7159348	85	96	46.96	CG
9	7158967	7159348	87	194	30.96	CHG
9	7158967	7159348	911	1659	35.45	CHH
9	10378957	10379055	316	13	96.05	CG
9	10378957	10379055	169	136	55.41	CHG
9	10378957	10379055	285	628	31.22	CHH
9	10754150	10754480	67	3	95.71	CG
9	10754150	10754480	113	28	80.14	CHG
9	10754150	10754480	2401	1498	61.58	CHH
9	11037393	11037551	909	995	47.74	CHH
9	12623164	12623411	203	730	21.76	CG
9	12623164	12623411	183	340	34.99	CHG
9	12623164	12623411	565	977	36.64	CHH
9	14633566	14633811	360	13	96.51	CG
9	14633566	14633811	231	45	83.70	CHG
9	14633566	14633811	1571	802	66.20	CHH
9	16663866	16664244	426	87	83.04	CG
9	16663866	16664244	296	453	39.52	CHG
9	16663866	16664244	1102	2615	29.65	CHH
9	17420619	17420974	79	2	97.53	CG
9	17420619	17420974	190	49	79.50	CHG
9	17420619	17420974	503	1837	21.50	CHH
10	368179	368447	79	26	75.24	CHG
10	368179	368447	1010	1976	33.82	CHH
10	404795	404929	376	10	97.41	CG
10	404795	404929	33	30	52.38	CHG
10	404795	404929	500	682	42.30	CHH
10	2576261	2576420	972	854	53.23	CHH
10	3444619	3445144	236	283	45.47	CG
10	3444619	3445144	318	367	46.42	CHG
10	3444619	3445144	1202	2797	30.06	CHH
10	5928588	5929269	1099	21	98.12	CG
10	5928588	5929269	1146	324	77.96	CHG
10	5928588	5929269	1777	4345	29.03	CHH
10	5932050	5932316	206	132	60.95	CG
10	5932050	5932316	262	261	50.10	CHG
10	5932050	5932316	881	1317	40.08	CHH
10	5932722	5933353	168	851	16.49	CG
10	5932722	5933353	230	594	27.91	CHG
10	5932722	5933353	1651	3244	33.73	CHH
10	7535391	7535626	506	936	35.09	CHH
10	8506073	8506152	90	48	65.22	CG
10	8506073	8506152	550	276	66.59	CHH
10	9497876	9498140	304	7	97.75	CG
10	9497876	9498140	44	34	56.41	CHG
10	9497876	9498140	1757	1231	58.80	CHH
10	11922949	11923127	41	2	95.35	CG
10	11922949	11923127	94	17	84.68	CHG
10	11922949	11923127	804	801	50.09	CHH
10	12206026	12206233	49	3	94.23	CG
10	12206026	12206233	20	23	46.51	CHG
10	12206026	12206233	1197	1137	51.29	CHH
10	16003795	16003950	18	38	32.14	CG
10	16003795	16003950	87	309	21.97	CHG
10	16003795	16003950	299	1086	21.59	CHH
10	16208913	16209034	67	4	94.37	CG
10	16208913	16209034	96	15	86.49	CHG
10	16208913	16209034	1087	319	77.31	CHH
10	17033161	17033405	677	28	96.03	CG
10	17033161	17033405	193	55	77.82	CHG
10	17033161	17033405	907	834	52.10	CHH
10	18046108	18046282	1189	520	69.57	CHH
10	18632472	18632641	769	847	47.59	CHH
10	19698082	19698409	125	5	96.15	CG
10	19698082	19698409	175	11	94.09	CHG
10	19698082	19698409	1836	1544	54.32	CHH
10	21827999	21828272	59	47	55.66	CHG
10	21827999	21828272	1415	1333	51.49	CHH
10	22689536	22689741	1287	739	63.52	CHH
11	1200546	1200636	54	3	94.74	CG
11	1200546	1200636	54	3	94.74	CHG
11	1200546	1200636	603	596	50.29	CHH
11	1713742	1714360	885	9	98.99	CG
11	1713742	1714360	635	98	86.63	CHG
11	1713742	1714360	3273	2461	57.08	CHH
11	1932470	1932979	45	1	97.83	CG
11	1932470	1932979	139	46	75.14	CHG
11	1932470	1932979	2405	2162	52.66	CHH
11	2378673	2378944	220	10	95.65	CG
11	2378673	2378944	18	37	32.73	CHG
11	2378673	2378944	1315	855	60.60	CHH
11	3230260	3231106	1370	78	94.61	CG
11	3230260	3231106	791	291	73.11	CHG
11	3230260	3231106	2334	3303	41.41	CHH
11	3232048	3232407	268	224	54.47	CG
11	3232048	3232407	438	237	64.89	CHG
11	3232048	3232407	1019	782	56.58	CHH
11	7333753	7333946	124	5	96.12	CG
11	7333753	7333946	284	130	68.60	CHG
11	7333753	7333946	634	1168	35.18	CHH
11	7589703	7589963	60	1	98.36	CG
11	7589703	7589963	55	3	94.83	CHG
11	7589703	7589963	1329	774	63.20	CHH
11	7735116	7735554	451	15	96.78	CG
11	7735116	7735554	124	96	56.36	CHG
11	7735116	7735554	1103	2572	30.01	CHH
11	7735709	7735929	256	6	97.71	CG
11	7735709	7735929	144	176	45.00	CHG
11	7735709	7735929	398	1540	20.54	CHH
11	9151816	9151968	32	22	59.26	CHG
11	9151816	9151968	631	924	40.58	CHH
11	11787143	11787246	875	552	61.32	CHH
11	16339318	16339504	331	4	98.81	CG
11	16339318	16339504	24	41	36.92	CHG
11	16339318	16339504	905	749	54.72	CHH
11	16884445	16884740	139	5	96.53	CG
11	16884445	16884740	2176	1185	64.74	CHH
11	18415594	18415828	63	1	98.44	CG
11	18415594	18415828	1392	1918	42.05	CHH
11	19255500	19255806	260	490	34.67	CG
11	19255500	19255806	231	265	46.57	CHG
11	19255500	19255806	1084	2162	33.39	CHH
11	19817539	19817761	27	19	58.70	CHG
11	19817539	19817761	786	494	61.41	CHH
11	21255747	21256111	425	8	98.15	CG
11	21255747	21256111	613	69	89.88	CHG
11	21255747	21256111	1239	1628	43.22	CHH
11	22039593	22039763	118	19	86.13	CHG
11	22039593	22039763	1163	766	60.29	CHH
11	24851409	24851658	426	9	97.93	CG
11	24851409	24851658	515	25	95.37	CHG
11	24851409	24851658	875	1281	40.58	CHH
11	24991462	24991590	56	3	94.92	CG
11	24991462	24991590	162	74	68.64	CHG
11	24991462	24991590	602	402	59.96	CHH
11	25110396	25110624	128	4	96.97	CG
11	25110396	25110624	17	10	62.96	CHG
11	25110396	25110624	1044	1232	45.87	CHH
11	25586084	25586542	310	11	96.57	CG
11	25586084	25586542	337	41	89.15	CHG
11	25586084	25586542	1452	3676	28.32	CHH
11	25784649	25784892	88	2	97.78	CG
11	25784649	25784892	152	44	77.55	CHG
11	25784649	25784892	1097	1369	44.48	CHH
11	25810584	25810761	47	11	81.03	CHG
11	25810584	25810761	818	893	47.81	CHH
11	25853608	25853790	60	2	96.77	CG
11	25853608	25853790	957	1150	45.42	CHH
11	27017949	27019131	1199	30	97.56	CG
11	27017949	27019131	1540	528	74.47	CHG
11	27017949	27019131	2299	6753	25.40	CHH
11	28181129	28181426	78	1	98.73	CG
11	28181129	28181426	762	956	44.35	CHH
12	217168	217301	124	4	96.88	CG
12	217168	217301	54	8	87.10	CHG
12	217168	217301	1022	408	71.47	CHH
12	552916	553122	945	1539	38.04	CHH
12	793700	793972	52	4	92.86	CHG
12	793700	793972	1951	1040	65.23	CHH
12	1049649	1049822	1239	571	68.45	CHH
12	1548545	1548692	104	25	80.62	CHG
12	1548545	1548692	759	528	58.97	CHH
12	1801896	1802216	155	32	82.89	CG
12	1801896	1802216	276	62	81.66	CHG
12	1801896	1802216	1327	1731	43.39	CHH
12	2466366	2466538	92	12	88.46	CHG
12	2466366	2466538	969	1076	47.38	CHH
12	4912586	4913038	1117	18	98.41	CG
12	4912586	4913038	794	252	75.91	CHG
12	4912586	4913038	1318	2764	32.29	CHH
12	4914308	4915910	1012	36	96.56	CG
12	4914308	4915910	2020	609	76.84	CHG
12	4914308	4915910	4574	10693	29.96	CHH
12	7849278	7849532	370	10	97.37	CG
12	7849278	7849532	26	11	70.27	CHG
12	7849278	7849532	923	1387	39.96	CHH
12	10927998	10928435	53	2	96.36	CG
12	10927998	10928435	73	121	37.63	CHG
12	10927998	10928435	1022	3256	23.89	CHH
12	12440435	12440631	518	185	73.68	CG
12	12440435	12440631	168	170	49.70	CHG
12	12440435	12440631	660	933	41.43	CHH
12	12966688	12966790	787	477	62.26	CHH
12	15202347	15202507	129	0	100.00	CG
12	15202347	15202507	48	14	77.42	CHG
12	15202347	15202507	479	714	40.15	CHH
12	17986589	17987047	281	8	97.23	CG
12	17986589	17987047	389	58	87.02	CHG
12	17986589	17987047	1750	2366	42.52	CHH
12	18392307	18392790	509	260	66.19	CG
12	18392307	18392790	400	566	41.41	CHG
12	18392307	18392790	957	3079	23.71	CHH
12	18396226	18396329	57	53	51.82	CG
12	18396226	18396329	53	64	45.30	CHG
12	18396226	18396329	241	444	35.18	CHH
12	18396524	18396891	226	129	63.66	CG
12	18396524	18396891	280	268	51.09	CHG
12	18396524	18396891	1039	2068	33.44	CHH
12	18936325	18936741	780	20	97.50	CG
12	18936325	18936741	172	84	67.19	CHG
12	18936325	18936741	1591	2134	42.71	CHH
12	19156150	19156313	62	1	98.41	CG
12	19156150	19156313	187	10	94.92	CHG
12	19156150	19156313	1138	409	73.56	CHH
12	21831911	21832012	265	675	28.19	CHH
12	22451242	22451490	25	43	36.76	CHG
12	22451242	22451490	1680	1128	59.83	CHH
12	22503691	22503984	220	5	97.78	CG
12	22503691	22503984	147	33	81.67	CHG
12	22503691	22503984	1015	923	52.37	CHH
12	23090136	23090406	65	3	95.59	CG
12	23090136	23090406	1618	1382	53.93	CHH
12	23253874	23254115	127	4	96.95	CG
12	23253874	23254115	21	40	34.43	CHG
12	23253874	23254115	944	1080	46.64	CHH
12	23419385	23419484	49	6	89.09	CG
12	23419385	23419484	496	298	62.47	CHH
12	23569460	23569549	188	5	97.41	CG
12	23569460	23569549	60	5	92.31	CHG
12	23569460	23569549	492	416	54.19	CHH
12	24728935	24729264	158	153	50.80	CG
12	24728935	24729264	357	209	63.07	CHG
12	24728935	24729264	1066	1224	46.55	CHH
12	24730816	24731578	607	23	96.35	CG
12	24730816	24731578	1031	106	90.68	CHG
12	24730816	24731578	3127	2031	60.62	CHH
12	24732874	24733231	573	23	96.14	CG
12	24732874	24733231	392	160	71.01	CHG
12	24732874	24733231	759	1718	30.64	CHH
12	25285613	25285813	67	0	100.00	CG
12	25285613	25285813	1019	1082	48.50	CHH
1	1349307	1349537	54	2	96.43	CHG
1	1349307	1349537	827	1201	40.78	CHH
1	10432345	10432562	573	590	49.27	CG
1	10432345	10432562	239	354	40.30	CHG
1	10432345	10432562	661	661	50.00	CHH
1	38517320	38517498	60	2	96.77	CG
1	38517320	38517498	67	25	72.83	CHG
1	38517320	38517498	1061	806	56.83	CHH
1	41145044	41145188	813	690	54.09	CHH
2	5521685	5521830	93	6	93.94	CHG
2	5521685	5521830	1067	298	78.17	CHH
3	8015940	8016118	900	1181	43.25	CHH
3	27785308	27785617	51	4	92.73	CG
3	27785308	27785617	1608	968	62.42	CHH
4	21962681	21962889	166	2	98.81	CG
4	21962681	21962889	111	27	80.43	CHG
4	21962681	21962889	814	945	46.28	CHH
4	26530153	26530244	327	578	36.13	CHH
6	7381595	7382197	683	844	44.73	CG
6	7381595	7382197	683	851	44.52	CHG
6	7381595	7382197	1441	3316	30.29	CHH
6	14809518	14809915	211	5	97.69	CG
6	14809518	14809915	212	102	67.52	CHG
6	14809518	14809915	1603	1779	47.40	CHH
7	17099241	17099723	66	7	90.41	CHG
7	17099241	17099723	3615	1730	67.63	CHH
8	26441035	26441114	69	40	63.30	CHG
8	26441035	26441114	471	314	60.00	CHH
9	3933418	3933532	62	0	100.00	CG
9	3933418	3933532	59	4	93.65	CHG
9	3933418	3933532	728	341	68.10	CHH
9	16215726	16215834	553	618	47.22	CHH
10	15011394	15011890	585	47	92.56	CG
10	15011394	15011890	247	158	60.99	CHG
10	15011394	15011890	1534	1810	45.87	CHH
10	19941399	19941637	67	3	95.71	CG
10	19941399	19941637	944	1280	42.45	CHH
12	24432087	24432276	584	1218	32.41	CHH
1	301401	301650	201	4	98.05	CG
1	301401	301650	71	48	59.66	CHG
1	301401	301650	1639	764	68.21	CHH
1	9436239	9436734	568	682	45.44	CG
1	9436239	9436734	456	758	37.56	CHG
1	9436239	9436734	903	1761	33.90	CHH
1	12143360	12144098	868	20	97.75	CG
1	12143360	12144098	683	265	72.05	CHG
1	12143360	12144098	1857	4848	27.70	CHH
1	23765099	23765215	51	235	17.83	CG
1	23765099	23765215	104	137	43.15	CHG
1	23765099	23765215	376	577	39.45	CHH
1	26638981	26639111	51	2	96.23	CG
1	26638981	26639111	94	18	83.93	CHG
1	26638981	26639111	404	727	35.72	CHH
1	28181036	28181173	47	12	79.66	CG
1	28181036	28181173	61	55	52.59	CHG
1	28181036	28181173	648	714	47.58	CHH
1	29055629	29055854	205	95	68.33	CG
1	29055629	29055854	171	184	48.17	CHG
1	29055629	29055854	790	1138	40.98	CHH
1	31589315	31589440	547	983	35.75	CHH
1	33209708	33209844	65	2	97.01	CG
1	33209708	33209844	8	18	30.77	CHG
1	33209708	33209844	381	896	29.84	CHH
1	37056464	37056585	98	22	81.67	CHG
1	37056464	37056585	548	626	46.68	CHH
1	38496092	38496280	268	9	96.75	CG
1	38496092	38496280	50	48	51.02	CHG
1	38496092	38496280	916	1145	44.44	CHH
1	38671419	38671601	164	5	97.04	CG
1	38671419	38671601	888	697	56.03	CHH
1	40617610	40617749	183	496	26.95	CHG
1	40617610	40617749	399	856	31.79	CHH
1	41890335	41890557	57	3	95.00	CG
1	41890335	41890557	335	129	72.20	CHG
1	41890335	41890557	996	894	52.70	CHH
1	42408453	42409215	1563	25	98.43	CG
1	42408453	42409215	1068	260	80.42	CHG
1	42408453	42409215	1961	3352	36.91	CHH
2	4648186	4648420	172	2	98.85	CG
2	4648186	4648420	78	21	78.79	CHG
2	4648186	4648420	944	1109	45.98	CHH
2	7605117	7605555	131	2	98.50	CG
2	7605117	7605555	117	15	88.64	CHG
2	7605117	7605555	1514	3340	31.19	CHH
2	12582950	12583307	219	8	96.48	CG
2	12582950	12583307	93	24	79.49	CHG
2	12582950	12583307	989	2518	28.20	CHH
2	15589940	15590192	64	1	98.46	CG
2	15589940	15590192	363	151	70.62	CHG
2	15589940	15590192	1576	944	62.54	CHH
2	25342968	25343092	55	0	100.00	CG
2	25342968	25343092	45	15	75.00	CHG
2	25342968	25343092	404	733	35.53	CHH
2	28230238	28230572	299	31	90.61	CHG
2	28230238	28230572	1310	2217	37.14	CHH
2	28787543	28787788	171	5	97.16	CG
2	28787543	28787788	58	30	65.91	CHG
2	28787543	28787788	907	1100	45.19	CHH
2	29123726	29123981	790	1665	32.18	CHH
2	31639383	31639502	66	3	95.65	CG
2	31639383	31639502	776	497	60.96	CHH
2	32251509	32251649	58	1	98.31	CHG
2	32251509	32251649	863	467	64.89	CHH
2	33849781	33850113	328	18	94.80	CG
2	33849781	33850113	210	66	76.09	CHG
2	33849781	33850113	823	2483	24.89	CHH
2	34582792	34582911	53	5	91.38	CHG
2	34582792	34582911	865	452	65.68	CHH
3	3169366	3169453	430	643	40.07	CHH
3	6047207	6047392	141	8	94.63	CG
3	6047207	6047392	41	37	52.56	CHG
3	6047207	6047392	1445	1169	55.28	CHH
3	12710378	12710636	499	34	93.62	CG
3	12710378	12710636	152	42	78.35	CHG
3	12710378	12710636	932	1313	41.51	CHH
3	15103668	15103782	68	1	98.55	CHG
3	15103668	15103782	567	814	41.06	CHH
3	15613686	15613799	51	133	27.72	CG
3	15613686	15613799	57	125	31.32	CHG
3	15613686	15613799	377	444	45.92	CHH
3	16776362	16776567	815	1310	38.35	CHH
3	16791092	16791367	521	14	97.38	CG
3	16791092	16791367	165	79	67.62	CHG
3	16791092	16791367	791	1306	37.72	CHH
3	16792013	16792301	184	21	89.76	CG
3	16792013	16792301	253	41	86.05	CHG
3	16792013	16792301	968	2598	27.15	CHH
3	17916587	17916910	235	20	92.16	CG
3	17916587	17916910	55	8	87.30	CHG
3	17916587	17916910	936	1359	40.78	CHH
3	20725201	20725339	49	1	98.00	CG
3	20725201	20725339	44	4	91.67	CHG
3	20725201	20725339	581	577	50.17	CHH
3	24601757	24601980	108	8	93.10	CG
3	24601757	24601980	302	78	79.47	CHG
3	24601757	24601980	650	1468	30.69	CHH
3	27436719	27436866	57	3	95.00	CHG
3	27436719	27436866	388	808	32.44	CHH
3	27617928	27618015	76	114	40.00	CG
3	27617928	27618015	74	52	58.73	CHG
3	27617928	27618015	437	289	60.19	CHH
3	27618313	27618751	206	50	80.47	CG
3	27618313	27618751	341	345	49.71	CHG
3	27618313	27618751	1017	2579	28.28	CHH
3	29591935	29592097	64	4	94.12	CG
3	29591935	29592097	13	23	36.11	CHG
3	29591935	29592097	680	1095	38.31	CHH
3	31089191	31090510	2931	54	98.19	CG
3	31089191	31090510	2138	318	87.05	CHG
3	31089191	31090510	3561	5667	38.59	CHH
3	32110687	32111197	966	45	95.55	CG
3	32110687	32111197	620	204	75.24	CHG
3	32110687	32111197	2069	2003	50.81	CHH
4	4915709	4916399	1447	43	97.11	CG
4	4915709	4916399	738	139	84.15	CHG
4	4915709	4916399	2274	3640	38.45	CHH
4	7381268	7381662	159	12	92.98	CG
4	7381268	7381662	295	75	79.73	CHG
4	7381268	7381662	1196	2119	36.08	CHH
4	7888722	7888904	123	5	96.09	CG
4	7888722	7888904	66	2	97.06	CHG
4	7888722	7888904	1124	690	61.96	CHH
4	24127511	24127670	154	6	96.25	CG
4	24127511	24127670	61	5	92.42	CHG
4	24127511	24127670	1058	709	59.88	CHH
4	25426804	25426964	25	25	50.00	CHG
4	25426804	25426964	595	1096	35.19	CHH
4	25457672	25458128	1072	30	97.28	CG
4	25457672	25458128	286	143	66.67	CHG
4	25457672	25458128	1678	3273	33.89	CHH
4	27630370	27630458	522	548	48.79	CHH
4	27903713	27903888	534	940	36.23	CHH
4	29191225	29191443	69	0	100.00	CG
4	29191225	29191443	105	64	62.13	CHG
4	29191225	29191443	892	1405	38.83	CHH
4	30022367	30022520	146	5	96.69	CG
4	30022367	30022520	1218	852	58.84	CHH
4	32693175	32693646	1143	42	96.46	CG
4	32693175	32693646	855	201	80.97	CHG
4	32693175	32693646	1428	2860	33.30	CHH
4	33655119	33655383	258	7	97.36	CG
4	33655119	33655383	948	1652	36.46	CHH
5	2851958	2852160	955	1255	43.21	CHH
5	4829525	4830108	258	15	94.51	CG
5	4829525	4830108	147	35	80.77	CHG
5	4829525	4830108	1653	3958	29.46	CHH
5	7972537	7972780	66	2	97.06	CG
5	7972537	7972780	45	16	73.77	CHG
5	7972537	7972780	1910	1009	65.43	CHH
5	10920468	10920712	145	4	97.32	CG
5	10920468	10920712	87	74	54.04	CHG
5	10920468	10920712	620	1423	30.35	CHH
5	17317435	17317693	103	1	99.04	CG
5	17317435	17317693	157	28	84.86	CHG
5	17317435	17317693	1438	762	65.36	CHH
5	21464548	21464805	1527	1294	54.13	CHH
5	22429520	22429752	123	2	98.40	CG
5	22429520	22429752	72	19	79.12	CHG
5	22429520	22429752	1261	965	56.65	CHH
5	22973734	22973969	827	1162	41.58	CHH
5	26950841	26950938	79	1	98.75	CG
5	26950841	26950938	697	621	52.88	CHH
6	4186290	4186414	460	812	36.16	CHH
6	6081368	6081698	127	735	14.73	CG
6	6081368	6081698	80	307	20.67	CHG
6	6081368	6081698	690	2734	20.15	CHH
6	9469938	9470183	1286	1143	52.94	CHH
6	11305250	11305430	42	246	14.58	CG
6	11305250	11305430	9	39	18.75	CHG
6	11305250	11305430	454	980	31.66	CHH
6	13738650	13738842	98	14	87.50	CG
6	13738650	13738842	59	193	23.41	CHG
6	13738650	13738842	337	1236	21.42	CHH
6	20384125	20384463	62	303	16.99	CG
6	20384125	20384463	169	340	33.20	CHG
6	20384125	20384463	845	2129	28.41	CHH
6	24282820	24282990	118	5	95.93	CHG
6	24282820	24282990	1415	781	64.44	CHH
6	25073298	25073513	106	3	97.25	CG
6	25073298	25073513	78	63	55.32	CHG
6	25073298	25073513	791	955	45.30	CHH
6	30191023	30191331	273	9	96.81	CG
6	30191023	30191331	496	60	89.21	CHG
6	30191023	30191331	1376	1478	48.21	CHH
7	999031	999589	101	227	30.79	CG
7	999031	999589	372	777	32.38	CHG
7	999031	999589	1394	3940	26.13	CHH
7	3169312	3169590	38	20	65.52	CHG
7	3169312	3169590	1734	1188	59.34	CHH
7	3739834	3740067	166	5	97.08	CG
7	3739834	3740067	85	26	76.58	CHG
7	3739834	3740067	1137	1045	52.11	CHH
7	18712663	18712940	690	2092	24.80	CHH
7	24811648	24811977	60	0	100.00	CG
7	24811648	24811977	55	9	85.94	CHG
7	24811648	24811977	1762	1538	53.39	CHH
8	1575049	1575210	698	972	41.80	CHH
8	3073639	3073816	50	61	45.05	CG
8	3073639	3073816	173	173	50.00	CHG
8	3073639	3073816	643	890	41.94	CHH
8	3388417	3388667	115	3	97.46	CG
8	3388417	3388667	90	33	73.17	CHG
8	3388417	3388667	1745	799	68.59	CHH
8	5321619	5321826	47	1	97.92	CG
8	5321619	5321826	18	4	81.82	CHG
8	5321619	5321826	1532	722	67.97	CHH
8	5680035	5680214	126	3	97.67	CG
8	5680035	5680214	132	4	97.06	CHG
8	5680035	5680214	937	1300	41.89	CHH
8	5778017	5778213	67	288	18.87	CG
8	5778017	5778213	62	107	36.69	CHG
8	5778017	5778213	253	380	39.97	CHH
8	6111458	6111746	282	14	95.27	CG
8	6111458	6111746	188	103	64.60	CHG
8	6111458	6111746	864	1965	30.54	CHH
8	11782944	11783090	91	14	86.67	CHG
8	11782944	11783090	749	874	46.15	CHH
8	15503593	15503835	61	4	93.85	CG
8	15503593	15503835	1528	872	63.67	CHH
8	16978203	16978683	121	2	98.37	CG
8	16978203	16978683	548	168	76.54	CHG
8	16978203	16978683	898	3550	20.19	CHH
8	20980680	20981040	173	875	16.51	CG
8	20980680	20981040	307	841	26.74	CHG
8	20980680	20981040	613	1961	23.82	CHH
8	21691415	21691967	411	24	94.48	CG
8	21691415	21691967	393	107	78.60	CHG
8	21691415	21691967	1700	3917	30.27	CHH
8	23488434	23488729	334	18	94.89	CG
8	23488434	23488729	153	56	73.21	CHG
8	23488434	23488729	965	1833	34.49	CHH
8	24768225	24768508	148	75	66.37	CG
8	24768225	24768508	114	241	32.11	CHG
8	24768225	24768508	754	2651	22.14	CHH
8	26169264	26169435	352	17	95.39	CG
8	26169264	26169435	67	18	78.82	CHG
8	26169264	26169435	726	468	60.80	CHH
8	28409753	28410078	105	1	99.06	CG
8	28409753	28410078	167	10	94.35	CHG
8	28409753	28410078	1645	1508	52.17	CHH
9	16086094	16086273	90	19	82.57	CG
9	16086094	16086273	47	33	58.75	CHG
9	16086094	16086273	670	1338	33.37	CHH
10	11192936	11193103	105	4	96.33	CG
10	11192936	11193103	56	52	51.85	CHG
10	11192936	11193103	936	993	48.52	CHH
10	13147744	13147963	287	8	97.29	CG
10	13147744	13147963	120	26	82.19	CHG
10	13147744	13147963	1079	1523	41.47	CHH
10	15870323	15870605	70	5	93.33	CG
10	15870323	15870605	180	145	55.38	CHG
10	15870323	15870605	583	772	43.03	CHH
10	18561922	18562175	385	8	97.96	CG
10	18561922	18562175	530	125	80.92	CHG
10	18561922	18562175	1085	1411	43.47	CHH
10	20762313	20762534	28	287	8.89	CG
10	20762313	20762534	89	563	13.65	CHG
10	20762313	20762534	289	1806	13.79	CHH
11	5554822	5555192	120	1	99.17	CG
11	5554822	5555192	537	47	91.95	CHG
11	5554822	5555192	2040	1251	61.99	CHH
11	7332863	7333120	113	4	96.58	CG
11	7332863	7333120	67	40	62.62	CHG
11	7332863	7333120	988	949	51.01	CHH
11	8045721	8046006	637	166	79.33	CG
11	8045721	8046006	76	164	31.67	CHG
11	8045721	8046006	652	2364	21.62	CHH
11	14005572	14005699	520	819	38.83	CHH
11	14311549	14311878	689	17	97.59	CG
11	14311549	14311878	256	48	84.21	CHG
11	14311549	14311878	1410	1704	45.28	CHH
11	16979978	16980123	66	0	100.00	CG
11	16979978	16980123	402	1163	25.69	CHH
11	21412886	21413094	474	25	94.99	CG
11	21412886	21413094	188	201	48.33	CHG
11	21412886	21413094	554	1205	31.50	CHH
11	24387545	24387850	265	6	97.79	CG
11	24387545	24387850	458	284	61.73	CHG
11	24387545	24387850	550	2052	21.14	CHH
11	27017648	27017782	60	2	96.77	CG
11	27017648	27017782	65	21	75.58	CHG
11	27017648	27017782	475	747	38.87	CHH
11	27682635	27683583	2242	32	98.59	CG
11	27682635	27683583	1560	333	82.41	CHG
11	27682635	27683583	2747	4197	39.56	CHH
12	961100	961336	109	5	95.61	CG
12	961100	961336	320	190	62.75	CHG
12	961100	961336	716	1104	39.34	CHH
12	21483416	21483688	185	4	97.88	CG
12	21483416	21483688	380	30	92.68	CHG
12	21483416	21483688	870	2674	24.55	CHH
12	22462835	22463098	22	208	9.57	CG
12	22462835	22463098	112	262	29.95	CHG
12	22462835	22463098	892	1292	40.84	CHH
12	25690213	25690552	318	106	75.00	CG
12	25690213	25690552	85	184	31.60	CHG
12	25690213	25690552	562	2017	21.79	CHH
