1	1377440	1378052	207	9	95.83	CG
1	1377440	1378052	236	80	74.68	CHG
1	1377440	1378052	3087	2924	51.36	CHH
1	1788440	1788928	472	7	98.54	CG
1	1788440	1788928	15	24	38.46	CHG
1	1788440	1788928	2091	2966	41.35	CHH
1	2260684	2260758	541	236	69.63	CHH
1	2522960	2523166	588	18	97.03	CG
1	2522960	2523166	105	88	54.40	CHG
1	2522960	2523166	1076	1789	37.56	CHH
1	2556818	2558266	5462	111	98.01	CG
1	2556818	2558266	3579	513	87.46	CHG
1	2556818	2558266	6051	6571	47.94	CHH
1	9039676	9042883	4019	70	98.29	CG
1	9039676	9042883	3892	256	93.83	CHG
1	9039676	9042883	19430	10395	65.15	CHH
1	9437012	9437784	1136	23	98.02	CG
1	9437012	9437784	946	69	93.20	CHG
1	9437012	9437784	3266	2407	57.57	CHH
1	9767360	9767454	44	1	97.78	CG
1	9767360	9767454	36	8	81.82	CHG
1	9767360	9767454	477	262	64.55	CHH
1	10834154	10834494	55	18	75.34	CHG
1	10834154	10834494	1662	1672	49.85	CHH
1	10925172	10926295	2149	85	96.20	CG
1	10925172	10926295	1706	366	82.34	CHG
1	10925172	10926295	4705	5184	47.58	CHH
1	10926897	10927718	2751	122	95.75	CG
1	10926897	10927718	2583	445	85.30	CHG
1	10926897	10927718	2485	4464	35.76	CHH
1	11360960	11364336	5386	166	97.01	CG
1	11360960	11364336	4461	846	84.06	CHG
1	11360960	11364336	17632	15153	53.78	CHH
1	11470931	11471326	609	88	87.37	CG
1	11470931	11471326	373	90	80.56	CHG
1	11470931	11471326	1744	2352	42.58	CHH
1	11471508	11474133	2328	64	97.32	CG
1	11471508	11474133	4268	615	87.41	CHG
1	11471508	11474133	10557	11872	47.07	CHH
1	14333472	14335930	5725	127	97.83	CG
1	14333472	14335930	3421	649	84.05	CHG
1	14333472	14335930	10775	10192	51.39	CHH
1	14336094	14337863	2844	82	97.20	CG
1	14336094	14337863	2896	292	90.84	CHG
1	14336094	14337863	9313	7080	56.81	CHH
1	14338097	14339310	2110	71	96.74	CG
1	14338097	14339310	1110	205	84.41	CHG
1	14338097	14339310	5146	4635	52.61	CHH
1	14358588	14358799	147	5	96.71	CG
1	14358588	14358799	156	31	83.42	CHG
1	14358588	14358799	1527	651	70.11	CHH
1	14961883	14962784	1337	989	57.48	CG
1	14961883	14962784	866	953	47.61	CHG
1	14961883	14962784	2790	4927	36.15	CHH
1	16709412	16710638	2816	55	98.08	CG
1	16709412	16710638	1864	399	82.37	CHG
1	16709412	16710638	4863	4707	50.82	CHH
1	20811098	20811408	160	198	44.69	CG
1	20811098	20811408	264	208	55.93	CHG
1	20811098	20811408	1065	1280	45.42	CHH
1	24162719	24162945	1115	942	54.21	CHH
1	25253730	25254035	258	431	37.45	CG
1	25253730	25254035	136	209	39.42	CHG
1	25253730	25254035	1307	2007	39.44	CHH
1	25313000	25313256	286	529	35.09	CG
1	25313000	25313256	384	246	60.95	CHG
1	25313000	25313256	1127	1005	52.86	CHH
1	28200381	28201852	1452	24	98.37	CG
1	28200381	28201852	1429	219	86.71	CHG
1	28200381	28201852	7373	5686	56.46	CHH
1	28202027	28203259	1466	28	98.13	CG
1	28202027	28203259	1164	142	89.13	CHG
1	28202027	28203259	5204	6220	45.55	CHH
1	28212608	28214734	3036	73	97.65	CG
1	28212608	28214734	2033	238	89.52	CHG
1	28212608	28214734	8586	12300	41.11	CHH
1	30431887	30432457	645	12	98.17	CG
1	30431887	30432457	134	66	67.00	CHG
1	30431887	30432457	3025	2507	54.68	CHH
1	30810046	30810702	966	301	76.24	CG
1	30810046	30810702	238	220	51.97	CHG
1	30810046	30810702	2723	4205	39.30	CHH
1	35537016	35537182	790	865	47.73	CHH
1	40395626	40395876	70	0	100.00	CG
1	40395626	40395876	1678	1030	61.96	CHH
1	41155306	41155562	19	50	27.54	CHG
1	41155306	41155562	1769	998	63.93	CHH
2	1869793	1870778	2539	39	98.49	CG
2	1869793	1870778	1978	389	83.57	CHG
2	1869793	1870778	3860	4993	43.60	CHH
2	2040558	2041143	858	20	97.72	CG
2	2040558	2041143	742	69	91.49	CHG
2	2040558	2041143	2847	2494	53.30	CHH
2	3701574	3702250	468	61	88.47	CG
2	3701574	3702250	401	348	53.54	CHG
2	3701574	3702250	2415	4056	37.32	CHH
2	4194209	4194385	106	17	86.18	CHG
2	4194209	4194385	1263	841	60.03	CHH
2	4947306	4947538	63	1	98.44	CG
2	4947306	4947538	1042	925	52.97	CHH
2	5499042	5499299	441	6	98.66	CG
2	5499042	5499299	253	26	90.68	CHG
2	5499042	5499299	782	1363	36.46	CHH
2	5902991	5906606	4260	215	95.20	CG
2	5902991	5906606	6412	1513	80.91	CHG
2	5902991	5906606	18078	14608	55.31	CHH
2	6762287	6762792	433	10	97.74	CG
2	6762287	6762792	428	127	77.12	CHG
2	6762287	6762792	1522	3685	29.23	CHH
2	6796212	6796945	373	1096	25.39	CG
2	6796212	6796945	672	808	45.41	CHG
2	6796212	6796945	2630	3083	46.04	CHH
2	6797386	6798332	1234	230	84.29	CG
2	6797386	6798332	1034	387	72.77	CHG
2	6797386	6798332	4409	4003	52.41	CHH
2	7606176	7607483	1092	25	97.76	CG
2	7606176	7607483	972	281	77.57	CHG
2	7606176	7607483	5036	9684	34.21	CHH
2	7607731	7609075	1748	576	75.22	CG
2	7607731	7609075	1022	586	63.56	CHG
2	7607731	7609075	5940	7101	45.55	CHH
2	8343974	8344975	1311	35	97.40	CG
2	8343974	8344975	1095	131	89.31	CHG
2	8343974	8344975	4246	5496	43.58	CHH
2	8345745	8345938	303	4	98.70	CG
2	8345745	8345938	159	135	54.08	CHG
2	8345745	8345938	720	1818	28.37	CHH
2	12333889	12333999	117	4	96.69	CG
2	12333889	12333999	84	41	67.20	CHG
2	12333889	12333999	598	451	57.01	CHH
2	13583003	13585128	2007	46	97.76	CG
2	13583003	13585128	4181	433	90.62	CHG
2	13583003	13585128	8840	11297	43.90	CHH
2	13872268	13872613	132	290	31.28	CG
2	13872268	13872613	186	468	28.44	CHG
2	13872268	13872613	1376	2169	38.82	CHH
2	19469869	19471775	4697	521	90.02	CG
2	19469869	19471775	2807	1015	73.44	CHG
2	19469869	19471775	8603	9188	48.36	CHH
2	19977858	19978135	319	5	98.46	CG
2	19977858	19978135	439	101	81.30	CHG
2	19977858	19978135	1200	1096	52.26	CHH
2	20745916	20746102	155	2	98.73	CG
2	20745916	20746102	97	21	82.20	CHG
2	20745916	20746102	1076	1026	51.19	CHH
2	25258399	25258520	722	503	58.94	CHH
2	28737277	28737416	1073	456	70.18	CHH
2	34952974	34953385	1062	36	96.72	CG
2	34952974	34953385	457	123	78.79	CHG
2	34952974	34953385	1294	2935	30.60	CHH
2	34955560	34955809	1768	517	77.37	CHH
3	1354664	1354914	278	8	97.20	CG
3	1354664	1354914	349	52	87.03	CHG
3	1354664	1354914	1707	749	69.50	CHH
3	8409618	8409743	107	315	25.36	CG
3	8409618	8409743	173	170	50.44	CHG
3	8409618	8409743	583	1054	35.61	CHH
3	9319923	9320317	389	3	99.23	CG
3	9319923	9320317	79	16	83.16	CHG
3	9319923	9320317	1772	1585	52.79	CHH
3	15113224	15113412	1175	756	60.85	CHH
3	17308009	17308190	53	1	98.15	CG
3	17308009	17308190	58	4	93.55	CHG
3	17308009	17308190	946	973	49.30	CHH
3	20792869	20793598	111	418	20.98	CG
3	20792869	20793598	386	579	40.00	CHG
3	20792869	20793598	2486	4447	35.86	CHH
3	22406998	22410666	2768	956	74.33	CG
3	22406998	22410666	4456	1060	80.78	CHG
3	22406998	22410666	19226	15841	54.83	CHH
3	23359385	23359602	124	4	96.88	CG
3	23359385	23359602	12	20	37.50	CHG
3	23359385	23359602	1282	996	56.28	CHH
3	24569402	24572072	3292	75	97.77	CG
3	24569402	24572072	3447	338	91.07	CHG
3	24569402	24572072	12201	12258	49.88	CHH
3	24603937	24605042	1896	47	97.58	CG
3	24603937	24605042	1981	343	85.24	CHG
3	24603937	24605042	4668	5211	47.25	CHH
3	26143599	26144289	628	366	63.18	CG
3	26143599	26144289	668	533	55.62	CHG
3	26143599	26144289	3061	3653	45.59	CHH
3	27619055	27619344	202	46	81.45	CG
3	27619055	27619344	235	112	67.72	CHG
3	27619055	27619344	1533	1454	51.32	CHH
3	27619956	27621480	1800	1633	52.43	CG
3	27619956	27621480	1282	1275	50.14	CHG
3	27619956	27621480	5498	7011	43.95	CHH
3	28228225	28228487	1959	1062	64.85	CHH
3	29750151	29752956	4581	89	98.09	CG
3	29750151	29752956	2938	221	93.00	CHG
3	29750151	29752956	14254	11868	54.57	CHH
3	29885011	29885181	70	1	98.59	CG
3	29885011	29885181	93	7	93.00	CHG
3	29885011	29885181	1659	606	73.25	CHH
3	30100210	30100463	76	3	96.20	CG
3	30100210	30100463	1645	1416	53.74	CHH
3	30830679	30830818	942	529	64.04	CHH
3	32182087	32182430	72	3	96.00	CG
3	32182087	32182430	34	45	43.04	CHG
3	32182087	32182430	2234	2042	52.25	CHH
4	19683995	19684552	582	435	57.23	CG
4	19683995	19684552	666	585	53.24	CHG
4	19683995	19684552	2212	3099	41.65	CHH
4	19744896	19745083	84	27	75.68	CG
4	19744896	19745083	954	699	57.71	CHH
4	21627729	21627912	121	0	100.00	CG
4	21627729	21627912	88	9	90.72	CHG
4	21627729	21627912	1248	568	68.72	CHH
4	24030042	24030690	427	7	98.39	CG
4	24030042	24030690	564	108	83.93	CHG
4	24030042	24030690	3335	4391	43.17	CHH
4	27907257	27907388	58	2	96.67	CG
4	27907257	27907388	10	22	31.25	CHG
4	27907257	27907388	1076	455	70.28	CHH
4	30176025	30176485	263	22	92.28	CG
4	30176025	30176485	29	96	23.20	CHG
4	30176025	30176485	2440	2092	53.84	CHH
4	35050130	35050413	86	202	29.86	CG
4	35050130	35050413	175	208	45.69	CHG
4	35050130	35050413	1102	1609	40.65	CHH
4	35050645	35051479	1231	90	93.19	CG
4	35050645	35051479	1020	193	84.09	CHG
4	35050645	35051479	4428	3189	58.13	CHH
4	35051684	35052572	2546	40	98.45	CG
4	35051684	35052572	1188	141	89.39	CHG
4	35051684	35052572	6208	3591	63.35	CHH
4	35052766	35053258	477	731	39.49	CG
4	35052766	35053258	445	571	43.80	CHG
4	35052766	35053258	1893	2478	43.31	CHH
5	1135886	1136509	574	594	49.14	CG
5	1135886	1136509	625	1013	38.16	CHG
5	1135886	1136509	2273	3597	38.72	CHH
5	1681288	1681619	190	250	43.18	CG
5	1681288	1681619	239	213	52.88	CHG
5	1681288	1681619	1081	1091	49.77	CHH
5	4826765	4827929	998	27	97.37	CG
5	4826765	4827929	1076	198	84.46	CHG
5	4826765	4827929	4690	6995	40.14	CHH
5	4828099	4828891	456	1171	28.03	CG
5	4828099	4828891	799	834	48.93	CHG
5	4828099	4828891	4085	4441	47.91	CHH
5	4830291	4831171	625	735	45.96	CG
5	4830291	4831171	680	498	57.72	CHG
5	4830291	4831171	3629	4225	46.21	CHH
5	6765407	6765604	148	2	98.67	CG
5	6765407	6765604	140	76	64.81	CHG
5	6765407	6765604	543	1176	31.59	CHH
5	10917777	10919451	2430	51	97.94	CG
5	10917777	10919451	2592	647	80.02	CHG
5	10917777	10919451	6252	9914	38.67	CHH
5	11242827	11244802	2474	37	98.53	CG
5	11242827	11244802	3234	268	92.35	CHG
5	11242827	11244802	8471	11881	41.62	CHH
5	21149049	21149184	112	259	30.19	CG
5	21149049	21149184	203	166	55.01	CHG
5	21149049	21149184	799	722	52.53	CHH
5	21857485	21857720	242	5	97.98	CG
5	21857485	21857720	295	45	86.76	CHG
5	21857485	21857720	1055	838	55.73	CHH
5	25347572	25347835	153	413	27.03	CG
5	25347572	25347835	203	392	34.12	CHG
5	25347572	25347835	1182	1758	40.20	CHH
5	25348057	25348813	367	8	97.87	CG
5	25348057	25348813	871	820	51.51	CHG
5	25348057	25348813	3655	2942	55.40	CHH
5	25352498	25355138	2406	492	83.02	CG
5	25352498	25355138	3174	1160	73.23	CHG
5	25352498	25355138	13382	11073	54.72	CHH
5	25355297	25357051	2971	63	97.92	CG
5	25355297	25357051	2250	469	82.75	CHG
5	25355297	25357051	9421	8589	52.31	CHH
5	26872353	26874176	1956	1033	65.44	CG
5	26872353	26874176	1548	699	68.89	CHG
5	26872353	26874176	7933	9291	46.06	CHH
5	26989629	26989802	35	12	74.47	CHG
5	26989629	26989802	948	806	54.05	CHH
6	6078118	6079550	1300	28	97.89	CG
6	6078118	6079550	2509	598	80.75	CHG
6	6078118	6079550	4582	7558	37.74	CHH
6	6079751	6080866	2083	38	98.21	CG
6	6079751	6080866	1497	212	87.60	CHG
6	6079751	6080866	3444	7873	30.43	CHH
6	7535836	7537636	1857	591	75.86	CG
6	7535836	7537636	1882	998	65.35	CHG
6	7535836	7537636	7695	9628	44.42	CHH
6	7537860	7538806	2696	54	98.04	CG
6	7537860	7538806	1304	309	80.84	CHG
6	7537860	7538806	4324	5932	42.16	CHH
6	7540556	7540748	102	9	91.89	CG
6	7540556	7540748	977	547	64.11	CHH
6	7725720	7725950	412	10	97.63	CG
6	7725720	7725950	503	142	77.98	CHG
6	7725720	7725950	673	1042	39.24	CHH
6	11302246	11302995	537	15	97.28	CG
6	11302246	11302995	870	330	72.50	CHG
6	11302246	11302995	2072	2862	41.99	CHH
6	11303180	11304874	3330	86	97.48	CG
6	11303180	11304874	2295	472	82.94	CHG
6	11303180	11304874	9780	9529	50.65	CHH
6	13428012	13431273	3335	128	96.30	CG
6	13428012	13431273	4733	546	89.66	CHG
6	13428012	13431273	18953	14410	56.81	CHH
6	17321639	17321861	40	137	22.60	CG
6	17321639	17321861	95	295	24.36	CHG
6	17321639	17321861	475	1310	26.61	CHH
6	22376044	22376666	362	23	94.03	CG
6	22376044	22376666	118	96	55.14	CHG
6	22376044	22376666	2780	2761	50.17	CHH
6	23537611	23537873	169	13	92.86	CHG
6	23537611	23537873	1439	1382	51.01	CHH
6	25078471	25078618	47	28	62.67	CHG
6	25078471	25078618	900	938	48.97	CHH
6	25314682	25315364	417	13	96.98	CG
6	25314682	25315364	410	80	83.67	CHG
6	25314682	25315364	3030	4729	39.05	CHH
6	26183206	26183498	62	3	95.38	CG
6	26183206	26183498	2111	702	75.04	CHH
6	27799633	27800383	99	359	21.62	CG
6	27799633	27800383	284	557	33.77	CHG
6	27799633	27800383	2835	4445	38.94	CHH
6	27801639	27802209	122	413	22.80	CG
6	27801639	27802209	266	417	38.95	CHG
6	27801639	27802209	1212	2496	32.69	CHH
6	27807200	27808739	1597	351	81.98	CG
6	27807200	27808739	2401	709	77.20	CHG
6	27807200	27808739	6768	7085	48.86	CHH
6	29377073	29378367	2338	52	97.82	CG
6	29377073	29378367	2338	220	91.40	CHG
6	29377073	29378367	6348	5187	55.03	CHH
6	29378560	29380306	4146	101	97.62	CG
6	29378560	29380306	2355	425	84.71	CHG
6	29378560	29380306	9707	6757	58.96	CHH
7	436559	436644	553	623	47.02	CHH
7	3142735	3143078	475	13	97.34	CG
7	3142735	3143078	452	55	89.15	CHG
7	3142735	3143078	2023	836	70.76	CHH
7	3220899	3221205	65	2	97.01	CG
7	3220899	3221205	2503	1099	69.49	CHH
7	4348747	4349352	860	36	95.98	CG
7	4348747	4349352	415	143	74.37	CHG
7	4348747	4349352	2237	2481	47.41	CHH
7	4349624	4350850	2143	43	98.03	CG
7	4349624	4350850	1725	274	86.29	CHG
7	4349624	4350850	4711	5596	45.71	CHH
7	4351012	4351916	1274	41	96.88	CG
7	4351012	4351916	1317	190	87.39	CHG
7	4351012	4351916	4710	4192	52.91	CHH
7	4373857	4376166	2532	147	94.51	CG
7	4373857	4376166	2577	741	77.67	CHG
7	4373857	4376166	12561	9507	56.92	CHH
7	6141659	6141862	473	10	97.93	CG
7	6141659	6141862	261	35	88.18	CHG
7	6141659	6141862	931	811	53.44	CHH
7	8294134	8294483	40	375	9.64	CG
7	8294134	8294483	107	361	22.86	CHG
7	8294134	8294483	608	2169	21.89	CHH
7	8296050	8297360	1042	24	97.75	CG
7	8296050	8297360	1038	388	72.79	CHG
7	8296050	8297360	4843	6798	41.60	CHH
7	8297831	8298242	270	6	97.83	CG
7	8297831	8298242	376	257	59.40	CHG
7	8297831	8298242	1286	2445	34.47	CHH
7	8993394	8993705	150	2	98.68	CG
7	8993394	8993705	2046	1328	60.64	CHH
7	15188698	15188829	70	24	74.47	CHG
7	15188698	15188829	939	1147	45.01	CHH
7	15677983	15678606	481	566	45.94	CG
7	15677983	15678606	463	579	44.43	CHG
7	15677983	15678606	1908	3013	38.77	CHH
7	15715017	15716282	1020	331	75.50	CG
7	15715017	15716282	1659	634	72.35	CHG
7	15715017	15716282	4198	4843	46.43	CHH
7	15716649	15717550	1636	42	97.50	CG
7	15716649	15717550	1197	357	77.03	CHG
7	15716649	15717550	3752	5157	42.11	CHH
7	15987686	15990374	2572	88	96.69	CG
7	15987686	15990374	2532	889	74.01	CHG
7	15987686	15990374	11647	15814	42.41	CHH
7	16599468	16599909	199	8	96.14	CG
7	16599468	16599909	337	574	36.99	CHG
7	16599468	16599909	1358	2973	31.36	CHH
7	18624941	18625154	64	2	96.97	CG
7	18624941	18625154	80	19	80.81	CHG
7	18624941	18625154	1411	1129	55.55	CHH
7	19254932	19255653	462	420	52.38	CG
7	19254932	19255653	947	1644	36.55	CHG
7	19254932	19255653	2598	4578	36.20	CHH
7	20003073	20003442	283	380	42.68	CG
7	20003073	20003442	111	251	30.66	CHG
7	20003073	20003442	601	1830	24.72	CHH
7	20004260	20004538	116	470	19.80	CG
7	20004260	20004538	325	465	41.14	CHG
7	20004260	20004538	1148	1756	39.53	CHH
7	22460506	22460644	161	572	21.96	CG
7	22460506	22460644	101	159	38.85	CHG
7	22460506	22460644	380	572	39.92	CHH
7	24948880	24949085	1856	541	77.43	CHH
7	25909857	25910353	520	14	97.38	CG
7	25909857	25910353	698	190	78.60	CHG
7	25909857	25910353	2460	2521	49.39	CHH
7	27169621	27169836	28	40	41.18	CG
7	27169621	27169836	348	171	67.05	CHG
7	27169621	27169836	1389	905	60.55	CHH
7	27307263	27307688	696	19	97.34	CG
7	27307263	27307688	585	114	83.69	CHG
7	27307263	27307688	1989	1612	55.23	CHH
8	5778397	5779045	1007	205	83.09	CG
8	5778397	5779045	840	436	65.83	CHG
8	5778397	5779045	2785	2673	51.03	CHH
8	5779226	5780049	551	144	79.28	CG
8	5779226	5780049	765	275	73.56	CHG
8	5779226	5780049	4056	3906	50.94	CHH
8	7765923	7766237	237	18	92.94	CG
8	7765923	7766237	151	130	53.74	CHG
8	7765923	7766237	769	2044	27.34	CHH
8	7766623	7766940	384	16	96.00	CG
8	7766623	7766940	315	270	53.85	CHG
8	7766623	7766940	941	2226	29.71	CHH
8	7767812	7769432	1417	34	97.66	CG
8	7767812	7769432	1396	248	84.91	CHG
8	7767812	7769432	5275	8896	37.22	CHH
8	10497174	10498216	1504	24	98.43	CG
8	10497174	10498216	855	109	88.69	CHG
8	10497174	10498216	4146	5946	41.08	CHH
8	10498395	10499575	653	28	95.89	CG
8	10498395	10499575	991	402	71.14	CHG
8	10498395	10499575	5698	4862	53.96	CHH
8	15456518	15458380	2899	85	97.15	CG
8	15456518	15458380	2451	368	86.95	CHG
8	15456518	15458380	10473	6947	60.12	CHH
8	15458644	15461086	2672	90	96.74	CG
8	15458644	15461086	2286	440	83.86	CHG
8	15458644	15461086	12972	10276	55.80	CHH
8	21692817	21694038	1272	30	97.70	CG
8	21692817	21694038	1748	197	89.87	CHG
8	21692817	21694038	4124	6809	37.72	CHH
8	22741998	22742320	32	25	56.14	CHG
8	22741998	22742320	1851	1546	54.49	CHH
8	24735337	24736197	707	12	98.33	CG
8	24735337	24736197	841	294	74.10	CHG
8	24735337	24736197	4140	4589	47.43	CHH
8	24968997	24969171	89	1	98.89	CG
8	24968997	24969171	111	11	90.98	CHG
8	24968997	24969171	970	1038	48.31	CHH
8	27145493	27145904	247	378	39.52	CG
8	27145493	27145904	156	187	45.48	CHG
8	27145493	27145904	1580	2370	40.00	CHH
8	27146154	27147151	728	142	83.68	CG
8	27146154	27147151	340	254	57.24	CHG
8	27146154	27147151	4807	4902	49.51	CHH
9	12622010	12622195	185	540	25.52	CG
9	12622010	12622195	93	128	42.08	CHG
9	12622010	12622195	770	1452	34.65	CHH
9	12622461	12622831	587	358	62.12	CG
9	12622461	12622831	159	198	44.54	CHG
9	12622461	12622831	1625	2303	41.37	CHH
9	15228404	15229163	739	109	87.15	CG
9	15228404	15229163	730	335	68.54	CHG
9	15228404	15229163	3416	3789	47.41	CHH
9	16724009	16725093	747	21	97.27	CG
9	16724009	16725093	1077	191	84.94	CHG
9	16724009	16725093	5385	5467	49.62	CHH
9	16725343	16726536	2274	113	95.27	CG
9	16725343	16726536	1418	354	80.02	CHG
9	16725343	16726536	5394	5719	48.54	CHH
9	19098095	19098253	83	2	97.65	CG
9	19098095	19098253	130	36	78.31	CHG
9	19098095	19098253	1101	954	53.58	CHH
9	21886164	21886293	532	967	35.49	CHH
10	403342	404217	1345	398	77.17	CG
10	403342	404217	1260	830	60.29	CHG
10	403342	404217	3149	3533	47.13	CHH
10	707135	707736	1331	236	84.94	CG
10	707135	707736	903	859	51.25	CHG
10	707135	707736	2085	2455	45.93	CHH
10	708160	710138	4949	145	97.15	CG
10	708160	710138	3143	703	81.72	CHG
10	708160	710138	6014	9488	38.79	CHH
10	1838124	1838526	132	5	96.35	CG
10	1838124	1838526	63	3	95.45	CHG
10	1838124	1838526	2645	1376	65.78	CHH
10	1890175	1890720	590	25	95.93	CG
10	1890175	1890720	626	248	71.62	CHG
10	1890175	1890720	2421	2674	47.52	CHH
10	5680298	5680662	898	400	69.18	CG
10	5680298	5680662	643	815	44.10	CHG
10	5680298	5680662	1071	1495	41.74	CHH
10	5930107	5931241	1890	58	97.02	CG
10	5930107	5931241	1701	781	68.53	CHG
10	5930107	5931241	4473	4559	49.52	CHH
10	5931400	5931895	752	16	97.92	CG
10	5931400	5931895	667	238	73.70	CHG
10	5931400	5931895	2246	1963	53.36	CHH
10	5933659	5934116	255	736	25.73	CG
10	5933659	5934116	530	566	48.36	CHG
10	5933659	5934116	1452	1461	49.85	CHH
10	6420591	6420748	164	186	46.86	CHG
10	6420591	6420748	618	805	43.43	CHH
10	15986962	15990245	3672	72	98.08	CG
10	15986962	15990245	3698	1200	75.50	CHG
10	15986962	15990245	11945	17320	40.82	CHH
10	15991567	15992011	212	632	25.12	CG
10	15991567	15992011	448	645	40.99	CHG
10	15991567	15992011	1457	2165	40.23	CHH
10	16004469	16005053	518	2101	19.78	CG
10	16004469	16005053	778	1142	40.52	CHG
10	16004469	16005053	1886	2320	44.84	CHH
10	16006434	16007004	579	1056	35.41	CG
10	16006434	16007004	829	593	58.30	CHG
10	16006434	16007004	2100	1757	54.45	CHH
10	18101624	18101816	411	15	96.48	CG
10	18101624	18101816	274	109	71.54	CHG
10	18101624	18101816	1518	738	67.29	CHH
10	20291443	20292459	2637	65	97.59	CG
10	20291443	20292459	1381	255	84.41	CHG
10	20291443	20292459	3611	5491	39.67	CHH
10	20777405	20778626	1753	56	96.90	CG
10	20777405	20778626	1695	331	83.66	CHG
10	20777405	20778626	6866	4607	59.84	CHH
10	20778820	20779263	107	428	20.00	CG
10	20778820	20779263	385	773	33.25	CHG
10	20778820	20779263	1859	2377	43.89	CHH
10	22690213	22690439	1373	461	74.86	CHH
11	569050	569549	116	2	98.31	CG
11	569050	569549	497	64	88.59	CHG
11	569050	569549	2964	1541	65.79	CHH
11	1878755	1878890	115	37	75.66	CG
11	1878755	1878890	205	95	68.33	CHG
11	1878755	1878890	852	530	61.65	CHH
11	1947206	1947542	64	1	98.46	CG
11	1947206	1947542	1526	1748	46.61	CHH
11	2541708	2543393	712	632	52.98	CG
11	2541708	2543393	1307	2294	36.30	CHG
11	2541708	2543393	6111	9971	38.00	CHH
11	7731537	7734405	2265	57	97.55	CG
11	7731537	7734405	3104	534	85.32	CHG
11	7731537	7734405	14912	13920	51.72	CHH
11	7740288	7741705	2718	209	92.86	CG
11	7740288	7741705	1875	493	79.18	CHG
11	7740288	7741705	5835	6452	47.49	CHH
11	7741944	7742391	290	293	49.74	CG
11	7741944	7742391	611	469	56.57	CHG
11	7741944	7742391	1641	1780	47.97	CHH
11	11662804	11663369	319	2	99.38	CG
11	11662804	11663369	491	40	92.47	CHG
11	11662804	11663369	2362	3401	40.99	CHH
11	13632522	13632647	163	194	45.66	CHG
11	13632522	13632647	547	659	45.36	CHH
11	14006096	14006227	757	657	53.54	CHH
11	16006890	16007049	69	1	98.57	CG
11	16006890	16007049	32	8	80.00	CHG
11	16006890	16007049	1264	612	67.38	CHH
11	16330929	16332016	710	483	59.51	CG
11	16330929	16332016	1263	1199	51.30	CHG
11	16330929	16332016	4592	5123	47.27	CHH
11	16332352	16336587	6786	688	90.79	CG
11	16332352	16336587	6400	1433	81.71	CHG
11	16332352	16336587	22036	18271	54.67	CHH
11	19478887	19479310	469	10	97.91	CG
11	19478887	19479310	725	286	71.71	CHG
11	19478887	19479310	2697	1374	66.25	CHH
11	20707212	20707528	138	187	42.46	CG
11	20707212	20707528	459	260	63.84	CHG
11	20707212	20707528	1446	1012	58.83	CHH
11	21197890	21198236	89	55	61.81	CHG
11	21197890	21198236	3131	1298	70.69	CHH
11	23435202	23435727	99	86	53.51	CG
11	23435202	23435727	677	453	59.91	CHG
11	23435202	23435727	2298	1977	53.75	CHH
11	24391044	24392970	1895	41	97.88	CG
11	24391044	24392970	3718	749	83.23	CHG
11	24391044	24392970	7238	11031	39.62	CHH
11	24393313	24394212	650	23	96.58	CG
11	24393313	24394212	1405	150	90.35	CHG
11	24393313	24394212	4005	2885	58.13	CHH
11	24395075	24395260	87	181	32.46	CG
11	24395075	24395260	44	49	47.31	CHG
11	24395075	24395260	716	1050	40.54	CHH
11	26205598	26205997	206	81	71.78	CG
11	26205598	26205997	105	384	21.47	CHG
11	26205598	26205997	685	3268	17.33	CHH
12	1816647	1816809	69	0	100.00	CG
12	1816647	1816809	1206	596	66.93	CHH
12	4729330	4730513	1154	68	94.44	CG
12	4729330	4730513	746	442	62.79	CHG
12	4729330	4730513	4408	7119	38.24	CHH
12	4730790	4736244	5353	142	97.42	CG
12	4730790	4736244	5900	1024	85.21	CHG
12	4730790	4736244	25516	25877	49.65	CHH
12	4736420	4737233	1019	118	89.62	CG
12	4736420	4737233	871	310	73.75	CHG
12	4736420	4737233	3429	2566	57.20	CHH
12	4900521	4901766	1164	29	97.57	CG
12	4900521	4901766	985	426	69.81	CHG
12	4900521	4901766	3689	7252	33.72	CHH
12	5021892	5024116	1369	38	97.30	CG
12	5021892	5024116	3221	952	77.19	CHG
12	5021892	5024116	9878	9497	50.98	CHH
12	5024498	5027592	1646	37	97.80	CG
12	5024498	5027592	3643	1200	75.22	CHG
12	5024498	5027592	16347	12855	55.98	CHH
12	11362213	11362441	67	2	97.10	CG
12	11362213	11362441	64	11	85.33	CHG
12	11362213	11362441	1997	808	71.19	CHH
12	17500982	17502112	591	348	62.94	CG
12	17500982	17502112	852	350	70.88	CHG
12	17500982	17502112	5425	4477	54.79	CHH
12	17502305	17503335	1670	67	96.14	CG
12	17502305	17503335	457	257	64.01	CHG
12	17502305	17503335	3945	4942	44.39	CHH
12	17984560	17985250	160	882	15.36	CG
12	17984560	17985250	359	727	33.06	CHG
12	17984560	17985250	2140	4132	34.12	CHH
12	17985763	17986319	627	105	85.66	CG
12	17985763	17986319	276	112	71.13	CHG
12	17985763	17986319	2248	3085	42.15	CHH
12	18393551	18394277	601	242	71.29	CG
12	18393551	18394277	316	313	50.24	CHG
12	18393551	18394277	3506	2986	54.00	CHH
12	19120680	19120950	63	55	53.39	CG
12	19120680	19120950	49	5	90.74	CHG
12	19120680	19120950	1649	1089	60.23	CHH
12	24728431	24728725	266	336	44.19	CG
12	24728431	24728725	705	490	59.00	CHG
12	24728431	24728725	1709	1050	61.94	CHH
12	24729444	24730180	1980	103	95.06	CG
12	24729444	24730180	2027	377	84.32	CHG
12	24729444	24730180	3392	2128	61.45	CHH
12	24734143	24734410	70	387	15.32	CG
12	24734143	24734410	516	791	39.48	CHG
12	24734143	24734410	1036	1512	40.66	CHH
12	25119408	25119711	429	13	97.06	CG
12	25119408	25119711	355	123	74.27	CHG
12	25119408	25119711	1147	1328	46.34	CHH
1	4981767	4981906	1267	262	82.86	CHH
1	18984904	18985083	57	3	95.00	CG
1	18984904	18985083	60	24	71.43	CHG
1	18984904	18985083	978	1290	43.12	CHH
1	27335823	27335919	137	19	87.82	CG
1	27335823	27335919	43	30	58.90	CHG
1	27335823	27335919	420	411	50.54	CHH
1	39322830	39323057	364	18	95.29	CG
1	39322830	39323057	196	113	63.43	CHG
1	39322830	39323057	785	1715	31.40	CHH
2	4474885	4475212	579	12	97.97	CG
2	4474885	4475212	265	57	82.30	CHG
2	4474885	4475212	2083	1185	63.74	CHH
2	17785746	17785984	143	2	98.62	CG
2	17785746	17785984	1871	760	71.11	CHH
2	24587774	24587906	115	4	96.64	CG
2	24587774	24587906	55	7	88.71	CHG
2	24587774	24587906	1085	467	69.91	CHH
2	32687570	32687718	217	221	49.54	CG
2	32687570	32687718	218	193	53.04	CHG
2	32687570	32687718	914	824	52.59	CHH
3	7246619	7246872	559	12	97.90	CG
3	7246619	7246872	154	46	77.00	CHG
3	7246619	7246872	1078	1328	44.80	CHH
3	16709783	16710100	477	13	97.35	CG
3	16709783	16710100	372	67	84.74	CHG
3	16709783	16710100	1150	1258	47.76	CHH
3	18637898	18638001	70	1	98.59	CG
3	18637898	18638001	457	670	40.55	CHH
3	24572450	24572571	349	1226	22.16	CHH
3	27626160	27626452	285	16	94.68	CG
3	27626160	27626452	114	96	54.29	CHG
3	27626160	27626452	971	1449	40.12	CHH
3	33684752	33685642	1538	41	97.40	CG
3	33684752	33685642	1039	356	74.48	CHG
3	33684752	33685642	3341	5837	36.40	CHH
4	28531802	28532069	84	4	95.45	CG
4	28531802	28532069	22	18	55.00	CHG
4	28531802	28532069	2073	1515	57.78	CHH
4	33656481	33656726	766	11	98.58	CG
4	33656481	33656726	59	75	44.03	CHG
4	33656481	33656726	531	1007	34.53	CHH
5	1135186	1135369	145	72	66.82	CG
5	1135186	1135369	67	155	30.18	CHG
5	1135186	1135369	583	979	37.32	CHH
6	5377103	5377226	36	26	58.06	CHG
6	5377103	5377226	863	382	69.32	CHH
6	7540043	7540265	171	5	97.16	CG
6	7540043	7540265	66	20	76.74	CHG
6	7540043	7540265	1159	1442	44.56	CHH
6	11997277	11997419	179	1	99.44	CG
6	11997277	11997419	64	34	65.31	CHG
6	11997277	11997419	429	950	31.11	CHH
6	13951510	13951630	115	5	95.83	CG
6	13951510	13951630	187	50	78.90	CHG
6	13951510	13951630	393	577	40.52	CHH
6	18069889	18070192	357	56	86.44	CG
6	18069889	18070192	318	115	73.44	CHG
6	18069889	18070192	1316	2123	38.27	CHH
7	8049142	8049326	482	9	98.17	CG
7	8049142	8049326	134	82	62.04	CHG
7	8049142	8049326	631	1081	36.86	CHH
7	13286370	13286485	625	876	41.64	CHH
7	26251607	26251758	972	530	64.71	CHH
7	27119822	27120089	49	2	96.08	CG
7	27119822	27120089	15	36	29.41	CHG
7	27119822	27120089	1112	1125	49.71	CHH
7	28376367	28376563	63	0	100.00	CG
7	28376367	28376563	48	11	81.36	CHG
7	28376367	28376563	1302	978	57.11	CHH
8	9447539	9448026	427	1312	24.55	CG
8	9447539	9448026	427	866	33.02	CHG
8	9447539	9448026	1492	3165	32.04	CHH
9	16928122	16928188	559	435	56.24	CHH
10	15986243	15986518	43	17	71.67	CG
10	15986243	15986518	143	222	39.18	CHG
10	15986243	15986518	883	1722	33.90	CHH
12	26052913	26053003	126	85	59.72	CHG
12	26052913	26053003	360	290	55.38	CHH
1	751422	751630	304	4	98.70	CG
1	751422	751630	54	36	60.00	CHG
1	751422	751630	899	1198	42.87	CHH
1	831964	832562	1234	21	98.33	CG
1	831964	832562	1146	88	92.87	CHG
1	831964	832562	2901	1721	62.77	CHH
1	1789091	1789350	131	4	97.04	CG
1	1789091	1789350	127	26	83.01	CHG
1	1789091	1789350	1834	934	66.26	CHH
1	2238174	2238281	70	0	100.00	CG
1	2238174	2238281	59	4	93.65	CHG
1	2238174	2238281	830	632	56.77	CHH
1	2556013	2556619	1284	36	97.27	CG
1	2556013	2556619	1625	153	91.39	CHG
1	2556013	2556619	2238	3812	36.99	CHH
1	2558467	2559407	2379	40	98.35	CG
1	2558467	2559407	1386	165	89.36	CHG
1	2558467	2559407	3322	5218	38.90	CHH
1	7687746	7687909	60	2	96.77	CG
1	7687746	7687909	25	8	75.76	CHG
1	7687746	7687909	980	669	59.43	CHH
1	8431744	8431928	72	4	94.74	CG
1	8431744	8431928	1335	866	60.65	CHH
1	9585903	9586147	122	52	70.11	CHG
1	9585903	9586147	1504	743	66.93	CHH
1	11189069	11189507	1187	143	89.25	CG
1	11189069	11189507	572	103	84.74	CHG
1	11189069	11189507	2217	2446	47.54	CHH
1	11189901	11190194	386	6	98.47	CG
1	11189901	11190194	307	41	88.22	CHG
1	11189901	11190194	1197	995	54.61	CHH
1	11190397	11190945	453	79	85.15	CG
1	11190397	11190945	993	323	75.46	CHG
1	11190397	11190945	2694	1821	59.67	CHH
1	11191256	11191497	789	17	97.89	CG
1	11191256	11191497	345	160	68.32	CHG
1	11191256	11191497	958	954	50.10	CHH
1	11197847	11198179	580	8	98.64	CG
1	11197847	11198179	863	51	94.42	CHG
1	11197847	11198179	2097	1291	61.89	CHH
1	11198539	11198848	301	4	98.69	CG
1	11198539	11198848	261	32	89.08	CHG
1	11198539	11198848	1191	1355	46.78	CHH
1	11474845	11475049	281	4	98.60	CG
1	11474845	11475049	200	37	84.39	CHG
1	11474845	11475049	493	1389	26.20	CHH
1	11796108	11796316	146	36	80.22	CG
1	11796108	11796316	272	154	63.85	CHG
1	11796108	11796316	874	751	53.78	CHH
1	11928347	11928520	615	1312	31.91	CHH
1	11940126	11940209	543	416	56.62	CHH
1	12597813	12598048	1678	832	66.85	CHH
1	14322168	14322402	207	1	99.52	CG
1	14322168	14322402	90	16	84.91	CHG
1	14322168	14322402	1118	672	62.46	CHH
1	14347206	14347429	32	23	58.18	CG
1	14347206	14347429	249	193	56.33	CHG
1	14347206	14347429	1059	872	54.84	CHH
1	14960096	14960238	320	5	98.46	CG
1	14960096	14960238	140	81	63.35	CHG
1	14960096	14960238	616	715	46.28	CHH
1	17043053	17043218	519	4	99.24	CG
1	17043053	17043218	191	15	92.72	CHG
1	17043053	17043218	980	389	71.59	CHH
1	18600195	18600325	139	3	97.89	CG
1	18600195	18600325	33	14	70.21	CHG
1	18600195	18600325	352	676	34.24	CHH
1	18600619	18600880	104	3	97.20	CG
1	18600619	18600880	62	2	96.88	CHG
1	18600619	18600880	935	1559	37.49	CHH
1	20810211	20810573	154	522	22.78	CG
1	20810211	20810573	206	275	42.83	CHG
1	20810211	20810573	1229	2221	35.62	CHH
1	26098395	26098876	217	6	97.31	CG
1	26098395	26098876	166	36	82.18	CHG
1	26098395	26098876	2543	2241	53.16	CHH
1	27892634	27893201	278	14	95.21	CG
1	27892634	27893201	480	72	86.96	CHG
1	27892634	27893201	3125	3532	46.94	CHH
1	28104533	28104643	71	0	100.00	CG
1	28104533	28104643	898	335	72.83	CHH
1	28203814	28205463	1242	17	98.65	CG
1	28203814	28205463	1975	384	83.72	CHG
1	28203814	28205463	5472	11152	32.92	CHH
1	28494153	28494502	61	1	98.39	CG
1	28494153	28494502	116	3	97.48	CHG
1	28494153	28494502	2780	1046	72.66	CHH
1	29054104	29054337	209	320	39.51	CG
1	29054104	29054337	433	359	54.67	CHG
1	29054104	29054337	962	792	54.85	CHH
1	29054576	29055401	1394	66	95.48	CG
1	29054576	29055401	990	281	77.89	CHG
1	29054576	29055401	1916	3988	32.45	CHH
1	30809331	30809656	447	6	98.68	CG
1	30809331	30809656	445	68	86.74	CHG
1	30809331	30809656	1586	1524	51.00	CHH
1	30810941	30811279	300	117	71.94	CG
1	30810941	30811279	222	242	47.84	CHG
1	30810941	30811279	1087	1954	35.74	CHH
1	31405810	31406074	148	6	96.10	CG
1	31405810	31406074	225	46	83.03	CHG
1	31405810	31406074	2451	1067	69.67	CHH
1	31867822	31868209	128	7	94.81	CG
1	31867822	31868209	2161	1708	55.85	CHH
1	32128407	32128528	82	0	100.00	CG
1	32128407	32128528	1202	519	69.84	CHH
1	32850978	32851159	137	2	98.56	CG
1	32850978	32851159	157	17	90.23	CHG
1	32850978	32851159	1528	456	77.02	CHH
1	37328188	37328369	154	5	96.86	CG
1	37328188	37328369	72	4	94.74	CHG
1	37328188	37328369	1716	441	79.55	CHH
1	40300213	40300335	723	688	51.24	CHH
1	40701980	40702243	67	1	98.53	CG
1	40701980	40702243	2092	293	87.71	CHH
1	42087976	42088125	928	842	52.43	CHH
2	109398	109590	325	7	97.89	CG
2	109398	109590	324	81	80.00	CHG
2	109398	109590	689	637	51.96	CHH
2	2375551	2375771	2203	700	75.89	CHH
2	6545608	6545822	59	1	98.33	CG
2	6545608	6545822	1485	1038	58.86	CHH
2	6761735	6762038	114	3	97.44	CG
2	6761735	6762038	150	26	85.23	CHG
2	6761735	6762038	961	1597	37.57	CHH
2	7945618	7946024	131	6	95.62	CG
2	7945618	7946024	23	15	60.53	CHG
2	7945618	7946024	1757	2261	43.73	CHH
2	8190084	8190413	59	4	93.65	CHG
2	8190084	8190413	1650	2136	43.58	CHH
2	10791440	10791566	885	894	49.75	CHH
2	11873649	11873886	71	0	100.00	CG
2	11873649	11873886	1350	939	58.98	CHH
2	12097817	12097953	150	5	96.77	CG
2	12097817	12097953	499	938	34.73	CHH
2	12299222	12299385	67	16	80.72	CHG
2	12299222	12299385	1010	909	52.63	CHH
2	13948832	13949084	119	11	91.54	CHG
2	13948832	13949084	1980	693	74.07	CHH
2	19211404	19211621	118	3	97.52	CG
2	19211404	19211621	17	4	80.95	CHG
2	19211404	19211621	1579	351	81.81	CHH
2	19443247	19443361	136	3	97.84	CG
2	19443247	19443361	21	13	61.76	CHG
2	19443247	19443361	416	667	38.41	CHH
2	22202087	22202425	707	42	94.39	CG
2	22202087	22202425	133	109	54.96	CHG
2	22202087	22202425	2157	1228	63.72	CHH
2	22399133	22399342	134	1	99.26	CG
2	22399133	22399342	1390	842	62.28	CHH
2	23077446	23077593	1000	464	68.31	CHH
2	23988341	23988565	38	19	66.67	CHG
2	23988341	23988565	1459	646	69.31	CHH
2	24094388	24094772	60	1	98.36	CG
2	24094388	24094772	190	57	76.92	CHG
2	24094388	24094772	2081	1138	64.65	CHH
2	24968367	24968732	208	10	95.41	CG
2	24968367	24968732	250	59	80.91	CHG
2	24968367	24968732	767	1858	29.22	CHH
2	25971572	25971883	734	556	56.90	CHH
2	27849839	27850325	1256	22	98.28	CG
2	27849839	27850325	415	169	71.06	CHG
2	27849839	27850325	2751	2207	55.49	CHH
2	27969163	27969436	142	8	94.67	CG
2	27969163	27969436	136	52	72.34	CHG
2	27969163	27969436	2271	1011	69.20	CHH
2	30949004	30949191	136	5	96.45	CG
2	30949004	30949191	65	16	80.25	CHG
2	30949004	30949191	1327	832	61.46	CHH
2	32980551	32980821	2082	1113	65.16	CHH
2	33970498	33970631	57	148	27.80	CG
2	33970498	33970631	137	243	36.05	CHG
2	33970498	33970631	698	931	42.85	CHH
2	34234930	34235049	660	398	62.38	CHH
2	34952077	34952811	1017	235	81.23	CG
2	34952077	34952811	523	316	62.34	CHG
2	34952077	34952811	2593	4291	37.67	CHH
3	811663	812098	1076	37	96.68	CG
3	811663	812098	250	142	63.78	CHG
3	811663	812098	1472	2018	42.18	CHH
3	881089	881240	982	18	98.20	CG
3	881089	881240	157	228	40.78	CHG
3	881089	881240	641	845	43.14	CHH
3	2169030	2169371	987	17	98.31	CG
3	2169030	2169371	283	149	65.51	CHG
3	2169030	2169371	1270	2466	33.99	CHH
3	3832576	3832832	54	4	93.10	CG
3	3832576	3832832	116	20	85.29	CHG
3	3832576	3832832	2047	662	75.56	CHH
3	6570907	6571273	1104	18	98.40	CG
3	6570907	6571273	274	114	70.62	CHG
3	6570907	6571273	1829	1982	47.99	CHH
3	8629457	8629689	48	3	94.12	CG
3	8629457	8629689	58	1	98.31	CHG
3	8629457	8629689	1450	443	76.60	CHH
3	8942617	8943063	418	12	97.21	CG
3	8942617	8943063	445	54	89.18	CHG
3	8942617	8943063	2077	3066	40.38	CHH
3	11067334	11067625	65	0	100.00	CG
3	11067334	11067625	63	2	96.92	CHG
3	11067334	11067625	1511	1048	59.05	CHH
3	11642409	11642580	117	29	80.14	CHG
3	11642409	11642580	1378	250	84.64	CHH
3	11857284	11857411	53	23	69.74	CHG
3	11857284	11857411	823	309	72.70	CHH
3	12675151	12675358	64	4	94.12	CG
3	12675151	12675358	22	16	57.89	CHG
3	12675151	12675358	1469	906	61.85	CHH
3	13124743	13124928	134	1	99.26	CG
3	13124743	13124928	61	11	84.72	CHG
3	13124743	13124928	1738	361	82.80	CHH
3	13748697	13748918	62	1	98.41	CHG
3	13748697	13748918	1329	1112	54.44	CHH
3	14057905	14058092	366	2	99.46	CG
3	14057905	14058092	69	36	65.71	CHG
3	14057905	14058092	675	1496	31.09	CHH
3	14749193	14749460	149	3	98.03	CG
3	14749193	14749460	2139	834	71.95	CHH
3	15134383	15134587	834	1906	30.44	CHH
3	15612855	15613292	496	4	99.20	CG
3	15612855	15613292	931	171	84.48	CHG
3	15612855	15613292	2527	1705	59.71	CHH
3	16165130	16165592	241	19	92.69	CG
3	16165130	16165592	302	146	67.41	CHG
3	16165130	16165592	1774	2569	40.85	CHH
3	20791693	20792712	1941	121	94.13	CG
3	20791693	20792712	1704	442	79.40	CHG
3	20791693	20792712	3179	5719	35.73	CHH
3	24411908	24412466	340	450	43.04	CG
3	24411908	24412466	260	472	35.52	CHG
3	24411908	24412466	1812	3744	32.61	CHH
3	24572869	24573120	393	9	97.76	CG
3	24572869	24573120	342	136	71.55	CHG
3	24572869	24573120	871	1775	32.92	CHH
3	24603172	24603395	122	3	97.60	CG
3	24603172	24603395	107	28	79.26	CHG
3	24603172	24603395	1095	1632	40.15	CHH
3	24605202	24605537	545	22	96.12	CG
3	24605202	24605537	202	126	61.59	CHG
3	24605202	24605537	1524	2615	36.82	CHH
3	24924369	24924505	126	0	100.00	CG
3	24924369	24924505	25	12	67.57	CHG
3	24924369	24924505	1107	430	72.02	CHH
3	25320199	25320294	431	692	38.38	CHH
3	26123077	26123398	319	4	98.76	CG
3	26123077	26123398	526	175	75.04	CHG
3	26123077	26123398	1084	1786	37.77	CHH
3	26123604	26124463	1455	63	95.85	CG
3	26123604	26124463	903	381	70.33	CHG
3	26123604	26124463	2590	4804	35.03	CHH
3	26819731	26819992	67	2	97.10	CHG
3	26819731	26819992	1730	1025	62.79	CHH
3	28511217	28511562	789	24	97.05	CG
3	28511217	28511562	420	39	91.50	CHG
3	28511217	28511562	1268	2009	38.69	CHH
3	29675163	29675476	39	1	97.50	CG
3	29675163	29675476	1426	1044	57.73	CHH
3	29753155	29753862	754	16	97.92	CG
3	29753155	29753862	794	40	95.20	CHG
3	29753155	29753862	3589	2995	54.51	CHH
3	30420791	30420983	1728	747	69.82	CHH
3	31423977	31424278	1749	1607	52.12	CHH
3	31722863	31723138	3045	1472	67.41	CHH
3	32006376	32006716	50	2	96.15	CHG
3	32006376	32006716	2305	1131	67.08	CHH
3	32173553	32173723	178	50	78.07	CHG
3	32173553	32173723	874	1090	44.50	CHH
4	468669	468758	561	866	39.31	CHH
4	7955024	7955201	128	0	100.00	CG
4	7955024	7955201	55	4	93.22	CHG
4	7955024	7955201	1108	476	69.95	CHH
4	15396846	15397090	577	13	97.80	CG
4	15396846	15397090	515	66	88.64	CHG
4	15396846	15397090	1177	1056	52.71	CHH
4	19682492	19683811	1654	34	97.99	CG
4	19682492	19683811	844	265	76.10	CHG
4	19682492	19683811	5677	5649	50.12	CHH
4	20001003	20001260	97	8	92.38	CHG
4	20001003	20001260	2009	867	69.85	CHH
4	20354697	20354786	210	5	97.67	CG
4	20354697	20354786	133	19	87.50	CHG
4	20354697	20354786	264	274	49.07	CHH
4	20595423	20595521	57	9	86.36	CG
4	20595423	20595521	17	16	51.52	CHG
4	20595423	20595521	659	545	54.73	CHH
4	21744228	21744373	130	21	86.09	CG
4	21744228	21744373	15	30	33.33	CHG
4	21744228	21744373	873	789	52.53	CHH
4	21934032	21934221	1369	543	71.60	CHH
4	22575513	22575843	1956	1690	53.65	CHH
4	25472006	25472224	21	39	35.00	CHG
4	25472006	25472224	712	1424	33.33	CHH
4	25475165	25475574	179	7	96.24	CG
4	25475165	25475574	487	196	71.30	CHG
4	25475165	25475574	2690	1557	63.34	CHH
4	28847972	28848187	52	2	96.30	CG
4	28847972	28848187	19	13	59.38	CHG
4	28847972	28848187	993	1296	43.38	CHH
4	33881401	33881625	528	13	97.60	CG
4	33881401	33881625	492	132	78.85	CHG
4	33881401	33881625	1055	747	58.55	CHH
5	490310	490462	432	7	98.41	CG
5	490310	490462	396	80	83.19	CHG
5	490310	490462	645	741	46.54	CHH
5	1679699	1679790	656	640	50.62	CHH
5	1682378	1682979	1467	34	97.73	CG
5	1682378	1682979	1141	143	88.86	CHG
5	1682378	1682979	2072	3378	38.02	CHH
5	1683133	1683258	60	14	81.08	CHG
5	1683133	1683258	933	731	56.07	CHH
5	4894101	4894252	933	560	62.49	CHH
5	5433067	5433323	137	3	97.86	CG
5	5433067	5433323	199	33	85.78	CHG
5	5433067	5433323	1697	1070	61.33	CHH
5	5754539	5754748	117	11	91.41	CG
5	5754539	5754748	62	29	68.13	CHG
5	5754539	5754748	1424	532	72.80	CHH
5	6820542	6820679	86	4	95.56	CG
5	6820542	6820679	21	24	46.67	CHG
5	6820542	6820679	856	953	47.32	CHH
5	7418842	7418942	688	359	65.71	CHH
5	10755227	10755310	145	0	100.00	CG
5	10755227	10755310	399	229	63.54	CHH
5	10919623	10920166	940	137	87.28	CG
5	10919623	10920166	234	109	68.22	CHG
5	10919623	10920166	2405	3570	40.25	CHH
5	16055566	16055752	620	7	98.88	CG
5	16055566	16055752	192	113	62.95	CHG
5	16055566	16055752	766	984	43.77	CHH
5	16055933	16056970	689	300	69.67	CG
5	16055933	16056970	730	513	58.73	CHG
5	16055933	16056970	3750	5291	41.48	CHH
5	16057231	16057477	218	71	75.43	CG
5	16057231	16057477	230	189	54.89	CHG
5	16057231	16057477	1034	995	50.96	CHH
5	16273063	16273157	548	509	51.84	CHH
5	16311105	16311318	141	4	97.24	CG
5	16311105	16311318	177	26	87.19	CHG
5	16311105	16311318	1959	984	66.56	CHH
5	16856035	16856371	326	10	97.02	CG
5	16856035	16856371	440	35	92.63	CHG
5	16856035	16856371	1890	1257	60.06	CHH
5	17137118	17137270	64	2	96.97	CG
5	17137118	17137270	1278	476	72.86	CHH
5	17258135	17258245	76	2	97.44	CG
5	17258135	17258245	807	301	72.83	CHH
5	19716275	19716490	43	3	93.48	CG
5	19716275	19716490	8	14	36.36	CHG
5	19716275	19716490	983	961	50.57	CHH
5	21875509	21875764	235	3	98.74	CG
5	21875509	21875764	244	23	91.39	CHG
5	21875509	21875764	1364	672	66.99	CHH
5	22000757	22000964	61	10	85.92	CHG
5	22000757	22000964	1444	532	73.08	CHH
5	22219878	22220102	1587	459	77.57	CHH
5	23987118	23987584	551	29	95.00	CG
5	23987118	23987584	789	251	75.87	CHG
5	23987118	23987584	935	3056	23.43	CHH
5	24142822	24143088	247	4	98.41	CG
5	24142822	24143088	58	44	56.86	CHG
5	24142822	24143088	1429	851	62.68	CHH
5	24848633	24848969	179	24	88.18	CHG
5	24848633	24848969	2553	1400	64.58	CHH
5	25916465	25916630	55	2	96.49	CHG
5	25916465	25916630	1079	633	63.03	CHH
6	302524	302830	67	1	98.53	CG
6	302524	302830	2076	924	69.20	CHH
6	2377299	2377436	126	9	93.33	CG
6	2377299	2377436	56	43	56.57	CHG
6	2377299	2377436	747	484	60.68	CHH
6	2717082	2717211	968	643	60.09	CHH
6	2924454	2924561	136	4	97.14	CG
6	2924454	2924561	576	227	71.73	CHH
6	3943947	3944133	981	916	51.71	CHH
6	5151759	5151869	1259	322	79.63	CHH
6	7060562	7060710	986	339	74.42	CHH
6	8356414	8356617	1364	642	68.00	CHH
6	8927960	8928209	61	0	100.00	CG
6	8927960	8928209	339	96	77.93	CHG
6	8927960	8928209	1019	911	52.80	CHH
6	11300952	11301165	9	51	15.00	CG
6	11300952	11301165	80	107	42.78	CHG
6	11300952	11301165	822	1475	35.79	CHH
6	19710274	19711097	757	105	87.82	CG
6	19710274	19711097	1088	646	62.75	CHG
6	19710274	19711097	2396	4661	33.95	CHH
6	19711261	19711591	262	659	28.45	CG
6	19711261	19711591	158	235	40.20	CHG
6	19711261	19711591	1486	1956	43.17	CHH
6	23395298	23395797	313	7	97.81	CG
6	23395298	23395797	144	18	88.89	CHG
6	23395298	23395797	3511	2393	59.47	CHH
6	24030066	24030155	131	12	91.61	CHG
6	24030066	24030155	725	183	79.85	CHH
6	26270983	26271153	64	1	98.46	CG
6	26270983	26271153	56	8	87.50	CHG
6	26270983	26271153	1689	319	84.11	CHH
6	26899910	26900127	74	2	97.37	CG
6	26899910	26900127	1538	919	62.60	CHH
6	27022910	27023085	275	10	96.49	CG
6	27022910	27023085	652	1262	34.06	CHH
6	27804504	27805624	1263	63	95.25	CG
6	27804504	27805624	1320	532	71.27	CHG
6	27804504	27805624	4004	6248	39.06	CHH
6	28518067	28518486	178	209	45.99	CG
6	28518067	28518486	513	486	51.35	CHG
6	28518067	28518486	1732	3522	32.97	CHH
6	29399343	29399607	144	0	100.00	CG
6	29399343	29399607	68	34	66.67	CHG
6	29399343	29399607	1984	1266	61.05	CHH
6	30403805	30404034	1025	1084	48.60	CHH
6	30913757	30913901	64	2	96.97	CG
6	30913757	30913901	25	9	73.53	CHG
6	30913757	30913901	1078	523	67.33	CHH
7	553125	553382	34	30	53.12	CHG
7	553125	553382	1071	1828	36.94	CHH
7	1581483	1581569	37	23	61.67	CHG
7	1581483	1581569	539	518	50.99	CHH
7	2236802	2236948	121	4	96.80	CG
7	2236802	2236948	15	7	68.18	CHG
7	2236802	2236948	1000	470	68.03	CHH
7	2529367	2529520	1219	483	71.62	CHH
7	4348410	4348541	23	105	17.97	CG
7	4348410	4348541	38	80	32.20	CHG
7	4348410	4348541	228	579	28.25	CHH
7	4352181	4353051	2137	26	98.80	CG
7	4352181	4353051	1102	320	77.50	CHG
7	4352181	4353051	3363	4238	44.24	CHH
7	4372878	4373534	581	16	97.32	CG
7	4372878	4373534	185	106	63.57	CHG
7	4372878	4373534	2966	3512	45.79	CHH
7	5121301	5121458	100	6	94.34	CG
7	5121301	5121458	48	5	90.57	CHG
7	5121301	5121458	972	404	70.64	CHH
7	7806227	7806511	59	7	89.39	CHG
7	7806227	7806511	2403	593	80.21	CHH
7	8334119	8334358	42	17	71.19	CHG
7	8334119	8334358	1746	901	65.96	CHH
7	15431878	15432092	195	5	97.50	CG
7	15431878	15432092	81	14	85.26	CHG
7	15431878	15432092	1711	585	74.52	CHH
7	15714618	15714815	271	7	97.48	CG
7	15714618	15714815	155	117	56.99	CHG
7	15714618	15714815	1223	836	59.40	CHH
7	17790357	17790553	59	3	95.16	CG
7	17790357	17790553	136	44	75.56	CHG
7	17790357	17790553	1235	860	58.95	CHH
7	20129015	20129222	1386	748	64.95	CHH
7	20150949	20151108	74	4	94.87	CG
7	20150949	20151108	154	32	82.80	CHG
7	20150949	20151108	1266	820	60.69	CHH
7	20424851	20425235	71	3	95.95	CG
7	20424851	20425235	1749	2524	40.93	CHH
7	21311702	21311873	147	4	97.35	CG
7	21311702	21311873	204	33	86.08	CHG
7	21311702	21311873	1436	564	71.80	CHH
7	22392996	22393180	257	8	96.98	CG
7	22392996	22393180	227	31	87.98	CHG
7	22392996	22393180	861	962	47.23	CHH
7	22532503	22532689	1591	958	62.42	CHH
7	22933956	22934220	819	11	98.67	CG
7	22933956	22934220	303	94	76.32	CHG
7	22933956	22934220	1205	1423	45.85	CHH
7	24616760	24617444	979	98	90.90	CG
7	24616760	24617444	726	217	76.99	CHG
7	24616760	24617444	2182	2573	45.89	CHH
7	26258085	26258557	916	21	97.76	CG
7	26258085	26258557	305	118	72.10	CHG
7	26258085	26258557	1941	1803	51.84	CHH
7	29243799	29244004	1657	1075	60.65	CHH
7	29311074	29311344	1749	1044	62.62	CHH
7	29467990	29468204	1916	756	71.71	CHH
8	1623373	1623626	77	1	98.72	CG
8	1623373	1623626	27	13	67.50	CHG
8	1623373	1623626	1982	761	72.26	CHH
8	2431336	2431426	152	78	66.09	CG
8	2431336	2431426	21	12	63.64	CHG
8	2431336	2431426	668	448	59.86	CHH
8	3751907	3752073	388	15	96.28	CG
8	3751907	3752073	252	66	79.25	CHG
8	3751907	3752073	631	927	40.50	CHH
8	3958363	3958508	779	647	54.63	CHH
8	5131858	5132029	128	3	97.71	CHG
8	5131858	5132029	1228	858	58.87	CHH
8	5836841	5837082	206	1	99.52	CG
8	5836841	5837082	1407	953	59.62	CHH
8	6753823	6754136	76	0	100.00	CG
8	6753823	6754136	194	21	90.23	CHG
8	6753823	6754136	1951	1731	52.99	CHH
8	7603360	7603612	141	3	97.92	CG
8	7603360	7603612	1525	805	65.45	CHH
8	7991786	7992320	215	623	25.66	CG
8	7991786	7992320	104	364	22.22	CHG
8	7991786	7992320	1442	3904	26.97	CHH
8	8071926	8072156	341	6	98.27	CG
8	8071926	8072156	75	34	68.81	CHG
8	8071926	8072156	1187	1088	52.18	CHH
8	10060129	10060270	1404	283	83.22	CHH
8	10886885	10887057	136	3	97.84	CG
8	10886885	10887057	13	27	32.50	CHG
8	10886885	10887057	544	1075	33.60	CHH
8	12350212	12350309	71	2	97.26	CG
8	12350212	12350309	22	12	64.71	CHG
8	12350212	12350309	629	511	55.18	CHH
8	16977330	16977737	72	2	97.30	CG
8	16977330	16977737	662	89	88.15	CHG
8	16977330	16977737	1434	3041	32.04	CHH
8	18141156	18141305	889	1447	38.06	CHH
8	19423131	19423387	57	1	98.28	CG
8	19423131	19423387	10	21	32.26	CHG
8	19423131	19423387	1387	822	62.79	CHH
8	20377385	20377714	830	34	96.06	CG
8	20377385	20377714	186	97	65.72	CHG
8	20377385	20377714	1232	1984	38.31	CHH
8	20558563	20558824	66	12	84.62	CG
8	20558563	20558824	67	40	62.62	CHG
8	20558563	20558824	1430	1035	58.01	CHH
8	21654366	21654527	171	20	89.53	CG
8	21654366	21654527	151	43	77.84	CHG
8	21654366	21654527	738	339	68.52	CHH
8	21694431	21694647	550	17	97.00	CG
8	21694431	21694647	273	49	84.78	CHG
8	21694431	21694647	814	1274	38.98	CHH
8	21694977	21695213	127	209	37.80	CG
8	21694977	21695213	369	396	48.24	CHG
8	21694977	21695213	1065	1338	44.32	CHH
8	22776595	22776863	56	0	100.00	CG
8	22776595	22776863	254	118	68.28	CHG
8	22776595	22776863	1364	888	60.57	CHH
8	22948102	22948411	59	3	95.16	CG
8	22948102	22948411	1731	1619	51.67	CHH
8	23349964	23350100	110	2	98.21	CG
8	23349964	23350100	1019	856	54.35	CHH
8	24309357	24309533	32	134	19.28	CG
8	24309357	24309533	193	265	42.14	CHG
8	24309357	24309533	842	880	48.90	CHH
8	24422312	24422568	76	3	96.20	CG
8	24422312	24422568	160	47	77.29	CHG
8	24422312	24422568	1918	1230	60.93	CHH
8	24736834	24737078	823	7	99.16	CG
8	24736834	24737078	207	82	71.63	CHG
8	24736834	24737078	845	1577	34.89	CHH
8	24750449	24750953	487	7	98.58	CG
8	24750449	24750953	549	106	83.82	CHG
8	24750449	24750953	2556	2811	47.62	CHH
8	24784953	24785097	143	1	99.31	CG
8	24784953	24785097	88	23	79.28	CHG
8	24784953	24785097	810	770	51.27	CHH
8	24834030	24834325	148	0	100.00	CG
8	24834030	24834325	66	4	94.29	CHG
8	24834030	24834325	2033	1358	59.95	CHH
8	26827794	26828034	310	310	50.00	CG
8	26827794	26828034	256	217	54.12	CHG
8	26827794	26828034	1340	1016	56.88	CHH
8	27623734	27623958	705	15	97.92	CG
8	27623734	27623958	423	162	72.31	CHG
8	27623734	27623958	995	1540	39.25	CHH
8	28152674	28152872	1632	499	76.58	CHH
9	1254705	1254916	236	8	96.72	CG
9	1254705	1254916	23	12	65.71	CHG
9	1254705	1254916	585	530	52.47	CHH
9	1884036	1884200	1283	837	60.52	CHH
9	3634113	3634220	58	3	95.08	CHG
9	3634113	3634220	845	447	65.40	CHH
9	4570159	4570785	1032	9	99.14	CG
9	4570159	4570785	998	158	86.33	CHG
9	4570159	4570785	3333	2750	54.79	CHH
9	7158967	7159348	95	127	42.79	CG
9	7158967	7159348	154	199	43.63	CHG
9	7158967	7159348	1384	1833	43.02	CHH
9	10378957	10379055	324	23	93.37	CG
9	10378957	10379055	155	154	50.16	CHG
9	10378957	10379055	323	552	36.91	CHH
9	10754150	10754480	62	2	96.88	CG
9	10754150	10754480	113	12	90.40	CHG
9	10754150	10754480	2087	1068	66.15	CHH
9	11037393	11037551	1223	1118	52.24	CHH
9	12623164	12623411	350	761	31.50	CG
9	12623164	12623411	309	334	48.06	CHG
9	12623164	12623411	937	966	49.24	CHH
9	14633566	14633811	375	8	97.91	CG
9	14633566	14633811	289	31	90.31	CHG
9	14633566	14633811	1924	634	75.22	CHH
9	16663866	16664244	496	91	84.50	CG
9	16663866	16664244	408	442	48.00	CHG
9	16663866	16664244	1767	2630	40.19	CHH
9	17420619	17420974	88	1	98.88	CG
9	17420619	17420974	194	51	79.18	CHG
9	17420619	17420974	684	1886	26.61	CHH
10	368179	368447	95	25	79.17	CHG
10	368179	368447	1377	2200	38.50	CHH
10	404795	404929	369	9	97.62	CG
10	404795	404929	28	28	50.00	CHG
10	404795	404929	595	495	54.59	CHH
10	2576261	2576420	1254	866	59.15	CHH
10	3444619	3445144	348	366	48.74	CG
10	3444619	3445144	506	445	53.21	CHG
10	3444619	3445144	2043	3744	35.30	CHH
10	5928588	5929269	1294	27	97.96	CG
10	5928588	5929269	1501	293	83.67	CHG
10	5928588	5929269	2626	4592	36.38	CHH
10	5932050	5932316	299	119	71.53	CG
10	5932050	5932316	352	272	56.41	CHG
10	5932050	5932316	1196	1290	48.11	CHH
10	5932722	5933353	280	966	22.47	CG
10	5932722	5933353	402	637	38.69	CHG
10	5932722	5933353	2961	3081	49.01	CHH
10	7535391	7535626	752	956	44.03	CHH
10	8506073	8506152	104	36	74.29	CG
10	8506073	8506152	606	232	72.32	CHH
10	9497876	9498140	265	3	98.88	CG
10	9497876	9498140	42	17	71.19	CHG
10	9497876	9498140	1688	876	65.83	CHH
10	11922949	11923127	59	2	96.72	CG
10	11922949	11923127	131	16	89.12	CHG
10	11922949	11923127	1246	556	69.15	CHH
10	12206026	12206233	51	5	91.07	CG
10	12206026	12206233	18	38	32.14	CHG
10	12206026	12206233	1539	1239	55.40	CHH
10	16003795	16003950	15	44	25.42	CG
10	16003795	16003950	107	273	28.16	CHG
10	16003795	16003950	407	915	30.79	CHH
10	16208913	16209034	66	0	100.00	CG
10	16208913	16209034	87	6	93.55	CHG
10	16208913	16209034	995	179	84.75	CHH
10	17033161	17033405	772	37	95.43	CG
10	17033161	17033405	232	60	79.45	CHG
10	17033161	17033405	1239	805	60.62	CHH
10	18046108	18046282	1391	352	79.80	CHH
10	18632472	18632641	936	928	50.21	CHH
10	19698082	19698409	120	2	98.36	CG
10	19698082	19698409	171	12	93.44	CHG
10	19698082	19698409	1878	1389	57.48	CHH
10	21827999	21828272	82	36	69.49	CHG
10	21827999	21828272	2214	1014	68.59	CHH
10	22689536	22689741	1513	830	64.58	CHH
11	1200546	1200636	70	1	98.59	CG
11	1200546	1200636	65	3	95.59	CHG
11	1200546	1200636	714	524	57.67	CHH
11	1713742	1714360	900	17	98.15	CG
11	1713742	1714360	743	95	88.66	CHG
11	1713742	1714360	4221	2569	62.16	CHH
11	1932470	1932979	61	0	100.00	CG
11	1932470	1932979	161	56	74.19	CHG
11	1932470	1932979	3056	1857	62.20	CHH
11	2378673	2378944	260	9	96.65	CG
11	2378673	2378944	19	40	32.20	CHG
11	2378673	2378944	1737	718	70.75	CHH
11	3230260	3231106	1646	156	91.34	CG
11	3230260	3231106	981	393	71.40	CHG
11	3230260	3231106	3489	3849	47.55	CHH
11	3232048	3232407	290	262	52.54	CG
11	3232048	3232407	512	239	68.18	CHG
11	3232048	3232407	1272	730	63.54	CHH
11	7333753	7333946	114	1	99.13	CG
11	7333753	7333946	270	88	75.42	CHG
11	7333753	7333946	757	808	48.37	CHH
11	7589703	7589963	73	1	98.65	CG
11	7589703	7589963	72	3	96.00	CHG
11	7589703	7589963	1833	686	72.77	CHH
11	7735116	7735554	574	21	96.47	CG
11	7735116	7735554	189	116	61.97	CHG
11	7735116	7735554	1947	3033	39.10	CHH
11	7735709	7735929	308	1	99.68	CG
11	7735709	7735929	194	168	53.59	CHG
11	7735709	7735929	811	1510	34.94	CHH
11	9151816	9151968	52	10	83.87	CHG
11	9151816	9151968	1128	686	62.18	CHH
11	11787143	11787246	1285	597	68.28	CHH
11	16339318	16339504	381	12	96.95	CG
11	16339318	16339504	37	46	44.58	CHG
11	16339318	16339504	1197	804	59.82	CHH
11	16884445	16884740	144	3	97.96	CG
11	16884445	16884740	2277	1003	69.42	CHH
11	18415594	18415828	73	2	97.33	CG
11	18415594	18415828	1275	1957	39.45	CHH
11	19255500	19255806	238	451	34.54	CG
11	19255500	19255806	209	271	43.54	CHG
11	19255500	19255806	1281	2026	38.74	CHH
11	19817539	19817761	38	14	73.08	CHG
11	19817539	19817761	932	420	68.93	CHH
11	21255747	21256111	322	15	95.55	CG
11	21255747	21256111	481	58	89.24	CHG
11	21255747	21256111	1181	1291	47.78	CHH
11	22039593	22039763	124	21	85.52	CHG
11	22039593	22039763	1312	629	67.59	CHH
11	24851409	24851658	515	12	97.72	CG
11	24851409	24851658	615	29	95.50	CHG
11	24851409	24851658	1469	1100	57.18	CHH
11	24991462	24991590	70	1	98.59	CG
11	24991462	24991590	188	89	67.87	CHG
11	24991462	24991590	898	388	69.83	CHH
11	25110396	25110624	135	2	98.54	CG
11	25110396	25110624	23	12	65.71	CHG
11	25110396	25110624	1333	1009	56.92	CHH
11	25586084	25586542	312	8	97.50	CG
11	25586084	25586542	357	42	89.47	CHG
11	25586084	25586542	1613	3236	33.26	CHH
11	25784649	25784892	137	3	97.86	CG
11	25784649	25784892	219	58	79.06	CHG
11	25784649	25784892	1720	1382	55.45	CHH
11	25810584	25810761	59	14	80.82	CHG
11	25810584	25810761	1094	1008	52.05	CHH
11	25853608	25853790	75	1	98.68	CG
11	25853608	25853790	1138	1210	48.47	CHH
11	27017949	27019131	1362	24	98.27	CG
11	27017949	27019131	1830	519	77.91	CHG
11	27017949	27019131	3008	7262	29.29	CHH
11	28181129	28181426	93	3	96.88	CG
11	28181129	28181426	916	1010	47.56	CHH
12	217168	217301	149	1	99.33	CG
12	217168	217301	72	11	86.75	CHG
12	217168	217301	1231	457	72.93	CHH
12	552916	553122	1004	1294	43.69	CHH
12	793700	793972	80	4	95.24	CHG
12	793700	793972	2735	1069	71.90	CHH
12	1049649	1049822	1437	427	77.09	CHH
12	1548545	1548692	113	15	88.28	CHG
12	1548545	1548692	999	372	72.87	CHH
12	1801896	1802216	168	31	84.42	CG
12	1801896	1802216	255	57	81.73	CHG
12	1801896	1802216	1394	1369	50.45	CHH
12	2466366	2466538	96	1	98.97	CHG
12	2466366	2466538	1100	813	57.50	CHH
12	4912586	4913038	1083	32	97.13	CG
12	4912586	4913038	834	260	76.23	CHG
12	4912586	4913038	1383	2664	34.17	CHH
12	4914308	4915910	1042	31	97.11	CG
12	4914308	4915910	2107	494	81.01	CHG
12	4914308	4915910	5751	9517	37.67	CHH
12	7849278	7849532	481	32	93.76	CG
12	7849278	7849532	44	16	73.33	CHG
12	7849278	7849532	1008	1448	41.04	CHH
12	10927998	10928435	65	0	100.00	CG
12	10927998	10928435	78	113	40.84	CHG
12	10927998	10928435	1147	3064	27.24	CHH
12	12440435	12440631	536	161	76.90	CG
12	12440435	12440631	176	162	52.07	CHG
12	12440435	12440631	644	760	45.87	CHH
12	12966688	12966790	727	464	61.04	CHH
12	15202347	15202507	201	11	94.81	CG
12	15202347	15202507	77	32	70.64	CHG
12	15202347	15202507	784	1052	42.70	CHH
12	17986589	17987047	228	8	96.61	CG
12	17986589	17987047	435	59	88.06	CHG
12	17986589	17987047	1792	2218	44.69	CHH
12	18392307	18392790	697	312	69.08	CG
12	18392307	18392790	577	606	48.77	CHG
12	18392307	18392790	1534	3234	32.17	CHH
12	18396226	18396329	126	76	62.38	CG
12	18396226	18396329	112	85	56.85	CHG
12	18396226	18396329	463	672	40.79	CHH
12	18396524	18396891	306	101	75.18	CG
12	18396524	18396891	344	265	56.49	CHG
12	18396524	18396891	1468	2121	40.90	CHH
12	18936325	18936741	917	20	97.87	CG
12	18936325	18936741	190	100	65.52	CHG
12	18936325	18936741	2215	2410	47.89	CHH
12	19156150	19156313	78	1	98.73	CG
12	19156150	19156313	231	6	97.47	CHG
12	19156150	19156313	1451	341	80.97	CHH
12	21831911	21832012	361	695	34.19	CHH
12	22451242	22451490	37	36	50.68	CHG
12	22451242	22451490	1753	1011	63.42	CHH
12	22503691	22503984	316	6	98.14	CG
12	22503691	22503984	224	41	84.53	CHG
12	22503691	22503984	1852	1236	59.97	CHH
12	23090136	23090406	67	1	98.53	CG
12	23090136	23090406	1860	1156	61.67	CHH
12	23253874	23254115	140	1	99.29	CG
12	23253874	23254115	23	49	31.94	CHG
12	23253874	23254115	1331	1103	54.68	CHH
12	23419385	23419484	52	6	89.66	CG
12	23419385	23419484	534	267	66.67	CHH
12	23569460	23569549	209	9	95.87	CG
12	23569460	23569549	63	10	86.30	CHG
12	23569460	23569549	575	486	54.19	CHH
12	24728935	24729264	197	122	61.76	CG
12	24728935	24729264	392	131	74.95	CHG
12	24728935	24729264	1339	870	60.62	CHH
12	24730816	24731578	710	18	97.53	CG
12	24730816	24731578	1122	102	91.67	CHG
12	24730816	24731578	3897	1886	67.39	CHH
12	24732874	24733231	715	5	99.31	CG
12	24732874	24733231	510	179	74.02	CHG
12	24732874	24733231	1350	2020	40.06	CHH
12	25285613	25285813	72	3	96.00	CG
12	25285613	25285813	1583	987	61.60	CHH
1	1349307	1349537	70	2	97.22	CHG
1	1349307	1349537	1033	1081	48.86	CHH
1	10432345	10432562	1001	738	57.56	CG
1	10432345	10432562	381	488	43.84	CHG
1	10432345	10432562	998	761	56.74	CHH
1	38517320	38517498	58	4	93.55	CG
1	38517320	38517498	77	21	78.57	CHG
1	38517320	38517498	1001	700	58.85	CHH
1	41145044	41145188	873	571	60.46	CHH
2	5521685	5521830	136	8	94.44	CHG
2	5521685	5521830	1244	356	77.75	CHH
3	8015940	8016118	907	1276	41.55	CHH
3	27785308	27785617	50	5	90.91	CG
3	27785308	27785617	1857	810	69.63	CHH
4	21962681	21962889	215	2	99.08	CG
4	21962681	21962889	137	33	80.59	CHG
4	21962681	21962889	1012	1206	45.63	CHH
4	26530153	26530244	531	938	36.15	CHH
6	7381595	7382197	714	819	46.58	CG
6	7381595	7382197	698	850	45.09	CHG
6	7381595	7382197	1524	3200	32.26	CHH
6	14809518	14809915	239	6	97.55	CG
6	14809518	14809915	223	95	70.13	CHG
6	14809518	14809915	1760	1679	51.18	CHH
7	17099241	17099723	46	1	97.87	CHG
7	17099241	17099723	3397	1315	72.09	CHH
8	26441035	26441114	71	59	54.62	CHG
8	26441035	26441114	560	443	55.83	CHH
9	3933418	3933532	69	0	100.00	CG
9	3933418	3933532	65	4	94.20	CHG
9	3933418	3933532	955	301	76.04	CHH
9	16215726	16215834	612	713	46.19	CHH
10	15011394	15011890	648	71	90.13	CG
10	15011394	15011890	295	151	66.14	CHG
10	15011394	15011890	1721	2077	45.31	CHH
10	19941399	19941637	77	1	98.72	CG
10	19941399	19941637	1131	1329	45.98	CHH
12	24432087	24432276	832	1332	38.45	CHH
1	301401	301650	213	5	97.71	CG
1	301401	301650	71	35	66.98	CHG
1	301401	301650	1717	815	67.81	CHH
1	9436239	9436734	659	748	46.84	CG
1	9436239	9436734	693	729	48.73	CHG
1	9436239	9436734	1230	1845	40.00	CHH
1	12143360	12144098	947	24	97.53	CG
1	12143360	12144098	780	267	74.50	CHG
1	12143360	12144098	2291	4776	32.42	CHH
1	23765099	23765215	67	255	20.81	CG
1	23765099	23765215	139	118	54.09	CHG
1	23765099	23765215	529	549	49.07	CHH
1	26638981	26639111	71	4	94.67	CG
1	26638981	26639111	119	29	80.41	CHG
1	26638981	26639111	606	904	40.13	CHH
1	28181036	28181173	39	9	81.25	CG
1	28181036	28181173	55	39	58.51	CHG
1	28181036	28181173	545	615	46.98	CHH
1	29055629	29055854	271	107	71.69	CG
1	29055629	29055854	239	214	52.76	CHG
1	29055629	29055854	1025	1400	42.27	CHH
1	31589315	31589440	935	1037	47.41	CHH
1	33209708	33209844	70	1	98.59	CG
1	33209708	33209844	14	25	35.90	CHG
1	33209708	33209844	671	1008	39.96	CHH
1	37056464	37056585	94	33	74.02	CHG
1	37056464	37056585	562	707	44.29	CHH
1	38496092	38496280	271	13	95.42	CG
1	38496092	38496280	63	55	53.39	CHG
1	38496092	38496280	1087	936	53.73	CHH
1	38671419	38671601	222	10	95.69	CG
1	38671419	38671601	1192	820	59.24	CHH
1	40617610	40617749	313	458	40.60	CHG
1	40617610	40617749	569	867	39.62	CHH
1	41890335	41890557	70	3	95.89	CG
1	41890335	41890557	442	176	71.52	CHG
1	41890335	41890557	1358	1314	50.82	CHH
1	42408453	42409215	1677	17	99.00	CG
1	42408453	42409215	1136	273	80.62	CHG
1	42408453	42409215	2543	3138	44.76	CHH
2	4648186	4648420	226	4	98.26	CG
2	4648186	4648420	84	18	82.35	CHG
2	4648186	4648420	1260	1277	49.66	CHH
2	7605117	7605555	137	6	95.80	CG
2	7605117	7605555	124	15	89.21	CHG
2	7605117	7605555	1887	3176	37.27	CHH
2	12582950	12583307	312	3	99.05	CG
2	12582950	12583307	138	26	84.15	CHG
2	12582950	12583307	1490	2302	39.29	CHH
2	15589940	15590192	63	1	98.44	CG
2	15589940	15590192	387	172	69.23	CHG
2	15589940	15590192	1538	888	63.40	CHH
2	25342968	25343092	47	0	100.00	CG
2	25342968	25343092	45	5	90.00	CHG
2	25342968	25343092	436	691	38.69	CHH
2	28230238	28230572	327	31	91.34	CHG
2	28230238	28230572	1512	2250	40.19	CHH
2	28787543	28787788	235	3	98.74	CG
2	28787543	28787788	76	33	69.72	CHG
2	28787543	28787788	1258	1479	45.96	CHH
2	29123726	29123981	936	1403	40.02	CHH
2	31639383	31639502	82	6	93.18	CG
2	31639383	31639502	937	520	64.31	CHH
2	32251509	32251649	49	1	98.00	CHG
2	32251509	32251649	1284	336	79.26	CHH
2	33849781	33850113	297	20	93.69	CG
2	33849781	33850113	188	114	62.25	CHG
2	33849781	33850113	830	2573	24.39	CHH
2	34582792	34582911	59	6	90.77	CHG
2	34582792	34582911	1168	423	73.41	CHH
3	3169366	3169453	363	396	47.83	CHH
3	6047207	6047392	159	7	95.78	CG
3	6047207	6047392	42	39	51.85	CHG
3	6047207	6047392	1679	1137	59.62	CHH
3	12710378	12710636	672	15	97.82	CG
3	12710378	12710636	186	58	76.23	CHG
3	12710378	12710636	1237	1608	43.48	CHH
3	15103668	15103782	69	0	100.00	CHG
3	15103668	15103782	562	784	41.75	CHH
3	15613686	15613799	86	96	47.25	CG
3	15613686	15613799	71	118	37.57	CHG
3	15613686	15613799	438	389	52.96	CHH
3	16776362	16776567	919	1463	38.58	CHH
3	16791092	16791367	631	6	99.06	CG
3	16791092	16791367	175	108	61.84	CHG
3	16791092	16791367	938	1200	43.87	CHH
3	16792013	16792301	144	38	79.12	CG
3	16792013	16792301	236	46	83.69	CHG
3	16792013	16792301	1037	2138	32.66	CHH
3	17916587	17916910	270	29	90.30	CG
3	17916587	17916910	74	11	87.06	CHG
3	17916587	17916910	1378	1461	48.54	CHH
3	20725201	20725339	86	2	97.73	CG
3	20725201	20725339	69	5	93.24	CHG
3	20725201	20725339	920	1255	42.30	CHH
3	24601757	24601980	106	3	97.25	CG
3	24601757	24601980	337	51	86.86	CHG
3	24601757	24601980	820	1374	37.37	CHH
3	27436719	27436866	72	8	90.00	CHG
3	27436719	27436866	557	1047	34.73	CHH
3	27617928	27618015	98	136	41.88	CG
3	27617928	27618015	94	54	63.51	CHG
3	27617928	27618015	545	369	59.63	CHH
3	27618313	27618751	230	54	80.99	CG
3	27618313	27618751	359	369	49.31	CHG
3	27618313	27618751	1245	2681	31.71	CHH
3	29591935	29592097	60	1	98.36	CG
3	29591935	29592097	11	15	42.31	CHG
3	29591935	29592097	563	1052	34.86	CHH
3	31089191	31090510	3305	53	98.42	CG
3	31089191	31090510	2344	351	86.98	CHG
3	31089191	31090510	5106	5304	49.05	CHH
3	32110687	32111197	1078	33	97.03	CG
3	32110687	32111197	724	200	78.35	CHG
3	32110687	32111197	2607	2005	56.53	CHH
4	4915709	4916399	1678	36	97.90	CG
4	4915709	4916399	847	170	83.28	CHG
4	4915709	4916399	3000	3887	43.56	CHH
4	7381268	7381662	211	9	95.91	CG
4	7381268	7381662	390	101	79.43	CHG
4	7381268	7381662	1687	2713	38.34	CHH
4	7888722	7888904	152	0	100.00	CG
4	7888722	7888904	79	5	94.05	CHG
4	7888722	7888904	1311	579	69.37	CHH
4	24127511	24127670	116	2	98.31	CG
4	24127511	24127670	53	2	96.36	CHG
4	24127511	24127670	908	440	67.36	CHH
4	25426804	25426964	25	36	40.98	CHG
4	25426804	25426964	634	1175	35.05	CHH
4	25457672	25458128	869	15	98.30	CG
4	25457672	25458128	226	100	69.33	CHG
4	25457672	25458128	1541	2463	38.49	CHH
4	27630370	27630458	706	599	54.10	CHH
4	27903713	27903888	990	1155	46.15	CHH
4	29191225	29191443	65	1	98.48	CG
4	29191225	29191443	111	67	62.36	CHG
4	29191225	29191443	1015	1733	36.94	CHH
4	30022367	30022520	137	4	97.16	CG
4	30022367	30022520	983	835	54.07	CHH
4	32693175	32693646	873	16	98.20	CG
4	32693175	32693646	631	144	81.42	CHG
4	32693175	32693646	1140	2049	35.75	CHH
4	33655119	33655383	270	4	98.54	CG
4	33655119	33655383	1373	1491	47.94	CHH
5	2851958	2852160	1033	1025	50.19	CHH
5	4829525	4830108	166	31	84.26	CG
5	4829525	4830108	159	21	88.33	CHG
5	4829525	4830108	1704	3289	34.13	CHH
5	7972537	7972780	52	1	98.11	CG
5	7972537	7972780	43	14	75.44	CHG
5	7972537	7972780	1439	944	60.39	CHH
5	10920468	10920712	196	3	98.49	CG
5	10920468	10920712	88	69	56.05	CHG
5	10920468	10920712	813	1486	35.36	CHH
5	17317435	17317693	140	2	98.59	CG
5	17317435	17317693	232	20	92.06	CHG
5	17317435	17317693	2305	965	70.49	CHH
5	21464548	21464805	1828	1024	64.10	CHH
5	22429520	22429752	129	2	98.47	CG
5	22429520	22429752	77	23	77.00	CHG
5	22429520	22429752	1512	894	62.84	CHH
5	22973734	22973969	1014	1146	46.94	CHH
5	26950841	26950938	83	3	96.51	CG
5	26950841	26950938	733	556	56.87	CHH
6	4186290	4186414	561	984	36.31	CHH
6	6081368	6081698	170	710	19.32	CG
6	6081368	6081698	115	338	25.39	CHG
6	6081368	6081698	811	2625	23.60	CHH
6	9469938	9470183	1453	1018	58.80	CHH
6	11305250	11305430	54	274	16.46	CG
6	11305250	11305430	17	37	31.48	CHG
6	11305250	11305430	489	976	33.38	CHH
6	13738650	13738842	93	7	93.00	CG
6	13738650	13738842	77	155	33.19	CHG
6	13738650	13738842	443	913	32.67	CHH
6	20384125	20384463	76	267	22.16	CG
6	20384125	20384463	232	331	41.21	CHG
6	20384125	20384463	1168	2154	35.16	CHH
6	24282820	24282990	99	3	97.06	CHG
6	24282820	24282990	1303	546	70.47	CHH
6	25073298	25073513	118	3	97.52	CG
6	25073298	25073513	97	63	60.62	CHG
6	25073298	25073513	841	1093	43.49	CHH
6	30191023	30191331	264	1	99.62	CG
6	30191023	30191331	524	24	95.62	CHG
6	30191023	30191331	1463	1428	50.61	CHH
7	999031	999589	106	183	36.68	CG
7	999031	999589	323	642	33.47	CHG
7	999031	999589	1426	3306	30.14	CHH
7	3169312	3169590	32	21	60.38	CHG
7	3169312	3169590	1641	1247	56.82	CHH
7	3739834	3740067	188	5	97.41	CG
7	3739834	3740067	100	30	76.92	CHG
7	3739834	3740067	1155	914	55.82	CHH
7	18712663	18712940	1279	2450	34.30	CHH
7	24811648	24811977	69	3	95.83	CG
7	24811648	24811977	58	6	90.62	CHG
7	24811648	24811977	2280	1958	53.80	CHH
8	1575049	1575210	832	1019	44.95	CHH
8	3073639	3073816	45	60	42.86	CG
8	3073639	3073816	200	180	52.63	CHG
8	3073639	3073816	576	1081	34.76	CHH
8	3388417	3388667	128	3	97.71	CG
8	3388417	3388667	96	41	70.07	CHG
8	3388417	3388667	1981	795	71.36	CHH
8	5321619	5321826	65	4	94.20	CG
8	5321619	5321826	26	7	78.79	CHG
8	5321619	5321826	1805	1135	61.39	CHH
8	5680035	5680214	143	0	100.00	CG
8	5680035	5680214	146	11	92.99	CHG
8	5680035	5680214	1218	1305	48.28	CHH
8	5778017	5778213	151	369	29.04	CG
8	5778017	5778213	127	112	53.14	CHG
8	5778017	5778213	462	424	52.14	CHH
8	6111458	6111746	316	6	98.14	CG
8	6111458	6111746	224	77	74.42	CHG
8	6111458	6111746	1171	1886	38.31	CHH
8	11782944	11783090	117	13	90.00	CHG
8	11782944	11783090	751	1114	40.27	CHH
8	15503593	15503835	57	2	96.61	CG
8	15503593	15503835	1394	570	70.98	CHH
8	16978203	16978683	166	3	98.22	CG
8	16978203	16978683	712	226	75.91	CHG
8	16978203	16978683	1316	4862	21.30	CHH
8	20980680	20981040	180	843	17.60	CG
8	20980680	20981040	315	802	28.20	CHG
8	20980680	20981040	843	1703	33.11	CHH
8	21691415	21691967	351	17	95.38	CG
8	21691415	21691967	352	93	79.10	CHG
8	21691415	21691967	1941	3073	38.71	CHH
8	23488434	23488729	417	7	98.35	CG
8	23488434	23488729	167	81	67.34	CHG
8	23488434	23488729	1230	2112	36.80	CHH
8	24768225	24768508	126	73	63.32	CG
8	24768225	24768508	115	219	34.43	CHG
8	24768225	24768508	950	2268	29.52	CHH
8	26169264	26169435	436	5	98.87	CG
8	26169264	26169435	87	33	72.50	CHG
8	26169264	26169435	808	445	64.49	CHH
8	28409753	28410078	116	2	98.31	CG
8	28409753	28410078	168	4	97.67	CHG
8	28409753	28410078	2197	1472	59.88	CHH
9	16086094	16086273	112	21	84.21	CG
9	16086094	16086273	58	37	61.05	CHG
9	16086094	16086273	778	1376	36.12	CHH
10	11192936	11193103	138	3	97.87	CG
10	11192936	11193103	87	55	61.27	CHG
10	11192936	11193103	1223	1052	53.76	CHH
10	13147744	13147963	312	8	97.50	CG
10	13147744	13147963	123	31	79.87	CHG
10	13147744	13147963	1092	1547	41.38	CHH
10	15870323	15870605	80	5	94.12	CG
10	15870323	15870605	205	159	56.32	CHG
10	15870323	15870605	651	840	43.66	CHH
10	18561922	18562175	345	6	98.29	CG
10	18561922	18562175	537	111	82.87	CHG
10	18561922	18562175	1142	1064	51.77	CHH
10	20762313	20762534	33	226	12.74	CG
10	20762313	20762534	75	464	13.91	CHG
10	20762313	20762534	351	1502	18.94	CHH
11	5554822	5555192	151	1	99.34	CG
11	5554822	5555192	710	65	91.61	CHG
11	5554822	5555192	2812	1481	65.50	CHH
11	7332863	7333120	109	3	97.32	CG
11	7332863	7333120	77	47	62.10	CHG
11	7332863	7333120	1114	1095	50.43	CHH
11	8045721	8046006	536	118	81.96	CG
11	8045721	8046006	61	147	29.33	CHG
11	8045721	8046006	560	1853	23.21	CHH
11	14005572	14005699	586	672	46.58	CHH
11	14311549	14311878	912	23	97.54	CG
11	14311549	14311878	299	70	81.03	CHG
11	14311549	14311878	1732	1725	50.10	CHH
11	16979978	16980123	64	1	98.46	CG
11	16979978	16980123	501	1247	28.66	CHH
11	21412886	21413094	511	49	91.25	CG
11	21412886	21413094	206	227	47.58	CHG
11	21412886	21413094	648	1252	34.11	CHH
11	24387545	24387850	306	8	97.45	CG
11	24387545	24387850	638	238	72.83	CHG
11	24387545	24387850	626	2166	22.42	CHH
11	27017648	27017782	76	0	100.00	CG
11	27017648	27017782	82	28	74.55	CHG
11	27017648	27017782	541	914	37.18	CHH
11	27682635	27683583	2200	26	98.83	CG
11	27682635	27683583	1597	273	85.40	CHG
11	27682635	27683583	3270	3539	48.02	CHH
12	961100	961336	136	4	97.14	CG
12	961100	961336	384	230	62.54	CHG
12	961100	961336	885	1178	42.90	CHH
12	21483416	21483688	195	5	97.50	CG
12	21483416	21483688	380	49	88.58	CHG
12	21483416	21483688	897	2444	26.85	CHH
12	22462835	22463098	26	274	8.67	CG
12	22462835	22463098	163	319	33.82	CHG
12	22462835	22463098	1221	1625	42.90	CHH
12	25690213	25690552	290	111	72.32	CG
12	25690213	25690552	91	171	34.73	CHG
12	25690213	25690552	720	1640	30.51	CHH
