1	1377440	1378052	227	16	93.42	CG
1	1377440	1378052	210	147	58.82	CHG
1	1377440	1378052	1373	5375	20.35	CHH
1	1788440	1788928	539	14	97.47	CG
1	1788440	1788928	3	34	8.11	CHG
1	1788440	1788928	773	4920	13.58	CHH
1	2260684	2260758	197	699	21.99	CHH
1	2522960	2523166	538	18	96.76	CG
1	2522960	2523166	33	114	22.45	CHG
1	2522960	2523166	139	2238	5.85	CHH
1	2556818	2558266	4511	115	97.51	CG
1	2556818	2558266	2453	976	71.54	CHG
1	2556818	2558266	1248	9299	11.83	CHH
1	9039676	9042883	4112	68	98.37	CG
1	9039676	9042883	3596	596	85.78	CHG
1	9039676	9042883	4978	26756	15.69	CHH
1	9437012	9437784	1141	66	94.53	CG
1	9437012	9437784	848	304	73.61	CHG
1	9437012	9437784	730	5440	11.83	CHH
1	9767360	9767454	37	7	84.09	CG
1	9767360	9767454	23	24	48.94	CHG
1	9767360	9767454	201	647	23.70	CHH
1	10834154	10834494	32	32	50.00	CHG
1	10834154	10834494	678	2599	20.69	CHH
1	10925172	10926295	2451	150	94.23	CG
1	10925172	10926295	939	1384	40.42	CHG
1	10925172	10926295	871	9339	8.53	CHH
1	10926897	10927718	2506	190	92.95	CG
1	10926897	10927718	1803	1078	62.58	CHG
1	10926897	10927718	517	6185	7.71	CHH
1	11360960	11364336	5334	365	93.60	CG
1	11360960	11364336	2806	2439	53.50	CHG
1	11360960	11364336	3213	30152	9.63	CHH
1	11470931	11471326	449	115	79.61	CG
1	11470931	11471326	157	226	40.99	CHG
1	11470931	11471326	256	3066	7.71	CHH
1	11471508	11474133	2557	124	95.37	CG
1	11471508	11474133	2760	2614	51.36	CHG
1	11471508	11474133	1702	24004	6.62	CHH
1	14333472	14335930	5577	531	91.31	CG
1	14333472	14335930	2122	2034	51.06	CHG
1	14333472	14335930	2125	19651	9.76	CHH
1	14336094	14337863	2953	200	93.66	CG
1	14336094	14337863	1735	1574	52.43	CHG
1	14336094	14337863	1572	15483	9.22	CHH
1	14338097	14339310	2290	214	91.45	CG
1	14338097	14339310	622	963	39.24	CHG
1	14338097	14339310	765	10885	6.57	CHH
1	14358588	14358799	120	9	93.02	CG
1	14358588	14358799	102	54	65.38	CHG
1	14358588	14358799	935	993	48.50	CHH
1	14961883	14962784	1065	1354	44.03	CG
1	14961883	14962784	366	1600	18.62	CHG
1	14961883	14962784	401	7474	5.09	CHH
1	16709412	16710638	2820	85	97.07	CG
1	16709412	16710638	1462	867	62.77	CHG
1	16709412	16710638	1513	8151	15.66	CHH
1	20811098	20811408	159	311	33.83	CG
1	20811098	20811408	107	468	18.61	CHG
1	20811098	20811408	213	2826	7.01	CHH
1	24162719	24162945	1118	1333	45.61	CHH
1	25253730	25254035	109	716	13.21	CG
1	25253730	25254035	28	381	6.85	CHG
1	25253730	25254035	175	3300	5.04	CHH
1	25313000	25313256	46	697	6.19	CG
1	25313000	25313256	18	531	3.28	CHG
1	25313000	25313256	127	1768	6.70	CHH
1	28200381	28201852	1584	60	96.35	CG
1	28200381	28201852	1009	958	51.30	CHG
1	28200381	28201852	1472	14253	9.36	CHH
1	28202027	28203259	1610	80	95.27	CG
1	28202027	28203259	830	599	58.08	CHG
1	28202027	28203259	981	11974	7.57	CHH
1	28212608	28214734	3360	160	95.45	CG
1	28212608	28214734	1830	783	70.03	CHG
1	28212608	28214734	2358	20939	10.12	CHH
1	30431887	30432457	625	29	95.57	CG
1	30431887	30432457	119	102	53.85	CHG
1	30431887	30432457	2362	3429	40.79	CHH
1	30810046	30810702	751	436	63.27	CG
1	30810046	30810702	89	351	20.23	CHG
1	30810046	30810702	450	6322	6.65	CHH
1	35537016	35537182	681	1286	34.62	CHH
1	40395626	40395876	60	19	75.95	CG
1	40395626	40395876	1094	1516	41.92	CHH
1	41155306	41155562	10	72	12.20	CHG
1	41155306	41155562	1261	1774	41.55	CHH
2	1869793	1870778	2742	105	96.31	CG
2	1869793	1870778	1895	684	73.48	CHG
2	1869793	1870778	2502	7570	24.84	CHH
2	2040558	2041143	910	99	90.19	CG
2	2040558	2041143	568	271	67.70	CHG
2	2040558	2041143	408	5352	7.08	CHH
2	3701574	3702250	533	107	83.28	CG
2	3701574	3702250	252	643	28.16	CHG
2	3701574	3702250	989	6666	12.92	CHH
2	4194209	4194385	93	23	80.17	CHG
2	4194209	4194385	905	1019	47.04	CHH
2	4947306	4947538	77	7	91.67	CG
2	4947306	4947538	545	2077	20.79	CHH
2	5499042	5499299	535	18	96.75	CG
2	5499042	5499299	327	83	79.76	CHG
2	5499042	5499299	318	2278	12.25	CHH
2	5902991	5906606	4451	313	93.43	CG
2	5902991	5906606	4579	4048	53.08	CHG
2	5902991	5906606	3212	34531	8.51	CHH
2	6762287	6762792	413	29	93.44	CG
2	6762287	6762792	252	261	49.12	CHG
2	6762287	6762792	282	4614	5.76	CHH
2	6796212	6796945	60	1401	4.11	CG
2	6796212	6796945	69	1401	4.69	CHG
2	6796212	6796945	308	5718	5.11	CHH
2	6797386	6798332	1057	325	76.48	CG
2	6797386	6798332	453	913	33.16	CHG
2	6797386	6798332	787	8043	8.91	CHH
2	7606176	7607483	1212	72	94.39	CG
2	7606176	7607483	657	785	45.56	CHG
2	7606176	7607483	1147	14279	7.44	CHH
2	7607731	7609075	1699	743	69.57	CG
2	7607731	7609075	455	1252	26.65	CHG
2	7607731	7609075	960	12598	7.08	CHH
2	8343974	8344975	1241	71	94.59	CG
2	8343974	8344975	803	484	62.39	CHG
2	8343974	8344975	1202	8654	12.20	CHH
2	8345745	8345938	281	6	97.91	CG
2	8345745	8345938	100	152	39.68	CHG
2	8345745	8345938	110	2071	5.04	CHH
2	12333889	12333999	168	4	97.67	CG
2	12333889	12333999	85	82	50.90	CHG
2	12333889	12333999	88	1372	6.03	CHH
2	13583003	13585128	2067	105	95.17	CG
2	13583003	13585128	3983	1034	79.39	CHG
2	13583003	13585128	2064	20019	9.35	CHH
2	13872268	13872613	166	284	36.89	CG
2	13872268	13872613	70	627	10.04	CHG
2	13872268	13872613	169	3526	4.57	CHH
2	19469869	19471775	4203	838	83.38	CG
2	19469869	19471775	1244	2508	33.16	CHG
2	19469869	19471775	1230	16930	6.77	CHH
2	19977858	19978135	342	42	89.06	CG
2	19977858	19978135	296	395	42.84	CHG
2	19977858	19978135	180	2601	6.47	CHH
2	20745916	20746102	154	5	96.86	CG
2	20745916	20746102	82	33	71.30	CHG
2	20745916	20746102	464	1654	21.91	CHH
2	25258399	25258520	318	1072	22.88	CHH
2	28737277	28737416	219	1610	11.97	CHH
2	34952974	34953385	1133	66	94.50	CG
2	34952974	34953385	398	248	61.61	CHG
2	34952974	34953385	411	4322	8.68	CHH
2	34955560	34955809	1186	1550	43.35	CHH
3	1354664	1354914	314	15	95.44	CG
3	1354664	1354914	288	155	65.01	CHG
3	1354664	1354914	400	2101	15.99	CHH
3	8409618	8409743	7	376	1.83	CG
3	8409618	8409743	33	298	9.97	CHG
3	8409618	8409743	96	1363	6.58	CHH
3	9319923	9320317	313	16	95.14	CG
3	9319923	9320317	56	33	62.92	CHG
3	9319923	9320317	276	2673	9.36	CHH
3	15113224	15113412	172	1864	8.45	CHH
3	17308009	17308190	54	1	98.18	CG
3	17308009	17308190	50	16	75.76	CHG
3	17308009	17308190	238	1749	11.98	CHH
3	20792869	20793598	56	476	10.53	CG
3	20792869	20793598	87	864	9.15	CHG
3	20792869	20793598	438	6711	6.13	CHH
3	22406998	22410666	2644	1172	69.29	CG
3	22406998	22410666	3222	2491	56.40	CHG
3	22406998	22410666	2654	33525	7.34	CHH
3	23359385	23359602	122	15	89.05	CG
3	23359385	23359602	4	33	10.81	CHG
3	23359385	23359602	216	2093	9.35	CHH
3	24569402	24572072	3732	198	94.96	CG
3	24569402	24572072	3201	1098	74.46	CHG
3	24569402	24572072	2986	24800	10.75	CHH
3	24603937	24605042	2090	92	95.78	CG
3	24603937	24605042	1517	1100	57.97	CHG
3	24603937	24605042	925	11044	7.73	CHH
3	26143599	26144289	497	667	42.70	CG
3	26143599	26144289	174	1165	12.99	CHG
3	26143599	26144289	539	7031	7.12	CHH
3	27619055	27619344	208	76	73.24	CG
3	27619055	27619344	211	207	50.48	CHG
3	27619055	27619344	239	3163	7.03	CHH
3	27619956	27621480	1164	2123	35.41	CG
3	27619956	27621480	279	2254	11.01	CHG
3	27619956	27621480	579	11866	4.65	CHH
3	28228225	28228487	1090	2705	28.72	CHH
3	29750151	29752956	5243	104	98.05	CG
3	29750151	29752956	2824	772	78.53	CHG
3	29750151	29752956	3456	27001	11.35	CHH
3	29885011	29885181	75	3	96.15	CG
3	29885011	29885181	65	35	65.00	CHG
3	29885011	29885181	672	1543	30.34	CHH
3	30100210	30100463	94	4	95.92	CG
3	30100210	30100463	582	2745	17.49	CHH
3	30830679	30830818	653	905	41.91	CHH
3	32182087	32182430	60	8	88.24	CG
3	32182087	32182430	14	66	17.50	CHG
3	32182087	32182430	1809	2493	42.05	CHH
4	19683995	19684552	548	630	46.52	CG
4	19683995	19684552	198	1220	13.96	CHG
4	19683995	19684552	345	5681	5.73	CHH
4	19744896	19745083	83	46	64.34	CG
4	19744896	19745083	295	1733	14.55	CHH
4	21627729	21627912	148	12	92.50	CG
4	21627729	21627912	103	10	91.15	CHG
4	21627729	21627912	1446	665	68.50	CHH
4	24030042	24030690	389	19	95.34	CG
4	24030042	24030690	433	194	69.06	CHG
4	24030042	24030690	1477	5658	20.70	CHH
4	27907257	27907388	70	7	90.91	CG
4	27907257	27907388	5	37	11.90	CHG
4	27907257	27907388	384	1385	21.71	CHH
4	30176025	30176485	258	49	84.04	CG
4	30176025	30176485	22	126	14.86	CHG
4	30176025	30176485	2175	3161	40.76	CHH
4	35050130	35050413	2	284	0.70	CG
4	35050130	35050413	20	413	4.62	CHG
4	35050130	35050413	154	2791	5.23	CHH
4	35050645	35051479	1142	145	88.73	CG
4	35050645	35051479	413	860	32.44	CHG
4	35050645	35051479	532	6808	7.25	CHH
4	35051684	35052572	2578	88	96.70	CG
4	35051684	35052572	846	558	60.26	CHG
4	35051684	35052572	996	9697	9.31	CHH
4	35052766	35053258	275	1003	21.52	CG
4	35052766	35053258	152	937	13.96	CHG
4	35052766	35053258	287	4087	6.56	CHH
5	1135886	1136509	417	920	31.19	CG
5	1135886	1136509	257	1572	14.05	CHG
5	1135886	1136509	393	5810	6.34	CHH
5	1681288	1681619	14	574	2.38	CG
5	1681288	1681619	51	536	8.69	CHG
5	1681288	1681619	273	2813	8.85	CHH
5	4826765	4827929	1002	84	92.27	CG
5	4826765	4827929	918	488	65.29	CHG
5	4826765	4827929	1212	10749	10.13	CHH
5	4828099	4828891	74	1429	4.92	CG
5	4828099	4828891	136	1382	8.96	CHG
5	4828099	4828891	386	7603	4.83	CHH
5	4830291	4831171	441	959	31.50	CG
5	4830291	4831171	266	976	21.42	CHG
5	4830291	4831171	557	7711	6.74	CHH
5	6765407	6765604	148	13	91.93	CG
5	6765407	6765604	128	90	58.72	CHG
5	6765407	6765604	236	1651	12.51	CHH
5	10917777	10919451	2428	120	95.29	CG
5	10917777	10919451	1988	1321	60.08	CHG
5	10917777	10919451	1282	13743	8.53	CHH
5	11242827	11244802	2369	118	95.26	CG
5	11242827	11244802	2642	859	75.46	CHG
5	11242827	11244802	1992	19356	9.33	CHH
5	21149049	21149184	2	371	0.54	CG
5	21149049	21149184	33	359	8.42	CHG
5	21149049	21149184	53	1353	3.77	CHH
5	21857485	21857720	281	10	96.56	CG
5	21857485	21857720	292	127	69.69	CHG
5	21857485	21857720	216	2219	8.87	CHH
5	25347572	25347835	118	422	21.85	CG
5	25347572	25347835	23	550	4.01	CHG
5	25347572	25347835	126	2838	4.25	CHH
5	25348057	25348813	360	38	90.45	CG
5	25348057	25348813	227	1642	12.15	CHG
5	25348057	25348813	401	6585	5.74	CHH
5	25352498	25355138	2401	724	76.83	CG
5	25352498	25355138	1493	3178	31.96	CHG
5	25352498	25355138	1831	24164	7.04	CHH
5	25355297	25357051	2466	108	95.80	CG
5	25355297	25357051	1487	955	60.89	CHG
5	25355297	25357051	1723	15270	10.14	CHH
5	26872353	26874176	1639	1793	47.76	CG
5	26872353	26874176	978	1613	37.75	CHG
5	26872353	26874176	1584	17340	8.37	CHH
5	26989629	26989802	32	19	62.75	CHG
5	26989629	26989802	1255	666	65.33	CHH
6	6078118	6079550	1567	72	95.61	CG
6	6078118	6079550	1859	1800	50.81	CHG
6	6078118	6079550	1055	12939	7.54	CHH
6	6079751	6080866	1966	90	95.62	CG
6	6079751	6080866	1205	452	72.72	CHG
6	6079751	6080866	861	10547	7.55	CHH
6	7535836	7537636	1431	983	59.28	CG
6	7535836	7537636	902	2376	27.52	CHG
6	7535836	7537636	1483	17229	7.93	CHH
6	7537860	7538806	2417	78	96.87	CG
6	7537860	7538806	870	601	59.14	CHG
6	7537860	7538806	742	9000	7.62	CHH
6	7540556	7540748	83	46	64.34	CG
6	7540556	7540748	369	1242	22.91	CHH
6	7725720	7725950	316	16	95.18	CG
6	7725720	7725950	215	258	45.45	CHG
6	7725720	7725950	78	1409	5.25	CHH
6	11302246	11302995	682	33	95.38	CG
6	11302246	11302995	747	729	50.61	CHG
6	11302246	11302995	570	5418	9.52	CHH
6	11303180	11304874	3038	149	95.32	CG
6	11303180	11304874	1670	964	63.40	CHG
6	11303180	11304874	1704	16827	9.20	CHH
6	13428012	13431273	3444	191	94.75	CG
6	13428012	13431273	4042	1420	74.00	CHG
6	13428012	13431273	3268	31260	9.46	CHH
6	17321639	17321861	7	224	3.03	CG
6	17321639	17321861	32	475	6.31	CHG
6	17321639	17321861	170	2122	7.42	CHH
6	22376044	22376666	355	98	78.37	CG
6	22376044	22376666	34	244	12.23	CHG
6	22376044	22376666	595	6044	8.96	CHH
6	23537611	23537873	93	28	76.86	CHG
6	23537611	23537873	578	2079	21.75	CHH
6	25078471	25078618	22	55	28.57	CHG
6	25078471	25078618	335	1438	18.89	CHH
6	25314682	25315364	398	20	95.22	CG
6	25314682	25315364	347	153	69.40	CHG
6	25314682	25315364	1846	6089	23.26	CHH
6	26183206	26183498	77	10	88.51	CG
6	26183206	26183498	1102	2694	29.03	CHH
6	27799633	27800383	11	488	2.20	CG
6	27799633	27800383	37	913	3.89	CHG
6	27799633	27800383	332	7787	4.09	CHH
6	27801639	27802209	28	502	5.28	CG
6	27801639	27802209	35	730	4.58	CHG
6	27801639	27802209	252	3772	6.26	CHH
6	27807200	27808739	2006	422	82.62	CG
6	27807200	27808739	1573	2240	41.25	CHG
6	27807200	27808739	1296	15113	7.90	CHH
6	29377073	29378367	2494	70	97.27	CG
6	29377073	29378367	2088	699	74.92	CHG
6	29377073	29378367	1763	11435	13.36	CHH
6	29378560	29380306	4250	141	96.79	CG
6	29378560	29380306	2044	1042	66.23	CHG
6	29378560	29380306	4063	13278	23.43	CHH
7	436559	436644	232	811	22.24	CHH
7	3142735	3143078	677	18	97.41	CG
7	3142735	3143078	360	391	47.94	CHG
7	3142735	3143078	470	3415	12.10	CHH
7	3220899	3221205	65	14	82.28	CG
7	3220899	3221205	741	3320	18.25	CHH
7	4348747	4349352	740	82	90.02	CG
7	4348747	4349352	202	313	39.22	CHG
7	4348747	4349352	321	4397	6.80	CHH
7	4349624	4350850	2283	90	96.21	CG
7	4349624	4350850	1306	833	61.06	CHG
7	4349624	4350850	663	9884	6.29	CHH
7	4351012	4351916	1373	55	96.15	CG
7	4351012	4351916	958	481	66.57	CHG
7	4351012	4351916	925	7673	10.76	CHH
7	4373857	4376166	2459	468	84.01	CG
7	4373857	4376166	783	2805	21.82	CHG
7	4373857	4376166	1860	21993	7.80	CHH
7	6141659	6141862	710	16	97.80	CG
7	6141659	6141862	302	138	68.64	CHG
7	6141659	6141862	530	2181	19.55	CHH
7	8294134	8294483	11	542	1.99	CG
7	8294134	8294483	27	620	4.17	CHG
7	8294134	8294483	214	3508	5.75	CHH
7	8296050	8297360	1169	54	95.58	CG
7	8296050	8297360	698	785	47.07	CHG
7	8296050	8297360	956	11935	7.42	CHH
7	8297831	8298242	297	17	94.59	CG
7	8297831	8298242	306	392	43.84	CHG
7	8297831	8298242	279	3833	6.79	CHH
7	8993394	8993705	134	17	88.74	CG
7	8993394	8993705	506	2852	15.07	CHH
7	15188698	15188829	18	55	24.66	CHG
7	15188698	15188829	116	1735	6.27	CHH
7	15677983	15678606	345	546	38.72	CG
7	15677983	15678606	150	763	16.43	CHG
7	15677983	15678606	222	3978	5.29	CHH
7	15715017	15716282	1203	642	65.20	CG
7	15715017	15716282	878	2155	28.95	CHG
7	15715017	15716282	782	10453	6.96	CHH
7	15716649	15717550	1534	57	96.42	CG
7	15716649	15717550	844	629	57.30	CHG
7	15716649	15717550	990	8206	10.77	CHH
7	15987686	15990374	2505	267	90.37	CG
7	15987686	15990374	1520	2002	43.16	CHG
7	15987686	15990374	1740	26407	6.18	CHH
7	16599468	16599909	122	114	51.69	CG
7	16599468	16599909	55	887	5.84	CHG
7	16599468	16599909	195	4448	4.20	CHH
7	18624941	18625154	62	1	98.41	CG
7	18624941	18625154	48	51	48.48	CHG
7	18624941	18625154	600	1762	25.40	CHH
7	19254932	19255653	70	711	8.96	CG
7	19254932	19255653	71	2119	3.24	CHG
7	19254932	19255653	356	5497	6.08	CHH
7	20003073	20003442	295	611	32.56	CG
7	20003073	20003442	55	412	11.78	CHG
7	20003073	20003442	222	3234	6.42	CHH
7	20004260	20004538	19	548	3.35	CG
7	20004260	20004538	66	665	9.03	CHG
7	20004260	20004538	151	2686	5.32	CHH
7	22460506	22460644	16	831	1.89	CG
7	22460506	22460644	20	266	6.99	CHG
7	22460506	22460644	41	1016	3.88	CHH
7	24948880	24949085	751	1670	31.02	CHH
7	25909857	25910353	481	49	90.75	CG
7	25909857	25910353	504	469	51.80	CHG
7	25909857	25910353	744	4623	13.86	CHH
7	27169621	27169836	1	69	1.43	CG
7	27169621	27169836	25	565	4.24	CHG
7	27169621	27169836	129	2297	5.32	CHH
7	27307263	27307688	631	26	96.04	CG
7	27307263	27307688	357	307	53.77	CHG
7	27307263	27307688	459	2907	13.64	CHH
8	5778397	5779045	864	239	78.33	CG
8	5778397	5779045	282	876	24.35	CHG
8	5778397	5779045	322	4551	6.61	CHH
8	5779226	5780049	438	261	62.66	CG
8	5779226	5780049	57	880	6.08	CHG
8	5779226	5780049	732	7385	9.02	CHH
8	7765923	7766237	279	16	94.58	CG
8	7765923	7766237	103	194	34.68	CHG
8	7765923	7766237	131	3009	4.17	CHH
8	7766623	7766940	366	26	93.37	CG
8	7766623	7766940	254	269	48.57	CHG
8	7766623	7766940	199	2876	6.47	CHH
8	7767812	7769432	1638	137	92.28	CG
8	7767812	7769432	1107	899	55.18	CHG
8	7767812	7769432	1214	15989	7.06	CHH
8	10497174	10498216	1507	44	97.16	CG
8	10497174	10498216	731	264	73.47	CHG
8	10497174	10498216	1171	9214	11.28	CHH
8	10498395	10499575	711	99	87.78	CG
8	10498395	10499575	565	1033	35.36	CHG
8	10498395	10499575	733	11042	6.23	CHH
8	15456518	15458380	3453	111	96.89	CG
8	15456518	15458380	2412	1060	69.47	CHG
8	15456518	15458380	1836	19224	8.72	CHH
8	15458644	15461086	2831	142	95.22	CG
8	15458644	15461086	1873	1027	64.59	CHG
8	15458644	15461086	2440	22376	9.83	CHH
8	21692817	21694038	1488	131	91.91	CG
8	21692817	21694038	1549	887	63.59	CHG
8	21692817	21694038	1254	12725	8.97	CHH
8	22741998	22742320	22	59	27.16	CHG
8	22741998	22742320	1133	2520	31.02	CHH
8	24735337	24736197	741	50	93.68	CG
8	24735337	24736197	534	779	40.67	CHG
8	24735337	24736197	544	9148	5.61	CHH
8	24968997	24969171	59	3	95.16	CG
8	24968997	24969171	59	33	64.13	CHG
8	24968997	24969171	513	1548	24.89	CHH
8	27145493	27145904	114	421	21.31	CG
8	27145493	27145904	29	283	9.29	CHG
8	27145493	27145904	226	3214	6.57	CHH
8	27146154	27147151	870	236	78.66	CG
8	27146154	27147151	154	551	21.84	CHG
8	27146154	27147151	878	10173	7.94	CHH
9	12622010	12622195	31	571	5.15	CG
9	12622010	12622195	5	166	2.92	CHG
9	12622010	12622195	122	1807	6.32	CHH
9	12622461	12622831	537	442	54.85	CG
9	12622461	12622831	86	284	23.24	CHG
9	12622461	12622831	320	3827	7.72	CHH
9	15228404	15229163	803	136	85.52	CG
9	15228404	15229163	437	855	33.82	CHG
9	15228404	15229163	859	7780	9.94	CHH
9	16724009	16725093	798	14	98.28	CG
9	16724009	16725093	670	617	52.06	CHG
9	16724009	16725093	688	9236	6.93	CHH
9	16725343	16726536	2290	149	93.89	CG
9	16725343	16726536	1073	766	58.35	CHG
9	16725343	16726536	836	11456	6.80	CHH
9	19098095	19098253	70	4	94.59	CG
9	19098095	19098253	112	39	74.17	CHG
9	19098095	19098253	1287	729	63.84	CHH
9	21886164	21886293	245	1549	13.66	CHH
10	403342	404217	1073	795	57.44	CG
10	403342	404217	378	1846	17.00	CHG
10	403342	404217	639	6770	8.62	CHH
10	707135	707736	1319	536	71.11	CG
10	707135	707736	197	1895	9.42	CHG
10	707135	707736	372	5409	6.43	CHH
10	708160	710138	5639	153	97.36	CG
10	708160	710138	2501	1596	61.04	CHG
10	708160	710138	1674	15311	9.86	CHH
10	1838124	1838526	134	15	89.93	CG
10	1838124	1838526	53	19	73.61	CHG
10	1838124	1838526	1526	2955	34.05	CHH
10	1890175	1890720	578	44	92.93	CG
10	1890175	1890720	226	657	25.59	CHG
10	1890175	1890720	517	5063	9.27	CHH
10	5680298	5680662	838	665	55.76	CG
10	5680298	5680662	158	1573	9.13	CHG
10	5680298	5680662	146	3170	4.40	CHH
10	5930107	5931241	2154	137	94.02	CG
10	5930107	5931241	644	2288	21.96	CHG
10	5930107	5931241	625	9347	6.27	CHH
10	5931400	5931895	866	60	93.52	CG
10	5931400	5931895	328	767	29.95	CHG
10	5931400	5931895	347	4616	6.99	CHH
10	5933659	5934116	11	852	1.27	CG
10	5933659	5934116	33	1012	3.16	CHG
10	5933659	5934116	116	2527	4.39	CHH
10	6420591	6420748	8	305	2.56	CHG
10	6420591	6420748	70	1307	5.08	CHH
10	15986962	15990245	4161	275	93.80	CG
10	15986962	15990245	2679	3048	46.78	CHG
10	15986962	15990245	2165	32823	6.19	CHH
10	15991567	15992011	12	1043	1.14	CG
10	15991567	15992011	60	1352	4.25	CHG
10	15991567	15992011	175	4478	3.76	CHH
10	16004469	16005053	118	2450	4.60	CG
10	16004469	16005053	155	1693	8.39	CHG
10	16004469	16005053	373	4035	8.46	CHH
10	16006434	16007004	82	1491	5.21	CG
10	16006434	16007004	97	1234	7.29	CHG
10	16006434	16007004	239	3523	6.35	CHH
10	18101624	18101816	447	25	94.70	CG
10	18101624	18101816	240	183	56.74	CHG
10	18101624	18101816	904	1349	40.12	CHH
10	20291443	20292459	2562	79	97.01	CG
10	20291443	20292459	1160	464	71.43	CHG
10	20291443	20292459	1527	7817	16.34	CHH
10	20777405	20778626	2120	64	97.07	CG
10	20777405	20778626	1525	817	65.12	CHG
10	20777405	20778626	2635	10664	19.81	CHH
10	20778820	20779263	59	541	9.83	CG
10	20778820	20779263	48	1297	3.57	CHG
10	20778820	20779263	231	4358	5.03	CHH
10	22690213	22690439	1357	730	65.02	CHH
11	569050	569549	123	3	97.62	CG
11	569050	569549	498	221	69.26	CHG
11	569050	569549	1901	3593	34.60	CHH
11	1878755	1878890	6	155	3.73	CG
11	1878755	1878890	28	242	10.37	CHG
11	1878755	1878890	85	1284	6.21	CHH
11	1947206	1947542	71	0	100.00	CG
11	1947206	1947542	297	3053	8.87	CHH
11	2541708	2543393	394	1261	23.81	CG
11	2541708	2543393	288	4040	6.65	CHG
11	2541708	2543393	1342	18070	6.91	CHH
11	7731537	7734405	2360	145	94.21	CG
11	7731537	7734405	2502	1507	62.41	CHG
11	7731537	7734405	2567	29251	8.07	CHH
11	7740288	7741705	2767	502	84.64	CG
11	7740288	7741705	1325	1289	50.69	CHG
11	7740288	7741705	963	11303	7.85	CHH
11	7741944	7742391	277	418	39.86	CG
11	7741944	7742391	195	1123	14.80	CHG
11	7741944	7742391	354	3781	8.56	CHH
11	11662804	11663369	328	20	94.25	CG
11	11662804	11663369	432	107	80.15	CHG
11	11662804	11663369	1003	4822	17.22	CHH
11	13632522	13632647	9	271	3.21	CHG
11	13632522	13632647	47	982	4.57	CHH
11	14006096	14006227	97	1139	7.85	CHH
11	16006890	16007049	50	3	94.34	CG
11	16006890	16007049	17	10	62.96	CHG
11	16006890	16007049	691	833	45.34	CHH
11	16330929	16332016	643	755	45.99	CG
11	16330929	16332016	506	2141	19.12	CHG
11	16330929	16332016	1117	9818	10.21	CHH
11	16332352	16336587	6962	1058	86.81	CG
11	16332352	16336587	4052	4232	48.91	CHG
11	16332352	16336587	3437	38932	8.11	CHH
11	19478887	19479310	410	36	91.93	CG
11	19478887	19479310	186	832	18.27	CHG
11	19478887	19479310	236	3827	5.81	CHH
11	20707212	20707528	13	306	4.08	CG
11	20707212	20707528	21	769	2.66	CHG
11	20707212	20707528	108	2435	4.25	CHH
11	21197890	21198236	82	62	56.94	CHG
11	21197890	21198236	2149	2568	45.56	CHH
11	23435202	23435727	91	126	41.94	CG
11	23435202	23435727	99	1328	6.94	CHG
11	23435202	23435727	268	5049	5.04	CHH
11	24391044	24392970	1750	71	96.10	CG
11	24391044	24392970	2643	2253	53.98	CHG
11	24391044	24392970	1444	19054	7.04	CHH
11	24393313	24394212	724	131	84.68	CG
11	24393313	24394212	957	888	51.87	CHG
11	24393313	24394212	609	7934	7.13	CHH
11	24395075	24395260	18	281	6.02	CG
11	24395075	24395260	11	98	10.09	CHG
11	24395075	24395260	94	1734	5.14	CHH
11	26205598	26205997	179	90	66.54	CG
11	26205598	26205997	37	428	7.96	CHG
11	26205598	26205997	142	3567	3.83	CHH
12	1816647	1816809	65	9	87.84	CG
12	1816647	1816809	540	1276	29.74	CHH
12	4729330	4730513	1219	133	90.16	CG
12	4729330	4730513	494	819	37.62	CHG
12	4729330	4730513	815	12392	6.17	CHH
12	4730790	4736244	6146	331	94.89	CG
12	4730790	4736244	4798	3358	58.83	CHG
12	4730790	4736244	4098	55314	6.90	CHH
12	4736420	4737233	1280	130	90.78	CG
12	4736420	4737233	343	1084	24.04	CHG
12	4736420	4737233	583	6643	8.07	CHH
12	4900521	4901766	1171	99	92.20	CG
12	4900521	4901766	455	1196	27.56	CHG
12	4900521	4901766	658	11593	5.37	CHH
12	5021892	5024116	1388	68	95.33	CG
12	5021892	5024116	2412	1997	54.71	CHG
12	5021892	5024116	1743	19119	8.35	CHH
12	5024498	5027592	1858	105	94.65	CG
12	5024498	5027592	2912	2923	49.91	CHG
12	5024498	5027592	2991	31167	8.76	CHH
12	11362213	11362441	76	6	92.68	CG
12	11362213	11362441	23	41	35.94	CHG
12	11362213	11362441	514	2162	19.21	CHH
12	17500982	17502112	674	400	62.76	CG
12	17500982	17502112	502	859	36.88	CHG
12	17500982	17502112	689	11402	5.70	CHH
12	17502305	17503335	1643	86	95.03	CG
12	17502305	17503335	416	326	56.06	CHG
12	17502305	17503335	596	8353	6.66	CHH
12	17984560	17985250	25	946	2.57	CG
12	17984560	17985250	63	1072	5.55	CHG
12	17984560	17985250	298	6500	4.38	CHH
12	17985763	17986319	564	219	72.03	CG
12	17985763	17986319	90	335	21.18	CHG
12	17985763	17986319	318	5165	5.80	CHH
12	18393551	18394277	503	538	48.32	CG
12	18393551	18394277	63	698	8.28	CHG
12	18393551	18394277	421	6872	5.77	CHH
12	19120680	19120950	66	57	53.66	CG
12	19120680	19120950	31	32	49.21	CHG
12	19120680	19120950	433	2614	14.21	CHH
12	24728431	24728725	40	617	6.09	CG
12	24728431	24728725	115	1065	9.75	CHG
12	24728431	24728725	259	2677	8.82	CHH
12	24729444	24730180	2317	192	92.35	CG
12	24729444	24730180	1223	1338	47.75	CHG
12	24729444	24730180	705	5063	12.22	CHH
12	24734143	24734410	3	405	0.74	CG
12	24734143	24734410	65	1131	5.43	CHG
12	24734143	24734410	165	2204	6.96	CHH
12	25119408	25119711	505	20	96.19	CG
12	25119408	25119711	196	341	36.50	CHG
12	25119408	25119711	204	2789	6.82	CHH
1	4981767	4981906	540	750	41.86	CHH
1	18984904	18985083	72	4	94.74	CG
1	18984904	18985083	32	79	28.83	CHG
1	18984904	18985083	351	1898	15.61	CHH
1	27335823	27335919	157	44	78.11	CG
1	27335823	27335919	13	87	13.00	CHG
1	27335823	27335919	125	805	13.44	CHH
1	39322830	39323057	338	28	92.35	CG
1	39322830	39323057	123	212	36.72	CHG
1	39322830	39323057	123	2472	4.74	CHH
2	4474885	4475212	663	19	97.21	CG
2	4474885	4475212	204	162	55.74	CHG
2	4474885	4475212	810	2719	22.95	CHH
2	17785746	17785984	150	9	94.34	CG
2	17785746	17785984	1263	1529	45.24	CHH
2	24587774	24587906	96	13	88.07	CG
2	24587774	24587906	48	13	78.69	CHG
2	24587774	24587906	250	1218	17.03	CHH
2	32687570	32687718	41	378	9.79	CG
2	32687570	32687718	24	372	6.06	CHG
2	32687570	32687718	51	1507	3.27	CHH
3	7246619	7246872	683	50	93.18	CG
3	7246619	7246872	127	147	46.35	CHG
3	7246619	7246872	466	2856	14.03	CHH
3	16709783	16710100	600	19	96.93	CG
3	16709783	16710100	315	216	59.32	CHG
3	16709783	16710100	206	2953	6.52	CHH
3	18637898	18638001	59	5	92.19	CG
3	18637898	18638001	294	786	27.22	CHH
3	24572450	24572571	118	1628	6.76	CHH
3	27626160	27626452	263	65	80.18	CG
3	27626160	27626452	23	185	11.06	CHG
3	27626160	27626452	377	2431	13.43	CHH
3	33684752	33685642	1488	86	94.54	CG
3	33684752	33685642	746	780	48.89	CHG
3	33684752	33685642	977	8812	9.98	CHH
4	28531802	28532069	73	12	85.88	CG
4	28531802	28532069	4	43	8.51	CHG
4	28531802	28532069	435	3309	11.62	CHH
4	33656481	33656726	781	21	97.38	CG
4	33656481	33656726	49	98	33.33	CHG
4	33656481	33656726	163	1566	9.43	CHH
5	1135186	1135369	236	67	77.89	CG
5	1135186	1135369	27	266	9.22	CHG
5	1135186	1135369	94	2010	4.47	CHH
6	5377103	5377226	16	49	24.62	CHG
6	5377103	5377226	455	949	32.41	CHH
6	7540043	7540265	184	3	98.40	CG
6	7540043	7540265	64	29	68.82	CHG
6	7540043	7540265	612	1828	25.08	CHH
6	11997277	11997419	234	15	93.98	CG
6	11997277	11997419	65	56	53.72	CHG
6	11997277	11997419	71	1802	3.79	CHH
6	13951510	13951630	126	7	94.74	CG
6	13951510	13951630	157	147	51.64	CHG
6	13951510	13951630	151	1097	12.10	CHH
6	18069889	18070192	344	24	93.48	CG
6	18069889	18070192	214	173	55.30	CHG
6	18069889	18070192	550	2366	18.86	CHH
7	8049142	8049326	676	34	95.21	CG
7	8049142	8049326	138	175	44.09	CHG
7	8049142	8049326	390	2129	15.48	CHH
7	13286370	13286485	286	1208	19.14	CHH
7	26251607	26251758	803	951	45.78	CHH
7	27119822	27120089	65	7	90.28	CG
7	27119822	27120089	10	61	14.08	CHG
7	27119822	27120089	1112	2044	35.23	CHH
7	28376367	28376563	87	3	96.67	CG
7	28376367	28376563	53	32	62.35	CHG
7	28376367	28376563	674	1910	26.08	CHH
8	9447539	9448026	144	1383	9.43	CG
8	9447539	9448026	93	1053	8.12	CHG
8	9447539	9448026	236	3822	5.82	CHH
9	16928122	16928188	99	962	9.33	CHH
10	15986243	15986518	23	40	36.51	CG
10	15986243	15986518	29	371	7.25	CHG
10	15986243	15986518	157	2610	5.67	CHH
12	26052913	26053003	15	325	4.41	CHG
12	26052913	26053003	47	975	4.60	CHH
1	751422	751630	420	40	91.30	CG
1	751422	751630	23	93	19.83	CHG
1	751422	751630	428	2417	15.04	CHH
1	831964	832562	1342	28	97.96	CG
1	831964	832562	1123	142	88.77	CHG
1	831964	832562	981	3592	21.45	CHH
1	1789091	1789350	120	27	81.63	CG
1	1789091	1789350	49	131	27.22	CHG
1	1789091	1789350	597	2482	19.39	CHH
1	2238174	2238281	63	1	98.44	CG
1	2238174	2238281	46	26	63.89	CHG
1	2238174	2238281	112	1387	7.47	CHH
1	2556013	2556619	1067	14	98.70	CG
1	2556013	2556619	1142	329	77.63	CHG
1	2556013	2556619	698	4695	12.94	CHH
1	2558467	2559407	2530	67	97.42	CG
1	2558467	2559407	1033	662	60.94	CHG
1	2558467	2559407	877	8939	8.93	CHH
1	7687746	7687909	66	9	88.00	CG
1	7687746	7687909	3	36	7.69	CHG
1	7687746	7687909	154	1706	8.28	CHH
1	8431744	8431928	76	4	95.00	CG
1	8431744	8431928	693	1284	35.05	CHH
1	9585903	9586147	102	91	52.85	CHG
1	9585903	9586147	822	1804	31.30	CHH
1	11189069	11189507	995	295	77.13	CG
1	11189069	11189507	378	274	57.98	CHG
1	11189069	11189507	469	4096	10.27	CHH
1	11189901	11190194	415	23	94.75	CG
1	11189901	11190194	203	192	51.39	CHG
1	11189901	11190194	249	2166	10.31	CHH
1	11190397	11190945	276	253	52.17	CG
1	11190397	11190945	277	1138	19.58	CHG
1	11190397	11190945	293	4637	5.94	CHH
1	11191256	11191497	738	96	88.49	CG
1	11191256	11191497	158	337	31.92	CHG
1	11191256	11191497	136	1752	7.20	CHH
1	11197847	11198179	562	11	98.08	CG
1	11197847	11198179	702	162	81.25	CHG
1	11197847	11198179	616	2547	19.48	CHH
1	11198539	11198848	328	6	98.20	CG
1	11198539	11198848	250	60	80.65	CHG
1	11198539	11198848	424	2337	15.36	CHH
1	11474845	11475049	357	6	98.35	CG
1	11474845	11475049	181	93	66.06	CHG
1	11474845	11475049	126	2113	5.63	CHH
1	11796108	11796316	37	180	17.05	CG
1	11796108	11796316	30	483	5.85	CHG
1	11796108	11796316	59	1931	2.96	CHH
1	11928347	11928520	136	1516	8.23	CHH
1	11940126	11940209	21	851	2.41	CHH
1	12597813	12598048	843	1519	35.69	CHH
1	14322168	14322402	253	16	94.05	CG
1	14322168	14322402	88	53	62.41	CHG
1	14322168	14322402	876	1506	36.78	CHH
1	14347206	14347429	44	27	61.97	CG
1	14347206	14347429	53	486	9.83	CHG
1	14347206	14347429	131	2337	5.31	CHH
1	14960096	14960238	340	20	94.44	CG
1	14960096	14960238	80	165	32.65	CHG
1	14960096	14960238	153	1385	9.95	CHH
1	17043053	17043218	445	12	97.37	CG
1	17043053	17043218	120	57	67.80	CHG
1	17043053	17043218	224	1052	17.55	CHH
1	18600195	18600325	134	9	93.71	CG
1	18600195	18600325	23	25	47.92	CHG
1	18600195	18600325	184	1063	14.76	CHH
1	18600619	18600880	103	13	88.79	CG
1	18600619	18600880	66	1	98.51	CHG
1	18600619	18600880	200	2290	8.03	CHH
1	20810211	20810573	11	515	2.09	CG
1	20810211	20810573	9	391	2.25	CHG
1	20810211	20810573	160	2606	5.78	CHH
1	26098395	26098876	260	4	98.48	CG
1	26098395	26098876	177	40	81.57	CHG
1	26098395	26098876	2598	2985	46.53	CHH
1	27892634	27893201	274	17	94.16	CG
1	27892634	27893201	424	154	73.36	CHG
1	27892634	27893201	1594	5104	23.80	CHH
1	28104533	28104643	59	1	98.33	CG
1	28104533	28104643	690	415	62.44	CHH
1	28203814	28205463	1196	96	92.57	CG
1	28203814	28205463	1269	1124	53.03	CHG
1	28203814	28205463	1296	15947	7.52	CHH
1	28494153	28494502	63	4	94.03	CG
1	28494153	28494502	105	27	79.55	CHG
1	28494153	28494502	1523	2290	39.94	CHH
1	29054104	29054337	26	480	5.14	CG
1	29054104	29054337	33	732	4.31	CHG
1	29054104	29054337	108	1554	6.50	CHH
1	29054576	29055401	1806	87	95.40	CG
1	29054576	29055401	867	678	56.12	CHG
1	29054576	29055401	623	6380	8.90	CHH
1	30809331	30809656	435	20	95.60	CG
1	30809331	30809656	252	221	53.28	CHG
1	30809331	30809656	223	2937	7.06	CHH
1	30810941	30811279	354	171	67.43	CG
1	30810941	30811279	64	526	10.85	CHG
1	30810941	30811279	221	3551	5.86	CHH
1	31405810	31406074	116	22	84.06	CG
1	31405810	31406074	110	141	43.82	CHG
1	31405810	31406074	1163	1938	37.50	CHH
1	31867822	31868209	162	9	94.74	CG
1	31867822	31868209	1539	3429	30.98	CHH
1	32128407	32128528	77	8	90.59	CG
1	32128407	32128528	675	1185	36.29	CHH
1	32850978	32851159	120	24	83.33	CG
1	32850978	32851159	95	74	56.21	CHG
1	32850978	32851159	1012	1035	49.44	CHH
1	37328188	37328369	128	12	91.43	CG
1	37328188	37328369	66	9	88.00	CHG
1	37328188	37328369	1344	555	70.77	CHH
1	40300213	40300335	206	1255	14.10	CHH
1	40701980	40702243	63	4	94.03	CG
1	40701980	40702243	1791	792	69.34	CHH
1	42087976	42088125	239	1288	15.65	CHH
2	109398	109590	407	13	96.90	CG
2	109398	109590	363	121	75.00	CHG
2	109398	109590	307	1290	19.22	CHH
2	2375551	2375771	675	2011	25.13	CHH
2	6545608	6545822	59	9	86.76	CG
2	6545608	6545822	1102	1517	42.08	CHH
2	6761735	6762038	92	19	82.88	CG
2	6761735	6762038	89	72	55.28	CHG
2	6761735	6762038	184	2160	7.85	CHH
2	7945618	7946024	134	14	90.54	CG
2	7945618	7946024	3	33	8.33	CHG
2	7945618	7946024	323	3890	7.67	CHH
2	8190084	8190413	58	16	78.38	CHG
2	8190084	8190413	1414	3406	29.34	CHH
2	10791440	10791566	186	1598	10.43	CHH
2	11873649	11873886	79	4	95.18	CG
2	11873649	11873886	468	2362	16.54	CHH
2	12097817	12097953	137	6	95.80	CG
2	12097817	12097953	49	1421	3.33	CHH
2	12299222	12299385	37	40	48.05	CHG
2	12299222	12299385	271	1570	14.72	CHH
2	13948832	13949084	97	35	73.48	CHG
2	13948832	13949084	1249	1599	43.86	CHH
2	19211404	19211621	135	11	92.47	CG
2	19211404	19211621	10	22	31.25	CHG
2	19211404	19211621	1030	1338	43.50	CHH
2	19443247	19443361	133	13	91.10	CG
2	19443247	19443361	16	16	50.00	CHG
2	19443247	19443361	131	1047	11.12	CHH
2	22202087	22202425	679	122	84.77	CG
2	22202087	22202425	44	199	18.11	CHG
2	22202087	22202425	411	2935	12.28	CHH
2	22399133	22399342	132	20	86.84	CG
2	22399133	22399342	473	2068	18.61	CHH
2	23077446	23077593	720	1092	39.74	CHH
2	23988341	23988565	37	41	47.44	CHG
2	23988341	23988565	1702	689	71.18	CHH
2	24094388	24094772	49	9	84.48	CG
2	24094388	24094772	146	129	53.09	CHG
2	24094388	24094772	1475	2164	40.53	CHH
2	24968367	24968732	246	32	88.49	CG
2	24968367	24968732	208	190	52.26	CHG
2	24968367	24968732	801	2630	23.35	CHH
2	25971572	25971883	324	685	32.11	CHH
2	27849839	27850325	1242	39	96.96	CG
2	27849839	27850325	308	303	50.41	CHG
2	27849839	27850325	824	4117	16.68	CHH
2	27969163	27969436	124	17	87.94	CG
2	27969163	27969436	79	91	46.47	CHG
2	27969163	27969436	1023	1538	39.95	CHH
2	30949004	30949191	172	10	94.51	CG
2	30949004	30949191	51	33	60.71	CHG
2	30949004	30949191	1058	1789	37.16	CHH
2	32980551	32980821	951	2944	24.42	CHH
2	33970498	33970631	8	197	3.90	CG
2	33970498	33970631	9	376	2.34	CHG
2	33970498	33970631	75	1584	4.52	CHH
2	34234930	34235049	185	782	19.13	CHH
2	34952077	34952811	1007	341	74.70	CG
2	34952077	34952811	354	551	39.12	CHG
2	34952077	34952811	483	6851	6.59	CHH
3	811663	812098	1130	66	94.48	CG
3	811663	812098	220	208	51.40	CHG
3	811663	812098	429	3778	10.20	CHH
3	881089	881240	862	55	94.00	CG
3	881089	881240	23	346	6.23	CHG
3	881089	881240	121	1316	8.42	CHH
3	2169030	2169371	1064	46	95.86	CG
3	2169030	2169371	207	199	50.99	CHG
3	2169030	2169371	429	3488	10.95	CHH
3	3832576	3832832	78	3	96.30	CG
3	3832576	3832832	107	48	69.03	CHG
3	3832576	3832832	2382	682	77.74	CHH
3	6570907	6571273	1079	35	96.86	CG
3	6570907	6571273	183	207	46.92	CHG
3	6570907	6571273	711	4046	14.95	CHH
3	8629457	8629689	67	5	93.06	CG
3	8629457	8629689	82	4	95.35	CHG
3	8629457	8629689	1111	1320	45.70	CHH
3	8942617	8943063	456	17	96.41	CG
3	8942617	8943063	426	109	79.63	CHG
3	8942617	8943063	1145	4770	19.36	CHH
3	11067334	11067625	68	3	95.77	CG
3	11067334	11067625	68	17	80.00	CHG
3	11067334	11067625	1111	2204	33.51	CHH
3	11642409	11642580	95	39	70.90	CHG
3	11642409	11642580	1359	327	80.60	CHH
3	11857284	11857411	17	61	21.79	CHG
3	11857284	11857411	183	1017	15.25	CHH
3	12675151	12675358	76	3	96.20	CG
3	12675151	12675358	17	29	36.96	CHG
3	12675151	12675358	423	2111	16.69	CHH
3	13124743	13124928	122	11	91.73	CG
3	13124743	13124928	58	3	95.08	CHG
3	13124743	13124928	1952	383	83.60	CHH
3	13748697	13748918	77	6	92.77	CHG
3	13748697	13748918	1183	1514	43.86	CHH
3	14057905	14058092	357	34	91.30	CG
3	14057905	14058092	53	52	50.48	CHG
3	14057905	14058092	183	2081	8.08	CHH
3	14749193	14749460	132	18	88.00	CG
3	14749193	14749460	915	2092	30.43	CHH
3	15134383	15134587	272	2109	11.42	CHH
3	15612855	15613292	463	67	87.36	CG
3	15612855	15613292	532	632	45.70	CHG
3	15612855	15613292	532	3905	11.99	CHH
3	16165130	16165592	188	104	64.38	CG
3	16165130	16165592	126	356	26.14	CHG
3	16165130	16165592	236	4278	5.23	CHH
3	20791693	20792712	2058	189	91.59	CG
3	20791693	20792712	1291	1040	55.38	CHG
3	20791693	20792712	680	8719	7.23	CHH
3	24411908	24412466	320	652	32.92	CG
3	24411908	24412466	104	776	11.82	CHG
3	24411908	24412466	426	6542	6.11	CHH
3	24572869	24573120	375	15	96.15	CG
3	24572869	24573120	262	210	55.51	CHG
3	24572869	24573120	266	2373	10.08	CHH
3	24603172	24603395	157	6	96.32	CG
3	24603172	24603395	94	55	63.09	CHG
3	24603172	24603395	267	2633	9.21	CHH
3	24605202	24605537	441	23	95.04	CG
3	24605202	24605537	142	121	53.99	CHG
3	24605202	24605537	186	3286	5.36	CHH
3	24924369	24924505	134	11	92.41	CG
3	24924369	24924505	14	23	37.84	CHG
3	24924369	24924505	682	977	41.11	CHH
3	25320199	25320294	236	774	23.37	CHH
3	26123077	26123398	317	28	91.88	CG
3	26123077	26123398	337	411	45.05	CHG
3	26123077	26123398	295	2697	9.86	CHH
3	26123604	26124463	1961	77	96.22	CG
3	26123604	26124463	1042	686	60.30	CHG
3	26123604	26124463	963	9003	9.66	CHH
3	26819731	26819992	41	38	51.90	CHG
3	26819731	26819992	494	2555	16.20	CHH
3	28511217	28511562	785	31	96.20	CG
3	28511217	28511562	285	189	60.13	CHG
3	28511217	28511562	400	3126	11.34	CHH
3	29675163	29675476	40	4	90.91	CG
3	29675163	29675476	498	2390	17.24	CHH
3	29753155	29753862	722	17	97.70	CG
3	29753155	29753862	738	97	88.38	CHG
3	29753155	29753862	591	6047	8.90	CHH
3	30420791	30420983	979	1423	40.76	CHH
3	31423977	31424278	740	3155	19.00	CHH
3	31722863	31723138	1743	2401	42.06	CHH
3	32006376	32006716	68	9	88.31	CHG
3	32006376	32006716	1552	2347	39.81	CHH
3	32173553	32173723	80	108	42.55	CHG
3	32173553	32173723	72	1493	4.60	CHH
4	468669	468758	272	1106	19.74	CHH
4	7955024	7955201	164	6	96.47	CG
4	7955024	7955201	67	12	84.81	CHG
4	7955024	7955201	771	1210	38.92	CHH
4	15396846	15397090	635	47	93.11	CG
4	15396846	15397090	352	328	51.76	CHG
4	15396846	15397090	200	2323	7.93	CHH
4	19682492	19683811	1622	103	94.03	CG
4	19682492	19683811	497	725	40.67	CHG
4	19682492	19683811	1176	11411	9.34	CHH
4	20001003	20001260	123	21	85.42	CHG
4	20001003	20001260	1525	1632	48.31	CHH
4	20354697	20354786	219	8	96.48	CG
4	20354697	20354786	132	42	75.86	CHG
4	20354697	20354786	50	550	8.33	CHH
4	20595423	20595521	59	9	86.76	CG
4	20595423	20595521	12	22	35.29	CHG
4	20595423	20595521	186	1081	14.68	CHH
4	21744228	21744373	106	65	61.99	CG
4	21744228	21744373	5	33	13.16	CHG
4	21744228	21744373	443	1264	25.95	CHH
4	21934032	21934221	392	1904	17.07	CHH
4	22575513	22575843	637	3435	15.64	CHH
4	25472006	25472224	12	60	16.67	CHG
4	25472006	25472224	314	1956	13.83	CHH
4	25475165	25475574	222	4	98.23	CG
4	25475165	25475574	192	509	27.39	CHG
4	25475165	25475574	773	3670	17.40	CHH
4	28847972	28848187	61	4	93.85	CG
4	28847972	28848187	22	13	62.86	CHG
4	28847972	28848187	414	2063	16.71	CHH
4	33881401	33881625	605	22	96.49	CG
4	33881401	33881625	508	222	69.59	CHG
4	33881401	33881625	538	1680	24.26	CHH
5	490310	490462	433	20	95.58	CG
5	490310	490462	349	141	71.22	CHG
5	490310	490462	316	1108	22.19	CHH
5	1679699	1679790	715	712	50.11	CHH
5	1682378	1682979	1450	37	97.51	CG
5	1682378	1682979	930	386	70.67	CHG
5	1682378	1682979	968	4496	17.72	CHH
5	1683133	1683258	21	47	30.88	CHG
5	1683133	1683258	187	1278	12.76	CHH
5	4894101	4894252	419	1567	21.10	CHH
5	5433067	5433323	138	7	95.17	CG
5	5433067	5433323	94	106	47.00	CHG
5	5433067	5433323	671	1935	25.75	CHH
5	5754539	5754748	86	64	57.33	CG
5	5754539	5754748	41	67	37.96	CHG
5	5754539	5754748	536	1790	23.04	CHH
5	6820542	6820679	70	7	90.91	CG
5	6820542	6820679	18	25	41.86	CHG
5	6820542	6820679	452	1061	29.87	CHH
5	7418842	7418942	395	1104	26.35	CHH
5	10755227	10755310	182	8	95.79	CG
5	10755227	10755310	67	714	8.58	CHH
5	10919623	10920166	858	183	82.42	CG
5	10919623	10920166	169	185	47.74	CHG
5	10919623	10920166	525	4961	9.57	CHH
5	16055566	16055752	571	16	97.27	CG
5	16055566	16055752	132	159	45.36	CHG
5	16055566	16055752	102	1512	6.32	CHH
5	16055933	16056970	760	483	61.14	CG
5	16055933	16056970	267	1255	17.54	CHG
5	16055933	16056970	764	10336	6.88	CHH
5	16057231	16057477	182	185	49.59	CG
5	16057231	16057477	78	476	14.08	CHG
5	16057231	16057477	175	2570	6.38	CHH
5	16273063	16273157	193	1143	14.45	CHH
5	16311105	16311318	162	6	96.43	CG
5	16311105	16311318	127	62	67.20	CHG
5	16311105	16311318	763	2450	23.75	CHH
5	16856035	16856371	362	11	97.05	CG
5	16856035	16856371	435	137	76.05	CHG
5	16856035	16856371	321	3261	8.96	CHH
5	17137118	17137270	55	2	96.49	CG
5	17137118	17137270	1164	651	64.13	CHH
5	17258135	17258245	70	11	86.42	CG
5	17258135	17258245	468	724	39.26	CHH
5	19716275	19716490	59	2	96.72	CG
5	19716275	19716490	3	22	12.00	CHG
5	19716275	19716490	220	2060	9.65	CHH
5	21875509	21875764	281	12	95.90	CG
5	21875509	21875764	226	100	69.33	CHG
5	21875509	21875764	401	2115	15.94	CHH
5	22000757	22000964	50	21	70.42	CHG
5	22000757	22000964	1568	378	80.58	CHH
5	22219878	22220102	1592	591	72.93	CHH
5	23987118	23987584	622	45	93.25	CG
5	23987118	23987584	727	499	59.30	CHG
5	23987118	23987584	285	4474	5.99	CHH
5	24142822	24143088	295	8	97.36	CG
5	24142822	24143088	26	80	24.53	CHG
5	24142822	24143088	857	1864	31.50	CHH
5	24848633	24848969	105	97	51.98	CHG
5	24848633	24848969	1043	2954	26.09	CHH
5	25916465	25916630	48	18	72.73	CHG
5	25916465	25916630	336	1389	19.48	CHH
6	302524	302830	66	6	91.67	CG
6	302524	302830	1044	1899	35.47	CHH
6	2377299	2377436	100	25	80.00	CG
6	2377299	2377436	8	81	8.99	CHG
6	2377299	2377436	78	1106	6.59	CHH
6	2717082	2717211	571	1171	32.78	CHH
6	2924454	2924561	134	19	87.58	CG
6	2924454	2924561	76	806	8.62	CHH
6	3943947	3944133	420	2089	16.74	CHH
6	5151759	5151869	901	1196	42.97	CHH
6	7060562	7060710	681	779	46.64	CHH
6	8356414	8356617	619	1621	27.63	CHH
6	8927960	8928209	62	7	89.86	CG
6	8927960	8928209	284	210	57.49	CHG
6	8927960	8928209	775	1498	34.10	CHH
6	11300952	11301165	6	62	8.82	CG
6	11300952	11301165	55	158	25.82	CHG
6	11300952	11301165	124	2290	5.14	CHH
6	19710274	19711097	751	176	81.01	CG
6	19710274	19711097	404	1347	23.07	CHG
6	19710274	19711097	571	6870	7.67	CHH
6	19711261	19711591	36	1023	3.40	CG
6	19711261	19711591	33	404	7.55	CHG
6	19711261	19711591	293	3859	7.06	CHH
6	23395298	23395797	304	13	95.90	CG
6	23395298	23395797	90	75	54.55	CHG
6	23395298	23395797	1632	4350	27.28	CHH
6	24030066	24030155	80	50	61.54	CHG
6	24030066	24030155	443	378	53.96	CHH
6	26270983	26271153	79	5	94.05	CG
6	26270983	26271153	57	26	68.67	CHG
6	26270983	26271153	1580	653	70.76	CHH
6	26899910	26900127	69	3	95.83	CG
6	26899910	26900127	576	1960	22.71	CHH
6	27022910	27023085	312	24	92.86	CG
6	27022910	27023085	190	1937	8.93	CHH
6	27804504	27805624	1302	136	90.54	CG
6	27804504	27805624	764	1297	37.07	CHG
6	27804504	27805624	729	10359	6.57	CHH
6	28518067	28518486	141	188	42.86	CG
6	28518067	28518486	299	575	34.21	CHG
6	28518067	28518486	355	4109	7.95	CHH
6	29399343	29399607	124	19	86.71	CG
6	29399343	29399607	15	67	18.29	CHG
6	29399343	29399607	914	2008	31.28	CHH
6	30403805	30404034	348	1753	16.56	CHH
6	30913757	30913901	64	3	95.52	CG
6	30913757	30913901	12	25	32.43	CHG
6	30913757	30913901	685	909	42.97	CHH
7	553125	553382	3	67	4.29	CHG
7	553125	553382	247	2846	7.99	CHH
7	1581483	1581569	10	60	14.29	CHG
7	1581483	1581569	114	1013	10.12	CHH
7	2236802	2236948	171	9	95.00	CG
7	2236802	2236948	11	26	29.73	CHG
7	2236802	2236948	101	1975	4.87	CHH
7	2529367	2529520	1174	617	65.55	CHH
7	4348410	4348541	2	128	1.54	CG
7	4348410	4348541	4	110	3.51	CHG
7	4348410	4348541	52	678	7.12	CHH
7	4352181	4353051	2333	92	96.21	CG
7	4352181	4353051	836	557	60.01	CHG
7	4352181	4353051	739	6160	10.71	CHH
7	4372878	4373534	529	123	81.13	CG
7	4372878	4373534	95	216	30.55	CHG
7	4372878	4373534	651	5832	10.04	CHH
7	5121301	5121458	70	75	48.28	CG
7	5121301	5121458	29	41	41.43	CHG
7	5121301	5121458	632	1038	37.84	CHH
7	7806227	7806511	24	44	35.29	CHG
7	7806227	7806511	1176	2528	31.75	CHH
7	8334119	8334358	18	56	24.32	CHG
7	8334119	8334358	708	2295	23.58	CHH
7	15431878	15432092	147	10	93.63	CG
7	15431878	15432092	44	31	58.67	CHG
7	15431878	15432092	712	1093	39.45	CHH
7	15714618	15714815	216	19	91.91	CG
7	15714618	15714815	55	164	25.11	CHG
7	15714618	15714815	389	1183	24.75	CHH
7	17790357	17790553	47	30	61.04	CG
7	17790357	17790553	96	124	43.64	CHG
7	17790357	17790553	1221	1048	53.81	CHH
7	20129015	20129222	647	1780	26.66	CHH
7	20150949	20151108	65	5	92.86	CG
7	20150949	20151108	109	62	63.74	CHG
7	20150949	20151108	199	1583	11.17	CHH
7	20424851	20425235	65	19	77.38	CG
7	20424851	20425235	617	4130	13.00	CHH
7	21311702	21311873	130	8	94.20	CG
7	21311702	21311873	153	57	72.86	CHG
7	21311702	21311873	1058	673	61.12	CHH
7	22392996	22393180	275	23	92.28	CG
7	22392996	22393180	231	91	71.74	CHG
7	22392996	22393180	196	1888	9.40	CHH
7	22532503	22532689	652	1245	34.37	CHH
7	22933956	22934220	916	31	96.73	CG
7	22933956	22934220	252	191	56.88	CHG
7	22933956	22934220	436	2551	14.60	CHH
7	24616760	24617444	1044	133	88.70	CG
7	24616760	24617444	676	373	64.44	CHG
7	24616760	24617444	582	4502	11.45	CHH
7	26258085	26258557	1303	56	95.88	CG
7	26258085	26258557	356	246	59.14	CHG
7	26258085	26258557	1347	4116	24.66	CHH
7	29243799	29244004	696	1799	27.90	CHH
7	29311074	29311344	961	1850	34.19	CHH
7	29467990	29468204	1018	1776	36.44	CHH
8	1623373	1623626	68	2	97.14	CG
8	1623373	1623626	6	28	17.65	CHG
8	1623373	1623626	572	2479	18.75	CHH
8	2431336	2431426	48	245	16.38	CG
8	2431336	2431426	3	35	7.89	CHG
8	2431336	2431426	128	1342	8.71	CHH
8	3751907	3752073	544	10	98.19	CG
8	3751907	3752073	248	170	59.33	CHG
8	3751907	3752073	181	1958	8.46	CHH
8	3958363	3958508	658	699	48.49	CHH
8	5131858	5132029	119	32	78.81	CHG
8	5131858	5132029	925	1237	42.78	CHH
8	5836841	5837082	194	5	97.49	CG
8	5836841	5837082	781	1760	30.74	CHH
8	6753823	6754136	61	1	98.39	CG
8	6753823	6754136	133	45	74.72	CHG
8	6753823	6754136	805	2376	25.31	CHH
8	7603360	7603612	167	8	95.43	CG
8	7603360	7603612	1058	1857	36.30	CHH
8	7991786	7992320	90	575	13.53	CG
8	7991786	7992320	18	371	4.63	CHG
8	7991786	7992320	297	4109	6.74	CHH
8	8071926	8072156	383	36	91.41	CG
8	8071926	8072156	40	88	31.25	CHG
8	8071926	8072156	733	1834	28.55	CHH
8	10060129	10060270	1036	886	53.90	CHH
8	10886885	10887057	150	26	85.23	CG
8	10886885	10887057	3	39	7.14	CHG
8	10886885	10887057	102	1959	4.95	CHH
8	12350212	12350309	56	8	87.50	CG
8	12350212	12350309	10	17	37.04	CHG
8	12350212	12350309	272	844	24.37	CHH
8	16977330	16977737	53	3	94.64	CG
8	16977330	16977737	426	228	65.14	CHG
8	16977330	16977737	352	3628	8.84	CHH
8	18141156	18141305	215	1683	11.33	CHH
8	19423131	19423387	40	25	61.54	CG
8	19423131	19423387	10	29	25.64	CHG
8	19423131	19423387	847	1813	31.84	CHH
8	20377385	20377714	1028	51	95.27	CG
8	20377385	20377714	157	212	42.55	CHG
8	20377385	20377714	597	3923	13.21	CHH
8	20558563	20558824	60	14	81.08	CG
8	20558563	20558824	69	27	71.88	CHG
8	20558563	20558824	1550	1130	57.84	CHH
8	21654366	21654527	167	52	76.26	CG
8	21654366	21654527	58	166	25.89	CHG
8	21654366	21654527	123	1133	9.79	CHH
8	21694431	21694647	625	56	91.78	CG
8	21694431	21694647	194	149	56.56	CHG
8	21694431	21694647	182	2398	7.05	CHH
8	21694977	21695213	65	233	21.81	CG
8	21694977	21695213	71	613	10.38	CHG
8	21694977	21695213	151	2136	6.60	CHH
8	22776595	22776863	52	6	89.66	CG
8	22776595	22776863	206	150	57.87	CHG
8	22776595	22776863	1046	1361	43.46	CHH
8	22948102	22948411	55	20	73.33	CG
8	22948102	22948411	459	2783	14.16	CHH
8	23349964	23350100	152	6	96.20	CG
8	23349964	23350100	211	2020	9.46	CHH
8	24309357	24309533	3	193	1.53	CG
8	24309357	24309533	14	474	2.87	CHG
8	24309357	24309533	92	1714	5.09	CHH
8	24422312	24422568	65	7	90.28	CG
8	24422312	24422568	92	98	48.42	CHG
8	24422312	24422568	749	1974	27.51	CHH
8	24736834	24737078	943	38	96.13	CG
8	24736834	24737078	166	181	47.84	CHG
8	24736834	24737078	183	2755	6.23	CHH
8	24750449	24750953	491	32	93.88	CG
8	24750449	24750953	354	273	56.46	CHG
8	24750449	24750953	317	4919	6.05	CHH
8	24784953	24785097	125	9	93.28	CG
8	24784953	24785097	62	37	62.63	CHG
8	24784953	24785097	88	1455	5.70	CHH
8	24834030	24834325	140	10	93.33	CG
8	24834030	24834325	64	15	81.01	CHG
8	24834030	24834325	1302	2203	37.15	CHH
8	26827794	26828034	183	499	26.83	CG
8	26827794	26828034	68	464	12.78	CHG
8	26827794	26828034	195	2278	7.89	CHH
8	27623734	27623958	679	21	97.00	CG
8	27623734	27623958	347	249	58.22	CHG
8	27623734	27623958	471	2113	18.23	CHH
8	28152674	28152872	919	1274	41.91	CHH
9	1254705	1254916	195	10	95.12	CG
9	1254705	1254916	6	21	22.22	CHG
9	1254705	1254916	298	858	25.78	CHH
9	1884036	1884200	408	1715	19.22	CHH
9	3634113	3634220	52	13	80.00	CHG
9	3634113	3634220	756	662	53.31	CHH
9	4570159	4570785	1115	44	96.20	CG
9	4570159	4570785	860	438	66.26	CHG
9	4570159	4570785	579	6378	8.32	CHH
9	7158967	7159348	51	201	20.24	CG
9	7158967	7159348	48	374	11.37	CHG
9	7158967	7159348	188	3598	4.97	CHH
9	10378957	10379055	254	126	66.84	CG
9	10378957	10379055	55	306	15.24	CHG
9	10378957	10379055	71	970	6.82	CHH
9	10754150	10754480	67	12	84.81	CG
9	10754150	10754480	80	82	49.38	CHG
9	10754150	10754480	1347	3245	29.33	CHH
9	11037393	11037551	299	1728	14.75	CHH
9	12623164	12623411	46	1137	3.89	CG
9	12623164	12623411	41	587	6.53	CHG
9	12623164	12623411	147	1851	7.36	CHH
9	14633566	14633811	376	9	97.66	CG
9	14633566	14633811	241	80	75.08	CHG
9	14633566	14633811	1164	1502	43.66	CHH
9	16663866	16664244	422	197	68.17	CG
9	16663866	16664244	76	790	8.78	CHG
9	16663866	16664244	212	4081	4.94	CHH
9	17420619	17420974	83	8	91.21	CG
9	17420619	17420974	196	74	72.59	CHG
9	17420619	17420974	601	2140	21.93	CHH
10	368179	368447	73	53	57.94	CHG
10	368179	368447	1251	2009	38.37	CHH
10	404795	404929	447	17	96.34	CG
10	404795	404929	23	56	29.11	CHG
10	404795	404929	270	1292	17.29	CHH
10	2576261	2576420	791	1367	36.65	CHH
10	3444619	3445144	156	458	25.41	CG
10	3444619	3445144	60	794	7.03	CHG
10	3444619	3445144	299	4728	5.95	CHH
10	5928588	5929269	1392	59	95.93	CG
10	5928588	5929269	1035	849	54.94	CHG
10	5928588	5929269	531	7213	6.86	CHH
10	5932050	5932316	201	229	46.74	CG
10	5932050	5932316	41	633	6.08	CHG
10	5932050	5932316	187	2396	7.24	CHH
10	5932722	5933353	29	1372	2.07	CG
10	5932722	5933353	68	1009	6.31	CHG
10	5932722	5933353	311	6189	4.78	CHH
10	7535391	7535626	332	1251	20.97	CHH
10	8506073	8506152	61	67	47.66	CG
10	8506073	8506152	59	710	7.67	CHH
10	9497876	9498140	329	11	96.76	CG
10	9497876	9498140	27	67	28.72	CHG
10	9497876	9498140	1341	1802	42.67	CHH
10	11922949	11923127	60	6	90.91	CG
10	11922949	11923127	124	40	75.61	CHG
10	11922949	11923127	1092	711	60.57	CHH
10	12206026	12206233	43	17	71.67	CG
10	12206026	12206233	16	40	28.57	CHG
10	12206026	12206233	1454	1322	52.38	CHH
10	16003795	16003950	7	65	9.72	CG
10	16003795	16003950	33	413	7.40	CHG
10	16003795	16003950	51	1521	3.24	CHH
10	16208913	16209034	62	3	95.38	CG
10	16208913	16209034	76	29	72.38	CHG
10	16208913	16209034	901	391	69.74	CHH
10	17033161	17033405	588	44	93.04	CG
10	17033161	17033405	169	78	68.42	CHG
10	17033161	17033405	670	933	41.80	CHH
10	18046108	18046282	867	861	50.17	CHH
10	18632472	18632641	370	2035	15.38	CHH
10	19698082	19698409	147	9	94.23	CG
10	19698082	19698409	211	18	92.14	CHG
10	19698082	19698409	1632	2720	37.50	CHH
10	21827999	21828272	55	68	44.72	CHG
10	21827999	21828272	1704	1584	51.82	CHH
10	22689536	22689741	1138	1519	42.83	CHH
11	1200546	1200636	55	3	94.83	CG
11	1200546	1200636	36	20	64.29	CHG
11	1200546	1200636	52	1112	4.47	CHH
11	1713742	1714360	1121	108	91.21	CG
11	1713742	1714360	638	398	61.58	CHG
11	1713742	1714360	959	7409	11.46	CHH
11	1932470	1932979	62	6	91.18	CG
11	1932470	1932979	127	99	56.19	CHG
11	1932470	1932979	1235	3881	24.14	CHH
11	2378673	2378944	278	34	89.10	CG
11	2378673	2378944	18	51	26.09	CHG
11	2378673	2378944	1111	1658	40.12	CHH
11	3230260	3231106	1539	307	83.37	CG
11	3230260	3231106	334	1082	23.59	CHG
11	3230260	3231106	440	7348	5.65	CHH
11	3232048	3232407	25	503	4.73	CG
11	3232048	3232407	48	662	6.76	CHG
11	3232048	3232407	185	1976	8.56	CHH
11	7333753	7333946	105	8	92.92	CG
11	7333753	7333946	130	245	34.67	CHG
11	7333753	7333946	125	1551	7.46	CHH
11	7589703	7589963	66	1	98.51	CG
11	7589703	7589963	52	25	67.53	CHG
11	7589703	7589963	766	1777	30.12	CHH
11	7735116	7735554	452	50	90.04	CG
11	7735116	7735554	49	182	21.21	CHG
11	7735116	7735554	270	3580	7.01	CHH
11	7735709	7735929	205	9	95.79	CG
11	7735709	7735929	47	194	19.50	CHG
11	7735709	7735929	112	1499	6.95	CHH
11	9151816	9151968	26	27	49.06	CHG
11	9151816	9151968	698	1057	39.77	CHH
11	11787143	11787246	638	1126	36.17	CHH
11	16339318	16339504	337	21	94.13	CG
11	16339318	16339504	16	59	21.33	CHG
11	16339318	16339504	252	1564	13.88	CHH
11	16884445	16884740	99	5	95.19	CG
11	16884445	16884740	877	1616	35.18	CHH
11	18415594	18415828	47	9	83.93	CG
11	18415594	18415828	203	2406	7.78	CHH
11	19255500	19255806	62	555	10.05	CG
11	19255500	19255806	31	379	7.56	CHG
11	19255500	19255806	181	2626	6.45	CHH
11	19817539	19817761	9	48	15.79	CHG
11	19817539	19817761	448	1259	26.24	CHH
11	21255747	21256111	440	9	98.00	CG
11	21255747	21256111	505	212	70.43	CHG
11	21255747	21256111	305	2856	9.65	CHH
11	22039593	22039763	102	29	77.86	CHG
11	22039593	22039763	842	1066	44.13	CHH
11	24851409	24851658	418	9	97.89	CG
11	24851409	24851658	448	80	84.85	CHG
11	24851409	24851658	246	1900	11.46	CHH
11	24991462	24991590	47	16	74.60	CG
11	24991462	24991590	91	209	30.33	CHG
11	24991462	24991590	473	827	36.38	CHH
11	25110396	25110624	122	10	92.42	CG
11	25110396	25110624	7	22	24.14	CHG
11	25110396	25110624	376	1844	16.94	CHH
11	25586084	25586542	304	28	91.57	CG
11	25586084	25586542	289	79	78.53	CHG
11	25586084	25586542	1241	3666	25.29	CHH
11	25784649	25784892	143	2	98.62	CG
11	25784649	25784892	180	113	61.43	CHG
11	25784649	25784892	322	2890	10.02	CHH
11	25810584	25810761	26	52	33.33	CHG
11	25810584	25810761	224	1754	11.32	CHH
11	25853608	25853790	62	6	91.18	CG
11	25853608	25853790	248	1934	11.37	CHH
11	27017949	27019131	1390	55	96.19	CG
11	27017949	27019131	1188	1259	48.55	CHG
11	27017949	27019131	607	10203	5.62	CHH
11	28181129	28181426	91	16	85.05	CG
11	28181129	28181426	392	2039	16.13	CHH
12	217168	217301	155	8	95.09	CG
12	217168	217301	53	29	64.63	CHG
12	217168	217301	1303	553	70.20	CHH
12	552916	553122	602	1753	25.56	CHH
12	793700	793972	47	13	78.33	CHG
12	793700	793972	1218	1687	41.93	CHH
12	1049649	1049822	1033	868	54.34	CHH
12	1548545	1548692	115	25	82.14	CHG
12	1548545	1548692	555	955	36.75	CHH
12	1801896	1802216	148	56	72.55	CG
12	1801896	1802216	157	155	50.32	CHG
12	1801896	1802216	228	2386	8.72	CHH
12	2466366	2466538	120	15	88.89	CHG
12	2466366	2466538	1511	1045	59.12	CHH
12	4912586	4913038	1143	42	96.46	CG
12	4912586	4913038	508	639	44.29	CHG
12	4912586	4913038	208	4054	4.88	CHH
12	4914308	4915910	1102	101	91.60	CG
12	4914308	4915910	1275	1430	47.13	CHG
12	4914308	4915910	1008	14829	6.36	CHH
12	7849278	7849532	443	47	90.41	CG
12	7849278	7849532	19	29	39.58	CHG
12	7849278	7849532	181	2668	6.35	CHH
12	10927998	10928435	45	18	71.43	CG
12	10927998	10928435	32	150	17.58	CHG
12	10927998	10928435	228	3615	5.93	CHH
12	12440435	12440631	333	272	55.04	CG
12	12440435	12440631	77	191	28.73	CHG
12	12440435	12440631	117	1199	8.89	CHH
12	12966688	12966790	195	1223	13.75	CHH
12	15202347	15202507	190	15	92.68	CG
12	15202347	15202507	60	41	59.41	CHG
12	15202347	15202507	181	1755	9.35	CHH
12	17986589	17987047	387	26	93.70	CG
12	17986589	17987047	318	278	53.36	CHG
12	17986589	17987047	307	5378	5.40	CHH
12	18392307	18392790	491	466	51.31	CG
12	18392307	18392790	180	1013	15.09	CHG
12	18392307	18392790	275	4505	5.75	CHH
12	18396226	18396329	52	134	27.96	CG
12	18396226	18396329	13	181	6.70	CHG
12	18396226	18396329	34	978	3.36	CHH
12	18396524	18396891	221	235	48.46	CG
12	18396524	18396891	94	584	13.86	CHG
12	18396524	18396891	160	3753	4.09	CHH
12	18936325	18936741	936	36	96.30	CG
12	18936325	18936741	125	166	42.96	CHG
12	18936325	18936741	787	4082	16.16	CHH
12	19156150	19156313	67	7	90.54	CG
12	19156150	19156313	129	75	63.24	CHG
12	19156150	19156313	614	1028	37.39	CHH
12	21831911	21832012	237	994	19.25	CHH
12	22451242	22451490	5	52	8.77	CHG
12	22451242	22451490	839	1720	32.79	CHH
12	22503691	22503984	260	8	97.01	CG
12	22503691	22503984	166	80	67.48	CHG
12	22503691	22503984	1014	1752	36.66	CHH
12	23090136	23090406	60	7	89.55	CG
12	23090136	23090406	746	2465	23.23	CHH
12	23253874	23254115	145	2	98.64	CG
12	23253874	23254115	8	63	11.27	CHG
12	23253874	23254115	572	1722	24.93	CHH
12	23419385	23419484	51	10	83.61	CG
12	23419385	23419484	115	730	13.61	CHH
12	23569460	23569549	172	27	86.43	CG
12	23569460	23569549	28	40	41.18	CHG
12	23569460	23569549	75	845	8.15	CHH
12	24728935	24729264	69	316	17.92	CG
12	24728935	24729264	51	611	7.70	CHG
12	24728935	24729264	150	2603	5.45	CHH
12	24730816	24731578	676	56	92.35	CG
12	24730816	24731578	481	732	39.65	CHG
12	24730816	24731578	565	4946	10.25	CHH
12	24732874	24733231	683	21	97.02	CG
12	24732874	24733231	425	275	60.71	CHG
12	24732874	24733231	263	3027	7.99	CHH
12	25285613	25285813	65	4	94.20	CG
12	25285613	25285813	1121	1267	46.94	CHH
1	1349307	1349537	41	39	51.25	CHG
1	1349307	1349537	321	2379	11.89	CHH
1	10432345	10432562	137	1287	9.62	CG
1	10432345	10432562	98	641	13.26	CHG
1	10432345	10432562	156	1519	9.31	CHH
1	38517320	38517498	53	29	64.63	CG
1	38517320	38517498	65	65	50.00	CHG
1	38517320	38517498	1096	1231	47.10	CHH
1	41145044	41145188	357	1039	25.57	CHH
2	5521685	5521830	128	14	90.14	CHG
2	5521685	5521830	1061	457	69.89	CHH
3	8015940	8016118	358	1745	17.02	CHH
3	27785308	27785617	50	15	76.92	CG
3	27785308	27785617	689	2356	22.63	CHH
4	21962681	21962889	206	11	94.93	CG
4	21962681	21962889	111	60	64.91	CHG
4	21962681	21962889	632	1578	28.60	CHH
4	26530153	26530244	270	786	25.57	CHH
6	7381595	7382197	715	913	43.92	CG
6	7381595	7382197	322	1342	19.35	CHG
6	7381595	7382197	371	4596	7.47	CHH
6	14809518	14809915	269	10	96.42	CG
6	14809518	14809915	154	204	43.02	CHG
6	14809518	14809915	1456	2712	34.93	CHH
7	17099241	17099723	49	10	83.05	CHG
7	17099241	17099723	2043	2964	40.80	CHH
8	26441035	26441114	11	118	8.53	CHG
8	26441035	26441114	72	854	7.78	CHH
9	3933418	3933532	59	2	96.72	CG
9	3933418	3933532	38	24	61.29	CHG
9	3933418	3933532	362	785	31.56	CHH
9	16215726	16215834	340	953	26.30	CHH
10	15011394	15011890	580	139	80.67	CG
10	15011394	15011890	188	250	42.92	CHG
10	15011394	15011890	429	3277	11.58	CHH
10	19941399	19941637	73	2	97.33	CG
10	19941399	19941637	760	1955	27.99	CHH
12	24432087	24432276	249	1899	11.59	CHH
1	301401	301650	202	12	94.39	CG
1	301401	301650	24	91	20.87	CHG
1	301401	301650	739	1801	29.09	CHH
1	9436239	9436734	421	1188	26.17	CG
1	9436239	9436734	219	1388	13.63	CHG
1	9436239	9436734	255	3561	6.68	CHH
1	12143360	12144098	1101	52	95.49	CG
1	12143360	12144098	673	536	55.67	CHG
1	12143360	12144098	737	8071	8.37	CHH
1	23765099	23765215	9	363	2.42	CG
1	23765099	23765215	34	272	11.11	CHG
1	23765099	23765215	77	1134	6.36	CHH
1	26638981	26639111	71	7	91.03	CG
1	26638981	26639111	116	50	69.88	CHG
1	26638981	26639111	376	938	28.61	CHH
1	28181036	28181173	73	13	84.88	CG
1	28181036	28181173	7	138	4.83	CHG
1	28181036	28181173	165	1506	9.87	CHH
1	29055629	29055854	49	300	14.04	CG
1	29055629	29055854	22	420	4.98	CHG
1	29055629	29055854	139	2083	6.26	CHH
1	31589315	31589440	372	1200	23.66	CHH
1	33209708	33209844	64	12	84.21	CG
1	33209708	33209844	18	21	46.15	CHG
1	33209708	33209844	457	1194	27.68	CHH
1	37056464	37056585	111	56	66.47	CHG
1	37056464	37056585	722	824	46.70	CHH
1	38496092	38496280	268	21	92.73	CG
1	38496092	38496280	46	74	38.33	CHG
1	38496092	38496280	116	1930	5.67	CHH
1	38671419	38671601	237	15	94.05	CG
1	38671419	38671601	759	1585	32.38	CHH
1	40617610	40617749	32	642	4.75	CHG
1	40617610	40617749	52	1174	4.24	CHH
1	41890335	41890557	58	11	84.06	CG
1	41890335	41890557	289	222	56.56	CHG
1	41890335	41890557	831	1295	39.09	CHH
1	42408453	42409215	1624	39	97.65	CG
1	42408453	42409215	982	480	67.17	CHG
1	42408453	42409215	845	5070	14.29	CHH
2	4648186	4648420	211	11	95.05	CG
2	4648186	4648420	73	40	64.60	CHG
2	4648186	4648420	805	1726	31.81	CHH
2	7605117	7605555	147	12	92.45	CG
2	7605117	7605555	100	53	65.36	CHG
2	7605117	7605555	798	4849	14.13	CHH
2	12582950	12583307	266	6	97.79	CG
2	12582950	12583307	83	54	60.58	CHG
2	12582950	12583307	478	3269	12.76	CHH
2	15589940	15590192	34	28	54.84	CG
2	15589940	15590192	192	338	36.23	CHG
2	15589940	15590192	1270	1246	50.48	CHH
2	25342968	25343092	58	4	93.55	CG
2	25342968	25343092	33	28	54.10	CHG
2	25342968	25343092	220	912	19.43	CHH
2	28230238	28230572	283	69	80.40	CHG
2	28230238	28230572	638	3003	17.52	CHH
2	28787543	28787788	234	5	97.91	CG
2	28787543	28787788	41	78	34.45	CHG
2	28787543	28787788	585	2000	22.63	CHH
2	29123726	29123981	801	2380	25.18	CHH
2	31639383	31639502	63	14	81.82	CG
2	31639383	31639502	346	1048	24.82	CHH
2	32251509	32251649	52	15	77.61	CHG
2	32251509	32251649	621	1320	31.99	CHH
2	33849781	33850113	323	12	96.42	CG
2	33849781	33850113	129	141	47.78	CHG
2	33849781	33850113	261	3100	7.77	CHH
2	34582792	34582911	63	13	82.89	CHG
2	34582792	34582911	779	1015	43.42	CHH
3	3169366	3169453	360	675	34.78	CHH
3	6047207	6047392	116	5	95.87	CG
3	6047207	6047392	25	35	41.67	CHG
3	6047207	6047392	526	1621	24.50	CHH
3	12710378	12710636	530	32	94.31	CG
3	12710378	12710636	108	91	54.27	CHG
3	12710378	12710636	230	2119	9.79	CHH
3	15103668	15103782	77	3	96.25	CHG
3	15103668	15103782	396	1005	28.27	CHH
3	15613686	15613799	4	211	1.86	CG
3	15613686	15613799	11	196	5.31	CHG
3	15613686	15613799	76	903	7.76	CHH
3	16776362	16776567	327	2249	12.69	CHH
3	16791092	16791367	637	22	96.66	CG
3	16791092	16791367	189	86	68.73	CHG
3	16791092	16791367	225	2217	9.21	CHH
3	16792013	16792301	166	14	92.22	CG
3	16792013	16792301	229	42	84.50	CHG
3	16792013	16792301	414	2838	12.73	CHH
3	17916587	17916910	219	36	85.88	CG
3	17916587	17916910	58	12	82.86	CHG
3	17916587	17916910	1465	1068	57.84	CHH
3	20725201	20725339	62	7	89.86	CG
3	20725201	20725339	50	20	71.43	CHG
3	20725201	20725339	194	1714	10.17	CHH
3	24601757	24601980	138	5	96.50	CG
3	24601757	24601980	292	174	62.66	CHG
3	24601757	24601980	223	2250	9.02	CHH
3	27436719	27436866	51	12	80.95	CHG
3	27436719	27436866	315	935	25.20	CHH
3	27617928	27618015	12	218	5.22	CG
3	27617928	27618015	24	141	14.55	CHG
3	27617928	27618015	74	854	7.97	CHH
3	27618313	27618751	226	91	71.29	CG
3	27618313	27618751	190	587	24.45	CHG
3	27618313	27618751	338	4020	7.76	CHH
3	29591935	29592097	52	9	85.25	CG
3	29591935	29592097	19	22	46.34	CHG
3	29591935	29592097	976	1094	47.15	CHH
3	31089191	31090510	3494	116	96.79	CG
3	31089191	31090510	2328	606	79.35	CHG
3	31089191	31090510	2710	8387	24.42	CHH
3	32110687	32111197	1054	27	97.50	CG
3	32110687	32111197	596	305	66.15	CHG
3	32110687	32111197	1809	2972	37.84	CHH
4	4915709	4916399	1688	61	96.51	CG
4	4915709	4916399	667	303	68.76	CHG
4	4915709	4916399	1619	5385	23.12	CHH
4	7381268	7381662	220	22	90.91	CG
4	7381268	7381662	289	223	56.45	CHG
4	7381268	7381662	445	3986	10.04	CHH
4	7888722	7888904	133	5	96.38	CG
4	7888722	7888904	58	20	74.36	CHG
4	7888722	7888904	558	1169	32.31	CHH
4	24127511	24127670	180	10	94.74	CG
4	24127511	24127670	82	18	82.00	CHG
4	24127511	24127670	1060	1394	43.19	CHH
4	25426804	25426964	12	61	16.44	CHG
4	25426804	25426964	396	1793	18.09	CHH
4	25457672	25458128	1045	56	94.91	CG
4	25457672	25458128	216	229	48.54	CHG
4	25457672	25458128	913	4604	16.55	CHH
4	27630370	27630458	247	1156	17.61	CHH
4	27903713	27903888	386	1667	18.80	CHH
4	29191225	29191443	81	4	95.29	CG
4	29191225	29191443	66	126	34.38	CHG
4	29191225	29191443	529	2519	17.36	CHH
4	30022367	30022520	131	20	86.75	CG
4	30022367	30022520	376	1838	16.98	CHH
4	32693175	32693646	980	51	95.05	CG
4	32693175	32693646	661	309	68.14	CHG
4	32693175	32693646	442	3494	11.23	CHH
4	33655119	33655383	295	9	97.04	CG
4	33655119	33655383	311	2759	10.13	CHH
5	2851958	2852160	483	1568	23.55	CHH
5	4829525	4830108	270	27	90.91	CG
5	4829525	4830108	117	108	52.00	CHG
5	4829525	4830108	499	6325	7.31	CHH
5	7972537	7972780	71	6	92.21	CG
5	7972537	7972780	20	46	30.30	CHG
5	7972537	7972780	754	2531	22.95	CHH
5	10920468	10920712	237	12	95.18	CG
5	10920468	10920712	72	151	32.29	CHG
5	10920468	10920712	148	2811	5.00	CHH
5	17317435	17317693	91	7	92.86	CG
5	17317435	17317693	73	108	40.33	CHG
5	17317435	17317693	573	1707	25.13	CHH
5	21464548	21464805	1034	2277	31.23	CHH
5	22429520	22429752	106	7	93.81	CG
5	22429520	22429752	49	38	56.32	CHG
5	22429520	22429752	737	1852	28.47	CHH
5	22973734	22973969	1020	1854	35.49	CHH
5	26950841	26950938	64	4	94.12	CG
5	26950841	26950938	186	891	17.27	CHH
6	4186290	4186414	343	1287	21.04	CHH
6	6081368	6081698	40	891	4.30	CG
6	6081368	6081698	13	424	2.97	CHG
6	6081368	6081698	226	3372	6.28	CHH
6	9469938	9470183	489	2327	17.37	CHH
6	11305250	11305430	9	353	2.49	CG
6	11305250	11305430	0	59	0.00	CHG
6	11305250	11305430	95	1655	5.43	CHH
6	13738650	13738842	84	21	80.00	CG
6	13738650	13738842	21	215	8.90	CHG
6	13738650	13738842	83	1398	5.60	CHH
6	20384125	20384463	70	309	18.47	CG
6	20384125	20384463	68	532	11.33	CHG
6	20384125	20384463	287	3140	8.37	CHH
6	24282820	24282990	122	9	93.13	CHG
6	24282820	24282990	1499	858	63.60	CHH
6	25073298	25073513	114	15	88.37	CG
6	25073298	25073513	63	91	40.91	CHG
6	25073298	25073513	725	1244	36.82	CHH
6	30191023	30191331	243	14	94.55	CG
6	30191023	30191331	389	107	78.43	CHG
6	30191023	30191331	762	1845	29.23	CHH
7	999031	999589	111	271	29.06	CG
7	999031	999589	59	1185	4.74	CHG
7	999031	999589	430	5830	6.87	CHH
7	3169312	3169590	14	55	20.29	CHG
7	3169312	3169590	801	2989	21.13	CHH
7	3739834	3740067	140	6	95.89	CG
7	3739834	3740067	77	34	69.37	CHG
7	3739834	3740067	880	1145	43.46	CHH
7	18712663	18712940	802	2929	21.50	CHH
7	24811648	24811977	68	0	100.00	CG
7	24811648	24811977	41	28	59.42	CHG
7	24811648	24811977	906	2973	23.36	CHH
8	1575049	1575210	427	1387	23.54	CHH
8	3073639	3073816	30	86	25.86	CG
8	3073639	3073816	47	318	12.88	CHG
8	3073639	3073816	157	1506	9.44	CHH
8	3388417	3388667	123	21	85.42	CG
8	3388417	3388667	86	73	54.09	CHG
8	3388417	3388667	1671	1565	51.64	CHH
8	5321619	5321826	74	5	93.67	CG
8	5321619	5321826	36	7	83.72	CHG
8	5321619	5321826	1467	1940	43.06	CHH
8	5680035	5680214	114	13	89.76	CG
8	5680035	5680214	112	31	78.32	CHG
8	5680035	5680214	431	2028	17.53	CHH
8	5778017	5778213	15	578	2.53	CG
8	5778017	5778213	32	253	11.23	CHG
8	5778017	5778213	93	962	8.82	CHH
8	6111458	6111746	310	12	96.27	CG
8	6111458	6111746	129	162	44.33	CHG
8	6111458	6111746	309	2556	10.79	CHH
8	11782944	11783090	82	40	67.21	CHG
8	11782944	11783090	594	1237	32.44	CHH
8	15503593	15503835	66	3	95.65	CG
8	15503593	15503835	1113	1781	38.46	CHH
8	16978203	16978683	139	7	95.21	CG
8	16978203	16978683	470	317	59.72	CHG
8	16978203	16978683	311	4706	6.20	CHH
8	20980680	20981040	31	857	3.49	CG
8	20980680	20981040	126	838	13.07	CHG
8	20980680	20981040	174	2081	7.72	CHH
8	21691415	21691967	343	42	89.09	CG
8	21691415	21691967	164	260	38.68	CHG
8	21691415	21691967	400	4533	8.11	CHH
8	23488434	23488729	383	41	90.33	CG
8	23488434	23488729	156	96	61.90	CHG
8	23488434	23488729	848	2329	26.69	CHH
8	24768225	24768508	158	84	65.29	CG
8	24768225	24768508	35	356	8.95	CHG
8	24768225	24768508	190	3493	5.16	CHH
8	26169264	26169435	482	41	92.16	CG
8	26169264	26169435	84	79	51.53	CHG
8	26169264	26169435	584	815	41.74	CHH
8	28409753	28410078	155	9	94.51	CG
8	28409753	28410078	214	15	93.45	CHG
8	28409753	28410078	1184	3142	27.37	CHH
9	16086094	16086273	133	9	93.66	CG
9	16086094	16086273	52	54	49.06	CHG
9	16086094	16086273	383	1786	17.66	CHH
10	11192936	11193103	162	6	96.43	CG
10	11192936	11193103	69	109	38.76	CHG
10	11192936	11193103	514	2225	18.77	CHH
10	13147744	13147963	353	39	90.05	CG
10	13147744	13147963	113	90	55.67	CHG
10	13147744	13147963	502	2669	15.83	CHH
10	15870323	15870605	84	10	89.36	CG
10	15870323	15870605	104	279	27.15	CHG
10	15870323	15870605	475	1164	28.98	CHH
10	18561922	18562175	460	19	96.03	CG
10	18561922	18562175	589	233	71.65	CHG
10	18561922	18562175	623	2346	20.98	CHH
10	20762313	20762534	13	295	4.22	CG
10	20762313	20762534	43	619	6.50	CHG
10	20762313	20762534	86	2141	3.86	CHH
11	5554822	5555192	149	3	98.03	CG
11	5554822	5555192	577	169	77.35	CHG
11	5554822	5555192	1812	2317	43.88	CHH
11	7332863	7333120	101	5	95.28	CG
11	7332863	7333120	54	48	52.94	CHG
11	7332863	7333120	511	1370	27.17	CHH
11	8045721	8046006	579	269	68.28	CG
11	8045721	8046006	34	220	13.39	CHG
11	8045721	8046006	229	2785	7.60	CHH
11	14005572	14005699	110	1520	6.75	CHH
11	14311549	14311878	799	36	95.69	CG
11	14311549	14311878	249	122	67.12	CHG
11	14311549	14311878	652	3036	17.68	CHH
11	16979978	16980123	69	2	97.18	CG
11	16979978	16980123	277	1521	15.41	CHH
11	21412886	21413094	506	77	86.79	CG
11	21412886	21413094	89	340	20.75	CHG
11	21412886	21413094	164	1754	8.55	CHH
11	24387545	24387850	315	41	88.48	CG
11	24387545	24387850	300	660	31.25	CHG
11	24387545	24387850	176	3241	5.15	CHH
11	27017648	27017782	46	1	97.87	CG
11	27017648	27017782	45	33	57.69	CHG
11	27017648	27017782	93	1030	8.28	CHH
11	27682635	27683583	2475	71	97.21	CG
11	27682635	27683583	1365	695	66.26	CHG
11	27682635	27683583	1216	6480	15.80	CHH
12	961100	961336	131	22	85.62	CG
12	961100	961336	110	552	16.62	CHG
12	961100	961336	92	2081	4.23	CHH
12	21483416	21483688	219	5	97.77	CG
12	21483416	21483688	391	88	81.63	CHG
12	21483416	21483688	799	2898	21.61	CHH
12	22462835	22463098	11	207	5.05	CG
12	22462835	22463098	53	351	13.12	CHG
12	22462835	22463098	644	1850	25.82	CHH
12	25690213	25690552	204	189	51.91	CG
12	25690213	25690552	46	225	16.97	CHG
12	25690213	25690552	226	2308	8.92	CHH
