1	104478	104599	30	3	90.91	CG
1	104478	104599	27	15	64.29	CHG
1	104478	104599	74	342	17.79	CHH
1	521199	522723	2385	2811	45.90	CG
1	521199	522723	454	4186	9.78	CHG
1	521199	522723	1040	19380	5.09	CHH
1	718927	719135	5	370	1.33	CG
1	718927	719135	22	529	3.99	CHG
1	718927	719135	178	2199	7.49	CHH
1	1687637	1688991	77	2550	2.93	CG
1	1687637	1688991	229	2985	7.13	CHG
1	1687637	1688991	760	13479	5.34	CHH
1	1781116	1781366	136	1966	6.47	CG
1	1781116	1781366	77	695	9.97	CHG
1	1781116	1781366	114	1885	5.70	CHH
1	2137510	2140455	1439	10134	12.43	CG
1	2137510	2140455	1333	8597	13.42	CHG
1	2137510	2140455	2892	32685	8.13	CHH
1	2172488	2172625	2	211	0.94	CG
1	2172488	2172625	106	1568	6.33	CHH
1	2198640	2199644	3256	177	94.84	CG
1	2198640	2199644	1355	735	64.83	CHG
1	2198640	2199644	350	2875	10.85	CHH
1	2541454	2541598	212	216	49.53	CG
1	2541454	2541598	30	187	13.82	CHG
1	2541454	2541598	135	1323	9.26	CHH
1	2579778	2580676	2455	352	87.46	CG
1	2579778	2580676	242	3128	7.18	CHG
1	2579778	2580676	712	11224	5.97	CHH
1	3016827	3017062	64	2155	2.88	CG
1	3016827	3017062	64	1041	5.79	CHG
1	3016827	3017062	170	3106	5.19	CHH
1	4122738	4127182	3037	9188	24.84	CG
1	4122738	4127182	1042	13983	6.94	CHG
1	4122738	4127182	4707	46738	9.15	CHH
1	4510347	4510477	87	4	95.60	CG
1	4510347	4510477	17	118	12.59	CHG
1	4510347	4510477	161	1436	10.08	CHH
1	4702022	4702256	216	441	32.88	CG
1	4702022	4702256	32	301	9.61	CHG
1	4702022	4702256	206	1345	13.28	CHH
1	5814441	5815039	8	688	1.15	CG
1	5814441	5815039	44	1512	2.83	CHG
1	5814441	5815039	359	7715	4.45	CHH
1	6934697	6934863	597	19	96.92	CG
1	6934697	6934863	256	45	85.05	CHG
1	6934697	6934863	192	1044	15.53	CHH
1	7198017	7199243	1950	54	97.31	CG
1	7198017	7199243	169	2822	5.65	CHG
1	7198017	7199243	512	12101	4.06	CHH
1	7302410	7302594	13	916	1.40	CG
1	7302410	7302594	24	360	6.25	CHG
1	7302410	7302594	99	1934	4.87	CHH
1	7518469	7519081	31	1354	2.24	CG
1	7518469	7519081	92	1566	5.55	CHG
1	7518469	7519081	300	6680	4.30	CHH
1	7690448	7691550	224	4280	4.97	CG
1	7690448	7691550	315	3451	8.36	CHG
1	7690448	7691550	877	12821	6.40	CHH
1	8124136	8124703	2477	90	96.49	CG
1	8124136	8124703	1187	491	70.74	CHG
1	8124136	8124703	746	5830	11.34	CHH
1	8426975	8427236	267	94	73.96	CG
1	8426975	8427236	52	1082	4.59	CHG
1	8426975	8427236	117	2854	3.94	CHH
1	8831214	8831605	1014	44	95.84	CG
1	8831214	8831605	596	242	71.12	CHG
1	8831214	8831605	362	4620	7.27	CHH
1	8866192	8866541	1126	43	96.32	CG
1	8866192	8866541	493	169	74.47	CHG
1	8866192	8866541	295	2135	12.14	CHH
1	9124022	9124118	158	6	96.34	CG
1	9124022	9124118	422	75	84.91	CHG
1	9124022	9124118	193	566	25.43	CHH
1	9260960	9261224	157	6	96.32	CG
1	9260960	9261224	21	538	3.76	CHG
1	9260960	9261224	199	2929	6.36	CHH
1	9681083	9681232	145	77	65.32	CG
1	9681083	9681232	195	498	28.14	CHH
1	9734291	9734532	3	369	0.81	CG
1	9734291	9734532	9	101	8.18	CHG
1	9734291	9734532	107	1871	5.41	CHH
1	10263106	10263294	42	1136	3.57	CG
1	10263106	10263294	31	619	4.77	CHG
1	10263106	10263294	212	1998	9.59	CHH
1	10401973	10403052	272	2876	8.64	CG
1	10401973	10403052	223	1788	11.09	CHG
1	10401973	10403052	800	9809	7.54	CHH
1	10417094	10417664	1187	72	94.28	CG
1	10417094	10417664	1667	294	85.01	CHG
1	10417094	10417664	468	6208	7.01	CHH
1	10590568	10590704	7	357	1.92	CG
1	10590568	10590704	26	340	7.10	CHG
1	10590568	10590704	218	857	20.28	CHH
1	10793800	10794970	1905	103	94.87	CG
1	10793800	10794970	444	548	44.76	CHG
1	10793800	10794970	516	3358	13.32	CHH
1	11027002	11027352	357	17	95.45	CG
1	11027002	11027352	32	743	4.13	CHG
1	11027002	11027352	236	3637	6.09	CHH
1	11745247	11745281	11	259	4.07	CG
1	11745247	11745281	3	111	2.63	CHG
1	11745247	11745281	8	197	3.90	CHH
1	11861007	11861467	1402	74	94.99	CG
1	11861007	11861467	616	443	58.17	CHG
1	11861007	11861467	574	4524	11.26	CHH
1	11988203	11988342	39	1202	3.14	CG
1	11988203	11988342	67	703	8.70	CHG
1	11988203	11988342	76	1111	6.40	CHH
1	12157565	12159139	939	14345	6.14	CG
1	12157565	12159139	626	7349	7.85	CHG
1	12157565	12159139	822	14710	5.29	CHH
1	12279664	12280353	236	3623	6.12	CG
1	12279664	12280353	182	2053	8.14	CHG
1	12279664	12280353	342	6287	5.16	CHH
1	12444629	12444759	292	19	93.89	CG
1	12444629	12444759	238	38	86.23	CHG
1	12444629	12444759	78	1335	5.52	CHH
1	12851686	12853647	465	983	32.11	CG
1	12851686	12853647	395	5705	6.48	CHG
1	12851686	12853647	1501	22772	6.18	CHH
1	12977793	12977914	151	10	93.79	CG
1	12977793	12977914	93	1061	8.06	CHH
1	14112270	14112409	64	634	9.17	CHH
1	14747584	14748346	27	1554	1.71	CG
1	14747584	14748346	188	3304	5.38	CHG
1	14747584	14748346	539	11103	4.63	CHH
1	15010958	15011724	3	0	100.00	CG
1	15010958	15011724	0	63	0.00	CHG
1	15010958	15011724	15	187	7.43	CHH
1	15208882	15210074	1536	175	89.77	CG
1	15208882	15210074	618	469	56.85	CHG
1	15208882	15210074	985	10975	8.24	CHH
1	15318812	15319293	2168	109	95.21	CG
1	15318812	15319293	1520	360	80.85	CHG
1	15318812	15319293	480	4205	10.25	CHH
1	15355785	15357554	1789	2481	41.90	CG
1	15355785	15357554	1159	4083	22.11	CHG
1	15355785	15357554	1725	18537	8.51	CHH
1	16453284	16453501	3	85	3.41	CG
1	16453284	16453501	27	161	14.36	CHG
1	16453284	16453501	172	1697	9.20	CHH
1	16722902	16723067	478	48	90.87	CG
1	16722902	16723067	43	169	20.28	CHG
1	16722902	16723067	81	2092	3.73	CHH
1	17385639	17385733	19	235	7.48	CHG
1	17385639	17385733	80	830	8.79	CHH
1	17522237	17522624	1380	47	96.71	CG
1	17522237	17522624	996	219	81.98	CHG
1	17522237	17522624	240	3031	7.34	CHH
1	17762690	17767322	2521	7884	24.23	CG
1	17762690	17767322	2349	7839	23.06	CHG
1	17762690	17767322	7853	43297	15.35	CHH
1	17768299	17768525	4	473	0.84	CG
1	17768299	17768525	17	353	4.59	CHG
1	17768299	17768525	95	2005	4.52	CHH
1	17915233	17918918	4016	3263	55.17	CG
1	17915233	17918918	2107	3403	38.24	CHG
1	17915233	17918918	4650	25787	15.28	CHH
1	18479814	18481021	863	1133	43.24	CG
1	18479814	18481021	184	1520	10.80	CHG
1	18479814	18481021	762	11495	6.22	CHH
1	18515221	18516018	903	27	97.10	CG
1	18515221	18516018	577	102	84.98	CHG
1	18515221	18516018	233	2228	9.47	CHH
1	18605306	18605413	95	5	95.00	CG
1	18605306	18605413	2	308	0.65	CHG
1	18605306	18605413	119	1580	7.00	CHH
1	18679398	18679609	340	5	98.55	CG
1	18679398	18679609	534	35	93.85	CHG
1	18679398	18679609	263	2513	9.47	CHH
1	18781271	18781897	66	1029	6.03	CG
1	18781271	18781897	114	1404	7.51	CHG
1	18781271	18781897	390	5402	6.73	CHH
1	19418149	19418371	450	21	95.54	CG
1	19418149	19418371	323	114	73.91	CHG
1	19418149	19418371	182	2496	6.80	CHH
1	19588801	19588982	296	12	96.10	CG
1	19588801	19588982	113	37	75.33	CHG
1	19588801	19588982	80	869	8.43	CHH
1	19807993	19809436	3859	199	95.10	CG
1	19807993	19809436	1131	588	65.79	CHG
1	19807993	19809436	913	10167	8.24	CHH
1	20220915	20221138	948	22	97.73	CG
1	20220915	20221138	312	115	73.07	CHG
1	20220915	20221138	201	1840	9.85	CHH
1	20351135	20352592	1782	706	71.62	CG
1	20351135	20352592	215	5458	3.79	CHG
1	20351135	20352592	913	16990	5.10	CHH
1	20353735	20353818	81	5	94.19	CG
1	20353735	20353818	12	338	3.43	CHG
1	20353735	20353818	45	769	5.53	CHH
1	20699332	20703291	5155	5230	49.64	CG
1	20699332	20703291	2498	9213	21.33	CHG
1	20699332	20703291	4160	38902	9.66	CHH
1	20759940	20760412	1242	48	96.28	CG
1	20759940	20760412	1260	195	86.60	CHG
1	20759940	20760412	615	4541	11.93	CHH
1	22217602	22218470	1008	1668	37.67	CG
1	22217602	22218470	437	2101	17.22	CHG
1	22217602	22218470	937	8139	10.32	CHH
1	22349537	22349928	91	1688	5.12	CG
1	22349537	22349928	52	1281	3.90	CHG
1	22349537	22349928	180	3240	5.26	CHH
1	22963853	22963900	18	146	10.98	CHG
1	22963853	22963900	8	389	2.02	CHH
1	23088705	23088935	7	712	0.97	CG
1	23088705	23088935	28	433	6.07	CHG
1	23088705	23088935	120	2449	4.67	CHH
1	23190581	23192012	1083	146	88.12	CG
1	23190581	23192012	259	3527	6.84	CHG
1	23190581	23192012	1168	17213	6.35	CHH
1	23334619	23337433	3215	3193	50.17	CG
1	23334619	23337433	855	9135	8.56	CHG
1	23334619	23337433	2341	33404	6.55	CHH
1	23865834	23867004	2873	1076	72.75	CG
1	23865834	23867004	1506	2157	41.11	CHG
1	23865834	23867004	2062	9734	17.48	CHH
1	24056015	24058047	449	5599	7.42	CG
1	24056015	24058047	649	4234	13.29	CHG
1	24056015	24058047	1303	19317	6.32	CHH
1	24127473	24127717	397	132	75.05	CG
1	24127473	24127717	34	637	5.07	CHG
1	24127473	24127717	96	3404	2.74	CHH
1	24218590	24218768	84	384	17.95	CG
1	24218590	24218768	52	303	14.65	CHG
1	24218590	24218768	132	2166	5.74	CHH
1	24367289	24368699	1351	3004	31.02	CG
1	24367289	24368699	517	4245	10.86	CHG
1	24367289	24368699	1460	13873	9.52	CHH
1	24540618	24541036	505	20	96.19	CG
1	24540618	24541036	38	988	3.70	CHG
1	24540618	24541036	225	4234	5.05	CHH
1	25075086	25078372	436	14028	3.01	CG
1	25075086	25078372	619	11685	5.03	CHG
1	25075086	25078372	1878	33032	5.38	CHH
1	26189136	26189851	234	804	22.54	CG
1	26189136	26189851	189	2856	6.21	CHG
1	26189136	26189851	475	6646	6.67	CHH
1	27455091	27455579	3321	146	95.79	CG
1	27455091	27455579	2479	682	78.42	CHG
1	27455091	27455579	811	8031	9.17	CHH
1	27505658	27505866	15	170	8.11	CG
1	27505658	27505866	33	661	4.76	CHG
1	27505658	27505866	176	2148	7.57	CHH
1	27576543	27577893	3325	141	95.93	CG
1	27576543	27577893	1979	342	85.26	CHG
1	27576543	27577893	1920	15823	10.82	CHH
1	28118813	28118935	18	148	10.84	CG
1	28118813	28118935	17	483	3.40	CHG
1	28118813	28118935	51	1673	2.96	CHH
1	29188109	29189334	174	6374	2.66	CG
1	29188109	29189334	278	3696	7.00	CHG
1	29188109	29189334	1432	12809	10.06	CHH
1	29223726	29224697	607	4701	11.44	CG
1	29223726	29224697	140	2221	5.93	CHG
1	29223726	29224697	1663	8569	16.25	CHH
1	29881105	29881917	1154	241	82.72	CG
1	29881105	29881917	1105	287	79.38	CHG
1	29881105	29881917	350	4726	6.90	CHH
1	29892038	29892362	10	81	10.99	CG
1	29892038	29892362	15	325	4.41	CHG
1	29892038	29892362	284	3155	8.26	CHH
1	30396534	30396644	31	548	5.35	CG
1	30396534	30396644	64	708	8.29	CHG
1	30396534	30396644	90	949	8.66	CHH
1	30947617	30952229	7295	2443	74.91	CG
1	30947617	30952229	3497	10488	25.01	CHG
1	30947617	30952229	3711	54813	6.34	CHH
1	30988314	30988439	71	4	94.67	CG
1	30988314	30988439	249	146	63.04	CHG
1	30988314	30988439	62	795	7.23	CHH
1	31131639	31132785	923	2914	24.06	CG
1	31131639	31132785	289	4052	6.66	CHG
1	31131639	31132785	699	11821	5.58	CHH
1	32136432	32136605	96	163	37.07	CG
1	32136432	32136605	21	826	2.48	CHG
1	32136432	32136605	139	2059	6.32	CHH
1	33466485	33466748	978	33	96.74	CG
1	33466485	33466748	456	130	77.82	CHG
1	33466485	33466748	326	2547	11.35	CHH
1	34289798	34291348	1911	1567	54.95	CG
1	34289798	34291348	1100	3031	26.63	CHG
1	34289798	34291348	2330	15823	12.84	CHH
1	34550341	34550600	4	424	0.93	CG
1	34550341	34550600	26	692	3.62	CHG
1	34550341	34550600	113	2927	3.72	CHH
1	34749495	34752244	3774	536	87.56	CG
1	34749495	34752244	3547	1640	68.38	CHG
1	34749495	34752244	2932	18162	13.90	CHH
1	34928206	34928387	208	6	97.20	CG
1	34928206	34928387	749	66	91.90	CHG
1	34928206	34928387	187	1634	10.27	CHH
1	34990120	34992796	6040	2158	73.68	CG
1	34990120	34992796	3022	2722	52.61	CHG
1	34990120	34992796	4228	23463	15.27	CHH
1	35760612	35760952	389	223	63.56	CG
1	35760612	35760952	51	737	6.47	CHG
1	35760612	35760952	349	4603	7.05	CHH
1	35959231	35959351	9	139	6.08	CG
1	35959231	35959351	12	217	5.24	CHG
1	35959231	35959351	131	1411	8.50	CHH
1	36112505	36112684	506	156	76.44	CG
1	36112505	36112684	164	220	42.71	CHG
1	36112505	36112684	221	1482	12.98	CHH
1	36163384	36164022	249	1342	15.65	CG
1	36163384	36164022	261	1288	16.85	CHG
1	36163384	36164022	553	6545	7.79	CHH
1	36208524	36209666	1718	118	93.57	CG
1	36208524	36209666	2336	556	80.77	CHG
1	36208524	36209666	838	12719	6.18	CHH
1	36479686	36479935	86	1369	5.91	CG
1	36479686	36479935	15	543	2.69	CHG
1	36479686	36479935	158	2786	5.37	CHH
1	36890844	36891048	246	99	71.30	CG
1	36890844	36891048	263	147	64.15	CHG
1	36890844	36891048	510	1861	21.51	CHH
1	37118562	37118725	4	137	2.84	CG
1	37118562	37118725	26	402	6.07	CHG
1	37118562	37118725	83	1904	4.18	CHH
1	37253827	37256063	4060	293	93.27	CG
1	37253827	37256063	3325	801	80.59	CHG
1	37253827	37256063	2129	14426	12.86	CHH
1	37757198	37758019	829	2405	25.63	CG
1	37757198	37758019	489	1168	29.51	CHG
1	37757198	37758019	1490	6189	19.40	CHH
1	39603253	39603550	258	12	95.56	CG
1	39603253	39603550	27	1036	2.54	CHG
1	39603253	39603550	176	3093	5.38	CHH
1	40609311	40609427	75	5	93.75	CG
1	40609311	40609427	45	446	9.16	CHG
1	40609311	40609427	89	1435	5.84	CHH
1	40785754	40786192	108	137	44.08	CG
1	40785754	40786192	80	2070	3.72	CHG
1	40785754	40786192	265	5839	4.34	CHH
1	41209454	41212661	3347	8215	28.95	CG
1	41209454	41212661	1694	5878	22.37	CHG
1	41209454	41212661	4016	26704	13.07	CHH
1	42990884	42991140	158	0	100.00	CG
1	42990884	42991140	139	8	94.56	CHG
1	42990884	42991140	45	525	7.89	CHH
2	38468	38578	82	3	96.47	CG
2	38468	38578	22	232	8.66	CHG
2	38468	38578	32	1092	2.85	CHH
2	578331	578545	82	2	97.62	CG
2	578331	578545	43	969	4.25	CHG
2	578331	578545	118	2652	4.26	CHH
2	1736612	1736996	773	53	93.58	CG
2	1736612	1736996	111	1585	6.54	CHG
2	1736612	1736996	310	4249	6.80	CHH
2	2004107	2004464	4	306	1.29	CG
2	2004107	2004464	72	1475	4.65	CHG
2	2004107	2004464	247	4395	5.32	CHH
2	2225031	2228646	7197	899	88.90	CG
2	2225031	2228646	5346	3071	63.51	CHG
2	2225031	2228646	5887	32680	15.26	CHH
2	2448881	2450073	368	223	62.27	CG
2	2448881	2450073	653	2871	18.53	CHG
2	2448881	2450073	1386	11326	10.90	CHH
2	2455636	2457226	5561	174	96.97	CG
2	2455636	2457226	3778	1177	76.25	CHG
2	2455636	2457226	870	8956	8.85	CHH
2	2916264	2916496	171	8	95.53	CG
2	2916264	2916496	18	604	2.89	CHG
2	2916264	2916496	140	2776	4.80	CHH
2	3153141	3153726	1364	78	94.59	CG
2	3153141	3153726	1475	321	82.13	CHG
2	3153141	3153726	704	6654	9.57	CHH
2	3584767	3584907	306	19	94.15	CG
2	3584767	3584907	193	86	69.18	CHG
2	3584767	3584907	621	741	45.59	CHH
2	3668130	3671654	9683	3809	71.77	CG
2	3668130	3671654	4958	5776	46.19	CHG
2	3668130	3671654	4274	30334	12.35	CHH
2	4394475	4394720	0	186	0.00	CG
2	4394475	4394720	37	592	5.88	CHG
2	4394475	4394720	189	2969	5.98	CHH
2	4735326	4735671	37	1312	2.74	CG
2	4735326	4735671	88	1286	6.40	CHG
2	4735326	4735671	261	3667	6.64	CHH
2	4930376	4930562	365	31	92.17	CG
2	4930376	4930562	22	59	27.16	CHG
2	4930376	4930562	76	1257	5.70	CHH
2	6097195	6097472	7	461	1.50	CG
2	6097195	6097472	96	996	8.79	CHG
2	6097195	6097472	176	2388	6.86	CHH
2	6194639	6194966	17	432	3.79	CG
2	6194639	6194966	24	735	3.16	CHG
2	6194639	6194966	350	3981	8.08	CHH
2	6477169	6477370	307	128	70.57	CG
2	6477169	6477370	26	704	3.56	CHG
2	6477169	6477370	157	3093	4.83	CHH
2	6479819	6479943	24	673	3.44	CHG
2	6479819	6479943	80	1726	4.43	CHH
2	7634883	7634997	22	1062	2.03	CG
2	7634883	7634997	40	518	7.17	CHG
2	7634883	7634997	77	1124	6.41	CHH
2	9263789	9264764	783	38	95.37	CG
2	9263789	9264764	496	132	78.98	CHG
2	9263789	9264764	150	2027	6.89	CHH
2	10881944	10882136	9	330	2.65	CG
2	10881944	10882136	22	342	6.04	CHG
2	10881944	10882136	128	2035	5.92	CHH
2	11520851	11521291	368	293	55.67	CG
2	11520851	11521291	111	216	33.94	CHG
2	11520851	11521291	528	3694	12.51	CHH
2	11599189	11600489	935	1714	35.30	CG
2	11599189	11600489	437	2123	17.07	CHG
2	11599189	11600489	1293	11598	10.03	CHH
2	11939679	11939936	83	1	98.81	CG
2	11939679	11939936	28	495	5.35	CHG
2	11939679	11939936	94	2742	3.31	CHH
2	12352060	12352584	2143	81	96.36	CG
2	12352060	12352584	1386	538	72.04	CHG
2	12352060	12352584	417	4934	7.79	CHH
2	12492889	12493008	28	1131	2.42	CG
2	12492889	12493008	27	611	4.23	CHG
2	12492889	12493008	63	1025	5.79	CHH
2	12583382	12585233	2285	624	78.55	CG
2	12583382	12585233	927	5292	14.91	CHG
2	12583382	12585233	1198	21704	5.23	CHH
2	13724770	13725043	27	4	87.10	CG
2	13724770	13725043	9	3	75.00	CHG
2	13724770	13725043	12	92	11.54	CHH
2	14258242	14258497	423	45	90.38	CG
2	14258242	14258497	339	114	74.83	CHG
2	14258242	14258497	165	1884	8.05	CHH
2	14381584	14382260	1082	45	96.01	CG
2	14381584	14382260	733	301	70.89	CHG
2	14381584	14382260	622	6001	9.39	CHH
2	14883666	14884152	1270	36	97.24	CG
2	14883666	14884152	1212	201	85.77	CHG
2	14883666	14884152	424	4086	9.40	CHH
2	15077160	15080035	8999	350	96.26	CG
2	15077160	15080035	6026	1641	78.60	CHG
2	15077160	15080035	2602	27598	8.62	CHH
2	15300768	15301020	360	14	96.26	CG
2	15300768	15301020	810	160	83.51	CHG
2	15300768	15301020	216	2837	7.08	CHH
2	16462100	16462683	1409	343	80.42	CG
2	16462100	16462683	883	1250	41.40	CHG
2	16462100	16462683	608	6912	8.09	CHH
2	16469340	16469527	771	22	97.23	CG
2	16469340	16469527	332	310	51.71	CHG
2	16469340	16469527	99	1414	6.54	CHH
2	16575455	16575576	142	361	28.23	CG
2	16575455	16575576	44	104	29.73	CHG
2	16575455	16575576	241	1221	16.48	CHH
2	16909276	16909402	90	8	91.84	CG
2	16909276	16909402	2	41	4.65	CHG
2	16909276	16909402	230	821	21.88	CHH
2	17470250	17470459	278	17	94.24	CG
2	17470250	17470459	280	54	83.83	CHG
2	17470250	17470459	202	2198	8.42	CHH
2	17693456	17694041	771	704	52.27	CG
2	17693456	17694041	299	1013	22.79	CHG
2	17693456	17694041	474	5275	8.24	CHH
2	17846367	17846587	203	1162	14.87	CG
2	17846367	17846587	51	546	8.54	CHG
2	17846367	17846587	135	1709	7.32	CHH
2	18156897	18157229	1808	79	95.81	CG
2	18156897	18157229	862	220	79.67	CHG
2	18156897	18157229	292	2499	10.46	CHH
2	19262811	19262974	225	3	98.68	CG
2	19262811	19262974	43	110	28.10	CHG
2	19262811	19262974	124	1664	6.94	CHH
2	19369504	19369623	901	53	94.44	CG
2	19369504	19369623	466	117	79.93	CHG
2	19369504	19369623	143	959	12.98	CHH
2	19649757	19649896	26	1024	2.48	CG
2	19649757	19649896	40	445	8.25	CHG
2	19649757	19649896	71	975	6.79	CHH
2	20077988	20078291	679	32	95.50	CG
2	20077988	20078291	245	126	66.04	CHG
2	20077988	20078291	272	1928	12.36	CHH
2	22210158	22210334	40	657	5.74	CG
2	22210158	22210334	17	254	6.27	CHG
2	22210158	22210334	67	1738	3.71	CHH
2	22275294	22275439	1	85	1.16	CG
2	22275294	22275439	13	434	2.91	CHG
2	22275294	22275439	66	1968	3.24	CHH
2	22587752	22588156	816	88	90.27	CG
2	22587752	22588156	463	398	53.77	CHG
2	22587752	22588156	365	3950	8.46	CHH
2	22836225	22836730	36	1439	2.44	CG
2	22836225	22836730	81	1512	5.08	CHG
2	22836225	22836730	284	5847	4.63	CHH
2	22982677	22982914	4	89	4.30	CG
2	22982677	22982914	30	830	3.49	CHG
2	22982677	22982914	198	3841	4.90	CHH
2	23033077	23033411	236	606	28.03	CG
2	23033077	23033411	284	1398	16.88	CHG
2	23033077	23033411	612	3715	14.14	CHH
2	23394395	23395510	3033	335	90.05	CG
2	23394395	23395510	1030	3325	23.65	CHG
2	23394395	23395510	867	17197	4.80	CHH
2	23471507	23472492	769	25	96.85	CG
2	23471507	23472492	750	188	79.96	CHG
2	23471507	23472492	506	4124	10.93	CHH
2	24044095	24044460	1583	129	92.46	CG
2	24044095	24044460	768	208	78.69	CHG
2	24044095	24044460	435	2835	13.30	CHH
2	24717341	24717558	5	301	1.63	CG
2	24717341	24717558	27	677	3.84	CHG
2	24717341	24717558	216	2350	8.42	CHH
2	25574998	25576239	2189	114	95.05	CG
2	25574998	25576239	2246	693	76.42	CHG
2	25574998	25576239	1862	13965	11.76	CHH
2	25830725	25831459	42	2428	1.70	CG
2	25830725	25831459	70	2075	3.26	CHG
2	25830725	25831459	252	6603	3.68	CHH
2	25835047	25835296	24	1031	2.27	CG
2	25835047	25835296	51	730	6.53	CHG
2	25835047	25835296	70	2105	3.22	CHH
2	26548831	26549237	1009	44	95.82	CG
2	26548831	26549237	132	136	49.25	CHG
2	26548831	26549237	755	2565	22.74	CHH
2	26659388	26659535	94	6	94.00	CG
2	26659388	26659535	153	1376	10.01	CHH
2	26689413	26692203	1529	14097	9.78	CG
2	26689413	26692203	975	9119	9.66	CHG
2	26689413	26692203	3239	23206	12.25	CHH
2	28199306	28199617	939	55	94.47	CG
2	28199306	28199617	1182	202	85.40	CHG
2	28199306	28199617	344	3055	10.12	CHH
2	29852698	29852922	64	396	13.91	CG
2	29852698	29852922	55	641	7.90	CHG
2	29852698	29852922	181	2026	8.20	CHH
2	30157272	30157610	631	179	77.90	CG
2	30157272	30157610	215	461	31.80	CHG
2	30157272	30157610	567	2365	19.34	CHH
2	30823979	30824112	10	251	3.83	CG
2	30823979	30824112	24	404	5.61	CHG
2	30823979	30824112	165	1752	8.61	CHH
2	30983625	30984901	126	4256	2.88	CG
2	30983625	30984901	423	6315	6.28	CHG
2	30983625	30984901	940	12965	6.76	CHH
2	31445301	31445449	2	101	1.94	CG
2	31445301	31445449	17	510	3.23	CHG
2	31445301	31445449	105	2399	4.19	CHH
2	31855152	31855271	241	7	97.18	CG
2	31855152	31855271	63	18	77.78	CHG
2	31855152	31855271	125	1980	5.94	CHH
2	32524707	32526194	3052	1369	69.03	CG
2	32524707	32526194	810	3721	17.88	CHG
2	32524707	32526194	1034	11325	8.37	CHH
2	33158169	33158313	250	14	94.70	CG
2	33158169	33158313	328	82	80.00	CHG
2	33158169	33158313	234	1704	12.07	CHH
2	33431516	33431954	281	20	93.36	CG
2	33431516	33431954	37	965	3.69	CHG
2	33431516	33431954	272	5367	4.82	CHH
2	33711999	33712328	91	5	94.79	CG
2	33711999	33712328	34	1139	2.90	CHG
2	33711999	33712328	329	4346	7.04	CHH
2	33834944	33835662	246	694	26.17	CG
2	33834944	33835662	74	1765	4.02	CHG
2	33834944	33835662	499	10486	4.54	CHH
2	33936933	33937065	0	80	0.00	CG
2	33936933	33937065	10	465	2.11	CHG
2	33936933	33937065	82	1761	4.45	CHH
2	34687871	34690219	1053	10541	9.08	CG
2	34687871	34690219	1175	7447	13.63	CHG
2	34687871	34690219	2118	23149	8.38	CHH
2	34747509	34747747	1	0	100.00	CHG
2	34747509	34747747	0	2	0.00	CHH
2	34772462	34772598	6	278	2.11	CHG
2	34772462	34772598	77	1256	5.78	CHH
2	35300370	35300604	100	4	96.15	CG
2	35300370	35300604	14	824	1.67	CHG
2	35300370	35300604	207	3373	5.78	CHH
2	35388799	35389069	9	483	1.83	CG
2	35388799	35389069	35	906	3.72	CHG
2	35388799	35389069	128	2559	4.76	CHH
3	480369	480630	1033	45	95.83	CG
3	480369	480630	22	1087	1.98	CHG
3	480369	480630	199	4044	4.69	CHH
3	615186	620505	6200	8752	41.47	CG
3	615186	620505	3002	11409	20.83	CHG
3	615186	620505	5118	47431	9.74	CHH
3	1097994	1098400	1501	36	97.66	CG
3	1097994	1098400	951	215	81.56	CHG
3	1097994	1098400	708	4251	14.28	CHH
3	2922253	2922366	0	91	0.00	CG
3	2922253	2922366	0	192	0.00	CHG
3	2922253	2922366	59	1885	3.03	CHH
3	2924923	2926581	1372	286	82.75	CG
3	2924923	2926581	365	4106	8.16	CHG
3	2924923	2926581	1323	19055	6.49	CHH
3	3101473	3101729	769	1108	40.97	CG
3	3101473	3101729	49	1163	4.04	CHG
3	3101473	3101729	155	2471	5.90	CHH
3	3782983	3787490	1650	17105	8.80	CG
3	3782983	3787490	1415	13304	9.61	CHG
3	3782983	3787490	3175	45712	6.49	CHH
3	4471611	4471796	41	1080	3.66	CG
3	4471611	4471796	39	658	5.60	CHG
3	4471611	4471796	95	1608	5.58	CHH
3	4501942	4502163	363	438	45.32	CG
3	4501942	4502163	234	348	40.21	CHG
3	4501942	4502163	779	756	50.75	CHH
3	4735915	4736042	16	304	5.00	CG
3	4735915	4736042	28	287	8.89	CHG
3	4735915	4736042	50	1826	2.67	CHH
3	5786527	5786697	139	8	94.56	CG
3	5786527	5786697	9	427	2.06	CHG
3	5786527	5786697	94	1799	4.97	CHH
3	5790733	5792052	2737	155	94.64	CG
3	5790733	5792052	1928	638	75.14	CHG
3	5790733	5792052	1739	11125	13.52	CHH
3	5852144	5852325	465	29	94.13	CG
3	5852144	5852325	422	85	83.23	CHG
3	5852144	5852325	483	2047	19.09	CHH
3	5861909	5862252	399	94	80.93	CG
3	5861909	5862252	60	1215	4.71	CHG
3	5861909	5862252	140	3297	4.07	CHH
3	5863529	5863616	9	235	3.69	CG
3	5863529	5863616	28	394	6.64	CHG
3	5863529	5863616	37	1137	3.15	CHH
3	6119207	6119385	156	1613	8.82	CG
3	6119207	6119385	102	1336	7.09	CHG
3	6119207	6119385	150	1719	8.03	CHH
3	6727333	6727471	3	342	0.87	CG
3	6727333	6727471	8	254	3.05	CHG
3	6727333	6727471	100	1704	5.54	CHH
3	7815881	7816020	109	1859	5.54	CG
3	7815881	7816020	38	831	4.37	CHG
3	7815881	7816020	41	665	5.81	CHH
3	8124800	8125238	58	2765	2.05	CG
3	8124800	8125238	78	1603	4.64	CHG
3	8124800	8125238	249	5829	4.10	CHH
3	8292358	8296069	3988	1848	68.33	CG
3	8292358	8296069	2891	5969	32.63	CHG
3	8292358	8296069	3949	41637	8.66	CHH
3	8918282	8919468	1300	4538	22.27	CG
3	8918282	8919468	493	2930	14.40	CHG
3	8918282	8919468	1618	10874	12.95	CHH
3	8932042	8933228	951	1489	38.98	CG
3	8932042	8933228	503	1057	32.24	CHG
3	8932042	8933228	978	10792	8.31	CHH
3	9007060	9007495	1977	58	97.15	CG
3	9007060	9007495	948	309	75.42	CHG
3	9007060	9007495	360	2562	12.32	CHH
3	9615393	9615681	301	1410	17.59	CG
3	9615393	9615681	72	654	9.92	CHG
3	9615393	9615681	348	3560	8.90	CHH
3	9647322	9647514	40	268	12.99	CG
3	9647322	9647514	25	611	3.93	CHG
3	9647322	9647514	164	2179	7.00	CHH
3	9661238	9663204	682	3944	14.74	CG
3	9661238	9663204	504	4115	10.91	CHG
3	9661238	9663204	1755	18930	8.48	CHH
3	9703524	9703645	15	174	7.94	CG
3	9703524	9703645	25	133	15.82	CHG
3	9703524	9703645	167	1242	11.85	CHH
3	9741411	9741728	489	97	83.45	CG
3	9741411	9741728	243	140	63.45	CHG
3	9741411	9741728	246	2108	10.45	CHH
3	9772110	9773385	2976	474	86.26	CG
3	9772110	9773385	1591	930	63.11	CHG
3	9772110	9773385	1747	11333	13.36	CHH
3	9970758	9972750	804	9642	7.70	CG
3	9970758	9972750	752	7455	9.16	CHG
3	9970758	9972750	1251	20166	5.84	CHH
3	11318102	11319164	689	716	49.04	CG
3	11318102	11319164	296	1620	15.45	CHG
3	11318102	11319164	725	9073	7.40	CHH
3	11624874	11625180	168	6	96.55	CG
3	11624874	11625180	25	979	2.49	CHG
3	11624874	11625180	181	3088	5.54	CHH
3	11762654	11762757	9	182	4.71	CG
3	11762654	11762757	4	91	4.21	CHG
3	11762654	11762757	48	1003	4.57	CHH
3	12013674	12014450	763	40	95.02	CG
3	12013674	12014450	1647	236	87.47	CHG
3	12013674	12014450	791	8863	8.19	CHH
3	13326106	13326294	16	477	3.25	CG
3	13326106	13326294	57	765	6.93	CHG
3	13326106	13326294	129	1763	6.82	CHH
3	14484188	14484405	78	6	92.86	CG
3	14484188	14484405	447	66	87.13	CHG
3	14484188	14484405	225	1793	11.15	CHH
3	14495901	14496241	233	3217	6.75	CG
3	14495901	14496241	113	1451	7.23	CHG
3	14495901	14496241	264	3467	7.08	CHH
3	14633392	14633990	930	30	96.88	CG
3	14633392	14633990	444	103	81.17	CHG
3	14633392	14633990	499	6444	7.19	CHH
3	14886695	14886945	25	238	9.51	CG
3	14886695	14886945	171	149	53.44	CHG
3	14886695	14886945	1094	1271	46.26	CHH
3	15238637	15238822	282	10	96.58	CG
3	15238637	15238822	442	70	86.33	CHG
3	15238637	15238822	191	2260	7.79	CHH
3	15348429	15348696	397	14	96.59	CG
3	15348429	15348696	383	143	72.81	CHG
3	15348429	15348696	237	2627	8.28	CHH
3	15968990	15969281	39	1875	2.04	CG
3	15968990	15969281	68	1517	4.29	CHG
3	15968990	15969281	127	3480	3.52	CHH
3	16545195	16545366	155	6	96.27	CG
3	16545195	16545366	145	33	81.46	CHG
3	16545195	16545366	53	968	5.19	CHH
3	16691128	16691290	219	7	96.90	CG
3	16691128	16691290	53	155	25.48	CHG
3	16691128	16691290	315	1131	21.78	CHH
3	18086982	18087169	6	330	1.79	CG
3	18086982	18087169	15	455	3.19	CHG
3	18086982	18087169	85	2094	3.90	CHH
3	18671229	18673244	2483	1682	59.62	CG
3	18671229	18673244	1195	3080	27.95	CHG
3	18671229	18673244	2447	23012	9.61	CHH
3	19066610	19066885	1038	43	96.02	CG
3	19066610	19066885	233	209	52.71	CHG
3	19066610	19066885	155	1433	9.76	CHH
3	19477758	19477853	186	10	94.90	CG
3	19477758	19477853	118	146	44.70	CHG
3	19477758	19477853	78	753	9.39	CHH
3	20211561	20212451	2314	68	97.15	CG
3	20211561	20212451	1841	294	86.23	CHG
3	20211561	20212451	1235	8522	12.66	CHH
3	20300032	20301332	2659	85	96.90	CG
3	20300032	20301332	3415	506	87.10	CHG
3	20300032	20301332	1341	14378	8.53	CHH
3	20506153	20506547	1078	57	94.98	CG
3	20506153	20506547	837	333	71.54	CHG
3	20506153	20506547	351	4712	6.93	CHH
3	20529596	20530676	2793	5014	35.78	CG
3	20529596	20530676	612	3469	15.00	CHG
3	20529596	20530676	631	8051	7.27	CHH
3	20609274	20609784	779	34	95.82	CG
3	20609274	20609784	531	161	76.73	CHG
3	20609274	20609784	546	4235	11.42	CHH
3	21045714	21046037	605	43	93.36	CG
3	21045714	21046037	277	71	79.60	CHG
3	21045714	21046037	225	4153	5.14	CHH
3	21053301	21054404	528	362	59.33	CG
3	21053301	21054404	109	2115	4.90	CHG
3	21053301	21054404	634	13540	4.47	CHH
3	21477968	21478334	625	217	74.23	CG
3	21477968	21478334	197	496	28.43	CHG
3	21477968	21478334	455	3001	13.17	CHH
3	21805912	21806253	1665	63	96.35	CG
3	21805912	21806253	257	222	53.65	CHG
3	21805912	21806253	283	1883	13.07	CHH
3	22443304	22443897	75	3489	2.10	CG
3	22443304	22443897	168	2327	6.73	CHG
3	22443304	22443897	302	6368	4.53	CHH
3	22930322	22932315	844	4806	14.94	CG
3	22930322	22932315	261	5268	4.72	CHG
3	22930322	22932315	1092	23067	4.52	CHH
3	22977964	22978503	478	292	62.08	CG
3	22977964	22978503	488	749	39.45	CHG
3	22977964	22978503	1067	3509	23.32	CHH
3	23158824	23162446	2741	10443	20.79	CG
3	23158824	23162446	1236	7257	14.55	CHG
3	23158824	23162446	2919	32950	8.14	CHH
3	23440227	23440314	13	157	7.65	CHG
3	23440227	23440314	37	851	4.17	CHH
3	23502337	23503127	586	136	81.16	CG
3	23502337	23503127	103	578	15.12	CHG
3	23502337	23503127	1123	7233	13.44	CHH
3	24402381	24402506	72	1661	4.15	CG
3	24402381	24402506	58	495	10.49	CHG
3	24402381	24402506	48	1015	4.52	CHH
3	24697252	24697403	3	188	1.57	CG
3	24697252	24697403	14	380	3.55	CHG
3	24697252	24697403	50	1677	2.90	CHH
3	25124576	25125712	1649	646	71.85	CG
3	25124576	25125712	822	722	53.24	CHG
3	25124576	25125712	3431	7861	30.38	CHH
3	25238096	25238349	254	83	75.37	CG
3	25238096	25238349	11	781	1.39	CHG
3	25238096	25238349	99	2575	3.70	CHH
3	26463242	26463534	230	671	25.53	CG
3	26463242	26463534	60	831	6.73	CHG
3	26463242	26463534	181	1884	8.77	CHH
3	28036385	28036532	15	619	2.37	CG
3	28036385	28036532	34	555	5.77	CHG
3	28036385	28036532	71	1573	4.32	CHH
3	28421210	28421588	20	696	2.79	CG
3	28421210	28421588	89	1139	7.25	CHG
3	28421210	28421588	249	3821	6.12	CHH
3	28828352	28828674	205	223	47.90	CG
3	28828352	28828674	6	109	5.22	CHG
3	28828352	28828674	662	3333	16.57	CHH
3	28883667	28884002	116	68	63.04	CG
3	28883667	28884002	59	399	12.88	CHG
3	28883667	28884002	187	3346	5.29	CHH
3	28999678	28999814	94	88	51.65	CG
3	28999678	28999814	101	86	54.01	CHG
3	28999678	28999814	309	926	25.02	CHH
3	29036320	29036527	1661	66	96.18	CG
3	29036320	29036527	123	368	25.05	CHG
3	29036320	29036527	274	1035	20.93	CHH
3	29048284	29048488	1407	53	96.37	CG
3	29048284	29048488	937	307	75.32	CHG
3	29048284	29048488	207	1219	14.52	CHH
3	29804060	29804313	6	399	1.48	CG
3	29804060	29804313	40	842	4.54	CHG
3	29804060	29804313	115	2770	3.99	CHH
3	31242980	31243426	2066	79	96.32	CG
3	31242980	31243426	1045	296	77.93	CHG
3	31242980	31243426	275	2321	10.59	CHH
3	31550060	31550292	742	195	79.19	CG
3	31550060	31550292	250	212	54.11	CHG
3	31550060	31550292	368	2452	13.05	CHH
3	32992420	32993458	868	1154	42.93	CG
3	32992420	32993458	365	1268	22.35	CHG
3	32992420	32993458	951	10777	8.11	CHH
3	33907932	33908490	60	246	19.61	CG
3	33907932	33908490	82	1661	4.70	CHG
3	33907932	33908490	311	6110	4.84	CHH
3	34241449	34241654	13	335	3.74	CG
3	34241449	34241654	65	900	6.74	CHG
3	34241449	34241654	114	2139	5.06	CHH
3	34254363	34255907	1003	3195	23.89	CG
3	34254363	34255907	437	4947	8.12	CHG
3	34254363	34255907	2051	15483	11.70	CHH
3	34833000	34833309	1009	37	96.46	CG
3	34833000	34833309	606	149	80.26	CHG
3	34833000	34833309	371	1359	21.45	CHH
3	35110086	35110256	92	4	95.83	CG
3	35110086	35110256	0	301	0.00	CHG
3	35110086	35110256	117	2160	5.14	CHH
3	35180241	35180554	280	24	92.11	CG
3	35180241	35180554	48	1109	4.15	CHG
3	35180241	35180554	213	4129	4.91	CHH
3	35917041	35917731	1342	581	69.79	CG
3	35917041	35917731	537	877	37.98	CHG
3	35917041	35917731	905	6034	13.04	CHH
3	36048993	36049255	4	355	1.11	CG
3	36048993	36049255	34	597	5.39	CHG
3	36048993	36049255	118	2088	5.35	CHH
3	36390761	36392058	296	6556	4.32	CG
3	36390761	36392058	335	4610	6.77	CHG
3	36390761	36392058	897	13642	6.17	CHH
4	2128481	2128855	350	43	89.06	CG
4	2128481	2128855	101	284	26.23	CHG
4	2128481	2128855	370	3141	10.54	CHH
4	2540394	2540485	222	49	81.92	CG
4	2540394	2540485	214	76	73.79	CHG
4	2540394	2540485	55	788	6.52	CHH
4	3036997	3037085	410	12	97.16	CG
4	3036997	3037085	121	85	58.74	CHG
4	3036997	3037085	32	339	8.63	CHH
4	3390058	3390156	1	0	100.00	CG
4	3390058	3390156	0	1	0.00	CHG
4	3390058	3390156	0	1	0.00	CHH
4	4049820	4050064	598	23	96.30	CG
4	4049820	4050064	366	159	69.71	CHG
4	4049820	4050064	231	2333	9.01	CHH
4	4695559	4695777	757	42	94.74	CG
4	4695559	4695777	235	225	51.09	CHG
4	4695559	4695777	92	1313	6.55	CHH
4	5205473	5206792	4165	175	95.97	CG
4	5205473	5206792	2454	886	73.47	CHG
4	5205473	5206792	1422	14056	9.19	CHH
4	5370300	5370990	1031	46	95.73	CG
4	5370300	5370990	666	200	76.91	CHG
4	5370300	5370990	170	1773	8.75	CHH
4	7250146	7253105	2908	14199	17.00	CG
4	7250146	7253105	2200	7681	22.26	CHG
4	7250146	7253105	2230	28618	7.23	CHH
4	7946934	7947116	374	12	96.89	CG
4	7946934	7947116	242	108	69.14	CHG
4	7946934	7947116	100	1532	6.13	CHH
4	7976120	7976768	20	354	5.35	CG
4	7976120	7976768	49	810	5.70	CHG
4	7976120	7976768	105	3285	3.10	CHH
4	7998972	7999131	0	88	0.00	CG
4	7998972	7999131	30	182	14.15	CHG
4	7998972	7999131	94	1238	7.06	CHH
4	9504426	9506750	4683	322	93.57	CG
4	9504426	9506750	3466	1885	64.77	CHG
4	9504426	9506750	1742	26664	6.13	CHH
4	10597218	10597775	1693	45	97.41	CG
4	10597218	10597775	2280	421	84.41	CHG
4	10597218	10597775	430	5627	7.10	CHH
4	11254426	11254603	12	265	4.33	CG
4	11254426	11254603	27	502	5.10	CHG
4	11254426	11254603	136	2237	5.73	CHH
4	11479976	11481063	162	1054	13.32	CG
4	11479976	11481063	101	2107	4.57	CHG
4	11479976	11481063	662	12454	5.05	CHH
4	12511724	12511877	145	8	94.77	CG
4	12511724	12511877	425	131	76.44	CHG
4	12511724	12511877	181	1490	10.83	CHH
4	12570254	12573173	6020	244	96.10	CG
4	12570254	12573173	7663	1813	80.87	CHG
4	12570254	12573173	2868	33971	7.79	CHH
4	14336636	14336825	483	19	96.22	CG
4	14336636	14336825	421	202	67.58	CHG
4	14336636	14336825	74	1578	4.48	CHH
4	15422154	15422563	408	17	96.00	CG
4	15422154	15422563	395	154	71.95	CHG
4	15422154	15422563	597	3388	14.98	CHH
4	15927777	15928107	35	1026	3.30	CG
4	15927777	15928107	55	931	5.58	CHG
4	15927777	15928107	204	3320	5.79	CHH
4	16377949	16378038	355	13	96.47	CG
4	16377949	16378038	265	100	72.60	CHG
4	16377949	16378038	106	1113	8.70	CHH
4	16429861	16430118	398	14	96.60	CG
4	16429861	16430118	644	91	87.62	CHG
4	16429861	16430118	308	2646	10.43	CHH
4	16739824	16740091	795	45	94.64	CG
4	16739824	16740091	205	125	62.12	CHG
4	16739824	16740091	129	1983	6.11	CHH
4	16870850	16871033	232	15	93.93	CG
4	16870850	16871033	6	82	6.82	CHG
4	16870850	16871033	127	2110	5.68	CHH
4	16929303	16929386	16	128	11.11	CG
4	16929303	16929386	0	37	0.00	CHG
4	16929303	16929386	42	731	5.43	CHH
4	18861290	18861421	134	7	95.04	CG
4	18861290	18861421	82	25	76.64	CHG
4	18861290	18861421	641	569	52.98	CHH
4	18879559	18879953	2747	98	96.56	CG
4	18879559	18879953	1665	548	75.24	CHG
4	18879559	18879953	423	3511	10.75	CHH
4	19594453	19594613	4	191	2.05	CG
4	19594453	19594613	8	518	1.52	CHG
4	19594453	19594613	153	974	13.58	CHH
4	21836525	21836740	4	648	0.61	CG
4	21836525	21836740	33	1125	2.85	CHG
4	21836525	21836740	135	3162	4.09	CHH
4	22149701	22149888	67	1415	4.52	CG
4	22149701	22149888	42	565	6.92	CHG
4	22149701	22149888	128	1968	6.11	CHH
4	24463582	24463728	8	293	2.66	CG
4	24463582	24463728	10	222	4.31	CHG
4	24463582	24463728	86	1443	5.62	CHH
4	24879051	24879296	1	80	1.23	CG
4	24879051	24879296	40	1424	2.73	CHG
4	24879051	24879296	142	2549	5.28	CHH
4	25700367	25700823	2523	113	95.71	CG
4	25700367	25700823	877	626	58.35	CHG
4	25700367	25700823	605	4054	12.99	CHH
4	26025305	26025523	152	10	93.83	CG
4	26025305	26025523	22	644	3.30	CHG
4	26025305	26025523	68	2309	2.86	CHH
4	26125746	26125921	175	9	95.11	CG
4	26125746	26125921	131	44	74.86	CHG
4	26125746	26125921	163	1475	9.95	CHH
4	28854448	28854672	47	797	5.57	CG
4	28854448	28854672	25	351	6.65	CHG
4	28854448	28854672	107	1637	6.14	CHH
4	31600862	31601333	1475	56	96.34	CG
4	31600862	31601333	1227	522	70.15	CHG
4	31600862	31601333	503	4880	9.34	CHH
4	32665225	32665685	99	3333	2.88	CG
4	32665225	32665685	142	2431	5.52	CHG
4	32665225	32665685	342	5580	5.78	CHH
4	32845260	32845468	230	17	93.12	CG
4	32845260	32845468	22	735	2.91	CHG
4	32845260	32845468	107	2289	4.47	CHH
4	32907649	32907913	893	32	96.54	CG
4	32907649	32907913	1112	149	88.18	CHG
4	32907649	32907913	301	3312	8.33	CHH
4	32976630	32976775	4	315	1.25	CG
4	32976630	32976775	18	365	4.70	CHG
4	32976630	32976775	63	2012	3.04	CHH
4	33538001	33538284	343	13	96.35	CG
4	33538001	33538284	409	76	84.33	CHG
4	33538001	33538284	114	1289	8.13	CHH
5	22552	22704	333	12	96.52	CG
5	22552	22704	199	40	83.26	CHG
5	22552	22704	93	1070	8.00	CHH
5	167915	169390	1212	366	76.81	CG
5	167915	169390	345	652	34.60	CHG
5	167915	169390	1191	12005	9.03	CHH
5	802197	802307	2	141	1.40	CG
5	802197	802307	5	247	1.98	CHG
5	802197	802307	38	1419	2.61	CHH
5	1555477	1555743	239	11	95.60	CG
5	1555477	1555743	27	828	3.16	CHG
5	1555477	1555743	191	3478	5.21	CHH
5	1623822	1624065	1303	58	95.74	CG
5	1623822	1624065	545	252	68.38	CHG
5	1623822	1624065	174	797	17.92	CHH
5	1649481	1650024	2596	152	94.47	CG
5	1649481	1650024	1253	754	62.43	CHG
5	1649481	1650024	659	6541	9.15	CHH
5	2535968	2537410	426	7216	5.57	CG
5	2535968	2537410	327	5278	5.83	CHG
5	2535968	2537410	853	16134	5.02	CHH
5	3201536	3202094	123	383	24.31	CG
5	3201536	3202094	225	680	24.86	CHG
5	3201536	3202094	1112	4584	19.52	CHH
5	3642042	3642277	1112	53	95.45	CG
5	3642042	3642277	190	253	42.89	CHG
5	3642042	3642277	204	2096	8.87	CHH
5	4042346	4043559	1808	86	95.46	CG
5	4042346	4043559	1187	371	76.19	CHG
5	4042346	4043559	551	5400	9.26	CHH
5	5042999	5043643	174	2	98.86	CG
5	5042999	5043643	77	23	77.00	CHG
5	5042999	5043643	81	950	7.86	CHH
5	6697788	6698020	334	17	95.16	CG
5	6697788	6698020	40	583	6.42	CHG
5	6697788	6698020	163	2597	5.91	CHH
5	8888812	8888977	189	3	98.44	CG
5	8888812	8888977	556	48	92.05	CHG
5	8888812	8888977	193	1483	11.52	CHH
5	9364313	9364413	632	27	95.90	CG
5	9364313	9364413	414	170	70.89	CHG
5	9364313	9364413	88	694	11.25	CHH
5	12549332	12549415	5	0	100.00	CG
5	12549332	12549415	0	1	0.00	CHG
5	12549332	12549415	0	11	0.00	CHH
5	12809268	12809477	959	63	93.84	CG
5	12809268	12809477	350	241	59.22	CHG
5	12809268	12809477	165	1249	11.67	CHH
5	13857407	13857542	928	31	96.77	CG
5	13857407	13857542	212	122	63.47	CHG
5	13857407	13857542	112	1020	9.89	CHH
5	14246535	14246708	8	159	4.79	CG
5	14246535	14246708	3	82	3.53	CHG
5	14246535	14246708	140	2444	5.42	CHH
5	15249273	15249609	936	48	95.12	CG
5	15249273	15249609	547	217	71.60	CHG
5	15249273	15249609	307	3344	8.41	CHH
5	15263881	15264136	1534	40	97.46	CG
5	15263881	15264136	732	315	69.91	CHG
5	15263881	15264136	245	1784	12.07	CHH
5	15295856	15296058	659	32	95.37	CG
5	15295856	15296058	245	138	63.97	CHG
5	15295856	15296058	53	964	5.21	CHH
5	15380224	15380482	99	6	94.29	CG
5	15380224	15380482	132	21	86.27	CHG
5	15380224	15380482	17	251	6.34	CHH
5	16141049	16142222	3034	115	96.35	CG
5	16141049	16142222	2032	401	83.52	CHG
5	16141049	16142222	1035	12077	7.89	CHH
5	16604726	16607053	4419	439	90.96	CG
5	16604726	16607053	2411	1591	60.24	CHG
5	16604726	16607053	2395	24877	8.78	CHH
5	16695358	16697204	2054	1997	50.70	CG
5	16695358	16697204	2041	1671	54.98	CHG
5	16695358	16697204	1682	14311	10.52	CHH
5	17145149	17145240	1	89	1.11	CG
5	17145149	17145240	34	991	3.32	CHH
5	17275880	17277194	1432	1581	47.53	CG
5	17275880	17277194	311	3386	8.41	CHG
5	17275880	17277194	1293	14722	8.07	CHH
5	18555974	18556911	2289	461	83.24	CG
5	18555974	18556911	927	880	51.30	CHG
5	18555974	18556911	979	13560	6.73	CHH
5	18614365	18615227	3309	90	97.35	CG
5	18614365	18615227	1433	570	71.54	CHG
5	18614365	18615227	1664	7931	17.34	CHH
5	19082868	19087589	3128	5654	35.62	CG
5	19082868	19087589	880	13260	6.22	CHG
5	19082868	19087589	3549	49669	6.67	CHH
5	19475239	19475452	11	514	2.10	CG
5	19475239	19475452	27	823	3.18	CHG
5	19475239	19475452	133	2380	5.29	CHH
5	19550564	19550779	45	133	25.28	CHG
5	19550564	19550779	256	2161	10.59	CHH
5	19686229	19688559	2286	5256	30.31	CG
5	19686229	19688559	1500	3728	28.69	CHG
5	19686229	19688559	2079	23035	8.28	CHH
5	20197683	20197907	76	1952	3.75	CG
5	20197683	20197907	88	1052	7.72	CHG
5	20197683	20197907	89	2008	4.24	CHH
5	20639725	20640817	1421	135	91.32	CG
5	20639725	20640817	274	3197	7.89	CHG
5	20639725	20640817	621	11291	5.21	CHH
5	21196473	21196736	215	4	98.17	CG
5	21196473	21196736	327	23	93.43	CHG
5	21196473	21196736	357	2726	11.58	CHH
5	21222554	21222810	170	93	64.64	CHG
5	21222554	21222810	127	2447	4.93	CHH
5	21231311	21231463	29	945	2.98	CG
5	21231311	21231463	47	753	5.88	CHG
5	21231311	21231463	57	1409	3.89	CHH
5	21771662	21772418	1208	442	73.21	CG
5	21771662	21772418	966	773	55.55	CHG
5	21771662	21772418	466	6462	6.73	CHH
5	22632027	22632224	18	1216	1.46	CG
5	22632027	22632224	34	1018	3.23	CHG
5	22632027	22632224	115	1796	6.02	CHH
5	23446330	23446424	14	3	82.35	CG
5	23446330	23446424	22	81	21.36	CHH
5	23498602	23498699	138	5	96.50	CG
5	23498602	23498699	64	5	92.75	CHG
5	23498602	23498699	783	407	65.80	CHH
5	23589096	23589233	6	336	1.75	CHG
5	23589096	23589233	79	1831	4.14	CHH
5	23597717	23597952	3	127	2.31	CG
5	23597717	23597952	14	308	4.35	CHG
5	23597717	23597952	113	1928	5.54	CHH
5	23799970	23800819	167	4033	3.98	CG
5	23799970	23800819	219	3170	6.46	CHG
5	23799970	23800819	377	9132	3.96	CHH
5	24767463	24767619	25	1279	1.92	CG
5	24767463	24767619	18	404	4.27	CHG
5	24767463	24767619	69	1778	3.74	CHH
5	24958493	24960927	1910	2203	46.44	CG
5	24958493	24960927	443	5828	7.06	CHG
5	24958493	24960927	1538	26970	5.39	CHH
5	25117789	25118255	245	3302	6.91	CG
5	25117789	25118255	131	1364	8.76	CHG
5	25117789	25118255	196	3138	5.88	CHH
5	25683760	25686062	1918	10815	15.06	CG
5	25683760	25686062	1355	8276	14.07	CHG
5	25683760	25686062	2624	17307	13.17	CHH
5	25916431	25917101	1386	46	96.79	CG
5	25916431	25917101	867	433	66.69	CHG
5	25916431	25917101	1503	7638	16.44	CHH
5	26920490	26922938	154	4668	3.19	CG
5	26920490	26922938	462	9022	4.87	CHG
5	26920490	26922938	1597	26575	5.67	CHH
5	27294148	27294484	37	1242	2.89	CG
5	27294148	27294484	57	929	5.78	CHG
5	27294148	27294484	174	3318	4.98	CHH
5	27692643	27692794	18	773	2.28	CG
5	27692643	27692794	19	777	2.39	CHG
5	27692643	27692794	95	1773	5.09	CHH
5	28353397	28355104	2480	406	85.93	CG
5	28353397	28355104	310	4374	6.62	CHG
5	28353397	28355104	1004	18640	5.11	CHH
5	28438764	28438936	324	8	97.59	CG
5	28438764	28438936	400	42	90.50	CHG
5	28438764	28438936	110	1351	7.53	CHH
5	29278792	29278999	141	11	92.76	CG
5	29278792	29278999	80	9	89.89	CHG
5	29278792	29278999	41	600	6.40	CHH
5	29368004	29368261	237	12	95.18	CG
5	29368004	29368261	535	22	96.05	CHG
5	29368004	29368261	345	3161	9.84	CHH
5	29393677	29395023	553	48	92.01	CG
5	29393677	29395023	497	97	83.67	CHG
5	29393677	29395023	156	1450	9.71	CHH
5	29485227	29485510	546	449	54.87	CG
5	29485227	29485510	228	771	22.82	CHG
5	29485227	29485510	354	3414	9.39	CHH
6	247291	247913	54	1971	2.67	CG
6	247291	247913	88	1546	5.39	CHG
6	247291	247913	269	5361	4.78	CHH
6	368015	368245	7	573	1.21	CG
6	368015	368245	34	677	4.78	CHG
6	368015	368245	140	2464	5.38	CHH
6	521167	522087	318	1859	14.61	CG
6	521167	522087	160	1666	8.76	CHG
6	521167	522087	1065	9554	10.03	CHH
6	813527	813697	168	4	97.67	CG
6	813527	813697	21	441	4.55	CHG
6	813527	813697	196	2434	7.45	CHH
6	958185	960061	3832	1838	67.58	CG
6	958185	960061	1404	1660	45.82	CHG
6	958185	960061	1513	13494	10.08	CHH
6	1267865	1268035	1244	17	98.65	CG
6	1267865	1268035	596	200	74.87	CHG
6	1267865	1268035	135	1660	7.52	CHH
6	2300838	2300945	0	265	0.00	CG
6	2300838	2300945	32	447	6.68	CHG
6	2300838	2300945	76	1349	5.33	CHH
6	3639180	3639309	9	378	2.33	CG
6	3639180	3639309	8	430	1.83	CHG
6	3639180	3639309	92	1567	5.55	CHH
6	3944739	3945664	513	826	38.31	CG
6	3944739	3945664	629	1032	37.87	CHG
6	3944739	3945664	955	9943	8.76	CHH
6	4300749	4300941	510	29	94.62	CG
6	4300749	4300941	196	197	49.87	CHG
6	4300749	4300941	139	2373	5.53	CHH
6	4553472	4553595	649	25	96.29	CG
6	4553472	4553595	127	104	54.98	CHG
6	4553472	4553595	111	685	13.94	CHH
6	4806070	4806315	92	1127	7.55	CG
6	4806070	4806315	58	526	9.93	CHG
6	4806070	4806315	136	1989	6.40	CHH
6	5243918	5246329	2617	3136	45.49	CG
6	5243918	5246329	540	9522	5.37	CHG
6	5243918	5246329	1530	30011	4.85	CHH
6	5335954	5337126	977	1373	41.57	CG
6	5335954	5337126	614	1321	31.73	CHG
6	5335954	5337126	1903	6966	21.46	CHH
6	6556692	6557000	29	1808	1.58	CG
6	6556692	6557000	53	927	5.41	CHG
6	6556692	6557000	130	3045	4.09	CHH
6	7262284	7262394	27	293	8.44	CHG
6	7262284	7262394	61	1130	5.12	CHH
6	7296360	7297580	1094	26	97.68	CG
6	7296360	7297580	838	161	83.88	CHG
6	7296360	7297580	348	3630	8.75	CHH
6	7450229	7452500	3982	653	85.91	CG
6	7450229	7452500	2855	1363	67.69	CHG
6	7450229	7452500	2801	19449	12.59	CHH
6	8010667	8010997	1401	58	96.02	CG
6	8010667	8010997	827	382	68.40	CHG
6	8010667	8010997	351	3452	9.23	CHH
6	8383109	8385458	2180	10407	17.32	CG
6	8383109	8385458	1184	5122	18.78	CHG
6	8383109	8385458	1699	20962	7.50	CHH
6	8415805	8416695	2274	88	96.27	CG
6	8415805	8416695	1798	660	73.15	CHG
6	8415805	8416695	1070	10002	9.66	CHH
6	8434419	8434622	445	26	94.48	CG
6	8434419	8434622	483	124	79.57	CHG
6	8434419	8434622	307	969	24.06	CHH
6	9748876	9749062	625	254	71.10	CG
6	9748876	9749062	33	271	10.86	CHG
6	9748876	9749062	229	1729	11.70	CHH
6	9753551	9753693	103	1	99.04	CG
6	9753551	9753693	130	30	81.25	CHG
6	9753551	9753693	51	497	9.31	CHH
6	10075237	10075575	1031	38	96.45	CG
6	10075237	10075575	1554	342	81.96	CHG
6	10075237	10075575	417	3852	9.77	CHH
6	10093461	10093858	824	47	94.60	CG
6	10093461	10093858	374	370	50.27	CHG
6	10093461	10093858	335	4274	7.27	CHH
6	10113029	10113177	319	6	98.15	CG
6	10113029	10113177	161	59	73.18	CHG
6	10113029	10113177	397	1201	24.84	CHH
6	10217891	10218933	2367	83	96.61	CG
6	10217891	10218933	2693	404	86.96	CHG
6	10217891	10218933	886	10268	7.94	CHH
6	11173234	11173456	87	111	43.94	CG
6	11173234	11173456	1079	1401	43.51	CHH
6	11608473	11613132	9038	1946	82.28	CG
6	11608473	11613132	6272	4622	57.57	CHG
6	11608473	11613132	4710	36792	11.35	CHH
6	11851633	11851862	204	10	95.33	CG
6	11851633	11851862	535	135	79.85	CHG
6	11851633	11851862	164	2354	6.51	CHH
6	14122214	14122520	705	13	98.19	CG
6	14122214	14122520	770	138	84.80	CHG
6	14122214	14122520	536	2187	19.68	CHH
6	14227883	14228030	292	16	94.81	CG
6	14227883	14228030	153	51	75.00	CHG
6	14227883	14228030	97	1208	7.43	CHH
6	14470606	14472078	3397	168	95.29	CG
6	14470606	14472078	3394	597	85.04	CHG
6	14470606	14472078	1526	11704	11.53	CHH
6	14807254	14809068	3837	972	79.79	CG
6	14807254	14809068	3426	1862	64.79	CHG
6	14807254	14809068	2804	18588	13.11	CHH
6	14821713	14821802	130	5	96.30	CG
6	14821713	14821802	249	31	88.93	CHG
6	14821713	14821802	70	690	9.21	CHH
6	14830897	14831902	1710	59	96.66	CG
6	14830897	14831902	2393	391	85.96	CHG
6	14830897	14831902	804	9986	7.45	CHH
6	14905971	14906794	2411	70	97.18	CG
6	14905971	14906794	2350	220	91.44	CHG
6	14905971	14906794	917	7362	11.08	CHH
6	15103747	15105627	3380	126	96.41	CG
6	15103747	15105627	2883	669	81.17	CHG
6	15103747	15105627	1732	23084	6.98	CHH
6	15441362	15441506	6867	450	93.85	CG
6	15441362	15441506	679	466	59.30	CHG
6	15441362	15441506	1140	8584	11.72	CHH
6	15563454	15563591	153	5	96.84	CG
6	15563454	15563591	246	40	86.01	CHG
6	15563454	15563591	62	1142	5.15	CHH
6	16686020	16686529	1344	94	93.46	CG
6	16686020	16686529	584	220	72.64	CHG
6	16686020	16686529	248	4361	5.38	CHH
6	17158669	17158861	410	127	76.35	CG
6	17158669	17158861	26	422	5.80	CHG
6	17158669	17158861	160	2164	6.88	CHH
6	17199198	17199462	181	28	86.60	CG
6	17199198	17199462	24	33	42.11	CHG
6	17199198	17199462	108	1622	6.24	CHH
6	17345586	17347256	7232	276	96.32	CG
6	17345586	17347256	3754	1244	75.11	CHG
6	17345586	17347256	2163	18746	10.34	CHH
6	17660877	17661057	364	27	93.09	CG
6	17660877	17661057	475	119	79.97	CHG
6	17660877	17661057	106	1603	6.20	CHH
6	18643334	18643833	620	44	93.37	CG
6	18643334	18643833	196	222	46.89	CHG
6	18643334	18643833	46	386	10.65	CHH
6	18777954	18779043	2216	103	95.56	CG
6	18777954	18779043	1228	387	76.04	CHG
6	18777954	18779043	1018	13155	7.18	CHH
6	18810122	18813496	7831	1270	86.05	CG
6	18810122	18813496	3649	4459	45.00	CHG
6	18810122	18813496	2687	34499	7.23	CHH
6	19312818	19314797	4789	2851	62.68	CG
6	19312818	19314797	2162	2930	42.46	CHG
6	19312818	19314797	3125	21211	12.84	CHH
6	20357482	20357681	603	31	95.11	CG
6	20357482	20357681	256	140	64.65	CHG
6	20357482	20357681	189	2284	7.64	CHH
6	20439044	20439654	40	927	4.14	CG
6	20439044	20439654	129	2015	6.02	CHG
6	20439044	20439654	311	5962	4.96	CHH
6	21127919	21128043	449	14	96.98	CG
6	21127919	21128043	16	26	38.10	CHG
6	21127919	21128043	189	1043	15.34	CHH
6	21587628	21587841	283	20	93.40	CG
6	21587628	21587841	236	22	91.47	CHG
6	21587628	21587841	313	1913	14.06	CHH
6	22156671	22156886	23	922	2.43	CG
6	22156671	22156886	32	666	4.58	CHG
6	22156671	22156886	145	2950	4.68	CHH
6	22194216	22196915	4534	1542	74.62	CG
6	22194216	22196915	2231	5098	30.44	CHG
6	22194216	22196915	2180	32712	6.25	CHH
6	22609287	22612484	5850	4082	58.90	CG
6	22609287	22612484	3356	4730	41.50	CHG
6	22609287	22612484	6891	27389	20.10	CHH
6	22611980	22612934	492	950	34.12	CG
6	22611980	22612934	488	646	43.03	CHG
6	22611980	22612934	1546	3594	30.08	CHH
6	23257492	23257741	1368	71	95.07	CG
6	23257492	23257741	537	165	76.50	CHG
6	23257492	23257741	225	1161	16.23	CHH
6	23764410	23764702	74	2	97.37	CG
6	23764410	23764702	26	22	54.17	CHG
6	23764410	23764702	200	4093	4.66	CHH
6	23867262	23869017	762	8978	7.82	CG
6	23867262	23869017	1067	4682	18.56	CHG
6	23867262	23869017	1698	16423	9.37	CHH
6	24469529	24469704	128	11	92.09	CG
6	24469529	24469704	477	37	92.80	CHG
6	24469529	24469704	202	1824	9.97	CHH
6	26027042	26027922	1197	127	90.41	CG
6	26027042	26027922	302	865	25.88	CHG
6	26027042	26027922	541	9044	5.64	CHH
6	27428621	27432072	2821	6376	30.67	CG
6	27428621	27432072	1185	9886	10.70	CHG
6	27428621	27432072	2820	33067	7.86	CHH
6	27581080	27581338	997	29	97.17	CG
6	27581080	27581338	575	141	80.31	CHG
6	27581080	27581338	463	2442	15.94	CHH
6	27924772	27924989	222	13	94.47	CG
6	27924772	27924989	47	808	5.50	CHG
6	27924772	27924989	119	2042	5.51	CHH
6	28789509	28791244	767	1499	33.85	CG
6	28789509	28791244	444	4622	8.76	CHG
6	28789509	28791244	1188	19106	5.85	CHH
6	28955148	28955268	8	299	2.61	CHG
6	28955148	28955268	55	1127	4.65	CHH
6	29172271	29175087	1723	828	67.54	CG
6	29172271	29175087	392	9031	4.16	CHG
6	29172271	29175087	1704	33762	4.80	CHH
6	30516258	30516520	231	396	36.84	CG
6	30516258	30516520	71	228	23.75	CHG
6	30516258	30516520	419	1903	18.04	CHH
6	31188015	31188697	279	101	73.42	CG
6	31188015	31188697	77	2217	3.36	CHG
6	31188015	31188697	385	8670	4.25	CHH
6	31222643	31224540	2854	93	96.84	CG
6	31222643	31224540	282	4816	5.53	CHG
6	31222643	31224540	1320	19049	6.48	CHH
7	411438	411715	605	39	93.94	CG
7	411438	411715	425	508	45.55	CHG
7	411438	411715	385	2818	12.02	CHH
7	993029	993215	20	338	5.59	CG
7	993029	993215	88	532	14.19	CHG
7	993029	993215	124	2328	5.06	CHH
7	1846760	1848970	2658	609	81.36	CG
7	1846760	1848970	284	6447	4.22	CHG
7	1846760	1848970	1434	25276	5.37	CHH
7	2224488	2225213	195	2982	6.14	CG
7	2224488	2225213	139	2215	5.90	CHG
7	2224488	2225213	360	7536	4.56	CHH
7	2447769	2451203	3382	11923	22.10	CG
7	2447769	2451203	1633	9859	14.21	CHG
7	2447769	2451203	3918	33853	10.37	CHH
7	2483423	2483554	407	109	78.88	CG
7	2483423	2483554	104	58	64.20	CHG
7	2483423	2483554	207	684	23.23	CHH
7	2618288	2618484	164	11	93.71	CG
7	2618288	2618484	10	76	11.63	CHG
7	2618288	2618484	92	1920	4.57	CHH
7	2946799	2949545	2012	7559	21.02	CG
7	2946799	2949545	437	9201	4.53	CHG
7	2946799	2949545	1417	30093	4.50	CHH
7	3992526	3992733	291	21	93.27	CG
7	3992526	3992733	41	1008	3.91	CHG
7	3992526	3992733	176	3045	5.46	CHH
7	4299561	4299774	227	237	48.92	CG
7	4299561	4299774	18	253	6.64	CHG
7	4299561	4299774	91	1597	5.39	CHH
7	4594741	4595750	423	2381	15.09	CG
7	4594741	4595750	186	3148	5.58	CHG
7	4594741	4595750	815	13712	5.61	CHH
7	4802020	4804153	307	3899	7.30	CG
7	4802020	4804153	308	2968	9.40	CHG
7	4802020	4804153	1401	23818	5.56	CHH
7	5473306	5473520	127	2	98.45	CG
7	5473306	5473520	120	7	94.49	CHG
7	5473306	5473520	100	1853	5.12	CHH
7	6327476	6328339	1790	44	97.60	CG
7	6327476	6328339	1228	256	82.75	CHG
7	6327476	6328339	563	5002	10.12	CHH
7	6575263	6575711	9	216	4.00	CG
7	6575263	6575711	9	72	11.11	CHG
7	6575263	6575711	280	4755	5.56	CHH
7	6605103	6605624	2438	99	96.10	CG
7	6605103	6605624	694	932	42.68	CHG
7	6605103	6605624	455	4650	8.91	CHH
7	6829453	6829599	54	341	13.67	CHG
7	6829453	6829599	163	2167	7.00	CHH
7	6919655	6920441	2166	358	85.82	CG
7	6919655	6920441	1576	1360	53.68	CHG
7	6919655	6920441	600	8063	6.93	CHH
7	7348687	7348951	101	6	94.39	CG
7	7348687	7348951	17	516	3.19	CHG
7	7348687	7348951	174	3633	4.57	CHH
7	7538627	7540224	1813	878	67.37	CG
7	7538627	7540224	709	1479	32.40	CHG
7	7538627	7540224	1483	14929	9.04	CHH
7	7676619	7677136	838	44	95.01	CG
7	7676619	7677136	806	205	79.72	CHG
7	7676619	7677136	516	5261	8.93	CHH
7	7868604	7868899	1396	45	96.88	CG
7	7868604	7868899	809	290	73.61	CHG
7	7868604	7868899	165	2867	5.44	CHH
7	7896981	7897138	77	3	96.25	CG
7	7896981	7897138	555	67	89.23	CHG
7	7896981	7897138	134	1848	6.76	CHH
7	7950410	7951127	381	4321	8.10	CG
7	7950410	7951127	215	2567	7.73	CHG
7	7950410	7951127	659	6508	9.19	CHH
7	8994834	8994985	332	30	91.71	CG
7	8994834	8994985	32	471	6.36	CHG
7	8994834	8994985	45	1212	3.58	CHH
7	9688947	9691039	2016	6644	23.28	CG
7	9688947	9691039	2028	3231	38.56	CHG
7	9688947	9691039	1491	16449	8.31	CHH
7	10365529	10365796	1162	40	96.67	CG
7	10365529	10365796	212	35	85.83	CHG
7	10365529	10365796	160	2311	6.48	CHH
7	10449611	10449795	278	25	91.75	CG
7	10449611	10449795	268	66	80.24	CHG
7	10449611	10449795	123	2028	5.72	CHH
7	10549868	10550083	316	21	93.77	CG
7	10549868	10550083	205	139	59.59	CHG
7	10549868	10550083	212	1918	9.95	CHH
7	10635123	10635434	487	380	56.17	CG
7	10635123	10635434	603	224	72.91	CHG
7	10635123	10635434	1354	2071	39.53	CHH
7	10877526	10878054	3032	188	94.16	CG
7	10877526	10878054	933	494	65.38	CHG
7	10877526	10878054	427	3127	12.01	CHH
7	11466967	11467449	1506	68	95.68	CG
7	11466967	11467449	862	226	79.23	CHG
7	11466967	11467449	329	4912	6.28	CHH
7	11601703	11602144	434	30	93.53	CG
7	11601703	11602144	410	101	80.23	CHG
7	11601703	11602144	457	5237	8.03	CHH
7	11983577	11984979	1268	160	88.80	CG
7	11983577	11984979	1150	704	62.03	CHG
7	11983577	11984979	1016	13762	6.88	CHH
7	12411232	12411465	308	6	98.09	CG
7	12411232	12411465	170	77	68.83	CHG
7	12411232	12411465	27	267	9.18	CHH
7	12792717	12792888	187	13	93.50	CG
7	12792717	12792888	263	41	86.51	CHG
7	12792717	12792888	213	1730	10.96	CHH
7	12807464	12807960	723	27	96.40	CG
7	12807464	12807960	881	530	62.44	CHG
7	12807464	12807960	475	6734	6.59	CHH
7	13460211	13460326	486	36	93.10	CG
7	13460211	13460326	77	101	43.26	CHG
7	13460211	13460326	56	423	11.69	CHH
7	15065372	15067232	3543	176	95.27	CG
7	15065372	15067232	3593	728	83.15	CHG
7	15065372	15067232	1632	21062	7.19	CHH
7	15194897	15195154	12	157	7.10	CG
7	15194897	15195154	26	206	11.21	CHG
7	15194897	15195154	127	3142	3.88	CHH
7	15838174	15840597	2548	3090	45.19	CG
7	15838174	15840597	870	3124	21.78	CHG
7	15838174	15840597	2875	20974	12.06	CHH
7	16417756	16417995	264	17	93.95	CG
7	16417756	16417995	131	58	69.31	CHG
7	16417756	16417995	377	3103	10.83	CHH
7	17006268	17006989	4077	195	95.44	CG
7	17006268	17006989	1443	448	76.31	CHG
7	17006268	17006989	846	7290	10.40	CHH
7	17339592	17339751	10	164	5.75	CG
7	17339592	17339751	17	509	3.23	CHG
7	17339592	17339751	106	1908	5.26	CHH
7	17913342	17913726	1287	64	95.26	CG
7	17913342	17913726	782	231	77.20	CHG
7	17913342	17913726	517	3861	11.81	CHH
7	18987148	18987233	12	117	9.30	CG
7	18987148	18987233	9	57	13.64	CHG
7	18987148	18987233	52	855	5.73	CHH
7	19215021	19215291	1849	93	95.21	CG
7	19215021	19215291	951	289	76.69	CHG
7	19215021	19215291	397	2513	13.64	CHH
7	19560035	19560566	1522	48	96.94	CG
7	19560035	19560566	1008	309	76.54	CHG
7	19560035	19560566	888	2957	23.09	CHH
