1	2555114	2555411	1586	85	94.91	CG
1	2555114	2555411	517	380	57.64	CHG
1	2555114	2555411	327	2935	10.02	CHH
1	8143115	8144572	1429	3478	29.12	CG
1	8143115	8144572	1098	2432	31.10	CHG
1	8143115	8144572	2695	15752	14.61	CHH
1	8856289	8857459	4249	198	95.55	CG
1	8856289	8857459	2394	1188	66.83	CHG
1	8856289	8857459	972	7208	11.88	CHH
1	9440253	9440373	133	4	97.08	CG
1	9440253	9440373	417	74	84.93	CHG
1	9440253	9440373	198	1131	14.90	CHH
1	10922927	10924097	5403	222	96.05	CG
1	10922927	10924097	1818	1500	54.79	CHG
1	10922927	10924097	1007	9888	9.24	CHH
1	10924272	10925038	1148	65	94.64	CG
1	10924272	10925038	1043	347	75.04	CHG
1	10924272	10925038	1693	5744	22.76	CHH
1	10926447	10926494	115	2	98.29	CG
1	10926447	10926494	67	17	79.76	CHG
1	10926447	10926494	109	414	20.84	CHH
1	10927779	10928239	39	1440	2.64	CG
1	10927779	10928239	94	1763	5.06	CHG
1	10927779	10928239	321	4783	6.29	CHH
1	11194466	11195470	4863	232	95.45	CG
1	11194466	11195470	1475	415	78.04	CHG
1	11194466	11195470	1556	8446	15.56	CHH
1	11195594	11197144	4801	202	95.96	CG
1	11195594	11197144	3255	600	84.44	CHG
1	11195594	11197144	3251	14243	18.58	CHH
1	11469690	11470040	1353	336	80.11	CG
1	11469690	11470040	423	599	41.39	CHG
1	11469690	11470040	368	2633	12.26	CHH
1	11476217	11476541	1006	47	95.54	CG
1	11476217	11476541	451	243	64.99	CHG
1	11476217	11476541	291	2919	9.07	CHH
1	11476776	11476980	665	42	94.06	CG
1	11476776	11476980	457	384	54.34	CHG
1	11476776	11476980	146	1973	6.89	CHH
1	14960932	14961729	2885	171	94.40	CG
1	14960932	14961729	1221	1218	50.06	CHG
1	14960932	14961729	872	6692	11.53	CHH
1	20811581	20812788	1623	117	93.28	CG
1	20811581	20812788	1570	651	70.69	CHG
1	20811581	20812788	1536	13646	10.12	CHH
1	20812987	20814418	5491	211	96.30	CG
1	20812987	20814418	3432	801	81.08	CHG
1	20812987	20814418	1693	13345	11.26	CHH
1	21008974	21009872	1200	65	94.86	CG
1	21008974	21009872	1214	360	77.13	CHG
1	21008974	21009872	972	11012	8.11	CHH
1	21009973	21014417	9874	480	95.36	CG
1	21009973	21014417	9668	4953	66.12	CHG
1	21009973	21014417	3652	43011	7.83	CHH
1	25251599	25253560	5903	1521	79.51	CG
1	25251599	25253560	2211	2542	46.52	CHG
1	25251599	25253560	2694	17607	13.27	CHH
1	25254184	25254575	2004	79	96.21	CG
1	25254184	25254575	721	372	65.97	CHG
1	25254184	25254575	995	3554	21.87	CHH
1	26580982	26582392	6009	195	96.86	CG
1	26580982	26582392	2487	1303	65.62	CHG
1	26580982	26582392	1397	10074	12.18	CHH
1	28208118	28209343	5597	248	95.76	CG
1	28208118	28209343	1962	1031	65.55	CHG
1	28208118	28209343	1261	6570	16.10	CHH
1	28209629	28210983	3117	206	93.80	CG
1	28209629	28210983	2692	789	77.33	CHG
1	28209629	28210983	1480	14729	9.13	CHH
1	28211421	28212110	774	38	95.32	CG
1	28211421	28212110	1047	190	84.64	CHG
1	28211421	28212110	643	7904	7.52	CHH
1	30811371	30812183	2853	159	94.72	CG
1	30811371	30812183	1472	1167	55.78	CHG
1	30811371	30812183	902	6301	12.52	CHH
1	36452592	36453218	1465	338	81.25	CG
1	36452592	36453218	624	742	45.68	CHG
1	36452592	36453218	734	4962	12.89	CHH
1	38451745	38452887	3577	1012	77.95	CG
1	38451745	38452887	1611	1588	50.36	CHG
1	38451745	38452887	2386	11163	17.61	CHH
1	41135938	41135972	23	159	12.64	CG
1	41135938	41135972	5	85	5.56	CHG
1	41135938	41135972	22	349	5.93	CHH
2	3701316	3701517	320	16	95.24	CG
2	3701316	3701517	268	167	61.61	CHG
2	3701316	3701517	180	2295	7.27	CHH
2	6759920	6761510	3990	164	96.05	CG
2	6759920	6761510	2892	849	77.31	CHG
2	6759920	6761510	1776	15180	10.47	CHH
2	7610238	7610762	2527	70	97.30	CG
2	7610238	7610762	1177	708	62.44	CHG
2	7610238	7610762	848	4361	16.28	CHH
2	8346082	8346522	854	36	95.96	CG
2	8346082	8346522	1109	190	85.37	CHG
2	8346082	8346522	591	4659	11.26	CHH
2	13582141	13582726	858	55	93.98	CG
2	13582141	13582726	1149	256	81.78	CHG
2	13582141	13582726	779	5754	11.92	CHH
2	14698488	14698632	287	200	58.93	CG
2	14698488	14698632	373	318	53.98	CHG
2	14698488	14698632	458	690	39.90	CHH
2	16555825	16557101	1579	3323	32.21	CG
2	16555825	16557101	883	3424	20.50	CHG
2	16555825	16557101	1081	10109	9.66	CHH
2	16557180	16558295	1332	2147	38.29	CG
2	16557180	16558295	1335	2441	35.35	CHG
2	16557180	16558295	2232	11799	15.91	CHH
2	29633236	29636111	7991	2049	79.59	CG
2	29633236	29636111	6319	2702	70.05	CHG
2	29633236	29636111	4396	28661	13.30	CHH
2	29778535	29779835	4296	184	95.89	CG
2	29778535	29779835	2471	629	79.71	CHG
2	29778535	29779835	2121	17834	10.63	CHH
2	29780404	29782752	5381	344	93.99	CG
2	29780404	29782752	2529	692	78.52	CHG
2	29780404	29782752	4550	24021	15.93	CHH
2	33668330	33668734	477	1559	23.43	CG
2	33668330	33668734	335	1546	17.81	CHG
2	33668330	33668734	1656	3816	30.26	CHH
3	7205990	7206396	1380	84	94.26	CG
3	7205990	7206396	1105	191	85.26	CHG
3	7205990	7206396	451	3391	11.74	CHH
3	7208162	7208468	978	28	97.22	CG
3	7208162	7208468	404	98	80.48	CHG
3	7208162	7208468	533	2967	15.23	CHH
3	10131683	10133676	7042	1399	83.43	CG
3	10131683	10133676	2995	2955	50.34	CHG
3	10131683	10133676	2219	23747	8.55	CHH
3	12711049	12711825	1249	65	95.05	CG
3	12711049	12711825	723	301	70.61	CHG
3	12711049	12711825	1110	6993	13.70	CHH
3	12711907	12712969	4239	259	94.24	CG
3	12711907	12712969	2779	1268	68.67	CHG
3	12711907	12712969	1424	11926	10.67	CHH
3	13925598	13926734	4823	147	97.04	CG
3	13925598	13926734	2237	1138	66.28	CHG
3	13925598	13926734	956	12046	7.35	CHH
3	15610099	15611396	4526	233	95.10	CG
3	15610099	15611396	1830	937	66.14	CHG
3	15610099	15611396	1561	11521	11.93	CHH
3	17446064	17447102	3729	196	95.01	CG
3	17446064	17447102	2887	510	84.99	CHG
3	17446064	17447102	1980	11377	14.82	CHH
3	19352995	19356617	14818	531	96.54	CG
3	19352995	19356617	9327	2581	78.33	CHG
3	19352995	19356617	3622	36476	9.03	CHH
3	22294607	22295687	3728	164	95.79	CG
3	22294607	22295687	2381	527	81.88	CHG
3	22294607	22295687	2149	10252	17.33	CHH
3	22295781	22296159	1863	81	95.83	CG
3	22295781	22296159	1235	179	87.34	CHG
3	22295781	22296159	803	3835	17.31	CHH
3	22404232	22405507	5636	298	94.98	CG
3	22404232	22405507	1951	1415	57.96	CHG
3	22404232	22405507	1141	8466	11.88	CHH
3	27941138	27942796	2835	287	90.81	CG
3	27941138	27942796	2123	2028	51.14	CHG
3	27941138	27942796	2427	14987	13.94	CHH
3	28510179	28510777	1335	46	96.67	CG
3	28510179	28510777	746	257	74.38	CHG
3	28510179	28510777	872	6676	11.55	CHH
4	2276177	2276551	2527	110	95.83	CG
4	2276177	2276551	776	269	74.26	CHG
4	2276177	2276551	417	3164	11.64	CHH
4	11651971	11654930	7882	339	95.88	CG
4	11651971	11654930	4187	2097	66.63	CHG
4	11651971	11654930	3076	35358	8.00	CHH
4	27689683	27689829	552	39	93.40	CG
4	27689683	27689829	156	121	56.32	CHG
4	27689683	27689829	922	838	52.39	CHH
4	29141581	29141664	408	7	98.31	CG
4	29141581	29141664	274	99	73.46	CHG
4	29141581	29141664	422	1433	22.75	CHH
4	30611394	30612481	1025	584	63.70	CG
4	30611394	30612481	898	1162	43.59	CHG
4	30611394	30612481	1933	6783	22.18	CHH
5	662749	664095	4546	163	96.54	CG
5	662749	664095	2429	709	77.41	CHG
5	662749	664095	2206	10776	16.99	CHH
5	664360	665573	2452	436	84.90	CG
5	664360	665573	1880	1522	55.26	CHG
5	664360	665573	1450	13163	9.92	CHH
5	1136684	1139118	5859	244	96.00	CG
5	1136684	1139118	4749	1427	76.89	CHG
5	1136684	1139118	2721	26292	9.38	CHH
5	2775738	2775910	121	579	17.29	CG
5	2775738	2775910	180	177	50.42	CHG
5	2775738	2775910	713	1260	36.14	CHH
5	11245127	11247429	6160	1051	85.43	CG
5	11245127	11247429	3661	1223	74.96	CHG
5	11245127	11247429	3538	19102	15.63	CHH
5	13079678	13081153	5582	422	92.97	CG
5	13079678	13081153	2702	1168	69.82	CHG
5	13079678	13081153	1617	12510	11.45	CHH
5	19128840	19130154	4241	151	96.56	CG
5	19128840	19130154	2595	659	79.75	CHG
5	19128840	19130154	3036	13139	18.77	CHH
5	19883682	19883838	1350	63	95.54	CG
5	19883682	19883838	1133	280	80.18	CHG
5	19883682	19883838	92	610	13.11	CHH
5	19884479	19885037	1229	875	58.41	CG
5	19884479	19885037	1071	1193	47.31	CHG
5	19884479	19885037	1304	3955	24.80	CHH
5	27489055	27489338	1211	25	97.98	CG
5	27489055	27489338	836	186	81.80	CHG
5	27489055	27489338	672	2345	22.27	CHH
5	27489622	27490471	624	1336	31.84	CG
5	27489622	27490471	1143	1277	47.23	CHG
5	27489622	27490471	1595	8371	16.00	CHH
6	1051401	1053277	7390	372	95.21	CG
6	1051401	1053277	3126	3552	46.81	CHG
6	1051401	1053277	1766	16437	9.70	CHH
6	6075315	6076487	2019	72	96.56	CG
6	6075315	6076487	1621	360	81.83	CHG
6	6075315	6076487	1368	14297	8.73	CHH
6	6076943	6077142	1220	30	97.60	CG
6	6076943	6077142	1186	231	83.70	CHG
6	6076943	6077142	217	1238	14.91	CHH
6	6339071	6340741	6550	287	95.80	CG
6	6339071	6340741	3018	1272	70.35	CHG
6	6339071	6340741	1875	15050	11.08	CHH
6	11301673	11302182	631	17	97.38	CG
6	11301673	11302182	695	266	72.32	CHG
6	11301673	11302182	492	1844	21.06	CHH
6	12035080	12038531	14070	568	96.12	CG
6	12035080	12038531	9714	3376	74.21	CHG
6	12035080	12038531	3188	33913	8.59	CHH
6	13426051	13427806	6363	286	95.70	CG
6	13426051	13427806	3367	1578	68.09	CHG
6	13426051	13427806	2525	18637	11.93	CHH
6	13432787	13433792	2156	98	95.65	CG
6	13432787	13433792	1743	524	76.89	CHG
6	13432787	13433792	872	10299	7.81	CHH
6	13434151	13437348	8944	394	95.78	CG
6	13434151	13437348	7134	1484	82.78	CHG
6	13434151	13437348	3416	33731	9.20	CHH
6	17322463	17323417	2597	96	96.44	CG
6	17322463	17323417	1716	535	76.23	CHG
6	17322463	17323417	984	9305	9.56	CHH
6	17674030	17675910	3620	358	91.00	CG
6	17674030	17675910	1176	2959	28.44	CHG
6	17674030	17675910	1580	23685	6.25	CHH
6	21224444	21225486	2828	1648	63.18	CG
6	21224444	21225486	1683	2316	42.09	CHG
6	21224444	21225486	1162	8205	12.41	CHH
6	21225688	21227423	7745	1069	87.87	CG
6	21225688	21227423	2967	3321	47.19	CHG
6	21225688	21227423	1441	12264	10.51	CHH
6	21664378	21665467	3065	180	94.45	CG
6	21664378	21665467	2036	855	70.43	CHG
6	21664378	21665467	1916	11056	14.77	CHH
6	27800538	27801418	311	1184	20.80	CG
6	27800538	27801418	171	1989	7.92	CHG
6	27800538	27801418	604	10190	5.60	CHH
6	28515545	28517894	8479	379	95.72	CG
6	28515545	28517894	3913	1256	75.70	CHG
6	28515545	28517894	2632	24300	9.77	CHH
6	29380325	29380583	154	378	28.95	CG
6	29380325	29380583	107	516	17.17	CHG
6	29380325	29380583	369	1885	16.37	CHH
7	998065	998596	1043	46	95.78	CG
7	998065	998596	1008	194	83.86	CHG
7	998065	998596	670	7073	8.65	CHH
7	999799	1001396	5914	270	95.63	CG
7	999799	1001396	3161	1385	69.53	CHG
7	999799	1001396	2038	13581	13.05	CHH
7	3900733	3901027	1327	185	87.76	CG
7	3900733	3901027	261	844	23.62	CHG
7	3900733	3901027	264	2162	10.88	CHH
7	3901161	3901878	2101	58	97.31	CG
7	3901161	3901878	796	531	59.98	CHG
7	3901161	3901878	861	8031	9.68	CHH
7	3901974	3902422	692	32	95.58	CG
7	3901974	3902422	450	161	73.65	CHG
7	3901974	3902422	964	4295	18.33	CHH
7	5720282	5722705	5026	191	96.34	CG
7	5720282	5722705	4425	1839	70.64	CHG
7	5720282	5722705	2375	26749	8.15	CHH
7	8298338	8298633	250	8	96.90	CG
7	8298338	8298633	308	360	46.11	CHG
7	8298338	8298633	458	2688	14.56	CHH
7	8298718	8299246	1714	83	95.38	CG
7	8298718	8299246	1226	389	75.91	CHG
7	8298718	8299246	847	5747	12.85	CHH
7	8299464	8300327	1469	64	95.83	CG
7	8299464	8300327	1726	381	81.92	CHG
7	8299464	8300327	1126	11731	8.76	CHH
7	15317591	15318975	3117	132	95.94	CG
7	15317591	15318975	2543	826	75.48	CHG
7	15317591	15318975	1564	16969	8.44	CHH
7	15677020	15677884	1891	78	96.04	CG
7	15677020	15677884	2037	609	76.98	CHG
7	15677020	15677884	1229	6318	16.28	CHH
7	19999746	20001606	5423	547	90.84	CG
7	19999746	20001606	1909	2740	41.06	CHG
7	19999746	20001606	2025	13103	13.39	CHH
7	20006322	20006843	1625	29	98.25	CG
7	20006322	20006843	993	517	65.76	CHG
7	20006322	20006843	782	6845	10.25	CHH
7	22461243	22461968	3144	152	95.39	CG
7	22461243	22461968	1786	570	75.81	CHG
7	22461243	22461968	1159	7839	12.88	CHH
7	27168967	27169484	1281	105	92.42	CG
7	27168967	27169484	441	524	45.70	CHG
7	27168967	27169484	1133	4072	21.77	CHH
8	3956366	3957065	1772	154	92.00	CG
8	3956366	3957065	1175	918	56.14	CHG
8	3956366	3957065	1614	7505	17.70	CHH
8	4051074	4052619	3938	3045	56.39	CG
8	4051074	4052619	1376	2790	33.03	CHG
8	4051074	4052619	2472	13121	15.85	CHH
8	5776503	5777429	2609	2202	54.23	CG
8	5776503	5777429	1074	2105	33.78	CHG
8	5776503	5777429	625	7313	7.87	CHH
8	5777523	5777952	1580	44	97.29	CG
8	5777523	5777952	1127	426	72.57	CHG
8	5777523	5777952	802	2994	21.13	CHH
8	7667656	7668635	2366	98	96.02	CG
8	7667656	7668635	1808	956	65.41	CHG
8	7667656	7668635	1148	11903	8.80	CHH
8	7668975	7671382	3613	499	87.86	CG
8	7668975	7671382	1619	6967	18.86	CHG
8	7668975	7671382	1503	28381	5.03	CHH
8	7769992	7770862	1960	69	96.60	CG
8	7769992	7770862	2684	347	88.55	CHG
8	7769992	7770862	884	9673	8.37	CHH
8	8373831	8376092	6844	274	96.15	CG
8	8373831	8376092	4890	1237	79.81	CHG
8	8373831	8376092	3064	21525	12.46	CHH
8	8446534	8449768	9531	1326	87.79	CG
8	8446534	8449768	5151	2226	69.83	CHG
8	8446534	8449768	3840	38108	9.15	CHH
8	9446567	9447269	3115	99	96.92	CG
8	9446567	9447269	1213	673	64.32	CHG
8	9446567	9447269	787	6178	11.30	CHH
8	9448173	9449184	4841	238	95.31	CG
8	9448173	9449184	1378	1205	53.35	CHG
8	9448173	9449184	719	9455	7.07	CHH
8	15385469	15386230	2146	108	95.21	CG
8	15385469	15386230	1408	491	74.14	CHG
8	15385469	15386230	936	8939	9.48	CHH
8	15452051	15454665	8239	356	95.86	CG
8	15452051	15454665	4315	1489	74.35	CHG
8	15452051	15454665	3403	25526	11.76	CHH
8	15462558	15463189	2126	87	96.07	CG
8	15462558	15463189	1637	332	83.14	CHG
8	15462558	15463189	819	6583	11.06	CHH
8	15463325	15463489	369	22	94.37	CG
8	15463325	15463489	639	140	82.03	CHG
8	15463325	15463489	175	1309	11.79	CHH
8	15463949	15465412	2071	747	73.49	CG
8	15463949	15465412	1418	1458	49.30	CHG
8	15463949	15465412	1449	16001	8.30	CHH
8	19733579	19734538	2800	217	92.81	CG
8	19733579	19734538	1468	737	66.58	CHG
8	19733579	19734538	1081	9481	10.23	CHH
8	19734616	19735488	2544	88	96.66	CG
8	19734616	19735488	1775	625	73.96	CHG
8	19734616	19735488	1619	8429	16.11	CHH
8	20981167	20986252	23766	3054	88.61	CG
8	20981167	20986252	11067	5209	68.00	CHG
8	20981167	20986252	5657	44442	11.29	CHH
8	26829088	26830470	4072	589	87.36	CG
8	26829088	26830470	2489	1349	64.85	CHG
8	26829088	26830470	1670	11417	12.76	CHH
9	1293289	1296834	11105	475	95.90	CG
9	1293289	1296834	5730	1644	77.71	CHG
9	1293289	1296834	4982	32982	13.12	CHH
9	1297015	1297850	3381	175	95.08	CG
9	1297015	1297850	1215	339	78.19	CHG
9	1297015	1297850	1028	8547	10.74	CHH
9	3227798	3229550	4810	156	96.86	CG
9	3227798	3229550	3090	1150	72.88	CHG
9	3227798	3229550	1980	16821	10.53	CHH
9	3229897	3231099	3152	107	96.72	CG
9	3229897	3231099	2387	1308	64.60	CHG
9	3229897	3231099	1347	14217	8.65	CHH
9	3515363	3516506	4564	152	96.78	CG
9	3515363	3516506	3096	1459	67.97	CHG
9	3515363	3516506	1041	11618	8.22	CHH
9	3516815	3517763	4553	155	96.71	CG
9	3516815	3517763	2111	2456	46.22	CHG
9	3516815	3517763	608	8616	6.59	CHH
9	3730715	3731926	2422	1334	64.48	CG
9	3730715	3731926	1098	1987	35.59	CHG
9	3730715	3731926	1273	13154	8.82	CHH
9	9557293	9558428	3655	185	95.18	CG
9	9557293	9558428	2279	667	77.36	CHG
9	9557293	9558428	1730	12572	12.10	CHH
9	12178127	12181584	8487	318	96.39	CG
9	12178127	12181584	8261	1993	80.56	CHG
9	12178127	12181584	4236	38507	9.91	CHH
9	12419030	12419675	2689	83	97.01	CG
9	12419030	12419675	2454	975	71.57	CHG
9	12419030	12419675	885	6791	11.53	CHH
9	12420619	12426858	14485	596	96.05	CG
9	12420619	12426858	21295	3334	86.46	CHG
9	12420619	12426858	6802	64294	9.57	CHH
9	15229746	15230319	1541	120	92.78	CG
9	15229746	15230319	1110	312	78.06	CHG
9	15229746	15230319	485	2929	14.21	CHH
9	15230410	15231901	5793	286	95.30	CG
9	15230410	15231901	2824	877	76.30	CHG
9	15230410	15231901	1823	12185	13.01	CHH
9	17429413	17430049	1326	61	95.60	CG
9	17429413	17430049	938	256	78.56	CHG
9	17429413	17430049	2278	4795	32.21	CHH
10	402636	402987	950	54	94.62	CG
10	402636	402987	472	413	53.33	CHG
10	402636	402987	940	3185	22.79	CHH
10	705178	705397	1704	137	92.56	CG
10	705178	705397	1066	404	72.52	CHG
10	705178	705397	93	903	9.34	CHH
10	706000	706142	746	28	96.38	CG
10	706000	706142	557	173	76.30	CHG
10	706000	706142	122	539	18.46	CHH
10	5925941	5926484	957	61	94.01	CG
10	5925941	5926484	726	404	64.25	CHG
10	5925941	5926484	605	7322	7.63	CHH
10	5927422	5928302	1660	62	96.40	CG
10	5927422	5928302	908	336	72.99	CHG
10	5927422	5928302	1293	11019	10.50	CHH
10	9629597	9630043	201	1527	11.63	CG
10	9629597	9630043	253	2002	11.22	CHG
10	9629597	9630043	593	4288	12.15	CHH
10	11210121	11211317	2777	101	96.49	CG
10	11210121	11211317	1953	323	85.81	CHG
10	11210121	11211317	1324	11519	10.31	CHH
10	16005555	16006259	1439	129	91.77	CG
10	16005555	16006259	726	612	54.26	CHG
10	16005555	16006259	1494	4704	24.10	CHH
11	3230048	3230169	201	9	95.71	CG
11	3230048	3230169	236	67	77.89	CHG
11	3230048	3230169	191	1371	12.23	CHH
11	6296560	6298355	3795	1086	77.75	CG
11	6296560	6298355	3335	2537	56.79	CHG
11	6296560	6298355	1684	22627	6.93	CHH
11	7729318	7730196	1798	95	94.98	CG
11	7729318	7730196	2543	387	86.79	CHG
11	7729318	7730196	841	9874	7.85	CHH
11	7736107	7738642	7827	314	96.14	CG
11	7736107	7738642	4545	2754	62.27	CHG
11	7736107	7738642	2835	25447	10.02	CHH
11	7738733	7740049	2849	95	96.77	CG
11	7738733	7740049	1834	647	73.92	CHG
11	7738733	7740049	1585	13249	10.68	CHH
11	8911345	8913282	1148	1073	51.69	CG
11	8911345	8913282	1327	4468	22.90	CHG
11	8911345	8913282	3145	21953	12.53	CHH
11	11148469	11148552	648	63	91.14	CG
11	11148469	11148552	106	111	48.85	CHG
11	11148469	11148552	123	397	23.65	CHH
11	15466012	15467596	2259	4892	31.59	CG
11	15466012	15467596	1213	4181	22.49	CHG
11	15466012	15467596	1642	13439	10.89	CHH
11	17162539	17163796	7496	304	96.10	CG
11	17162539	17163796	1893	1658	53.31	CHG
11	17162539	17163796	658	6829	8.79	CHH
11	17164953	17166701	3907	311	92.63	CG
11	17164953	17166701	1842	2205	45.52	CHG
11	17164953	17166701	1449	17252	7.75	CHH
11	17166830	17167277	1795	103	94.57	CG
11	17166830	17167277	590	1355	30.33	CHG
11	17166830	17167277	441	5176	7.85	CHH
11	17167358	17167576	836	27	96.87	CG
11	17167358	17167576	230	286	44.57	CHG
11	17167358	17167576	328	2213	12.91	CHH
11	17167722	17168412	2333	91	96.25	CG
11	17167722	17168412	860	915	48.45	CHG
11	17167722	17168412	685	6882	9.05	CHH
11	17168615	17170260	4024	167	96.02	CG
11	17168615	17170260	4402	1422	75.58	CHG
11	17168615	17170260	1333	14923	8.20	CHH
11	22338223	22342581	15157	680	95.71	CG
11	22338223	22342581	10095	2994	77.13	CHG
11	22338223	22342581	5348	40408	11.69	CHH
11	24390111	24390786	381	23	94.31	CG
11	24390111	24390786	1920	703	73.20	CHG
11	24390111	24390786	770	7141	9.73	CHH
12	4737413	4737840	574	137	80.73	CG
12	4737413	4737840	281	546	33.98	CHG
12	4737413	4737840	882	3424	20.48	CHH
12	4898920	4899775	2428	121	95.25	CG
12	4898920	4899775	630	1159	35.22	CHG
12	4898920	4899775	1347	8369	13.86	CHH
12	4902073	4902516	970	131	88.10	CG
12	4902073	4902516	191	486	28.21	CHG
12	4902073	4902516	486	3603	11.89	CHH
12	9062972	9063466	1793	84	95.52	CG
12	9062972	9063466	1028	1026	50.05	CHG
12	9062972	9063466	470	4903	8.75	CHH
12	9064169	9064334	479	16	96.77	CG
12	9064169	9064334	262	236	52.61	CHG
12	9064169	9064334	128	1893	6.33	CHH
12	9064925	9066118	3487	694	83.40	CG
12	9064925	9066118	764	2352	24.52	CHG
12	9064925	9066118	1358	10679	11.28	CHH
12	17504082	17504299	774	41	94.97	CG
12	17504082	17504299	606	172	77.89	CHG
12	17504082	17504299	276	2351	10.51	CHH
12	17987554	17988996	4722	148	96.96	CG
12	17987554	17988996	2533	817	75.61	CHG
12	17987554	17988996	1859	14605	11.29	CHH
12	18861738	18863268	1540	69	95.71	CG
12	18861738	18863268	588	756	43.75	CHG
12	18861738	18863268	1264	18259	6.47	CHH
12	18864308	18866205	4751	258	94.85	CG
12	18864308	18866205	3013	1025	74.62	CHG
12	18864308	18866205	2605	14989	14.81	CHH
