1	2522874	2523845	3981	169	95.93	CG
1	2522874	2523845	1472	770	65.66	CHG
1	2522874	2523845	1175	10159	10.37	CHH
1	2555530	2559489	11478	311	97.36	CG
1	2555530	2559489	7990	1600	83.32	CHG
1	2555530	2559489	7058	27198	20.60	CHH
1	9039676	9042883	4391	171	96.25	CG
1	9039676	9042883	4197	497	89.41	CHG
1	9039676	9042883	10832	23359	31.68	CHH
1	9436233	9436871	886	1086	44.93	CG
1	9436233	9436871	408	1474	21.68	CHG
1	9436233	9436871	431	3547	10.83	CHH
1	9436980	9439656	7900	229	97.18	CG
1	9436980	9439656	5461	924	85.53	CHG
1	9436980	9439656	6941	20340	25.44	CHH
1	10925172	10926364	2595	98	96.36	CG
1	10925172	10926364	2143	750	74.08	CHG
1	10925172	10926364	2361	8675	21.39	CHH
1	11189866	11190945	1230	161	88.43	CG
1	11189866	11190945	1503	902	62.49	CHG
1	11189866	11190945	2910	7968	26.75	CHH
1	11197263	11198365	2561	62	97.64	CG
1	11197263	11198365	2457	353	87.44	CHG
1	11197263	11198365	3033	8826	25.58	CHH
1	11198486	11199929	4284	137	96.90	CG
1	11198486	11199929	3148	754	80.68	CHG
1	11198486	11199929	2037	13402	13.19	CHH
1	11360960	11365572	5591	8975	38.38	CG
1	11360960	11365572	4003	6530	38.00	CHG
1	11360960	11365572	7517	33839	18.18	CHH
1	11470807	11475439	6583	327	95.27	CG
1	11470807	11475439	7342	2033	78.31	CHG
1	11470807	11475439	7388	39858	15.64	CHH
1	12142608	12144844	4445	1276	77.70	CG
1	12142608	12144844	3154	2924	51.89	CHG
1	12142608	12144844	2448	21899	10.05	CHH
1	14333116	14335930	6144	1412	81.31	CG
1	14333116	14335930	3076	1913	61.66	CHG
1	14333116	14335930	5198	20089	20.56	CHH
1	14336094	14337863	3117	135	95.85	CG
1	14336094	14337863	2725	673	80.19	CHG
1	14336094	14337863	5005	13078	27.68	CHH
1	14337928	14339960	4124	509	89.01	CG
1	14337928	14339960	1917	968	66.45	CHG
1	14337928	14339960	3542	15178	18.92	CHH
1	14959930	14960645	2229	333	87.00	CG
1	14959930	14960645	735	921	44.38	CHG
1	14959930	14960645	942	7342	11.37	CHH
1	14961862	14963386	2257	1563	59.08	CG
1	14961862	14963386	1758	1989	46.92	CHG
1	14961862	14963386	1838	12512	12.81	CHH
1	20810206	20811074	736	639	53.53	CG
1	20810206	20811074	800	799	50.03	CHG
1	20810206	20811074	1617	5360	23.18	CHH
1	20811098	20811489	79	393	16.74	CG
1	20811098	20811489	117	450	20.63	CHG
1	20811098	20811489	475	3344	12.44	CHH
1	25253636	25254054	391	661	37.17	CG
1	25253636	25254054	295	482	37.97	CHG
1	25253636	25254054	593	4265	12.21	CHH
1	25311949	25313299	3124	938	76.91	CG
1	25311949	25313299	1186	1063	52.73	CHG
1	25311949	25313299	1952	12235	13.76	CHH
1	28200381	28203326	3855	113	97.15	CG
1	28200381	28203326	3195	666	82.75	CHG
1	28200381	28203326	6936	21801	24.14	CHH
1	28203588	28206337	3044	91	97.10	CG
1	28203588	28206337	3771	1007	78.92	CHG
1	28203588	28206337	3297	25997	11.25	CHH
1	28212221	28215906	6156	240	96.25	CG
1	28212221	28215906	3755	697	84.34	CHG
1	28212221	28215906	5479	35006	13.53	CHH
1	29053362	29056648	3290	3528	48.25	CG
1	29053362	29056648	2949	4880	37.67	CHG
1	29053362	29056648	3569	25945	12.09	CHH
1	30809134	30810708	2136	514	80.60	CG
1	30809134	30810708	958	586	62.05	CHG
1	30809134	30810708	2625	13482	16.30	CHH
1	30810807	30811279	607	165	78.63	CG
1	30810807	30811279	237	481	33.01	CHG
1	30810807	30811279	721	4142	14.83	CHH
1	39322772	39323918	2259	252	89.96	CG
1	39322772	39323918	1030	508	66.97	CHG
1	39322772	39323918	2252	14368	13.55	CHH
2	5902991	5906606	4593	219	95.45	CG
2	5902991	5906606	5921	2580	69.65	CHG
2	5902991	5906606	9024	27678	24.59	CHH
2	6795753	6796945	406	1435	22.05	CG
2	6795753	6796945	1182	1676	41.36	CHG
2	6795753	6796945	1870	7056	20.95	CHH
2	6797357	6798332	1282	317	80.18	CG
2	6797357	6798332	778	845	47.94	CHG
2	6797357	6798332	1402	8247	14.53	CHH
2	7605632	7607483	1626	66	96.10	CG
2	7605632	7607483	1278	452	73.87	CHG
2	7605632	7607483	2012	21022	8.73	CHH
2	7607588	7609075	1778	735	70.75	CG
2	7607588	7609075	667	1086	38.05	CHG
2	7607588	7609075	1792	14041	11.32	CHH
2	8343843	8345084	2096	74	96.59	CG
2	8343843	8345084	1521	390	79.59	CHG
2	8343843	8345084	2380	10886	17.94	CHH
2	8345254	8345972	1234	32	97.47	CG
2	8345254	8345972	918	368	71.38	CHG
2	8345254	8345972	816	7571	9.73	CHH
2	13582835	13586359	6324	178	97.26	CG
2	13582835	13586359	6486	1136	85.10	CHG
2	13582835	13586359	5941	31874	15.71	CHH
2	19468985	19471775	6298	3990	61.22	CG
2	19468985	19471775	2664	4252	38.52	CHG
2	19468985	19471775	4699	23829	16.47	CHH
2	34952932	34953515	1462	93	94.02	CG
2	34952932	34953515	744	246	75.15	CHG
2	34952932	34953515	550	6460	7.85	CHH
3	12710232	12710825	1529	140	91.61	CG
3	12710232	12710825	618	342	64.38	CHG
3	12710232	12710825	1122	5973	15.81	CHH
3	15612855	15613394	666	38	94.60	CG
3	15612855	15613394	955	282	77.20	CHG
3	15612855	15613394	1500	3278	31.39	CHH
3	16165130	16166316	1832	193	90.47	CG
3	16165130	16166316	1121	1135	49.69	CHG
3	16165130	16166316	1318	10122	11.52	CHH
3	16790757	16792301	2875	1167	71.13	CG
3	16790757	16792301	1234	1348	47.79	CHG
3	16790757	16792301	1251	13170	8.67	CHH
3	20791633	20793625	2596	889	74.49	CG
3	20791633	20793625	2246	2093	51.76	CHG
3	20791633	20793625	2349	19500	10.75	CHH
3	22406159	22410666	4267	1177	78.38	CG
3	22406159	22410666	5744	1833	75.81	CHG
3	22406159	22410666	10201	34047	23.05	CHH
3	24566821	24572140	8640	225	97.46	CG
3	24566821	24572140	8551	1886	81.93	CHG
3	24566821	24572140	8319	44456	15.76	CHH
3	24572855	24573143	487	19	96.25	CG
3	24572855	24573143	414	180	69.70	CHG
3	24572855	24573143	438	2799	13.53	CHH
3	24601239	24602425	2330	83	96.56	CG
3	24601239	24602425	2033	668	75.27	CHG
3	24601239	24602425	1622	10274	13.63	CHH
3	24602550	24603653	1511	58	96.30	CG
3	24602550	24603653	1132	355	76.13	CHG
3	24602550	24603653	1476	10462	12.36	CHH
3	24603786	24605086	2541	96	96.36	CG
3	24603786	24605086	2229	704	76.00	CHG
3	24603786	24605086	2556	10581	19.46	CHH
3	24605202	24605537	524	25	95.45	CG
3	24605202	24605537	205	126	61.93	CHG
3	24605202	24605537	288	3658	7.30	CHH
3	26123604	26125619	4894	173	96.59	CG
3	26123604	26125619	2935	1120	72.38	CHG
3	26123604	26125619	2500	20117	11.05	CHH
3	27619055	27619377	299	80	78.89	CG
3	27619055	27619377	241	179	57.38	CHG
3	27619055	27619377	574	3101	15.62	CHH
3	27619514	27621480	2493	2650	48.47	CG
3	27619514	27621480	1110	3017	26.90	CHG
3	27619514	27621480	2886	14988	16.15	CHH
3	28510857	28511647	2213	79	96.55	CG
3	28510857	28511647	1362	361	79.05	CHG
3	28510857	28511647	1485	8662	14.63	CHH
3	29750151	29753862	6371	207	96.85	CG
3	29750151	29753862	3955	420	90.40	CHG
3	29750151	29753862	11551	26421	30.42	CHH
4	19682492	19683811	1705	62	96.49	CG
4	19682492	19683811	803	425	65.39	CHG
4	19682492	19683811	2689	10100	21.03	CHH
4	20353569	20355893	3565	5902	37.66	CG
4	20353569	20355893	1817	3308	35.45	CHG
4	20353569	20355893	1977	19396	9.25	CHH
4	35050583	35053502	5510	1925	74.11	CG
4	35050583	35053502	2798	2392	53.91	CHG
4	35050583	35053502	7490	24845	23.16	CHH
5	1134973	1135617	763	558	57.76	CG
5	1134973	1135617	556	1801	23.59	CHG
5	1134973	1135617	338	5680	5.62	CHH
5	1135839	1136509	402	985	28.98	CG
5	1135839	1136509	231	1559	12.91	CHG
5	1135839	1136509	571	5891	8.84	CHH
5	1681242	1683572	4187	1257	76.91	CG
5	1681242	1683572	3282	2109	60.88	CHG
5	1681242	1683572	4475	20371	18.01	CHH
5	4826765	4827938	1299	59	95.66	CG
5	4826765	4827938	1432	399	78.21	CHG
5	4826765	4827938	2430	12231	16.57	CHH
5	4828077	4828939	181	1761	9.32	CG
5	4828077	4828939	300	1715	14.89	CHG
5	4828077	4828939	874	9231	8.65	CHH
5	4829016	4830108	4298	118	97.33	CG
5	4829016	4830108	1655	766	68.36	CHG
5	4829016	4830108	1306	9276	12.34	CHH
5	4830234	4831171	492	901	35.32	CG
5	4830234	4831171	380	730	34.23	CHG
5	4830234	4831171	1191	6622	15.24	CHH
5	10917777	10919484	3042	109	96.54	CG
5	10917777	10919484	3010	1085	73.50	CHG
5	10917777	10919484	3041	16043	15.93	CHH
5	10920452	10921894	2589	1206	68.22	CG
5	10920452	10921894	1406	2267	38.28	CHG
5	10920452	10921894	1930	13001	12.93	CHH
5	11242593	11245041	3438	80	97.73	CG
5	11242593	11245041	4480	578	88.57	CHG
5	11242593	11245041	5335	21525	19.86	CHH
5	16055530	16057857	3376	909	78.79	CG
5	16055530	16057857	1426	2794	33.79	CHG
5	16055530	16057857	2955	20940	12.37	CHH
5	25352498	25357219	5896	1000	85.50	CG
5	25352498	25357219	5042	3570	58.55	CHG
5	25352498	25357219	10521	40422	20.65	CHH
5	26872353	26874199	2033	1782	53.29	CG
5	26872353	26874199	1378	1593	46.38	CHG
5	26872353	26874199	3787	17811	17.53	CHH
6	6078050	6080866	4557	120	97.43	CG
6	6078050	6080866	4078	1912	68.08	CHG
6	6078050	6080866	3445	24286	12.42	CHH
6	7380338	7382317	2060	4939	29.43	CG
6	7380338	7382317	1562	4262	26.82	CHG
6	7380338	7382317	2468	15473	13.76	CHH
6	7535832	7537646	1759	817	68.28	CG
6	7535832	7537646	1693	1475	53.44	CHG
6	7535832	7537646	3406	15577	17.94	CHH
6	7537740	7538960	3138	122	96.26	CG
6	7537740	7538960	1688	777	68.48	CHG
6	7537740	7538960	2293	11200	16.99	CHH
6	11302246	11304945	4233	411	91.15	CG
6	11302246	11304945	3454	1215	73.98	CHG
6	11302246	11304945	5569	21766	20.37	CHH
6	13427986	13432645	7535	285	96.36	CG
6	13427986	13432645	7532	1766	81.01	CHG
6	13427986	13432645	10759	36447	22.79	CHH
6	17321399	17322324	557	328	62.94	CG
6	17321399	17322324	484	983	32.99	CHG
6	17321399	17322324	1384	9715	12.47	CHH
6	18069876	18071348	2168	275	88.74	CG
6	18069876	18071348	1095	1027	51.60	CHG
6	18069876	18071348	1710	12614	11.94	CHH
6	19711136	19712026	281	1856	13.15	CG
6	19711136	19712026	359	1239	22.47	CHG
6	19711136	19712026	1416	7644	15.63	CHH
6	27799534	27800454	438	629	41.05	CG
6	27799534	27800454	288	1145	20.10	CHG
6	27799534	27800454	784	9508	7.62	CHH
6	27801639	27803910	9884	851	92.07	CG
6	27801639	27803910	3706	2503	59.69	CHG
6	27801639	27803910	2376	16876	12.34	CHH
6	27804002	27806413	5213	145	97.29	CG
6	27804002	27806413	3595	1932	65.04	CHG
6	27804002	27806413	4080	18954	17.71	CHH
6	27807200	27809097	1816	1506	54.67	CG
6	27807200	27809097	2213	2996	42.48	CHG
6	27807200	27809097	3381	16144	17.32	CHH
6	28518022	28518632	690	265	72.25	CG
6	28518022	28518632	567	914	38.28	CHG
6	28518022	28518632	1203	6551	15.51	CHH
6	29376932	29380306	7811	217	97.30	CG
6	29376932	29380306	5808	1219	82.65	CHG
6	29376932	29380306	10641	25141	29.74	CHH
7	998684	999693	955	588	61.89	CG
7	998684	999693	766	1713	30.90	CHG
7	998684	999693	1037	11580	8.22	CHH
7	4348717	4353078	9716	327	96.74	CG
7	4348717	4353078	6168	1964	75.85	CHG
7	4348717	4353078	8478	32999	20.44	CHH
7	4372878	4376312	3810	312	92.43	CG
7	4372878	4376312	2718	1747	60.87	CHG
7	4372878	4376312	8316	28456	22.62	CHH
7	8295268	8297360	2190	76	96.65	CG
7	8295268	8297360	1986	1094	64.48	CHG
7	8295268	8297360	3355	17283	16.26	CHH
7	8297456	8298242	843	22	97.46	CG
7	8297456	8298242	529	767	40.82	CHG
7	8297456	8298242	936	6488	12.61	CHH
7	15712666	15714876	5012	2641	65.49	CG
7	15712666	15714876	1803	2907	38.28	CHG
7	15712666	15714876	3125	16940	15.57	CHH
7	15714975	15716282	1352	726	65.06	CG
7	15714975	15716282	1485	1440	50.77	CHG
7	15714975	15716282	2285	8852	20.52	CHH
7	15716649	15718051	2074	1638	55.87	CG
7	15716649	15718051	1178	1590	42.56	CHG
7	15716649	15718051	1594	13864	10.31	CHH
7	15987635	15990381	2898	115	96.18	CG
7	15987635	15990381	2036	1761	53.62	CHG
7	15987635	15990381	3493	26241	11.75	CHH
7	20001702	20003835	5474	768	87.70	CG
7	20001702	20003835	2541	1973	56.29	CHG
7	20001702	20003835	2163	18962	10.24	CHH
7	20003935	20004681	1541	702	68.70	CG
7	20003935	20004681	446	1509	22.81	CHG
7	20003935	20004681	586	6167	8.68	CHH
7	22460398	22460784	66	1335	4.71	CG
7	22460398	22460784	54	641	7.77	CHG
7	22460398	22460784	286	3198	8.21	CHH
8	5778017	5780215	2503	1337	65.18	CG
8	5778017	5780215	1138	2066	35.52	CHG
8	5778017	5780215	3353	15675	17.62	CHH
8	7765923	7767569	1732	72	96.01	CG
8	7765923	7767569	2509	1609	60.93	CHG
8	7765923	7767569	1514	14679	9.35	CHH
8	7767694	7769902	2461	96	96.25	CG
8	7767694	7769902	2538	726	77.76	CHG
8	7767694	7769902	3532	19513	15.33	CHH
8	7990731	7992320	3931	813	82.86	CG
8	7990731	7992320	1735	1121	60.75	CHG
8	7990731	7992320	2260	15211	12.94	CHH
8	9447347	9448071	813	1769	31.49	CG
8	9447347	9448071	460	1488	23.61	CHG
8	9447347	9448071	1262	5864	17.71	CHH
8	10491753	10499575	23867	1505	94.07	CG
8	10491753	10499575	13405	5752	69.97	CHG
8	10491753	10499575	8908	77171	10.35	CHH
8	15455254	15462092	15256	420	97.32	CG
8	15455254	15462092	9825	2430	80.17	CHG
8	15455254	15462092	16376	52639	23.73	CHH
8	16976241	16978812	2476	91	96.46	CG
8	16976241	16978812	4138	1241	76.93	CHG
8	16976241	16978812	3020	27904	9.77	CHH
8	20980680	20981047	23	1079	2.09	CG
8	20980680	20981047	72	1091	6.19	CHG
8	20980680	20981047	144	2678	5.10	CHH
8	21691415	21692643	2000	64	96.90	CG
8	21691415	21692643	1217	418	74.43	CHG
8	21691415	21692643	1738	8615	16.79	CHH
8	21692742	21695254	4141	504	89.15	CG
8	21692742	21695254	3619	1693	68.13	CHG
8	21692742	21695254	4641	23338	16.59	CHH
8	27145493	27147151	1296	815	61.39	CG
8	27145493	27147151	529	898	37.07	CHG
8	27145493	27147151	3476	15005	18.81	CHH
9	12621913	12622831	1173	1286	47.70	CG
9	12621913	12622831	536	769	41.07	CHG
9	12621913	12622831	1614	8141	16.55	CHH
9	12622904	12623419	544	1143	32.25	CG
9	12622904	12623419	341	739	31.57	CHG
9	12622904	12623419	1484	3061	32.65	CHH
9	15228205	15229508	1749	686	71.83	CG
9	15228205	15229508	1235	1385	47.14	CHG
9	15228205	15229508	2535	11925	17.53	CHH
9	16723080	16726848	6054	327	94.88	CG
9	16723080	16726848	4119	1294	76.09	CHG
9	16723080	16726848	7112	31920	18.22	CHH
10	403342	404217	1231	697	63.85	CG
10	403342	404217	797	1458	35.34	CHG
10	403342	404217	1593	5683	21.89	CHH
10	707135	707747	1757	457	79.36	CG
10	707135	707747	545	1937	21.96	CHG
10	707135	707747	1150	5066	18.50	CHH
10	708160	710157	5637	211	96.39	CG
10	708160	710157	3178	1219	72.28	CHG
10	708160	710157	2844	14957	15.98	CHH
10	5928508	5929269	1284	29	97.79	CG
10	5928508	5929269	1339	408	76.65	CHG
10	5928508	5929269	1151	6720	14.62	CHH
10	5929420	5932408	5485	727	88.30	CG
10	5929420	5932408	4052	3341	54.81	CHG
10	5929420	5932408	5737	20918	21.52	CHH
10	5932682	5933500	293	1510	16.25	CG
10	5932682	5933500	166	1360	10.88	CHG
10	5932682	5933500	799	6814	10.50	CHH
10	5933589	5934240	500	1288	27.96	CG
10	5933589	5934240	202	1557	11.48	CHG
10	5933589	5934240	498	3836	11.49	CHH
10	15986962	15991252	8285	256	97.00	CG
10	15986962	15991252	5633	2809	66.73	CHG
10	15986962	15991252	6429	40230	13.78	CHH
10	16004291	16005179	543	3161	14.66	CG
10	16004291	16005179	713	2421	22.75	CHG
10	16004291	16005179	2067	6494	24.14	CHH
10	16006405	16007058	257	1561	14.14	CG
10	16006405	16007058	400	1263	24.05	CHG
10	16006405	16007058	1027	3914	20.79	CHH
10	20777395	20778645	2218	51	97.75	CG
10	20777395	20778645	2066	569	78.41	CHG
10	20777395	20778645	5097	10568	32.54	CHH
11	2541477	2543903	666	1410	32.08	CG
11	2541477	2543903	353	5906	5.64	CHG
11	2541477	2543903	1585	24709	6.03	CHH
11	3230260	3231735	3352	225	93.71	CG
11	3230260	3231735	1704	1144	59.83	CHG
11	3230260	3231735	3336	9795	25.41	CHH
11	3231885	3232407	257	710	26.58	CG
11	3231885	3232407	232	694	25.05	CHG
11	3231885	3232407	915	2710	25.24	CHH
11	7333461	7334651	1690	1901	47.06	CG
11	7333461	7334651	1323	1418	48.27	CHG
11	7333461	7334651	1462	8681	14.41	CHH
11	7731058	7734524	2834	219	92.83	CG
11	7731058	7734524	3615	1082	76.96	CHG
11	7731058	7734524	7686	24977	23.53	CHH
11	7734625	7735554	983	26	97.42	CG
11	7734625	7735554	419	506	45.30	CHG
11	7734625	7735554	1342	7776	14.72	CHH
11	7740136	7741715	3432	366	90.36	CG
11	7740136	7741715	2469	1017	70.83	CHG
11	7740136	7741715	3424	11441	23.03	CHH
11	7741937	7742453	881	568	60.80	CG
11	7741937	7742453	403	1086	27.07	CHG
11	7741937	7742453	794	3610	18.03	CHH
11	16330924	16332019	597	648	47.95	CG
11	16330924	16332019	555	1898	22.63	CHG
11	16330924	16332019	1425	8583	14.24	CHH
11	16332352	16336726	7274	1372	84.13	CG
11	16332352	16336726	5898	3061	65.83	CHG
11	16332352	16336726	10480	35582	22.75	CHH
11	19254506	19255920	3600	1172	75.44	CG
11	19254506	19255920	1993	1565	56.01	CHG
11	19254506	19255920	2331	12381	15.84	CHH
11	20707200	20708263	852	319	72.76	CG
11	20707200	20708263	814	870	48.34	CHG
11	20707200	20708263	1398	6586	17.51	CHH
11	24387298	24390013	2882	452	86.44	CG
11	24387298	24390013	4638	2386	66.03	CHG
11	24387298	24390013	2010	29120	6.46	CHH
11	24390912	24392970	1845	52	97.26	CG
11	24390912	24392970	3373	1333	71.67	CHG
11	24390912	24392970	3244	16854	16.14	CHH
11	24393231	24394638	3572	104	97.17	CG
11	24393231	24394638	2408	728	76.79	CHG
11	24393231	24394638	2951	8083	26.74	CHH
11	27017498	27019274	1953	59	97.07	CG
11	27017498	27019274	2733	1145	70.47	CHG
11	27017498	27019274	1402	16872	7.67	CHH
12	4729330	4730513	1483	121	92.46	CG
12	4729330	4730513	749	730	50.64	CHG
12	4729330	4730513	2011	12549	13.81	CHH
12	4730781	4736244	5879	205	96.63	CG
12	4730781	4736244	5568	2157	72.08	CHG
12	4730781	4736244	11367	44557	20.33	CHH
12	4736420	4737295	1234	136	90.07	CG
12	4736420	4737295	790	603	56.71	CHG
12	4736420	4737295	1618	5427	22.97	CHH
12	4899872	4901766	3750	118	96.95	CG
12	4899872	4901766	2725	1352	66.84	CHG
12	4899872	4901766	2600	16587	13.55	CHH
12	4912416	4913853	4438	110	97.58	CG
12	4912416	4913853	2335	1652	58.57	CHG
12	4912416	4913853	2145	12017	15.15	CHH
12	4913948	4915922	1539	64	96.01	CG
12	4913948	4915922	2344	1148	67.12	CHG
12	4913948	4915922	2912	15789	15.57	CHH
12	17500154	17503828	3139	2560	55.08	CG
12	17500154	17503828	2204	3469	38.85	CHG
12	17500154	17503828	3999	32474	10.96	CHH
12	17984443	17985623	433	1324	24.64	CG
12	17984443	17985623	536	1796	22.98	CHG
12	17984443	17985623	1311	10323	11.27	CHH
12	17985763	17986319	571	156	78.54	CG
12	17985763	17986319	203	211	49.03	CHG
12	17985763	17986319	555	4945	10.09	CHH
12	18392209	18392790	509	547	48.20	CG
12	18392209	18392790	314	950	24.84	CHG
12	18392209	18392790	366	5584	6.15	CHH
12	18393154	18394277	1049	525	66.65	CG
12	18393154	18394277	510	817	38.43	CHG
12	18393154	18394277	1856	8491	17.94	CHH
12	18395685	18396921	573	2733	17.33	CG
12	18395685	18396921	526	3052	14.70	CHG
12	18395685	18396921	1616	11093	12.72	CHH
12	24728410	24730458	3656	1853	66.36	CG
12	24728410	24730458	3040	3331	47.72	CHG
12	24728410	24730458	4404	12454	26.12	CHH
12	24730552	24734596	7373	1207	85.93	CG
12	24730552	24734596	5472	3209	63.03	CHG
12	24730552	24734596	7267	25717	22.03	CHH
