1	301401	301650	169	10	94.41	CG
1	301401	301650	44	51	46.32	CHG
1	301401	301650	931	911	50.54	CHH
1	751422	751630	368	9	97.61	CG
1	751422	751630	55	49	52.88	CHG
1	751422	751630	558	1946	22.28	CHH
1	831964	832562	1134	37	96.84	CG
1	831964	832562	982	123	88.87	CHG
1	831964	832562	1468	2664	35.53	CHH
1	1349307	1349537	54	11	83.08	CHG
1	1349307	1349537	443	1095	28.80	CHH
1	1377440	1378052	266	7	97.44	CG
1	1377440	1378052	313	105	74.88	CHG
1	1377440	1378052	2542	5073	33.38	CHH
1	1788440	1788928	523	11	97.94	CG
1	1788440	1788928	10	34	22.73	CHG
1	1788440	1788928	816	4126	16.51	CHH
1	1789091	1789350	131	7	94.93	CG
1	1789091	1789350	112	62	64.37	CHG
1	1789091	1789350	1281	1658	43.59	CHH
1	2238174	2238281	63	1	98.44	CG
1	2238174	2238281	72	3	96.00	CHG
1	2238174	2238281	532	1118	32.24	CHH
1	2260684	2260758	290	706	29.12	CHH
1	4981767	4981906	788	417	65.39	CHH
1	7687746	7687909	59	3	95.16	CG
1	7687746	7687909	11	21	34.38	CHG
1	7687746	7687909	330	1343	19.73	CHH
1	8431744	8431928	70	3	95.89	CG
1	8431744	8431928	735	1397	34.47	CHH
1	9585903	9586147	114	90	55.88	CHG
1	9585903	9586147	1026	1408	42.15	CHH
1	9767360	9767454	43	2	95.56	CG
1	9767360	9767454	38	13	74.51	CHG
1	9767360	9767454	340	523	39.40	CHH
1	10432345	10432562	525	1123	31.86	CG
1	10432345	10432562	248	586	29.74	CHG
1	10432345	10432562	564	1148	32.94	CHH
1	10834154	10834494	50	26	65.79	CHG
1	10834154	10834494	777	2540	23.42	CHH
1	10926897	10927718	2204	146	93.79	CG
1	10926897	10927718	1926	545	77.94	CHG
1	10926897	10927718	1102	5118	17.72	CHH
1	11189069	11189507	1038	271	79.30	CG
1	11189069	11189507	454	158	74.18	CHG
1	11189069	11189507	1066	3558	23.05	CHH
1	11191256	11191497	733	46	94.09	CG
1	11191256	11191497	234	220	51.54	CHG
1	11191256	11191497	338	1310	20.51	CHH
1	11796108	11796316	197	30	86.78	CG
1	11796108	11796316	223	325	40.69	CHG
1	11796108	11796316	489	1672	22.63	CHH
1	11928347	11928520	231	1658	12.23	CHH
1	11940126	11940209	174	671	20.59	CHH
1	12597813	12598048	1149	1417	44.78	CHH
1	14322168	14322402	230	7	97.05	CG
1	14322168	14322402	90	33	73.17	CHG
1	14322168	14322402	758	1455	34.25	CHH
1	14347206	14347429	36	18	66.67	CG
1	14347206	14347429	134	286	31.90	CHG
1	14347206	14347429	421	1474	22.22	CHH
1	14358588	14358799	119	12	90.84	CG
1	14358588	14358799	118	41	74.21	CHG
1	14358588	14358799	849	1131	42.88	CHH
1	16709412	16710638	2992	95	96.92	CG
1	16709412	16710638	1851	585	75.99	CHG
1	16709412	16710638	1629	8465	16.14	CHH
1	17043053	17043218	493	10	98.01	CG
1	17043053	17043218	141	32	81.50	CHG
1	17043053	17043218	454	776	36.91	CHH
1	18600195	18600325	158	2	98.75	CG
1	18600195	18600325	33	19	63.46	CHG
1	18600195	18600325	287	1198	19.33	CHH
1	18600619	18600880	101	5	95.28	CG
1	18600619	18600880	49	2	96.08	CHG
1	18600619	18600880	302	1823	14.21	CHH
1	18984904	18985083	65	1	98.48	CG
1	18984904	18985083	61	47	56.48	CHG
1	18984904	18985083	305	1620	15.84	CHH
1	23765099	23765215	7	241	2.82	CG
1	23765099	23765215	27	169	13.78	CHG
1	23765099	23765215	64	797	7.43	CHH
1	24162719	24162945	546	1704	24.27	CHH
1	26098395	26098876	186	5	97.38	CG
1	26098395	26098876	132	40	76.74	CHG
1	26098395	26098876	1422	3154	31.08	CHH
1	26638981	26639111	71	1	98.61	CG
1	26638981	26639111	125	11	91.91	CHG
1	26638981	26639111	194	1018	16.01	CHH
1	27335823	27335919	159	27	85.48	CG
1	27335823	27335919	42	57	42.42	CHG
1	27335823	27335919	213	748	22.16	CHH
1	27892634	27893201	311	15	95.40	CG
1	27892634	27893201	478	118	80.20	CHG
1	27892634	27893201	1703	5705	22.99	CHH
1	28104533	28104643	62	1	98.41	CG
1	28104533	28104643	612	645	48.69	CHH
1	28181036	28181173	51	5	91.07	CG
1	28181036	28181173	35	67	34.31	CHG
1	28181036	28181173	230	874	20.83	CHH
1	28494153	28494502	62	0	100.00	CG
1	28494153	28494502	116	4	96.67	CHG
1	28494153	28494502	1874	1664	52.97	CHH
1	30431887	30432457	603	14	97.73	CG
1	30431887	30432457	116	83	58.29	CHG
1	30431887	30432457	1664	3436	32.63	CHH
1	31405810	31406074	142	14	91.03	CG
1	31405810	31406074	191	87	68.71	CHG
1	31405810	31406074	1818	1681	51.96	CHH
1	31589315	31589440	326	1571	17.19	CHH
1	31867822	31868209	134	3	97.81	CG
1	31867822	31868209	1618	3022	34.87	CHH
1	32128407	32128528	58	1	98.31	CG
1	32128407	32128528	442	813	35.22	CHH
1	32850978	32851159	123	7	94.62	CG
1	32850978	32851159	123	37	76.88	CHG
1	32850978	32851159	953	922	50.83	CHH
1	33209708	33209844	62	4	93.94	CG
1	33209708	33209844	5	25	16.67	CHG
1	33209708	33209844	150	1380	9.80	CHH
1	35537016	35537182	501	1474	25.37	CHH
1	37056464	37056585	135	31	81.33	CHG
1	37056464	37056585	397	1128	26.03	CHH
1	37328188	37328369	123	5	96.09	CG
1	37328188	37328369	50	6	89.29	CHG
1	37328188	37328369	866	777	52.71	CHH
1	38496092	38496280	238	5	97.94	CG
1	38496092	38496280	39	65	37.50	CHG
1	38496092	38496280	366	1371	21.07	CHH
1	38517320	38517498	67	7	90.54	CG
1	38517320	38517498	53	57	48.18	CHG
1	38517320	38517498	927	1319	41.27	CHH
1	38671419	38671601	166	6	96.51	CG
1	38671419	38671601	453	1333	25.36	CHH
1	40300213	40300335	338	966	25.92	CHH
1	40395626	40395876	55	0	100.00	CG
1	40395626	40395876	600	1711	25.96	CHH
1	40617610	40617749	59	618	8.71	CHG
1	40617610	40617749	98	1124	8.02	CHH
1	40701980	40702243	64	4	94.12	CG
1	40701980	40702243	1688	959	63.77	CHH
1	41145044	41145188	633	951	39.96	CHH
1	41155306	41155562	18	58	23.68	CHG
1	41155306	41155562	1208	1695	41.61	CHH
1	41890335	41890557	66	1	98.51	CG
1	41890335	41890557	365	164	69.00	CHG
1	41890335	41890557	669	1723	27.97	CHH
1	42087976	42088125	487	1092	30.84	CHH
1	42408453	42409215	1749	31	98.26	CG
1	42408453	42409215	1157	355	76.52	CHG
1	42408453	42409215	1281	4687	21.46	CHH
2	109398	109590	440	11	97.56	CG
2	109398	109590	423	120	77.90	CHG
2	109398	109590	421	1259	25.06	CHH
2	1869793	1870778	2375	60	97.54	CG
2	1869793	1870778	1724	488	77.94	CHG
2	1869793	1870778	2109	6197	25.39	CHH
2	2040558	2041143	910	40	95.79	CG
2	2040558	2041143	592	110	84.33	CHG
2	2040558	2041143	1142	4065	21.93	CHH
2	2375551	2375771	1505	1548	49.30	CHH
2	3701574	3702250	436	55	88.80	CG
2	3701574	3702250	238	441	35.05	CHG
2	3701574	3702250	983	5050	16.29	CHH
2	4194209	4194385	137	19	87.82	CHG
2	4194209	4194385	734	1549	32.15	CHH
2	4474885	4475212	506	18	96.56	CG
2	4474885	4475212	218	73	74.91	CHG
2	4474885	4475212	1292	1617	44.41	CHH
2	4648186	4648420	222	4	98.23	CG
2	4648186	4648420	70	38	64.81	CHG
2	4648186	4648420	562	1800	23.79	CHH
2	4947306	4947538	61	2	96.83	CG
2	4947306	4947538	357	1679	17.53	CHH
2	5499042	5499299	504	9	98.25	CG
2	5499042	5499299	332	38	89.73	CHG
2	5499042	5499299	304	2172	12.28	CHH
2	5521685	5521830	110	12	90.16	CHG
2	5521685	5521830	727	708	50.66	CHH
2	6545608	6545822	61	3	95.31	CG
2	6545608	6545822	707	1708	29.28	CHH
2	6761735	6762038	110	9	92.44	CG
2	6761735	6762038	130	43	75.14	CHG
2	6761735	6762038	443	2051	17.76	CHH
2	6762287	6762792	394	13	96.81	CG
2	6762287	6762792	348	131	72.65	CHG
2	6762287	6762792	549	4128	11.74	CHH
2	7605117	7605555	128	6	95.52	CG
2	7605117	7605555	136	8	94.44	CHG
2	7605117	7605555	768	4137	15.66	CHH
2	7945618	7946024	124	10	92.54	CG
2	7945618	7946024	3	21	12.50	CHG
2	7945618	7946024	601	3257	15.58	CHH
2	8190084	8190413	55	2	96.49	CHG
2	8190084	8190413	948	2609	26.65	CHH
2	10791440	10791566	303	950	24.18	CHH
2	11873649	11873886	61	6	91.04	CG
2	11873649	11873886	646	1506	30.02	CHH
2	12097817	12097953	122	2	98.39	CG
2	12097817	12097953	132	1088	10.82	CHH
2	12299222	12299385	46	29	61.33	CHG
2	12299222	12299385	341	1353	20.13	CHH
2	12333889	12333999	132	5	96.35	CG
2	12333889	12333999	79	58	57.66	CHG
2	12333889	12333999	278	845	24.76	CHH
2	12582950	12583307	247	9	96.48	CG
2	12582950	12583307	100	36	73.53	CHG
2	12582950	12583307	320	2740	10.46	CHH
2	13872268	13872613	96	313	23.47	CG
2	13872268	13872613	46	537	7.89	CHG
2	13872268	13872613	222	3051	6.78	CHH
2	13948832	13949084	96	10	90.57	CHG
2	13948832	13949084	1153	1039	52.60	CHH
2	15589940	15590192	75	5	93.75	CG
2	15589940	15590192	364	293	55.40	CHG
2	15589940	15590192	1336	1549	46.31	CHH
2	17785746	17785984	141	1	99.30	CG
2	17785746	17785984	1482	1324	52.82	CHH
2	19211404	19211621	104	5	95.41	CG
2	19211404	19211621	12	11	52.17	CHG
2	19211404	19211621	1178	696	62.86	CHH
2	19443247	19443361	120	2	98.36	CG
2	19443247	19443361	9	16	36.00	CHG
2	19443247	19443361	129	830	13.45	CHH
2	19977858	19978135	316	10	96.93	CG
2	19977858	19978135	396	183	68.39	CHG
2	19977858	19978135	431	1863	18.79	CHH
2	20745916	20746102	153	3	98.08	CG
2	20745916	20746102	91	26	77.78	CHG
2	20745916	20746102	512	1673	23.43	CHH
2	22202087	22202425	658	48	93.20	CG
2	22202087	22202425	87	138	38.67	CHG
2	22202087	22202425	1058	1789	37.16	CHH
2	22399133	22399342	116	6	95.08	CG
2	22399133	22399342	937	1152	44.85	CHH
2	23077446	23077593	742	832	47.14	CHH
2	23988341	23988565	50	42	54.35	CHG
2	23988341	23988565	1051	1634	39.14	CHH
2	24094388	24094772	55	0	100.00	CG
2	24094388	24094772	148	94	61.16	CHG
2	24094388	24094772	1135	1981	36.42	CHH
2	24587774	24587906	143	0	100.00	CG
2	24587774	24587906	60	4	93.75	CHG
2	24587774	24587906	672	979	40.70	CHH
2	24968367	24968732	286	15	95.02	CG
2	24968367	24968732	336	102	76.71	CHG
2	24968367	24968732	646	2973	17.85	CHH
2	25258399	25258520	471	1046	31.05	CHH
2	25342968	25343092	34	1	97.14	CG
2	25342968	25343092	28	8	77.78	CHG
2	25342968	25343092	98	739	11.71	CHH
2	25971572	25971883	368	860	29.97	CHH
2	27849839	27850325	1115	34	97.04	CG
2	27849839	27850325	332	207	61.60	CHG
2	27849839	27850325	1506	3165	32.24	CHH
2	27969163	27969436	118	8	93.65	CG
2	27969163	27969436	100	55	64.52	CHG
2	27969163	27969436	1211	1193	50.37	CHH
2	28230238	28230572	344	57	85.79	CHG
2	28230238	28230572	920	3190	22.38	CHH
2	28737277	28737416	600	1422	29.67	CHH
2	28787543	28787788	152	8	95.00	CG
2	28787543	28787788	47	39	54.65	CHG
2	28787543	28787788	448	1407	24.15	CHH
2	29123726	29123981	376	2267	14.23	CHH
2	30949004	30949191	141	7	95.27	CG
2	30949004	30949191	44	31	58.67	CHG
2	30949004	30949191	675	1451	31.75	CHH
2	31639383	31639502	63	4	94.03	CG
2	31639383	31639502	333	812	29.08	CHH
2	32251509	32251649	58	4	93.55	CHG
2	32251509	32251649	564	1145	33.00	CHH
2	32687570	32687718	170	219	43.70	CG
2	32687570	32687718	117	266	30.55	CHG
2	32687570	32687718	547	985	35.70	CHH
2	32980551	32980821	1367	1696	44.63	CHH
2	33849781	33850113	262	12	95.62	CG
2	33849781	33850113	120	116	50.85	CHG
2	33849781	33850113	212	2347	8.28	CHH
2	33970498	33970631	12	218	5.22	CG
2	33970498	33970631	20	413	4.62	CHG
2	33970498	33970631	156	1699	8.41	CHH
2	34234930	34235049	192	971	16.51	CHH
2	34582792	34582911	47	11	81.03	CHG
2	34582792	34582911	575	590	49.36	CHH
2	34952077	34952811	1056	277	79.22	CG
2	34952077	34952811	475	428	52.60	CHG
2	34952077	34952811	884	6314	12.28	CHH
2	34955560	34955809	1130	1435	44.05	CHH
3	811663	812098	929	32	96.67	CG
3	811663	812098	187	147	55.99	CHG
3	811663	812098	758	2997	20.19	CHH
3	881089	881240	1194	43	96.52	CG
3	881089	881240	129	404	24.20	CHG
3	881089	881240	433	1463	22.84	CHH
3	1354664	1354914	270	5	98.18	CG
3	1354664	1354914	302	80	79.06	CHG
3	1354664	1354914	652	1581	29.20	CHH
3	2169030	2169371	836	38	95.65	CG
3	2169030	2169371	213	135	61.21	CHG
3	2169030	2169371	716	2690	21.02	CHH
3	3169366	3169453	146	791	15.58	CHH
3	3832576	3832832	66	3	95.65	CG
3	3832576	3832832	107	31	77.54	CHG
3	3832576	3832832	1368	1394	49.53	CHH
3	6047207	6047392	173	8	95.58	CG
3	6047207	6047392	32	59	35.16	CHG
3	6047207	6047392	898	1513	37.25	CHH
3	6570907	6571273	1065	9	99.16	CG
3	6570907	6571273	234	141	62.40	CHG
3	6570907	6571273	1219	3124	28.07	CHH
3	7246619	7246872	641	6	99.07	CG
3	7246619	7246872	158	68	69.91	CHG
3	7246619	7246872	857	1874	31.38	CHH
3	8015940	8016118	675	1608	29.57	CHH
3	8409618	8409743	13	329	3.80	CG
3	8409618	8409743	24	261	8.42	CHG
3	8409618	8409743	93	1300	6.68	CHH
3	8629457	8629689	61	1	98.39	CG
3	8629457	8629689	64	2	96.97	CHG
3	8629457	8629689	1174	1084	51.99	CHH
3	8942617	8943063	341	16	95.52	CG
3	8942617	8943063	358	57	86.27	CHG
3	8942617	8943063	964	3455	21.81	CHH
3	9319923	9320317	308	17	94.77	CG
3	9319923	9320317	71	19	78.89	CHG
3	9319923	9320317	562	2359	19.24	CHH
3	11067334	11067625	52	2	96.30	CG
3	11067334	11067625	52	3	94.55	CHG
3	11067334	11067625	669	1342	33.27	CHH
3	11642409	11642580	89	36	71.20	CHG
3	11642409	11642580	909	658	58.01	CHH
3	11857284	11857411	44	28	61.11	CHG
3	11857284	11857411	307	810	27.48	CHH
3	12675151	12675358	62	2	96.88	CG
3	12675151	12675358	14	15	48.28	CHG
3	12675151	12675358	922	1334	40.87	CHH
3	13124743	13124928	151	6	96.18	CG
3	13124743	13124928	59	20	74.68	CHG
3	13124743	13124928	1630	753	68.40	CHH
3	13748697	13748918	63	1	98.44	CHG
3	13748697	13748918	890	1720	34.10	CHH
3	14057905	14058092	310	10	96.88	CG
3	14057905	14058092	66	22	75.00	CHG
3	14057905	14058092	241	1741	12.16	CHH
3	14749193	14749460	105	6	94.59	CG
3	14749193	14749460	1123	1299	46.37	CHH
3	15103668	15103782	58	3	95.08	CHG
3	15103668	15103782	236	939	20.09	CHH
3	15113224	15113412	774	1505	33.96	CHH
3	15134383	15134587	306	1994	13.30	CHH
3	15613686	15613799	15	174	7.94	CG
3	15613686	15613799	13	172	7.03	CHG
3	15613686	15613799	97	764	11.27	CHH
3	16709783	16710100	583	16	97.33	CG
3	16709783	16710100	400	120	76.92	CHG
3	16709783	16710100	644	2273	22.08	CHH
3	16776362	16776567	240	2165	9.98	CHH
3	17308009	17308190	47	1	97.92	CG
3	17308009	17308190	51	1	98.08	CHG
3	17308009	17308190	414	1357	23.38	CHH
3	17916587	17916910	260	39	86.96	CG
3	17916587	17916910	69	12	85.19	CHG
3	17916587	17916910	625	2051	23.36	CHH
3	18637898	18638001	73	4	94.81	CG
3	18637898	18638001	224	1005	18.23	CHH
3	20725201	20725339	65	3	95.59	CG
3	20725201	20725339	65	9	87.84	CHG
3	20725201	20725339	397	1390	22.22	CHH
3	23359385	23359602	122	4	96.83	CG
3	23359385	23359602	9	22	29.03	CHG
3	23359385	23359602	687	1463	31.95	CHH
3	24411908	24412466	250	504	33.16	CG
3	24411908	24412466	79	554	12.48	CHG
3	24411908	24412466	333	5106	6.12	CHH
3	24572450	24572571	110	1369	7.44	CHH
3	24924369	24924505	150	3	98.04	CG
3	24924369	24924505	22	19	53.66	CHG
3	24924369	24924505	886	873	50.37	CHH
3	25320199	25320294	85	730	10.43	CHH
3	26123077	26123398	273	41	86.94	CG
3	26123077	26123398	368	334	52.42	CHG
3	26123077	26123398	444	2424	15.48	CHH
3	26143599	26144289	426	578	42.43	CG
3	26143599	26144289	281	948	22.86	CHG
3	26143599	26144289	1016	6141	14.20	CHH
3	26819731	26819992	65	9	87.84	CHG
3	26819731	26819992	877	1890	31.69	CHH
3	27436719	27436866	53	5	91.38	CHG
3	27436719	27436866	145	1292	10.09	CHH
3	27617928	27618015	9	163	5.23	CG
3	27617928	27618015	32	93	25.60	CHG
3	27617928	27618015	141	548	20.46	CHH
3	27618313	27618751	200	88	69.44	CG
3	27618313	27618751	248	538	31.55	CHG
3	27618313	27618751	519	3665	12.40	CHH
3	27626160	27626452	356	14	96.22	CG
3	27626160	27626452	74	166	30.83	CHG
3	27626160	27626452	708	2580	21.53	CHH
3	27785308	27785617	63	6	91.30	CG
3	27785308	27785617	1469	1741	45.76	CHH
3	28228225	28228487	825	2122	27.99	CHH
3	29591935	29592097	65	3	95.59	CG
3	29591935	29592097	5	38	11.63	CHG
3	29591935	29592097	296	1865	13.70	CHH
3	29675163	29675476	45	0	100.00	CG
3	29675163	29675476	872	1917	31.27	CHH
3	29885011	29885181	50	2	96.15	CG
3	29885011	29885181	71	17	80.68	CHG
3	29885011	29885181	619	838	42.48	CHH
3	30100210	30100463	76	1	98.70	CG
3	30100210	30100463	662	2306	22.30	CHH
3	30420791	30420983	1110	1331	45.47	CHH
3	30830679	30830818	465	1032	31.06	CHH
3	31089191	31090510	3161	97	97.02	CG
3	31089191	31090510	2176	439	83.21	CHG
3	31089191	31090510	2391	7508	24.15	CHH
3	31423977	31424278	830	1999	29.34	CHH
3	31722863	31723138	1598	2110	43.10	CHH
3	32006376	32006716	59	2	96.72	CHG
3	32006376	32006716	1580	2023	43.85	CHH
3	32110687	32111197	979	15	98.49	CG
3	32110687	32111197	585	212	73.40	CHG
3	32110687	32111197	1711	2428	41.34	CHH
3	32173553	32173723	124	78	61.39	CHG
3	32173553	32173723	292	1391	17.35	CHH
3	32182087	32182430	58	2	96.67	CG
3	32182087	32182430	20	52	27.78	CHG
3	32182087	32182430	726	2578	21.97	CHH
3	33684752	33685642	1408	79	94.69	CG
3	33684752	33685642	933	456	67.17	CHG
3	33684752	33685642	1677	7053	19.21	CHH
4	468669	468758	295	1045	22.01	CHH
4	4915709	4916399	1490	43	97.20	CG
4	4915709	4916399	758	154	83.11	CHG
4	4915709	4916399	1214	4869	19.96	CHH
4	7381268	7381662	237	9	96.34	CG
4	7381268	7381662	367	128	74.14	CHG
4	7381268	7381662	815	3637	18.31	CHH
4	7888722	7888904	159	2	98.76	CG
4	7888722	7888904	78	8	90.70	CHG
4	7888722	7888904	642	1316	32.79	CHH
4	7955024	7955201	148	3	98.01	CG
4	7955024	7955201	60	8	88.24	CHG
4	7955024	7955201	566	994	36.28	CHH
4	15396846	15397090	533	16	97.09	CG
4	15396846	15397090	461	92	83.36	CHG
4	15396846	15397090	498	1524	24.63	CHH
4	19683995	19684552	489	483	50.31	CG
4	19683995	19684552	296	917	24.40	CHG
4	19683995	19684552	654	4642	12.35	CHH
4	19744896	19745083	100	23	81.30	CG
4	19744896	19745083	492	1504	24.65	CHH
4	20001003	20001260	144	18	88.89	CHG
4	20001003	20001260	1555	1621	48.96	CHH
4	20595423	20595521	58	10	85.29	CG
4	20595423	20595521	18	23	43.90	CHG
4	20595423	20595521	310	946	24.68	CHH
4	21627729	21627912	137	6	95.80	CG
4	21627729	21627912	91	12	88.35	CHG
4	21627729	21627912	933	1005	48.14	CHH
4	21744228	21744373	114	27	80.85	CG
4	21744228	21744373	3	26	10.34	CHG
4	21744228	21744373	353	996	26.17	CHH
4	21934032	21934221	891	1253	41.56	CHH
4	21962681	21962889	195	5	97.50	CG
4	21962681	21962889	116	46	71.60	CHG
4	21962681	21962889	496	1429	25.77	CHH
4	22575513	22575843	822	2403	25.49	CHH
4	24030042	24030690	398	10	97.55	CG
4	24030042	24030690	528	128	80.49	CHG
4	24030042	24030690	1660	5490	23.22	CHH
4	24127511	24127670	121	11	91.67	CG
4	24127511	24127670	50	7	87.72	CHG
4	24127511	24127670	643	844	43.24	CHH
4	25426804	25426964	24	44	35.29	CHG
4	25426804	25426964	289	1636	15.01	CHH
4	25457672	25458128	912	29	96.92	CG
4	25457672	25458128	221	155	58.78	CHG
4	25457672	25458128	860	3692	18.89	CHH
4	25472006	25472224	16	39	29.09	CHG
4	25472006	25472224	324	1525	17.52	CHH
4	25475165	25475574	165	2	98.80	CG
4	25475165	25475574	406	244	62.46	CHG
4	25475165	25475574	1628	2161	42.97	CHH
4	26530153	26530244	190	647	22.70	CHH
4	27630370	27630458	240	875	21.52	CHH
4	27903713	27903888	448	1460	23.48	CHH
4	27907257	27907388	67	3	95.71	CG
4	27907257	27907388	9	30	23.08	CHG
4	27907257	27907388	504	1139	30.68	CHH
4	28531802	28532069	72	6	92.31	CG
4	28531802	28532069	8	31	20.51	CHG
4	28531802	28532069	1053	2006	34.42	CHH
4	28847972	28848187	42	0	100.00	CG
4	28847972	28848187	13	10	56.52	CHG
4	28847972	28848187	481	1459	24.79	CHH
4	29191225	29191443	52	5	91.23	CG
4	29191225	29191443	83	68	54.97	CHG
4	29191225	29191443	556	2023	21.56	CHH
4	30022367	30022520	127	10	92.70	CG
4	30022367	30022520	551	1308	29.64	CHH
4	30176025	30176485	264	18	93.62	CG
4	30176025	30176485	47	57	45.19	CHG
4	30176025	30176485	1350	3265	29.25	CHH
4	32693175	32693646	1066	40	96.38	CG
4	32693175	32693646	744	217	77.42	CHG
4	32693175	32693646	656	3432	16.05	CHH
4	33655119	33655383	310	8	97.48	CG
4	33655119	33655383	448	2880	13.46	CHH
4	33656481	33656726	902	28	96.99	CG
4	33656481	33656726	56	95	37.09	CHG
4	33656481	33656726	250	1729	12.63	CHH
4	33881401	33881625	522	26	95.26	CG
4	33881401	33881625	459	183	71.50	CHG
4	33881401	33881625	603	1328	31.23	CHH
4	35050130	35050413	2	246	0.81	CG
4	35050130	35050413	26	338	7.14	CHG
4	35050130	35050413	132	2394	5.23	CHH
5	490310	490462	397	7	98.27	CG
5	490310	490462	368	75	83.07	CHG
5	490310	490462	295	1068	21.64	CHH
5	1679699	1679790	303	1106	21.50	CHH
5	2851958	2852160	636	1561	28.95	CHH
5	4894101	4894252	459	880	34.28	CHH
5	5433067	5433323	148	3	98.01	CG
5	5433067	5433323	170	50	77.27	CHG
5	5433067	5433323	1048	1794	36.88	CHH
5	5754539	5754748	99	37	72.79	CG
5	5754539	5754748	54	40	57.45	CHG
5	5754539	5754748	971	1116	46.53	CHH
5	6765407	6765604	184	3	98.40	CG
5	6765407	6765604	152	103	59.61	CHG
5	6765407	6765604	258	1767	12.74	CHH
5	6820542	6820679	82	6	93.18	CG
5	6820542	6820679	8	41	16.33	CHG
5	6820542	6820679	355	1501	19.13	CHH
5	7418842	7418942	603	841	41.76	CHH
5	7972537	7972780	63	2	96.92	CG
5	7972537	7972780	37	32	53.62	CHG
5	7972537	7972780	1225	1823	40.19	CHH
5	10755227	10755310	166	1	99.40	CG
5	10755227	10755310	251	480	34.34	CHH
5	10919623	10920166	630	126	83.33	CG
5	10919623	10920166	111	145	43.36	CHG
5	10919623	10920166	597	3322	15.23	CHH
5	16273063	16273157	236	844	21.85	CHH
5	16311105	16311318	97	1	98.98	CG
5	16311105	16311318	119	33	78.29	CHG
5	16311105	16311318	923	1068	46.36	CHH
5	16856035	16856371	332	6	98.22	CG
5	16856035	16856371	450	46	90.73	CHG
5	16856035	16856371	980	2364	29.31	CHH
5	17137118	17137270	51	1	98.08	CG
5	17137118	17137270	619	836	42.54	CHH
5	17258135	17258245	64	4	94.12	CG
5	17258135	17258245	636	421	60.17	CHH
5	17317435	17317693	110	3	97.35	CG
5	17317435	17317693	161	41	79.70	CHG
5	17317435	17317693	1074	1370	43.94	CHH
5	19716275	19716490	51	2	96.23	CG
5	19716275	19716490	6	22	21.43	CHG
5	19716275	19716490	576	1491	27.87	CHH
5	21149049	21149184	1	293	0.34	CG
5	21149049	21149184	24	282	7.84	CHG
5	21149049	21149184	65	1117	5.50	CHH
5	21464548	21464805	610	1760	25.74	CHH
5	21857485	21857720	267	7	97.45	CG
5	21857485	21857720	288	105	73.28	CHG
5	21857485	21857720	553	1605	25.63	CHH
5	21875509	21875764	260	5	98.11	CG
5	21875509	21875764	249	38	86.76	CHG
5	21875509	21875764	732	1425	33.94	CHH
5	22000757	22000964	32	16	66.67	CHG
5	22000757	22000964	558	857	39.43	CHH
5	22219878	22220102	1007	1601	38.61	CHH
5	22429520	22429752	114	2	98.28	CG
5	22429520	22429752	67	21	76.14	CHG
5	22429520	22429752	893	1248	41.71	CHH
5	22973734	22973969	655	2139	23.44	CHH
5	23987118	23987584	529	24	95.66	CG
5	23987118	23987584	794	218	78.46	CHG
5	23987118	23987584	369	3454	9.65	CHH
5	24142822	24143088	240	3	98.77	CG
5	24142822	24143088	28	66	29.79	CHG
5	24142822	24143088	637	1494	29.89	CHH
5	24848633	24848969	128	15	89.51	CHG
5	24848633	24848969	1643	1802	47.69	CHH
5	25347572	25347835	90	436	17.11	CG
5	25347572	25347835	35	534	6.15	CHG
5	25347572	25347835	219	2820	7.21	CHH
5	25348057	25348813	378	26	93.56	CG
5	25348057	25348813	349	1493	18.95	CHG
5	25348057	25348813	906	5924	13.27	CHH
5	25916465	25916630	53	14	79.10	CHG
5	25916465	25916630	660	1241	34.72	CHH
5	26950841	26950938	70	1	98.59	CG
5	26950841	26950938	290	898	24.41	CHH
5	26989629	26989802	40	15	72.73	CHG
5	26989629	26989802	645	1266	33.75	CHH
6	302524	302830	61	5	92.42	CG
6	302524	302830	1215	1707	41.58	CHH
6	2377299	2377436	119	4	96.75	CG
6	2377299	2377436	33	68	32.67	CHG
6	2377299	2377436	280	836	25.09	CHH
6	2717082	2717211	565	883	39.02	CHH
6	2924454	2924561	123	11	91.79	CG
6	2924454	2924561	235	535	30.52	CHH
6	3943947	3944133	495	1583	23.82	CHH
6	4186290	4186414	184	951	16.21	CHH
6	5151759	5151869	886	601	59.58	CHH
6	5377103	5377226	24	41	36.92	CHG
6	5377103	5377226	521	865	37.59	CHH
6	6081368	6081698	47	773	5.73	CG
6	6081368	6081698	23	382	5.68	CHG
6	6081368	6081698	233	3022	7.16	CHH
6	7060562	7060710	588	567	50.91	CHH
6	7540043	7540265	140	1	99.29	CG
6	7540043	7540265	57	13	81.43	CHG
6	7540043	7540265	447	1466	23.37	CHH
6	7540556	7540748	149	23	86.63	CG
6	7540556	7540748	596	1227	32.69	CHH
6	7725720	7725950	351	8	97.77	CG
6	7725720	7725950	387	147	72.47	CHG
6	7725720	7725950	244	1238	16.46	CHH
6	8356414	8356617	989	1409	41.24	CHH
6	8927960	8928209	59	2	96.72	CG
6	8927960	8928209	324	125	72.16	CHG
6	8927960	8928209	598	1499	28.52	CHH
6	9469938	9470183	715	1327	35.01	CHH
6	11300952	11301165	9	60	13.04	CG
6	11300952	11301165	71	124	36.41	CHG
6	11300952	11301165	280	2077	11.88	CHH
6	11305250	11305430	17	317	5.09	CG
6	11305250	11305430	5	51	8.93	CHG
6	11305250	11305430	155	1145	11.92	CHH
6	11997277	11997419	218	21	91.21	CG
6	11997277	11997419	86	38	69.35	CHG
6	11997277	11997419	220	1623	11.94	CHH
6	13738650	13738842	73	7	91.25	CG
6	13738650	13738842	15	175	7.89	CHG
6	13738650	13738842	37	1112	3.22	CHH
6	13951510	13951630	104	3	97.20	CG
6	13951510	13951630	175	57	75.43	CHG
6	13951510	13951630	221	685	24.39	CHH
6	14809518	14809915	279	5	98.24	CG
6	14809518	14809915	191	173	52.47	CHG
6	14809518	14809915	1188	2738	30.26	CHH
6	19710274	19711097	730	97	88.27	CG
6	19710274	19711097	751	868	46.39	CHG
6	19710274	19711097	1031	5463	15.88	CHH
6	20384125	20384463	49	250	16.39	CG
6	20384125	20384463	61	398	13.29	CHG
6	20384125	20384463	272	2585	9.52	CHH
6	22376044	22376666	389	27	93.51	CG
6	22376044	22376666	91	144	38.72	CHG
6	22376044	22376666	1346	4645	22.47	CHH
6	23395298	23395797	287	5	98.29	CG
6	23395298	23395797	126	19	86.90	CHG
6	23395298	23395797	2159	3105	41.01	CHH
6	23537611	23537873	139	14	90.85	CHG
6	23537611	23537873	559	2338	19.30	CHH
6	24030066	24030155	140	15	90.32	CHG
6	24030066	24030155	553	392	58.52	CHH
6	24282820	24282990	133	10	93.01	CHG
6	24282820	24282990	1306	1365	48.90	CHH
6	25073298	25073513	113	4	96.58	CG
6	25073298	25073513	60	86	41.10	CHG
6	25073298	25073513	343	1473	18.89	CHH
6	25078471	25078618	25	45	35.71	CHG
6	25078471	25078618	337	1498	18.37	CHH
6	25314682	25315364	355	20	94.67	CG
6	25314682	25315364	318	102	75.71	CHG
6	25314682	25315364	1131	5608	16.78	CHH
6	26183206	26183498	62	3	95.38	CG
6	26183206	26183498	1465	1588	47.99	CHH
6	26270983	26271153	60	2	96.77	CG
6	26270983	26271153	35	27	56.45	CHG
6	26270983	26271153	1099	816	57.39	CHH
6	26899910	26900127	69	3	95.83	CG
6	26899910	26900127	729	1460	33.30	CHH
6	27022910	27023085	270	13	95.41	CG
6	27022910	27023085	389	1500	20.59	CHH
6	29399343	29399607	131	6	95.62	CG
6	29399343	29399607	44	40	52.38	CHG
6	29399343	29399607	1084	1831	37.19	CHH
6	30191023	30191331	271	11	96.10	CG
6	30191023	30191331	545	49	91.75	CHG
6	30191023	30191331	945	1941	32.74	CHH
6	30403805	30404034	379	1139	24.97	CHH
6	30913757	30913901	57	1	98.28	CG
6	30913757	30913901	11	15	42.31	CHG
6	30913757	30913901	539	584	48.00	CHH
7	436559	436644	250	811	23.56	CHH
7	553125	553382	27	29	48.21	CHG
7	553125	553382	362	2045	15.04	CHH
7	1581483	1581569	40	23	63.49	CHG
7	1581483	1581569	252	845	22.97	CHH
7	2236802	2236948	143	1	99.31	CG
7	2236802	2236948	24	9	72.73	CHG
7	2236802	2236948	551	1052	34.37	CHH
7	2529367	2529520	591	587	50.17	CHH
7	3142735	3143078	467	18	96.29	CG
7	3142735	3143078	387	130	74.85	CHG
7	3142735	3143078	1016	1921	34.59	CHH
7	3169312	3169590	27	42	39.13	CHG
7	3169312	3169590	1246	1951	38.97	CHH
7	3220899	3221205	88	2	97.78	CG
7	3220899	3221205	1795	2103	46.05	CHH
7	3739834	3740067	161	11	93.60	CG
7	3739834	3740067	84	33	71.79	CHG
7	3739834	3740067	596	1727	25.66	CHH
7	4348410	4348541	14	109	11.38	CG
7	4348410	4348541	5	96	4.95	CHG
7	4348410	4348541	55	715	7.14	CHH
7	5121301	5121458	143	8	94.70	CG
7	5121301	5121458	66	6	91.67	CHG
7	5121301	5121458	765	955	44.48	CHH
7	6141659	6141862	514	11	97.90	CG
7	6141659	6141862	268	56	82.72	CHG
7	6141659	6141862	414	1626	20.29	CHH
7	7806227	7806511	41	15	73.21	CHG
7	7806227	7806511	1443	1116	56.39	CHH
7	8049142	8049326	514	8	98.47	CG
7	8049142	8049326	115	126	47.72	CHG
7	8049142	8049326	359	1569	18.62	CHH
7	8294134	8294483	7	431	1.60	CG
7	8294134	8294483	23	466	4.70	CHG
7	8294134	8294483	165	2793	5.58	CHH
7	8334119	8334358	29	39	42.65	CHG
7	8334119	8334358	1376	1558	46.90	CHH
7	8993394	8993705	145	7	95.39	CG
7	8993394	8993705	1020	2286	30.85	CHH
7	13286370	13286485	215	953	18.41	CHH
7	15188698	15188829	56	15	78.87	CHG
7	15188698	15188829	320	1505	17.53	CHH
7	15431878	15432092	217	4	98.19	CG
7	15431878	15432092	80	36	68.97	CHG
7	15431878	15432092	1378	933	59.63	CHH
7	15677983	15678606	384	675	36.26	CG
7	15677983	15678606	245	847	22.44	CHG
7	15677983	15678606	508	4416	10.32	CHH
7	16599468	16599909	190	14	93.14	CG
7	16599468	16599909	187	752	19.91	CHG
7	16599468	16599909	395	4181	8.63	CHH
7	17099241	17099723	66	3	95.65	CHG
7	17099241	17099723	2722	2391	53.24	CHH
7	17790357	17790553	76	3	96.20	CG
7	17790357	17790553	157	59	72.69	CHG
7	17790357	17790553	985	1453	40.40	CHH
7	18624941	18625154	64	2	96.97	CG
7	18624941	18625154	43	40	51.81	CHG
7	18624941	18625154	624	1405	30.75	CHH
7	18712663	18712940	437	2485	14.96	CHH
7	19254932	19255653	326	545	37.43	CG
7	19254932	19255653	215	2138	9.14	CHG
7	19254932	19255653	687	5917	10.40	CHH
7	20129015	20129222	850	1611	34.54	CHH
7	20150949	20151108	68	2	97.14	CG
7	20150949	20151108	122	45	73.05	CHG
7	20150949	20151108	493	1212	28.91	CHH
7	20424851	20425235	65	5	92.86	CG
7	20424851	20425235	1101	3495	23.96	CHH
7	21311702	21311873	123	0	100.00	CG
7	21311702	21311873	138	36	79.31	CHG
7	21311702	21311873	704	850	45.30	CHH
7	22392996	22393180	213	7	96.82	CG
7	22392996	22393180	214	21	91.06	CHG
7	22392996	22393180	212	1236	14.64	CHH
7	22532503	22532689	888	1370	39.33	CHH
7	22933956	22934220	776	18	97.73	CG
7	22933956	22934220	287	110	72.29	CHG
7	22933956	22934220	703	1924	26.76	CHH
7	24616760	24617444	1008	121	89.28	CG
7	24616760	24617444	682	281	70.82	CHG
7	24616760	24617444	1064	3938	21.27	CHH
7	24811648	24811977	65	2	97.01	CG
7	24811648	24811977	48	10	82.76	CHG
7	24811648	24811977	1372	2618	34.39	CHH
7	24948880	24949085	1002	1156	46.43	CHH
7	25909857	25910353	594	12	98.02	CG
7	25909857	25910353	703	306	69.67	CHG
7	25909857	25910353	1325	4454	22.93	CHH
7	26251607	26251758	678	960	41.39	CHH
7	26258085	26258557	994	40	96.13	CG
7	26258085	26258557	304	173	63.73	CHG
7	26258085	26258557	1153	3044	27.47	CHH
7	27119822	27120089	54	1	98.18	CG
7	27119822	27120089	8	47	14.55	CHG
7	27119822	27120089	814	1772	31.48	CHH
7	27169621	27169836	8	66	10.81	CG
7	27169621	27169836	117	406	22.37	CHG
7	27169621	27169836	534	1679	24.13	CHH
7	27307263	27307688	576	9	98.46	CG
7	27307263	27307688	462	128	78.31	CHG
7	27307263	27307688	1022	1802	36.19	CHH
7	28376367	28376563	74	4	94.87	CG
7	28376367	28376563	64	17	79.01	CHG
7	28376367	28376563	787	1373	36.44	CHH
7	29243799	29244004	823	1561	34.52	CHH
7	29311074	29311344	1099	2107	34.28	CHH
7	29467990	29468204	1186	1145	50.88	CHH
8	1575049	1575210	348	1691	17.07	CHH
8	1623373	1623626	60	0	100.00	CG
8	1623373	1623626	9	16	36.00	CHG
8	1623373	1623626	1188	1534	43.64	CHH
8	2431336	2431426	139	129	51.87	CG
8	2431336	2431426	19	17	52.78	CHG
8	2431336	2431426	338	1023	24.83	CHH
8	3073639	3073816	46	78	37.10	CG
8	3073639	3073816	110	258	29.89	CHG
8	3073639	3073816	212	1367	13.43	CHH
8	3388417	3388667	141	5	96.58	CG
8	3388417	3388667	81	51	61.36	CHG
8	3388417	3388667	1282	1689	43.15	CHH
8	3751907	3752073	387	11	97.24	CG
8	3751907	3752073	215	97	68.91	CHG
8	3751907	3752073	208	1216	14.61	CHH
8	3958363	3958508	302	833	26.61	CHH
8	5131858	5132029	122	14	89.71	CHG
8	5131858	5132029	820	1262	39.39	CHH
8	5321619	5321826	69	2	97.18	CG
8	5321619	5321826	24	11	68.57	CHG
8	5321619	5321826	1100	1560	41.35	CHH
8	5680035	5680214	121	6	95.28	CG
8	5680035	5680214	108	6	94.74	CHG
8	5680035	5680214	451	1509	23.01	CHH
8	5836841	5837082	194	9	95.57	CG
8	5836841	5837082	919	1612	36.31	CHH
8	6111458	6111746	327	7	97.90	CG
8	6111458	6111746	204	114	64.15	CHG
8	6111458	6111746	523	2735	16.05	CHH
8	6753823	6754136	70	1	98.59	CG
8	6753823	6754136	165	24	87.30	CHG
8	6753823	6754136	1231	1975	38.40	CHH
8	7603360	7603612	132	2	98.51	CG
8	7603360	7603612	614	1676	26.81	CHH
8	8071926	8072156	348	8	97.75	CG
8	8071926	8072156	65	60	52.00	CHG
8	8071926	8072156	714	1825	28.12	CHH
8	10060129	10060270	788	644	55.03	CHH
8	10886885	10887057	124	3	97.64	CG
8	10886885	10887057	6	33	15.38	CHG
8	10886885	10887057	92	1512	5.74	CHH
8	11782944	11783090	100	12	89.29	CHG
8	11782944	11783090	308	1314	18.99	CHH
8	12350212	12350309	65	4	94.20	CG
8	12350212	12350309	16	24	40.00	CHG
8	12350212	12350309	254	768	24.85	CHH
8	15503593	15503835	60	4	93.75	CG
8	15503593	15503835	908	1266	41.77	CHH
8	18141156	18141305	455	1565	22.52	CHH
8	19423131	19423387	70	2	97.22	CG
8	19423131	19423387	10	27	27.03	CHG
8	19423131	19423387	891	1642	35.18	CHH
8	20377385	20377714	1017	22	97.88	CG
8	20377385	20377714	221	157	58.47	CHG
8	20377385	20377714	850	3198	21.00	CHH
8	20558563	20558824	55	15	78.57	CG
8	20558563	20558824	74	36	67.27	CHG
8	20558563	20558824	1023	1736	37.08	CHH
8	21654366	21654527	156	33	82.54	CG
8	21654366	21654527	102	80	56.04	CHG
8	21654366	21654527	408	689	37.19	CHH
8	22741998	22742320	19	46	29.23	CHG
8	22741998	22742320	686	2558	21.15	CHH
8	22776595	22776863	68	1	98.55	CG
8	22776595	22776863	253	136	65.04	CHG
8	22776595	22776863	935	1672	35.86	CHH
8	22948102	22948411	76	5	93.83	CG
8	22948102	22948411	1148	2867	28.59	CHH
8	23349964	23350100	106	6	94.64	CG
8	23349964	23350100	377	1323	22.18	CHH
8	23488434	23488729	379	14	96.44	CG
8	23488434	23488729	152	82	64.96	CHG
8	23488434	23488729	587	2405	19.62	CHH
8	24309357	24309533	10	169	5.59	CG
8	24309357	24309533	53	394	11.86	CHG
8	24309357	24309533	289	1325	17.91	CHH
8	24422312	24422568	68	3	95.77	CG
8	24422312	24422568	118	55	68.21	CHG
8	24422312	24422568	976	1599	37.90	CHH
8	24735337	24736197	592	21	96.57	CG
8	24735337	24736197	636	340	65.16	CHG
8	24735337	24736197	1102	6259	14.97	CHH
8	24736834	24737078	697	20	97.21	CG
8	24736834	24737078	167	113	59.64	CHG
8	24736834	24737078	329	1933	14.54	CHH
8	24750449	24750953	447	13	97.17	CG
8	24750449	24750953	500	158	75.99	CHG
8	24750449	24750953	907	4124	18.03	CHH
8	24768225	24768508	131	87	60.09	CG
8	24768225	24768508	48	332	12.63	CHG
8	24768225	24768508	222	3303	6.30	CHH
8	24784953	24785097	148	5	96.73	CG
8	24784953	24785097	71	46	60.68	CHG
8	24784953	24785097	315	1370	18.69	CHH
8	24834030	24834325	123	4	96.85	CG
8	24834030	24834325	54	3	94.74	CHG
8	24834030	24834325	1350	1850	42.19	CHH
8	24968997	24969171	57	1	98.28	CG
8	24968997	24969171	68	10	87.18	CHG
8	24968997	24969171	410	990	29.29	CHH
8	26169264	26169435	406	6	98.54	CG
8	26169264	26169435	80	44	64.52	CHG
8	26169264	26169435	412	564	42.21	CHH
8	26441035	26441114	40	93	30.08	CHG
8	26441035	26441114	259	695	27.15	CHH
8	26827794	26828034	165	338	32.80	CG
8	26827794	26828034	90	286	23.94	CHG
8	26827794	26828034	384	1379	21.78	CHH
8	27623734	27623958	515	26	95.19	CG
8	27623734	27623958	288	172	62.61	CHG
8	27623734	27623958	454	1632	21.76	CHH
8	28152674	28152872	1109	874	55.93	CHH
8	28409753	28410078	102	5	95.33	CG
8	28409753	28410078	160	11	93.57	CHG
8	28409753	28410078	1136	1793	38.78	CHH
9	1254705	1254916	237	4	98.34	CG
9	1254705	1254916	15	33	31.25	CHG
9	1254705	1254916	272	932	22.59	CHH
9	1884036	1884200	806	1248	39.24	CHH
9	3634113	3634220	62	9	87.32	CHG
9	3634113	3634220	459	959	32.37	CHH
9	3933418	3933532	60	0	100.00	CG
9	3933418	3933532	50	6	89.29	CHG
9	3933418	3933532	592	595	49.87	CHH
9	4570159	4570785	918	25	97.35	CG
9	4570159	4570785	895	178	83.41	CHG
9	4570159	4570785	1756	3889	31.11	CHH
9	7158967	7159348	90	116	43.69	CG
9	7158967	7159348	97	268	26.58	CHG
9	7158967	7159348	644	2667	19.45	CHH
9	10378957	10379055	257	12	95.54	CG
9	10378957	10379055	114	133	46.15	CHG
9	10378957	10379055	94	656	12.53	CHH
9	10754150	10754480	64	3	95.52	CG
9	10754150	10754480	98	34	74.24	CHG
9	10754150	10754480	1405	2550	35.52	CHH
9	11037393	11037551	639	1291	33.11	CHH
9	14633566	14633811	349	6	98.31	CG
9	14633566	14633811	242	55	81.48	CHG
9	14633566	14633811	1407	1069	56.83	CHH
9	16086094	16086273	84	8	91.30	CG
9	16086094	16086273	45	28	61.64	CHG
9	16086094	16086273	390	1232	24.04	CHH
9	16215726	16215834	353	838	29.64	CHH
9	16663866	16664244	406	110	78.68	CG
9	16663866	16664244	214	543	28.27	CHG
9	16663866	16664244	689	3204	17.70	CHH
9	16928122	16928188	174	768	18.47	CHH
9	17420619	17420974	70	3	95.89	CG
9	17420619	17420974	166	39	80.98	CHG
9	17420619	17420974	213	1943	9.88	CHH
9	19098095	19098253	59	1	98.33	CG
9	19098095	19098253	69	56	55.20	CHG
9	19098095	19098253	371	1282	22.44	CHH
9	21886164	21886293	149	1224	10.85	CHH
10	368179	368447	107	31	77.54	CHG
10	368179	368447	688	3112	18.11	CHH
10	404795	404929	392	15	96.31	CG
10	404795	404929	24	47	33.80	CHG
10	404795	404929	358	942	27.54	CHH
10	1838124	1838526	147	2	98.66	CG
10	1838124	1838526	60	3	95.24	CHG
10	1838124	1838526	2168	2273	48.82	CHH
10	1890175	1890720	650	27	96.01	CG
10	1890175	1890720	566	400	58.59	CHG
10	1890175	1890720	876	5241	14.32	CHH
10	2576261	2576420	825	1311	38.62	CHH
10	3444619	3445144	128	460	21.77	CG
10	3444619	3445144	145	628	18.76	CHG
10	3444619	3445144	656	3755	14.87	CHH
10	5680298	5680662	646	476	57.58	CG
10	5680298	5680662	271	1041	20.66	CHG
10	5680298	5680662	455	1990	18.61	CHH
10	6420591	6420748	18	289	5.86	CHG
10	6420591	6420748	115	1147	9.11	CHH
10	7535391	7535626	329	1184	21.74	CHH
10	8506073	8506152	74	62	54.41	CG
10	8506073	8506152	271	531	33.79	CHH
10	9497876	9498140	308	7	97.78	CG
10	9497876	9498140	35	46	43.21	CHG
10	9497876	9498140	1213	1738	41.10	CHH
10	11192936	11193103	119	6	95.20	CG
10	11192936	11193103	43	82	34.40	CHG
10	11192936	11193103	382	1393	21.52	CHH
10	11922949	11923127	38	4	90.48	CG
10	11922949	11923127	97	19	83.62	CHG
10	11922949	11923127	561	1064	34.52	CHH
10	12206026	12206233	43	4	91.49	CG
10	12206026	12206233	9	44	16.98	CHG
10	12206026	12206233	914	1657	35.55	CHH
10	13147744	13147963	246	6	97.62	CG
10	13147744	13147963	91	36	71.65	CHG
10	13147744	13147963	442	1689	20.74	CHH
10	15011394	15011890	633	43	93.64	CG
10	15011394	15011890	244	153	61.46	CHG
10	15011394	15011890	970	2569	27.41	CHH
10	15870323	15870605	73	6	92.41	CG
10	15870323	15870605	133	201	39.82	CHG
10	15870323	15870605	275	1157	19.20	CHH
10	15986243	15986518	18	37	32.73	CG
10	15986243	15986518	55	276	16.62	CHG
10	15986243	15986518	182	2081	8.04	CHH
10	15991567	15992011	51	897	5.38	CG
10	15991567	15992011	166	1126	12.85	CHG
10	15991567	15992011	605	3594	14.41	CHH
10	16003795	16003950	12	51	19.05	CG
10	16003795	16003950	26	391	6.24	CHG
10	16003795	16003950	70	1361	4.89	CHH
10	16208913	16209034	61	2	96.83	CG
10	16208913	16209034	89	14	86.41	CHG
10	16208913	16209034	768	591	56.51	CHH
10	17033161	17033405	715	32	95.72	CG
10	17033161	17033405	208	64	76.47	CHG
10	17033161	17033405	657	1101	37.37	CHH
10	18046108	18046282	938	689	57.65	CHH
10	18101624	18101816	375	18	95.42	CG
10	18101624	18101816	196	148	56.98	CHG
10	18101624	18101816	932	1091	46.07	CHH
10	18561922	18562175	396	11	97.30	CG
10	18561922	18562175	546	154	78.00	CHG
10	18561922	18562175	632	1951	24.47	CHH
10	18632472	18632641	399	1073	27.11	CHH
10	19698082	19698409	135	8	94.41	CG
10	19698082	19698409	196	10	95.15	CHG
10	19698082	19698409	1515	2362	39.08	CHH
10	19941399	19941637	64	5	92.75	CG
10	19941399	19941637	659	1701	27.92	CHH
10	20291443	20292459	2455	60	97.61	CG
10	20291443	20292459	1338	267	83.36	CHG
10	20291443	20292459	1664	7124	18.93	CHH
10	20762313	20762534	5	316	1.56	CG
10	20762313	20762534	20	632	3.07	CHG
10	20762313	20762534	57	1945	2.85	CHH
10	20778820	20779263	58	472	10.94	CG
10	20778820	20779263	94	1077	8.03	CHG
10	20778820	20779263	459	3580	11.36	CHH
10	21827999	21828272	65	45	59.09	CHG
10	21827999	21828272	1413	1697	45.43	CHH
10	22689536	22689741	1207	1388	46.51	CHH
10	22690213	22690439	812	1018	44.37	CHH
11	569050	569549	119	4	96.75	CG
11	569050	569549	473	109	81.27	CHG
11	569050	569549	2200	2667	45.20	CHH
11	1200546	1200636	54	2	96.43	CG
11	1200546	1200636	45	8	84.91	CHG
11	1200546	1200636	254	665	27.64	CHH
11	1713742	1714360	905	23	97.52	CG
11	1713742	1714360	662	111	85.64	CHG
11	1713742	1714360	2175	4123	34.53	CHH
11	1878755	1878890	57	86	39.86	CG
11	1878755	1878890	81	158	33.89	CHG
11	1878755	1878890	266	986	21.25	CHH
11	1932470	1932979	50	3	94.34	CG
11	1932470	1932979	169	42	80.09	CHG
11	1932470	1932979	2112	2815	42.87	CHH
11	1947206	1947542	51	3	94.44	CG
11	1947206	1947542	407	2152	15.90	CHH
11	2378673	2378944	245	15	94.23	CG
11	2378673	2378944	9	60	13.04	CHG
11	2378673	2378944	1126	1312	46.19	CHH
11	5554822	5555192	133	1	99.25	CG
11	5554822	5555192	564	86	86.77	CHG
11	5554822	5555192	1642	2052	44.45	CHH
11	7332863	7333120	111	2	98.23	CG
11	7332863	7333120	58	59	49.57	CHG
11	7332863	7333120	532	1553	25.52	CHH
11	7589703	7589963	61	2	96.83	CG
11	7589703	7589963	49	5	90.74	CHG
11	7589703	7589963	782	1023	43.32	CHH
11	7735709	7735929	303	15	95.28	CG
11	7735709	7735929	96	253	27.51	CHG
11	7735709	7735929	261	2067	11.21	CHH
11	8045721	8046006	615	165	78.85	CG
11	8045721	8046006	49	184	21.03	CHG
11	8045721	8046006	344	2488	12.15	CHH
11	9151816	9151968	26	27	49.06	CHG
11	9151816	9151968	473	902	34.40	CHH
11	11662804	11663369	325	15	95.59	CG
11	11662804	11663369	508	69	88.04	CHG
11	11662804	11663369	1095	4913	18.23	CHH
11	11787143	11787246	691	812	45.97	CHH
11	13632522	13632647	40	313	11.33	CHG
11	13632522	13632647	154	1162	11.70	CHH
11	14005572	14005699	160	1385	10.36	CHH
11	14006096	14006227	253	1271	16.60	CHH
11	14311549	14311878	820	21	97.50	CG
11	14311549	14311878	257	92	73.64	CHG
11	14311549	14311878	1026	2895	26.17	CHH
11	16006890	16007049	50	3	94.34	CG
11	16006890	16007049	23	9	71.88	CHG
11	16006890	16007049	721	924	43.83	CHH
11	16339318	16339504	394	16	96.10	CG
11	16339318	16339504	29	57	33.72	CHG
11	16339318	16339504	577	1565	26.94	CHH
11	16884445	16884740	140	9	93.96	CG
11	16884445	16884740	1223	1532	44.39	CHH
11	16979978	16980123	54	4	93.10	CG
11	16979978	16980123	173	1420	10.86	CHH
11	18415594	18415828	66	4	94.29	CG
11	18415594	18415828	858	2389	26.42	CHH
11	19478887	19479310	425	13	97.03	CG
11	19478887	19479310	445	487	47.75	CHG
11	19478887	19479310	1030	2686	27.72	CHH
11	19817539	19817761	35	19	64.81	CHG
11	19817539	19817761	625	705	46.99	CHH
11	21197890	21198236	65	48	57.52	CHG
11	21197890	21198236	1588	2388	39.94	CHH
11	21255747	21256111	457	26	94.62	CG
11	21255747	21256111	621	98	86.37	CHG
11	21255747	21256111	724	2397	23.20	CHH
11	21412886	21413094	519	75	87.37	CG
11	21412886	21413094	147	273	35.00	CHG
11	21412886	21413094	224	1746	11.37	CHH
11	22039593	22039763	100	19	84.03	CHG
11	22039593	22039763	834	1120	42.68	CHH
11	23435202	23435727	84	121	40.98	CG
11	23435202	23435727	260	1013	20.42	CHG
11	23435202	23435727	824	4010	17.05	CHH
11	24395075	24395260	35	214	14.06	CG
11	24395075	24395260	24	85	22.02	CHG
11	24395075	24395260	260	1493	14.83	CHH
11	24851409	24851658	504	11	97.86	CG
11	24851409	24851658	605	41	93.65	CHG
11	24851409	24851658	720	1862	27.89	CHH
11	24991462	24991590	73	0	100.00	CG
11	24991462	24991590	150	159	48.54	CHG
11	24991462	24991590	497	813	37.94	CHH
11	25110396	25110624	127	4	96.95	CG
11	25110396	25110624	11	13	45.83	CHG
11	25110396	25110624	561	1712	24.68	CHH
11	25586084	25586542	318	14	95.78	CG
11	25586084	25586542	301	42	87.76	CHG
11	25586084	25586542	614	4015	13.26	CHH
11	25784649	25784892	153	2	98.71	CG
11	25784649	25784892	191	84	69.45	CHG
11	25784649	25784892	725	2207	24.73	CHH
11	25810584	25810761	43	20	68.25	CHG
11	25810584	25810761	521	1070	32.75	CHH
11	25853608	25853790	63	3	95.45	CG
11	25853608	25853790	679	1462	31.71	CHH
11	26205598	26205997	208	77	72.98	CG
11	26205598	26205997	37	435	7.84	CHG
11	26205598	26205997	113	3750	2.93	CHH
11	27682635	27683583	2225	69	96.99	CG
11	27682635	27683583	1448	440	76.69	CHG
11	27682635	27683583	1272	5596	18.52	CHH
11	28181129	28181426	60	1	98.36	CG
11	28181129	28181426	403	1145	26.03	CHH
12	217168	217301	114	2	98.28	CG
12	217168	217301	42	14	75.00	CHG
12	217168	217301	613	680	47.41	CHH
12	552916	553122	526	1508	25.86	CHH
12	793700	793972	51	2	96.23	CHG
12	793700	793972	1579	1479	51.64	CHH
12	961100	961336	119	12	90.84	CG
12	961100	961336	242	389	38.35	CHG
12	961100	961336	285	1823	13.52	CHH
12	1049649	1049822	1023	889	53.50	CHH
12	1548545	1548692	114	17	87.02	CHG
12	1548545	1548692	418	833	33.41	CHH
12	1801896	1802216	127	40	76.05	CG
12	1801896	1802216	189	101	65.17	CHG
12	1801896	1802216	606	1958	23.63	CHH
12	1816647	1816809	57	2	96.61	CG
12	1816647	1816809	606	1054	36.51	CHH
12	2466366	2466538	114	11	91.20	CHG
12	2466366	2466538	715	1437	33.22	CHH
12	5021892	5024116	1293	33	97.51	CG
12	5021892	5024116	2451	1485	62.27	CHG
12	5021892	5024116	2374	15974	12.94	CHH
12	5024498	5027592	1724	50	97.18	CG
12	5024498	5027592	3444	1733	66.53	CHG
12	5024498	5027592	5256	24910	17.42	CHH
12	7849278	7849532	563	27	95.42	CG
12	7849278	7849532	40	27	59.70	CHG
12	7849278	7849532	539	2636	16.98	CHH
12	10927998	10928435	42	1	97.67	CG
12	10927998	10928435	51	107	32.28	CHG
12	10927998	10928435	259	3396	7.09	CHH
12	11362213	11362441	67	3	95.71	CG
12	11362213	11362441	55	14	79.71	CHG
12	11362213	11362441	1116	1370	44.89	CHH
12	12440435	12440631	466	147	76.02	CG
12	12440435	12440631	106	184	36.55	CHG
12	12440435	12440631	239	1035	18.76	CHH
12	12966688	12966790	574	674	45.99	CHH
12	15202347	15202507	196	4	98.00	CG
12	15202347	15202507	63	44	58.88	CHG
12	15202347	15202507	356	1388	20.41	CHH
12	17986589	17987047	320	6	98.16	CG
12	17986589	17987047	423	89	82.62	CHG
12	17986589	17987047	939	3642	20.50	CHH
12	18936325	18936741	794	30	96.36	CG
12	18936325	18936741	147	121	54.85	CHG
12	18936325	18936741	1082	3262	24.91	CHH
12	19120680	19120950	96	66	59.26	CG
12	19120680	19120950	76	13	85.39	CHG
12	19120680	19120950	789	2872	21.55	CHH
12	19156150	19156313	62	3	95.38	CG
12	19156150	19156313	163	14	92.09	CHG
12	19156150	19156313	793	622	56.04	CHH
12	21483416	21483688	194	13	93.72	CG
12	21483416	21483688	356	61	85.37	CHG
12	21483416	21483688	341	2868	10.63	CHH
12	21831911	21832012	129	837	13.35	CHH
12	22451242	22451490	14	51	21.54	CHG
12	22451242	22451490	902	1649	35.36	CHH
12	22462835	22463098	20	309	6.08	CG
12	22462835	22463098	90	449	16.70	CHG
12	22462835	22463098	756	2179	25.76	CHH
12	22503691	22503984	230	10	95.83	CG
12	22503691	22503984	155	51	75.24	CHG
12	22503691	22503984	956	1653	36.64	CHH
12	23090136	23090406	57	0	100.00	CG
12	23090136	23090406	1089	1631	40.04	CHH
12	23253874	23254115	93	6	93.94	CG
12	23253874	23254115	9	48	15.79	CHG
12	23253874	23254115	532	1040	33.84	CHH
12	23419385	23419484	46	18	71.88	CG
12	23419385	23419484	196	609	24.35	CHH
12	23569460	23569549	170	9	94.97	CG
12	23569460	23569549	51	13	79.69	CHG
12	23569460	23569549	221	577	27.69	CHH
12	24432087	24432276	544	1501	26.60	CHH
12	25119408	25119711	495	11	97.83	CG
12	25119408	25119711	344	213	61.76	CHG
12	25119408	25119711	579	2308	20.06	CHH
12	25285613	25285813	66	1	98.51	CG
12	25285613	25285813	721	1620	30.80	CHH
12	25690213	25690552	381	152	71.48	CG
12	25690213	25690552	75	220	25.42	CHG
12	25690213	25690552	255	2512	9.22	CHH
12	26052913	26053003	79	200	28.32	CHG
12	26052913	26053003	217	661	24.72	CHH
