1	104478	104599	36	1	97.30	CG
1	104478	104599	40	9	81.63	CHG
1	104478	104599	104	496	17.33	CHH
1	521199	522723	1765	2075	45.96	CG
1	521199	522723	224	3335	6.29	CHG
1	521199	522723	440	15615	2.74	CHH
1	718927	719135	1	394	0.25	CG
1	718927	719135	22	577	3.67	CHG
1	718927	719135	88	2428	3.50	CHH
1	1687637	1688991	30	2327	1.27	CG
1	1687637	1688991	103	2803	3.54	CHG
1	1687637	1688991	349	12371	2.74	CHH
1	1781116	1781366	36	1634	2.16	CG
1	1781116	1781366	15	602	2.43	CHG
1	1781116	1781366	32	1416	2.21	CHH
1	2137510	2140455	1155	8815	11.58	CG
1	2137510	2140455	996	7317	11.98	CHG
1	2137510	2140455	1953	28258	6.46	CHH
1	2172488	2172625	0	257	0.00	CG
1	2172488	2172625	52	1833	2.76	CHH
1	2198640	2199644	3158	89	97.26	CG
1	2198640	2199644	1355	604	69.17	CHG
1	2198640	2199644	401	2611	13.31	CHH
1	2541454	2541598	211	232	47.63	CG
1	2541454	2541598	27	203	11.74	CHG
1	2541454	2541598	102	1365	6.95	CHH
1	2579778	2580676	2063	248	89.27	CG
1	2579778	2580676	102	2727	3.61	CHG
1	2579778	2580676	282	9822	2.79	CHH
1	3016827	3017062	8	1439	0.55	CG
1	3016827	3017062	18	684	2.56	CHG
1	3016827	3017062	61	1947	3.04	CHH
1	4122738	4127182	2558	7784	24.73	CG
1	4122738	4127182	602	12871	4.47	CHG
1	4122738	4127182	3574	42700	7.72	CHH
1	4510347	4510477	89	2	97.80	CG
1	4510347	4510477	18	116	13.43	CHG
1	4510347	4510477	170	1468	10.38	CHH
1	4702022	4702256	207	466	30.76	CG
1	4702022	4702256	19	324	5.54	CHG
1	4702022	4702256	159	1201	11.69	CHH
1	5814441	5815039	3	641	0.47	CG
1	5814441	5815039	22	1427	1.52	CHG
1	5814441	5815039	163	7142	2.23	CHH
1	6934697	6934863	656	3	99.54	CG
1	6934697	6934863	296	42	87.57	CHG
1	6934697	6934863	225	1177	16.05	CHH
1	7198017	7199243	1875	70	96.40	CG
1	7198017	7199243	112	2855	3.77	CHG
1	7198017	7199243	258	12121	2.08	CHH
1	7302410	7302594	7	795	0.87	CG
1	7302410	7302594	11	349	3.06	CHG
1	7302410	7302594	51	1648	3.00	CHH
1	7518469	7519081	29	1055	2.68	CG
1	7518469	7519081	38	1269	2.91	CHG
1	7518469	7519081	138	5378	2.50	CHH
1	7690448	7691550	97	3794	2.49	CG
1	7690448	7691550	180	3062	5.55	CHG
1	7690448	7691550	403	11676	3.34	CHH
1	8124136	8124703	2307	50	97.88	CG
1	8124136	8124703	1072	360	74.86	CHG
1	8124136	8124703	609	5092	10.68	CHH
1	8426975	8427236	211	79	72.76	CG
1	8426975	8427236	23	903	2.48	CHG
1	8426975	8427236	66	2740	2.35	CHH
1	8831214	8831605	895	24	97.39	CG
1	8831214	8831605	558	193	74.30	CHG
1	8831214	8831605	272	4183	6.11	CHH
1	8866192	8866541	1284	23	98.24	CG
1	8866192	8866541	600	150	80.00	CHG
1	8866192	8866541	374	2278	14.10	CHH
1	9124022	9124118	137	4	97.16	CG
1	9124022	9124118	337	74	82.00	CHG
1	9124022	9124118	123	476	20.53	CHH
1	9260960	9261224	164	4	97.62	CG
1	9260960	9261224	5	541	0.92	CHG
1	9260960	9261224	109	2735	3.83	CHH
1	9681083	9681232	126	80	61.17	CG
1	9681083	9681232	154	432	26.28	CHH
1	9734291	9734532	3	405	0.74	CG
1	9734291	9734532	8	117	6.40	CHG
1	9734291	9734532	76	2182	3.37	CHH
1	10263106	10263294	16	1068	1.48	CG
1	10263106	10263294	8	609	1.30	CHG
1	10263106	10263294	71	1744	3.91	CHH
1	10401973	10403052	192	2367	7.50	CG
1	10401973	10403052	173	1545	10.07	CHG
1	10401973	10403052	525	8137	6.06	CHH
1	10417094	10417664	1092	32	97.15	CG
1	10417094	10417664	1486	209	87.67	CHG
1	10417094	10417664	287	5656	4.83	CHH
1	10590568	10590704	3	302	0.98	CG
1	10590568	10590704	14	279	4.78	CHG
1	10590568	10590704	192	739	20.62	CHH
1	10793800	10794970	1953	45	97.75	CG
1	10793800	10794970	493	488	50.25	CHG
1	10793800	10794970	309	2867	9.73	CHH
1	11027002	11027352	380	11	97.19	CG
1	11027002	11027352	22	883	2.43	CHG
1	11027002	11027352	126	3981	3.07	CHH
1	11745247	11745281	6	302	1.95	CG
1	11745247	11745281	1	156	0.64	CHG
1	11745247	11745281	5	278	1.77	CHH
1	11861007	11861467	1182	67	94.64	CG
1	11861007	11861467	533	356	59.96	CHG
1	11861007	11861467	483	3803	11.27	CHH
1	11988203	11988342	4	992	0.40	CG
1	11988203	11988342	19	674	2.74	CHG
1	11988203	11988342	27	1216	2.17	CHH
1	12157565	12159139	493	11183	4.22	CG
1	12157565	12159139	308	5925	4.94	CHG
1	12157565	12159139	349	11466	2.95	CHH
1	12279664	12280353	156	3419	4.36	CG
1	12279664	12280353	77	1953	3.79	CHG
1	12279664	12280353	208	6166	3.26	CHH
1	12444629	12444759	277	4	98.58	CG
1	12444629	12444759	227	15	93.80	CHG
1	12444629	12444759	67	1212	5.24	CHH
1	12851686	12853647	428	774	35.61	CG
1	12851686	12853647	193	4906	3.79	CHG
1	12851686	12853647	716	19793	3.49	CHH
1	12977793	12977914	124	7	94.66	CG
1	12977793	12977914	48	974	4.70	CHH
1	14112270	14112409	21	631	3.22	CHH
1	14747584	14748346	17	1294	1.30	CG
1	14747584	14748346	62	2772	2.19	CHG
1	14747584	14748346	172	8875	1.90	CHH
1	15010958	15011724	2	0	100.00	CG
1	15010958	15011724	2	76	2.56	CHG
1	15010958	15011724	2	249	0.80	CHH
1	15208882	15210074	1371	148	90.26	CG
1	15208882	15210074	538	406	56.99	CHG
1	15208882	15210074	581	9335	5.86	CHH
1	15318812	15319293	2041	63	97.01	CG
1	15318812	15319293	1369	269	83.58	CHG
1	15318812	15319293	325	3815	7.85	CHH
1	15355785	15357554	1571	2063	43.23	CG
1	15355785	15357554	950	3266	22.53	CHG
1	15355785	15357554	1281	15372	7.69	CHH
1	16453284	16453501	11	76	12.64	CG
1	16453284	16453501	15	170	8.11	CHG
1	16453284	16453501	97	1592	5.74	CHH
1	16722902	16723067	428	33	92.84	CG
1	16722902	16723067	50	146	25.51	CHG
1	16722902	16723067	47	1957	2.35	CHH
1	17385639	17385733	14	249	5.32	CHG
1	17385639	17385733	62	932	6.24	CHH
1	17522237	17522624	1434	41	97.22	CG
1	17522237	17522624	1092	214	83.61	CHG
1	17522237	17522624	257	3137	7.57	CHH
1	17762690	17767322	2171	6717	24.43	CG
1	17762690	17767322	1951	7040	21.70	CHG
1	17762690	17767322	6579	39074	14.41	CHH
1	17768299	17768525	4	473	0.84	CG
1	17768299	17768525	5	352	1.40	CHG
1	17768299	17768525	77	1942	3.81	CHH
1	17915233	17918918	4268	2633	61.85	CG
1	17915233	17918918	2205	2942	42.84	CHG
1	17915233	17918918	4126	23363	15.01	CHH
1	18479814	18481021	921	1036	47.06	CG
1	18479814	18481021	175	1384	11.23	CHG
1	18479814	18481021	373	11146	3.24	CHH
1	18515221	18516018	610	12	98.07	CG
1	18515221	18516018	405	62	86.72	CHG
1	18515221	18516018	127	1603	7.34	CHH
1	18605306	18605413	75	2	97.40	CG
1	18605306	18605413	1	235	0.42	CHG
1	18605306	18605413	41	1225	3.24	CHH
1	18679398	18679609	195	6	97.01	CG
1	18679398	18679609	303	37	89.12	CHG
1	18679398	18679609	119	1743	6.39	CHH
1	18781271	18781897	54	1067	4.82	CG
1	18781271	18781897	75	1537	4.65	CHG
1	18781271	18781897	229	5179	4.23	CHH
1	19418149	19418371	501	11	97.85	CG
1	19418149	19418371	379	127	74.90	CHG
1	19418149	19418371	133	2735	4.64	CHH
1	19588801	19588982	335	7	97.95	CG
1	19588801	19588982	132	42	75.86	CHG
1	19588801	19588982	84	923	8.34	CHH
1	19807993	19809436	3237	126	96.25	CG
1	19807993	19809436	1032	413	71.42	CHG
1	19807993	19809436	510	8228	5.84	CHH
1	20220915	20221138	811	14	98.30	CG
1	20220915	20221138	245	117	67.68	CHG
1	20220915	20221138	73	1693	4.13	CHH
1	20351135	20352592	1317	558	70.24	CG
1	20351135	20352592	79	4341	1.79	CHG
1	20351135	20352592	411	14220	2.81	CHH
1	20353735	20353818	70	0	100.00	CG
1	20353735	20353818	5	295	1.67	CHG
1	20353735	20353818	23	689	3.23	CHH
1	20699332	20703291	4682	5602	45.53	CG
1	20699332	20703291	2183	9414	18.82	CHG
1	20699332	20703291	2825	39287	6.71	CHH
1	20759940	20760412	1139	14	98.79	CG
1	20759940	20760412	1210	151	88.91	CHG
1	20759940	20760412	499	4090	10.87	CHH
1	22217602	22218470	1058	1259	45.66	CG
1	22217602	22218470	404	1608	20.08	CHG
1	22217602	22218470	909	7522	10.78	CHH
1	22349537	22349928	80	1761	4.35	CG
1	22349537	22349928	38	1349	2.74	CHG
1	22349537	22349928	121	3442	3.40	CHH
1	22963853	22963900	3	131	2.24	CHG
1	22963853	22963900	2	302	0.66	CHH
1	23088705	23088935	2	593	0.34	CG
1	23088705	23088935	8	393	2.00	CHG
1	23088705	23088935	44	2122	2.03	CHH
1	23190581	23192012	960	125	88.48	CG
1	23190581	23192012	177	3269	5.14	CHG
1	23190581	23192012	738	16192	4.36	CHH
1	23334619	23337433	2880	2802	50.69	CG
1	23334619	23337433	503	8241	5.75	CHG
1	23334619	23337433	1249	29981	4.00	CHH
1	23865834	23867004	2356	1070	68.77	CG
1	23865834	23867004	1261	1912	39.74	CHG
1	23865834	23867004	1690	8344	16.84	CHH
1	24056015	24058047	332	4593	6.74	CG
1	24056015	24058047	360	3653	8.97	CHG
1	24056015	24058047	614	16804	3.53	CHH
1	24127473	24127717	315	96	76.64	CG
1	24127473	24127717	20	527	3.66	CHG
1	24127473	24127717	62	2809	2.16	CHH
1	24218590	24218768	57	372	13.29	CG
1	24218590	24218768	41	284	12.62	CHG
1	24218590	24218768	46	2014	2.23	CHH
1	24367289	24368699	1091	3240	25.19	CG
1	24367289	24368699	382	4173	8.39	CHG
1	24367289	24368699	1125	13437	7.73	CHH
1	24540618	24541036	470	8	98.33	CG
1	24540618	24541036	15	922	1.60	CHG
1	24540618	24541036	120	4102	2.84	CHH
1	25075086	25078372	289	13734	2.06	CG
1	25075086	25078372	373	11241	3.21	CHG
1	25075086	25078372	992	31413	3.06	CHH
1	26189136	26189851	217	793	21.49	CG
1	26189136	26189851	117	2888	3.89	CHG
1	26189136	26189851	274	6739	3.91	CHH
1	27455091	27455579	3094	112	96.51	CG
1	27455091	27455579	2378	561	80.91	CHG
1	27455091	27455579	835	7267	10.31	CHH
1	27505658	27505866	1	124	0.80	CG
1	27505658	27505866	14	531	2.57	CHG
1	27505658	27505866	52	1818	2.78	CHH
1	27576543	27577893	3434	105	97.03	CG
1	27576543	27577893	2095	374	84.85	CHG
1	27576543	27577893	1818	16602	9.87	CHH
1	28118813	28118935	3	146	2.01	CG
1	28118813	28118935	11	461	2.33	CHG
1	28118813	28118935	27	1520	1.75	CHH
1	29188109	29189334	100	4906	2.00	CG
1	29188109	29189334	137	3070	4.27	CHG
1	29188109	29189334	841	11964	6.57	CHH
1	29223726	29224697	393	3640	9.74	CG
1	29223726	29224697	61	1786	3.30	CHG
1	29223726	29224697	1231	6512	15.90	CHH
1	29881105	29881917	1277	189	87.11	CG
1	29881105	29881917	1157	316	78.55	CHG
1	29881105	29881917	347	4831	6.70	CHH
1	29892038	29892362	1	83	1.19	CG
1	29892038	29892362	6	348	1.69	CHG
1	29892038	29892362	186	3377	5.22	CHH
1	30396534	30396644	8	469	1.68	CG
1	30396534	30396644	20	608	3.18	CHG
1	30396534	30396644	19	925	2.01	CHH
1	30947617	30952229	6442	2120	75.24	CG
1	30947617	30952229	2997	9286	24.40	CHG
1	30947617	30952229	2073	48192	4.12	CHH
1	30988314	30988439	86	3	96.63	CG
1	30988314	30988439	284	150	65.44	CHG
1	30988314	30988439	77	849	8.32	CHH
1	31131639	31132785	778	2882	21.26	CG
1	31131639	31132785	131	3992	3.18	CHG
1	31131639	31132785	313	10585	2.87	CHH
1	32136432	32136605	86	128	40.19	CG
1	32136432	32136605	3	674	0.44	CHG
1	32136432	32136605	57	1671	3.30	CHH
1	33466485	33466748	860	17	98.06	CG
1	33466485	33466748	400	108	78.74	CHG
1	33466485	33466748	242	2073	10.45	CHH
1	34289798	34291348	1728	1261	57.81	CG
1	34289798	34291348	944	2576	26.82	CHG
1	34289798	34291348	1585	12758	11.05	CHH
1	34550341	34550600	0	351	0.00	CG
1	34550341	34550600	11	539	2.00	CHG
1	34550341	34550600	56	2304	2.37	CHH
1	34749495	34752244	3405	427	88.86	CG
1	34749495	34752244	3218	1354	70.38	CHG
1	34749495	34752244	2541	16829	13.12	CHH
1	34928206	34928387	237	6	97.53	CG
1	34928206	34928387	770	82	90.38	CHG
1	34928206	34928387	158	1647	8.75	CHH
1	34990120	34992796	5058	1844	73.28	CG
1	34990120	34992796	2456	2327	51.35	CHG
1	34990120	34992796	2920	20477	12.48	CHH
1	35760612	35760952	349	204	63.11	CG
1	35760612	35760952	19	690	2.68	CHG
1	35760612	35760952	166	4261	3.75	CHH
1	35959231	35959351	0	137	0.00	CG
1	35959231	35959351	3	202	1.46	CHG
1	35959231	35959351	38	1319	2.80	CHH
1	36112505	36112684	418	129	76.42	CG
1	36112505	36112684	130	178	42.21	CHG
1	36112505	36112684	171	1208	12.40	CHH
1	36163384	36164022	194	1159	14.34	CG
1	36163384	36164022	176	1130	13.48	CHG
1	36163384	36164022	320	5861	5.18	CHH
1	36208524	36209666	1749	51	97.17	CG
1	36208524	36209666	2357	388	85.87	CHG
1	36208524	36209666	759	11652	6.12	CHH
1	36479686	36479935	64	1284	4.75	CG
1	36479686	36479935	9	566	1.57	CHG
1	36479686	36479935	92	2790	3.19	CHH
1	36890844	36891048	208	112	65.00	CG
1	36890844	36891048	206	131	61.13	CHG
1	36890844	36891048	349	1625	17.68	CHH
1	37118562	37118725	3	125	2.34	CG
1	37118562	37118725	11	381	2.81	CHG
1	37118562	37118725	52	1903	2.66	CHH
1	37253827	37256063	3605	184	95.14	CG
1	37253827	37256063	2848	630	81.89	CHG
1	37253827	37256063	1477	12370	10.67	CHH
1	37757198	37758019	722	2164	25.02	CG
1	37757198	37758019	401	1043	27.77	CHG
1	37757198	37758019	1241	5718	17.83	CHH
1	39603253	39603550	226	10	95.76	CG
1	39603253	39603550	7	937	0.74	CHG
1	39603253	39603550	85	2650	3.11	CHH
1	40609311	40609427	71	5	93.42	CG
1	40609311	40609427	13	446	2.83	CHG
1	40609311	40609427	40	1528	2.55	CHH
1	40785754	40786192	102	110	48.11	CG
1	40785754	40786192	21	1731	1.20	CHG
1	40785754	40786192	90	4763	1.85	CHH
1	41209454	41212661	2762	7749	26.28	CG
1	41209454	41212661	1296	5702	18.52	CHG
1	41209454	41212661	3137	24861	11.20	CHH
1	42990884	42991140	180	7	96.26	CG
1	42990884	42991140	142	28	83.53	CHG
1	42990884	42991140	54	572	8.63	CHH
2	38468	38578	78	4	95.12	CG
2	38468	38578	13	235	5.24	CHG
2	38468	38578	15	1106	1.34	CHH
2	578331	578545	66	2	97.06	CG
2	578331	578545	25	830	2.92	CHG
2	578331	578545	80	2292	3.37	CHH
2	1736612	1736996	659	40	94.28	CG
2	1736612	1736996	66	1395	4.52	CHG
2	1736612	1736996	151	3677	3.94	CHH
2	2004107	2004464	1	231	0.43	CG
2	2004107	2004464	23	1223	1.85	CHG
2	2004107	2004464	117	3674	3.09	CHH
2	2225031	2228646	6198	636	90.69	CG
2	2225031	2228646	4449	2738	61.90	CHG
2	2225031	2228646	5231	28592	15.47	CHH
2	2448881	2450073	328	207	61.31	CG
2	2448881	2450073	611	2624	18.89	CHG
2	2448881	2450073	1391	10249	11.95	CHH
2	2455636	2457226	5090	126	97.58	CG
2	2455636	2457226	3636	865	80.78	CHG
2	2455636	2457226	882	8523	9.38	CHH
2	2916264	2916496	161	5	96.99	CG
2	2916264	2916496	14	612	2.24	CHG
2	2916264	2916496	85	2762	2.99	CHH
2	3153141	3153726	1092	59	94.87	CG
2	3153141	3153726	1148	299	79.34	CHG
2	3153141	3153726	502	5927	7.81	CHH
2	3584767	3584907	310	21	93.66	CG
2	3584767	3584907	191	97	66.32	CHG
2	3584767	3584907	614	793	43.64	CHH
2	3668130	3671654	8989	3830	70.12	CG
2	3668130	3671654	4498	5732	43.97	CHG
2	3668130	3671654	3267	29897	9.85	CHH
2	4394475	4394720	1	151	0.66	CG
2	4394475	4394720	16	495	3.13	CHG
2	4394475	4394720	93	2753	3.27	CHH
2	4735326	4735671	10	1182	0.84	CG
2	4735326	4735671	41	1196	3.31	CHG
2	4735326	4735671	128	3483	3.54	CHH
2	4930376	4930562	359	8	97.82	CG
2	4930376	4930562	18	58	23.68	CHG
2	4930376	4930562	49	1382	3.42	CHH
2	6097195	6097472	3	398	0.75	CG
2	6097195	6097472	62	877	6.60	CHG
2	6097195	6097472	70	2145	3.16	CHH
2	6194639	6194966	6	327	1.80	CG
2	6194639	6194966	15	591	2.48	CHG
2	6194639	6194966	106	3320	3.09	CHH
2	6477169	6477370	216	84	72.00	CG
2	6477169	6477370	13	540	2.35	CHG
2	6477169	6477370	97	2399	3.89	CHH
2	6479819	6479943	7	654	1.06	CHG
2	6479819	6479943	41	1635	2.45	CHH
2	7634883	7634997	5	826	0.60	CG
2	7634883	7634997	16	425	3.63	CHG
2	7634883	7634997	37	929	3.83	CHH
2	9263789	9264764	817	19	97.73	CG
2	9263789	9264764	495	118	80.75	CHG
2	9263789	9264764	138	1857	6.92	CHH
2	10881944	10882136	4	293	1.35	CG
2	10881944	10882136	7	310	2.21	CHG
2	10881944	10882136	43	1833	2.29	CHH
2	11520851	11521291	356	244	59.33	CG
2	11520851	11521291	81	181	30.92	CHG
2	11520851	11521291	409	2964	12.13	CHH
2	11599189	11600489	994	1701	36.88	CG
2	11599189	11600489	474	2126	18.23	CHG
2	11599189	11600489	1148	11104	9.37	CHH
2	11939679	11939936	82	1	98.80	CG
2	11939679	11939936	12	442	2.64	CHG
2	11939679	11939936	50	2675	1.83	CHH
2	12352060	12352584	1904	37	98.09	CG
2	12352060	12352584	1400	371	79.05	CHG
2	12352060	12352584	324	5027	6.05	CHH
2	12492889	12493008	13	1015	1.26	CG
2	12492889	12493008	16	531	2.93	CHG
2	12492889	12493008	29	986	2.86	CHH
2	12583382	12585233	1846	438	80.82	CG
2	12583382	12585233	624	4346	12.56	CHG
2	12583382	12585233	480	17955	2.60	CHH
2	13724770	13725043	22	0	100.00	CG
2	13724770	13725043	4	3	57.14	CHG
2	13724770	13725043	9	72	11.11	CHH
2	14258242	14258497	432	28	93.91	CG
2	14258242	14258497	314	60	83.96	CHG
2	14258242	14258497	141	1753	7.44	CHH
2	14381584	14382260	1293	29	97.81	CG
2	14381584	14382260	921	295	75.74	CHG
2	14381584	14382260	513	7290	6.57	CHH
2	14883666	14884152	1346	27	98.03	CG
2	14883666	14884152	1284	193	86.93	CHG
2	14883666	14884152	338	4555	6.91	CHH
2	15077160	15080035	7136	162	97.78	CG
2	15077160	15080035	4877	1096	81.65	CHG
2	15077160	15080035	1674	22328	6.97	CHH
2	15300768	15301020	338	11	96.85	CG
2	15300768	15301020	670	151	81.61	CHG
2	15300768	15301020	108	2701	3.84	CHH
2	16462100	16462683	1099	316	77.67	CG
2	16462100	16462683	705	1013	41.04	CHG
2	16462100	16462683	278	5751	4.61	CHH
2	16469340	16469527	732	12	98.39	CG
2	16469340	16469527	329	278	54.20	CHG
2	16469340	16469527	53	1380	3.70	CHH
2	16575455	16575576	119	260	31.40	CG
2	16575455	16575576	24	86	21.82	CHG
2	16575455	16575576	146	1018	12.54	CHH
2	16909276	16909402	67	7	90.54	CG
2	16909276	16909402	4	35	10.26	CHG
2	16909276	16909402	166	685	19.51	CHH
2	17470250	17470459	325	7	97.89	CG
2	17470250	17470459	338	46	88.02	CHG
2	17470250	17470459	119	2626	4.34	CHH
2	17693456	17694041	1014	551	64.79	CG
2	17693456	17694041	364	904	28.71	CHG
2	17693456	17694041	208	4891	4.08	CHH
2	17846367	17846587	107	948	10.14	CG
2	17846367	17846587	12	433	2.70	CHG
2	17846367	17846587	44	1223	3.47	CHH
2	18156897	18157229	2319	42	98.22	CG
2	18156897	18157229	1110	207	84.28	CHG
2	18156897	18157229	328	3104	9.56	CHH
2	19262811	19262974	206	3	98.56	CG
2	19262811	19262974	35	96	26.72	CHG
2	19262811	19262974	55	1671	3.19	CHH
2	19369504	19369623	704	21	97.10	CG
2	19369504	19369623	389	62	86.25	CHG
2	19369504	19369623	105	700	13.04	CHH
2	19649757	19649896	10	883	1.12	CG
2	19649757	19649896	15	415	3.49	CHG
2	19649757	19649896	31	806	3.70	CHH
2	20077988	20078291	814	53	93.89	CG
2	20077988	20078291	280	168	62.50	CHG
2	20077988	20078291	335	2147	13.50	CHH
2	22210158	22210334	23	695	3.20	CG
2	22210158	22210334	7	304	2.25	CHG
2	22210158	22210334	59	1734	3.29	CHH
2	22275294	22275439	0	77	0.00	CG
2	22275294	22275439	5	386	1.28	CHG
2	22275294	22275439	37	1857	1.95	CHH
2	22587752	22588156	700	40	94.59	CG
2	22587752	22588156	390	300	56.52	CHG
2	22587752	22588156	301	3237	8.51	CHH
2	22836225	22836730	21	1477	1.40	CG
2	22836225	22836730	39	1536	2.48	CHG
2	22836225	22836730	123	5891	2.05	CHH
2	22982677	22982914	1	67	1.47	CG
2	22982677	22982914	13	618	2.06	CHG
2	22982677	22982914	72	2701	2.60	CHH
2	23033077	23033411	176	542	24.51	CG
2	23033077	23033411	206	1180	14.86	CHG
2	23033077	23033411	424	3308	11.36	CHH
2	23394395	23395510	2521	198	92.72	CG
2	23394395	23395510	1038	2546	28.96	CHG
2	23394395	23395510	425	15257	2.71	CHH
2	23471507	23472492	667	9	98.67	CG
2	23471507	23472492	615	142	81.24	CHG
2	23471507	23472492	311	3359	8.47	CHH
2	24044095	24044460	1237	58	95.52	CG
2	24044095	24044460	557	162	77.47	CHG
2	24044095	24044460	258	2168	10.63	CHH
2	24717341	24717558	7	292	2.34	CG
2	24717341	24717558	15	675	2.17	CHG
2	24717341	24717558	97	2378	3.92	CHH
2	25574998	25576239	1786	100	94.70	CG
2	25574998	25576239	1989	702	73.91	CHG
2	25574998	25576239	1399	11666	10.71	CHH
2	25830725	25831459	16	2174	0.73	CG
2	25830725	25831459	32	1917	1.64	CHG
2	25830725	25831459	99	6173	1.58	CHH
2	25835047	25835296	37	977	3.65	CG
2	25835047	25835296	30	716	4.02	CHG
2	25835047	25835296	36	2322	1.53	CHH
2	26548831	26549237	995	36	96.51	CG
2	26548831	26549237	149	133	52.84	CHG
2	26548831	26549237	677	2427	21.81	CHH
2	26659388	26659535	61	5	92.42	CG
2	26659388	26659535	94	956	8.95	CHH
2	26689413	26692203	1117	12051	8.48	CG
2	26689413	26692203	634	8048	7.30	CHG
2	26689413	26692203	2479	20888	10.61	CHH
2	28199306	28199617	779	41	95.00	CG
2	28199306	28199617	985	174	84.99	CHG
2	28199306	28199617	225	2612	7.93	CHH
2	29852698	29852922	49	390	11.16	CG
2	29852698	29852922	15	650	2.26	CHG
2	29852698	29852922	74	2066	3.46	CHH
2	30157272	30157610	631	155	80.28	CG
2	30157272	30157610	195	494	28.30	CHG
2	30157272	30157610	496	2456	16.80	CHH
2	30823979	30824112	6	170	3.41	CG
2	30823979	30824112	9	313	2.80	CHG
2	30823979	30824112	69	1260	5.19	CHH
2	30983625	30984901	37	3726	0.98	CG
2	30983625	30984901	141	5579	2.47	CHG
2	30983625	30984901	285	11643	2.39	CHH
2	31445301	31445449	2	75	2.60	CG
2	31445301	31445449	11	392	2.73	CHG
2	31445301	31445449	34	1724	1.93	CHH
2	31855152	31855271	205	10	95.35	CG
2	31855152	31855271	55	21	72.37	CHG
2	31855152	31855271	106	1468	6.73	CHH
2	32524707	32526194	2505	1374	64.58	CG
2	32524707	32526194	684	3994	14.62	CHG
2	32524707	32526194	720	11583	5.85	CHH
2	33158169	33158313	241	5	97.97	CG
2	33158169	33158313	324	61	84.16	CHG
2	33158169	33158313	156	1606	8.85	CHH
2	33431516	33431954	264	16	94.29	CG
2	33431516	33431954	13	845	1.52	CHG
2	33431516	33431954	109	4855	2.20	CHH
2	33711999	33712328	89	1	98.89	CG
2	33711999	33712328	16	1024	1.54	CHG
2	33711999	33712328	175	3792	4.41	CHH
2	33834944	33835662	193	514	27.30	CG
2	33834944	33835662	27	1322	2.00	CHG
2	33834944	33835662	218	7793	2.72	CHH
2	33936933	33937065	0	69	0.00	CG
2	33936933	33937065	10	394	2.48	CHG
2	33936933	33937065	25	1493	1.65	CHH
2	34687871	34690219	853	10052	7.82	CG
2	34687871	34690219	911	7081	11.40	CHG
2	34687871	34690219	1590	22391	6.63	CHH
2	34747509	34747747	18	1	94.74	CG
2	34747509	34747747	10	7	58.82	CHG
2	34747509	34747747	4	15	21.05	CHH
2	34772462	34772598	5	270	1.82	CHG
2	34772462	34772598	52	1240	4.02	CHH
2	35300370	35300604	100	1	99.01	CG
2	35300370	35300604	6	809	0.74	CHG
2	35300370	35300604	151	3487	4.15	CHH
2	35388799	35389069	7	383	1.79	CG
2	35388799	35389069	22	791	2.71	CHG
2	35388799	35389069	64	2174	2.86	CHH
3	480369	480630	863	27	96.97	CG
3	480369	480630	16	891	1.76	CHG
3	480369	480630	100	3551	2.74	CHH
3	615186	620505	6448	7815	45.21	CG
3	615186	620505	2741	10753	20.31	CHG
3	615186	620505	3809	44768	7.84	CHH
3	1097994	1098400	1382	24	98.29	CG
3	1097994	1098400	876	173	83.51	CHG
3	1097994	1098400	578	3754	13.34	CHH
3	2922253	2922366	0	85	0.00	CG
3	2922253	2922366	1	165	0.60	CHG
3	2922253	2922366	19	1692	1.11	CHH
3	2924923	2926581	1179	274	81.14	CG
3	2924923	2926581	200	3735	5.08	CHG
3	2924923	2926581	697	17913	3.75	CHH
3	3101473	3101729	613	861	41.59	CG
3	3101473	3101729	31	906	3.31	CHG
3	3101473	3101729	68	1958	3.36	CHH
3	3782983	3787490	963	15491	5.85	CG
3	3782983	3787490	816	12229	6.26	CHG
3	3782983	3787490	1537	41739	3.55	CHH
3	4471611	4471796	8	1140	0.70	CG
3	4471611	4471796	9	711	1.25	CHG
3	4471611	4471796	49	1882	2.54	CHH
3	4501942	4502163	249	602	29.26	CG
3	4501942	4502163	194	405	32.39	CHG
3	4501942	4502163	755	792	48.80	CHH
3	4735915	4736042	4	244	1.61	CG
3	4735915	4736042	10	238	4.03	CHG
3	4735915	4736042	34	1482	2.24	CHH
3	5786527	5786697	126	2	98.44	CG
3	5786527	5786697	12	383	3.04	CHG
3	5786527	5786697	86	1640	4.98	CHH
3	5790733	5792052	2448	112	95.62	CG
3	5790733	5792052	1630	425	79.32	CHG
3	5790733	5792052	1423	9870	12.60	CHH
3	5852144	5852325	418	10	97.66	CG
3	5852144	5852325	372	60	86.11	CHG
3	5852144	5852325	436	1691	20.50	CHH
3	5861909	5862252	473	98	82.84	CG
3	5861909	5862252	31	1428	2.12	CHG
3	5861909	5862252	118	3887	2.95	CHH
3	5863529	5863616	2	202	0.98	CG
3	5863529	5863616	9	353	2.49	CHG
3	5863529	5863616	11	934	1.16	CHH
3	6119207	6119385	61	1216	4.78	CG
3	6119207	6119385	33	1074	2.98	CHG
3	6119207	6119385	59	1347	4.20	CHH
3	6727333	6727471	3	267	1.11	CG
3	6727333	6727471	7	190	3.55	CHG
3	6727333	6727471	53	1405	3.64	CHH
3	7815881	7816020	56	1950	2.79	CG
3	7815881	7816020	32	873	3.54	CHG
3	7815881	7816020	26	728	3.45	CHH
3	8124800	8125238	16	2253	0.71	CG
3	8124800	8125238	42	1319	3.09	CHG
3	8124800	8125238	68	4823	1.39	CHH
3	8292358	8296069	3433	1493	69.69	CG
3	8292358	8296069	2531	4963	33.77	CHG
3	8292358	8296069	2811	37292	7.01	CHH
3	8918282	8919468	1114	4135	21.22	CG
3	8918282	8919468	331	2687	10.97	CHG
3	8918282	8919468	1146	9952	10.33	CHH
3	8932042	8933228	867	1356	39.00	CG
3	8932042	8933228	448	886	33.58	CHG
3	8932042	8933228	588	10122	5.49	CHH
3	9007060	9007495	1964	57	97.18	CG
3	9007060	9007495	936	327	74.11	CHG
3	9007060	9007495	388	2519	13.35	CHH
3	9615393	9615681	219	1224	15.18	CG
3	9615393	9615681	42	531	7.33	CHG
3	9615393	9615681	179	2933	5.75	CHH
3	9647322	9647514	32	211	13.17	CG
3	9647322	9647514	4	489	0.81	CHG
3	9647322	9647514	35	1861	1.85	CHH
3	9661238	9663204	699	3147	18.17	CG
3	9661238	9663204	401	3327	10.76	CHG
3	9661238	9663204	1116	16323	6.40	CHH
3	9703524	9703645	1	199	0.50	CG
3	9703524	9703645	5	156	3.11	CHG
3	9703524	9703645	49	1469	3.23	CHH
3	9741411	9741728	457	83	84.63	CG
3	9741411	9741728	239	120	66.57	CHG
3	9741411	9741728	180	2093	7.92	CHH
3	9772110	9773385	2855	668	81.04	CG
3	9772110	9773385	1602	1053	60.34	CHG
3	9772110	9773385	1661	13064	11.28	CHH
3	9970758	9972750	524	7657	6.41	CG
3	9970758	9972750	309	6063	4.85	CHG
3	9970758	9972750	566	15874	3.44	CHH
3	11318102	11319164	670	655	50.57	CG
3	11318102	11319164	288	1485	16.24	CHG
3	11318102	11319164	465	8435	5.22	CHH
3	11624874	11625180	160	3	98.16	CG
3	11624874	11625180	15	978	1.51	CHG
3	11624874	11625180	97	3135	3.00	CHH
3	11762654	11762757	6	169	3.43	CG
3	11762654	11762757	3	82	3.53	CHG
3	11762654	11762757	22	916	2.35	CHH
3	12013674	12014450	724	22	97.05	CG
3	12013674	12014450	1485	224	86.89	CHG
3	12013674	12014450	507	7972	5.98	CHH
3	13326106	13326294	4	384	1.03	CG
3	13326106	13326294	18	679	2.58	CHG
3	13326106	13326294	48	1727	2.70	CHH
3	14484188	14484405	93	5	94.90	CG
3	14484188	14484405	519	38	93.18	CHG
3	14484188	14484405	199	2005	9.03	CHH
3	14495901	14496241	86	2505	3.32	CG
3	14495901	14496241	49	1099	4.27	CHG
3	14495901	14496241	71	2662	2.60	CHH
3	14633392	14633990	782	31	96.19	CG
3	14633392	14633990	405	110	78.64	CHG
3	14633392	14633990	304	6231	4.65	CHH
3	14886695	14886945	13	310	4.02	CG
3	14886695	14886945	195	131	59.82	CHG
3	14886695	14886945	1174	1235	48.73	CHH
3	15238637	15238822	255	4	98.46	CG
3	15238637	15238822	353	58	85.89	CHG
3	15238637	15238822	108	1865	5.47	CHH
3	15348429	15348696	415	9	97.88	CG
3	15348429	15348696	420	147	74.07	CHG
3	15348429	15348696	156	2917	5.08	CHH
3	15968990	15969281	24	1431	1.65	CG
3	15968990	15969281	36	1174	2.98	CHG
3	15968990	15969281	67	2637	2.48	CHH
3	16545195	16545366	176	9	95.14	CG
3	16545195	16545366	146	38	79.35	CHG
3	16545195	16545366	59	1116	5.02	CHH
3	16691128	16691290	206	9	95.81	CG
3	16691128	16691290	45	167	21.23	CHG
3	16691128	16691290	322	1138	22.05	CHH
3	18086982	18087169	1	309	0.32	CG
3	18086982	18087169	10	469	2.09	CHG
3	18086982	18087169	52	2044	2.48	CHH
3	18671229	18673244	2307	1282	64.28	CG
3	18671229	18673244	1059	2512	29.66	CHG
3	18671229	18673244	1785	19805	8.27	CHH
3	18972426	18972727	1	0	100.00	CG
3	18972426	18972727	0	1	0.00	CHG
3	18972426	18972727	0	4	0.00	CHH
3	19066610	19066885	845	21	97.58	CG
3	19066610	19066885	222	146	60.33	CHG
3	19066610	19066885	151	1258	10.72	CHH
3	19477758	19477853	186	3	98.41	CG
3	19477758	19477853	121	128	48.59	CHG
3	19477758	19477853	64	726	8.10	CHH
3	20211561	20212451	2276	77	96.73	CG
3	20211561	20212451	1799	320	84.90	CHG
3	20211561	20212451	1008	8425	10.69	CHH
3	20300032	20301332	2175	64	97.14	CG
3	20300032	20301332	2995	413	87.88	CHG
3	20300032	20301332	963	12750	7.02	CHH
3	20506153	20506547	891	28	96.95	CG
3	20506153	20506547	642	305	67.79	CHG
3	20506153	20506547	158	3957	3.84	CHH
3	20529596	20530676	2091	4395	32.24	CG
3	20529596	20530676	419	3038	12.12	CHG
3	20529596	20530676	367	6900	5.05	CHH
3	20609274	20609784	808	22	97.35	CG
3	20609274	20609784	566	147	79.38	CHG
3	20609274	20609784	351	4113	7.86	CHH
3	21045714	21046037	459	18	96.23	CG
3	21045714	21046037	244	48	83.56	CHG
3	21045714	21046037	163	3133	4.95	CHH
3	21053301	21054404	472	288	62.11	CG
3	21053301	21054404	70	1823	3.70	CHG
3	21053301	21054404	343	11733	2.84	CHH
3	21477968	21478334	606	234	72.14	CG
3	21477968	21478334	209	486	30.07	CHG
3	21477968	21478334	459	3077	12.98	CHH
3	21805912	21806253	2001	113	94.65	CG
3	21805912	21806253	355	268	56.98	CHG
3	21805912	21806253	329	2592	11.26	CHH
3	22443304	22443897	17	2978	0.57	CG
3	22443304	22443897	59	2018	2.84	CHG
3	22443304	22443897	105	5222	1.97	CHH
3	22930322	22932315	689	3622	15.98	CG
3	22930322	22932315	124	4509	2.68	CHG
3	22930322	22932315	592	20115	2.86	CHH
3	22977964	22978503	412	298	58.03	CG
3	22977964	22978503	416	740	35.99	CHG
3	22977964	22978503	747	3718	16.73	CHH
3	23158824	23162446	2471	8978	21.58	CG
3	23158824	23162446	970	6458	13.06	CHG
3	23158824	23162446	2228	30398	6.83	CHH
3	23440227	23440314	6	151	3.82	CHG
3	23440227	23440314	24	767	3.03	CHH
3	23502337	23503127	594	121	83.08	CG
3	23502337	23503127	83	587	12.39	CHG
3	23502337	23503127	1138	7043	13.91	CHH
3	24402381	24402506	20	1415	1.39	CG
3	24402381	24402506	13	434	2.91	CHG
3	24402381	24402506	28	908	2.99	CHH
3	24697252	24697403	0	187	0.00	CG
3	24697252	24697403	6	374	1.58	CHG
3	24697252	24697403	31	1698	1.79	CHH
3	25124576	25125712	1582	711	68.99	CG
3	25124576	25125712	727	840	46.39	CHG
3	25124576	25125712	3347	8438	28.40	CHH
3	25238096	25238349	212	74	74.13	CG
3	25238096	25238349	2	703	0.28	CHG
3	25238096	25238349	61	2451	2.43	CHH
3	26463242	26463534	220	590	27.16	CG
3	26463242	26463534	63	764	7.62	CHG
3	26463242	26463534	129	1727	6.95	CHH
3	28036385	28036532	12	524	2.24	CG
3	28036385	28036532	22	488	4.31	CHG
3	28036385	28036532	61	1336	4.37	CHH
3	28421210	28421588	7	733	0.95	CG
3	28421210	28421588	40	1258	3.08	CHG
3	28421210	28421588	155	4144	3.61	CHH
3	28828352	28828674	154	151	50.49	CG
3	28828352	28828674	2	105	1.87	CHG
3	28828352	28828674	399	2803	12.46	CHH
3	28883667	28884002	80	72	52.63	CG
3	28883667	28884002	36	362	9.05	CHG
3	28883667	28884002	82	2885	2.76	CHH
3	28999678	28999814	81	88	47.93	CG
3	28999678	28999814	86	77	52.76	CHG
3	28999678	28999814	262	887	22.80	CHH
3	29036320	29036527	1663	60	96.52	CG
3	29036320	29036527	139	354	28.19	CHG
3	29036320	29036527	215	1079	16.62	CHH
3	29048284	29048488	1619	22	98.66	CG
3	29048284	29048488	1050	315	76.92	CHG
3	29048284	29048488	229	1148	16.63	CHH
3	29804060	29804313	0	404	0.00	CG
3	29804060	29804313	23	880	2.55	CHG
3	29804060	29804313	48	2769	1.70	CHH
3	31242980	31243426	1862	31	98.36	CG
3	31242980	31243426	975	217	81.80	CHG
3	31242980	31243426	316	1952	13.93	CHH
3	31550060	31550292	606	100	85.84	CG
3	31550060	31550292	193	162	54.37	CHG
3	31550060	31550292	206	1929	9.65	CHH
3	32992420	32993458	614	865	41.51	CG
3	32992420	32993458	226	1013	18.24	CHG
3	32992420	32993458	495	8527	5.49	CHH
3	33907932	33908490	24	244	8.96	CG
3	33907932	33908490	46	1656	2.70	CHG
3	33907932	33908490	146	6442	2.22	CHH
3	34241449	34241654	1	311	0.32	CG
3	34241449	34241654	37	861	4.12	CHG
3	34241449	34241654	31	2098	1.46	CHH
3	34254363	34255907	785	2906	21.27	CG
3	34254363	34255907	263	4718	5.28	CHG
3	34254363	34255907	1192	14057	7.82	CHH
3	34833000	34833309	1134	54	95.45	CG
3	34833000	34833309	659	217	75.23	CHG
3	34833000	34833309	386	1820	17.50	CHH
3	35110086	35110256	76	1	98.70	CG
3	35110086	35110256	1	245	0.41	CHG
3	35110086	35110256	41	1735	2.31	CHH
3	35180241	35180554	255	11	95.86	CG
3	35180241	35180554	27	909	2.88	CHG
3	35180241	35180554	111	3474	3.10	CHH
3	35917041	35917731	1325	520	71.82	CG
3	35917041	35917731	413	814	33.66	CHG
3	35917041	35917731	722	5941	10.84	CHH
3	36048993	36049255	8	307	2.54	CG
3	36048993	36049255	26	524	4.73	CHG
3	36048993	36049255	72	1821	3.80	CHH
3	36390761	36392058	135	4944	2.66	CG
3	36390761	36392058	155	3608	4.12	CHG
3	36390761	36392058	337	11315	2.89	CHH
4	2128481	2128855	416	24	94.55	CG
4	2128481	2128855	121	278	30.33	CHG
4	2128481	2128855	388	3350	10.38	CHH
4	2540394	2540485	159	50	76.08	CG
4	2540394	2540485	156	71	68.72	CHG
4	2540394	2540485	22	606	3.50	CHH
4	3036997	3037085	370	10	97.37	CG
4	3036997	3037085	105	104	50.24	CHG
4	3036997	3037085	36	325	9.97	CHH
4	3390058	3390156	3	0	100.00	CG
4	3390058	3390156	1	0	100.00	CHG
4	3390058	3390156	0	1	0.00	CHH
4	4049820	4050064	544	18	96.80	CG
4	4049820	4050064	348	118	74.68	CHG
4	4049820	4050064	144	2049	6.57	CHH
4	4695559	4695777	622	18	97.19	CG
4	4695559	4695777	210	151	58.17	CHG
4	4695559	4695777	82	1116	6.84	CHH
4	5205473	5206792	3244	132	96.09	CG
4	5205473	5206792	2081	636	76.59	CHG
4	5205473	5206792	853	11379	6.97	CHH
4	5370300	5370990	903	19	97.94	CG
4	5370300	5370990	572	140	80.34	CHG
4	5370300	5370990	89	1608	5.24	CHH
4	7250146	7253105	2191	11002	16.61	CG
4	7250146	7253105	1942	6174	23.93	CHG
4	7250146	7253105	1326	25664	4.91	CHH
4	7946934	7947116	335	7	97.95	CG
4	7946934	7947116	200	110	64.52	CHG
4	7946934	7947116	66	1254	5.00	CHH
4	7976120	7976768	8	307	2.54	CG
4	7976120	7976768	25	814	2.98	CHG
4	7976120	7976768	79	3216	2.40	CHH
4	7998972	7999131	0	97	0.00	CG
4	7998972	7999131	19	194	8.92	CHG
4	7998972	7999131	36	1323	2.65	CHH
4	9504426	9506750	3895	266	93.61	CG
4	9504426	9506750	2920	1644	63.98	CHG
4	9504426	9506750	920	22039	4.01	CHH
4	10597218	10597775	1372	56	96.08	CG
4	10597218	10597775	1867	335	84.79	CHG
4	10597218	10597775	259	4667	5.26	CHH
4	11254426	11254603	0	293	0.00	CG
4	11254426	11254603	12	527	2.23	CHG
4	11254426	11254603	62	2349	2.57	CHH
4	11479976	11481063	113	971	10.42	CG
4	11479976	11481063	54	1909	2.75	CHG
4	11479976	11481063	319	11267	2.75	CHH
4	12511724	12511877	156	9	94.55	CG
4	12511724	12511877	469	105	81.71	CHG
4	12511724	12511877	109	1699	6.03	CHH
4	12570254	12573173	5142	96	98.17	CG
4	12570254	12573173	6766	1238	84.53	CHG
4	12570254	12573173	1819	29534	5.80	CHH
4	14336636	14336825	374	2	99.47	CG
4	14336636	14336825	351	117	75.00	CHG
4	14336636	14336825	75	1175	6.00	CHH
4	15422154	15422563	357	12	96.75	CG
4	15422154	15422563	384	129	74.85	CHG
4	15422154	15422563	719	2975	19.46	CHH
4	15927777	15928107	24	984	2.38	CG
4	15927777	15928107	21	896	2.29	CHG
4	15927777	15928107	130	3269	3.82	CHH
4	16377949	16378038	285	5	98.28	CG
4	16377949	16378038	222	65	77.35	CHG
4	16377949	16378038	60	808	6.91	CHH
4	16429861	16430118	299	8	97.39	CG
4	16429861	16430118	525	81	86.63	CHG
4	16429861	16430118	191	2274	7.75	CHH
4	16739824	16740091	686	11	98.42	CG
4	16739824	16740091	170	127	57.24	CHG
4	16739824	16740091	64	1706	3.62	CHH
4	16870850	16871033	257	5	98.09	CG
4	16870850	16871033	2	83	2.35	CHG
4	16870850	16871033	67	2247	2.90	CHH
4	16929303	16929386	28	130	17.72	CG
4	16929303	16929386	1	36	2.70	CHG
4	16929303	16929386	20	811	2.41	CHH
4	18861290	18861421	135	4	97.12	CG
4	18861290	18861421	82	17	82.83	CHG
4	18861290	18861421	631	572	52.45	CHH
4	18879559	18879953	2121	53	97.56	CG
4	18879559	18879953	1335	357	78.90	CHG
4	18879559	18879953	333	2668	11.10	CHH
4	19594453	19594613	1	167	0.60	CG
4	19594453	19594613	5	413	1.20	CHG
4	19594453	19594613	94	842	10.04	CHH
4	21836525	21836740	1	496	0.20	CG
4	21836525	21836740	14	860	1.60	CHG
4	21836525	21836740	46	2412	1.87	CHH
4	22149701	22149888	17	1302	1.29	CG
4	22149701	22149888	21	534	3.78	CHG
4	22149701	22149888	44	1827	2.35	CHH
4	24463582	24463728	2	280	0.71	CG
4	24463582	24463728	0	217	0.00	CHG
4	24463582	24463728	22	1401	1.55	CHH
4	24879051	24879296	3	81	3.57	CG
4	24879051	24879296	17	1370	1.23	CHG
4	24879051	24879296	78	2426	3.12	CHH
4	25700367	25700823	3117	54	98.30	CG
4	25700367	25700823	1258	524	70.59	CHG
4	25700367	25700823	732	4531	13.91	CHH
4	26025305	26025523	180	7	96.26	CG
4	26025305	26025523	9	696	1.28	CHG
4	26025305	26025523	35	2426	1.42	CHH
4	26125746	26125921	212	8	96.36	CG
4	26125746	26125921	162	52	75.70	CHG
4	26125746	26125921	150	1849	7.50	CHH
4	28854448	28854672	21	801	2.55	CG
4	28854448	28854672	16	350	4.37	CHG
4	28854448	28854672	77	1573	4.67	CHH
4	31600862	31601333	1187	18	98.51	CG
4	31600862	31601333	1088	355	75.40	CHG
4	31600862	31601333	295	4062	6.77	CHH
4	32665225	32665685	43	2592	1.63	CG
4	32665225	32665685	75	1923	3.75	CHG
4	32665225	32665685	158	4366	3.49	CHH
4	32845260	32845468	256	9	96.60	CG
4	32845260	32845468	19	792	2.34	CHG
4	32845260	32845468	71	2583	2.68	CHH
4	32907649	32907913	816	34	96.00	CG
4	32907649	32907913	1002	135	88.13	CHG
4	32907649	32907913	255	3163	7.46	CHH
4	32976630	32976775	2	222	0.89	CG
4	32976630	32976775	10	247	3.89	CHG
4	32976630	32976775	21	1389	1.49	CHH
4	33538001	33538284	242	4	98.37	CG
4	33538001	33538284	280	29	90.61	CHG
4	33538001	33538284	107	821	11.53	CHH
5	22552	22704	289	4	98.63	CG
5	22552	22704	163	37	81.50	CHG
5	22552	22704	67	936	6.68	CHH
5	167915	169390	1202	294	80.35	CG
5	167915	169390	338	586	36.58	CHG
5	167915	169390	705	12364	5.39	CHH
5	802197	802307	1	150	0.66	CG
5	802197	802307	1	269	0.37	CHG
5	802197	802307	14	1545	0.90	CHH
5	1555477	1555743	257	12	95.54	CG
5	1555477	1555743	8	827	0.96	CHG
5	1555477	1555743	76	3366	2.21	CHH
5	1623822	1624065	1424	15	98.96	CG
5	1623822	1624065	656	190	77.54	CHG
5	1623822	1624065	213	832	20.38	CHH
5	1649481	1650024	2514	45	98.24	CG
5	1649481	1650024	1116	729	60.49	CHG
5	1649481	1650024	517	6392	7.48	CHH
5	2535968	2537410	363	6495	5.29	CG
5	2535968	2537410	147	4792	2.98	CHG
5	2535968	2537410	387	15112	2.50	CHH
5	3201536	3202094	110	321	25.52	CG
5	3201536	3202094	218	692	23.96	CHG
5	3201536	3202094	749	4770	13.57	CHH
5	3642042	3642277	878	19	97.88	CG
5	3642042	3642277	163	166	49.54	CHG
5	3642042	3642277	132	1768	6.95	CHH
5	4042346	4043559	1350	27	98.04	CG
5	4042346	4043559	872	270	76.36	CHG
5	4042346	4043559	247	3841	6.04	CHH
5	5042999	5043643	159	6	96.36	CG
5	5042999	5043643	75	17	81.52	CHG
5	5042999	5043643	42	901	4.45	CHH
5	6697788	6698020	324	11	96.72	CG
5	6697788	6698020	17	486	3.38	CHG
5	6697788	6698020	56	2578	2.13	CHH
5	8888812	8888977	141	12	92.16	CG
5	8888812	8888977	463	59	88.70	CHG
5	8888812	8888977	106	1282	7.64	CHH
5	9364313	9364413	704	19	97.37	CG
5	9364313	9364413	430	141	75.31	CHG
5	9364313	9364413	119	842	12.38	CHH
5	12809268	12809477	832	28	96.74	CG
5	12809268	12809477	284	166	63.11	CHG
5	12809268	12809477	105	928	10.16	CHH
5	13857407	13857542	1041	17	98.39	CG
5	13857407	13857542	259	101	71.94	CHG
5	13857407	13857542	164	1099	12.98	CHH
5	14246535	14246708	2	165	1.20	CG
5	14246535	14246708	2	82	2.38	CHG
5	14246535	14246708	71	2784	2.49	CHH
5	15249273	15249609	973	28	97.20	CG
5	15249273	15249609	550	199	73.43	CHG
5	15249273	15249609	242	3354	6.73	CHH
5	15263881	15264136	1534	19	98.78	CG
5	15263881	15264136	740	306	70.75	CHG
5	15263881	15264136	202	1711	10.56	CHH
5	15295856	15296058	515	13	97.54	CG
5	15295856	15296058	211	73	74.30	CHG
5	15295856	15296058	32	821	3.75	CHH
5	15380224	15380482	62	2	96.88	CG
5	15380224	15380482	89	9	90.82	CHG
5	15380224	15380482	34	163	17.26	CHH
5	16141049	16142222	2803	57	98.01	CG
5	16141049	16142222	1938	296	86.75	CHG
5	16141049	16142222	735	10715	6.42	CHH
5	16604726	16607053	3859	287	93.08	CG
5	16604726	16607053	2129	1351	61.18	CHG
5	16604726	16607053	1665	21774	7.10	CHH
5	16695358	16697204	2209	1586	58.21	CG
5	16695358	16697204	2050	1596	56.23	CHG
5	16695358	16697204	1396	14912	8.56	CHH
5	17145149	17145240	0	74	0.00	CG
5	17145149	17145240	19	813	2.28	CHH
5	17275880	17277194	1251	1213	50.77	CG
5	17275880	17277194	184	2826	6.11	CHG
5	17275880	17277194	598	12451	4.58	CHH
5	18555974	18556911	1875	409	82.09	CG
5	18555974	18556911	764	740	50.80	CHG
5	18555974	18556911	508	10828	4.48	CHH
5	18614365	18615227	2858	53	98.18	CG
5	18614365	18615227	1309	512	71.88	CHG
5	18614365	18615227	1137	6679	14.55	CHH
5	19082868	19087589	2868	5724	33.38	CG
5	19082868	19087589	548	12552	4.18	CHG
5	19082868	19087589	2019	46788	4.14	CHH
5	19475239	19475452	9	491	1.80	CG
5	19475239	19475452	21	747	2.73	CHG
5	19475239	19475452	77	2359	3.16	CHH
5	19550564	19550779	45	115	28.12	CHG
5	19550564	19550779	183	2281	7.43	CHH
5	19686229	19688559	1859	4094	31.23	CG
5	19686229	19688559	1239	2972	29.42	CHG
5	19686229	19688559	1507	18990	7.35	CHH
5	20197683	20197907	12	1387	0.86	CG
5	20197683	20197907	19	793	2.34	CHG
5	20197683	20197907	27	1435	1.85	CHH
5	20639725	20640817	1271	115	91.70	CG
5	20639725	20640817	155	3047	4.84	CHG
5	20639725	20640817	285	10727	2.59	CHH
5	21196473	21196736	242	6	97.58	CG
5	21196473	21196736	368	31	92.23	CHG
5	21196473	21196736	287	3202	8.23	CHH
5	21222554	21222810	131	69	65.50	CHG
5	21222554	21222810	93	1926	4.61	CHH
5	21231311	21231463	0	723	0.00	CG
5	21231311	21231463	16	617	2.53	CHG
5	21231311	21231463	11	1162	0.94	CHH
5	21771662	21772418	1215	323	79.00	CG
5	21771662	21772418	976	639	60.43	CHG
5	21771662	21772418	426	5570	7.10	CHH
5	22632027	22632224	10	977	1.01	CG
5	22632027	22632224	15	852	1.73	CHG
5	22632027	22632224	36	1570	2.24	CHH
5	23446330	23446424	9	0	100.00	CG
5	23446330	23446424	13	45	22.41	CHH
5	23498602	23498699	146	6	96.05	CG
5	23498602	23498699	69	5	93.24	CHG
5	23498602	23498699	792	475	62.51	CHH
5	23589096	23589233	0	347	0.00	CHG
5	23589096	23589233	28	1793	1.54	CHH
5	23597717	23597952	1	129	0.77	CG
5	23597717	23597952	8	314	2.48	CHG
5	23597717	23597952	53	1908	2.70	CHH
5	23799970	23800819	121	3621	3.23	CG
5	23799970	23800819	101	3006	3.25	CHG
5	23799970	23800819	203	8503	2.33	CHH
5	24767463	24767619	11	971	1.12	CG
5	24767463	24767619	9	284	3.07	CHG
5	24767463	24767619	21	1201	1.72	CHH
5	24958493	24960927	1697	1919	46.93	CG
5	24958493	24960927	323	5214	5.83	CHG
5	24958493	24960927	838	24856	3.26	CHH
5	25117789	25118255	116	3131	3.57	CG
5	25117789	25118255	59	1413	4.01	CHG
5	25117789	25118255	100	3392	2.86	CHH
5	25683760	25686062	1378	10010	12.10	CG
5	25683760	25686062	906	7825	10.38	CHG
5	25683760	25686062	2037	15819	11.41	CHH
5	25916431	25917101	1191	32	97.38	CG
5	25916431	25917101	757	327	69.83	CHG
5	25916431	25917101	1142	6195	15.56	CHH
5	26920490	26922938	46	4284	1.06	CG
5	26920490	26922938	236	8305	2.76	CHG
5	26920490	26922938	703	25007	2.73	CHH
5	27294148	27294484	20	1165	1.69	CG
5	27294148	27294484	36	762	4.51	CHG
5	27294148	27294484	96	2762	3.36	CHH
5	27692643	27692794	2	670	0.30	CG
5	27692643	27692794	1	679	0.15	CHG
5	27692643	27692794	36	1641	2.15	CHH
5	28353397	28355104	2085	336	86.12	CG
5	28353397	28355104	234	3759	5.86	CHG
5	28353397	28355104	577	16699	3.34	CHH
5	28438764	28438936	262	5	98.13	CG
5	28438764	28438936	327	42	88.62	CHG
5	28438764	28438936	88	1066	7.63	CHH
5	29278792	29278999	152	4	97.44	CG
5	29278792	29278999	108	4	96.43	CHG
5	29278792	29278999	32	600	5.06	CHH
5	29368004	29368261	224	7	96.97	CG
5	29368004	29368261	447	37	92.36	CHG
5	29368004	29368261	230	2859	7.45	CHH
5	29393677	29395023	724	18	97.57	CG
5	29393677	29395023	649	85	88.42	CHG
5	29393677	29395023	178	1863	8.72	CHH
5	29485227	29485510	424	337	55.72	CG
5	29485227	29485510	129	638	16.82	CHG
5	29485227	29485510	135	2801	4.60	CHH
6	247291	247913	34	2262	1.48	CG
6	247291	247913	62	1779	3.37	CHG
6	247291	247913	148	6108	2.37	CHH
6	368015	368245	1	448	0.22	CG
6	368015	368245	17	546	3.02	CHG
6	368015	368245	37	2107	1.73	CHH
6	521167	522087	302	1446	17.28	CG
6	521167	522087	118	1297	8.34	CHG
6	521167	522087	853	7552	10.15	CHH
6	813527	813697	151	0	100.00	CG
6	813527	813697	4	417	0.95	CHG
6	813527	813697	68	2231	2.96	CHH
6	958185	960061	3246	1560	67.54	CG
6	958185	960061	1271	1409	47.43	CHG
6	958185	960061	1008	12138	7.67	CHH
6	1267865	1268035	1174	23	98.08	CG
6	1267865	1268035	595	170	77.78	CHG
6	1267865	1268035	135	1474	8.39	CHH
6	2300838	2300945	0	255	0.00	CG
6	2300838	2300945	22	445	4.71	CHG
6	2300838	2300945	45	1394	3.13	CHH
6	3639180	3639309	7	347	1.98	CG
6	3639180	3639309	3	403	0.74	CHG
6	3639180	3639309	50	1422	3.40	CHH
6	3944739	3945664	416	663	38.55	CG
6	3944739	3945664	516	898	36.49	CHG
6	3944739	3945664	770	8336	8.46	CHH
6	4300749	4300941	509	14	97.32	CG
6	4300749	4300941	184	174	51.40	CHG
6	4300749	4300941	193	2013	8.75	CHH
6	4553472	4553595	551	9	98.39	CG
6	4553472	4553595	121	78	60.80	CHG
6	4553472	4553595	115	585	16.43	CHH
6	4806070	4806315	88	1043	7.78	CG
6	4806070	4806315	31	508	5.75	CHG
6	4806070	4806315	85	1990	4.10	CHH
6	5243918	5246329	2329	2612	47.14	CG
6	5243918	5246329	323	8149	3.81	CHG
6	5243918	5246329	738	25387	2.82	CHH
6	5335954	5337126	970	1448	40.12	CG
6	5335954	5337126	576	1318	30.41	CHG
6	5335954	5337126	1622	7114	18.57	CHH
6	6556692	6557000	8	1151	0.69	CG
6	6556692	6557000	11	678	1.60	CHG
6	6556692	6557000	48	2241	2.10	CHH
6	7262284	7262394	11	273	3.87	CHG
6	7262284	7262394	23	1039	2.17	CHH
6	7296360	7297580	570	32	94.68	CG
6	7296360	7297580	462	125	78.71	CHG
6	7296360	7297580	189	2360	7.41	CHH
6	7450229	7452500	3349	553	85.83	CG
6	7450229	7452500	2338	1165	66.74	CHG
6	7450229	7452500	2029	16841	10.75	CHH
6	8010667	8010997	1078	32	97.12	CG
6	8010667	8010997	658	304	68.40	CHG
6	8010667	8010997	245	2666	8.42	CHH
6	8383109	8385458	1753	9754	15.23	CG
6	8383109	8385458	931	4996	15.71	CHG
6	8383109	8385458	939	19758	4.54	CHH
6	8415805	8416695	1802	24	98.69	CG
6	8415805	8416695	1432	460	75.69	CHG
6	8415805	8416695	615	8116	7.04	CHH
6	8434419	8434622	417	10	97.66	CG
6	8434419	8434622	489	131	78.87	CHG
6	8434419	8434622	285	979	22.55	CHH
6	9748876	9749062	529	313	62.83	CG
6	9748876	9749062	15	285	5.00	CHG
6	9748876	9749062	130	1935	6.30	CHH
6	9753551	9753693	76	0	100.00	CG
6	9753551	9753693	103	16	86.55	CHG
6	9753551	9753693	64	336	16.00	CHH
6	10075237	10075575	739	14	98.14	CG
6	10075237	10075575	1149	202	85.05	CHG
6	10075237	10075575	332	2778	10.68	CHH
6	10093461	10093858	816	27	96.80	CG
6	10093461	10093858	414	329	55.72	CHG
6	10093461	10093858	229	4232	5.13	CHH
6	10113029	10113177	259	3	98.85	CG
6	10113029	10113177	128	49	72.32	CHG
6	10113029	10113177	292	929	23.91	CHH
6	10217891	10218933	1914	65	96.72	CG
6	10217891	10218933	2143	384	84.80	CHG
6	10217891	10218933	512	8696	5.56	CHH
6	11173234	11173456	70	98	41.67	CG
6	11173234	11173456	773	1159	40.01	CHH
6	11608473	11613132	8042	1715	82.42	CG
6	11608473	11613132	5513	4259	56.42	CHG
6	11608473	11613132	3779	32553	10.40	CHH
6	11851633	11851862	203	6	97.13	CG
6	11851633	11851862	517	125	80.53	CHG
6	11851633	11851862	109	2304	4.52	CHH
6	14122214	14122520	536	23	95.89	CG
6	14122214	14122520	616	124	83.24	CHG
6	14122214	14122520	347	1989	14.85	CHH
6	14227883	14228030	280	12	95.89	CG
6	14227883	14228030	150	58	72.12	CHG
6	14227883	14228030	100	1183	7.79	CHH
6	14470606	14472078	3191	80	97.55	CG
6	14470606	14472078	3268	483	87.12	CHG
6	14470606	14472078	1216	11386	9.65	CHH
6	14807254	14809068	3545	1056	77.05	CG
6	14807254	14809068	2991	1930	60.78	CHG
6	14807254	14809068	2558	17671	12.65	CHH
6	14821713	14821802	156	4	97.50	CG
6	14821713	14821802	346	14	96.11	CHG
6	14821713	14821802	71	835	7.84	CHH
6	14830897	14831902	1544	31	98.03	CG
6	14830897	14831902	2279	296	88.50	CHG
6	14830897	14831902	488	9540	4.87	CHH
6	14905971	14906794	1772	44	97.58	CG
6	14905971	14906794	1759	165	91.42	CHG
6	14905971	14906794	543	5795	8.57	CHH
6	15103747	15105627	3003	84	97.28	CG
6	15103747	15105627	2384	547	81.34	CHG
6	15103747	15105627	1140	19546	5.51	CHH
6	15441362	15441506	6034	384	94.02	CG
6	15441362	15441506	616	402	60.51	CHG
6	15441362	15441506	796	7911	9.14	CHH
6	15563454	15563591	141	1	99.30	CG
6	15563454	15563591	199	25	88.84	CHG
6	15563454	15563591	53	905	5.53	CHH
6	16686020	16686529	1323	29	97.86	CG
6	16686020	16686529	595	135	81.51	CHG
6	16686020	16686529	165	4069	3.90	CHH
6	17158669	17158861	373	79	82.52	CG
6	17158669	17158861	8	323	2.42	CHG
6	17158669	17158861	101	1889	5.08	CHH
6	17199198	17199462	209	23	90.09	CG
6	17199198	17199462	26	34	43.33	CHG
6	17199198	17199462	161	1591	9.19	CHH
6	17345586	17347256	6226	126	98.02	CG
6	17345586	17347256	3164	913	77.61	CHG
6	17345586	17347256	1647	15292	9.72	CHH
6	17660877	17661057	379	15	96.19	CG
6	17660877	17661057	492	88	84.83	CHG
6	17660877	17661057	90	1578	5.40	CHH
6	18643334	18643833	441	20	95.66	CG
6	18643334	18643833	175	158	52.55	CHG
6	18643334	18643833	31	303	9.28	CHH
6	18777954	18779043	1798	64	96.56	CG
6	18777954	18779043	978	285	77.43	CHG
6	18777954	18779043	543	10513	4.91	CHH
6	18810122	18813496	7383	1038	87.67	CG
6	18810122	18813496	3082	4126	42.76	CHG
6	18810122	18813496	1467	30537	4.58	CHH
6	19312818	19314797	4346	2401	64.41	CG
6	19312818	19314797	1948	2514	43.66	CHG
6	19312818	19314797	2202	20220	9.82	CHH
6	20357482	20357681	619	22	96.57	CG
6	20357482	20357681	264	141	65.19	CHG
6	20357482	20357681	92	2251	3.93	CHH
6	20439044	20439654	22	802	2.67	CG
6	20439044	20439654	78	1798	4.16	CHG
6	20439044	20439654	171	5052	3.27	CHH
6	21127919	21128043	434	11	97.53	CG
6	21127919	21128043	6	27	18.18	CHG
6	21127919	21128043	118	1035	10.23	CHH
6	21587628	21587841	230	14	94.26	CG
6	21587628	21587841	170	20	89.47	CHG
6	21587628	21587841	279	1541	15.33	CHH
6	22156671	22156886	11	880	1.23	CG
6	22156671	22156886	10	627	1.57	CHG
6	22156671	22156886	65	2795	2.27	CHH
6	22194216	22196915	3570	1148	75.67	CG
6	22194216	22196915	1631	4014	28.89	CHG
6	22194216	22196915	979	26560	3.55	CHH
6	22609287	22612484	4964	3295	60.10	CG
6	22609287	22612484	2775	3804	42.18	CHG
6	22609287	22612484	4974	22493	18.11	CHH
6	22611980	22612934	396	845	31.91	CG
6	22611980	22612934	366	545	40.18	CHG
6	22611980	22612934	1222	3136	28.04	CHH
6	23257492	23257741	1491	25	98.35	CG
6	23257492	23257741	615	154	79.97	CHG
6	23257492	23257741	303	1212	20.00	CHH
6	23764410	23764702	70	3	95.89	CG
6	23764410	23764702	29	8	78.38	CHG
6	23764410	23764702	157	3742	4.03	CHH
6	23867262	23869017	487	8236	5.58	CG
6	23867262	23869017	841	4364	16.16	CHG
6	23867262	23869017	1249	15170	7.61	CHH
6	24469529	24469704	147	6	96.08	CG
6	24469529	24469704	512	26	95.17	CHG
6	24469529	24469704	123	1733	6.63	CHH
6	26027042	26027922	870	64	93.15	CG
6	26027042	26027922	232	653	26.21	CHG
6	26027042	26027922	306	7125	4.12	CHH
6	27428621	27432072	2522	5268	32.37	CG
6	27428621	27432072	781	9155	7.86	CHG
6	27428621	27432072	1617	31203	4.93	CHH
6	27581080	27581338	998	23	97.75	CG
6	27581080	27581338	549	145	79.11	CHG
6	27581080	27581338	464	2376	16.34	CHH
6	27924772	27924989	202	9	95.73	CG
6	27924772	27924989	17	761	2.19	CHG
6	27924772	27924989	51	1745	2.84	CHH
6	28789509	28791244	665	1436	31.65	CG
6	28789509	28791244	224	4533	4.71	CHG
6	28789509	28791244	726	17970	3.88	CHH
6	28955148	28955268	7	295	2.32	CHG
6	28955148	28955268	31	1206	2.51	CHH
6	29172271	29175087	1487	720	67.38	CG
6	29172271	29175087	182	8245	2.16	CHG
6	29172271	29175087	933	31129	2.91	CHH
6	30516258	30516520	161	381	29.70	CG
6	30516258	30516520	39	221	15.00	CHG
6	30516258	30516520	293	1698	14.72	CHH
6	31188015	31188697	259	108	70.57	CG
6	31188015	31188697	35	2065	1.67	CHG
6	31188015	31188697	132	8315	1.56	CHH
6	31222643	31224540	2472	51	97.98	CG
6	31222643	31224540	212	4024	5.00	CHG
6	31222643	31224540	818	16995	4.59	CHH
7	411438	411715	602	29	95.40	CG
7	411438	411715	392	532	42.42	CHG
7	411438	411715	212	2795	7.05	CHH
7	993029	993215	9	256	3.40	CG
7	993029	993215	32	452	6.61	CHG
7	993029	993215	47	1904	2.41	CHH
7	1846760	1848970	2649	519	83.62	CG
7	1846760	1848970	160	6103	2.55	CHG
7	1846760	1848970	716	24352	2.86	CHH
7	2224488	2225213	123	2179	5.34	CG
7	2224488	2225213	81	1731	4.47	CHG
7	2224488	2225213	191	5588	3.31	CHH
7	2447769	2451203	2790	9908	21.97	CG
7	2447769	2451203	1202	8203	12.78	CHG
7	2447769	2451203	2884	28842	9.09	CHH
7	2483423	2483554	393	87	81.88	CG
7	2483423	2483554	93	64	59.24	CHG
7	2483423	2483554	216	552	28.12	CHH
7	2618288	2618484	171	9	95.00	CG
7	2618288	2618484	5	70	6.67	CHG
7	2618288	2618484	70	1861	3.63	CHH
7	2946799	2949545	1656	6664	19.90	CG
7	2946799	2949545	187	8541	2.14	CHG
7	2946799	2949545	656	27860	2.30	CHH
7	3992526	3992733	214	12	94.69	CG
7	3992526	3992733	10	778	1.27	CHG
7	3992526	3992733	37	2415	1.51	CHH
7	4299561	4299774	204	254	44.54	CG
7	4299561	4299774	25	269	8.50	CHG
7	4299561	4299774	49	1670	2.85	CHH
7	4594741	4595750	322	1953	14.15	CG
7	4594741	4595750	103	2896	3.43	CHG
7	4594741	4595750	360	12358	2.83	CHH
7	4802020	4804153	219	3292	6.24	CG
7	4802020	4804153	213	2491	7.88	CHG
7	4802020	4804153	612	20110	2.95	CHH
7	5473306	5473520	94	7	93.07	CG
7	5473306	5473520	86	9	90.53	CHG
7	5473306	5473520	64	1707	3.61	CHH
7	6327476	6328339	1749	49	97.27	CG
7	6327476	6328339	1247	241	83.80	CHG
7	6327476	6328339	343	5257	6.12	CHH
7	6575263	6575711	2	267	0.74	CG
7	6575263	6575711	12	84	12.50	CHG
7	6575263	6575711	134	5415	2.41	CHH
7	6605103	6605624	2958	47	98.44	CG
7	6605103	6605624	924	947	49.39	CHG
7	6605103	6605624	324	5400	5.66	CHH
7	6829453	6829599	26	318	7.56	CHG
7	6829453	6829599	56	2030	2.68	CHH
7	6919655	6920441	1771	339	83.93	CG
7	6919655	6920441	1335	1075	55.39	CHG
7	6919655	6920441	386	6456	5.64	CHH
7	7348687	7348951	87	2	97.75	CG
7	7348687	7348951	9	397	2.22	CHG
7	7348687	7348951	72	2908	2.42	CHH
7	7538627	7540224	1578	654	70.70	CG
7	7538627	7540224	634	1203	34.51	CHG
7	7538627	7540224	1003	12672	7.33	CHH
7	7676619	7677136	663	7	98.96	CG
7	7676619	7677136	647	87	88.15	CHG
7	7676619	7677136	304	4041	7.00	CHH
7	7868604	7868899	1376	28	98.01	CG
7	7868604	7868899	802	273	74.60	CHG
7	7868604	7868899	152	2868	5.03	CHH
7	7896981	7897138	58	0	100.00	CG
7	7896981	7897138	465	30	93.94	CHG
7	7896981	7897138	98	1540	5.98	CHH
7	7950410	7951127	233	3236	6.72	CG
7	7950410	7951127	134	1975	6.35	CHG
7	7950410	7951127	536	5183	9.37	CHH
7	8994834	8994985	454	14	97.01	CG
7	8994834	8994985	30	623	4.59	CHG
7	8994834	8994985	43	1486	2.81	CHH
7	9688947	9691039	1753	5968	22.70	CG
7	9688947	9691039	1946	3081	38.71	CHG
7	9688947	9691039	861	15774	5.18	CHH
7	10365529	10365796	1075	19	98.26	CG
7	10365529	10365796	215	19	91.88	CHG
7	10365529	10365796	141	2101	6.29	CHH
7	10449611	10449795	272	14	95.10	CG
7	10449611	10449795	273	44	86.12	CHG
7	10449611	10449795	77	2035	3.65	CHH
7	10549868	10550083	220	7	96.92	CG
7	10549868	10550083	158	113	58.30	CHG
7	10549868	10550083	120	1919	5.89	CHH
7	10635123	10635434	497	270	64.80	CG
7	10635123	10635434	618	205	75.09	CHG
7	10635123	10635434	1178	2029	36.73	CHH
7	10877526	10878054	2640	42	98.43	CG
7	10877526	10878054	815	323	71.62	CHG
7	10877526	10878054	354	2756	11.38	CHH
7	11466967	11467449	1114	25	97.81	CG
7	11466967	11467449	662	143	82.24	CHG
7	11466967	11467449	203	3661	5.25	CHH
7	11601703	11602144	429	10	97.72	CG
7	11601703	11602144	413	84	83.10	CHG
7	11601703	11602144	315	4911	6.03	CHH
7	11983577	11984979	1198	119	90.96	CG
7	11983577	11984979	1121	629	64.06	CHG
7	11983577	11984979	581	12655	4.39	CHH
7	12411232	12411465	216	0	100.00	CG
7	12411232	12411465	127	66	65.80	CHG
7	12411232	12411465	22	192	10.28	CHH
7	12792717	12792888	126	8	94.03	CG
7	12792717	12792888	178	34	83.96	CHG
7	12792717	12792888	93	1216	7.10	CHH
7	12807464	12807960	652	31	95.46	CG
7	12807464	12807960	924	400	69.79	CHG
7	12807464	12807960	307	6614	4.44	CHH
7	13460211	13460326	491	3	99.39	CG
7	13460211	13460326	74	97	43.27	CHG
7	13460211	13460326	65	401	13.95	CHH
7	15065372	15067232	3351	94	97.27	CG
7	15065372	15067232	3327	660	83.45	CHG
7	15065372	15067232	1006	19936	4.80	CHH
7	15194897	15195154	3	146	2.01	CG
7	15194897	15195154	2	159	1.24	CHG
7	15194897	15195154	31	2467	1.24	CHH
7	15838174	15840597	2361	2740	46.29	CG
7	15838174	15840597	832	3060	21.38	CHG
7	15838174	15840597	2179	19546	10.03	CHH
7	16417756	16417995	227	11	95.38	CG
7	16417756	16417995	97	54	64.24	CHG
7	16417756	16417995	254	2603	8.89	CHH
7	17006268	17006989	3238	83	97.50	CG
7	17006268	17006989	1131	328	77.52	CHG
7	17006268	17006989	578	5892	8.93	CHH
7	17339592	17339751	2	138	1.43	CG
7	17339592	17339751	4	409	0.97	CHG
7	17339592	17339751	51	1573	3.14	CHH
7	17913342	17913726	1203	26	97.88	CG
7	17913342	17913726	732	174	80.79	CHG
7	17913342	17913726	427	3768	10.18	CHH
7	18987148	18987233	2	109	1.80	CG
7	18987148	18987233	1	50	1.96	CHG
7	18987148	18987233	16	787	1.99	CHH
7	19215021	19215291	1646	43	97.45	CG
7	19215021	19215291	946	228	80.58	CHG
7	19215021	19215291	403	2169	15.67	CHH
7	19560035	19560566	1448	50	96.66	CG
7	19560035	19560566	990	251	79.77	CHG
7	19560035	19560566	815	2735	22.96	CHH
