1	2522874	2523845	3537	118	96.77	CG
1	2522874	2523845	1369	685	66.65	CHG
1	2522874	2523845	1512	9220	14.09	CHH
1	2555530	2559489	10038	233	97.73	CG
1	2555530	2559489	7169	1274	84.91	CHG
1	2555530	2559489	6956	24027	22.45	CHH
1	9039676	9042883	4090	97	97.68	CG
1	9039676	9042883	3694	360	91.12	CHG
1	9039676	9042883	10900	19329	36.06	CHH
1	9436233	9436871	773	1038	42.68	CG
1	9436233	9436871	418	1344	23.72	CHG
1	9436233	9436871	512	3127	14.07	CHH
1	9436980	9439656	6593	154	97.72	CG
1	9436980	9439656	4515	808	84.82	CHG
1	9436980	9439656	6433	16100	28.55	CHH
1	10925172	10926364	2340	124	94.97	CG
1	10925172	10926364	1903	736	72.11	CHG
1	10925172	10926364	2466	7943	23.69	CHH
1	11189866	11190945	785	186	80.84	CG
1	11189866	11190945	1139	679	62.65	CHG
1	11189866	11190945	2557	5678	31.05	CHH
1	11197263	11198365	2484	72	97.18	CG
1	11197263	11198365	2448	361	87.15	CHG
1	11197263	11198365	3149	8207	27.73	CHH
1	11198486	11199929	3983	98	97.60	CG
1	11198486	11199929	2849	574	83.23	CHG
1	11198486	11199929	2261	10886	17.20	CHH
1	11360960	11365572	5383	6961	43.61	CG
1	11360960	11365572	3928	5517	41.59	CHG
1	11360960	11365572	8508	30133	22.02	CHH
1	11470807	11475439	5666	267	95.50	CG
1	11470807	11475439	5577	1748	76.14	CHG
1	11470807	11475439	6961	31424	18.13	CHH
1	12142608	12144844	3355	1058	76.03	CG
1	12142608	12144844	2506	2246	52.74	CHG
1	12142608	12144844	2122	16680	11.29	CHH
1	14333116	14335930	5584	1336	80.69	CG
1	14333116	14335930	2838	1701	62.52	CHG
1	14333116	14335930	5317	17911	22.89	CHH
1	14336094	14337863	2810	140	95.25	CG
1	14336094	14337863	2395	675	78.01	CHG
1	14336094	14337863	5079	11313	30.98	CHH
1	14337928	14339960	3928	434	90.05	CG
1	14337928	14339960	1847	815	69.38	CHG
1	14337928	14339960	3732	13313	21.89	CHH
1	14959930	14960645	1984	267	88.14	CG
1	14959930	14960645	660	784	45.71	CHG
1	14959930	14960645	855	6243	12.05	CHH
1	14961862	14963386	1921	1297	59.70	CG
1	14961862	14963386	1443	1707	45.81	CHG
1	14961862	14963386	1762	10287	14.62	CHH
1	20810206	20811074	649	536	54.77	CG
1	20810206	20811074	759	710	51.67	CHG
1	20810206	20811074	1480	4729	23.84	CHH
1	20811098	20811489	92	282	24.60	CG
1	20811098	20811489	135	330	29.03	CHG
1	20811098	20811489	538	2629	16.99	CHH
1	25253636	25254054	360	680	34.62	CG
1	25253636	25254054	281	471	37.37	CHG
1	25253636	25254054	713	3997	15.14	CHH
1	25311949	25313299	2825	796	78.02	CG
1	25311949	25313299	1106	910	54.86	CHG
1	25311949	25313299	1949	9690	16.75	CHH
1	28200381	28203326	3483	89	97.51	CG
1	28200381	28203326	2748	658	80.68	CHG
1	28200381	28203326	6849	19064	26.43	CHH
1	28203588	28206337	2615	85	96.85	CG
1	28203588	28206337	3125	952	76.65	CHG
1	28203588	28206337	3631	21775	14.29	CHH
1	28212221	28215906	5274	191	96.51	CG
1	28212221	28215906	3212	596	84.35	CHG
1	28212221	28215906	5909	28206	17.32	CHH
1	29053362	29056648	2519	3330	43.07	CG
1	29053362	29056648	2502	4441	36.04	CHG
1	29053362	29056648	3470	22534	13.34	CHH
1	30809134	30810708	1775	485	78.54	CG
1	30809134	30810708	700	614	53.27	CHG
1	30809134	30810708	2582	11634	18.16	CHH
1	30810807	30811279	572	154	78.79	CG
1	30810807	30811279	205	444	31.59	CHG
1	30810807	30811279	659	3991	14.17	CHH
1	39322772	39323918	1627	174	90.34	CG
1	39322772	39323918	725	393	64.85	CHG
1	39322772	39323918	2163	10225	17.46	CHH
2	5902991	5906606	3982	217	94.83	CG
2	5902991	5906606	5289	2290	69.78	CHG
2	5902991	5906606	8244	23226	26.20	CHH
2	6795753	6796945	367	1044	26.01	CG
2	6795753	6796945	1095	1212	47.46	CHG
2	6795753	6796945	1822	5394	25.25	CHH
2	6797357	6798332	1076	265	80.24	CG
2	6797357	6798332	654	740	46.92	CHG
2	6797357	6798332	1636	6765	19.47	CHH
2	7605632	7607483	1418	57	96.14	CG
2	7605632	7607483	1061	481	68.81	CHG
2	7605632	7607483	2176	17733	10.93	CHH
2	7607588	7609075	1440	603	70.48	CG
2	7607588	7609075	530	824	39.14	CHG
2	7607588	7609075	1913	10903	14.93	CHH
2	8343843	8345084	1693	54	96.91	CG
2	8343843	8345084	1238	271	82.04	CHG
2	8343843	8345084	2625	7833	25.10	CHH
2	8345254	8345972	952	37	96.26	CG
2	8345254	8345972	784	351	69.07	CHG
2	8345254	8345972	894	5941	13.08	CHH
2	13582835	13586359	5223	251	95.41	CG
2	13582835	13586359	5247	1047	83.37	CHG
2	13582835	13586359	5339	26756	16.63	CHH
2	19468985	19471775	4920	4055	54.82	CG
2	19468985	19471775	2120	3801	35.80	CHG
2	19468985	19471775	4652	19982	18.88	CHH
2	34952932	34953515	1082	90	92.32	CG
2	34952932	34953515	519	216	70.61	CHG
2	34952932	34953515	647	4688	12.13	CHH
3	12710232	12710825	1179	107	91.68	CG
3	12710232	12710825	584	260	69.19	CHG
3	12710232	12710825	1009	4891	17.10	CHH
3	15612855	15613394	650	18	97.31	CG
3	15612855	15613394	896	278	76.32	CHG
3	15612855	15613394	1631	2934	35.73	CHH
3	16165130	16166316	1318	182	87.87	CG
3	16165130	16166316	863	810	51.58	CHG
3	16165130	16166316	1300	7859	14.19	CHH
3	16790757	16792301	2511	711	77.93	CG
3	16790757	16792301	1140	1000	53.27	CHG
3	16790757	16792301	1394	10680	11.55	CHH
3	20791633	20793625	2215	687	76.33	CG
3	20791633	20793625	1887	1682	52.87	CHG
3	20791633	20793625	2328	15148	13.32	CHH
3	22406159	22410666	3796	986	79.38	CG
3	22406159	22410666	5333	1567	77.29	CHG
3	22406159	22410666	10305	30689	25.14	CHH
3	24566821	24572140	8146	261	96.90	CG
3	24566821	24572140	8073	1655	82.99	CHG
3	24566821	24572140	9140	40501	18.41	CHH
3	24572855	24573143	429	9	97.95	CG
3	24572855	24573143	358	150	70.47	CHG
3	24572855	24573143	500	2357	17.50	CHH
3	24601239	24602425	2088	86	96.04	CG
3	24601239	24602425	1726	624	73.45	CHG
3	24601239	24602425	1594	8529	15.75	CHH
3	24602550	24603653	1444	47	96.85	CG
3	24602550	24603653	1080	399	73.02	CHG
3	24602550	24603653	1682	9978	14.43	CHH
3	24603786	24605086	2176	92	95.94	CG
3	24603786	24605086	1873	492	79.20	CHG
3	24603786	24605086	2461	8198	23.09	CHH
3	24605202	24605537	398	10	97.55	CG
3	24605202	24605537	151	98	60.64	CHG
3	24605202	24605537	359	3010	10.66	CHH
3	26123604	26125619	4215	193	95.62	CG
3	26123604	26125619	2388	1101	68.44	CHG
3	26123604	26125619	2486	17035	12.74	CHH
3	27619055	27619377	260	61	81.00	CG
3	27619055	27619377	202	167	54.74	CHG
3	27619055	27619377	545	2336	18.92	CHH
3	27619514	27621480	2051	2079	49.66	CG
3	27619514	27621480	1025	2246	31.34	CHG
3	27619514	27621480	2528	11966	17.44	CHH
3	28510857	28511647	1704	58	96.71	CG
3	28510857	28511647	999	256	79.60	CHG
3	28510857	28511647	1430	6914	17.14	CHH
3	29750151	29753862	5596	141	97.54	CG
3	29750151	29753862	3546	364	90.69	CHG
3	29750151	29753862	10791	22032	32.88	CHH
4	19682492	19683811	1464	52	96.57	CG
4	19682492	19683811	705	377	65.16	CHG
4	19682492	19683811	2335	8489	21.57	CHH
4	20353569	20355893	2857	4716	37.73	CG
4	20353569	20355893	1463	2690	35.23	CHG
4	20353569	20355893	1881	15102	11.08	CHH
4	35050583	35053502	4749	1739	73.20	CG
4	35050583	35053502	2381	1835	56.48	CHG
4	35050583	35053502	6933	20300	25.46	CHH
5	1134973	1135617	692	469	59.60	CG
5	1134973	1135617	552	1463	27.39	CHG
5	1134973	1135617	372	5095	6.80	CHH
5	1135839	1136509	333	915	26.68	CG
5	1135839	1136509	225	1340	14.38	CHG
5	1135839	1136509	543	4974	9.84	CHH
5	1681242	1683572	3440	899	79.28	CG
5	1681242	1683572	2737	1601	63.09	CHG
5	1681242	1683572	4303	15869	21.33	CHH
5	4826765	4827938	1020	58	94.62	CG
5	4826765	4827938	1099	303	78.39	CHG
5	4826765	4827938	2352	9910	19.18	CHH
5	4828077	4828939	175	1610	9.80	CG
5	4828077	4828939	258	1605	13.85	CHG
5	4828077	4828939	907	7635	10.62	CHH
5	4829016	4830108	3558	113	96.92	CG
5	4829016	4830108	1330	685	66.00	CHG
5	4829016	4830108	1173	7817	13.05	CHH
5	4830234	4831171	431	924	31.81	CG
5	4830234	4831171	365	773	32.07	CHG
5	4830234	4831171	1444	6487	18.21	CHH
5	10917777	10919484	2498	67	97.39	CG
5	10917777	10919484	2346	958	71.00	CHG
5	10917777	10919484	2726	12541	17.86	CHH
5	10920452	10921894	2241	1270	63.83	CG
5	10920452	10921894	1353	2160	38.51	CHG
5	10920452	10921894	2368	11048	17.65	CHH
5	11242593	11245041	2676	117	95.81	CG
5	11242593	11245041	3368	517	86.69	CHG
5	11242593	11245041	4443	17104	20.62	CHH
5	16055530	16057857	2998	728	80.46	CG
5	16055530	16057857	1285	2309	35.75	CHG
5	16055530	16057857	2826	17057	14.21	CHH
5	25352498	25357219	5272	948	84.76	CG
5	25352498	25357219	4429	3275	57.49	CHG
5	25352498	25357219	10096	36481	21.68	CHH
5	26872353	26874199	1581	1348	53.98	CG
5	26872353	26874199	1156	1119	50.81	CHG
5	26872353	26874199	3551	13079	21.35	CHH
6	6078050	6080866	3878	105	97.36	CG
6	6078050	6080866	4112	1272	76.37	CHG
6	6078050	6080866	3765	20834	15.31	CHH
6	7380338	7382317	1619	4208	27.78	CG
6	7380338	7382317	1241	3582	25.73	CHG
6	7380338	7382317	2084	12863	13.94	CHH
6	7535832	7537646	1716	752	69.53	CG
6	7535832	7537646	1680	1322	55.96	CHG
6	7535832	7537646	3330	14102	19.10	CHH
6	7537740	7538960	2429	85	96.62	CG
6	7537740	7538960	1465	518	73.88	CHG
6	7537740	7538960	2045	9249	18.11	CHH
6	11302246	11304945	3941	360	91.63	CG
6	11302246	11304945	3207	1050	75.33	CHG
6	11302246	11304945	6071	19639	23.61	CHH
6	13427986	13432645	6928	196	97.25	CG
6	13427986	13432645	6962	1384	83.42	CHG
6	13427986	13432645	10988	31759	25.70	CHH
6	17321399	17322324	411	272	60.18	CG
6	17321399	17322324	403	708	36.27	CHG
6	17321399	17322324	1219	7113	14.63	CHH
6	18069876	18071348	1815	229	88.80	CG
6	18069876	18071348	967	881	52.33	CHG
6	18069876	18071348	1543	10793	12.51	CHH
6	19711136	19712026	295	1578	15.75	CG
6	19711136	19712026	343	975	26.02	CHG
6	19711136	19712026	1543	6667	18.79	CHH
6	27799534	27800454	390	549	41.53	CG
6	27799534	27800454	263	930	22.05	CHG
6	27799534	27800454	768	8212	8.55	CHH
6	27801639	27803910	7488	718	91.25	CG
6	27801639	27803910	2797	2014	58.14	CHG
6	27801639	27803910	2081	13411	13.43	CHH
6	27804002	27806413	4422	239	94.87	CG
6	27804002	27806413	2896	1899	60.40	CHG
6	27804002	27806413	4031	16891	19.27	CHH
6	27807200	27809097	1587	1429	52.62	CG
6	27807200	27809097	2015	2757	42.23	CHG
6	27807200	27809097	3729	14492	20.47	CHH
6	28518022	28518632	536	210	71.85	CG
6	28518022	28518632	470	686	40.66	CHG
6	28518022	28518632	1184	4989	19.18	CHH
6	29376932	29380306	6970	225	96.87	CG
6	29376932	29380306	5345	1059	83.46	CHG
6	29376932	29380306	10068	23548	29.95	CHH
7	998684	999693	654	497	56.82	CG
7	998684	999693	603	1329	31.21	CHG
7	998684	999693	1138	9054	11.17	CHH
7	4348717	4353078	7833	262	96.76	CG
7	4348717	4353078	4870	1656	74.62	CHG
7	4348717	4353078	7579	26012	22.56	CHH
7	4372878	4376312	3255	270	92.34	CG
7	4372878	4376312	2336	1367	63.08	CHG
7	4372878	4376312	7979	22991	25.76	CHH
7	8295268	8297360	1837	76	96.03	CG
7	8295268	8297360	1673	919	64.54	CHG
7	8295268	8297360	3071	13914	18.08	CHH
7	8297456	8298242	841	46	94.81	CG
7	8297456	8298242	657	605	52.06	CHG
7	8297456	8298242	1141	5734	16.60	CHH
7	15712666	15714876	3936	2445	61.68	CG
7	15712666	15714876	1471	2437	37.64	CHG
7	15712666	15714876	2954	13449	18.01	CHH
7	15714975	15716282	1277	542	70.20	CG
7	15714975	15716282	1440	1274	53.06	CHG
7	15714975	15716282	2326	7695	23.21	CHH
7	15716649	15718051	1740	1314	56.97	CG
7	15716649	15718051	1056	1206	46.68	CHG
7	15716649	15718051	1893	11232	14.42	CHH
7	15987635	15990381	2285	75	96.82	CG
7	15987635	15990381	1707	1313	56.52	CHG
7	15987635	15990381	3383	19754	14.62	CHH
7	20001702	20003835	4643	590	88.73	CG
7	20001702	20003835	2196	1617	57.59	CHG
7	20001702	20003835	2339	16136	12.66	CHH
7	20003935	20004681	1298	640	66.98	CG
7	20003935	20004681	437	1220	26.37	CHG
7	20003935	20004681	668	5339	11.12	CHH
7	22460398	22460784	27	1250	2.11	CG
7	22460398	22460784	45	610	6.87	CHG
7	22460398	22460784	358	2855	11.14	CHH
8	5778017	5780215	2300	1184	66.02	CG
8	5778017	5780215	1095	1863	37.02	CHG
8	5778017	5780215	3333	13677	19.59	CHH
8	7765923	7767569	1392	84	94.31	CG
8	7765923	7767569	2499	1194	67.67	CHG
8	7765923	7767569	1799	12036	13.00	CHH
8	7767694	7769902	2237	86	96.30	CG
8	7767694	7769902	2150	722	74.86	CHG
8	7767694	7769902	3529	16975	17.21	CHH
8	7990731	7992320	2859	667	81.08	CG
8	7990731	7992320	1335	801	62.50	CHG
8	7990731	7992320	1833	11507	13.74	CHH
8	9447347	9448071	718	1379	34.24	CG
8	9447347	9448071	392	1143	25.54	CHG
8	9447347	9448071	975	4677	17.25	CHH
8	10491753	10499575	20220	1153	94.61	CG
8	10491753	10499575	11656	4651	71.48	CHG
8	10491753	10499575	8658	63454	12.01	CHH
8	15455254	15462092	12374	418	96.73	CG
8	15455254	15462092	8207	2004	80.37	CHG
8	15455254	15462092	15956	42673	27.22	CHH
8	16976241	16978812	2064	72	96.63	CG
8	16976241	16978812	3695	824	81.77	CHG
8	16976241	16978812	3208	22084	12.68	CHH
8	20980680	20981047	29	1103	2.56	CG
8	20980680	20981047	94	1104	7.85	CHG
8	20980680	20981047	217	2520	7.93	CHH
8	21691415	21692643	1065	27	97.53	CG
8	21691415	21692643	764	236	76.40	CHG
8	21691415	21692643	1140	5752	16.54	CHH
8	21692742	21695254	3497	423	89.21	CG
8	21692742	21695254	2995	1353	68.88	CHG
8	21692742	21695254	4797	18632	20.47	CHH
8	27145493	27147151	1123	579	65.98	CG
8	27145493	27147151	492	687	41.73	CHG
8	27145493	27147151	3099	12086	20.41	CHH
9	12621913	12622831	1105	1234	47.24	CG
9	12621913	12622831	563	680	45.29	CHG
9	12621913	12622831	1987	7453	21.05	CHH
9	12622904	12623419	480	914	34.43	CG
9	12622904	12623419	273	580	32.00	CHG
9	12622904	12623419	1252	2761	31.20	CHH
9	15228205	15229508	1458	568	71.96	CG
9	15228205	15229508	1039	1124	48.04	CHG
9	15228205	15229508	2379	9764	19.59	CHH
9	16723080	16726848	5495	311	94.64	CG
9	16723080	16726848	3754	1109	77.20	CHG
9	16723080	16726848	7194	27065	21.00	CHH
10	403342	404217	1378	549	71.51	CG
10	403342	404217	801	1417	36.11	CHG
10	403342	404217	1584	5514	22.32	CHH
10	707135	707747	1310	370	77.98	CG
10	707135	707747	410	1419	22.42	CHG
10	707135	707747	978	3893	20.08	CHH
10	708160	710157	4793	174	96.50	CG
10	708160	710157	2881	867	76.87	CHG
10	708160	710157	2851	12667	18.37	CHH
10	5928508	5929269	1195	27	97.79	CG
10	5928508	5929269	1350	360	78.95	CHG
10	5928508	5929269	1222	6582	15.66	CHH
10	5929420	5932408	5490	584	90.39	CG
10	5929420	5932408	4021	3174	55.89	CHG
10	5929420	5932408	5985	19198	23.77	CHH
10	5932682	5933500	319	1510	17.44	CG
10	5932682	5933500	183	1323	12.15	CHG
10	5932682	5933500	886	6787	11.55	CHH
10	5933589	5934240	431	983	30.48	CG
10	5933589	5934240	195	1134	14.67	CHG
10	5933589	5934240	440	2816	13.51	CHH
10	15986962	15991252	6777	229	96.73	CG
10	15986962	15991252	4271	2450	63.55	CHG
10	15986962	15991252	5736	29908	16.09	CHH
10	16004291	16005179	426	2612	14.02	CG
10	16004291	16005179	600	1961	23.43	CHG
10	16004291	16005179	1740	5116	25.38	CHH
10	16006405	16007058	293	1617	15.34	CG
10	16006405	16007058	470	1213	27.93	CHG
10	16006405	16007058	1129	3633	23.71	CHH
10	20777395	20778645	1840	37	98.03	CG
10	20777395	20778645	1777	454	79.65	CHG
10	20777395	20778645	4760	8255	36.57	CHH
11	2541477	2543903	565	1280	30.62	CG
11	2541477	2543903	375	5174	6.76	CHG
11	2541477	2543903	1898	22076	7.92	CHH
11	3230260	3231735	3135	168	94.91	CG
11	3230260	3231735	1654	996	62.42	CHG
11	3230260	3231735	3858	8708	30.70	CHH
11	3231885	3232407	245	569	30.10	CG
11	3231885	3232407	234	535	30.43	CHG
11	3231885	3232407	790	2324	25.37	CHH
11	7333461	7334651	1503	1335	52.96	CG
11	7333461	7334651	1148	1061	51.97	CHG
11	7333461	7334651	1483	6439	18.72	CHH
11	7731058	7734524	2460	198	92.55	CG
11	7731058	7734524	3158	1145	73.39	CHG
11	7731058	7734524	7297	22536	24.46	CHH
11	7734625	7735554	838	34	96.10	CG
11	7734625	7735554	312	464	40.21	CHG
11	7734625	7735554	1453	7037	17.11	CHH
11	7740136	7741715	3041	389	88.66	CG
11	7740136	7741715	2192	1009	68.48	CHG
11	7740136	7741715	3492	10280	25.36	CHH
11	7741937	7742453	1024	487	67.77	CG
11	7741937	7742453	437	991	30.60	CHG
11	7741937	7742453	909	3278	21.71	CHH
11	16330924	16332019	700	657	51.58	CG
11	16330924	16332019	657	1941	25.29	CHG
11	16330924	16332019	1672	8621	16.24	CHH
11	16332352	16336726	6755	1101	85.99	CG
11	16332352	16336726	5544	2520	68.75	CHG
11	16332352	16336726	9938	30492	24.58	CHH
11	19254506	19255920	2896	1226	70.26	CG
11	19254506	19255920	1542	1459	51.38	CHG
11	19254506	19255920	2213	10579	17.30	CHH
11	20707200	20708263	781	261	74.95	CG
11	20707200	20708263	793	801	49.75	CHG
11	20707200	20708263	1649	6067	21.37	CHH
11	24387298	24390013	2430	401	85.84	CG
11	24387298	24390013	3900	2022	65.86	CHG
11	24387298	24390013	2232	23881	8.55	CHH
11	24390912	24392970	1675	45	97.38	CG
11	24390912	24392970	3253	884	78.63	CHG
11	24390912	24392970	3193	14912	17.64	CHH
11	24393231	24394638	2738	77	97.26	CG
11	24393231	24394638	1990	608	76.60	CHG
11	24393231	24394638	2611	6336	29.18	CHH
11	27017498	27019274	1540	59	96.31	CG
11	27017498	27019274	2139	906	70.25	CHG
11	27017498	27019274	1475	12730	10.38	CHH
12	4729330	4730513	1159	80	93.54	CG
12	4729330	4730513	583	586	49.87	CHG
12	4729330	4730513	1873	10252	15.45	CHH
12	4730781	4736244	5481	231	95.96	CG
12	4730781	4736244	5496	1655	76.86	CHG
12	4730781	4736244	11287	40979	21.60	CHH
12	4736420	4737295	1030	93	91.72	CG
12	4736420	4737295	593	471	55.73	CHG
12	4736420	4737295	1375	4370	23.93	CHH
12	4899872	4901766	3085	104	96.74	CG
12	4899872	4901766	2139	1135	65.33	CHG
12	4899872	4901766	2712	13855	16.37	CHH
12	4912416	4913853	3727	140	96.38	CG
12	4912416	4913853	2073	1353	60.51	CHG
12	4912416	4913853	2111	10322	16.98	CHH
12	4913948	4915922	1386	70	95.19	CG
12	4913948	4915922	2304	838	73.33	CHG
12	4913948	4915922	2943	14452	16.92	CHH
12	17500154	17503828	2874	2083	57.98	CG
12	17500154	17503828	2195	2888	43.18	CHG
12	17500154	17503828	4255	27522	13.39	CHH
12	17984443	17985623	398	998	28.51	CG
12	17984443	17985623	513	1318	28.02	CHG
12	17984443	17985623	1286	8691	12.89	CHH
12	17985763	17986319	501	120	80.68	CG
12	17985763	17986319	153	171	47.22	CHG
12	17985763	17986319	647	3848	14.39	CHH
12	18392209	18392790	498	582	46.11	CG
12	18392209	18392790	291	1033	21.98	CHG
12	18392209	18392790	424	5660	6.97	CHH
12	18393154	18394277	850	374	69.44	CG
12	18393154	18394277	419	628	40.02	CHG
12	18393154	18394277	1718	6653	20.52	CHH
12	18395685	18396921	497	2363	17.38	CG
12	18395685	18396921	468	2693	14.81	CHG
12	18395685	18396921	1489	9417	13.65	CHH
12	24728410	24730458	3262	1498	68.53	CG
12	24728410	24730458	2834	2680	51.40	CHG
12	24728410	24730458	4119	10359	28.45	CHH
12	24730552	24734596	6578	893	88.05	CG
12	24730552	24734596	5065	2445	67.44	CHG
12	24730552	24734596	7300	21351	25.48	CHH
