1	104478	104599	29	0	100.00	CG
1	104478	104599	36	6	85.71	CHG
1	104478	104599	58	285	16.91	CHH
1	521199	522723	1839	2163	45.95	CG
1	521199	522723	267	3391	7.30	CHG
1	521199	522723	494	15493	3.09	CHH
1	718927	719135	4	323	1.22	CG
1	718927	719135	21	485	4.15	CHG
1	718927	719135	128	1928	6.23	CHH
1	1687637	1688991	19	1995	0.94	CG
1	1687637	1688991	102	2229	4.38	CHG
1	1687637	1688991	406	10311	3.79	CHH
1	1781116	1781366	42	1261	3.22	CG
1	1781116	1781366	22	456	4.60	CHG
1	1781116	1781366	28	1055	2.59	CHH
1	2137510	2140455	1063	7380	12.59	CG
1	2137510	2140455	984	6624	12.93	CHG
1	2137510	2140455	1815	25253	6.71	CHH
1	2172488	2172625	2	170	1.16	CG
1	2172488	2172625	39	1312	2.89	CHH
1	2198640	2199644	2433	113	95.56	CG
1	2198640	2199644	1078	518	67.54	CHG
1	2198640	2199644	360	2001	15.25	CHH
1	2541454	2541598	151	218	40.92	CG
1	2541454	2541598	20	152	11.63	CHG
1	2541454	2541598	112	1268	8.12	CHH
1	2579778	2580676	1737	206	89.40	CG
1	2579778	2580676	98	2347	4.01	CHG
1	2579778	2580676	236	9001	2.55	CHH
1	3016827	3017062	36	1566	2.25	CG
1	3016827	3017062	46	743	5.83	CHG
1	3016827	3017062	102	2118	4.59	CHH
1	4122738	4127182	2313	5936	28.04	CG
1	4122738	4127182	583	10854	5.10	CHG
1	4122738	4127182	2867	36450	7.29	CHH
1	4510347	4510477	81	0	100.00	CG
1	4510347	4510477	14	108	11.48	CHG
1	4510347	4510477	175	1211	12.63	CHH
1	4702022	4702256	258	437	37.12	CG
1	4702022	4702256	32	300	9.64	CHG
1	4702022	4702256	220	1454	13.14	CHH
1	5814441	5815039	5	543	0.91	CG
1	5814441	5815039	33	1223	2.63	CHG
1	5814441	5815039	207	6016	3.33	CHH
1	6934697	6934863	518	9	98.29	CG
1	6934697	6934863	233	30	88.59	CHG
1	6934697	6934863	201	898	18.29	CHH
1	7198017	7199243	1550	60	96.27	CG
1	7198017	7199243	107	2480	4.14	CHG
1	7198017	7199243	314	10109	3.01	CHH
1	7302410	7302594	13	811	1.58	CG
1	7302410	7302594	18	346	4.95	CHG
1	7302410	7302594	79	1813	4.18	CHH
1	7518469	7519081	16	921	1.71	CG
1	7518469	7519081	37	1128	3.18	CHG
1	7518469	7519081	119	4765	2.44	CHH
1	7690448	7691550	112	3031	3.56	CG
1	7690448	7691550	181	2564	6.59	CHG
1	7690448	7691550	422	9374	4.31	CHH
1	8124136	8124703	2405	91	96.35	CG
1	8124136	8124703	1096	489	69.15	CHG
1	8124136	8124703	714	5856	10.87	CHH
1	8426975	8427236	199	81	71.07	CG
1	8426975	8427236	27	939	2.80	CHG
1	8426975	8427236	68	2538	2.61	CHH
1	8831214	8831605	730	41	94.68	CG
1	8831214	8831605	460	168	73.25	CHG
1	8831214	8831605	234	3750	5.87	CHH
1	8866192	8866541	972	32	96.81	CG
1	8866192	8866541	446	120	78.80	CHG
1	8866192	8866541	276	1753	13.60	CHH
1	9124022	9124118	124	4	96.88	CG
1	9124022	9124118	308	57	84.38	CHG
1	9124022	9124118	141	510	21.66	CHH
1	9260960	9261224	101	3	97.12	CG
1	9260960	9261224	7	376	1.83	CHG
1	9260960	9261224	81	2119	3.68	CHH
1	9681083	9681232	149	87	63.14	CG
1	9681083	9681232	190	518	26.84	CHH
1	9734291	9734532	3	295	1.01	CG
1	9734291	9734532	6	85	6.59	CHG
1	9734291	9734532	65	1528	4.08	CHH
1	10263106	10263294	8	784	1.01	CG
1	10263106	10263294	9	455	1.94	CHG
1	10263106	10263294	34	1331	2.49	CHH
1	10401973	10403052	223	2226	9.11	CG
1	10401973	10403052	165	1468	10.10	CHG
1	10401973	10403052	669	8013	7.71	CHH
1	10417094	10417664	953	30	96.95	CG
1	10417094	10417664	1317	196	87.05	CHG
1	10417094	10417664	263	4979	5.02	CHH
1	10590568	10590704	0	297	0.00	CG
1	10590568	10590704	13	303	4.11	CHG
1	10590568	10590704	156	744	17.33	CHH
1	10793800	10794970	1123	25	97.82	CG
1	10793800	10794970	269	271	49.81	CHG
1	10793800	10794970	202	2227	8.32	CHH
1	11027002	11027352	322	14	95.83	CG
1	11027002	11027352	10	642	1.53	CHG
1	11027002	11027352	132	3389	3.75	CHH
1	11745247	11745281	2	177	1.12	CG
1	11745247	11745281	2	89	2.20	CHG
1	11745247	11745281	8	161	4.73	CHH
1	11861007	11861467	1050	62	94.42	CG
1	11861007	11861467	450	360	55.56	CHG
1	11861007	11861467	438	3194	12.06	CHH
1	11988203	11988342	16	1087	1.45	CG
1	11988203	11988342	42	661	5.97	CHG
1	11988203	11988342	52	972	5.08	CHH
1	12157565	12159139	494	9678	4.86	CG
1	12157565	12159139	305	5055	5.69	CHG
1	12157565	12159139	377	10258	3.54	CHH
1	12279664	12280353	149	2818	5.02	CG
1	12279664	12280353	104	1654	5.92	CHG
1	12279664	12280353	135	5304	2.48	CHH
1	12444629	12444759	303	8	97.43	CG
1	12444629	12444759	256	18	93.43	CHG
1	12444629	12444759	87	1333	6.13	CHH
1	12851686	12853647	424	751	36.09	CG
1	12851686	12853647	243	4676	4.94	CHG
1	12851686	12853647	861	18465	4.46	CHH
1	12977793	12977914	132	9	93.62	CG
1	12977793	12977914	55	927	5.60	CHH
1	14112270	14112409	31	567	5.18	CHH
1	14747584	14748346	12	789	1.50	CG
1	14747584	14748346	58	1716	3.27	CHG
1	14747584	14748346	217	5739	3.64	CHH
1	15010958	15011724	3	2	60.00	CG
1	15010958	15011724	0	82	0.00	CHG
1	15010958	15011724	6	276	2.13	CHH
1	15208882	15210074	1145	126	90.09	CG
1	15208882	15210074	425	367	53.66	CHG
1	15208882	15210074	558	8267	6.32	CHH
1	15318812	15319293	1886	55	97.17	CG
1	15318812	15319293	1227	230	84.21	CHG
1	15318812	15319293	292	3594	7.51	CHH
1	15355785	15357554	1460	1978	42.47	CG
1	15355785	15357554	865	3133	21.64	CHG
1	15355785	15357554	1143	14380	7.36	CHH
1	16453284	16453501	1	65	1.52	CG
1	16453284	16453501	14	151	8.48	CHG
1	16453284	16453501	100	1380	6.76	CHH
1	16722902	16723067	428	47	90.11	CG
1	16722902	16723067	45	146	23.56	CHG
1	16722902	16723067	56	1889	2.88	CHH
1	17385639	17385733	15	220	6.38	CHG
1	17385639	17385733	57	812	6.56	CHH
1	17522237	17522624	1314	38	97.19	CG
1	17522237	17522624	1014	203	83.32	CHG
1	17522237	17522624	316	2703	10.47	CHH
1	17762690	17767322	2040	5670	26.46	CG
1	17762690	17767322	1945	5849	24.96	CHG
1	17762690	17767322	6492	33118	16.39	CHH
1	17768299	17768525	1	384	0.26	CG
1	17768299	17768525	12	306	3.77	CHG
1	17768299	17768525	66	1684	3.77	CHH
1	17915233	17918918	3536	2344	60.14	CG
1	17915233	17918918	1922	2602	42.48	CHG
1	17915233	17918918	4186	20005	17.30	CHH
1	18479814	18481021	814	873	48.25	CG
1	18479814	18481021	167	1236	11.90	CHG
1	18479814	18481021	488	9946	4.68	CHH
1	18515221	18516018	640	7	98.92	CG
1	18515221	18516018	414	50	89.22	CHG
1	18515221	18516018	136	1523	8.20	CHH
1	18605306	18605413	67	2	97.10	CG
1	18605306	18605413	5	209	2.34	CHG
1	18605306	18605413	50	1143	4.19	CHH
1	18679398	18679609	217	9	96.02	CG
1	18679398	18679609	343	33	91.22	CHG
1	18679398	18679609	141	1907	6.88	CHH
1	18781271	18781897	20	852	2.29	CG
1	18781271	18781897	64	1134	5.34	CHG
1	18781271	18781897	217	3998	5.15	CHH
1	19418149	19418371	381	23	94.31	CG
1	19418149	19418371	257	103	71.39	CHG
1	19418149	19418371	148	2228	6.23	CHH
1	19588801	19588982	218	4	98.20	CG
1	19588801	19588982	92	31	74.80	CHG
1	19588801	19588982	67	615	9.82	CHH
1	19807993	19809436	3341	123	96.45	CG
1	19807993	19809436	968	437	68.90	CHG
1	19807993	19809436	685	8623	7.36	CHH
1	20220915	20221138	852	22	97.48	CG
1	20220915	20221138	242	117	67.41	CHG
1	20220915	20221138	93	1689	5.22	CHH
1	20351135	20352592	1293	547	70.27	CG
1	20351135	20352592	111	4143	2.61	CHG
1	20351135	20352592	463	13135	3.40	CHH
1	20353735	20353818	57	0	100.00	CG
1	20353735	20353818	4	215	1.83	CHG
1	20353735	20353818	18	498	3.49	CHH
1	20699332	20703291	3965	4515	46.76	CG
1	20699332	20703291	2060	7072	22.56	CHG
1	20699332	20703291	2864	30382	8.61	CHH
1	20759940	20760412	1101	39	96.58	CG
1	20759940	20760412	1042	177	85.48	CHG
1	20759940	20760412	489	3538	12.14	CHH
1	22217602	22218470	793	1372	36.63	CG
1	22217602	22218470	328	1699	16.18	CHG
1	22217602	22218470	772	6898	10.07	CHH
1	22349537	22349928	62	1236	4.78	CG
1	22349537	22349928	28	960	2.83	CHG
1	22349537	22349928	100	2422	3.97	CHH
1	22963853	22963900	9	119	7.03	CHG
1	22963853	22963900	5	296	1.66	CHH
1	23088705	23088935	4	483	0.82	CG
1	23088705	23088935	9	262	3.32	CHG
1	23088705	23088935	31	1592	1.91	CHH
1	23190581	23192012	890	93	90.54	CG
1	23190581	23192012	141	2832	4.74	CHG
1	23190581	23192012	573	14473	3.81	CHH
1	23334619	23337433	2397	2314	50.88	CG
1	23334619	23337433	499	6493	7.14	CHG
1	23334619	23337433	1168	23363	4.76	CHH
1	23865834	23867004	1985	833	70.44	CG
1	23865834	23867004	986	1518	39.38	CHG
1	23865834	23867004	1545	6644	18.87	CHH
1	24056015	24058047	343	4444	7.17	CG
1	24056015	24058047	365	3534	9.36	CHG
1	24056015	24058047	683	16255	4.03	CHH
1	24127473	24127717	246	75	76.64	CG
1	24127473	24127717	10	414	2.36	CHG
1	24127473	24127717	52	2134	2.38	CHH
1	24218590	24218768	63	306	17.07	CG
1	24218590	24218768	42	235	15.16	CHG
1	24218590	24218768	42	1698	2.41	CHH
1	24367289	24368699	865	2907	22.93	CG
1	24367289	24368699	310	3849	7.45	CHG
1	24367289	24368699	925	11321	7.55	CHH
1	24540618	24541036	374	16	95.90	CG
1	24540618	24541036	28	747	3.61	CHG
1	24540618	24541036	127	3348	3.65	CHH
1	25075086	25078372	220	10161	2.12	CG
1	25075086	25078372	281	8335	3.26	CHG
1	25075086	25078372	849	23898	3.43	CHH
1	26189136	26189851	256	837	23.42	CG
1	26189136	26189851	103	2934	3.39	CHG
1	26189136	26189851	243	6995	3.36	CHH
1	27455091	27455579	2905	160	94.78	CG
1	27455091	27455579	2200	604	78.46	CHG
1	27455091	27455579	758	7089	9.66	CHH
1	27505658	27505866	8	144	5.26	CG
1	27505658	27505866	14	576	2.37	CHG
1	27505658	27505866	83	1913	4.16	CHH
1	27576543	27577893	2460	86	96.62	CG
1	27576543	27577893	1461	241	85.84	CHG
1	27576543	27577893	1425	10877	11.58	CHH
1	28118813	28118935	16	117	12.03	CG
1	28118813	28118935	13	398	3.16	CHG
1	28118813	28118935	33	1336	2.41	CHH
1	29188109	29189334	116	4696	2.41	CG
1	29188109	29189334	155	2843	5.17	CHG
1	29188109	29189334	1118	10291	9.80	CHH
1	29223726	29224697	414	3332	11.05	CG
1	29223726	29224697	77	1643	4.48	CHG
1	29223726	29224697	1192	6032	16.50	CHH
1	29881105	29881917	1206	160	88.29	CG
1	29881105	29881917	1103	264	80.69	CHG
1	29881105	29881917	364	4310	7.79	CHH
1	29892038	29892362	9	55	14.06	CG
1	29892038	29892362	3	253	1.17	CHG
1	29892038	29892362	132	2568	4.89	CHH
1	30396534	30396644	8	332	2.35	CG
1	30396534	30396644	22	436	4.80	CHG
1	30396534	30396644	20	624	3.11	CHH
1	30947617	30952229	5329	1757	75.20	CG
1	30947617	30952229	2513	8160	23.55	CHG
1	30947617	30952229	2198	41876	4.99	CHH
1	30988314	30988439	52	7	88.14	CG
1	30988314	30988439	175	121	59.12	CHG
1	30988314	30988439	54	642	7.76	CHH
1	31131639	31132785	679	2612	20.63	CG
1	31131639	31132785	104	3557	2.84	CHG
1	31131639	31132785	284	10041	2.75	CHH
1	32136432	32136605	54	152	26.21	CG
1	32136432	32136605	10	612	1.61	CHG
1	32136432	32136605	81	1435	5.34	CHH
1	33466485	33466748	824	15	98.21	CG
1	33466485	33466748	393	93	80.86	CHG
1	33466485	33466748	311	2151	12.63	CHH
1	34289798	34291348	1550	1241	55.54	CG
1	34289798	34291348	838	2479	25.26	CHG
1	34289798	34291348	1769	12771	12.17	CHH
1	34550341	34550600	3	349	0.85	CG
1	34550341	34550600	19	592	3.11	CHG
1	34550341	34550600	60	2538	2.31	CHH
1	34749495	34752244	3090	383	88.97	CG
1	34749495	34752244	2948	1237	70.44	CHG
1	34749495	34752244	2406	14666	14.09	CHH
1	34928206	34928387	175	5	97.22	CG
1	34928206	34928387	594	55	91.53	CHG
1	34928206	34928387	156	1257	11.04	CHH
1	34990120	34992796	4775	1488	76.24	CG
1	34990120	34992796	2405	1878	56.15	CHG
1	34990120	34992796	3180	17639	15.27	CHH
1	35760612	35760952	241	172	58.35	CG
1	35760612	35760952	21	546	3.70	CHG
1	35760612	35760952	129	3075	4.03	CHH
1	35959231	35959351	3	110	2.65	CG
1	35959231	35959351	6	169	3.43	CHG
1	35959231	35959351	61	1154	5.02	CHH
1	36112505	36112684	375	111	77.16	CG
1	36112505	36112684	113	186	37.79	CHG
1	36112505	36112684	117	1093	9.67	CHH
1	36163384	36164022	215	913	19.06	CG
1	36163384	36164022	192	980	16.38	CHG
1	36163384	36164022	443	5066	8.04	CHH
1	36208524	36209666	1487	59	96.18	CG
1	36208524	36209666	1954	373	83.97	CHG
1	36208524	36209666	598	9933	5.68	CHH
1	36479686	36479935	47	872	5.11	CG
1	36479686	36479935	4	368	1.08	CHG
1	36479686	36479935	68	1926	3.41	CHH
1	36890844	36891048	158	97	61.96	CG
1	36890844	36891048	181	92	66.30	CHG
1	36890844	36891048	337	1313	20.42	CHH
1	37118562	37118725	4	126	3.08	CG
1	37118562	37118725	18	347	4.93	CHG
1	37118562	37118725	47	1636	2.79	CHH
1	37253827	37256063	3116	168	94.88	CG
1	37253827	37256063	2345	566	80.56	CHG
1	37253827	37256063	1451	10583	12.06	CHH
1	37757198	37758019	665	1837	26.58	CG
1	37757198	37758019	387	964	28.65	CHG
1	37757198	37758019	1296	5132	20.16	CHH
1	39603253	39603550	230	11	95.44	CG
1	39603253	39603550	28	930	2.92	CHG
1	39603253	39603550	112	2871	3.75	CHH
1	40609311	40609427	54	2	96.43	CG
1	40609311	40609427	16	350	4.37	CHG
1	40609311	40609427	37	1129	3.17	CHH
1	40785754	40786192	111	96	53.62	CG
1	40785754	40786192	28	1582	1.74	CHG
1	40785754	40786192	87	4558	1.87	CHH
1	41209454	41212661	2592	7005	27.01	CG
1	41209454	41212661	1344	4971	21.28	CHG
1	41209454	41212661	3339	21779	13.29	CHH
1	42990884	42991140	138	2	98.57	CG
1	42990884	42991140	108	12	90.00	CHG
1	42990884	42991140	54	542	9.06	CHH
2	38468	38578	83	1	98.81	CG
2	38468	38578	24	242	9.02	CHG
2	38468	38578	25	1114	2.19	CHH
2	578331	578545	53	2	96.36	CG
2	578331	578545	29	586	4.72	CHG
2	578331	578545	53	1634	3.14	CHH
2	1736612	1736996	596	36	94.30	CG
2	1736612	1736996	49	1257	3.75	CHG
2	1736612	1736996	140	3322	4.04	CHH
2	2004107	2004464	1	215	0.46	CG
2	2004107	2004464	23	1091	2.06	CHG
2	2004107	2004464	85	3145	2.63	CHH
2	2225031	2228646	5204	620	89.35	CG
2	2225031	2228646	3760	2383	61.21	CHG
2	2225031	2228646	4909	24085	16.93	CHH
2	2448881	2450073	297	188	61.24	CG
2	2448881	2450073	563	2494	18.42	CHG
2	2448881	2450073	1411	9674	12.73	CHH
2	2455636	2457226	4203	53	98.75	CG
2	2455636	2457226	2965	619	82.73	CHG
2	2455636	2457226	683	6741	9.20	CHH
2	2916264	2916496	111	3	97.37	CG
2	2916264	2916496	5	442	1.12	CHG
2	2916264	2916496	71	1899	3.60	CHH
2	3153141	3153726	857	11	98.73	CG
2	3153141	3153726	951	165	85.22	CHG
2	3153141	3153726	461	4109	10.09	CHH
2	3584767	3584907	248	9	96.50	CG
2	3584767	3584907	161	76	67.93	CHG
2	3584767	3584907	552	597	48.04	CHH
2	3668130	3671654	7705	2989	72.05	CG
2	3668130	3671654	3853	4501	46.12	CHG
2	3668130	3671654	3195	24166	11.68	CHH
2	4394475	4394720	0	176	0.00	CG
2	4394475	4394720	11	570	1.89	CHG
2	4394475	4394720	116	2917	3.82	CHH
2	4735326	4735671	43	944	4.36	CG
2	4735326	4735671	39	993	3.78	CHG
2	4735326	4735671	167	2868	5.50	CHH
2	4930376	4930562	262	14	94.93	CG
2	4930376	4930562	12	44	21.43	CHG
2	4930376	4930562	41	944	4.16	CHH
2	6097195	6097472	4	430	0.92	CG
2	6097195	6097472	49	993	4.70	CHG
2	6097195	6097472	78	2236	3.37	CHH
2	6194639	6194966	17	297	5.41	CG
2	6194639	6194966	16	469	3.30	CHG
2	6194639	6194966	151	2545	5.60	CHH
2	6477169	6477370	262	105	71.39	CG
2	6477169	6477370	27	563	4.58	CHG
2	6477169	6477370	105	2505	4.02	CHH
2	6479819	6479943	10	692	1.42	CHG
2	6479819	6479943	52	1727	2.92	CHH
2	7634883	7634997	11	783	1.39	CG
2	7634883	7634997	35	389	8.25	CHG
2	7634883	7634997	43	841	4.86	CHH
2	9263789	9264764	810	17	97.94	CG
2	9263789	9264764	479	109	81.46	CHG
2	9263789	9264764	219	1948	10.11	CHH
2	10881944	10882136	8	239	3.24	CG
2	10881944	10882136	10	263	3.66	CHG
2	10881944	10882136	52	1657	3.04	CHH
2	11520851	11521291	251	274	47.81	CG
2	11520851	11521291	79	162	32.78	CHG
2	11520851	11521291	445	2624	14.50	CHH
2	11599189	11600489	781	1379	36.16	CG
2	11599189	11600489	396	1684	19.04	CHG
2	11599189	11600489	919	9024	9.24	CHH
2	11939679	11939936	53	1	98.15	CG
2	11939679	11939936	17	366	4.44	CHG
2	11939679	11939936	42	2059	2.00	CHH
2	12352060	12352584	1342	23	98.32	CG
2	12352060	12352584	1038	280	78.76	CHG
2	12352060	12352584	316	3761	7.75	CHH
2	12492889	12493008	12	726	1.63	CG
2	12492889	12493008	7	388	1.77	CHG
2	12492889	12493008	28	587	4.55	CHH
2	12583382	12585233	1849	448	80.50	CG
2	12583382	12585233	665	4088	13.99	CHG
2	12583382	12585233	706	17520	3.87	CHH
2	13724770	13725043	27	0	100.00	CG
2	13724770	13725043	7	4	63.64	CHG
2	13724770	13725043	4	82	4.65	CHH
2	14258242	14258497	317	22	93.51	CG
2	14258242	14258497	218	51	81.04	CHG
2	14258242	14258497	89	1292	6.44	CHH
2	14381584	14382260	1032	24	97.73	CG
2	14381584	14382260	670	237	73.87	CHG
2	14381584	14382260	410	5613	6.81	CHH
2	14883666	14884152	1100	21	98.13	CG
2	14883666	14884152	1056	153	87.34	CHG
2	14883666	14884152	335	3700	8.30	CHH
2	15077160	15080035	6380	199	96.98	CG
2	15077160	15080035	4235	957	81.57	CHG
2	15077160	15080035	1739	19580	8.16	CHH
2	15300768	15301020	326	9	97.31	CG
2	15300768	15301020	560	144	79.55	CHG
2	15300768	15301020	109	2307	4.51	CHH
2	16462100	16462683	1125	262	81.11	CG
2	16462100	16462683	715	1011	41.43	CHG
2	16462100	16462683	386	5575	6.48	CHH
2	16469340	16469527	612	28	95.62	CG
2	16469340	16469527	302	177	63.05	CHG
2	16469340	16469527	63	1031	5.76	CHH
2	16575455	16575576	119	277	30.05	CG
2	16575455	16575576	26	99	20.80	CHG
2	16575455	16575576	161	1037	13.44	CHH
2	16909276	16909402	65	5	92.86	CG
2	16909276	16909402	3	35	7.89	CHG
2	16909276	16909402	201	603	25.00	CHH
2	17470250	17470459	258	5	98.10	CG
2	17470250	17470459	259	51	83.55	CHG
2	17470250	17470459	117	2064	5.36	CHH
2	17693456	17694041	823	518	61.37	CG
2	17693456	17694041	313	830	27.38	CHG
2	17693456	17694041	274	4032	6.36	CHH
2	17846367	17846587	63	964	6.13	CG
2	17846367	17846587	9	448	1.97	CHG
2	17846367	17846587	41	1393	2.86	CHH
2	18156897	18157229	1859	50	97.38	CG
2	18156897	18157229	901	179	83.43	CHG
2	18156897	18157229	273	2412	10.17	CHH
2	19262811	19262974	208	6	97.20	CG
2	19262811	19262974	38	124	23.46	CHG
2	19262811	19262974	52	1794	2.82	CHH
2	19369504	19369623	566	5	99.12	CG
2	19369504	19369623	301	31	90.66	CHG
2	19369504	19369623	104	527	16.48	CHH
2	19649757	19649896	12	759	1.56	CG
2	19649757	19649896	14	363	3.71	CHG
2	19649757	19649896	32	723	4.24	CHH
2	20077988	20078291	810	19	97.71	CG
2	20077988	20078291	287	151	65.53	CHG
2	20077988	20078291	354	2169	14.03	CHH
2	22210158	22210334	78	597	11.56	CG
2	22210158	22210334	11	265	3.99	CHG
2	22210158	22210334	69	1645	4.03	CHH
2	22275294	22275439	0	62	0.00	CG
2	22275294	22275439	8	299	2.61	CHG
2	22275294	22275439	41	1470	2.71	CHH
2	22587752	22588156	658	28	95.92	CG
2	22587752	22588156	326	282	53.62	CHG
2	22587752	22588156	316	2858	9.96	CHH
2	22836225	22836730	25	1067	2.29	CG
2	22836225	22836730	36	1131	3.08	CHG
2	22836225	22836730	126	4359	2.81	CHH
2	22982677	22982914	0	72	0.00	CG
2	22982677	22982914	15	690	2.13	CHG
2	22982677	22982914	66	3010	2.15	CHH
2	23033077	23033411	144	461	23.80	CG
2	23033077	23033411	193	1051	15.51	CHG
2	23033077	23033411	376	2861	11.62	CHH
2	23394395	23395510	1979	211	90.37	CG
2	23394395	23395510	643	2284	21.97	CHG
2	23394395	23395510	450	11976	3.62	CHH
2	23471507	23472492	593	8	98.67	CG
2	23471507	23472492	591	111	84.19	CHG
2	23471507	23472492	308	3138	8.94	CHH
2	24044095	24044460	1001	32	96.90	CG
2	24044095	24044460	469	118	79.90	CHG
2	24044095	24044460	244	1801	11.93	CHH
2	24717341	24717558	5	246	1.99	CG
2	24717341	24717558	2	577	0.35	CHG
2	24717341	24717558	70	2072	3.27	CHH
2	25574998	25576239	1549	86	94.74	CG
2	25574998	25576239	1599	465	77.47	CHG
2	25574998	25576239	1065	10286	9.38	CHH
2	25830725	25831459	22	1938	1.12	CG
2	25830725	25831459	29	1661	1.72	CHG
2	25830725	25831459	92	5509	1.64	CHH
2	25835047	25835296	71	1170	5.72	CG
2	25835047	25835296	69	801	7.93	CHG
2	25835047	25835296	81	2442	3.21	CHH
2	26548831	26549237	802	36	95.70	CG
2	26548831	26549237	138	113	54.98	CHG
2	26548831	26549237	634	2047	23.65	CHH
2	26659388	26659535	74	6	92.50	CG
2	26659388	26659535	89	1063	7.73	CHH
2	26689413	26692203	944	11012	7.90	CG
2	26689413	26692203	599	6781	8.12	CHG
2	26689413	26692203	1774	16439	9.74	CHH
2	28199306	28199617	692	25	96.51	CG
2	28199306	28199617	908	131	87.39	CHG
2	28199306	28199617	287	2343	10.91	CHH
2	29852698	29852922	43	325	11.68	CG
2	29852698	29852922	19	527	3.48	CHG
2	29852698	29852922	72	1616	4.27	CHH
2	30157272	30157610	483	116	80.63	CG
2	30157272	30157610	162	334	32.66	CHG
2	30157272	30157610	465	1785	20.67	CHH
2	30823979	30824112	3	177	1.67	CG
2	30823979	30824112	13	295	4.22	CHG
2	30823979	30824112	75	1274	5.56	CHH
2	30983625	30984901	48	3309	1.43	CG
2	30983625	30984901	181	4973	3.51	CHG
2	30983625	30984901	433	10093	4.11	CHH
2	31445301	31445449	0	56	0.00	CG
2	31445301	31445449	11	279	3.79	CHG
2	31445301	31445449	34	1371	2.42	CHH
2	31855152	31855271	171	10	94.48	CG
2	31855152	31855271	48	15	76.19	CHG
2	31855152	31855271	131	1311	9.08	CHH
2	32524707	32526194	1986	1040	65.63	CG
2	32524707	32526194	491	3149	13.49	CHG
2	32524707	32526194	710	9317	7.08	CHH
2	33158169	33158313	233	6	97.49	CG
2	33158169	33158313	316	58	84.49	CHG
2	33158169	33158313	195	1519	11.38	CHH
2	33431516	33431954	179	8	95.72	CG
2	33431516	33431954	18	633	2.76	CHG
2	33431516	33431954	101	3601	2.73	CHH
2	33711999	33712328	73	4	94.81	CG
2	33711999	33712328	30	960	3.03	CHG
2	33711999	33712328	164	3409	4.59	CHH
2	33834944	33835662	137	440	23.74	CG
2	33834944	33835662	25	1147	2.13	CHG
2	33834944	33835662	169	6922	2.38	CHH
2	33936933	33937065	1	67	1.47	CG
2	33936933	33937065	9	362	2.43	CHG
2	33936933	33937065	52	1373	3.65	CHH
2	34687871	34690219	663	8432	7.29	CG
2	34687871	34690219	789	6087	11.47	CHG
2	34687871	34690219	1392	18494	7.00	CHH
2	34772462	34772598	7	273	2.50	CHG
2	34772462	34772598	51	1252	3.91	CHH
2	35300370	35300604	73	1	98.65	CG
2	35300370	35300604	5	651	0.76	CHG
2	35300370	35300604	154	2815	5.19	CHH
2	35388799	35389069	1	302	0.33	CG
2	35388799	35389069	12	518	2.26	CHG
2	35388799	35389069	38	1609	2.31	CHH
3	480369	480630	753	55	93.19	CG
3	480369	480630	26	795	3.17	CHG
3	480369	480630	144	3030	4.54	CHH
3	615186	620505	4179	6543	38.98	CG
3	615186	620505	2037	8177	19.94	CHG
3	615186	620505	3369	34923	8.80	CHH
3	1097994	1098400	1253	34	97.36	CG
3	1097994	1098400	790	173	82.04	CHG
3	1097994	1098400	488	3201	13.23	CHH
3	2922253	2922366	0	69	0.00	CG
3	2922253	2922366	0	153	0.00	CHG
3	2922253	2922366	28	1593	1.73	CHH
3	2924923	2926581	1006	192	83.97	CG
3	2924923	2926581	206	3056	6.32	CHG
3	2924923	2926581	718	14730	4.65	CHH
3	3101473	3101729	507	691	42.32	CG
3	3101473	3101729	17	726	2.29	CHG
3	3101473	3101729	77	1643	4.48	CHH
3	3782983	3787490	901	11514	7.26	CG
3	3782983	3787490	771	9282	7.67	CHG
3	3782983	3787490	1528	32508	4.49	CHH
3	4471611	4471796	16	909	1.73	CG
3	4471611	4471796	14	571	2.39	CHG
3	4471611	4471796	50	1556	3.11	CHH
3	4501942	4502163	337	449	42.88	CG
3	4501942	4502163	224	339	39.79	CHG
3	4501942	4502163	767	701	52.25	CHH
3	4735915	4736042	1	188	0.53	CG
3	4735915	4736042	12	177	6.35	CHG
3	4735915	4736042	26	1378	1.85	CHH
3	5786527	5786697	121	7	94.53	CG
3	5786527	5786697	10	372	2.62	CHG
3	5786527	5786697	46	1682	2.66	CHH
3	5790733	5792052	2041	94	95.60	CG
3	5790733	5792052	1473	390	79.07	CHG
3	5790733	5792052	1362	8802	13.40	CHH
3	5852144	5852325	300	9	97.09	CG
3	5852144	5852325	262	41	86.47	CHG
3	5852144	5852325	395	1245	24.09	CHH
3	5861909	5862252	319	69	82.22	CG
3	5861909	5862252	34	1037	3.17	CHG
3	5861909	5862252	105	2758	3.67	CHH
3	5863529	5863616	3	156	1.89	CG
3	5863529	5863616	11	253	4.17	CHG
3	5863529	5863616	14	700	1.96	CHH
3	6119207	6119385	113	1146	8.98	CG
3	6119207	6119385	83	913	8.33	CHG
3	6119207	6119385	113	1226	8.44	CHH
3	6727333	6727471	1	268	0.37	CG
3	6727333	6727471	4	193	2.03	CHG
3	6727333	6727471	61	1386	4.22	CHH
3	7815881	7816020	62	1363	4.35	CG
3	7815881	7816020	31	649	4.56	CHG
3	7815881	7816020	29	535	5.14	CHH
3	8124800	8125238	52	1843	2.74	CG
3	8124800	8125238	45	1130	3.83	CHG
3	8124800	8125238	133	4214	3.06	CHH
3	8292358	8296069	3170	1421	69.05	CG
3	8292358	8296069	2487	4486	35.67	CHG
3	8292358	8296069	2829	31600	8.22	CHH
3	8918282	8919468	906	3365	21.21	CG
3	8918282	8919468	319	2065	13.38	CHG
3	8918282	8919468	1101	7953	12.16	CHH
3	8932042	8933228	857	1162	42.45	CG
3	8932042	8933228	402	825	32.76	CHG
3	8932042	8933228	642	8827	6.78	CHH
3	9007060	9007495	1785	68	96.33	CG
3	9007060	9007495	864	277	75.72	CHG
3	9007060	9007495	357	2251	13.69	CHH
3	9615393	9615681	201	1047	16.11	CG
3	9615393	9615681	51	473	9.73	CHG
3	9615393	9615681	164	2682	5.76	CHH
3	9647322	9647514	45	202	18.22	CG
3	9647322	9647514	8	449	1.75	CHG
3	9647322	9647514	60	1729	3.35	CHH
3	9661238	9663204	544	2387	18.56	CG
3	9661238	9663204	319	2577	11.02	CHG
3	9661238	9663204	1043	13292	7.28	CHH
3	9703524	9703645	1	163	0.61	CG
3	9703524	9703645	9	124	6.77	CHG
3	9703524	9703645	58	1156	4.78	CHH
3	9741411	9741728	379	64	85.55	CG
3	9741411	9741728	190	107	63.97	CHG
3	9741411	9741728	171	1700	9.14	CHH
3	9772110	9773385	2362	409	85.24	CG
3	9772110	9773385	1376	738	65.09	CHG
3	9772110	9773385	1255	9941	11.21	CHH
3	9970758	9972750	571	6611	7.95	CG
3	9970758	9972750	360	5299	6.36	CHG
3	9970758	9972750	610	13537	4.31	CHH
3	11318102	11319164	585	616	48.71	CG
3	11318102	11319164	266	1392	16.04	CHG
3	11318102	11319164	410	7863	4.96	CHH
3	11624874	11625180	129	4	96.99	CG
3	11624874	11625180	16	834	1.88	CHG
3	11624874	11625180	84	2728	2.99	CHH
3	11762654	11762757	6	152	3.80	CG
3	11762654	11762757	2	77	2.53	CHG
3	11762654	11762757	28	799	3.39	CHH
3	12013674	12014450	718	18	97.55	CG
3	12013674	12014450	1578	155	91.06	CHG
3	12013674	12014450	696	7562	8.43	CHH
3	13326106	13326294	5	360	1.37	CG
3	13326106	13326294	27	615	4.21	CHG
3	13326106	13326294	76	1605	4.52	CHH
3	14484188	14484405	60	6	90.91	CG
3	14484188	14484405	391	51	88.46	CHG
3	14484188	14484405	180	1481	10.84	CHH
3	14495901	14496241	97	2516	3.71	CG
3	14495901	14496241	43	1107	3.74	CHG
3	14495901	14496241	88	2650	3.21	CHH
3	14633392	14633990	737	28	96.34	CG
3	14633392	14633990	333	60	84.73	CHG
3	14633392	14633990	346	4971	6.51	CHH
3	14886695	14886945	21	219	8.75	CG
3	14886695	14886945	150	127	54.15	CHG
3	14886695	14886945	988	1088	47.59	CHH
3	15238637	15238822	227	11	95.38	CG
3	15238637	15238822	314	63	83.29	CHG
3	15238637	15238822	129	1674	7.15	CHH
3	15348429	15348696	390	14	96.53	CG
3	15348429	15348696	371	158	70.13	CHG
3	15348429	15348696	164	2729	5.67	CHH
3	15968990	15969281	40	1245	3.11	CG
3	15968990	15969281	49	1043	4.49	CHG
3	15968990	15969281	97	2222	4.18	CHH
3	16545195	16545366	95	7	93.14	CG
3	16545195	16545366	84	19	81.55	CHG
3	16545195	16545366	37	610	5.72	CHH
3	16691128	16691290	130	1	99.24	CG
3	16691128	16691290	38	95	28.57	CHG
3	16691128	16691290	221	661	25.06	CHH
3	18086982	18087169	2	260	0.76	CG
3	18086982	18087169	4	367	1.08	CHG
3	18086982	18087169	32	1736	1.81	CHH
3	18671229	18673244	1852	1042	63.99	CG
3	18671229	18673244	927	1911	32.66	CHG
3	18671229	18673244	1652	15277	9.76	CHH
3	19066610	19066885	865	12	98.63	CG
3	19066610	19066885	215	103	67.61	CHG
3	19066610	19066885	154	957	13.86	CHH
3	19477758	19477853	126	4	96.92	CG
3	19477758	19477853	94	75	55.62	CHG
3	19477758	19477853	47	502	8.56	CHH
3	20211561	20212451	1938	54	97.29	CG
3	20211561	20212451	1476	282	83.96	CHG
3	20211561	20212451	1041	6868	13.16	CHH
3	20300032	20301332	2038	45	97.84	CG
3	20300032	20301332	2832	377	88.25	CHG
3	20300032	20301332	873	11838	6.87	CHH
3	20506153	20506547	770	41	94.94	CG
3	20506153	20506547	595	238	71.43	CHG
3	20506153	20506547	181	3363	5.11	CHH
3	20529596	20530676	1959	4647	29.65	CG
3	20529596	20530676	397	3474	10.26	CHG
3	20529596	20530676	495	8482	5.51	CHH
3	20609274	20609784	695	18	97.48	CG
3	20609274	20609784	505	105	82.79	CHG
3	20609274	20609784	431	4062	9.59	CHH
3	21045714	21046037	562	25	95.74	CG
3	21045714	21046037	264	60	81.48	CHG
3	21045714	21046037	153	3360	4.36	CHH
3	21053301	21054404	444	252	63.79	CG
3	21053301	21054404	62	1681	3.56	CHG
3	21053301	21054404	377	10898	3.34	CHH
3	21477968	21478334	556	174	76.16	CG
3	21477968	21478334	183	410	30.86	CHG
3	21477968	21478334	393	2534	13.43	CHH
3	21805912	21806253	1375	55	96.15	CG
3	21805912	21806253	288	214	57.37	CHG
3	21805912	21806253	257	1911	11.85	CHH
3	22443304	22443897	31	2782	1.10	CG
3	22443304	22443897	66	1852	3.44	CHG
3	22443304	22443897	109	5207	2.05	CHH
3	22930322	22932315	707	3255	17.84	CG
3	22930322	22932315	143	4069	3.40	CHG
3	22930322	22932315	544	18299	2.89	CHH
3	22977964	22978503	357	267	57.21	CG
3	22977964	22978503	392	628	38.43	CHG
3	22977964	22978503	731	3028	19.45	CHH
3	23158824	23162446	1931	8553	18.42	CG
3	23158824	23162446	796	5764	12.13	CHG
3	23158824	23162446	2035	26066	7.24	CHH
3	23440227	23440314	11	145	7.05	CHG
3	23440227	23440314	17	770	2.16	CHH
3	23502337	23503127	402	95	80.89	CG
3	23502337	23503127	66	468	12.36	CHG
3	23502337	23503127	708	5272	11.84	CHH
3	24402381	24402506	48	1492	3.12	CG
3	24402381	24402506	25	464	5.11	CHG
3	24402381	24402506	43	829	4.93	CHH
3	24697252	24697403	1	118	0.84	CG
3	24697252	24697403	6	248	2.36	CHG
3	24697252	24697403	17	1056	1.58	CHH
3	25124576	25125712	1334	553	70.69	CG
3	25124576	25125712	643	641	50.08	CHG
3	25124576	25125712	2697	6931	28.01	CHH
3	25238096	25238349	184	82	69.17	CG
3	25238096	25238349	4	619	0.64	CHG
3	25238096	25238349	52	2163	2.35	CHH
3	26463242	26463534	172	647	21.00	CG
3	26463242	26463534	31	762	3.91	CHG
3	26463242	26463534	99	1782	5.26	CHH
3	28036385	28036532	6	472	1.26	CG
3	28036385	28036532	21	432	4.64	CHG
3	28036385	28036532	43	1205	3.45	CHH
3	28421210	28421588	6	543	1.09	CG
3	28421210	28421588	53	897	5.58	CHG
3	28421210	28421588	143	3046	4.48	CHH
3	28828352	28828674	187	174	51.80	CG
3	28828352	28828674	3	105	2.78	CHG
3	28828352	28828674	597	2615	18.59	CHH
3	28883667	28884002	79	59	57.25	CG
3	28883667	28884002	52	320	13.98	CHG
3	28883667	28884002	88	2840	3.01	CHH
3	28999678	28999814	76	65	53.90	CG
3	28999678	28999814	83	60	58.04	CHG
3	28999678	28999814	260	663	28.17	CHH
3	29036320	29036527	1257	36	97.22	CG
3	29036320	29036527	103	203	33.66	CHG
3	29036320	29036527	221	804	21.56	CHH
3	29048284	29048488	1418	40	97.26	CG
3	29048284	29048488	962	286	77.08	CHG
3	29048284	29048488	241	1168	17.10	CHH
3	29804060	29804313	1	334	0.30	CG
3	29804060	29804313	13	702	1.82	CHG
3	29804060	29804313	60	2307	2.53	CHH
3	31242980	31243426	1842	21	98.87	CG
3	31242980	31243426	986	181	84.49	CHG
3	31242980	31243426	315	1890	14.29	CHH
3	31550060	31550292	588	153	79.35	CG
3	31550060	31550292	196	181	51.99	CHG
3	31550060	31550292	290	2040	12.45	CHH
3	32992420	32993458	675	782	46.33	CG
3	32992420	32993458	260	889	22.63	CHG
3	32992420	32993458	510	7399	6.45	CHH
3	33907932	33908490	54	191	22.04	CG
3	33907932	33908490	46	1449	3.08	CHG
3	33907932	33908490	147	5599	2.56	CHH
3	34241449	34241654	6	257	2.28	CG
3	34241449	34241654	45	681	6.20	CHG
3	34241449	34241654	50	1660	2.92	CHH
3	34254363	34255907	586	1955	23.06	CG
3	34254363	34255907	216	3358	6.04	CHG
3	34254363	34255907	985	10032	8.94	CHH
3	34833000	34833309	755	49	93.91	CG
3	34833000	34833309	477	100	82.67	CHG
3	34833000	34833309	291	1250	18.88	CHH
3	35110086	35110256	63	0	100.00	CG
3	35110086	35110256	1	208	0.48	CHG
3	35110086	35110256	49	1465	3.24	CHH
3	35180241	35180554	249	10	96.14	CG
3	35180241	35180554	46	858	5.09	CHG
3	35180241	35180554	84	3098	2.64	CHH
3	35917041	35917731	1141	506	69.28	CG
3	35917041	35917731	386	748	34.04	CHG
3	35917041	35917731	791	4801	14.15	CHH
3	36048993	36049255	4	352	1.12	CG
3	36048993	36049255	39	562	6.49	CHG
3	36048993	36049255	111	1914	5.48	CHH
3	36390761	36392058	123	4413	2.71	CG
3	36390761	36392058	110	3213	3.31	CHG
3	36390761	36392058	364	9754	3.60	CHH
4	2128481	2128855	261	50	83.92	CG
4	2128481	2128855	70	221	24.05	CHG
4	2128481	2128855	328	2442	11.84	CHH
4	2540394	2540485	174	36	82.86	CG
4	2540394	2540485	142	81	63.68	CHG
4	2540394	2540485	18	629	2.78	CHH
4	3036997	3037085	315	9	97.22	CG
4	3036997	3037085	82	74	52.56	CHG
4	3036997	3037085	32	233	12.08	CHH
4	3390058	3390156	2	1	66.67	CG
4	3390058	3390156	0	1	0.00	CHG
4	3390058	3390156	0	2	0.00	CHH
4	4049820	4050064	439	11	97.56	CG
4	4049820	4050064	252	103	70.99	CHG
4	4049820	4050064	116	1734	6.27	CHH
4	4695559	4695777	552	29	95.01	CG
4	4695559	4695777	191	151	55.85	CHG
4	4695559	4695777	89	988	8.26	CHH
4	5205473	5206792	3574	88	97.60	CG
4	5205473	5206792	2202	658	76.99	CHG
4	5205473	5206792	1046	11915	8.07	CHH
4	5370300	5370990	926	31	96.76	CG
4	5370300	5370990	597	136	81.45	CHG
4	5370300	5370990	100	1668	5.66	CHH
4	7250146	7253105	2214	10709	17.13	CG
4	7250146	7253105	1860	5967	23.76	CHG
4	7250146	7253105	1424	23608	5.69	CHH
4	7946934	7947116	311	6	98.11	CG
4	7946934	7947116	202	95	68.01	CHG
4	7946934	7947116	84	1339	5.90	CHH
4	7976120	7976768	12	332	3.49	CG
4	7976120	7976768	29	784	3.57	CHG
4	7976120	7976768	69	3140	2.15	CHH
4	7998972	7999131	0	66	0.00	CG
4	7998972	7999131	14	174	7.45	CHG
4	7998972	7999131	40	1028	3.75	CHH
4	9504426	9506750	3585	250	93.48	CG
4	9504426	9506750	2718	1525	64.06	CHG
4	9504426	9506750	1001	21430	4.46	CHH
4	10597218	10597775	1414	59	95.99	CG
4	10597218	10597775	1888	374	83.47	CHG
4	10597218	10597775	250	4898	4.86	CHH
4	11254426	11254603	1	145	0.68	CG
4	11254426	11254603	5	255	1.92	CHG
4	11254426	11254603	16	1208	1.31	CHH
4	11479976	11481063	120	749	13.81	CG
4	11479976	11481063	40	1554	2.51	CHG
4	11479976	11481063	275	8666	3.08	CHH
4	12511724	12511877	123	3	97.62	CG
4	12511724	12511877	321	127	71.65	CHG
4	12511724	12511877	89	1230	6.75	CHH
4	12570254	12573173	4585	108	97.70	CG
4	12570254	12573173	6144	1097	84.85	CHG
4	12570254	12573173	1867	25852	6.74	CHH
4	14336636	14336825	405	3	99.26	CG
4	14336636	14336825	354	132	72.84	CHG
4	14336636	14336825	76	1300	5.52	CHH
4	15422154	15422563	274	7	97.51	CG
4	15422154	15422563	293	109	72.89	CHG
4	15422154	15422563	566	2367	19.30	CHH
4	15927777	15928107	12	865	1.37	CG
4	15927777	15928107	26	773	3.25	CHG
4	15927777	15928107	105	2893	3.50	CHH
4	16377949	16378038	252	11	95.82	CG
4	16377949	16378038	201	58	77.61	CHG
4	16377949	16378038	57	757	7.00	CHH
4	16429861	16430118	209	5	97.66	CG
4	16429861	16430118	375	61	86.01	CHG
4	16429861	16430118	112	1509	6.91	CHH
4	16739824	16740091	534	17	96.91	CG
4	16739824	16740091	134	92	59.29	CHG
4	16739824	16740091	65	1440	4.32	CHH
4	16870850	16871033	234	7	97.10	CG
4	16870850	16871033	4	74	5.13	CHG
4	16870850	16871033	109	2018	5.12	CHH
4	16929303	16929386	10	106	8.62	CG
4	16929303	16929386	0	32	0.00	CHG
4	16929303	16929386	11	604	1.79	CHH
4	18861290	18861421	101	7	93.52	CG
4	18861290	18861421	57	16	78.08	CHG
4	18861290	18861421	474	424	52.78	CHH
4	18879559	18879953	2055	34	98.37	CG
4	18879559	18879953	1258	379	76.85	CHG
4	18879559	18879953	430	2558	14.39	CHH
4	19594453	19594613	0	137	0.00	CG
4	19594453	19594613	2	353	0.56	CHG
4	19594453	19594613	69	706	8.90	CHH
4	21836525	21836740	3	314	0.95	CG
4	21836525	21836740	22	558	3.79	CHG
4	21836525	21836740	46	1573	2.84	CHH
4	22149701	22149888	27	1055	2.50	CG
4	22149701	22149888	29	418	6.49	CHG
4	22149701	22149888	68	1394	4.65	CHH
4	24463582	24463728	3	285	1.04	CG
4	24463582	24463728	12	210	5.41	CHG
4	24463582	24463728	57	1375	3.98	CHH
4	24879051	24879296	0	60	0.00	CG
4	24879051	24879296	13	1010	1.27	CHG
4	24879051	24879296	66	1882	3.39	CHH
4	25700367	25700823	2810	50	98.25	CG
4	25700367	25700823	1103	548	66.81	CHG
4	25700367	25700823	703	4012	14.91	CHH
4	26025305	26025523	134	5	96.40	CG
4	26025305	26025523	15	556	2.63	CHG
4	26025305	26025523	40	2043	1.92	CHH
4	26125746	26125921	121	2	98.37	CG
4	26125746	26125921	112	24	82.35	CHG
4	26125746	26125921	91	1168	7.23	CHH
4	28854448	28854672	23	724	3.08	CG
4	28854448	28854672	24	353	6.37	CHG
4	28854448	28854672	71	1678	4.06	CHH
4	31600862	31601333	1044	69	93.80	CG
4	31600862	31601333	811	444	64.62	CHG
4	31600862	31601333	314	3399	8.46	CHH
4	32665225	32665685	52	2801	1.82	CG
4	32665225	32665685	87	1995	4.18	CHG
4	32665225	32665685	194	4521	4.11	CHH
4	32845260	32845468	177	9	95.16	CG
4	32845260	32845468	6	606	0.98	CHG
4	32845260	32845468	58	1966	2.87	CHH
4	32907649	32907913	726	29	96.16	CG
4	32907649	32907913	883	148	85.65	CHG
4	32907649	32907913	224	2837	7.32	CHH
4	32976630	32976775	2	169	1.17	CG
4	32976630	32976775	9	195	4.41	CHG
4	32976630	32976775	38	1060	3.46	CHH
4	33538001	33538284	246	13	94.98	CG
4	33538001	33538284	310	57	84.47	CHG
4	33538001	33538284	77	922	7.71	CHH
5	22552	22704	209	14	93.72	CG
5	22552	22704	143	19	88.27	CHG
5	22552	22704	50	731	6.40	CHH
5	167915	169390	891	256	77.68	CG
5	167915	169390	215	491	30.45	CHG
5	167915	169390	628	8725	6.71	CHH
5	802197	802307	0	117	0.00	CG
5	802197	802307	4	195	2.01	CHG
5	802197	802307	14	1298	1.07	CHH
5	1555477	1555743	174	3	98.31	CG
5	1555477	1555743	9	600	1.48	CHG
5	1555477	1555743	67	2468	2.64	CHH
5	1623822	1624065	898	22	97.61	CG
5	1623822	1624065	425	129	76.71	CHG
5	1623822	1624065	140	557	20.09	CHH
5	1649481	1650024	1862	50	97.38	CG
5	1649481	1650024	839	534	61.11	CHG
5	1649481	1650024	486	4731	9.32	CHH
5	2535968	2537410	382	6400	5.63	CG
5	2535968	2537410	192	4854	3.80	CHG
5	2535968	2537410	503	15457	3.15	CHH
5	3201536	3202094	85	306	21.74	CG
5	3201536	3202094	172	554	23.69	CHG
5	3201536	3202094	836	3617	18.77	CHH
5	3642042	3642277	764	33	95.86	CG
5	3642042	3642277	148	168	46.84	CHG
5	3642042	3642277	106	1517	6.53	CHH
5	4042346	4043559	1235	15	98.80	CG
5	4042346	4043559	837	188	81.66	CHG
5	4042346	4043559	262	3613	6.76	CHH
5	5042999	5043643	100	1	99.01	CG
5	5042999	5043643	48	8	85.71	CHG
5	5042999	5043643	38	597	5.98	CHH
5	6697788	6698020	304	13	95.90	CG
5	6697788	6698020	25	548	4.36	CHG
5	6697788	6698020	74	2380	3.02	CHH
5	8888812	8888977	129	3	97.73	CG
5	8888812	8888977	410	31	92.97	CHG
5	8888812	8888977	119	1048	10.20	CHH
5	9364313	9364413	495	4	99.20	CG
5	9364313	9364413	319	101	75.95	CHG
5	9364313	9364413	87	536	13.96	CHH
5	12549332	12549415	0	3	0.00	CHH
5	12809268	12809477	732	34	95.56	CG
5	12809268	12809477	263	176	59.91	CHG
5	12809268	12809477	106	857	11.01	CHH
5	13857407	13857542	861	18	97.95	CG
5	13857407	13857542	201	88	69.55	CHG
5	13857407	13857542	122	924	11.66	CHH
5	14246535	14246708	3	134	2.19	CG
5	14246535	14246708	1	67	1.47	CHG
5	14246535	14246708	67	2128	3.05	CHH
5	15249273	15249609	810	23	97.24	CG
5	15249273	15249609	490	165	74.81	CHG
5	15249273	15249609	243	2896	7.74	CHH
5	15263881	15264136	1270	16	98.76	CG
5	15263881	15264136	605	214	73.87	CHG
5	15263881	15264136	206	1418	12.68	CHH
5	15295856	15296058	615	22	96.55	CG
5	15295856	15296058	248	112	68.89	CHG
5	15295856	15296058	43	857	4.78	CHH
5	15380224	15380482	85	3	96.59	CG
5	15380224	15380482	92	14	86.79	CHG
5	15380224	15380482	20	226	8.13	CHH
5	16141049	16142222	2244	65	97.18	CG
5	16141049	16142222	1448	228	86.40	CHG
5	16141049	16142222	695	8509	7.55	CHH
5	16604726	16607053	3157	294	91.48	CG
5	16604726	16607053	1868	1103	62.87	CHG
5	16604726	16607053	1787	17646	9.20	CHH
5	16695358	16697204	1364	1422	48.96	CG
5	16695358	16697204	1350	1263	51.66	CHG
5	16695358	16697204	963	11102	7.98	CHH
5	17145149	17145240	2	55	3.51	CG
5	17145149	17145240	19	642	2.87	CHH
5	17275880	17277194	936	973	49.03	CG
5	17275880	17277194	174	2093	7.68	CHG
5	17275880	17277194	622	9338	6.24	CHH
5	18555974	18556911	1658	310	84.25	CG
5	18555974	18556911	671	602	52.71	CHG
5	18555974	18556911	560	9314	5.67	CHH
5	18614365	18615227	2186	76	96.64	CG
5	18614365	18615227	1016	335	75.20	CHG
5	18614365	18615227	1037	5072	16.97	CHH
5	19082868	19087589	2572	4188	38.05	CG
5	19082868	19087589	596	10902	5.18	CHG
5	19082868	19087589	2194	40719	5.11	CHH
5	19475239	19475452	5	380	1.30	CG
5	19475239	19475452	8	622	1.27	CHG
5	19475239	19475452	64	1835	3.37	CHH
5	19550564	19550779	15	99	13.16	CHG
5	19550564	19550779	112	1562	6.69	CHH
5	19686229	19688559	1716	3851	30.82	CG
5	19686229	19688559	1171	2696	30.28	CHG
5	19686229	19688559	1606	17579	8.37	CHH
5	20197683	20197907	9	1365	0.66	CG
5	20197683	20197907	23	784	2.85	CHG
5	20197683	20197907	38	1445	2.56	CHH
5	20639725	20640817	983	81	92.39	CG
5	20639725	20640817	184	2284	7.46	CHG
5	20639725	20640817	275	8404	3.17	CHH
5	21196473	21196736	180	2	98.90	CG
5	21196473	21196736	241	16	93.77	CHG
5	21196473	21196736	311	2141	12.68	CHH
5	21222554	21222810	131	103	55.98	CHG
5	21222554	21222810	96	2089	4.39	CHH
5	21231311	21231463	16	666	2.35	CG
5	21231311	21231463	21	572	3.54	CHG
5	21231311	21231463	46	1001	4.39	CHH
5	21771662	21772418	1024	370	73.46	CG
5	21771662	21772418	839	688	54.94	CHG
5	21771662	21772418	392	5391	6.78	CHH
5	22632027	22632224	10	932	1.06	CG
5	22632027	22632224	15	765	1.92	CHG
5	22632027	22632224	44	1391	3.07	CHH
5	23446330	23446424	8	1	88.89	CG
5	23446330	23446424	9	60	13.04	CHH
5	23498602	23498699	135	5	96.43	CG
5	23498602	23498699	59	2	96.72	CHG
5	23498602	23498699	859	308	73.61	CHH
5	23589096	23589233	7	256	2.66	CHG
5	23589096	23589233	50	1375	3.51	CHH
5	23597717	23597952	0	124	0.00	CG
5	23597717	23597952	14	335	4.01	CHG
5	23597717	23597952	82	1946	4.04	CHH
5	23799970	23800819	82	2787	2.86	CG
5	23799970	23800819	92	2288	3.87	CHG
5	23799970	23800819	202	6120	3.20	CHH
5	24767463	24767619	17	878	1.90	CG
5	24767463	24767619	9	273	3.19	CHG
5	24767463	24767619	31	1187	2.55	CHH
5	24958493	24960927	1133	1567	41.96	CG
5	24958493	24960927	260	4183	5.85	CHG
5	24958493	24960927	784	19788	3.81	CHH
5	25117789	25118255	141	2482	5.38	CG
5	25117789	25118255	68	1178	5.46	CHG
5	25117789	25118255	132	2791	4.52	CHH
5	25683760	25686062	1303	8719	13.00	CG
5	25683760	25686062	948	6725	12.36	CHG
5	25683760	25686062	1970	13312	12.89	CHH
5	25916431	25917101	1165	30	97.49	CG
5	25916431	25917101	667	355	65.26	CHG
5	25916431	25917101	1210	5885	17.05	CHH
5	26920490	26922938	59	3681	1.58	CG
5	26920490	26922938	212	7305	2.82	CHG
5	26920490	26922938	663	20966	3.07	CHH
5	27294148	27294484	17	945	1.77	CG
5	27294148	27294484	24	721	3.22	CHG
5	27294148	27294484	86	2475	3.36	CHH
5	27692643	27692794	13	503	2.52	CG
5	27692643	27692794	13	531	2.39	CHG
5	27692643	27692794	71	1138	5.87	CHH
5	28353397	28355104	1889	275	87.29	CG
5	28353397	28355104	195	3363	5.48	CHG
5	28353397	28355104	460	14928	2.99	CHH
5	28438764	28438936	277	8	97.19	CG
5	28438764	28438936	361	42	89.58	CHG
5	28438764	28438936	134	1116	10.72	CHH
5	29278792	29278999	119	2	98.35	CG
5	29278792	29278999	87	4	95.60	CHG
5	29278792	29278999	41	448	8.38	CHH
5	29368004	29368261	152	11	93.25	CG
5	29368004	29368261	373	25	93.72	CHG
5	29368004	29368261	152	2129	6.66	CHH
5	29393677	29395023	441	26	94.43	CG
5	29393677	29395023	385	77	83.33	CHG
5	29393677	29395023	111	1096	9.20	CHH
5	29485227	29485510	480	345	58.18	CG
5	29485227	29485510	161	657	19.68	CHG
5	29485227	29485510	213	2736	7.22	CHH
6	247291	247913	22	1449	1.50	CG
6	247291	247913	48	1288	3.59	CHG
6	247291	247913	105	4755	2.16	CHH
6	368015	368245	5	571	0.87	CG
6	368015	368245	23	661	3.36	CHG
6	368015	368245	63	2392	2.57	CHH
6	521167	522087	277	1346	17.07	CG
6	521167	522087	125	1232	9.21	CHG
6	521167	522087	786	6748	10.43	CHH
6	813527	813697	136	1	99.27	CG
6	813527	813697	5	383	1.29	CHG
6	813527	813697	62	2067	2.91	CHH
6	958185	960061	3022	1489	66.99	CG
6	958185	960061	1145	1332	46.23	CHG
6	958185	960061	1168	11249	9.41	CHH
6	1267865	1268035	996	26	97.46	CG
6	1267865	1268035	513	195	72.46	CHG
6	1267865	1268035	108	1234	8.05	CHH
6	2300838	2300945	1	229	0.43	CG
6	2300838	2300945	16	431	3.58	CHG
6	2300838	2300945	41	1240	3.20	CHH
6	3639180	3639309	2	292	0.68	CG
6	3639180	3639309	10	324	2.99	CHG
6	3639180	3639309	43	1215	3.42	CHH
6	3944739	3945664	353	605	36.85	CG
6	3944739	3945664	382	774	33.04	CHG
6	3944739	3945664	716	6975	9.31	CHH
6	4300749	4300941	580	24	96.03	CG
6	4300749	4300941	212	204	50.96	CHG
6	4300749	4300941	180	2221	7.50	CHH
6	4553472	4553595	688	11	98.43	CG
6	4553472	4553595	138	103	57.26	CHG
6	4553472	4553595	112	731	13.29	CHH
6	4806070	4806315	76	882	7.93	CG
6	4806070	4806315	37	429	7.94	CHG
6	4806070	4806315	51	1667	2.97	CHH
6	5243918	5246329	1829	2337	43.90	CG
6	5243918	5246329	214	6874	3.02	CHG
6	5243918	5246329	637	20471	3.02	CHH
6	5335954	5337126	816	1336	37.92	CG
6	5335954	5337126	457	1167	28.14	CHG
6	5335954	5337126	1469	6175	19.22	CHH
6	6556692	6557000	12	1440	0.83	CG
6	6556692	6557000	32	759	4.05	CHG
6	6556692	6557000	79	2503	3.06	CHH
6	7262284	7262394	7	329	2.08	CHG
6	7262284	7262394	17	1248	1.34	CHH
6	7296360	7297580	586	40	93.61	CG
6	7296360	7297580	462	98	82.50	CHG
6	7296360	7297580	172	2194	7.27	CHH
6	7450229	7452500	3235	548	85.51	CG
6	7450229	7452500	2308	1129	67.15	CHG
6	7450229	7452500	2125	16660	11.31	CHH
6	8010667	8010997	1135	42	96.43	CG
6	8010667	8010997	660	280	70.21	CHG
6	8010667	8010997	296	2599	10.22	CHH
6	8383109	8385458	1767	8157	17.81	CG
6	8383109	8385458	854	4168	17.01	CHG
6	8383109	8385458	981	17278	5.37	CHH
6	8415805	8416695	1636	38	97.73	CG
6	8415805	8416695	1253	456	73.32	CHG
6	8415805	8416695	648	7084	8.38	CHH
6	8434419	8434622	379	10	97.43	CG
6	8434419	8434622	411	104	79.81	CHG
6	8434419	8434622	250	857	22.58	CHH
6	9748876	9749062	522	175	74.89	CG
6	9748876	9749062	22	234	8.59	CHG
6	9748876	9749062	110	1610	6.40	CHH
6	9753551	9753693	101	2	98.06	CG
6	9753551	9753693	130	21	86.09	CHG
6	9753551	9753693	75	438	14.62	CHH
6	10075237	10075575	700	24	96.69	CG
6	10075237	10075575	1118	161	87.41	CHG
6	10075237	10075575	327	2800	10.46	CHH
6	10093461	10093858	580	16	97.32	CG
6	10093461	10093858	265	240	52.48	CHG
6	10093461	10093858	190	2982	5.99	CHH
6	10113029	10113177	193	2	98.97	CG
6	10113029	10113177	99	41	70.71	CHG
6	10113029	10113177	260	683	27.57	CHH
6	10217891	10218933	2024	60	97.12	CG
6	10217891	10218933	2334	323	87.84	CHG
6	10217891	10218933	692	8922	7.20	CHH
6	11173234	11173456	61	69	46.92	CG
6	11173234	11173456	726	775	48.37	CHH
6	11608473	11613132	7100	1247	85.06	CG
6	11608473	11613132	4800	3226	59.81	CHG
6	11608473	11613132	3433	26942	11.30	CHH
6	11851633	11851862	161	9	94.71	CG
6	11851633	11851862	416	123	77.18	CHG
6	11851633	11851862	72	1690	4.09	CHH
6	14122214	14122520	499	5	99.01	CG
6	14122214	14122520	568	90	86.32	CHG
6	14122214	14122520	422	1633	20.54	CHH
6	14227883	14228030	225	8	96.57	CG
6	14227883	14228030	134	35	79.29	CHG
6	14227883	14228030	77	938	7.59	CHH
6	14470606	14472078	2805	80	97.23	CG
6	14470606	14472078	2799	481	85.34	CHG
6	14470606	14472078	1166	9771	10.66	CHH
6	14807254	14809068	2954	850	77.66	CG
6	14807254	14809068	2594	1421	64.61	CHG
6	14807254	14809068	2357	14763	13.77	CHH
6	14821713	14821802	86	3	96.63	CG
6	14821713	14821802	189	14	93.10	CHG
6	14821713	14821802	49	504	8.86	CHH
6	14830897	14831902	1554	30	98.11	CG
6	14830897	14831902	2208	255	89.65	CHG
6	14830897	14831902	609	9088	6.28	CHH
6	14905971	14906794	1664	28	98.35	CG
6	14905971	14906794	1655	126	92.93	CHG
6	14905971	14906794	662	5184	11.32	CHH
6	15103747	15105627	2400	70	97.17	CG
6	15103747	15105627	2110	418	83.47	CHG
6	15103747	15105627	1087	16231	6.28	CHH
6	15441362	15441506	5592	300	94.91	CG
6	15441362	15441506	597	341	63.65	CHG
6	15441362	15441506	797	7042	10.17	CHH
6	15563454	15563591	115	4	96.64	CG
6	15563454	15563591	186	26	87.74	CHG
6	15563454	15563591	58	887	6.14	CHH
6	16686020	16686529	1108	48	95.85	CG
6	16686020	16686529	500	155	76.34	CHG
6	16686020	16686529	166	3567	4.45	CHH
6	17158669	17158861	249	84	74.77	CG
6	17158669	17158861	8	258	3.01	CHG
6	17158669	17158861	110	1408	7.25	CHH
6	17199198	17199462	187	24	88.63	CG
6	17199198	17199462	28	27	50.91	CHG
6	17199198	17199462	66	1494	4.23	CHH
6	17345586	17347256	5427	152	97.28	CG
6	17345586	17347256	2875	780	78.66	CHG
6	17345586	17347256	1553	14189	9.87	CHH
6	17660877	17661057	283	11	96.26	CG
6	17660877	17661057	357	61	85.41	CHG
6	17660877	17661057	55	1140	4.60	CHH
6	18643334	18643833	299	5	98.36	CG
6	18643334	18643833	108	102	51.43	CHG
6	18643334	18643833	29	204	12.45	CHH
6	18777954	18779043	1552	40	97.49	CG
6	18777954	18779043	932	243	79.32	CHG
6	18777954	18779043	624	9061	6.44	CHH
6	18810122	18813496	5984	859	87.45	CG
6	18810122	18813496	2609	3130	45.46	CHG
6	18810122	18813496	1661	24668	6.31	CHH
6	19312818	19314797	3466	2314	59.97	CG
6	19312818	19314797	1561	2263	40.82	CHG
6	19312818	19314797	2131	15592	12.02	CHH
6	20357482	20357681	391	16	96.07	CG
6	20357482	20357681	189	93	67.02	CHG
6	20357482	20357681	83	1555	5.07	CHH
6	20439044	20439654	12	836	1.42	CG
6	20439044	20439654	70	1844	3.66	CHG
6	20439044	20439654	158	5333	2.88	CHH
6	21127919	21128043	340	13	96.32	CG
6	21127919	21128043	9	26	25.71	CHG
6	21127919	21128043	90	882	9.26	CHH
6	21587628	21587841	237	5	97.93	CG
6	21587628	21587841	166	10	94.32	CHG
6	21587628	21587841	159	1622	8.93	CHH
6	22156671	22156886	9	740	1.20	CG
6	22156671	22156886	12	533	2.20	CHG
6	22156671	22156886	56	2342	2.34	CHH
6	22194216	22196915	3121	1040	75.01	CG
6	22194216	22196915	1510	3502	30.13	CHG
6	22194216	22196915	1068	23222	4.40	CHH
6	22609287	22612484	4166	2897	58.98	CG
6	22609287	22612484	2437	3319	42.34	CHG
6	22609287	22612484	5367	19337	21.73	CHH
6	22611980	22612934	431	774	35.77	CG
6	22611980	22612934	457	500	47.75	CHG
6	22611980	22612934	1498	2902	34.05	CHH
6	23257492	23257741	1226	33	97.38	CG
6	23257492	23257741	490	129	79.16	CHG
6	23257492	23257741	215	1016	17.47	CHH
6	23764410	23764702	62	3	95.38	CG
6	23764410	23764702	20	9	68.97	CHG
6	23764410	23764702	149	3327	4.29	CHH
6	23867262	23869017	449	7147	5.91	CG
6	23867262	23869017	685	3836	15.15	CHG
6	23867262	23869017	1159	13533	7.89	CHH
6	24469529	24469704	124	4	96.88	CG
6	24469529	24469704	446	20	95.71	CHG
6	24469529	24469704	108	1690	6.01	CHH
6	26027042	26027922	746	41	94.79	CG
6	26027042	26027922	235	479	32.91	CHG
6	26027042	26027922	339	6597	4.89	CHH
6	27428621	27432072	2126	5281	28.70	CG
6	27428621	27432072	759	8137	8.53	CHG
6	27428621	27432072	1548	27844	5.27	CHH
6	27581080	27581338	787	36	95.63	CG
6	27581080	27581338	452	115	79.72	CHG
6	27581080	27581338	352	1943	15.34	CHH
6	27924772	27924989	193	5	97.47	CG
6	27924772	27924989	27	675	3.85	CHG
6	27924772	27924989	62	1530	3.89	CHH
6	28789509	28791244	584	1059	35.54	CG
6	28789509	28791244	232	3554	6.13	CHG
6	28789509	28791244	613	13622	4.31	CHH
6	28955148	28955268	6	219	2.67	CHG
6	28955148	28955268	25	837	2.90	CHH
6	29172271	29175087	1284	739	63.47	CG
6	29172271	29175087	175	7559	2.26	CHG
6	29172271	29175087	927	28569	3.14	CHH
6	30516258	30516520	204	355	36.49	CG
6	30516258	30516520	60	193	23.72	CHG
6	30516258	30516520	447	1756	20.29	CHH
6	31188015	31188697	185	65	74.00	CG
6	31188015	31188697	40	1428	2.72	CHG
6	31188015	31188697	172	5805	2.88	CHH
6	31222643	31224540	2152	68	96.94	CG
6	31222643	31224540	179	3621	4.71	CHG
6	31222643	31224540	764	14989	4.85	CHH
7	411438	411715	454	26	94.58	CG
7	411438	411715	326	341	48.88	CHG
7	411438	411715	184	1959	8.59	CHH
7	993029	993215	6	217	2.69	CG
7	993029	993215	40	344	10.42	CHG
7	993029	993215	61	1469	3.99	CHH
7	1846760	1848970	2171	514	80.86	CG
7	1846760	1848970	172	5271	3.16	CHG
7	1846760	1848970	829	20983	3.80	CHH
7	2224488	2225213	87	2209	3.79	CG
7	2224488	2225213	78	1781	4.20	CHG
7	2224488	2225213	141	5756	2.39	CHH
7	2447769	2451203	2600	8981	22.45	CG
7	2447769	2451203	1103	7633	12.63	CHG
7	2447769	2451203	2669	25991	9.31	CHH
7	2483423	2483554	333	94	77.99	CG
7	2483423	2483554	90	46	66.18	CHG
7	2483423	2483554	207	499	29.32	CHH
7	2618288	2618484	151	5	96.79	CG
7	2618288	2618484	4	73	5.19	CHG
7	2618288	2618484	57	1677	3.29	CHH
7	2946799	2949545	1346	6111	18.05	CG
7	2946799	2949545	221	7295	2.94	CHG
7	2946799	2949545	839	24203	3.35	CHH
7	3992526	3992733	170	21	89.01	CG
7	3992526	3992733	21	669	3.04	CHG
7	3992526	3992733	88	1984	4.25	CHH
7	4299561	4299774	166	217	43.34	CG
7	4299561	4299774	18	233	7.17	CHG
7	4299561	4299774	32	1342	2.33	CHH
7	4594741	4595750	364	1865	16.33	CG
7	4594741	4595750	99	2602	3.67	CHG
7	4594741	4595750	361	11475	3.05	CHH
7	4802020	4804153	189	2935	6.05	CG
7	4802020	4804153	212	2211	8.75	CHG
7	4802020	4804153	740	18494	3.85	CHH
7	5473306	5473520	101	1	99.02	CG
7	5473306	5473520	96	9	91.43	CHG
7	5473306	5473520	54	1472	3.54	CHH
7	6327476	6328339	1617	55	96.71	CG
7	6327476	6328339	1051	192	84.55	CHG
7	6327476	6328339	331	4191	7.32	CHH
7	6575263	6575711	2	188	1.05	CG
7	6575263	6575711	1	61	1.61	CHG
7	6575263	6575711	127	3688	3.33	CHH
7	6605103	6605624	1917	46	97.66	CG
7	6605103	6605624	468	725	39.23	CHG
7	6605103	6605624	238	3592	6.21	CHH
7	6829453	6829599	23	250	8.42	CHG
7	6829453	6829599	58	1744	3.22	CHH
7	6919655	6920441	1738	290	85.70	CG
7	6919655	6920441	1359	1088	55.54	CHG
7	6919655	6920441	475	6751	6.57	CHH
7	7348687	7348951	61	4	93.85	CG
7	7348687	7348951	12	304	3.80	CHG
7	7348687	7348951	77	2232	3.33	CHH
7	7538627	7540224	1596	608	72.41	CG
7	7538627	7540224	610	1265	32.53	CHG
7	7538627	7540224	1144	12598	8.32	CHH
7	7676619	7677136	645	22	96.70	CG
7	7676619	7677136	630	135	82.35	CHG
7	7676619	7677136	266	4153	6.02	CHH
7	7868604	7868899	1008	25	97.58	CG
7	7868604	7868899	615	200	75.46	CHG
7	7868604	7868899	102	2136	4.56	CHH
7	7896981	7897138	53	1	98.15	CG
7	7896981	7897138	393	38	91.18	CHG
7	7896981	7897138	74	1265	5.53	CHH
7	7950410	7951127	183	3114	5.55	CG
7	7950410	7951127	104	1934	5.10	CHG
7	7950410	7951127	406	5179	7.27	CHH
7	8994834	8994985	291	8	97.32	CG
7	8994834	8994985	17	393	4.15	CHG
7	8994834	8994985	32	967	3.20	CHH
7	9688947	9691039	1554	5316	22.62	CG
7	9688947	9691039	1721	2557	40.23	CHG
7	9688947	9691039	955	12819	6.93	CHH
7	10365529	10365796	971	19	98.08	CG
7	10365529	10365796	182	30	85.85	CHG
7	10365529	10365796	102	1952	4.97	CHH
7	10449611	10449795	251	15	94.36	CG
7	10449611	10449795	256	45	85.05	CHG
7	10449611	10449795	101	1879	5.10	CHH
7	10549868	10550083	205	14	93.61	CG
7	10549868	10550083	182	63	74.29	CHG
7	10549868	10550083	101	1530	6.19	CHH
7	10635123	10635434	391	285	57.84	CG
7	10635123	10635434	487	176	73.45	CHG
7	10635123	10635434	1189	1642	42.00	CHH
7	10877526	10878054	2865	71	97.58	CG
7	10877526	10878054	846	338	71.45	CHG
7	10877526	10878054	434	2665	14.00	CHH
7	11466967	11467449	1090	23	97.93	CG
7	11466967	11467449	667	137	82.96	CHG
7	11466967	11467449	213	3312	6.04	CHH
7	11601703	11602144	332	13	96.23	CG
7	11601703	11602144	323	50	86.60	CHG
7	11601703	11602144	321	3653	8.08	CHH
7	11983577	11984979	968	109	89.88	CG
7	11983577	11984979	828	485	63.06	CHG
7	11983577	11984979	579	9805	5.58	CHH
7	12411232	12411465	138	0	100.00	CG
7	12411232	12411465	86	28	75.44	CHG
7	12411232	12411465	21	172	10.88	CHH
7	12792717	12792888	112	6	94.92	CG
7	12792717	12792888	160	16	90.91	CHG
7	12792717	12792888	115	1075	9.66	CHH
7	12807464	12807960	556	16	97.20	CG
7	12807464	12807960	739	400	64.88	CHG
7	12807464	12807960	340	5263	6.07	CHH
7	13460211	13460326	513	11	97.90	CG
7	13460211	13460326	78	109	41.71	CHG
7	13460211	13460326	68	439	13.41	CHH
7	15065372	15067232	2787	84	97.07	CG
7	15065372	15067232	2734	585	82.37	CHG
7	15065372	15067232	1005	16145	5.86	CHH
7	15194897	15195154	3	155	1.90	CG
7	15194897	15195154	6	191	3.05	CHG
7	15194897	15195154	63	2737	2.25	CHH
7	15838174	15840597	2022	2221	47.65	CG
7	15838174	15840597	659	2469	21.07	CHG
7	15838174	15840597	2181	15991	12.00	CHH
7	16417756	16417995	184	8	95.83	CG
7	16417756	16417995	75	43	63.56	CHG
7	16417756	16417995	178	2134	7.70	CHH
7	17006268	17006989	3224	87	97.37	CG
7	17006268	17006989	1117	296	79.05	CHG
7	17006268	17006989	687	5559	11.00	CHH
7	17339592	17339751	1	143	0.69	CG
7	17339592	17339751	3	410	0.73	CHG
7	17339592	17339751	47	1647	2.77	CHH
7	17913342	17913726	1255	47	96.39	CG
7	17913342	17913726	751	180	80.67	CHG
7	17913342	17913726	540	3645	12.90	CHH
7	18987148	18987233	11	87	11.22	CG
7	18987148	18987233	10	41	19.61	CHG
7	18987148	18987233	23	623	3.56	CHH
7	19215021	19215291	1232	52	95.95	CG
7	19215021	19215291	678	187	78.38	CHG
7	19215021	19215291	426	1542	21.65	CHH
7	19560035	19560566	1004	52	95.08	CG
7	19560035	19560566	649	170	79.24	CHG
7	19560035	19560566	670	1982	25.26	CHH
