1	301401	301650	210	2	99.06	CG
1	301401	301650	63	55	53.39	CHG
1	301401	301650	1447	1078	57.31	CHH
1	751422	751630	434	22	95.18	CG
1	751422	751630	59	76	43.70	CHG
1	751422	751630	960	2265	29.77	CHH
1	831964	832562	1136	18	98.44	CG
1	831964	832562	1023	109	90.37	CHG
1	831964	832562	1740	2425	41.78	CHH
1	1349307	1349537	70	4	94.59	CHG
1	1349307	1349537	573	1439	28.48	CHH
1	1377440	1378052	244	5	97.99	CG
1	1377440	1378052	286	79	78.36	CHG
1	1377440	1378052	2777	4234	39.61	CHH
1	1788440	1788928	615	5	99.19	CG
1	1788440	1788928	8	46	14.81	CHG
1	1788440	1788928	1256	4304	22.59	CHH
1	1789091	1789350	151	4	97.42	CG
1	1789091	1789350	146	58	71.57	CHG
1	1789091	1789350	1857	1595	53.79	CHH
1	2238174	2238281	66	1	98.51	CG
1	2238174	2238281	55	5	91.67	CHG
1	2238174	2238281	482	921	34.35	CHH
1	2260684	2260758	348	768	31.18	CHH
1	4981767	4981906	926	452	67.20	CHH
1	7687746	7687909	62	4	93.94	CG
1	7687746	7687909	11	21	34.38	CHG
1	7687746	7687909	473	1175	28.70	CHH
1	8431744	8431928	74	4	94.87	CG
1	8431744	8431928	822	1149	41.70	CHH
1	9585903	9586147	127	81	61.06	CHG
1	9585903	9586147	1466	1190	55.20	CHH
1	9767360	9767454	83	3	96.51	CG
1	9767360	9767454	62	16	79.49	CHG
1	9767360	9767454	495	653	43.12	CHH
1	10432345	10432562	943	1088	46.43	CG
1	10432345	10432562	379	635	37.38	CHG
1	10432345	10432562	992	1177	45.74	CHH
1	10834154	10834494	51	26	66.23	CHG
1	10834154	10834494	1114	2610	29.91	CHH
1	10926897	10927718	2422	113	95.54	CG
1	10926897	10927718	2152	494	81.33	CHG
1	10926897	10927718	1346	5040	21.08	CHH
1	11189069	11189507	1051	181	85.31	CG
1	11189069	11189507	485	116	80.70	CHG
1	11189069	11189507	1393	3174	30.50	CHH
1	11191256	11191497	932	18	98.11	CG
1	11191256	11191497	316	248	56.03	CHG
1	11191256	11191497	676	1446	31.86	CHH
1	11796108	11796316	234	22	91.41	CG
1	11796108	11796316	313	278	52.96	CHG
1	11796108	11796316	852	1580	35.03	CHH
1	11928347	11928520	223	1531	12.71	CHH
1	11940126	11940209	366	818	30.91	CHH
1	12597813	12598048	1329	1197	52.61	CHH
1	14322168	14322402	303	3	99.02	CG
1	14322168	14322402	122	35	77.71	CHG
1	14322168	14322402	1092	1614	40.35	CHH
1	14347206	14347429	38	21	64.41	CG
1	14347206	14347429	155	315	32.98	CHG
1	14347206	14347429	647	1504	30.08	CHH
1	14358588	14358799	115	4	96.64	CG
1	14358588	14358799	104	41	71.72	CHG
1	14358588	14358799	816	790	50.81	CHH
1	16709412	16710638	2933	59	98.03	CG
1	16709412	16710638	1784	565	75.95	CHG
1	16709412	16710638	1998	7741	20.52	CHH
1	17043053	17043218	520	6	98.86	CG
1	17043053	17043218	174	26	87.00	CHG
1	17043053	17043218	740	700	51.39	CHH
1	18600195	18600325	135	6	95.74	CG
1	18600195	18600325	32	15	68.09	CHG
1	18600195	18600325	285	956	22.97	CHH
1	18600619	18600880	120	5	96.00	CG
1	18600619	18600880	68	0	100.00	CHG
1	18600619	18600880	512	2180	19.02	CHH
1	18984904	18985083	54	4	93.10	CG
1	18984904	18985083	62	29	68.13	CHG
1	18984904	18985083	578	1913	23.20	CHH
1	23765099	23765215	18	315	5.41	CG
1	23765099	23765215	59	202	22.61	CHG
1	23765099	23765215	220	886	19.89	CHH
1	24162719	24162945	633	1527	29.31	CHH
1	26098395	26098876	233	9	96.28	CG
1	26098395	26098876	184	44	80.70	CHG
1	26098395	26098876	2041	3404	37.48	CHH
1	26638981	26639111	55	0	100.00	CG
1	26638981	26639111	111	18	86.05	CHG
1	26638981	26639111	237	980	19.47	CHH
1	27335823	27335919	174	28	86.14	CG
1	27335823	27335919	45	52	46.39	CHG
1	27335823	27335919	292	657	30.77	CHH
1	27892634	27893201	236	15	94.02	CG
1	27892634	27893201	394	99	79.92	CHG
1	27892634	27893201	1755	4461	28.23	CHH
1	28104533	28104643	80	1	98.77	CG
1	28104533	28104643	683	615	52.62	CHH
1	28181036	28181173	58	5	92.06	CG
1	28181036	28181173	40	86	31.75	CHG
1	28181036	28181173	318	988	24.35	CHH
1	28494153	28494502	67	0	100.00	CG
1	28494153	28494502	130	3	97.74	CHG
1	28494153	28494502	2426	1478	62.14	CHH
1	30431887	30432457	625	20	96.90	CG
1	30431887	30432457	135	79	63.08	CHG
1	30431887	30432457	2156	3410	38.74	CHH
1	31405810	31406074	144	5	96.64	CG
1	31405810	31406074	193	78	71.22	CHG
1	31405810	31406074	1661	1626	50.53	CHH
1	31589315	31589440	438	1336	24.69	CHH
1	31867822	31868209	147	3	98.00	CG
1	31867822	31868209	2127	2992	41.55	CHH
1	32128407	32128528	89	2	97.80	CG
1	32128407	32128528	953	881	51.96	CHH
1	32850978	32851159	143	6	95.97	CG
1	32850978	32851159	126	43	74.56	CHG
1	32850978	32851159	1193	798	59.92	CHH
1	33209708	33209844	67	1	98.53	CG
1	33209708	33209844	5	28	15.15	CHG
1	33209708	33209844	198	1260	13.58	CHH
1	35537016	35537182	745	1455	33.86	CHH
1	37056464	37056585	109	42	72.19	CHG
1	37056464	37056585	344	1129	23.35	CHH
1	37328188	37328369	133	2	98.52	CG
1	37328188	37328369	59	7	89.39	CHG
1	37328188	37328369	1325	565	70.11	CHH
1	38496092	38496280	269	9	96.76	CG
1	38496092	38496280	61	51	54.46	CHG
1	38496092	38496280	544	1408	27.87	CHH
1	38517320	38517498	76	4	95.00	CG
1	38517320	38517498	83	47	63.85	CHG
1	38517320	38517498	1326	1457	47.65	CHH
1	38671419	38671601	250	4	98.43	CG
1	38671419	38671601	740	1336	35.65	CHH
1	40300213	40300335	408	898	31.24	CHH
1	40395626	40395876	80	1	98.77	CG
1	40395626	40395876	919	1890	32.72	CHH
1	40617610	40617749	106	569	15.70	CHG
1	40617610	40617749	206	1035	16.60	CHH
1	40701980	40702243	62	2	96.88	CG
1	40701980	40702243	2187	814	72.88	CHH
1	41145044	41145188	730	895	44.92	CHH
1	41155306	41155562	24	50	32.43	CHG
1	41155306	41155562	1409	1635	46.29	CHH
1	41890335	41890557	75	2	97.40	CG
1	41890335	41890557	472	181	72.28	CHG
1	41890335	41890557	898	1935	31.70	CHH
1	42087976	42088125	470	1317	26.30	CHH
1	42408453	42409215	1733	33	98.13	CG
1	42408453	42409215	1146	373	75.44	CHG
1	42408453	42409215	1404	4778	22.71	CHH
2	109398	109590	657	13	98.06	CG
2	109398	109590	596	161	78.73	CHG
2	109398	109590	806	1522	34.62	CHH
2	1869793	1870778	2288	32	98.62	CG
2	1869793	1870778	1762	379	82.30	CHG
2	1869793	1870778	2550	5518	31.61	CHH
2	2040558	2041143	1125	22	98.08	CG
2	2040558	2041143	783	113	87.39	CHG
2	2040558	2041143	2018	4269	32.10	CHH
2	2375551	2375771	1432	1462	49.48	CHH
2	3701574	3702250	461	88	83.97	CG
2	3701574	3702250	269	509	34.58	CHG
2	3701574	3702250	1338	4969	21.21	CHH
2	4194209	4194385	115	16	87.79	CHG
2	4194209	4194385	730	1254	36.79	CHH
2	4474885	4475212	744	11	98.54	CG
2	4474885	4475212	293	101	74.37	CHG
2	4474885	4475212	2104	2158	49.37	CHH
2	4648186	4648420	234	6	97.50	CG
2	4648186	4648420	95	22	81.20	CHG
2	4648186	4648420	881	1732	33.72	CHH
2	4947306	4947538	79	3	96.34	CG
2	4947306	4947538	535	1634	24.67	CHH
2	5499042	5499299	591	10	98.34	CG
2	5499042	5499299	367	54	87.17	CHG
2	5499042	5499299	602	2333	20.51	CHH
2	5521685	5521830	96	15	86.49	CHG
2	5521685	5521830	716	726	49.65	CHH
2	6545608	6545822	65	1	98.48	CG
2	6545608	6545822	905	1531	37.15	CHH
2	6761735	6762038	106	2	98.15	CG
2	6761735	6762038	126	25	83.44	CHG
2	6761735	6762038	559	1720	24.53	CHH
2	6762287	6762792	391	17	95.83	CG
2	6762287	6762792	355	112	76.02	CHG
2	6762287	6762792	897	4026	18.22	CHH
2	7605117	7605555	156	3	98.11	CG
2	7605117	7605555	145	14	91.19	CHG
2	7605117	7605555	1041	4677	18.21	CHH
2	7945618	7946024	113	3	97.41	CG
2	7945618	7946024	8	14	36.36	CHG
2	7945618	7946024	808	2705	23.00	CHH
2	8190084	8190413	68	9	88.31	CHG
2	8190084	8190413	1367	3113	30.51	CHH
2	10791440	10791566	595	1112	34.86	CHH
2	11873649	11873886	75	3	96.15	CG
2	11873649	11873886	1043	1472	41.47	CHH
2	12097817	12097953	159	1	99.38	CG
2	12097817	12097953	289	1216	19.20	CHH
2	12299222	12299385	37	29	56.06	CHG
2	12299222	12299385	513	982	34.31	CHH
2	12333889	12333999	146	6	96.05	CG
2	12333889	12333999	101	63	61.59	CHG
2	12333889	12333999	332	877	27.46	CHH
2	12582950	12583307	293	10	96.70	CG
2	12582950	12583307	112	41	73.20	CHG
2	12582950	12583307	727	3460	17.36	CHH
2	13872268	13872613	123	408	23.16	CG
2	13872268	13872613	102	698	12.75	CHG
2	13872268	13872613	516	3699	12.24	CHH
2	13948832	13949084	108	3	97.30	CHG
2	13948832	13949084	1499	1077	58.19	CHH
2	15589940	15590192	80	1	98.77	CG
2	15589940	15590192	383	252	60.31	CHG
2	15589940	15590192	1202	1532	43.96	CHH
2	17785746	17785984	146	2	98.65	CG
2	17785746	17785984	1688	1186	58.73	CHH
2	19211404	19211621	123	3	97.62	CG
2	19211404	19211621	16	13	55.17	CHG
2	19211404	19211621	1414	591	70.52	CHH
2	19443247	19443361	152	3	98.06	CG
2	19443247	19443361	12	22	35.29	CHG
2	19443247	19443361	215	1055	16.93	CHH
2	19977858	19978135	365	8	97.86	CG
2	19977858	19978135	546	161	77.23	CHG
2	19977858	19978135	771	1894	28.93	CHH
2	20745916	20746102	145	2	98.64	CG
2	20745916	20746102	89	18	83.18	CHG
2	20745916	20746102	628	1344	31.85	CHH
2	22202087	22202425	644	51	92.66	CG
2	22202087	22202425	91	115	44.17	CHG
2	22202087	22202425	1426	1505	48.65	CHH
2	22399133	22399342	142	6	95.95	CG
2	22399133	22399342	1160	1201	49.13	CHH
2	23077446	23077593	951	1021	48.23	CHH
2	23988341	23988565	42	34	55.26	CHG
2	23988341	23988565	1458	1488	49.49	CHH
2	24094388	24094772	64	2	96.97	CG
2	24094388	24094772	185	91	67.03	CHG
2	24094388	24094772	1323	2253	37.00	CHH
2	24587774	24587906	121	1	99.18	CG
2	24587774	24587906	57	8	87.69	CHG
2	24587774	24587906	801	742	51.91	CHH
2	24968367	24968732	289	16	94.75	CG
2	24968367	24968732	345	87	79.86	CHG
2	24968367	24968732	775	2860	21.32	CHH
2	25258399	25258520	593	1011	36.97	CHH
2	25342968	25343092	38	1	97.44	CG
2	25342968	25343092	32	6	84.21	CHG
2	25342968	25343092	140	620	18.42	CHH
2	25971572	25971883	407	628	39.32	CHH
2	27849839	27850325	1251	27	97.89	CG
2	27849839	27850325	371	195	65.55	CHG
2	27849839	27850325	1649	2785	37.19	CHH
2	27969163	27969436	152	7	95.60	CG
2	27969163	27969436	142	61	69.95	CHG
2	27969163	27969436	1554	1334	53.81	CHH
2	28230238	28230572	276	29	90.49	CHG
2	28230238	28230572	818	2533	24.41	CHH
2	28737277	28737416	806	934	46.32	CHH
2	28787543	28787788	250	2	99.21	CG
2	28787543	28787788	64	45	58.72	CHG
2	28787543	28787788	802	1832	30.45	CHH
2	29123726	29123981	390	2776	12.32	CHH
2	30949004	30949191	138	5	96.50	CG
2	30949004	30949191	51	29	63.75	CHG
2	30949004	30949191	870	1438	37.69	CHH
2	31639383	31639502	68	6	91.89	CG
2	31639383	31639502	492	811	37.76	CHH
2	32251509	32251649	69	3	95.83	CHG
2	32251509	32251649	575	1092	34.49	CHH
2	32687570	32687718	193	307	38.60	CG
2	32687570	32687718	164	295	35.73	CHG
2	32687570	32687718	668	969	40.81	CHH
2	32980551	32980821	1748	1625	51.82	CHH
2	33849781	33850113	266	16	94.33	CG
2	33849781	33850113	134	113	54.25	CHG
2	33849781	33850113	388	2506	13.41	CHH
2	33970498	33970631	26	204	11.30	CG
2	33970498	33970631	40	357	10.08	CHG
2	33970498	33970631	228	1448	13.60	CHH
2	34234930	34235049	323	733	30.59	CHH
2	34582792	34582911	41	11	78.85	CHG
2	34582792	34582911	621	574	51.97	CHH
2	34952077	34952811	1223	285	81.10	CG
2	34952077	34952811	561	474	54.20	CHG
2	34952077	34952811	1492	6490	18.69	CHH
2	34955560	34955809	1478	1382	51.68	CHH
3	811663	812098	1142	29	97.52	CG
3	811663	812098	214	201	51.57	CHG
3	811663	812098	1026	2841	26.53	CHH
3	881089	881240	952	16	98.35	CG
3	881089	881240	132	251	34.46	CHG
3	881089	881240	342	1187	22.37	CHH
3	1354664	1354914	286	6	97.95	CG
3	1354664	1354914	352	73	82.82	CHG
3	1354664	1354914	1117	1350	45.28	CHH
3	2169030	2169371	1053	14	98.69	CG
3	2169030	2169371	269	157	63.15	CHG
3	2169030	2169371	868	2855	23.31	CHH
3	3169366	3169453	152	655	18.84	CHH
3	3832576	3832832	70	8	89.74	CG
3	3832576	3832832	107	39	73.29	CHG
3	3832576	3832832	1449	1463	49.76	CHH
3	6047207	6047392	166	7	95.95	CG
3	6047207	6047392	36	49	42.35	CHG
3	6047207	6047392	1068	1582	40.30	CHH
3	6570907	6571273	947	20	97.93	CG
3	6570907	6571273	194	147	56.89	CHG
3	6570907	6571273	1280	2877	30.79	CHH
3	7246619	7246872	636	31	95.35	CG
3	7246619	7246872	184	49	78.97	CHG
3	7246619	7246872	890	1680	34.63	CHH
3	8015940	8016118	809	2088	27.93	CHH
3	8409618	8409743	26	357	6.79	CG
3	8409618	8409743	49	260	15.86	CHG
3	8409618	8409743	220	1260	14.86	CHH
3	8629457	8629689	65	4	94.20	CG
3	8629457	8629689	75	0	100.00	CHG
3	8629457	8629689	1619	925	63.64	CHH
3	8942617	8943063	460	11	97.66	CG
3	8942617	8943063	525	76	87.35	CHG
3	8942617	8943063	1460	4323	25.25	CHH
3	9319923	9320317	378	7	98.18	CG
3	9319923	9320317	77	17	81.91	CHG
3	9319923	9320317	894	2560	25.88	CHH
3	11067334	11067625	78	1	98.73	CG
3	11067334	11067625	74	5	93.67	CHG
3	11067334	11067625	1732	1780	49.32	CHH
3	11642409	11642580	91	55	62.33	CHG
3	11642409	11642580	1119	571	66.21	CHH
3	11857284	11857411	44	24	64.71	CHG
3	11857284	11857411	388	677	36.43	CHH
3	12675151	12675358	57	2	96.61	CG
3	12675151	12675358	13	19	40.62	CHG
3	12675151	12675358	1197	1294	48.05	CHH
3	13124743	13124928	135	7	95.07	CG
3	13124743	13124928	59	12	83.10	CHG
3	13124743	13124928	1883	600	75.84	CHH
3	13748697	13748918	70	2	97.22	CHG
3	13748697	13748918	943	1657	36.27	CHH
3	14057905	14058092	320	5	98.46	CG
3	14057905	14058092	60	35	63.16	CHG
3	14057905	14058092	225	1709	11.63	CHH
3	14749193	14749460	152	5	96.82	CG
3	14749193	14749460	1948	1199	61.90	CHH
3	15103668	15103782	82	1	98.80	CHG
3	15103668	15103782	434	1074	28.78	CHH
3	15113224	15113412	889	1537	36.64	CHH
3	15134383	15134587	349	2017	14.75	CHH
3	15613686	15613799	13	157	7.65	CG
3	15613686	15613799	23	144	13.77	CHG
3	15613686	15613799	109	648	14.40	CHH
3	16709783	16710100	645	14	97.88	CG
3	16709783	16710100	428	122	77.82	CHG
3	16709783	16710100	915	2243	28.97	CHH
3	16776362	16776567	312	1906	14.07	CHH
3	17308009	17308190	62	0	100.00	CG
3	17308009	17308190	57	4	93.44	CHG
3	17308009	17308190	749	1401	34.84	CHH
3	17916587	17916910	273	38	87.78	CG
3	17916587	17916910	72	4	94.74	CHG
3	17916587	17916910	712	2210	24.37	CHH
3	18637898	18638001	71	5	93.42	CG
3	18637898	18638001	438	1125	28.02	CHH
3	20725201	20725339	68	3	95.77	CG
3	20725201	20725339	59	2	96.72	CHG
3	20725201	20725339	554	1084	33.82	CHH
3	23359385	23359602	136	10	93.15	CG
3	23359385	23359602	10	27	27.03	CHG
3	23359385	23359602	1033	1700	37.80	CHH
3	24411908	24412466	213	520	29.06	CG
3	24411908	24412466	94	597	13.60	CHG
3	24411908	24412466	507	4763	9.62	CHH
3	24572450	24572571	231	1375	14.38	CHH
3	24924369	24924505	142	3	97.93	CG
3	24924369	24924505	16	22	42.11	CHG
3	24924369	24924505	922	619	59.83	CHH
3	25320199	25320294	263	792	24.93	CHH
3	26123077	26123398	254	37	87.29	CG
3	26123077	26123398	361	279	56.41	CHG
3	26123077	26123398	585	2193	21.06	CHH
3	26143599	26144289	515	587	46.73	CG
3	26143599	26144289	375	953	28.24	CHG
3	26143599	26144289	1891	5793	24.61	CHH
3	26819731	26819992	91	2	97.85	CHG
3	26819731	26819992	1267	1736	42.19	CHH
3	27436719	27436866	64	4	94.12	CHG
3	27436719	27436866	204	1162	14.93	CHH
3	27617928	27618015	65	163	28.51	CG
3	27617928	27618015	70	91	43.48	CHG
3	27617928	27618015	421	485	46.47	CHH
3	27618313	27618751	236	79	74.92	CG
3	27618313	27618751	269	517	34.22	CHG
3	27618313	27618751	478	3702	11.44	CHH
3	27626160	27626452	380	16	95.96	CG
3	27626160	27626452	98	178	35.51	CHG
3	27626160	27626452	818	2719	23.13	CHH
3	27785308	27785617	62	13	82.67	CG
3	27785308	27785617	1584	2040	43.71	CHH
3	28228225	28228487	1184	2108	35.97	CHH
3	29591935	29592097	72	2	97.30	CG
3	29591935	29592097	4	40	9.09	CHG
3	29591935	29592097	468	1733	21.26	CHH
3	29675163	29675476	51	3	94.44	CG
3	29675163	29675476	1291	1635	44.12	CHH
3	29885011	29885181	63	5	92.65	CG
3	29885011	29885181	110	9	92.44	CHG
3	29885011	29885181	1615	1242	56.53	CHH
3	30100210	30100463	78	2	97.50	CG
3	30100210	30100463	807	2114	27.63	CHH
3	30420791	30420983	1530	1250	55.04	CHH
3	30830679	30830818	604	946	38.97	CHH
3	31089191	31090510	3324	100	97.08	CG
3	31089191	31090510	2373	463	83.67	CHG
3	31089191	31090510	3168	7526	29.62	CHH
3	31423977	31424278	1317	2063	38.96	CHH
3	31722863	31723138	2065	2247	47.89	CHH
3	32006376	32006716	85	6	93.41	CHG
3	32006376	32006716	2048	2501	45.02	CHH
3	32110687	32111197	1091	26	97.67	CG
3	32110687	32111197	708	224	75.97	CHG
3	32110687	32111197	1926	2782	40.91	CHH
3	32173553	32173723	154	68	69.37	CHG
3	32173553	32173723	480	1430	25.13	CHH
3	32182087	32182430	71	2	97.26	CG
3	32182087	32182430	28	54	34.15	CHG
3	32182087	32182430	861	3111	21.68	CHH
3	33684752	33685642	1589	38	97.66	CG
3	33684752	33685642	1087	430	71.65	CHG
3	33684752	33685642	2522	7105	26.20	CHH
4	468669	468758	357	988	26.54	CHH
4	4915709	4916399	1528	25	98.39	CG
4	4915709	4916399	756	154	83.08	CHG
4	4915709	4916399	1404	4942	22.12	CHH
4	7381268	7381662	249	3	98.81	CG
4	7381268	7381662	400	111	78.28	CHG
4	7381268	7381662	1043	3565	22.63	CHH
4	7888722	7888904	172	4	97.73	CG
4	7888722	7888904	90	7	92.78	CHG
4	7888722	7888904	865	1331	39.39	CHH
4	7955024	7955201	179	3	98.35	CG
4	7955024	7955201	76	4	95.00	CHG
4	7955024	7955201	1030	821	55.65	CHH
4	15396846	15397090	485	14	97.19	CG
4	15396846	15397090	420	76	84.68	CHG
4	15396846	15397090	541	1277	29.76	CHH
4	19683995	19684552	593	540	52.34	CG
4	19683995	19684552	375	1028	26.73	CHG
4	19683995	19684552	1098	4702	18.93	CHH
4	19744896	19745083	109	18	85.83	CG
4	19744896	19745083	709	1513	31.91	CHH
4	20001003	20001260	156	18	89.66	CHG
4	20001003	20001260	2294	1554	59.62	CHH
4	20595423	20595521	61	10	85.92	CG
4	20595423	20595521	10	29	25.64	CHG
4	20595423	20595521	363	979	27.05	CHH
4	21627729	21627912	143	3	97.95	CG
4	21627729	21627912	95	10	90.48	CHG
4	21627729	21627912	1057	977	51.97	CHH
4	21744228	21744373	108	24	81.82	CG
4	21744228	21744373	4	28	12.50	CHG
4	21744228	21744373	526	952	35.59	CHH
4	21934032	21934221	1282	1219	51.26	CHH
4	21962681	21962889	190	3	98.45	CG
4	21962681	21962889	107	34	75.89	CHG
4	21962681	21962889	529	1459	26.61	CHH
4	22575513	22575843	1109	2790	28.44	CHH
4	24030042	24030690	438	11	97.55	CG
4	24030042	24030690	551	129	81.03	CHG
4	24030042	24030690	1783	6408	21.77	CHH
4	24127511	24127670	138	1	99.28	CG
4	24127511	24127670	76	0	100.00	CHG
4	24127511	24127670	929	983	48.59	CHH
4	25426804	25426964	16	36	30.77	CHG
4	25426804	25426964	290	1409	17.07	CHH
4	25457672	25458128	1197	33	97.32	CG
4	25457672	25458128	287	178	61.72	CHG
4	25457672	25458128	1247	4123	23.22	CHH
4	25472006	25472224	23	61	27.38	CHG
4	25472006	25472224	474	1860	20.31	CHH
4	25475165	25475574	211	2	99.06	CG
4	25475165	25475574	461	202	69.53	CHG
4	25475165	25475574	2035	1952	51.04	CHH
4	26530153	26530244	264	990	21.05	CHH
4	27630370	27630458	246	957	20.45	CHH
4	27903713	27903888	709	1430	33.15	CHH
4	27907257	27907388	67	1	98.53	CG
4	27907257	27907388	9	27	25.00	CHG
4	27907257	27907388	528	965	35.37	CHH
4	28531802	28532069	78	4	95.12	CG
4	28531802	28532069	12	29	29.27	CHG
4	28531802	28532069	1580	2070	43.29	CHH
4	28847972	28848187	74	1	98.67	CG
4	28847972	28848187	25	16	60.98	CHG
4	28847972	28848187	805	1987	28.83	CHH
4	29191225	29191443	74	3	96.10	CG
4	29191225	29191443	94	99	48.70	CHG
4	29191225	29191443	694	2255	23.53	CHH
4	30022367	30022520	132	9	93.62	CG
4	30022367	30022520	689	1254	35.46	CHH
4	30176025	30176485	267	12	95.70	CG
4	30176025	30176485	61	88	40.94	CHG
4	30176025	30176485	1585	3187	33.21	CHH
4	32693175	32693646	851	14	98.38	CG
4	32693175	32693646	629	137	82.11	CHG
4	32693175	32693646	668	2525	20.92	CHH
4	33655119	33655383	296	4	98.67	CG
4	33655119	33655383	554	2327	19.23	CHH
4	33656481	33656726	1015	26	97.50	CG
4	33656481	33656726	74	111	40.00	CHG
4	33656481	33656726	406	1929	17.39	CHH
4	33881401	33881625	606	21	96.65	CG
4	33881401	33881625	531	176	75.11	CHG
4	33881401	33881625	866	1304	39.91	CHH
4	35050130	35050413	10	337	2.88	CG
4	35050130	35050413	56	388	12.61	CHG
4	35050130	35050413	348	2973	10.48	CHH
5	490310	490462	421	5	98.83	CG
5	490310	490462	402	92	81.38	CHG
5	490310	490462	487	1145	29.84	CHH
5	1679699	1679790	413	1062	28.00	CHH
5	2851958	2852160	804	1554	34.10	CHH
5	4894101	4894252	638	873	42.22	CHH
5	5433067	5433323	122	0	100.00	CG
5	5433067	5433323	156	41	79.19	CHG
5	5433067	5433323	1177	1441	44.96	CHH
5	5754539	5754748	131	16	89.12	CG
5	5754539	5754748	72	43	62.61	CHG
5	5754539	5754748	1412	990	58.78	CHH
5	6765407	6765604	134	2	98.53	CG
5	6765407	6765604	121	90	57.35	CHG
5	6765407	6765604	249	1352	15.55	CHH
5	6820542	6820679	67	3	95.71	CG
5	6820542	6820679	10	28	26.32	CHG
5	6820542	6820679	439	1108	28.38	CHH
5	7418842	7418942	637	640	49.88	CHH
5	7972537	7972780	78	1	98.73	CG
5	7972537	7972780	48	34	58.54	CHG
5	7972537	7972780	1587	1868	45.93	CHH
5	10755227	10755310	192	5	97.46	CG
5	10755227	10755310	382	522	42.26	CHH
5	10919623	10920166	764	118	86.62	CG
5	10919623	10920166	135	135	50.00	CHG
5	10919623	10920166	1055	3442	23.46	CHH
5	16273063	16273157	389	578	40.23	CHH
5	16311105	16311318	137	6	95.80	CG
5	16311105	16311318	158	23	87.29	CHG
5	16311105	16311318	1565	1213	56.34	CHH
5	16856035	16856371	451	10	97.83	CG
5	16856035	16856371	621	50	92.55	CHG
5	16856035	16856371	1814	2737	39.86	CHH
5	17137118	17137270	61	0	100.00	CG
5	17137118	17137270	809	864	48.36	CHH
5	17258135	17258245	68	0	100.00	CG
5	17258135	17258245	735	402	64.64	CHH
5	17317435	17317693	146	1	99.32	CG
5	17317435	17317693	204	37	84.65	CHG
5	17317435	17317693	1692	1434	54.13	CHH
5	19716275	19716490	58	2	96.67	CG
5	19716275	19716490	10	20	33.33	CHG
5	19716275	19716490	601	1273	32.07	CHH
5	21149049	21149184	32	333	8.77	CG
5	21149049	21149184	67	291	18.72	CHG
5	21149049	21149184	237	1269	15.74	CHH
5	21464548	21464805	1225	1958	38.49	CHH
5	21857485	21857720	303	2	99.34	CG
5	21857485	21857720	383	72	84.18	CHG
5	21857485	21857720	807	1566	34.01	CHH
5	21875509	21875764	337	0	100.00	CG
5	21875509	21875764	321	58	84.70	CHG
5	21875509	21875764	1085	1659	39.54	CHH
5	22000757	22000964	54	18	75.00	CHG
5	22000757	22000964	1106	896	55.24	CHH
5	22219878	22220102	982	1427	40.76	CHH
5	22429520	22429752	110	4	96.49	CG
5	22429520	22429752	59	24	71.08	CHG
5	22429520	22429752	898	1387	39.30	CHH
5	22973734	22973969	584	1587	26.90	CHH
5	23987118	23987584	548	11	98.03	CG
5	23987118	23987584	829	181	82.08	CHG
5	23987118	23987584	481	3457	12.21	CHH
5	24142822	24143088	266	5	98.15	CG
5	24142822	24143088	44	79	35.77	CHG
5	24142822	24143088	893	1740	33.92	CHH
5	24848633	24848969	176	20	89.80	CHG
5	24848633	24848969	2201	1877	53.97	CHH
5	25347572	25347835	95	454	17.30	CG
5	25347572	25347835	54	545	9.02	CHG
5	25347572	25347835	296	2738	9.76	CHH
5	25348057	25348813	432	26	94.32	CG
5	25348057	25348813	679	1325	33.88	CHG
5	25348057	25348813	1846	5635	24.68	CHH
5	25916465	25916630	73	5	93.59	CHG
5	25916465	25916630	798	1602	33.25	CHH
5	26950841	26950938	82	1	98.80	CG
5	26950841	26950938	381	877	30.29	CHH
5	26989629	26989802	42	14	75.00	CHG
5	26989629	26989802	817	1132	41.92	CHH
6	302524	302830	68	4	94.44	CG
6	302524	302830	1749	1791	49.41	CHH
6	2377299	2377436	109	10	91.60	CG
6	2377299	2377436	35	48	42.17	CHG
6	2377299	2377436	326	767	29.83	CHH
6	2717082	2717211	792	1179	40.18	CHH
6	2924454	2924561	115	2	98.29	CG
6	2924454	2924561	331	391	45.84	CHH
6	3943947	3944133	746	1559	32.36	CHH
6	4186290	4186414	293	1281	18.61	CHH
6	5151759	5151869	1088	440	71.20	CHH
6	5377103	5377226	32	42	43.24	CHG
6	5377103	5377226	596	810	42.39	CHH
6	6081368	6081698	41	724	5.36	CG
6	6081368	6081698	35	340	9.33	CHG
6	6081368	6081698	192	2814	6.39	CHH
6	7060562	7060710	978	743	56.83	CHH
6	7540043	7540265	213	1	99.53	CG
6	7540043	7540265	79	21	79.00	CHG
6	7540043	7540265	867	2237	27.93	CHH
6	7540556	7540748	116	13	89.92	CG
6	7540556	7540748	705	1068	39.76	CHH
6	7725720	7725950	420	9	97.90	CG
6	7725720	7725950	463	170	73.14	CHG
6	7725720	7725950	315	1525	17.12	CHH
6	8356414	8356617	1384	1294	51.68	CHH
6	8927960	8928209	50	0	100.00	CG
6	8927960	8928209	392	106	78.71	CHG
6	8927960	8928209	647	1269	33.77	CHH
6	9469938	9470183	732	1334	35.43	CHH
6	11300952	11301165	1	73	1.35	CG
6	11300952	11301165	68	131	34.17	CHG
6	11300952	11301165	356	2229	13.77	CHH
6	11305250	11305430	25	309	7.49	CG
6	11305250	11305430	9	46	16.36	CHG
6	11305250	11305430	204	1459	12.27	CHH
6	11997277	11997419	196	11	94.69	CG
6	11997277	11997419	78	35	69.03	CHG
6	11997277	11997419	252	1282	16.43	CHH
6	13738650	13738842	120	13	90.23	CG
6	13738650	13738842	35	272	11.40	CHG
6	13738650	13738842	137	1661	7.62	CHH
6	13951510	13951630	127	1	99.22	CG
6	13951510	13951630	205	63	76.49	CHG
6	13951510	13951630	330	821	28.67	CHH
6	14809518	14809915	305	10	96.83	CG
6	14809518	14809915	224	196	53.33	CHG
6	14809518	14809915	1307	3046	30.03	CHH
6	19710274	19711097	816	123	86.90	CG
6	19710274	19711097	932	841	52.57	CHG
6	19710274	19711097	1516	5919	20.39	CHH
6	20384125	20384463	61	339	15.25	CG
6	20384125	20384463	103	516	16.64	CHG
6	20384125	20384463	482	3153	13.26	CHH
6	22376044	22376666	418	19	95.65	CG
6	22376044	22376666	112	138	44.80	CHG
6	22376044	22376666	2031	4198	32.61	CHH
6	23395298	23395797	298	9	97.07	CG
6	23395298	23395797	153	30	83.61	CHG
6	23395298	23395797	2591	3366	43.50	CHH
6	23537611	23537873	130	18	87.84	CHG
6	23537611	23537873	764	2111	26.57	CHH
6	24030066	24030155	142	14	91.03	CHG
6	24030066	24030155	721	222	76.46	CHH
6	24282820	24282990	123	6	95.35	CHG
6	24282820	24282990	1406	1095	56.22	CHH
6	25073298	25073513	113	3	97.41	CG
6	25073298	25073513	66	100	39.76	CHG
6	25073298	25073513	580	1645	26.07	CHH
6	25078471	25078618	35	43	44.87	CHG
6	25078471	25078618	570	1493	27.63	CHH
6	25314682	25315364	475	11	97.74	CG
6	25314682	25315364	451	121	78.85	CHG
6	25314682	25315364	1936	7048	21.55	CHH
6	26183206	26183498	74	1	98.67	CG
6	26183206	26183498	1805	1084	62.48	CHH
6	26270983	26271153	69	0	100.00	CG
6	26270983	26271153	45	25	64.29	CHG
6	26270983	26271153	1185	882	57.33	CHH
6	26899910	26900127	73	0	100.00	CG
6	26899910	26900127	1138	1421	44.47	CHH
6	27022910	27023085	356	6	98.34	CG
6	27022910	27023085	549	1908	22.34	CHH
6	29399343	29399607	117	2	98.32	CG
6	29399343	29399607	54	42	56.25	CHG
6	29399343	29399607	1332	1538	46.41	CHH
6	30191023	30191331	213	4	98.16	CG
6	30191023	30191331	398	41	90.66	CHG
6	30191023	30191331	1009	1739	36.72	CHH
6	30403805	30404034	779	1531	33.72	CHH
6	30913757	30913901	61	5	92.42	CG
6	30913757	30913901	23	10	69.70	CHG
6	30913757	30913901	809	552	59.44	CHH
7	436559	436644	496	892	35.73	CHH
7	553125	553382	33	35	48.53	CHG
7	553125	553382	526	2239	19.02	CHH
7	1581483	1581569	32	25	56.14	CHG
7	1581483	1581569	250	731	25.48	CHH
7	2236802	2236948	159	4	97.55	CG
7	2236802	2236948	32	13	71.11	CHG
7	2236802	2236948	878	951	48.00	CHH
7	2529367	2529520	816	628	56.51	CHH
7	3142735	3143078	589	10	98.33	CG
7	3142735	3143078	507	142	78.12	CHG
7	3142735	3143078	1765	1838	48.99	CHH
7	3169312	3169590	33	37	47.14	CHG
7	3169312	3169590	1622	2303	41.32	CHH
7	3220899	3221205	82	6	93.18	CG
7	3220899	3221205	2195	2141	50.62	CHH
7	3739834	3740067	184	8	95.83	CG
7	3739834	3740067	92	36	71.88	CHG
7	3739834	3740067	826	1396	37.17	CHH
7	4348410	4348541	7	175	3.85	CG
7	4348410	4348541	10	132	7.04	CHG
7	4348410	4348541	84	974	7.94	CHH
7	5121301	5121458	128	3	97.71	CG
7	5121301	5121458	57	9	86.36	CHG
7	5121301	5121458	737	714	50.79	CHH
7	6141659	6141862	508	5	99.03	CG
7	6141659	6141862	247	53	82.33	CHG
7	6141659	6141862	599	1321	31.20	CHH
7	7806227	7806511	49	12	80.33	CHG
7	7806227	7806511	1988	1085	64.69	CHH
7	8049142	8049326	624	5	99.21	CG
7	8049142	8049326	153	135	53.12	CHG
7	8049142	8049326	519	1872	21.71	CHH
7	8294134	8294483	13	518	2.45	CG
7	8294134	8294483	53	594	8.19	CHG
7	8294134	8294483	296	3365	8.09	CHH
7	8334119	8334358	39	40	49.37	CHG
7	8334119	8334358	1490	1370	52.10	CHH
7	8993394	8993705	153	3	98.08	CG
7	8993394	8993705	1322	1965	40.22	CHH
7	13286370	13286485	623	1316	32.13	CHH
7	15188698	15188829	53	29	64.63	CHG
7	15188698	15188829	507	1777	22.20	CHH
7	15431878	15432092	182	5	97.33	CG
7	15431878	15432092	74	24	75.51	CHG
7	15431878	15432092	1269	672	65.38	CHH
7	15677983	15678606	327	572	36.37	CG
7	15677983	15678606	236	669	26.08	CHG
7	15677983	15678606	647	3543	15.44	CHH
7	16599468	16599909	280	12	95.89	CG
7	16599468	16599909	336	846	28.43	CHG
7	16599468	16599909	824	4868	14.48	CHH
7	17099241	17099723	59	1	98.33	CHG
7	17099241	17099723	2763	2633	51.20	CHH
7	17790357	17790553	77	1	98.72	CG
7	17790357	17790553	177	47	79.02	CHG
7	17790357	17790553	996	1614	38.16	CHH
7	18624941	18625154	74	1	98.67	CG
7	18624941	18625154	74	29	71.84	CHG
7	18624941	18625154	871	1406	38.25	CHH
7	18712663	18712940	666	2919	18.58	CHH
7	19254932	19255653	429	477	47.35	CG
7	19254932	19255653	439	2075	17.46	CHG
7	19254932	19255653	1134	5945	16.02	CHH
7	20129015	20129222	1094	1212	47.44	CHH
7	20150949	20151108	77	2	97.47	CG
7	20150949	20151108	150	42	78.12	CHG
7	20150949	20151108	785	1295	37.74	CHH
7	20424851	20425235	60	1	98.36	CG
7	20424851	20425235	1116	2686	29.35	CHH
7	21311702	21311873	133	4	97.08	CG
7	21311702	21311873	172	35	83.09	CHG
7	21311702	21311873	878	865	50.37	CHH
7	22392996	22393180	266	10	96.38	CG
7	22392996	22393180	232	31	88.21	CHG
7	22392996	22393180	409	1463	21.85	CHH
7	22532503	22532689	1320	1495	46.89	CHH
7	22933956	22934220	798	15	98.15	CG
7	22933956	22934220	264	158	62.56	CHG
7	22933956	22934220	660	1942	25.37	CHH
7	24616760	24617444	1124	109	91.16	CG
7	24616760	24617444	763	296	72.05	CHG
7	24616760	24617444	1490	3707	28.67	CHH
7	24811648	24811977	73	1	98.65	CG
7	24811648	24811977	58	7	89.23	CHG
7	24811648	24811977	1715	2542	40.29	CHH
7	24948880	24949085	1337	1209	52.51	CHH
7	25909857	25910353	511	23	95.69	CG
7	25909857	25910353	618	296	67.61	CHG
7	25909857	25910353	1681	3563	32.06	CHH
7	26251607	26251758	783	927	45.79	CHH
7	26258085	26258557	1153	25	97.88	CG
7	26258085	26258557	334	161	67.47	CHG
7	26258085	26258557	1330	2974	30.90	CHH
7	27119822	27120089	77	1	98.72	CG
7	27119822	27120089	13	65	16.67	CHG
7	27119822	27120089	1089	2117	33.97	CHH
7	27169621	27169836	16	55	22.54	CG
7	27169621	27169836	222	304	42.21	CHG
7	27169621	27169836	937	1356	40.86	CHH
7	27307263	27307688	618	23	96.41	CG
7	27307263	27307688	518	152	77.31	CHG
7	27307263	27307688	1445	1907	43.11	CHH
7	28376367	28376563	75	1	98.68	CG
7	28376367	28376563	65	11	85.53	CHG
7	28376367	28376563	1355	1401	49.17	CHH
7	29243799	29244004	1301	1531	45.94	CHH
7	29311074	29311344	1456	1817	44.49	CHH
7	29467990	29468204	1404	1048	57.26	CHH
8	1575049	1575210	546	1426	27.69	CHH
8	1623373	1623626	62	5	92.54	CG
8	1623373	1623626	18	22	45.00	CHG
8	1623373	1623626	1327	1413	48.43	CHH
8	2431336	2431426	139	115	54.72	CG
8	2431336	2431426	17	16	51.52	CHG
8	2431336	2431426	433	828	34.34	CHH
8	3073639	3073816	46	76	37.70	CG
8	3073639	3073816	128	251	33.77	CHG
8	3073639	3073816	316	1302	19.53	CHH
8	3388417	3388667	114	4	96.61	CG
8	3388417	3388667	76	38	66.67	CHG
8	3388417	3388667	1177	1245	48.60	CHH
8	3751907	3752073	392	13	96.79	CG
8	3751907	3752073	221	84	72.46	CHG
8	3751907	3752073	311	1125	21.66	CHH
8	3958363	3958508	606	946	39.05	CHH
8	5131858	5132029	94	17	84.68	CHG
8	5131858	5132029	795	1155	40.77	CHH
8	5321619	5321826	55	4	93.22	CG
8	5321619	5321826	20	9	68.97	CHG
8	5321619	5321826	1310	1134	53.60	CHH
8	5680035	5680214	139	3	97.89	CG
8	5680035	5680214	143	6	95.97	CHG
8	5680035	5680214	700	1912	26.80	CHH
8	5836841	5837082	194	6	97.00	CG
8	5836841	5837082	1123	1580	41.55	CHH
8	6111458	6111746	272	0	100.00	CG
8	6111458	6111746	169	84	66.80	CHG
8	6111458	6111746	488	1979	19.78	CHH
8	6753823	6754136	70	3	95.89	CG
8	6753823	6754136	205	19	91.52	CHG
8	6753823	6754136	1584	2010	44.07	CHH
8	7603360	7603612	168	0	100.00	CG
8	7603360	7603612	1025	1791	36.40	CHH
8	8071926	8072156	331	8	97.64	CG
8	8071926	8072156	89	46	65.93	CHG
8	8071926	8072156	993	1793	35.64	CHH
8	10060129	10060270	989	817	54.76	CHH
8	10886885	10887057	140	1	99.29	CG
8	10886885	10887057	4	26	13.33	CHG
8	10886885	10887057	211	1456	12.66	CHH
8	11782944	11783090	113	13	89.68	CHG
8	11782944	11783090	430	1385	23.69	CHH
8	12350212	12350309	70	2	97.22	CG
8	12350212	12350309	12	21	36.36	CHG
8	12350212	12350309	439	772	36.25	CHH
8	15503593	15503835	69	2	97.18	CG
8	15503593	15503835	1450	1364	51.53	CHH
8	18141156	18141305	622	1611	27.85	CHH
8	19423131	19423387	72	2	97.30	CG
8	19423131	19423387	20	24	45.45	CHG
8	19423131	19423387	1258	1729	42.12	CHH
8	20377385	20377714	853	30	96.60	CG
8	20377385	20377714	182	146	55.49	CHG
8	20377385	20377714	943	2806	25.15	CHH
8	20558563	20558824	44	18	70.97	CG
8	20558563	20558824	63	34	64.95	CHG
8	20558563	20558824	992	1475	40.21	CHH
8	21654366	21654527	181	26	87.44	CG
8	21654366	21654527	141	68	67.46	CHG
8	21654366	21654527	509	630	44.69	CHH
8	22741998	22742320	26	50	34.21	CHG
8	22741998	22742320	1034	2428	29.87	CHH
8	22776595	22776863	75	2	97.40	CG
8	22776595	22776863	262	138	65.50	CHG
8	22776595	22776863	1068	1735	38.10	CHH
8	22948102	22948411	81	1	98.78	CG
8	22948102	22948411	1569	2463	38.91	CHH
8	23349964	23350100	140	0	100.00	CG
8	23349964	23350100	734	1475	33.23	CHH
8	23488434	23488729	409	15	96.46	CG
8	23488434	23488729	157	90	63.56	CHG
8	23488434	23488729	914	2483	26.91	CHH
8	24309357	24309533	24	184	11.54	CG
8	24309357	24309533	144	417	25.67	CHG
8	24309357	24309533	697	1389	33.41	CHH
8	24422312	24422568	67	0	100.00	CG
8	24422312	24422568	123	59	67.58	CHG
8	24422312	24422568	1139	1583	41.84	CHH
8	24735337	24736197	741	26	96.61	CG
8	24735337	24736197	733	543	57.45	CHG
8	24735337	24736197	2205	7352	23.07	CHH
8	24736834	24737078	802	8	99.01	CG
8	24736834	24737078	171	125	57.77	CHG
8	24736834	24737078	373	2023	15.57	CHH
8	24750449	24750953	446	21	95.50	CG
8	24750449	24750953	490	145	77.17	CHG
8	24750449	24750953	1122	3853	22.55	CHH
8	24768225	24768508	152	85	64.14	CG
8	24768225	24768508	66	347	15.98	CHG
8	24768225	24768508	417	3282	11.27	CHH
8	24784953	24785097	94	3	96.91	CG
8	24784953	24785097	60	18	76.92	CHG
8	24784953	24785097	357	845	29.70	CHH
8	24834030	24834325	130	4	97.01	CG
8	24834030	24834325	73	3	96.05	CHG
8	24834030	24834325	1508	1752	46.26	CHH
8	24968997	24969171	75	3	96.15	CG
8	24968997	24969171	96	18	84.21	CHG
8	24968997	24969171	862	1588	35.18	CHH
8	26169264	26169435	388	12	97.00	CG
8	26169264	26169435	69	43	61.61	CHG
8	26169264	26169435	599	533	52.92	CHH
8	26441035	26441114	31	96	24.41	CHG
8	26441035	26441114	258	616	29.52	CHH
8	26827794	26828034	231	444	34.22	CG
8	26827794	26828034	136	389	25.90	CHG
8	26827794	26828034	720	1656	30.30	CHH
8	27623734	27623958	524	8	98.50	CG
8	27623734	27623958	305	132	69.79	CHG
8	27623734	27623958	515	1350	27.61	CHH
8	28152674	28152872	1368	803	63.01	CHH
8	28409753	28410078	129	1	99.23	CG
8	28409753	28410078	196	10	95.15	CHG
8	28409753	28410078	1690	2163	43.86	CHH
9	1254705	1254916	174	5	97.21	CG
9	1254705	1254916	6	24	20.00	CHG
9	1254705	1254916	302	816	27.01	CHH
9	1884036	1884200	893	1545	36.63	CHH
9	3634113	3634220	62	2	96.88	CHG
9	3634113	3634220	480	675	41.56	CHH
9	3933418	3933532	83	1	98.81	CG
9	3933418	3933532	73	12	85.88	CHG
9	3933418	3933532	745	786	48.66	CHH
9	4570159	4570785	1145	26	97.78	CG
9	4570159	4570785	1093	208	84.01	CHG
9	4570159	4570785	2323	4338	34.87	CHH
9	7158967	7159348	109	151	41.92	CG
9	7158967	7159348	102	300	25.37	CHG
9	7158967	7159348	1085	2855	27.54	CHH
9	10378957	10379055	396	19	95.42	CG
9	10378957	10379055	168	220	43.30	CHG
9	10378957	10379055	166	926	15.20	CHH
9	10754150	10754480	67	3	95.71	CG
9	10754150	10754480	104	31	77.04	CHG
9	10754150	10754480	1682	1678	50.06	CHH
9	11037393	11037551	766	1313	36.84	CHH
9	14633566	14633811	368	3	99.19	CG
9	14633566	14633811	261	45	85.29	CHG
9	14633566	14633811	1441	958	60.07	CHH
9	16086094	16086273	109	12	90.08	CG
9	16086094	16086273	50	44	53.19	CHG
9	16086094	16086273	439	1267	25.73	CHH
9	16215726	16215834	380	945	28.68	CHH
9	16663866	16664244	412	102	80.16	CG
9	16663866	16664244	210	555	27.45	CHG
9	16663866	16664244	917	3002	23.40	CHH
9	16928122	16928188	412	607	40.43	CHH
9	17420619	17420974	85	0	100.00	CG
9	17420619	17420974	226	49	82.18	CHG
9	17420619	17420974	430	2375	15.33	CHH
9	19098095	19098253	69	0	100.00	CG
9	19098095	19098253	85	44	65.89	CHG
9	19098095	19098253	563	1317	29.95	CHH
9	21886164	21886293	350	1471	19.22	CHH
10	368179	368447	116	27	81.12	CHG
10	368179	368447	963	2628	26.82	CHH
10	404795	404929	405	21	95.07	CG
10	404795	404929	24	45	34.78	CHG
10	404795	404929	521	973	34.87	CHH
10	1838124	1838526	134	0	100.00	CG
10	1838124	1838526	59	4	93.65	CHG
10	1838124	1838526	2141	1929	52.60	CHH
10	1890175	1890720	642	19	97.13	CG
10	1890175	1890720	620	315	66.31	CHG
10	1890175	1890720	1427	4232	25.22	CHH
10	2576261	2576420	808	1131	41.67	CHH
10	3444619	3445144	253	415	37.87	CG
10	3444619	3445144	300	589	33.75	CHG
10	3444619	3445144	1274	3967	24.31	CHH
10	5680298	5680662	894	482	64.97	CG
10	5680298	5680662	563	1109	33.67	CHG
10	5680298	5680662	853	2274	27.28	CHH
10	6420591	6420748	55	360	13.25	CHG
10	6420591	6420748	272	1458	15.72	CHH
10	7535391	7535626	539	1509	26.32	CHH
10	8506073	8506152	86	71	54.78	CG
10	8506073	8506152	448	476	48.48	CHH
10	9497876	9498140	362	9	97.57	CG
10	9497876	9498140	43	38	53.09	CHG
10	9497876	9498140	1538	1810	45.94	CHH
10	11192936	11193103	138	5	96.50	CG
10	11192936	11193103	58	92	38.67	CHG
10	11192936	11193103	811	1801	31.05	CHH
10	11922949	11923127	70	4	94.59	CG
10	11922949	11923127	144	30	82.76	CHG
10	11922949	11923127	861	1239	41.00	CHH
10	12206026	12206233	52	5	91.23	CG
10	12206026	12206233	14	45	23.73	CHG
10	12206026	12206233	1056	1408	42.86	CHH
10	13147744	13147963	336	6	98.25	CG
10	13147744	13147963	117	55	68.02	CHG
10	13147744	13147963	616	2260	21.42	CHH
10	15011394	15011890	607	51	92.25	CG
10	15011394	15011890	257	138	65.06	CHG
10	15011394	15011890	1207	2274	34.67	CHH
10	15870323	15870605	89	2	97.80	CG
10	15870323	15870605	165	206	44.47	CHG
10	15870323	15870605	434	1084	28.59	CHH
10	15986243	15986518	15	71	17.44	CG
10	15986243	15986518	79	367	17.71	CHG
10	15986243	15986518	366	2778	11.64	CHH
10	15991567	15992011	107	931	10.31	CG
10	15991567	15992011	273	1060	20.48	CHG
10	15991567	15992011	1016	3422	22.89	CHH
10	16003795	16003950	8	46	14.81	CG
10	16003795	16003950	38	363	9.48	CHG
10	16003795	16003950	169	1141	12.90	CHH
10	16208913	16209034	52	1	98.11	CG
10	16208913	16209034	72	8	90.00	CHG
10	16208913	16209034	733	369	66.52	CHH
10	17033161	17033405	727	20	97.32	CG
10	17033161	17033405	201	89	69.31	CHG
10	17033161	17033405	836	1051	44.30	CHH
10	18046108	18046282	1488	701	67.98	CHH
10	18101624	18101816	432	14	96.86	CG
10	18101624	18101816	231	161	58.93	CHG
10	18101624	18101816	1009	1084	48.21	CHH
10	18561922	18562175	409	10	97.61	CG
10	18561922	18562175	603	113	84.22	CHG
10	18561922	18562175	818	1822	30.98	CHH
10	18632472	18632641	686	1524	31.04	CHH
10	19698082	19698409	120	1	99.17	CG
10	19698082	19698409	173	12	93.51	CHG
10	19698082	19698409	1513	1904	44.28	CHH
10	19941399	19941637	86	1	98.85	CG
10	19941399	19941637	896	2068	30.23	CHH
10	20291443	20292459	2224	34	98.49	CG
10	20291443	20292459	1273	272	82.39	CHG
10	20291443	20292459	1771	6421	21.62	CHH
10	20762313	20762534	10	325	2.99	CG
10	20762313	20762534	39	647	5.69	CHG
10	20762313	20762534	165	2107	7.26	CHH
10	20778820	20779263	73	553	11.66	CG
10	20778820	20779263	127	1180	9.72	CHG
10	20778820	20779263	652	3843	14.51	CHH
10	21827999	21828272	83	51	61.94	CHG
10	21827999	21828272	1731	2062	45.64	CHH
10	22689536	22689741	1252	1180	51.48	CHH
10	22690213	22690439	1085	1328	44.96	CHH
11	569050	569549	146	4	97.33	CG
11	569050	569549	580	135	81.12	CHG
11	569050	569549	2560	2838	47.42	CHH
11	1200546	1200636	51	0	100.00	CG
11	1200546	1200636	44	8	84.62	CHG
11	1200546	1200636	386	543	41.55	CHH
11	1713742	1714360	1017	31	97.04	CG
11	1713742	1714360	769	125	86.02	CHG
11	1713742	1714360	3067	3835	44.44	CHH
11	1878755	1878890	61	55	52.59	CG
11	1878755	1878890	94	105	47.24	CHG
11	1878755	1878890	389	590	39.73	CHH
11	1932470	1932979	65	2	97.01	CG
11	1932470	1932979	173	43	80.09	CHG
11	1932470	1932979	2193	2639	45.38	CHH
11	1947206	1947542	70	1	98.59	CG
11	1947206	1947542	805	3302	19.60	CHH
11	2378673	2378944	260	10	96.30	CG
11	2378673	2378944	12	45	21.05	CHG
11	2378673	2378944	1075	1166	47.97	CHH
11	5554822	5555192	130	2	98.48	CG
11	5554822	5555192	609	78	88.65	CHG
11	5554822	5555192	1886	1906	49.74	CHH
11	7332863	7333120	98	4	96.08	CG
11	7332863	7333120	54	59	47.79	CHG
11	7332863	7333120	448	1346	24.97	CHH
11	7589703	7589963	86	1	98.85	CG
11	7589703	7589963	81	5	94.19	CHG
11	7589703	7589963	1511	1115	57.54	CHH
11	7735709	7735929	301	4	98.69	CG
11	7735709	7735929	121	230	34.47	CHG
11	7735709	7735929	349	1935	15.28	CHH
11	8045721	8046006	594	162	78.57	CG
11	8045721	8046006	61	173	26.07	CHG
11	8045721	8046006	444	2337	15.97	CHH
11	9151816	9151968	38	29	56.72	CHG
11	9151816	9151968	619	1120	35.60	CHH
11	11662804	11663369	355	10	97.26	CG
11	11662804	11663369	503	49	91.12	CHG
11	11662804	11663369	1253	4592	21.44	CHH
11	11787143	11787246	776	891	46.55	CHH
11	13632522	13632647	79	279	22.07	CHG
11	13632522	13632647	288	930	23.65	CHH
11	14005572	14005699	326	1300	20.05	CHH
11	14006096	14006227	299	1077	21.73	CHH
11	14311549	14311878	902	28	96.99	CG
11	14311549	14311878	310	79	79.69	CHG
11	14311549	14311878	1039	2631	28.31	CHH
11	16006890	16007049	77	1	98.72	CG
11	16006890	16007049	37	11	77.08	CHG
11	16006890	16007049	1022	938	52.14	CHH
11	16339318	16339504	420	10	97.67	CG
11	16339318	16339504	31	57	35.23	CHG
11	16339318	16339504	742	1354	35.40	CHH
11	16884445	16884740	129	6	95.56	CG
11	16884445	16884740	1867	1381	57.48	CHH
11	16979978	16980123	66	3	95.65	CG
11	16979978	16980123	236	1713	12.11	CHH
11	18415594	18415828	73	1	98.65	CG
11	18415594	18415828	1029	2098	32.91	CHH
11	19478887	19479310	408	11	97.37	CG
11	19478887	19479310	529	403	56.76	CHG
11	19478887	19479310	1622	2095	43.64	CHH
11	19817539	19817761	39	30	56.52	CHG
11	19817539	19817761	1004	656	60.48	CHH
11	21197890	21198236	77	59	56.62	CHG
11	21197890	21198236	2052	2301	47.14	CHH
11	21255747	21256111	507	12	97.69	CG
11	21255747	21256111	676	99	87.23	CHG
11	21255747	21256111	1037	2264	31.41	CHH
11	21412886	21413094	462	51	90.06	CG
11	21412886	21413094	139	246	36.10	CHG
11	21412886	21413094	237	1470	13.88	CHH
11	22039593	22039763	109	18	85.83	CHG
11	22039593	22039763	974	1007	49.17	CHH
11	23435202	23435727	113	123	47.88	CG
11	23435202	23435727	502	904	35.70	CHG
11	23435202	23435727	1486	3736	28.46	CHH
11	24395075	24395260	40	248	13.89	CG
11	24395075	24395260	27	71	27.55	CHG
11	24395075	24395260	348	1505	18.78	CHH
11	24851409	24851658	532	9	98.34	CG
11	24851409	24851658	641	26	96.10	CHG
11	24851409	24851658	1127	1560	41.94	CHH
11	24991462	24991590	81	3	96.43	CG
11	24991462	24991590	172	174	49.71	CHG
11	24991462	24991590	722	797	47.53	CHH
11	25110396	25110624	139	2	98.58	CG
11	25110396	25110624	15	20	42.86	CHG
11	25110396	25110624	844	1600	34.53	CHH
11	25586084	25586542	400	7	98.28	CG
11	25586084	25586542	434	43	90.99	CHG
11	25586084	25586542	1131	5600	16.80	CHH
11	25784649	25784892	154	2	98.72	CG
11	25784649	25784892	220	100	68.75	CHG
11	25784649	25784892	1046	2033	33.97	CHH
11	25810584	25810761	51	22	69.86	CHG
11	25810584	25810761	631	1207	34.33	CHH
11	25853608	25853790	79	4	95.18	CG
11	25853608	25853790	984	1433	40.71	CHH
11	26205598	26205997	203	66	75.46	CG
11	26205598	26205997	55	440	11.11	CHG
11	26205598	26205997	254	3834	6.21	CHH
11	27682635	27683583	2398	49	98.00	CG
11	27682635	27683583	1645	422	79.58	CHG
11	27682635	27683583	1842	6034	23.39	CHH
11	28181129	28181426	86	4	95.56	CG
11	28181129	28181426	718	1258	36.34	CHH
12	217168	217301	142	4	97.26	CG
12	217168	217301	64	12	84.21	CHG
12	217168	217301	874	704	55.39	CHH
12	552916	553122	739	1646	30.99	CHH
12	793700	793972	81	4	95.29	CHG
12	793700	793972	2346	1657	58.61	CHH
12	961100	961336	147	3	98.00	CG
12	961100	961336	329	334	49.62	CHG
12	961100	961336	540	1720	23.89	CHH
12	1049649	1049822	1115	642	63.46	CHH
12	1548545	1548692	121	25	82.88	CHG
12	1548545	1548692	559	890	38.58	CHH
12	1801896	1802216	158	32	83.16	CG
12	1801896	1802216	229	81	73.87	CHG
12	1801896	1802216	863	1812	32.26	CHH
12	1816647	1816809	65	1	98.48	CG
12	1816647	1816809	818	1079	43.12	CHH
12	2466366	2466538	129	8	94.16	CHG
12	2466366	2466538	1081	1389	43.77	CHH
12	5021892	5024116	1585	35	97.84	CG
12	5021892	5024116	3015	1795	62.68	CHG
12	5021892	5024116	4512	18161	19.90	CHH
12	5024498	5027592	1830	48	97.44	CG
12	5024498	5027592	3331	2025	62.19	CHG
12	5024498	5027592	7366	25234	22.60	CHH
12	7849278	7849532	520	24	95.59	CG
12	7849278	7849532	36	23	61.02	CHG
12	7849278	7849532	808	2096	27.82	CHH
12	10927998	10928435	63	1	98.44	CG
12	10927998	10928435	80	137	36.87	CHG
12	10927998	10928435	551	4217	11.56	CHH
12	11362213	11362441	74	3	96.10	CG
12	11362213	11362441	65	20	76.47	CHG
12	11362213	11362441	1458	1577	48.04	CHH
12	12440435	12440631	482	199	70.78	CG
12	12440435	12440631	137	180	43.22	CHG
12	12440435	12440631	424	1216	25.85	CHH
12	12966688	12966790	680	697	49.38	CHH
12	15202347	15202507	174	4	97.75	CG
12	15202347	15202507	57	30	65.52	CHG
12	15202347	15202507	450	1262	26.29	CHH
12	17986589	17987047	299	12	96.14	CG
12	17986589	17987047	356	149	70.50	CHG
12	17986589	17987047	1424	3162	31.05	CHH
12	18936325	18936741	860	17	98.06	CG
12	18936325	18936741	188	112	62.67	CHG
12	18936325	18936741	1447	3206	31.10	CHH
12	19120680	19120950	71	57	55.47	CG
12	19120680	19120950	49	8	85.96	CHG
12	19120680	19120950	786	2002	28.19	CHH
12	19156150	19156313	66	1	98.51	CG
12	19156150	19156313	187	9	95.41	CHG
12	19156150	19156313	980	533	64.77	CHH
12	21483416	21483688	213	11	95.09	CG
12	21483416	21483688	379	57	86.93	CHG
12	21483416	21483688	503	3044	14.18	CHH
12	21831911	21832012	195	936	17.24	CHH
12	22451242	22451490	33	55	37.50	CHG
12	22451242	22451490	1397	1616	46.37	CHH
12	22462835	22463098	21	310	6.34	CG
12	22462835	22463098	133	419	24.09	CHG
12	22462835	22463098	992	2148	31.59	CHH
12	22503691	22503984	279	5	98.24	CG
12	22503691	22503984	149	65	69.63	CHG
12	22503691	22503984	933	1476	38.73	CHH
12	23090136	23090406	67	2	97.10	CG
12	23090136	23090406	1334	1550	46.26	CHH
12	23253874	23254115	156	6	96.30	CG
12	23253874	23254115	28	61	31.46	CHG
12	23253874	23254115	963	1700	36.16	CHH
12	23419385	23419484	60	8	88.24	CG
12	23419385	23419484	460	618	42.67	CHH
12	23569460	23569549	215	4	98.17	CG
12	23569460	23569549	68	11	86.08	CHG
12	23569460	23569549	346	662	34.33	CHH
12	24432087	24432276	618	1634	27.44	CHH
12	25119408	25119711	517	7	98.66	CG
12	25119408	25119711	368	193	65.60	CHG
12	25119408	25119711	879	1988	30.66	CHH
12	25285613	25285813	80	2	97.56	CG
12	25285613	25285813	1238	1843	40.18	CHH
12	25690213	25690552	325	104	75.76	CG
12	25690213	25690552	74	199	27.11	CHG
12	25690213	25690552	273	2321	10.52	CHH
12	26052913	26053003	85	184	31.60	CHG
12	26052913	26053003	294	509	36.61	CHH
