1	104478	104599	23	0	100.00	CG
1	104478	104599	24	6	80.00	CHG
1	104478	104599	36	224	13.85	CHH
1	521199	522723	1855	2125	46.61	CG
1	521199	522723	240	3483	6.45	CHG
1	521199	522723	411	16419	2.44	CHH
1	718927	719135	3	395	0.75	CG
1	718927	719135	13	599	2.12	CHG
1	718927	719135	88	2154	3.93	CHH
1	1687637	1688991	31	2434	1.26	CG
1	1687637	1688991	93	2810	3.20	CHG
1	1687637	1688991	319	12373	2.51	CHH
1	1781116	1781366	22	1426	1.52	CG
1	1781116	1781366	12	522	2.25	CHG
1	1781116	1781366	19	1120	1.67	CHH
1	2137510	2140455	949	7651	11.03	CG
1	2137510	2140455	736	7096	9.40	CHG
1	2137510	2140455	1417	26635	5.05	CHH
1	2172488	2172625	0	210	0.00	CG
1	2172488	2172625	41	1551	2.58	CHH
1	2198640	2199644	2745	83	97.07	CG
1	2198640	2199644	1309	532	71.10	CHG
1	2198640	2199644	428	2367	15.31	CHH
1	2541454	2541598	207	186	52.67	CG
1	2541454	2541598	29	162	15.18	CHG
1	2541454	2541598	116	1220	8.68	CHH
1	2579778	2580676	1950	213	90.15	CG
1	2579778	2580676	86	2680	3.11	CHG
1	2579778	2580676	224	9486	2.31	CHH
1	3016827	3017062	33	1369	2.35	CG
1	3016827	3017062	27	676	3.84	CHG
1	3016827	3017062	56	1893	2.87	CHH
1	4122738	4127182	2381	7384	24.38	CG
1	4122738	4127182	511	11717	4.18	CHG
1	4122738	4127182	3209	40559	7.33	CHH
1	4510347	4510477	75	2	97.40	CG
1	4510347	4510477	14	106	11.67	CHG
1	4510347	4510477	150	1293	10.40	CHH
1	4702022	4702256	244	407	37.48	CG
1	4702022	4702256	28	283	9.00	CHG
1	4702022	4702256	207	1351	13.29	CHH
1	5814441	5815039	4	537	0.74	CG
1	5814441	5815039	23	1151	1.96	CHG
1	5814441	5815039	122	5946	2.01	CHH
1	6934697	6934863	558	5	99.11	CG
1	6934697	6934863	233	41	85.04	CHG
1	6934697	6934863	182	931	16.35	CHH
1	7198017	7199243	1958	38	98.10	CG
1	7198017	7199243	101	2910	3.35	CHG
1	7198017	7199243	266	12363	2.11	CHH
1	7302410	7302594	1	847	0.12	CG
1	7302410	7302594	7	372	1.85	CHG
1	7302410	7302594	36	1823	1.94	CHH
1	7518469	7519081	14	1117	1.24	CG
1	7518469	7519081	25	1310	1.87	CHG
1	7518469	7519081	84	5440	1.52	CHH
1	7690448	7691550	100	3079	3.15	CG
1	7690448	7691550	121	2547	4.54	CHG
1	7690448	7691550	323	9573	3.26	CHH
1	8124136	8124703	2343	25	98.94	CG
1	8124136	8124703	1068	454	70.17	CHG
1	8124136	8124703	714	4965	12.57	CHH
1	8426975	8427236	235	74	76.05	CG
1	8426975	8427236	45	990	4.35	CHG
1	8426975	8427236	59	2597	2.22	CHH
1	8831214	8831605	970	13	98.68	CG
1	8831214	8831605	558	196	74.01	CHG
1	8831214	8831605	373	4533	7.60	CHH
1	8866192	8866541	1178	50	95.93	CG
1	8866192	8866541	547	163	77.04	CHG
1	8866192	8866541	327	2204	12.92	CHH
1	9124022	9124118	139	2	98.58	CG
1	9124022	9124118	360	62	85.31	CHG
1	9124022	9124118	180	600	23.08	CHH
1	9260960	9261224	150	2	98.68	CG
1	9260960	9261224	7	505	1.37	CHG
1	9260960	9261224	66	2664	2.42	CHH
1	9681083	9681232	155	94	62.25	CG
1	9681083	9681232	175	576	23.30	CHH
1	9734291	9734532	0	386	0.00	CG
1	9734291	9734532	3	108	2.70	CHG
1	9734291	9734532	64	2077	2.99	CHH
1	10263106	10263294	7	561	1.23	CG
1	10263106	10263294	6	322	1.83	CHG
1	10263106	10263294	47	1007	4.46	CHH
1	10401973	10403052	201	2625	7.11	CG
1	10401973	10403052	136	1778	7.11	CHG
1	10401973	10403052	461	8794	4.98	CHH
1	10417094	10417664	1072	18	98.35	CG
1	10417094	10417664	1509	191	88.76	CHG
1	10417094	10417664	283	5612	4.80	CHH
1	10590568	10590704	8	301	2.59	CG
1	10590568	10590704	10	274	3.52	CHG
1	10590568	10590704	131	793	14.18	CHH
1	10793800	10794970	1513	39	97.49	CG
1	10793800	10794970	342	364	48.44	CHG
1	10793800	10794970	351	3047	10.33	CHH
1	11027002	11027352	432	11	97.52	CG
1	11027002	11027352	16	902	1.74	CHG
1	11027002	11027352	139	4257	3.16	CHH
1	11745247	11745281	3	262	1.13	CG
1	11745247	11745281	0	132	0.00	CHG
1	11745247	11745281	5	238	2.06	CHH
1	11861007	11861467	1204	72	94.36	CG
1	11861007	11861467	562	359	61.02	CHG
1	11861007	11861467	509	3873	11.62	CHH
1	11988203	11988342	7	858	0.81	CG
1	11988203	11988342	15	504	2.89	CHG
1	11988203	11988342	9	736	1.21	CHH
1	12157565	12159139	436	11462	3.66	CG
1	12157565	12159139	256	5989	4.10	CHG
1	12157565	12159139	303	12096	2.44	CHH
1	12279664	12280353	138	3277	4.04	CG
1	12279664	12280353	81	1941	4.01	CHG
1	12279664	12280353	178	6032	2.87	CHH
1	12444629	12444759	291	3	98.98	CG
1	12444629	12444759	243	13	94.92	CHG
1	12444629	12444759	40	1281	3.03	CHH
1	12851686	12853647	407	751	35.15	CG
1	12851686	12853647	221	4956	4.27	CHG
1	12851686	12853647	745	19377	3.70	CHH
1	12977793	12977914	165	4	97.63	CG
1	12977793	12977914	48	1212	3.81	CHH
1	14112270	14112409	34	550	5.82	CHH
1	14747584	14748346	9	1038	0.86	CG
1	14747584	14748346	46	2211	2.04	CHG
1	14747584	14748346	145	7252	1.96	CHH
1	15010958	15011724	5	0	100.00	CG
1	15010958	15011724	2	84	2.33	CHG
1	15010958	15011724	13	283	4.39	CHH
1	15208882	15210074	1278	126	91.03	CG
1	15208882	15210074	529	395	57.25	CHG
1	15208882	15210074	575	9084	5.95	CHH
1	15318812	15319293	1981	51	97.49	CG
1	15318812	15319293	1324	260	83.59	CHG
1	15318812	15319293	322	3744	7.92	CHH
1	15355785	15357554	1486	2178	40.56	CG
1	15355785	15357554	867	3417	20.24	CHG
1	15355785	15357554	1127	15663	6.71	CHH
1	16453284	16453501	0	72	0.00	CG
1	16453284	16453501	11	154	6.67	CHG
1	16453284	16453501	139	1423	8.90	CHH
1	16722902	16723067	398	49	89.04	CG
1	16722902	16723067	40	138	22.47	CHG
1	16722902	16723067	61	1747	3.37	CHH
1	17385639	17385733	10	218	4.39	CHG
1	17385639	17385733	33	755	4.19	CHH
1	17522237	17522624	1314	25	98.13	CG
1	17522237	17522624	1025	188	84.50	CHG
1	17522237	17522624	218	2841	7.13	CHH
1	17762690	17767322	1984	5994	24.87	CG
1	17762690	17767322	1871	6598	22.09	CHG
1	17762690	17767322	7110	35112	16.84	CHH
1	17768299	17768525	6	438	1.35	CG
1	17768299	17768525	7	329	2.08	CHG
1	17768299	17768525	60	1859	3.13	CHH
1	17915233	17918918	4228	2427	63.53	CG
1	17915233	17918918	2139	2987	41.73	CHG
1	17915233	17918918	4382	22250	16.45	CHH
1	18479814	18481021	958	913	51.20	CG
1	18479814	18481021	169	1304	11.47	CHG
1	18479814	18481021	349	10946	3.09	CHH
1	18515221	18516018	742	20	97.38	CG
1	18515221	18516018	503	73	87.33	CHG
1	18515221	18516018	193	1921	9.13	CHH
1	18605306	18605413	87	2	97.75	CG
1	18605306	18605413	1	263	0.38	CHG
1	18605306	18605413	46	1380	3.23	CHH
1	18679398	18679609	278	4	98.58	CG
1	18679398	18679609	407	46	89.85	CHG
1	18679398	18679609	170	2153	7.32	CHH
1	18781271	18781897	25	874	2.78	CG
1	18781271	18781897	63	1301	4.62	CHG
1	18781271	18781897	194	4143	4.47	CHH
1	19418149	19418371	443	9	98.01	CG
1	19418149	19418371	317	105	75.12	CHG
1	19418149	19418371	162	2378	6.38	CHH
1	19588801	19588982	276	10	96.50	CG
1	19588801	19588982	107	36	74.83	CHG
1	19588801	19588982	50	770	6.10	CHH
1	19807993	19809436	2996	77	97.49	CG
1	19807993	19809436	850	375	69.39	CHG
1	19807993	19809436	665	7125	8.54	CHH
1	20220915	20221138	794	17	97.90	CG
1	20220915	20221138	241	122	66.39	CHG
1	20220915	20221138	83	1711	4.63	CHH
1	20351135	20352592	1504	540	73.58	CG
1	20351135	20352592	91	4428	2.01	CHG
1	20351135	20352592	455	14169	3.11	CHH
1	20353735	20353818	73	3	96.05	CG
1	20353735	20353818	6	303	1.94	CHG
1	20353735	20353818	22	712	3.00	CHH
1	20699332	20703291	4649	5117	47.60	CG
1	20699332	20703291	1963	8680	18.44	CHG
1	20699332	20703291	3060	36528	7.73	CHH
1	20759940	20760412	1363	24	98.27	CG
1	20759940	20760412	1385	170	89.07	CHG
1	20759940	20760412	586	4389	11.78	CHH
1	22217602	22218470	978	1317	42.61	CG
1	22217602	22218470	366	1733	17.44	CHG
1	22217602	22218470	799	7363	9.79	CHH
1	22349537	22349928	121	1360	8.17	CG
1	22349537	22349928	30	1044	2.79	CHG
1	22349537	22349928	98	2629	3.59	CHH
1	22963853	22963900	8	92	8.00	CHG
1	22963853	22963900	0	229	0.00	CHH
1	23088705	23088935	5	579	0.86	CG
1	23088705	23088935	11	341	3.12	CHG
1	23088705	23088935	31	1924	1.59	CHH
1	23190581	23192012	965	93	91.21	CG
1	23190581	23192012	133	3236	3.95	CHG
1	23190581	23192012	505	16236	3.02	CHH
1	23334619	23337433	2889	2643	52.22	CG
1	23334619	23337433	442	7995	5.24	CHG
1	23334619	23337433	1130	28507	3.81	CHH
1	23865834	23867004	2704	860	75.87	CG
1	23865834	23867004	1491	1749	46.02	CHG
1	23865834	23867004	1776	8719	16.92	CHH
1	24056015	24058047	343	4752	6.73	CG
1	24056015	24058047	391	3791	9.35	CHG
1	24056015	24058047	637	17526	3.51	CHH
1	24127473	24127717	321	94	77.35	CG
1	24127473	24127717	9	537	1.65	CHG
1	24127473	24127717	40	2878	1.37	CHH
1	24218590	24218768	53	302	14.93	CG
1	24218590	24218768	38	226	14.39	CHG
1	24218590	24218768	40	1598	2.44	CHH
1	24367289	24368699	926	3013	23.51	CG
1	24367289	24368699	314	3912	7.43	CHG
1	24367289	24368699	856	12231	6.54	CHH
1	24540618	24541036	436	6	98.64	CG
1	24540618	24541036	18	878	2.01	CHG
1	24540618	24541036	103	3777	2.65	CHH
1	25075086	25078372	167	11441	1.44	CG
1	25075086	25078372	285	9694	2.86	CHG
1	25075086	25078372	711	27602	2.51	CHH
1	26189136	26189851	176	631	21.81	CG
1	26189136	26189851	80	2368	3.27	CHG
1	26189136	26189851	190	5651	3.25	CHH
1	27455091	27455579	2868	106	96.44	CG
1	27455091	27455579	2174	491	81.58	CHG
1	27455091	27455579	655	6830	8.75	CHH
1	27505658	27505866	1	135	0.74	CG
1	27505658	27505866	11	543	1.99	CHG
1	27505658	27505866	51	1885	2.63	CHH
1	27576543	27577893	2877	69	97.66	CG
1	27576543	27577893	1756	298	85.49	CHG
1	27576543	27577893	1774	13593	11.54	CHH
1	28118813	28118935	0	157	0.00	CG
1	28118813	28118935	7	472	1.46	CHG
1	28118813	28118935	25	1555	1.58	CHH
1	29188109	29189334	81	4930	1.62	CG
1	29188109	29189334	101	2979	3.28	CHG
1	29188109	29189334	678	10768	5.92	CHH
1	29223726	29224697	361	3361	9.70	CG
1	29223726	29224697	69	1672	3.96	CHG
1	29223726	29224697	1224	6089	16.74	CHH
1	29881105	29881917	1161	192	85.81	CG
1	29881105	29881917	987	265	78.83	CHG
1	29881105	29881917	299	4458	6.29	CHH
1	29892038	29892362	3	68	4.23	CG
1	29892038	29892362	6	279	2.11	CHG
1	29892038	29892362	124	2778	4.27	CHH
1	30396534	30396644	8	432	1.82	CG
1	30396534	30396644	15	546	2.67	CHG
1	30396534	30396644	25	823	2.95	CHH
1	30947617	30952229	6405	1809	77.98	CG
1	30947617	30952229	2782	8807	24.01	CHG
1	30947617	30952229	2115	46535	4.35	CHH
1	30988314	30988439	84	2	97.67	CG
1	30988314	30988439	265	180	59.55	CHG
1	30988314	30988439	66	942	6.55	CHH
1	31131639	31132785	818	2442	25.09	CG
1	31131639	31132785	94	3807	2.41	CHG
1	31131639	31132785	261	10018	2.54	CHH
1	32136432	32136605	86	117	42.36	CG
1	32136432	32136605	7	650	1.07	CHG
1	32136432	32136605	60	1624	3.56	CHH
1	33466485	33466748	799	19	97.68	CG
1	33466485	33466748	361	101	78.14	CHG
1	33466485	33466748	286	2147	11.76	CHH
1	34289798	34291348	1888	1360	58.13	CG
1	34289798	34291348	886	2756	24.33	CHG
1	34289798	34291348	1809	14209	11.29	CHH
1	34550341	34550600	3	334	0.89	CG
1	34550341	34550600	16	610	2.56	CHG
1	34550341	34550600	54	2479	2.13	CHH
1	34749495	34752244	3327	430	88.55	CG
1	34749495	34752244	3164	1400	69.33	CHG
1	34749495	34752244	2801	16039	14.87	CHH
1	34928206	34928387	189	4	97.93	CG
1	34928206	34928387	654	65	90.96	CHG
1	34928206	34928387	137	1442	8.68	CHH
1	34990120	34992796	5765	1968	74.55	CG
1	34990120	34992796	2803	2437	53.49	CHG
1	34990120	34992796	3925	21897	15.20	CHH
1	35760612	35760952	300	188	61.48	CG
1	35760612	35760952	15	619	2.37	CHG
1	35760612	35760952	92	4088	2.20	CHH
1	35959231	35959351	2	147	1.34	CG
1	35959231	35959351	2	209	0.95	CHG
1	35959231	35959351	40	1667	2.34	CHH
1	36112505	36112684	379	130	74.46	CG
1	36112505	36112684	111	145	43.36	CHG
1	36112505	36112684	184	1142	13.88	CHH
1	36163384	36164022	204	1129	15.30	CG
1	36163384	36164022	211	1147	15.54	CHG
1	36163384	36164022	380	5818	6.13	CHH
1	36208524	36209666	1488	36	97.64	CG
1	36208524	36209666	2054	347	85.55	CHG
1	36208524	36209666	667	11614	5.43	CHH
1	36479686	36479935	34	960	3.42	CG
1	36479686	36479935	4	400	0.99	CHG
1	36479686	36479935	73	1996	3.53	CHH
1	36890844	36891048	209	119	63.72	CG
1	36890844	36891048	241	131	64.78	CHG
1	36890844	36891048	489	1723	22.11	CHH
1	37118562	37118725	1	119	0.83	CG
1	37118562	37118725	4	326	1.21	CHG
1	37118562	37118725	17	1602	1.05	CHH
1	37253827	37256063	3563	146	96.06	CG
1	37253827	37256063	2858	582	83.08	CHG
1	37253827	37256063	1837	11954	13.32	CHH
1	37757198	37758019	741	2040	26.65	CG
1	37757198	37758019	397	1037	27.68	CHG
1	37757198	37758019	1233	5619	17.99	CHH
1	39603253	39603550	194	8	96.04	CG
1	39603253	39603550	4	791	0.50	CHG
1	39603253	39603550	48	2389	1.97	CHH
1	40609311	40609427	73	2	97.33	CG
1	40609311	40609427	11	446	2.41	CHG
1	40609311	40609427	32	1356	2.31	CHH
1	40785754	40786192	71	94	43.03	CG
1	40785754	40786192	24	1469	1.61	CHG
1	40785754	40786192	98	4221	2.27	CHH
1	41209454	41212661	2602	7129	26.74	CG
1	41209454	41212661	1253	5384	18.88	CHG
1	41209454	41212661	3298	23460	12.33	CHH
1	42990884	42991140	173	1	99.43	CG
1	42990884	42991140	146	14	91.25	CHG
1	42990884	42991140	46	634	6.76	CHH
2	38468	38578	96	5	95.05	CG
2	38468	38578	15	261	5.43	CHG
2	38468	38578	16	1208	1.31	CHH
2	578331	578545	68	1	98.55	CG
2	578331	578545	27	698	3.72	CHG
2	578331	578545	41	1939	2.07	CHH
2	1736612	1736996	660	59	91.79	CG
2	1736612	1736996	111	1383	7.43	CHG
2	1736612	1736996	126	3753	3.25	CHH
2	2004107	2004464	1	218	0.46	CG
2	2004107	2004464	19	1152	1.62	CHG
2	2004107	2004464	56	3378	1.63	CHH
2	2225031	2228646	6551	585	91.80	CG
2	2225031	2228646	4624	2462	65.26	CHG
2	2225031	2228646	5778	27791	17.21	CHH
2	2448881	2450073	309	183	62.80	CG
2	2448881	2450073	530	2484	17.58	CHG
2	2448881	2450073	1299	9676	11.84	CHH
2	2455636	2457226	5091	75	98.55	CG
2	2455636	2457226	3726	858	81.28	CHG
2	2455636	2457226	721	7938	8.33	CHH
2	2916264	2916496	136	4	97.14	CG
2	2916264	2916496	2	560	0.36	CHG
2	2916264	2916496	42	2463	1.68	CHH
2	3153141	3153726	1266	42	96.79	CG
2	3153141	3153726	1322	290	82.01	CHG
2	3153141	3153726	632	6093	9.40	CHH
2	3584767	3584907	240	13	94.86	CG
2	3584767	3584907	155	78	66.52	CHG
2	3584767	3584907	539	584	48.00	CHH
2	3668130	3671654	8231	3137	72.40	CG
2	3668130	3671654	4116	4991	45.20	CHG
2	3668130	3671654	3403	26600	11.34	CHH
2	4394475	4394720	0	157	0.00	CG
2	4394475	4394720	14	549	2.49	CHG
2	4394475	4394720	72	2673	2.62	CHH
2	4735326	4735671	22	1189	1.82	CG
2	4735326	4735671	39	1160	3.25	CHG
2	4735326	4735671	123	3385	3.51	CHH
2	4930376	4930562	457	7	98.49	CG
2	4930376	4930562	29	66	30.53	CHG
2	4930376	4930562	58	1468	3.80	CHH
2	6097195	6097472	0	353	0.00	CG
2	6097195	6097472	25	862	2.82	CHG
2	6097195	6097472	55	2054	2.61	CHH
2	6194639	6194966	12	297	3.88	CG
2	6194639	6194966	7	527	1.31	CHG
2	6194639	6194966	121	2812	4.13	CHH
2	6477169	6477370	208	75	73.50	CG
2	6477169	6477370	21	540	3.74	CHG
2	6477169	6477370	73	2511	2.83	CHH
2	6479819	6479943	16	610	2.56	CHG
2	6479819	6479943	43	1532	2.73	CHH
2	7634883	7634997	8	777	1.02	CG
2	7634883	7634997	15	400	3.61	CHG
2	7634883	7634997	31	871	3.44	CHH
2	9263789	9264764	759	12	98.44	CG
2	9263789	9264764	470	133	77.94	CHG
2	9263789	9264764	128	1800	6.64	CHH
2	10881944	10882136	3	302	0.98	CG
2	10881944	10882136	14	333	4.03	CHG
2	10881944	10882136	41	1998	2.01	CHH
2	11520851	11521291	364	211	63.30	CG
2	11520851	11521291	91	176	34.08	CHG
2	11520851	11521291	573	2844	16.77	CHH
2	11599189	11600489	746	1361	35.41	CG
2	11599189	11600489	341	1730	16.47	CHG
2	11599189	11600489	799	9515	7.75	CHH
2	11939679	11939936	72	4	94.74	CG
2	11939679	11939936	12	387	3.01	CHG
2	11939679	11939936	55	2242	2.39	CHH
2	12352060	12352584	1307	52	96.17	CG
2	12352060	12352584	1023	268	79.24	CHG
2	12352060	12352584	242	3489	6.49	CHH
2	12492889	12493008	19	972	1.92	CG
2	12492889	12493008	6	534	1.11	CHG
2	12492889	12493008	21	1050	1.96	CHH
2	12583382	12585233	1803	432	80.67	CG
2	12583382	12585233	647	4239	13.24	CHG
2	12583382	12585233	681	17156	3.82	CHH
2	13724770	13725043	10	0	100.00	CG
2	13724770	13725043	2	2	50.00	CHG
2	13724770	13725043	4	56	6.67	CHH
2	14258242	14258497	365	8	97.86	CG
2	14258242	14258497	265	53	83.33	CHG
2	14258242	14258497	95	1691	5.32	CHH
2	14381584	14382260	1219	20	98.39	CG
2	14381584	14382260	919	270	77.29	CHG
2	14381584	14382260	496	7041	6.58	CHH
2	14883666	14884152	1082	22	98.01	CG
2	14883666	14884152	1120	151	88.12	CHG
2	14883666	14884152	254	3717	6.40	CHH
2	15077160	15080035	7607	171	97.80	CG
2	15077160	15080035	4989	1188	80.77	CHG
2	15077160	15080035	1852	22993	7.45	CHH
2	15300768	15301020	325	9	97.31	CG
2	15300768	15301020	661	146	81.91	CHG
2	15300768	15301020	89	2515	3.42	CHH
2	16462100	16462683	1163	276	80.82	CG
2	16462100	16462683	700	1023	40.63	CHG
2	16462100	16462683	428	5727	6.95	CHH
2	16469340	16469527	640	13	98.01	CG
2	16469340	16469527	318	172	64.90	CHG
2	16469340	16469527	51	1126	4.33	CHH
2	16575455	16575576	116	294	28.29	CG
2	16575455	16575576	31	90	25.62	CHG
2	16575455	16575576	166	1074	13.39	CHH
2	16909276	16909402	63	1	98.44	CG
2	16909276	16909402	3	25	10.71	CHG
2	16909276	16909402	210	540	28.00	CHH
2	17470250	17470459	353	2	99.44	CG
2	17470250	17470459	353	68	83.85	CHG
2	17470250	17470459	114	2792	3.92	CHH
2	17693456	17694041	842	506	62.46	CG
2	17693456	17694041	306	868	26.06	CHG
2	17693456	17694041	214	3864	5.25	CHH
2	17846367	17846587	51	843	5.70	CG
2	17846367	17846587	7	383	1.79	CHG
2	17846367	17846587	22	1140	1.89	CHH
2	18156897	18157229	1901	19	99.01	CG
2	18156897	18157229	945	144	86.78	CHG
2	18156897	18157229	268	2567	9.45	CHH
2	19262811	19262974	249	3	98.81	CG
2	19262811	19262974	73	99	42.44	CHG
2	19262811	19262974	52	2035	2.49	CHH
2	19369504	19369623	662	5	99.25	CG
2	19369504	19369623	345	60	85.19	CHG
2	19369504	19369623	126	621	16.87	CHH
2	19649757	19649896	4	719	0.55	CG
2	19649757	19649896	8	332	2.35	CHG
2	19649757	19649896	22	727	2.94	CHH
2	20077988	20078291	762	32	95.97	CG
2	20077988	20078291	274	154	64.02	CHG
2	20077988	20078291	349	2147	13.98	CHH
2	22210158	22210334	44	600	6.83	CG
2	22210158	22210334	9	255	3.41	CHG
2	22210158	22210334	60	1715	3.38	CHH
2	22275294	22275439	0	72	0.00	CG
2	22275294	22275439	4	372	1.06	CHG
2	22275294	22275439	31	1675	1.82	CHH
2	22587752	22588156	774	21	97.36	CG
2	22587752	22588156	476	270	63.81	CHG
2	22587752	22588156	410	3448	10.63	CHH
2	22836225	22836730	35	1288	2.65	CG
2	22836225	22836730	47	1394	3.26	CHG
2	22836225	22836730	138	5358	2.51	CHH
2	22982677	22982914	1	76	1.30	CG
2	22982677	22982914	22	688	3.10	CHG
2	22982677	22982914	71	2998	2.31	CHH
2	23033077	23033411	164	533	23.53	CG
2	23033077	23033411	207	1268	14.03	CHG
2	23033077	23033411	408	3441	10.60	CHH
2	23394395	23395510	2461	233	91.35	CG
2	23394395	23395510	896	2690	24.99	CHG
2	23394395	23395510	426	14858	2.79	CHH
2	23471507	23472492	623	17	97.34	CG
2	23471507	23472492	568	129	81.49	CHG
2	23471507	23472492	326	3178	9.30	CHH
2	24044095	24044460	985	15	98.50	CG
2	24044095	24044460	480	110	81.36	CHG
2	24044095	24044460	232	1724	11.86	CHH
2	24717341	24717558	10	286	3.38	CG
2	24717341	24717558	6	700	0.85	CHG
2	24717341	24717558	72	2307	3.03	CHH
2	25574998	25576239	1901	72	96.35	CG
2	25574998	25576239	1912	568	77.10	CHG
2	25574998	25576239	1296	11806	9.89	CHH
2	25830725	25831459	19	2191	0.86	CG
2	25830725	25831459	24	1903	1.25	CHG
2	25830725	25831459	118	5995	1.93	CHH
2	25835047	25835296	24	714	3.25	CG
2	25835047	25835296	20	519	3.71	CHG
2	25835047	25835296	31	1601	1.90	CHH
2	26548831	26549237	1021	31	97.05	CG
2	26548831	26549237	127	142	47.21	CHG
2	26548831	26549237	802	2356	25.40	CHH
2	26659388	26659535	81	0	100.00	CG
2	26659388	26659535	87	1274	6.39	CHH
2	26689413	26692203	881	11794	6.95	CG
2	26689413	26692203	548	7382	6.91	CHG
2	26689413	26692203	1839	19003	8.82	CHH
2	28199306	28199617	1020	22	97.89	CG
2	28199306	28199617	1306	157	89.27	CHG
2	28199306	28199617	353	3335	9.57	CHH
2	29852698	29852922	51	341	13.01	CG
2	29852698	29852922	20	588	3.29	CHG
2	29852698	29852922	89	1761	4.81	CHH
2	30157272	30157610	510	122	80.70	CG
2	30157272	30157610	160	380	29.63	CHG
2	30157272	30157610	435	2091	17.22	CHH
2	30823979	30824112	3	200	1.48	CG
2	30823979	30824112	6	321	1.83	CHG
2	30823979	30824112	39	1418	2.68	CHH
2	30983625	30984901	36	3890	0.92	CG
2	30983625	30984901	116	5833	1.95	CHG
2	30983625	30984901	273	12061	2.21	CHH
2	31445301	31445449	1	71	1.39	CG
2	31445301	31445449	15	365	3.95	CHG
2	31445301	31445449	53	1771	2.91	CHH
2	31855152	31855271	221	7	96.93	CG
2	31855152	31855271	69	16	81.18	CHG
2	31855152	31855271	122	1480	7.62	CHH
2	32524707	32526194	1975	1064	64.99	CG
2	32524707	32526194	572	3098	15.59	CHG
2	32524707	32526194	540	8908	5.72	CHH
2	33158169	33158313	230	7	97.05	CG
2	33158169	33158313	322	63	83.64	CHG
2	33158169	33158313	158	1537	9.32	CHH
2	33431516	33431954	217	13	94.35	CG
2	33431516	33431954	17	793	2.10	CHG
2	33431516	33431954	110	4621	2.33	CHH
2	33711999	33712328	79	1	98.75	CG
2	33711999	33712328	19	970	1.92	CHG
2	33711999	33712328	155	3572	4.16	CHH
2	33834944	33835662	188	554	25.34	CG
2	33834944	33835662	25	1419	1.73	CHG
2	33834944	33835662	183	8459	2.12	CHH
2	33936933	33937065	0	70	0.00	CG
2	33936933	33937065	5	376	1.31	CHG
2	33936933	33937065	30	1386	2.12	CHH
2	34687871	34690219	674	9439	6.66	CG
2	34687871	34690219	836	6764	11.00	CHG
2	34687871	34690219	1393	20004	6.51	CHH
2	34747509	34747747	52	1	98.11	CG
2	34747509	34747747	26	20	56.52	CHG
2	34747509	34747747	6	56	9.68	CHH
2	34772462	34772598	11	295	3.59	CHG
2	34772462	34772598	47	1319	3.44	CHH
2	35300370	35300604	75	0	100.00	CG
2	35300370	35300604	5	680	0.73	CHG
2	35300370	35300604	94	2983	3.05	CHH
2	35388799	35389069	5	379	1.30	CG
2	35388799	35389069	16	722	2.17	CHG
2	35388799	35389069	44	2084	2.07	CHH
3	480369	480630	789	24	97.05	CG
3	480369	480630	13	814	1.57	CHG
3	480369	480630	62	3032	2.00	CHH
3	615186	620505	5083	6677	43.22	CG
3	615186	620505	2379	9165	20.61	CHG
3	615186	620505	3636	39273	8.47	CHH
3	1097994	1098400	1304	38	97.17	CG
3	1097994	1098400	828	175	82.55	CHG
3	1097994	1098400	625	3503	15.14	CHH
3	2922253	2922366	0	63	0.00	CG
3	2922253	2922366	0	137	0.00	CHG
3	2922253	2922366	22	1366	1.59	CHH
3	2924923	2926581	1188	216	84.62	CG
3	2924923	2926581	205	3541	5.47	CHG
3	2924923	2926581	685	16933	3.89	CHH
3	3101473	3101729	644	848	43.16	CG
3	3101473	3101729	20	891	2.20	CHG
3	3101473	3101729	64	2018	3.07	CHH
3	3782983	3787490	1017	13530	6.99	CG
3	3782983	3787490	776	10788	6.71	CHG
3	3782983	3787490	1479	37897	3.76	CHH
3	4471611	4471796	6	780	0.76	CG
3	4471611	4471796	6	465	1.27	CHG
3	4471611	4471796	32	1276	2.45	CHH
3	4501942	4502163	326	518	38.63	CG
3	4501942	4502163	217	372	36.84	CHG
3	4501942	4502163	904	759	54.36	CHH
3	4735915	4736042	8	248	3.12	CG
3	4735915	4736042	20	237	7.78	CHG
3	4735915	4736042	53	1707	3.01	CHH
3	5786527	5786697	163	4	97.60	CG
3	5786527	5786697	14	485	2.81	CHG
3	5786527	5786697	71	2190	3.14	CHH
3	5790733	5792052	2543	99	96.25	CG
3	5790733	5792052	1811	382	82.58	CHG
3	5790733	5792052	1762	9592	15.52	CHH
3	5852144	5852325	366	7	98.12	CG
3	5852144	5852325	310	37	89.34	CHG
3	5852144	5852325	510	1310	28.02	CHH
3	5861909	5862252	441	87	83.52	CG
3	5861909	5862252	23	1313	1.72	CHG
3	5861909	5862252	73	3377	2.12	CHH
3	5863529	5863616	0	204	0.00	CG
3	5863529	5863616	7	349	1.97	CHG
3	5863529	5863616	13	981	1.31	CHH
3	6119207	6119385	45	1024	4.21	CG
3	6119207	6119385	30	881	3.29	CHG
3	6119207	6119385	54	1044	4.92	CHH
3	6727333	6727471	1	195	0.51	CG
3	6727333	6727471	5	144	3.36	CHG
3	6727333	6727471	15	1054	1.40	CHH
3	7815881	7816020	51	1238	3.96	CG
3	7815881	7816020	17	583	2.83	CHG
3	7815881	7816020	22	504	4.18	CHH
3	8124800	8125238	21	2097	0.99	CG
3	8124800	8125238	45	1276	3.41	CHG
3	8124800	8125238	93	4660	1.96	CHH
3	8292358	8296069	3365	1484	69.40	CG
3	8292358	8296069	2458	4954	33.16	CHG
3	8292358	8296069	3017	36031	7.73	CHH
3	8918282	8919468	1013	3656	21.70	CG
3	8918282	8919468	336	2429	12.15	CHG
3	8918282	8919468	1117	9080	10.95	CHH
3	8932042	8933228	800	1145	41.13	CG
3	8932042	8933228	388	805	32.52	CHG
3	8932042	8933228	604	9160	6.19	CHH
3	9007060	9007495	2088	52	97.57	CG
3	9007060	9007495	979	247	79.85	CHG
3	9007060	9007495	446	2450	15.40	CHH
3	9615393	9615681	154	1150	11.81	CG
3	9615393	9615681	39	492	7.34	CHG
3	9615393	9615681	156	2816	5.25	CHH
3	9647322	9647514	34	234	12.69	CG
3	9647322	9647514	10	516	1.90	CHG
3	9647322	9647514	30	1992	1.48	CHH
3	9661238	9663204	664	2931	18.47	CG
3	9661238	9663204	319	2980	9.67	CHG
3	9661238	9663204	1028	14795	6.50	CHH
3	9703524	9703645	1	162	0.61	CG
3	9703524	9703645	9	130	6.47	CHG
3	9703524	9703645	64	1205	5.04	CHH
3	9741411	9741728	424	72	85.48	CG
3	9741411	9741728	196	120	62.03	CHG
3	9741411	9741728	185	1849	9.10	CHH
3	9772110	9773385	2668	471	85.00	CG
3	9772110	9773385	1474	886	62.46	CHG
3	9772110	9773385	1745	11460	13.21	CHH
3	9970758	9972750	473	7296	6.09	CG
3	9970758	9972750	311	5819	5.07	CHG
3	9970758	9972750	442	15677	2.74	CHH
3	11318102	11319164	719	682	51.32	CG
3	11318102	11319164	328	1610	16.92	CHG
3	11318102	11319164	360	9163	3.78	CHH
3	11624874	11625180	161	5	96.99	CG
3	11624874	11625180	16	966	1.63	CHG
3	11624874	11625180	79	3042	2.53	CHH
3	11762654	11762757	31	118	20.81	CG
3	11762654	11762757	7	70	9.09	CHG
3	11762654	11762757	19	804	2.31	CHH
3	12013674	12014450	787	9	98.87	CG
3	12013674	12014450	1693	197	89.58	CHG
3	12013674	12014450	615	8850	6.50	CHH
3	13326106	13326294	10	479	2.04	CG
3	13326106	13326294	37	819	4.32	CHG
3	13326106	13326294	46	2134	2.11	CHH
3	14484188	14484405	58	3	95.08	CG
3	14484188	14484405	373	27	93.25	CHG
3	14484188	14484405	146	1527	8.73	CHH
3	14495901	14496241	80	2373	3.26	CG
3	14495901	14496241	36	1082	3.22	CHG
3	14495901	14496241	73	2576	2.76	CHH
3	14633392	14633990	800	17	97.92	CG
3	14633392	14633990	389	72	84.38	CHG
3	14633392	14633990	309	5702	5.14	CHH
3	14886695	14886945	9	263	3.31	CG
3	14886695	14886945	173	119	59.25	CHG
3	14886695	14886945	1049	1071	49.48	CHH
3	15238637	15238822	200	3	98.52	CG
3	15238637	15238822	279	49	85.06	CHG
3	15238637	15238822	99	1432	6.47	CHH
3	15348429	15348696	410	9	97.85	CG
3	15348429	15348696	381	181	67.79	CHG
3	15348429	15348696	159	2807	5.36	CHH
3	15968990	15969281	20	1693	1.17	CG
3	15968990	15969281	41	1308	3.04	CHG
3	15968990	15969281	50	2944	1.67	CHH
3	16545195	16545366	124	2	98.41	CG
3	16545195	16545366	107	26	80.45	CHG
3	16545195	16545366	55	812	6.34	CHH
3	16691128	16691290	173	6	96.65	CG
3	16691128	16691290	43	129	25.00	CHG
3	16691128	16691290	205	875	18.98	CHH
3	18086982	18087169	1	272	0.37	CG
3	18086982	18087169	3	382	0.78	CHG
3	18086982	18087169	24	1501	1.57	CHH
3	18671229	18673244	2114	1113	65.51	CG
3	18671229	18673244	939	2221	29.72	CHG
3	18671229	18673244	1706	19131	8.19	CHH
3	18972426	18972727	1	0	100.00	CG
3	18972426	18972727	1	0	100.00	CHG
3	18972426	18972727	0	3	0.00	CHH
3	19066610	19066885	990	14	98.61	CG
3	19066610	19066885	226	123	64.76	CHG
3	19066610	19066885	203	1117	15.38	CHH
3	19477758	19477853	157	2	98.74	CG
3	19477758	19477853	101	116	46.54	CHG
3	19477758	19477853	51	646	7.32	CHH
3	20211561	20212451	2239	37	98.37	CG
3	20211561	20212451	1633	346	82.52	CHG
3	20211561	20212451	957	8379	10.25	CHH
3	20300032	20301332	1976	35	98.26	CG
3	20300032	20301332	2680	370	87.87	CHG
3	20300032	20301332	739	11179	6.20	CHH
3	20506153	20506547	1003	31	97.00	CG
3	20506153	20506547	680	393	63.37	CHG
3	20506153	20506547	210	4282	4.67	CHH
3	20529596	20530676	2040	3943	34.10	CG
3	20529596	20530676	458	3065	13.00	CHG
3	20529596	20530676	419	7681	5.17	CHH
3	20609274	20609784	597	13	97.87	CG
3	20609274	20609784	412	87	82.57	CHG
3	20609274	20609784	379	3183	10.64	CHH
3	21045714	21046037	499	17	96.71	CG
3	21045714	21046037	249	41	85.86	CHG
3	21045714	21046037	184	2780	6.21	CHH
3	21053301	21054404	467	274	63.02	CG
3	21053301	21054404	68	1643	3.97	CHG
3	21053301	21054404	337	11101	2.95	CHH
3	21477968	21478334	527	173	75.29	CG
3	21477968	21478334	155	373	29.36	CHG
3	21477968	21478334	395	2404	14.11	CHH
3	21805912	21806253	1607	30	98.17	CG
3	21805912	21806253	290	214	57.54	CHG
3	21805912	21806253	276	2008	12.08	CHH
3	22443304	22443897	20	3107	0.64	CG
3	22443304	22443897	73	2211	3.20	CHG
3	22443304	22443897	106	6091	1.71	CHH
3	22930322	22932315	638	3382	15.87	CG
3	22930322	22932315	98	3991	2.40	CHG
3	22930322	22932315	410	18070	2.22	CHH
3	22977964	22978503	298	323	47.99	CG
3	22977964	22978503	305	709	30.08	CHG
3	22977964	22978503	636	3334	16.02	CHH
3	23158824	23162446	2141	8301	20.50	CG
3	23158824	23162446	772	6182	11.10	CHG
3	23158824	23162446	1968	29022	6.35	CHH
3	23440227	23440314	2	151	1.31	CHG
3	23440227	23440314	14	792	1.74	CHH
3	23502337	23503127	618	157	79.74	CG
3	23502337	23503127	84	678	11.02	CHG
3	23502337	23503127	1346	7493	15.23	CHH
3	24402381	24402506	15	1472	1.01	CG
3	24402381	24402506	13	463	2.73	CHG
3	24402381	24402506	35	1025	3.30	CHH
3	24697252	24697403	0	173	0.00	CG
3	24697252	24697403	10	328	2.96	CHG
3	24697252	24697403	24	1598	1.48	CHH
3	25124576	25125712	1456	546	72.73	CG
3	25124576	25125712	654	630	50.93	CHG
3	25124576	25125712	2895	6327	31.39	CHH
3	25238096	25238349	232	78	74.84	CG
3	25238096	25238349	6	758	0.79	CHG
3	25238096	25238349	45	2542	1.74	CHH
3	26463242	26463534	202	710	22.15	CG
3	26463242	26463534	39	819	4.55	CHG
3	26463242	26463534	103	2038	4.81	CHH
3	28036385	28036532	8	472	1.67	CG
3	28036385	28036532	25	430	5.49	CHG
3	28036385	28036532	45	1207	3.59	CHH
3	28421210	28421588	8	687	1.15	CG
3	28421210	28421588	57	1099	4.93	CHG
3	28421210	28421588	138	3892	3.42	CHH
3	28828352	28828674	187	260	41.83	CG
3	28828352	28828674	4	134	2.90	CHG
3	28828352	28828674	531	3317	13.80	CHH
3	28883667	28884002	86	71	54.78	CG
3	28883667	28884002	38	414	8.41	CHG
3	28883667	28884002	93	3271	2.76	CHH
3	28999678	28999814	70	76	47.95	CG
3	28999678	28999814	74	69	51.75	CHG
3	28999678	28999814	232	747	23.70	CHH
3	29036320	29036527	1370	37	97.37	CG
3	29036320	29036527	127	204	38.37	CHG
3	29036320	29036527	229	878	20.69	CHH
3	29048284	29048488	1402	10	99.29	CG
3	29048284	29048488	902	231	79.61	CHG
3	29048284	29048488	187	951	16.43	CHH
3	29804060	29804313	3	348	0.85	CG
3	29804060	29804313	19	769	2.41	CHG
3	29804060	29804313	54	2410	2.19	CHH
3	31242980	31243426	2386	29	98.80	CG
3	31242980	31243426	1206	275	81.43	CHG
3	31242980	31243426	297	2644	10.10	CHH
3	31550060	31550292	600	143	80.75	CG
3	31550060	31550292	203	162	55.62	CHG
3	31550060	31550292	305	1966	13.43	CHH
3	32992420	32993458	641	870	42.42	CG
3	32992420	32993458	277	1003	21.64	CHG
3	32992420	32993458	553	8413	6.17	CHH
3	33907932	33908490	34	209	13.99	CG
3	33907932	33908490	48	1602	2.91	CHG
3	33907932	33908490	100	5836	1.68	CHH
3	34241449	34241654	1	326	0.31	CG
3	34241449	34241654	37	850	4.17	CHG
3	34241449	34241654	38	1895	1.97	CHH
3	34254363	34255907	908	2859	24.10	CG
3	34254363	34255907	250	4805	4.95	CHG
3	34254363	34255907	1395	14295	8.89	CHH
3	34833000	34833309	1281	15	98.84	CG
3	34833000	34833309	784	196	80.00	CHG
3	34833000	34833309	420	1885	18.22	CHH
3	35110086	35110256	75	0	100.00	CG
3	35110086	35110256	0	244	0.00	CHG
3	35110086	35110256	40	1755	2.23	CHH
3	35180241	35180554	328	9	97.33	CG
3	35180241	35180554	29	1093	2.58	CHG
3	35180241	35180554	83	4209	1.93	CHH
3	35917041	35917731	1400	517	73.03	CG
3	35917041	35917731	471	835	36.06	CHG
3	35917041	35917731	905	5580	13.96	CHH
3	36048993	36049255	2	370	0.54	CG
3	36048993	36049255	22	605	3.51	CHG
3	36048993	36049255	87	2050	4.07	CHH
3	36390761	36392058	125	4769	2.55	CG
3	36390761	36392058	88	3556	2.41	CHG
3	36390761	36392058	238	10871	2.14	CHH
4	2128481	2128855	408	27	93.79	CG
4	2128481	2128855	84	261	24.35	CHG
4	2128481	2128855	343	3004	10.25	CHH
4	2540394	2540485	150	54	73.53	CG
4	2540394	2540485	128	70	64.65	CHG
4	2540394	2540485	23	694	3.21	CHH
4	3036997	3037085	314	4	98.74	CG
4	3036997	3037085	98	102	49.00	CHG
4	3036997	3037085	37	297	11.08	CHH
4	3390058	3390156	3	0	100.00	CG
4	3390058	3390156	1	0	100.00	CHG
4	3390058	3390156	0	4	0.00	CHH
4	4049820	4050064	480	17	96.58	CG
4	4049820	4050064	276	102	73.02	CHG
4	4049820	4050064	163	1797	8.32	CHH
4	4695559	4695777	612	14	97.76	CG
4	4695559	4695777	155	165	48.44	CHG
4	4695559	4695777	53	978	5.14	CHH
4	5205473	5206792	3484	67	98.11	CG
4	5205473	5206792	2090	633	76.75	CHG
4	5205473	5206792	894	11188	7.40	CHH
4	5370300	5370990	871	27	96.99	CG
4	5370300	5370990	545	128	80.98	CHG
4	5370300	5370990	97	1580	5.78	CHH
4	7250146	7253105	1969	10554	15.72	CG
4	7250146	7253105	1796	5971	23.12	CHG
4	7250146	7253105	1178	23439	4.79	CHH
4	7946934	7947116	319	4	98.76	CG
4	7946934	7947116	201	97	67.45	CHG
4	7946934	7947116	60	1371	4.19	CHH
4	7976120	7976768	11	324	3.28	CG
4	7976120	7976768	33	780	4.06	CHG
4	7976120	7976768	87	3109	2.72	CHH
4	7998972	7999131	1	99	1.00	CG
4	7998972	7999131	24	200	10.71	CHG
4	7998972	7999131	53	1422	3.59	CHH
4	9504426	9506750	3862	209	94.87	CG
4	9504426	9506750	2759	1601	63.28	CHG
4	9504426	9506750	888	21326	4.00	CHH
4	10597218	10597775	1376	20	98.57	CG
4	10597218	10597775	1884	316	85.64	CHG
4	10597218	10597775	216	4574	4.51	CHH
4	11254426	11254603	4	208	1.89	CG
4	11254426	11254603	11	402	2.66	CHG
4	11254426	11254603	53	1783	2.89	CHH
4	11479976	11481063	171	907	15.86	CG
4	11479976	11481063	64	1902	3.26	CHG
4	11479976	11481063	356	10750	3.21	CHH
4	12511724	12511877	144	2	98.63	CG
4	12511724	12511877	422	95	81.62	CHG
4	12511724	12511877	97	1488	6.12	CHH
4	12570254	12573173	5067	112	97.84	CG
4	12570254	12573173	6573	1334	83.13	CHG
4	12570254	12573173	1799	28532	5.93	CHH
4	14336636	14336825	422	5	98.83	CG
4	14336636	14336825	401	197	67.06	CHG
4	14336636	14336825	69	1868	3.56	CHH
4	15422154	15422563	410	7	98.32	CG
4	15422154	15422563	456	133	77.42	CHG
4	15422154	15422563	810	3535	18.64	CHH
4	15927777	15928107	12	1014	1.17	CG
4	15927777	15928107	26	891	2.84	CHG
4	15927777	15928107	112	3152	3.43	CHH
4	16377949	16378038	336	5	98.53	CG
4	16377949	16378038	263	71	78.74	CHG
4	16377949	16378038	63	917	6.43	CHH
4	16429861	16430118	289	13	95.70	CG
4	16429861	16430118	458	67	87.24	CHG
4	16429861	16430118	153	2233	6.41	CHH
4	16739824	16740091	759	20	97.43	CG
4	16739824	16740091	190	118	61.69	CHG
4	16739824	16740091	102	1781	5.42	CHH
4	16870850	16871033	230	9	96.23	CG
4	16870850	16871033	1	87	1.14	CHG
4	16870850	16871033	49	2116	2.26	CHH
4	16929303	16929386	16	103	13.45	CG
4	16929303	16929386	0	28	0.00	CHG
4	16929303	16929386	8	593	1.33	CHH
4	18861290	18861421	107	4	96.40	CG
4	18861290	18861421	75	13	85.23	CHG
4	18861290	18861421	505	471	51.74	CHH
4	18879559	18879953	2147	33	98.49	CG
4	18879559	18879953	1356	353	79.34	CHG
4	18879559	18879953	364	2763	11.64	CHH
4	19594453	19594613	4	165	2.37	CG
4	19594453	19594613	11	398	2.69	CHG
4	19594453	19594613	119	862	12.13	CHH
4	21836525	21836740	3	514	0.58	CG
4	21836525	21836740	8	904	0.88	CHG
4	21836525	21836740	43	2538	1.67	CHH
4	22149701	22149888	39	1218	3.10	CG
4	22149701	22149888	24	492	4.65	CHG
4	22149701	22149888	64	1456	4.21	CHH
4	24463582	24463728	4	248	1.59	CG
4	24463582	24463728	10	169	5.59	CHG
4	24463582	24463728	27	1218	2.17	CHH
4	24879051	24879296	3	48	5.88	CG
4	24879051	24879296	5	901	0.55	CHG
4	24879051	24879296	44	1619	2.65	CHH
4	25700367	25700823	2578	47	98.21	CG
4	25700367	25700823	966	477	66.94	CHG
4	25700367	25700823	714	3513	16.89	CHH
4	26025305	26025523	136	2	98.55	CG
4	26025305	26025523	13	532	2.39	CHG
4	26025305	26025523	33	1904	1.70	CHH
4	26125746	26125921	169	9	94.94	CG
4	26125746	26125921	142	38	78.89	CHG
4	26125746	26125921	165	1462	10.14	CHH
4	28854448	28854672	21	792	2.58	CG
4	28854448	28854672	20	347	5.45	CHG
4	28854448	28854672	65	1699	3.68	CHH
4	31600862	31601333	1304	25	98.12	CG
4	31600862	31601333	1100	409	72.90	CHG
4	31600862	31601333	310	4118	7.00	CHH
4	32665225	32665685	21	2118	0.98	CG
4	32665225	32665685	34	1604	2.08	CHG
4	32665225	32665685	95	3600	2.57	CHH
4	32845260	32845468	188	6	96.91	CG
4	32845260	32845468	10	575	1.71	CHG
4	32845260	32845468	60	1839	3.16	CHH
4	32907649	32907913	908	11	98.80	CG
4	32907649	32907913	1109	129	89.58	CHG
4	32907649	32907913	307	3430	8.22	CHH
4	32976630	32976775	2	227	0.87	CG
4	32976630	32976775	9	255	3.41	CHG
4	32976630	32976775	23	1365	1.66	CHH
4	33538001	33538284	255	15	94.44	CG
4	33538001	33538284	308	43	87.75	CHG
4	33538001	33538284	102	897	10.21	CHH
5	22552	22704	301	2	99.34	CG
5	22552	22704	188	33	85.07	CHG
5	22552	22704	58	991	5.53	CHH
5	167915	169390	1204	284	80.91	CG
5	167915	169390	240	645	27.12	CHG
5	167915	169390	665	11694	5.38	CHH
5	802197	802307	2	130	1.52	CG
5	802197	802307	2	231	0.86	CHG
5	802197	802307	10	1272	0.78	CHH
5	1555477	1555743	211	6	97.24	CG
5	1555477	1555743	9	663	1.34	CHG
5	1555477	1555743	61	2768	2.16	CHH
5	1623822	1624065	1363	47	96.67	CG
5	1623822	1624065	622	208	74.94	CHG
5	1623822	1624065	186	865	17.70	CHH
5	1649481	1650024	2049	65	96.93	CG
5	1649481	1650024	933	600	60.86	CHG
5	1649481	1650024	458	5523	7.66	CHH
5	2535968	2537410	418	6640	5.92	CG
5	2535968	2537410	150	4980	2.92	CHG
5	2535968	2537410	389	15755	2.41	CHH
5	3201536	3202094	92	345	21.05	CG
5	3201536	3202094	172	676	20.28	CHG
5	3201536	3202094	904	4353	17.20	CHH
5	3642042	3642277	1238	39	96.95	CG
5	3642042	3642277	229	240	48.83	CHG
5	3642042	3642277	192	2367	7.50	CHH
5	4042346	4043559	1315	10	99.25	CG
5	4042346	4043559	925	208	81.64	CHG
5	4042346	4043559	253	3877	6.13	CHH
5	5042999	5043643	151	1	99.34	CG
5	5042999	5043643	74	20	78.72	CHG
5	5042999	5043643	23	842	2.66	CHH
5	6697788	6698020	265	11	96.01	CG
5	6697788	6698020	21	522	3.87	CHG
5	6697788	6698020	50	2341	2.09	CHH
5	8888812	8888977	213	8	96.38	CG
5	8888812	8888977	623	73	89.51	CHG
5	8888812	8888977	122	1764	6.47	CHH
5	9364313	9364413	583	11	98.15	CG
5	9364313	9364413	391	103	79.15	CHG
5	9364313	9364413	62	728	7.85	CHH
5	12549332	12549415	3	0	100.00	CG
5	12549332	12549415	1	0	100.00	CHG
5	12549332	12549415	0	2	0.00	CHH
5	12809268	12809477	1092	37	96.72	CG
5	12809268	12809477	394	171	69.73	CHG
5	12809268	12809477	159	991	13.83	CHH
5	13857407	13857542	1026	15	98.56	CG
5	13857407	13857542	256	99	72.11	CHG
5	13857407	13857542	105	1100	8.71	CHH
5	14246535	14246708	4	175	2.23	CG
5	14246535	14246708	2	98	2.00	CHG
5	14246535	14246708	65	2886	2.20	CHH
5	15249273	15249609	984	28	97.23	CG
5	15249273	15249609	593	179	76.81	CHG
5	15249273	15249609	225	3411	6.19	CHH
5	15263881	15264136	1323	28	97.93	CG
5	15263881	15264136	640	270	70.33	CHG
5	15263881	15264136	206	1525	11.90	CHH
5	15295856	15296058	595	14	97.70	CG
5	15295856	15296058	239	100	70.50	CHG
5	15295856	15296058	33	744	4.25	CHH
5	15380224	15380482	48	2	96.00	CG
5	15380224	15380482	94	8	92.16	CHG
5	15380224	15380482	11	151	6.79	CHH
5	16141049	16142222	2619	72	97.32	CG
5	16141049	16142222	1745	275	86.39	CHG
5	16141049	16142222	780	10540	6.89	CHH
5	16604726	16607053	3648	297	92.47	CG
5	16604726	16607053	2067	1259	62.15	CHG
5	16604726	16607053	1864	20232	8.44	CHH
5	16695358	16697204	1777	1657	51.75	CG
5	16695358	16697204	1717	1473	53.82	CHG
5	16695358	16697204	1290	13591	8.67	CHH
5	17145149	17145240	0	79	0.00	CG
5	17145149	17145240	8	924	0.86	CHH
5	17275880	17277194	1052	1264	45.42	CG
5	17275880	17277194	160	2703	5.59	CHG
5	17275880	17277194	610	11424	5.07	CHH
5	18555974	18556911	1972	308	86.49	CG
5	18555974	18556911	817	679	54.61	CHG
5	18555974	18556911	579	10982	5.01	CHH
5	18614365	18615227	2972	32	98.93	CG
5	18614365	18615227	1359	517	72.44	CHG
5	18614365	18615227	1367	7270	15.83	CHH
5	19082868	19087589	2680	4747	36.08	CG
5	19082868	19087589	486	11549	4.04	CHG
5	19082868	19087589	1886	43608	4.15	CHH
5	19475239	19475452	5	473	1.05	CG
5	19475239	19475452	19	771	2.41	CHG
5	19475239	19475452	48	2324	2.02	CHH
5	19550564	19550779	30	155	16.22	CHG
5	19550564	19550779	151	2122	6.64	CHH
5	19686229	19688559	1727	3988	30.22	CG
5	19686229	19688559	1156	2864	28.76	CHG
5	19686229	19688559	1469	18531	7.34	CHH
5	20197683	20197907	16	1367	1.16	CG
5	20197683	20197907	17	782	2.13	CHG
5	20197683	20197907	18	1450	1.23	CHH
5	20639725	20640817	1154	91	92.69	CG
5	20639725	20640817	149	2772	5.10	CHG
5	20639725	20640817	274	10041	2.66	CHH
5	21196473	21196736	181	3	98.37	CG
5	21196473	21196736	250	17	93.63	CHG
5	21196473	21196736	238	2232	9.64	CHH
5	21222554	21222810	145	102	58.70	CHG
5	21222554	21222810	95	2304	3.96	CHH
5	21231311	21231463	11	732	1.48	CG
5	21231311	21231463	29	605	4.57	CHG
5	21231311	21231463	26	1132	2.25	CHH
5	21771662	21772418	1012	296	77.37	CG
5	21771662	21772418	779	576	57.49	CHG
5	21771662	21772418	351	4953	6.62	CHH
5	22632027	22632224	11	850	1.28	CG
5	22632027	22632224	17	725	2.29	CHG
5	22632027	22632224	32	1361	2.30	CHH
5	23446330	23446424	7	0	100.00	CG
5	23446330	23446424	6	30	16.67	CHH
5	23498602	23498699	116	3	97.48	CG
5	23498602	23498699	51	2	96.23	CHG
5	23498602	23498699	675	323	67.64	CHH
5	23589096	23589233	1	285	0.35	CHG
5	23589096	23589233	24	1506	1.57	CHH
5	23597717	23597952	1	133	0.75	CG
5	23597717	23597952	10	368	2.65	CHG
5	23597717	23597952	57	2080	2.67	CHH
5	23799970	23800819	69	3078	2.19	CG
5	23799970	23800819	88	2545	3.34	CHG
5	23799970	23800819	159	7322	2.13	CHH
5	24767463	24767619	7	855	0.81	CG
5	24767463	24767619	2	262	0.76	CHG
5	24767463	24767619	22	1183	1.83	CHH
5	24958493	24960927	1709	1704	50.07	CG
5	24958493	24960927	346	4763	6.77	CHG
5	24958493	24960927	685	22470	2.96	CHH
5	25117789	25118255	76	2734	2.70	CG
5	25117789	25118255	34	1326	2.50	CHG
5	25117789	25118255	59	3172	1.83	CHH
5	25683760	25686062	1265	9674	11.56	CG
5	25683760	25686062	901	7562	10.65	CHG
5	25683760	25686062	2109	14954	12.36	CHH
5	25916431	25917101	1206	24	98.05	CG
5	25916431	25917101	781	313	71.39	CHG
5	25916431	25917101	1301	6675	16.31	CHH
5	26920490	26922938	35	4109	0.84	CG
5	26920490	26922938	173	8165	2.07	CHG
5	26920490	26922938	579	24610	2.30	CHH
5	27294148	27294484	14	1045	1.32	CG
5	27294148	27294484	28	762	3.54	CHG
5	27294148	27294484	82	2874	2.77	CHH
5	27692643	27692794	13	828	1.55	CG
5	27692643	27692794	5	766	0.65	CHG
5	27692643	27692794	49	1963	2.44	CHH
5	28353397	28355104	2113	308	87.28	CG
5	28353397	28355104	185	3790	4.65	CHG
5	28353397	28355104	442	16850	2.56	CHH
5	28438764	28438936	277	5	98.23	CG
5	28438764	28438936	344	40	89.58	CHG
5	28438764	28438936	89	1107	7.44	CHH
5	29278792	29278999	157	1	99.37	CG
5	29278792	29278999	105	6	94.59	CHG
5	29278792	29278999	43	673	6.01	CHH
5	29368004	29368261	201	4	98.05	CG
5	29368004	29368261	487	33	93.65	CHG
5	29368004	29368261	194	2772	6.54	CHH
5	29393677	29395023	570	21	96.45	CG
5	29393677	29395023	476	91	83.95	CHG
5	29393677	29395023	123	1327	8.48	CHH
5	29485227	29485510	442	301	59.49	CG
5	29485227	29485510	126	629	16.69	CHG
5	29485227	29485510	113	2738	3.96	CHH
6	247291	247913	20	1975	1.00	CG
6	247291	247913	31	1580	1.92	CHG
6	247291	247913	79	5553	1.40	CHH
6	368015	368245	0	476	0.00	CG
6	368015	368245	10	611	1.61	CHG
6	368015	368245	35	2289	1.51	CHH
6	521167	522087	261	1522	14.64	CG
6	521167	522087	149	1369	9.82	CHG
6	521167	522087	851	7677	9.98	CHH
6	813527	813697	142	4	97.26	CG
6	813527	813697	5	399	1.24	CHG
6	813527	813697	55	2323	2.31	CHH
6	958185	960061	3424	1395	71.05	CG
6	958185	960061	1274	1377	48.06	CHG
6	958185	960061	1363	11953	10.24	CHH
6	1267865	1268035	853	15	98.27	CG
6	1267865	1268035	425	134	76.03	CHG
6	1267865	1268035	61	1020	5.64	CHH
6	2300838	2300945	0	161	0.00	CG
6	2300838	2300945	11	295	3.59	CHG
6	2300838	2300945	15	926	1.59	CHH
6	3639180	3639309	4	334	1.18	CG
6	3639180	3639309	1	362	0.28	CHG
6	3639180	3639309	41	1354	2.94	CHH
6	3944739	3945664	409	742	35.53	CG
6	3944739	3945664	449	864	34.20	CHG
6	3944739	3945664	790	8238	8.75	CHH
6	4300749	4300941	588	7	98.82	CG
6	4300749	4300941	201	197	50.50	CHG
6	4300749	4300941	215	2826	7.07	CHH
6	4553472	4553595	533	8	98.52	CG
6	4553472	4553595	119	67	63.98	CHG
6	4553472	4553595	106	528	16.72	CHH
6	4806070	4806315	46	914	4.79	CG
6	4806070	4806315	21	481	4.18	CHG
6	4806070	4806315	36	1844	1.91	CHH
6	5243918	5246329	2008	2380	45.76	CG
6	5243918	5246329	184	7429	2.42	CHG
6	5243918	5246329	533	23067	2.26	CHH
6	5335954	5337126	903	1233	42.28	CG
6	5335954	5337126	592	1191	33.20	CHG
6	5335954	5337126	1537	6446	19.25	CHH
6	6556692	6557000	6	1401	0.43	CG
6	6556692	6557000	12	794	1.49	CHG
6	6556692	6557000	57	2569	2.17	CHH
6	7262284	7262394	12	255	4.49	CHG
6	7262284	7262394	13	965	1.33	CHH
6	7296360	7297580	863	19	97.85	CG
6	7296360	7297580	621	134	82.25	CHG
6	7296360	7297580	215	2849	7.02	CHH
6	7450229	7452500	3769	529	87.69	CG
6	7450229	7452500	2738	1142	70.57	CHG
6	7450229	7452500	2366	18144	11.54	CHH
6	8010667	8010997	1271	21	98.37	CG
6	8010667	8010997	748	326	69.65	CHG
6	8010667	8010997	259	2917	8.15	CHH
6	8383109	8385458	1481	8934	14.22	CG
6	8383109	8385458	755	4507	14.35	CHG
6	8383109	8385458	840	17413	4.60	CHH
6	8415805	8416695	1926	47	97.62	CG
6	8415805	8416695	1536	471	76.53	CHG
6	8415805	8416695	623	8483	6.84	CHH
6	8434419	8434622	443	10	97.79	CG
6	8434419	8434622	565	98	85.22	CHG
6	8434419	8434622	302	1110	21.39	CHH
6	9748876	9749062	529	175	75.14	CG
6	9748876	9749062	16	250	6.02	CHG
6	9748876	9749062	88	1735	4.83	CHH
6	9753551	9753693	75	5	93.75	CG
6	9753551	9753693	95	23	80.51	CHG
6	9753551	9753693	44	354	11.06	CHH
6	10075237	10075575	751	9	98.82	CG
6	10075237	10075575	1164	176	86.87	CHG
6	10075237	10075575	252	2988	7.78	CHH
6	10093461	10093858	742	15	98.02	CG
6	10093461	10093858	364	304	54.49	CHG
6	10093461	10093858	174	3694	4.50	CHH
6	10113029	10113177	227	7	97.01	CG
6	10113029	10113177	106	49	68.39	CHG
6	10113029	10113177	209	807	20.57	CHH
6	10217891	10218933	1769	35	98.06	CG
6	10217891	10218933	2118	280	88.32	CHG
6	10217891	10218933	447	8285	5.12	CHH
6	11173234	11173456	76	78	49.35	CG
6	11173234	11173456	997	1059	48.49	CHH
6	11608473	11613132	7944	1388	85.13	CG
6	11608473	11613132	5561	3761	59.65	CHG
6	11608473	11613132	4019	31001	11.48	CHH
6	11851633	11851862	192	4	97.96	CG
6	11851633	11851862	491	111	81.56	CHG
6	11851633	11851862	100	2154	4.44	CHH
6	14122214	14122520	513	8	98.46	CG
6	14122214	14122520	610	101	85.79	CHG
6	14122214	14122520	420	1691	19.90	CHH
6	14227883	14228030	278	6	97.89	CG
6	14227883	14228030	130	92	58.56	CHG
6	14227883	14228030	90	1181	7.08	CHH
6	14470606	14472078	2954	62	97.94	CG
6	14470606	14472078	3110	361	89.60	CHG
6	14470606	14472078	1315	10355	11.27	CHH
6	14807254	14809068	3547	1010	77.84	CG
6	14807254	14809068	2962	1739	63.01	CHG
6	14807254	14809068	2736	17259	13.68	CHH
6	14821713	14821802	117	2	98.32	CG
6	14821713	14821802	255	11	95.86	CHG
6	14821713	14821802	55	623	8.11	CHH
6	14830897	14831902	1485	34	97.76	CG
6	14830897	14831902	2050	271	88.32	CHG
6	14830897	14831902	509	8850	5.44	CHH
6	14905971	14906794	1871	40	97.91	CG
6	14905971	14906794	1872	195	90.57	CHG
6	14905971	14906794	713	6051	10.54	CHH
6	15103747	15105627	2614	69	97.43	CG
6	15103747	15105627	2180	463	82.48	CHG
6	15103747	15105627	1075	17297	5.85	CHH
6	15441362	15441506	6197	233	96.38	CG
6	15441362	15441506	599	432	58.10	CHG
6	15441362	15441506	857	7832	9.86	CHH
6	15563454	15563591	112	2	98.25	CG
6	15563454	15563591	166	36	82.18	CHG
6	15563454	15563591	53	869	5.75	CHH
6	16686020	16686529	1295	16	98.78	CG
6	16686020	16686529	531	163	76.51	CHG
6	16686020	16686529	158	4043	3.76	CHH
6	17158669	17158861	296	79	78.93	CG
6	17158669	17158861	2	301	0.66	CHG
6	17158669	17158861	86	1502	5.42	CHH
6	17199198	17199462	220	29	88.35	CG
6	17199198	17199462	34	33	50.75	CHG
6	17199198	17199462	168	1806	8.51	CHH
6	17345586	17347256	5710	80	98.62	CG
6	17345586	17347256	3061	748	80.36	CHG
6	17345586	17347256	1800	14504	11.04	CHH
6	17660877	17661057	350	13	96.42	CG
6	17660877	17661057	453	80	84.99	CHG
6	17660877	17661057	62	1443	4.12	CHH
6	18643334	18643833	392	8	98.00	CG
6	18643334	18643833	138	130	51.49	CHG
6	18643334	18643833	53	228	18.86	CHH
6	18777954	18779043	1769	43	97.63	CG
6	18777954	18779043	924	277	76.94	CHG
6	18777954	18779043	459	10437	4.21	CHH
6	18810122	18813496	7024	872	88.96	CG
6	18810122	18813496	3159	3764	45.63	CHG
6	18810122	18813496	1681	29748	5.35	CHH
6	19312818	19314797	4463	2458	64.48	CG
6	19312818	19314797	1979	2619	43.04	CHG
6	19312818	19314797	2512	19877	11.22	CHH
6	20357482	20357681	461	6	98.72	CG
6	20357482	20357681	201	85	70.28	CHG
6	20357482	20357681	103	1674	5.80	CHH
6	20439044	20439654	17	704	2.36	CG
6	20439044	20439654	45	1618	2.71	CHG
6	20439044	20439654	115	4926	2.28	CHH
6	21127919	21128043	369	3	99.19	CG
6	21127919	21128043	3	32	8.57	CHG
6	21127919	21128043	82	965	7.83	CHH
6	21587628	21587841	315	14	95.74	CG
6	21587628	21587841	217	17	92.74	CHG
6	21587628	21587841	351	1779	16.48	CHH
6	22156671	22156886	11	697	1.55	CG
6	22156671	22156886	9	540	1.64	CHG
6	22156671	22156886	36	2303	1.54	CHH
6	22194216	22196915	3198	1256	71.80	CG
6	22194216	22196915	1437	4093	25.99	CHG
6	22194216	22196915	972	25655	3.65	CHH
6	22609287	22612484	4772	3139	60.32	CG
6	22609287	22612484	2648	3573	42.57	CHG
6	22609287	22612484	5362	21483	19.97	CHH
6	22611980	22612934	377	694	35.20	CG
6	22611980	22612934	393	461	46.02	CHG
6	22611980	22612934	1340	2509	34.81	CHH
6	23257492	23257741	1263	33	97.45	CG
6	23257492	23257741	498	129	79.43	CHG
6	23257492	23257741	263	1058	19.91	CHH
6	23764410	23764702	81	3	96.43	CG
6	23764410	23764702	34	15	69.39	CHG
6	23764410	23764702	189	3947	4.57	CHH
6	23867262	23869017	404	8186	4.70	CG
6	23867262	23869017	756	4351	14.80	CHG
6	23867262	23869017	1402	15202	8.44	CHH
6	24469529	24469704	154	4	97.47	CG
6	24469529	24469704	516	16	96.99	CHG
6	24469529	24469704	177	1919	8.44	CHH
6	26027042	26027922	1026	37	96.52	CG
6	26027042	26027922	299	711	29.60	CHG
6	26027042	26027922	331	7728	4.11	CHH
6	27428621	27432072	2137	5682	27.33	CG
6	27428621	27432072	714	8856	7.46	CHG
6	27428621	27432072	1327	29267	4.34	CHH
6	27581080	27581338	924	16	98.30	CG
6	27581080	27581338	539	118	82.04	CHG
6	27581080	27581338	412	2119	16.28	CHH
6	27924772	27924989	182	5	97.33	CG
6	27924772	27924989	11	666	1.62	CHG
6	27924772	27924989	37	1586	2.28	CHH
6	28789509	28791244	671	1268	34.61	CG
6	28789509	28791244	270	4041	6.26	CHG
6	28789509	28791244	653	16434	3.82	CHH
6	28955148	28955268	4	255	1.54	CHG
6	28955148	28955268	16	1010	1.56	CHH
6	29172271	29175087	1387	829	62.59	CG
6	29172271	29175087	159	8339	1.87	CHG
6	29172271	29175087	703	31555	2.18	CHH
6	30516258	30516520	191	407	31.94	CG
6	30516258	30516520	45	231	16.30	CHG
6	30516258	30516520	392	1548	20.21	CHH
6	31188015	31188697	224	84	72.73	CG
6	31188015	31188697	30	1852	1.59	CHG
6	31188015	31188697	119	7577	1.55	CHH
6	31222643	31224540	2476	55	97.83	CG
6	31222643	31224540	168	4236	3.81	CHG
6	31222643	31224540	817	17408	4.48	CHH
7	411438	411715	524	6	98.87	CG
7	411438	411715	424	339	55.57	CHG
7	411438	411715	210	2370	8.14	CHH
7	993029	993215	6	291	2.02	CG
7	993029	993215	38	480	7.34	CHG
7	993029	993215	54	1955	2.69	CHH
7	1846760	1848970	2498	538	82.28	CG
7	1846760	1848970	120	5971	1.97	CHG
7	1846760	1848970	581	23452	2.42	CHH
7	2224488	2225213	114	2561	4.26	CG
7	2224488	2225213	70	2025	3.34	CHG
7	2224488	2225213	140	6672	2.06	CHH
7	2447769	2451203	2568	8804	22.58	CG
7	2447769	2451203	984	7448	11.67	CHG
7	2447769	2451203	2533	26102	8.85	CHH
7	2483423	2483554	383	62	86.07	CG
7	2483423	2483554	93	47	66.43	CHG
7	2483423	2483554	271	452	37.48	CHH
7	2618288	2618484	135	4	97.12	CG
7	2618288	2618484	1	73	1.35	CHG
7	2618288	2618484	47	1523	2.99	CHH
7	2946799	2949545	1616	5657	22.22	CG
7	2946799	2949545	176	8177	2.11	CHG
7	2946799	2949545	634	26630	2.33	CHH
7	3992526	3992733	220	9	96.07	CG
7	3992526	3992733	4	738	0.54	CHG
7	3992526	3992733	56	2157	2.53	CHH
7	4299561	4299774	194	234	45.33	CG
7	4299561	4299774	18	293	5.79	CHG
7	4299561	4299774	34	1516	2.19	CHH
7	4594741	4595750	350	1931	15.34	CG
7	4594741	4595750	66	2810	2.29	CHG
7	4594741	4595750	313	11919	2.56	CHH
7	4802020	4804153	187	3068	5.75	CG
7	4802020	4804153	204	2366	7.94	CHG
7	4802020	4804153	753	18469	3.92	CHH
7	5473306	5473520	126	2	98.44	CG
7	5473306	5473520	110	8	93.22	CHG
7	5473306	5473520	64	1807	3.42	CHH
7	6327476	6328339	1938	29	98.53	CG
7	6327476	6328339	1320	214	86.05	CHG
7	6327476	6328339	368	5350	6.44	CHH
7	6575263	6575711	6	231	2.53	CG
7	6575263	6575711	2	72	2.70	CHG
7	6575263	6575711	172	4661	3.56	CHH
7	6605103	6605624	2195	38	98.30	CG
7	6605103	6605624	623	775	44.56	CHG
7	6605103	6605624	259	4167	5.85	CHH
7	6829453	6829599	30	187	13.82	CHG
7	6829453	6829599	60	1174	4.86	CHH
7	6919655	6920441	2004	266	88.28	CG
7	6919655	6920441	1437	1119	56.22	CHG
7	6919655	6920441	415	7084	5.53	CHH
7	7348687	7348951	79	1	98.75	CG
7	7348687	7348951	11	415	2.58	CHG
7	7348687	7348951	87	2956	2.86	CHH
7	7538627	7540224	1665	716	69.93	CG
7	7538627	7540224	648	1344	32.53	CHG
7	7538627	7540224	1004	13120	7.11	CHH
7	7676619	7677136	588	19	96.87	CG
7	7676619	7677136	589	109	84.38	CHG
7	7676619	7677136	257	3965	6.09	CHH
7	7868604	7868899	1164	10	99.15	CG
7	7868604	7868899	679	203	76.98	CHG
7	7868604	7868899	136	2339	5.49	CHH
7	7896981	7897138	62	2	96.88	CG
7	7896981	7897138	511	42	92.41	CHG
7	7896981	7897138	97	1562	5.85	CHH
7	7950410	7951127	207	3568	5.48	CG
7	7950410	7951127	103	2009	4.88	CHG
7	7950410	7951127	417	5097	7.56	CHH
7	8994834	8994985	330	6	98.21	CG
7	8994834	8994985	16	463	3.34	CHG
7	8994834	8994985	24	1121	2.10	CHH
7	9688947	9691039	1542	5695	21.31	CG
7	9688947	9691039	1692	2788	37.77	CHG
7	9688947	9691039	770	13197	5.51	CHH
7	10365529	10365796	945	12	98.75	CG
7	10365529	10365796	170	28	85.86	CHG
7	10365529	10365796	90	1855	4.63	CHH
7	10449611	10449795	265	6	97.79	CG
7	10449611	10449795	268	43	86.17	CHG
7	10449611	10449795	85	1845	4.40	CHH
7	10549868	10550083	276	2	99.28	CG
7	10549868	10550083	234	64	78.52	CHG
7	10549868	10550083	96	1806	5.05	CHH
7	10635123	10635434	343	218	61.14	CG
7	10635123	10635434	438	130	77.11	CHG
7	10635123	10635434	1059	1317	44.57	CHH
7	10877526	10878054	2781	37	98.69	CG
7	10877526	10878054	822	327	71.54	CHG
7	10877526	10878054	326	2615	11.08	CHH
7	11466967	11467449	1160	19	98.39	CG
7	11466967	11467449	675	132	83.64	CHG
7	11466967	11467449	258	3822	6.32	CHH
7	11601703	11602144	363	9	97.58	CG
7	11601703	11602144	365	54	87.11	CHG
7	11601703	11602144	360	4302	7.72	CHH
7	11983577	11984979	1123	121	90.27	CG
7	11983577	11984979	905	626	59.11	CHG
7	11983577	11984979	528	11490	4.39	CHH
7	12411232	12411465	269	1	99.63	CG
7	12411232	12411465	159	59	72.94	CHG
7	12411232	12411465	32	214	13.01	CHH
7	12792717	12792888	152	7	95.60	CG
7	12792717	12792888	204	36	85.00	CHG
7	12792717	12792888	166	1439	10.34	CHH
7	12807464	12807960	662	21	96.93	CG
7	12807464	12807960	905	369	71.04	CHG
7	12807464	12807960	310	6103	4.83	CHH
7	13460211	13460326	432	27	94.12	CG
7	13460211	13460326	62	77	44.60	CHG
7	13460211	13460326	53	312	14.52	CHH
7	15065372	15067232	3115	81	97.47	CG
7	15065372	15067232	3051	613	83.27	CHG
7	15065372	15067232	958	18987	4.80	CHH
7	15194897	15195154	6	147	3.92	CG
7	15194897	15195154	2	175	1.13	CHG
7	15194897	15195154	83	2823	2.86	CHH
7	15838174	15840597	2359	2608	47.49	CG
7	15838174	15840597	819	2784	22.73	CHG
7	15838174	15840597	2584	18437	12.29	CHH
7	16417756	16417995	186	8	95.88	CG
7	16417756	16417995	74	46	61.67	CHG
7	16417756	16417995	220	2206	9.07	CHH
7	17006268	17006989	3253	70	97.89	CG
7	17006268	17006989	1136	274	80.57	CHG
7	17006268	17006989	628	5528	10.20	CHH
7	17339592	17339751	3	150	1.96	CG
7	17339592	17339751	5	452	1.09	CHG
7	17339592	17339751	46	1649	2.71	CHH
7	17913342	17913726	1449	32	97.84	CG
7	17913342	17913726	929	178	83.92	CHG
7	17913342	17913726	749	4302	14.83	CHH
7	18987148	18987233	8	97	7.62	CG
7	18987148	18987233	5	44	10.20	CHG
7	18987148	18987233	17	609	2.72	CHH
7	19215021	19215291	1852	34	98.20	CG
7	19215021	19215291	1053	203	83.84	CHG
7	19215021	19215291	595	2236	21.02	CHH
7	19560035	19560566	1343	19	98.60	CG
7	19560035	19560566	946	164	85.23	CHG
7	19560035	19560566	897	2559	25.95	CHH
