1	2522874	2523845	3324	111	96.77	CG
1	2522874	2523845	1268	585	68.43	CHG
1	2522874	2523845	1295	8043	13.87	CHH
1	2555530	2559489	12821	240	98.16	CG
1	2555530	2559489	9193	1487	86.08	CHG
1	2555530	2559489	9811	28312	25.74	CHH
1	9039676	9042883	4546	106	97.72	CG
1	9039676	9042883	4284	399	91.48	CHG
1	9039676	9042883	14404	19917	41.97	CHH
1	9436233	9436871	947	1186	44.40	CG
1	9436233	9436871	585	1554	27.35	CHG
1	9436233	9436871	768	3861	16.59	CHH
1	9436980	9439656	7976	250	96.96	CG
1	9436980	9439656	5412	998	84.43	CHG
1	9436980	9439656	8587	19681	30.38	CHH
1	10925172	10926364	2392	149	94.14	CG
1	10925172	10926364	2348	783	74.99	CHG
1	10925172	10926364	3489	8224	29.79	CHH
1	11189866	11190945	1171	200	85.41	CG
1	11189866	11190945	1572	827	65.53	CHG
1	11189866	11190945	3829	7100	35.04	CHH
1	11197263	11198365	2695	75	97.29	CG
1	11197263	11198365	2650	385	87.31	CHG
1	11197263	11198365	4196	8212	33.82	CHH
1	11198486	11199929	5033	134	97.41	CG
1	11198486	11199929	3650	705	83.81	CHG
1	11198486	11199929	3146	14119	18.22	CHH
1	11360960	11365572	6082	8547	41.57	CG
1	11360960	11365572	4462	6495	40.72	CHG
1	11360960	11365572	10728	34303	23.82	CHH
1	11470807	11475439	6888	249	96.51	CG
1	11470807	11475439	7483	2148	77.70	CHG
1	11470807	11475439	11289	37603	23.09	CHH
1	12142608	12144844	4267	1394	75.38	CG
1	12142608	12144844	3155	2851	52.53	CHG
1	12142608	12144844	3348	20831	13.85	CHH
1	14333116	14335930	6460	1645	79.70	CG
1	14333116	14335930	3392	2009	62.80	CHG
1	14333116	14335930	7588	20097	27.41	CHH
1	14336094	14337863	3078	87	97.25	CG
1	14336094	14337863	2743	621	81.54	CHG
1	14336094	14337863	6667	10690	38.41	CHH
1	14337928	14339960	4424	531	89.28	CG
1	14337928	14339960	2111	903	70.04	CHG
1	14337928	14339960	5067	14551	25.83	CHH
1	14959930	14960645	1851	282	86.78	CG
1	14959930	14960645	653	698	48.33	CHG
1	14959930	14960645	1121	5629	16.61	CHH
1	14961862	14963386	2555	1586	61.70	CG
1	14961862	14963386	2014	2075	49.25	CHG
1	14961862	14963386	2928	13115	18.25	CHH
1	20810206	20811074	972	698	58.20	CG
1	20810206	20811074	1088	826	56.84	CHG
1	20810206	20811074	2392	5652	29.74	CHH
1	20811098	20811489	123	345	26.28	CG
1	20811098	20811489	191	375	33.75	CHG
1	20811098	20811489	696	3147	18.11	CHH
1	25253636	25254054	463	716	39.27	CG
1	25253636	25254054	387	505	43.39	CHG
1	25253636	25254054	1295	3852	25.16	CHH
1	25311949	25313299	3405	868	79.69	CG
1	25311949	25313299	1363	982	58.12	CHG
1	25311949	25313299	2989	10934	21.47	CHH
1	28200381	28203326	3998	117	97.16	CG
1	28200381	28203326	3130	682	82.11	CHG
1	28200381	28203326	9761	20473	32.28	CHH
1	28203588	28206337	3053	83	97.35	CG
1	28203588	28206337	3577	1188	75.07	CHG
1	28203588	28206337	4958	23518	17.41	CHH
1	28212221	28215906	6350	174	97.33	CG
1	28212221	28215906	3938	681	85.26	CHG
1	28212221	28215906	8264	33832	19.63	CHH
1	29053362	29056648	3295	3776	46.60	CG
1	29053362	29056648	3174	4876	39.43	CHG
1	29053362	29056648	4986	25639	16.28	CHH
1	30809134	30810708	2030	493	80.46	CG
1	30809134	30810708	853	566	60.11	CHG
1	30809134	30810708	3441	12615	21.43	CHH
1	30810807	30811279	632	138	82.08	CG
1	30810807	30811279	266	461	36.59	CHG
1	30810807	30811279	1020	4243	19.38	CHH
1	39322772	39323918	2027	227	89.93	CG
1	39322772	39323918	946	465	67.04	CHG
1	39322772	39323918	3077	12087	20.29	CHH
2	5902991	5906606	4869	255	95.02	CG
2	5902991	5906606	6521	2491	72.36	CHG
2	5902991	5906606	12648	25101	33.51	CHH
2	6795753	6796945	495	1434	25.66	CG
2	6795753	6796945	1595	1576	50.30	CHG
2	6795753	6796945	3151	7222	30.38	CHH
2	6797357	6798332	1354	288	82.46	CG
2	6797357	6798332	915	732	55.56	CHG
2	6797357	6798332	2741	7451	26.89	CHH
2	7605632	7607483	1833	51	97.29	CG
2	7605632	7607483	1351	544	71.29	CHG
2	7605632	7607483	3782	20861	15.35	CHH
2	7607588	7609075	1890	799	70.29	CG
2	7607588	7609075	855	1042	45.07	CHG
2	7607588	7609075	3469	13975	19.89	CHH
2	8343843	8345084	2071	66	96.91	CG
2	8343843	8345084	1568	305	83.72	CHG
2	8343843	8345084	3439	9796	25.98	CHH
2	8345254	8345972	978	17	98.29	CG
2	8345254	8345972	768	339	69.38	CHG
2	8345254	8345972	992	5680	14.87	CHH
2	13582835	13586359	7224	179	97.58	CG
2	13582835	13586359	6971	1129	86.06	CHG
2	13582835	13586359	8138	32774	19.89	CHH
2	19468985	19471775	6191	4366	58.64	CG
2	19468985	19471775	2981	4087	42.18	CHG
2	19468985	19471775	6832	23317	22.66	CHH
2	34952932	34953515	1313	116	91.88	CG
2	34952932	34953515	666	270	71.15	CHG
2	34952932	34953515	825	5622	12.80	CHH
3	12710232	12710825	1512	86	94.62	CG
3	12710232	12710825	703	242	74.39	CHG
3	12710232	12710825	1458	5274	21.66	CHH
3	15612855	15613394	753	18	97.67	CG
3	15612855	15613394	1105	267	80.54	CHG
3	15612855	15613394	2148	3144	40.59	CHH
3	16165130	16166316	1891	185	91.09	CG
3	16165130	16166316	1370	885	60.75	CHG
3	16165130	16166316	2014	9232	17.91	CHH
3	16790757	16792301	3145	1209	72.23	CG
3	16790757	16792301	1382	1499	47.97	CHG
3	16790757	16792301	1711	13376	11.34	CHH
3	20791633	20793625	2705	778	77.66	CG
3	20791633	20793625	2398	1833	56.68	CHG
3	20791633	20793625	3533	17188	17.05	CHH
3	22406159	22410666	5015	1348	78.82	CG
3	22406159	22410666	7056	1922	78.59	CHG
3	22406159	22410666	15691	37404	29.55	CHH
3	24566821	24572140	9539	226	97.69	CG
3	24566821	24572140	9453	1873	83.46	CHG
3	24566821	24572140	12194	45243	21.23	CHH
3	24572855	24573143	496	11	97.83	CG
3	24572855	24573143	419	162	72.12	CHG
3	24572855	24573143	633	2492	20.26	CHH
3	24601239	24602425	2654	87	96.83	CG
3	24601239	24602425	2282	718	76.07	CHG
3	24601239	24602425	2381	10368	18.68	CHH
3	24602550	24603653	1574	47	97.10	CG
3	24602550	24603653	1211	440	73.35	CHG
3	24602550	24603653	2160	10794	16.67	CHH
3	24603786	24605086	2588	82	96.93	CG
3	24603786	24605086	2221	578	79.35	CHG
3	24603786	24605086	3909	9143	29.95	CHH
3	24605202	24605537	571	10	98.28	CG
3	24605202	24605537	235	135	63.51	CHG
3	24605202	24605537	538	3849	12.26	CHH
3	26123604	26125619	5418	161	97.11	CG
3	26123604	26125619	3277	1353	70.78	CHG
3	26123604	26125619	4045	21279	15.97	CHH
3	27619055	27619377	327	79	80.54	CG
3	27619055	27619377	305	162	65.31	CHG
3	27619055	27619377	1024	3038	25.21	CHH
3	27619514	27621480	2704	2310	53.93	CG
3	27619514	27621480	1530	2478	38.17	CHG
3	27619514	27621480	4132	13484	23.46	CHH
3	28510857	28511647	2142	51	97.67	CG
3	28510857	28511647	1313	294	81.71	CHG
3	28510857	28511647	1994	7844	20.27	CHH
3	29750151	29753862	7213	177	97.60	CG
3	29750151	29753862	4600	421	91.62	CHG
3	29750151	29753862	16593	26501	38.50	CHH
4	19682492	19683811	1759	43	97.61	CG
4	19682492	19683811	801	389	67.31	CHG
4	19682492	19683811	3714	8508	30.39	CHH
4	20353569	20355893	4204	6013	41.15	CG
4	20353569	20355893	2153	3505	38.05	CHG
4	20353569	20355893	2640	21133	11.11	CHH
4	35050583	35053502	5701	1712	76.91	CG
4	35050583	35053502	2834	1846	60.56	CHG
4	35050583	35053502	9631	21531	30.91	CHH
5	1134973	1135617	853	587	59.24	CG
5	1134973	1135617	670	1835	26.75	CHG
5	1134973	1135617	683	5864	10.43	CHH
5	1135839	1136509	424	1095	27.91	CG
5	1135839	1136509	344	1558	18.09	CHG
5	1135839	1136509	913	5797	13.61	CHH
5	1681242	1683572	4260	1082	79.75	CG
5	1681242	1683572	3693	1830	66.87	CHG
5	1681242	1683572	6567	18255	26.46	CHH
5	4826765	4827938	1229	44	96.54	CG
5	4826765	4827938	1354	326	80.60	CHG
5	4826765	4827938	3472	11356	23.42	CHH
5	4828077	4828939	250	1744	12.54	CG
5	4828077	4828939	418	1655	20.16	CHG
5	4828077	4828939	1795	7997	18.33	CHH
5	4829016	4830108	3635	130	96.55	CG
5	4829016	4830108	1333	715	65.09	CHG
5	4829016	4830108	1578	8780	15.23	CHH
5	4830234	4831171	644	1046	38.11	CG
5	4830234	4831171	564	857	39.69	CHG
5	4830234	4831171	2497	7663	24.58	CHH
5	10917777	10919484	2800	71	97.53	CG
5	10917777	10919484	2768	1065	72.21	CHG
5	10917777	10919484	4107	14212	22.42	CHH
5	10920452	10921894	2689	1227	68.67	CG
5	10920452	10921894	1639	2130	43.49	CHG
5	10920452	10921894	3079	12367	19.93	CHH
5	11242593	11245041	3458	110	96.92	CG
5	11242593	11245041	4367	622	87.53	CHG
5	11242593	11245041	7020	19427	26.54	CHH
5	16055530	16057857	3414	845	80.16	CG
5	16055530	16057857	1662	2514	39.80	CHG
5	16055530	16057857	4727	18770	20.12	CHH
5	25352498	25357219	6038	948	86.43	CG
5	25352498	25357219	5255	3257	61.74	CHG
5	25352498	25357219	14909	37064	28.69	CHH
5	26872353	26874199	1960	1670	53.99	CG
5	26872353	26874199	1570	1262	55.44	CHG
5	26872353	26874199	6015	15265	28.27	CHH
6	6078050	6080866	4963	108	97.87	CG
6	6078050	6080866	5210	1661	75.83	CHG
6	6078050	6080866	5830	25146	18.82	CHH
6	7380338	7382317	2001	4968	28.71	CG
6	7380338	7382317	1684	4156	28.84	CHG
6	7380338	7382317	3121	14706	17.51	CHH
6	7535832	7537646	1929	847	69.49	CG
6	7535832	7537646	1987	1410	58.49	CHG
6	7535832	7537646	5430	13732	28.34	CHH
6	7537740	7538960	2852	104	96.48	CG
6	7537740	7538960	1651	516	76.19	CHG
6	7537740	7538960	2732	9749	21.89	CHH
6	11302246	11304945	4530	355	92.73	CG
6	11302246	11304945	3874	1158	76.99	CHG
6	11302246	11304945	8098	21227	27.61	CHH
6	13427986	13432645	8793	230	97.45	CG
6	13427986	13432645	9004	1630	84.67	CHG
6	13427986	13432645	16941	37245	31.26	CHH
6	17321399	17322324	638	329	65.98	CG
6	17321399	17322324	613	927	39.81	CHG
6	17321399	17322324	1854	9541	16.27	CHH
6	18069876	18071348	2520	271	90.29	CG
6	18069876	18071348	1373	1057	56.50	CHG
6	18069876	18071348	2495	13424	15.67	CHH
6	19711136	19712026	290	1765	14.11	CG
6	19711136	19712026	457	1128	28.83	CHG
6	19711136	19712026	1869	7026	21.01	CHH
6	27799534	27800454	457	625	42.24	CG
6	27799534	27800454	337	1164	22.45	CHG
6	27799534	27800454	1291	9345	12.14	CHH
6	27801639	27803910	8084	696	92.07	CG
6	27801639	27803910	3038	1966	60.71	CHG
6	27801639	27803910	2757	14254	16.21	CHH
6	27804002	27806413	5660	228	96.13	CG
6	27804002	27806413	3734	2274	62.15	CHG
6	27804002	27806413	6862	19567	25.96	CHH
6	27807200	27809097	1843	1685	52.24	CG
6	27807200	27809097	2503	3099	44.68	CHG
6	27807200	27809097	5646	16010	26.07	CHH
6	28518022	28518632	742	248	74.95	CG
6	28518022	28518632	655	848	43.58	CHG
6	28518022	28518632	1826	6753	21.28	CHH
6	29376932	29380306	8720	264	97.06	CG
6	29376932	29380306	6625	1163	85.07	CHG
6	29376932	29380306	14940	25094	37.32	CHH
7	998684	999693	933	587	61.38	CG
7	998684	999693	852	1541	35.60	CHG
7	998684	999693	1643	10589	13.43	CHH
7	4348717	4353078	10078	295	97.16	CG
7	4348717	4353078	6680	1929	77.59	CHG
7	4348717	4353078	12840	31079	29.24	CHH
7	4372878	4376312	4095	302	93.13	CG
7	4372878	4376312	3206	1670	65.75	CHG
7	4372878	4376312	11590	26655	30.30	CHH
7	8295268	8297360	2315	57	97.60	CG
7	8295268	8297360	2210	1064	67.50	CHG
7	8295268	8297360	4747	15436	23.52	CHH
7	8297456	8298242	1016	35	96.67	CG
7	8297456	8298242	786	711	52.51	CHG
7	8297456	8298242	1633	6501	20.08	CHH
7	15712666	15714876	5015	2942	63.03	CG
7	15712666	15714876	1915	3072	38.40	CHG
7	15712666	15714876	3793	17161	18.10	CHH
7	15714975	15716282	1686	601	73.72	CG
7	15714975	15716282	1984	1330	59.87	CHG
7	15714975	15716282	3671	9161	28.61	CHH
7	15716649	15718051	2288	1725	57.01	CG
7	15716649	15718051	1404	1512	48.15	CHG
7	15716649	15718051	2727	13555	16.75	CHH
7	15987635	15990381	2999	106	96.59	CG
7	15987635	15990381	2366	1533	60.68	CHG
7	15987635	15990381	5979	24760	19.45	CHH
7	20001702	20003835	5717	665	89.58	CG
7	20001702	20003835	2590	1981	56.66	CHG
7	20001702	20003835	3178	18220	14.85	CHH
7	20003935	20004681	1827	786	69.92	CG
7	20003935	20004681	712	1559	31.35	CHG
7	20003935	20004681	1191	6740	15.02	CHH
7	22460398	22460784	74	1343	5.22	CG
7	22460398	22460784	62	647	8.74	CHG
7	22460398	22460784	521	3297	13.65	CHH
8	5778017	5780215	2563	1250	67.22	CG
8	5778017	5780215	1529	1715	47.13	CHG
8	5778017	5780215	5428	13146	29.22	CHH
8	7765923	7767569	1855	57	97.02	CG
8	7765923	7767569	2916	1453	66.74	CHG
8	7765923	7767569	2459	14578	14.43	CHH
8	7767694	7769902	2487	68	97.34	CG
8	7767694	7769902	2420	754	76.24	CHG
8	7767694	7769902	4407	18631	19.13	CHH
8	7990731	7992320	3755	838	81.75	CG
8	7990731	7992320	1820	1036	63.73	CHG
8	7990731	7992320	2988	14509	17.08	CHH
8	9447347	9448071	930	1513	38.07	CG
8	9447347	9448071	571	1266	31.08	CHG
8	9447347	9448071	1606	5144	23.79	CHH
8	10491753	10499575	25176	1195	95.47	CG
8	10491753	10499575	14376	5669	71.72	CHG
8	10491753	10499575	11683	75667	13.37	CHH
8	15455254	15462092	15058	365	97.63	CG
8	15455254	15462092	10301	2181	82.53	CHG
8	15455254	15462092	22979	48812	32.01	CHH
8	16976241	16978812	2369	53	97.81	CG
8	16976241	16978812	4230	979	81.21	CHG
8	16976241	16978812	4193	25248	14.24	CHH
8	20980680	20981047	60	1105	5.15	CG
8	20980680	20981047	127	1091	10.43	CHG
8	20980680	20981047	266	2875	8.47	CHH
8	21691415	21692643	1665	42	97.54	CG
8	21691415	21692643	1091	352	75.61	CHG
8	21691415	21692643	2028	7491	21.30	CHH
8	21692742	21695254	4261	499	89.52	CG
8	21692742	21695254	3868	1579	71.01	CHG
8	21692742	21695254	7136	21400	25.01	CHH
8	27145493	27147151	1448	752	65.82	CG
8	27145493	27147151	709	799	47.02	CHG
8	27145493	27147151	4887	14186	25.62	CHH
9	12621913	12622831	1315	1432	47.87	CG
9	12621913	12622831	709	771	47.91	CHG
9	12621913	12622831	2735	8342	24.69	CHH
9	12622904	12623419	773	1312	37.07	CG
9	12622904	12623419	544	745	42.20	CHG
9	12622904	12623419	2414	3382	41.65	CHH
9	15228205	15229508	1641	819	66.71	CG
9	15228205	15229508	1244	1436	46.42	CHG
9	15228205	15229508	3731	11036	25.27	CHH
9	16723080	16726848	6363	328	95.10	CG
9	16723080	16726848	4387	1217	78.28	CHG
9	16723080	16726848	9460	30540	23.65	CHH
10	403342	404217	1603	632	71.72	CG
10	403342	404217	1116	1482	42.96	CHG
10	403342	404217	2483	5877	29.70	CHH
10	707135	707747	1586	447	78.01	CG
10	707135	707747	704	1530	31.51	CHG
10	707135	707747	1768	4144	29.91	CHH
10	708160	710157	6477	147	97.78	CG
10	708160	710157	3766	1024	78.62	CHG
10	708160	710157	4199	15010	21.86	CHH
10	5928508	5929269	1515	37	97.62	CG
10	5928508	5929269	1589	479	76.84	CHG
10	5928508	5929269	1673	7445	18.35	CHH
10	5929420	5932408	5782	674	89.56	CG
10	5929420	5932408	4557	3169	58.98	CHG
10	5929420	5932408	8019	19465	29.18	CHH
10	5932682	5933500	472	1795	20.82	CG
10	5932682	5933500	338	1536	18.04	CHG
10	5932682	5933500	1794	7765	18.77	CHH
10	5933589	5934240	530	1069	33.15	CG
10	5933589	5934240	300	1238	19.51	CHG
10	5933589	5934240	648	3184	16.91	CHH
10	15986962	15991252	8972	188	97.95	CG
10	15986962	15991252	6129	2752	69.01	CHG
10	15986962	15991252	10050	37581	21.10	CHH
10	16004291	16005179	608	2862	17.52	CG
10	16004291	16005179	753	2063	26.74	CHG
10	16004291	16005179	2495	5160	32.59	CHH
10	16006405	16007058	379	1513	20.03	CG
10	16006405	16007058	617	1069	36.60	CHG
10	16006405	16007058	1699	3100	35.40	CHH
10	20777395	20778645	2182	41	98.16	CG
10	20777395	20778645	1986	442	81.80	CHG
10	20777395	20778645	6081	8110	42.85	CHH
11	2541477	2543903	602	1359	30.70	CG
11	2541477	2543903	469	5661	7.65	CHG
11	2541477	2543903	2416	24084	9.12	CHH
11	3230260	3231735	3097	208	93.71	CG
11	3230260	3231735	1733	922	65.27	CHG
11	3230260	3231735	4441	7995	35.71	CHH
11	3231885	3232407	327	586	35.82	CG
11	3231885	3232407	308	528	36.84	CHG
11	3231885	3232407	953	2493	27.66	CHH
11	7333461	7334651	1963	1879	51.09	CG
11	7333461	7334651	1574	1374	53.39	CHG
11	7333461	7334651	2402	8321	22.40	CHH
11	7731058	7734524	3015	208	93.55	CG
11	7731058	7734524	3816	1197	76.12	CHG
11	7731058	7734524	11256	24104	31.83	CHH
11	7734625	7735554	1023	35	96.69	CG
11	7734625	7735554	469	597	44.00	CHG
11	7734625	7735554	2213	8507	20.64	CHH
11	7740136	7741715	3082	299	91.16	CG
11	7740136	7741715	2346	846	73.50	CHG
11	7740136	7741715	4018	9528	29.66	CHH
11	7741937	7742453	1078	517	67.59	CG
11	7741937	7742453	532	1137	31.88	CHG
11	7741937	7742453	1183	3679	24.33	CHH
11	16330924	16332019	934	741	55.76	CG
11	16330924	16332019	943	2228	29.74	CHG
11	16330924	16332019	2811	9727	22.42	CHH
11	16332352	16336726	7493	1189	86.30	CG
11	16332352	16336726	6462	2668	70.78	CHG
11	16332352	16336726	14128	32274	30.45	CHH
11	19254506	19255920	3924	1433	73.25	CG
11	19254506	19255920	2201	1807	54.92	CHG
11	19254506	19255920	3046	12973	19.01	CHH
11	20707200	20708263	994	333	74.91	CG
11	20707200	20708263	1124	936	54.56	CHG
11	20707200	20708263	2621	7457	26.01	CHH
11	24387298	24390013	3099	416	88.17	CG
11	24387298	24390013	4947	2208	69.14	CHG
11	24387298	24390013	3206	28225	10.20	CHH
11	24390912	24392970	2023	37	98.20	CG
11	24390912	24392970	4454	1040	81.07	CHG
11	24390912	24392970	5431	17619	23.56	CHH
11	24393231	24394638	4069	58	98.59	CG
11	24393231	24394638	2937	768	79.27	CHG
11	24393231	24394638	4573	8209	35.78	CHH
11	27017498	27019274	2060	49	97.68	CG
11	27017498	27019274	3007	1086	73.47	CHG
11	27017498	27019274	2767	16717	14.20	CHH
12	4729330	4730513	1461	116	92.64	CG
12	4729330	4730513	726	734	49.73	CHG
12	4729330	4730513	2726	11537	19.11	CHH
12	4730781	4736244	6415	157	97.61	CG
12	4730781	4736244	6723	1666	80.14	CHG
12	4730781	4736244	16703	44163	27.44	CHH
12	4736420	4737295	1299	112	92.06	CG
12	4736420	4737295	805	601	57.25	CHG
12	4736420	4737295	2254	4492	33.41	CHH
12	4899872	4901766	3979	85	97.91	CG
12	4899872	4901766	2964	1321	69.17	CHG
12	4899872	4901766	4081	16047	20.28	CHH
12	4912416	4913853	4810	138	97.21	CG
12	4912416	4913853	2782	1576	63.84	CHG
12	4912416	4913853	3234	13210	19.67	CHH
12	4913948	4915922	1834	55	97.09	CG
12	4913948	4915922	3108	1083	74.16	CHG
12	4913948	4915922	4013	18170	18.09	CHH
12	17500154	17503828	3922	2344	62.59	CG
12	17500154	17503828	2624	3417	43.44	CHG
12	17500154	17503828	6921	32661	17.49	CHH
12	17984443	17985623	521	1401	27.11	CG
12	17984443	17985623	682	1865	26.78	CHG
12	17984443	17985623	2149	10813	16.58	CHH
12	17985763	17986319	921	143	86.56	CG
12	17985763	17986319	306	280	52.22	CHG
12	17985763	17986319	1262	5601	18.39	CHH
12	18392209	18392790	484	550	46.81	CG
12	18392209	18392790	301	991	23.30	CHG
12	18392209	18392790	549	5223	9.51	CHH
12	18393154	18394277	1193	429	73.55	CG
12	18393154	18394277	676	756	47.21	CHG
12	18393154	18394277	3198	8107	28.29	CHH
12	18395685	18396921	643	2863	18.34	CG
12	18395685	18396921	621	3211	16.21	CHG
12	18395685	18396921	2634	11331	18.86	CHH
12	24728410	24730458	3472	1690	67.26	CG
12	24728410	24730458	3412	2727	55.58	CHG
12	24728410	24730458	6010	9790	38.04	CHH
12	24730552	24734596	8494	1061	88.90	CG
12	24730552	24734596	6751	2856	70.27	CHG
12	24730552	24734596	10148	26378	27.78	CHH
