1	104478	104599	29	0	100.00	CG
1	104478	104599	38	4	90.48	CHG
1	104478	104599	69	315	17.97	CHH
1	521199	522723	2026	2114	48.94	CG
1	521199	522723	213	3782	5.33	CHG
1	521199	522723	423	17775	2.32	CHH
1	681447	681629	1	0	100.00	CG
1	681447	681629	0	2	0.00	CHH
1	718927	719135	1	414	0.24	CG
1	718927	719135	11	603	1.79	CHG
1	718927	719135	66	2458	2.61	CHH
1	1687637	1688991	36	2713	1.31	CG
1	1687637	1688991	105	3201	3.18	CHG
1	1687637	1688991	391	14167	2.69	CHH
1	1781116	1781366	80	1619	4.71	CG
1	1781116	1781366	33	590	5.30	CHG
1	1781116	1781366	48	1406	3.30	CHH
1	2137510	2140455	1122	8619	11.52	CG
1	2137510	2140455	1028	7712	11.76	CHG
1	2137510	2140455	1900	29556	6.04	CHH
1	2172488	2172625	1	275	0.36	CG
1	2172488	2172625	47	1920	2.39	CHH
1	2198640	2199644	3280	123	96.39	CG
1	2198640	2199644	1514	670	69.32	CHG
1	2198640	2199644	416	2768	13.07	CHH
1	2541454	2541598	243	212	53.41	CG
1	2541454	2541598	41	177	18.81	CHG
1	2541454	2541598	96	1480	6.09	CHH
1	2579778	2580676	2013	259	88.60	CG
1	2579778	2580676	116	2708	4.11	CHG
1	2579778	2580676	304	9167	3.21	CHH
1	3016827	3017062	49	1676	2.84	CG
1	3016827	3017062	38	846	4.30	CHG
1	3016827	3017062	66	2441	2.63	CHH
1	4122738	4127182	2841	7733	26.87	CG
1	4122738	4127182	705	12804	5.22	CHG
1	4122738	4127182	4194	44789	8.56	CHH
1	4510347	4510477	72	3	96.00	CG
1	4510347	4510477	13	102	11.30	CHG
1	4510347	4510477	145	1209	10.71	CHH
1	4702022	4702256	246	394	38.44	CG
1	4702022	4702256	36	279	11.43	CHG
1	4702022	4702256	220	1398	13.60	CHH
1	5814441	5815039	0	641	0.00	CG
1	5814441	5815039	17	1414	1.19	CHG
1	5814441	5815039	150	6960	2.11	CHH
1	6934697	6934863	491	5	98.99	CG
1	6934697	6934863	224	19	92.18	CHG
1	6934697	6934863	208	791	20.82	CHH
1	7198017	7199243	2028	72	96.57	CG
1	7198017	7199243	130	3266	3.83	CHG
1	7198017	7199243	291	13633	2.09	CHH
1	7302410	7302594	1	838	0.12	CG
1	7302410	7302594	6	356	1.66	CHG
1	7302410	7302594	51	1820	2.73	CHH
1	7518469	7519081	14	1181	1.17	CG
1	7518469	7519081	48	1364	3.40	CHG
1	7518469	7519081	144	5735	2.45	CHH
1	7690448	7691550	138	3656	3.64	CG
1	7690448	7691550	202	2997	6.31	CHG
1	7690448	7691550	399	10803	3.56	CHH
1	8124136	8124703	2242	58	97.48	CG
1	8124136	8124703	1102	393	73.71	CHG
1	8124136	8124703	614	5263	10.45	CHH
1	8426975	8427236	243	89	73.19	CG
1	8426975	8427236	26	1118	2.27	CHG
1	8426975	8427236	51	2931	1.71	CHH
1	8831214	8831605	1032	16	98.47	CG
1	8831214	8831605	670	182	78.64	CHG
1	8831214	8831605	340	4712	6.73	CHH
1	8866192	8866541	1137	11	99.04	CG
1	8866192	8866541	515	163	75.96	CHG
1	8866192	8866541	280	2149	11.53	CHH
1	9124022	9124118	178	6	96.74	CG
1	9124022	9124118	464	79	85.45	CHG
1	9124022	9124118	218	655	24.97	CHH
1	9260960	9261224	152	9	94.41	CG
1	9260960	9261224	9	527	1.68	CHG
1	9260960	9261224	89	2938	2.94	CHH
1	9681083	9681232	171	100	63.10	CG
1	9681083	9681232	216	572	27.41	CHH
1	9734291	9734532	5	407	1.21	CG
1	9734291	9734532	7	118	5.60	CHG
1	9734291	9734532	70	2196	3.09	CHH
1	10263106	10263294	20	806	2.42	CG
1	10263106	10263294	10	474	2.07	CHG
1	10263106	10263294	94	1404	6.28	CHH
1	10401973	10403052	204	2795	6.80	CG
1	10401973	10403052	157	1768	8.16	CHG
1	10401973	10403052	543	9345	5.49	CHH
1	10417094	10417664	1117	30	97.38	CG
1	10417094	10417664	1554	195	88.85	CHG
1	10417094	10417664	303	5872	4.91	CHH
1	10590568	10590704	0	320	0.00	CG
1	10590568	10590704	8	291	2.68	CHG
1	10590568	10590704	148	799	15.63	CHH
1	10793800	10794970	1733	24	98.63	CG
1	10793800	10794970	460	373	55.22	CHG
1	10793800	10794970	411	2871	12.52	CHH
1	11027002	11027352	395	10	97.53	CG
1	11027002	11027352	19	821	2.26	CHG
1	11027002	11027352	111	3821	2.82	CHH
1	11745247	11745281	5	234	2.09	CG
1	11745247	11745281	3	125	2.34	CHG
1	11745247	11745281	9	207	4.17	CHH
1	11861007	11861467	1364	73	94.92	CG
1	11861007	11861467	626	413	60.25	CHG
1	11861007	11861467	464	4585	9.19	CHH
1	11988203	11988342	8	1070	0.74	CG
1	11988203	11988342	24	636	3.64	CHG
1	11988203	11988342	25	988	2.47	CHH
1	12157565	12159139	486	11878	3.93	CG
1	12157565	12159139	276	6225	4.25	CHG
1	12157565	12159139	441	12724	3.35	CHH
1	12279664	12280353	154	3539	4.17	CG
1	12279664	12280353	112	2097	5.07	CHG
1	12279664	12280353	171	6754	2.47	CHH
1	12444629	12444759	366	7	98.12	CG
1	12444629	12444759	301	24	92.62	CHG
1	12444629	12444759	82	1554	5.01	CHH
1	12851686	12853647	466	938	33.19	CG
1	12851686	12853647	212	5589	3.65	CHG
1	12851686	12853647	820	22290	3.55	CHH
1	12977793	12977914	127	4	96.95	CG
1	12977793	12977914	31	915	3.28	CHH
1	14112270	14112409	27	569	4.53	CHH
1	14747584	14748346	10	1266	0.78	CG
1	14747584	14748346	58	2707	2.10	CHG
1	14747584	14748346	210	8748	2.34	CHH
1	15010958	15011724	5	0	100.00	CG
1	15010958	15011724	3	104	2.80	CHG
1	15010958	15011724	17	320	5.04	CHH
1	15208882	15210074	1515	171	89.86	CG
1	15208882	15210074	560	486	53.54	CHG
1	15208882	15210074	672	10596	5.96	CHH
1	15318812	15319293	2370	83	96.62	CG
1	15318812	15319293	1590	353	81.83	CHG
1	15318812	15319293	359	4603	7.23	CHH
1	15355785	15357554	1592	2308	40.82	CG
1	15355785	15357554	993	3719	21.07	CHG
1	15355785	15357554	1221	17221	6.62	CHH
1	16453284	16453501	1	92	1.08	CG
1	16453284	16453501	17	202	7.76	CHG
1	16453284	16453501	146	1664	8.07	CHH
1	16722902	16723067	463	43	91.50	CG
1	16722902	16723067	44	161	21.46	CHG
1	16722902	16723067	67	1946	3.33	CHH
1	17385639	17385733	4	201	1.95	CHG
1	17385639	17385733	28	850	3.19	CHH
1	17522237	17522624	1753	37	97.93	CG
1	17522237	17522624	1331	228	85.38	CHG
1	17522237	17522624	306	3665	7.71	CHH
1	17762690	17767322	2467	7175	25.59	CG
1	17762690	17767322	2235	7529	22.89	CHG
1	17762690	17767322	8124	41796	16.27	CHH
1	17768299	17768525	5	498	0.99	CG
1	17768299	17768525	11	377	2.84	CHG
1	17768299	17768525	83	2025	3.94	CHH
1	17915233	17918918	4231	2729	60.79	CG
1	17915233	17918918	2272	3097	42.32	CHG
1	17915233	17918918	4763	24130	16.48	CHH
1	18479814	18481021	873	1009	46.39	CG
1	18479814	18481021	152	1392	9.84	CHG
1	18479814	18481021	419	10857	3.72	CHH
1	18515221	18516018	851	25	97.15	CG
1	18515221	18516018	532	114	82.35	CHG
1	18515221	18516018	218	2082	9.48	CHH
1	18605306	18605413	81	2	97.59	CG
1	18605306	18605413	4	242	1.63	CHG
1	18605306	18605413	58	1304	4.26	CHH
1	18679398	18679609	293	6	97.99	CG
1	18679398	18679609	447	40	91.79	CHG
1	18679398	18679609	194	2319	7.72	CHH
1	18781271	18781897	39	1059	3.55	CG
1	18781271	18781897	64	1539	3.99	CHG
1	18781271	18781897	251	5201	4.60	CHH
1	19418149	19418371	391	12	97.02	CG
1	19418149	19418371	278	88	75.96	CHG
1	19418149	19418371	79	2215	3.44	CHH
1	19588801	19588982	248	4	98.41	CG
1	19588801	19588982	106	25	80.92	CHG
1	19588801	19588982	63	653	8.80	CHH
1	19807993	19809436	3386	68	98.03	CG
1	19807993	19809436	1043	398	72.38	CHG
1	19807993	19809436	673	8845	7.07	CHH
1	20220915	20221138	899	26	97.19	CG
1	20220915	20221138	260	130	66.67	CHG
1	20220915	20221138	92	1829	4.79	CHH
1	20351135	20352592	1626	600	73.05	CG
1	20351135	20352592	88	4769	1.81	CHG
1	20351135	20352592	364	15407	2.31	CHH
1	20353735	20353818	78	2	97.50	CG
1	20353735	20353818	12	314	3.68	CHG
1	20353735	20353818	27	723	3.60	CHH
1	20699332	20703291	5007	5604	47.19	CG
1	20699332	20703291	2428	9141	20.99	CHG
1	20699332	20703291	3408	39141	8.01	CHH
1	20759940	20760412	1401	31	97.84	CG
1	20759940	20760412	1386	170	89.07	CHG
1	20759940	20760412	591	4891	10.78	CHH
1	22217602	22218470	1021	1829	35.82	CG
1	22217602	22218470	468	2236	17.31	CHG
1	22217602	22218470	883	8899	9.03	CHH
1	22349537	22349928	75	1496	4.77	CG
1	22349537	22349928	27	1130	2.33	CHG
1	22349537	22349928	117	2819	3.99	CHH
1	22963853	22963900	15	131	10.27	CHG
1	22963853	22963900	4	326	1.21	CHH
1	23088705	23088935	4	574	0.69	CG
1	23088705	23088935	16	400	3.85	CHG
1	23088705	23088935	49	2147	2.23	CHH
1	23190581	23192012	1112	116	90.55	CG
1	23190581	23192012	186	3521	5.02	CHG
1	23190581	23192012	592	17706	3.24	CHH
1	23334619	23337433	3176	2934	51.98	CG
1	23334619	23337433	558	8453	6.19	CHG
1	23334619	23337433	1305	31760	3.95	CHH
1	23865834	23867004	2323	994	70.03	CG
1	23865834	23867004	1279	1806	41.46	CHG
1	23865834	23867004	1750	8186	17.61	CHH
1	24056015	24058047	326	4818	6.34	CG
1	24056015	24058047	399	3740	9.64	CHG
1	24056015	24058047	781	17676	4.23	CHH
1	24127473	24127717	335	116	74.28	CG
1	24127473	24127717	10	558	1.76	CHG
1	24127473	24127717	55	2903	1.86	CHH
1	24218590	24218768	88	405	17.85	CG
1	24218590	24218768	44	332	11.70	CHG
1	24218590	24218768	59	2126	2.70	CHH
1	24367289	24368699	1052	2939	26.36	CG
1	24367289	24368699	363	4084	8.16	CHG
1	24367289	24368699	950	12778	6.92	CHH
1	24540618	24541036	582	11	98.15	CG
1	24540618	24541036	20	1073	1.83	CHG
1	24540618	24541036	118	4709	2.44	CHH
1	25075086	25078372	237	12747	1.83	CG
1	25075086	25078372	318	10915	2.83	CHG
1	25075086	25078372	831	31043	2.61	CHH
1	26189136	26189851	261	889	22.70	CG
1	26189136	26189851	91	3314	2.67	CHG
1	26189136	26189851	254	7754	3.17	CHH
1	27455091	27455579	3542	116	96.83	CG
1	27455091	27455579	2721	613	81.61	CHG
1	27455091	27455579	874	8474	9.35	CHH
1	27505658	27505866	7	145	4.61	CG
1	27505658	27505866	7	602	1.15	CHG
1	27505658	27505866	48	1968	2.38	CHH
1	27576543	27577893	3668	55	98.52	CG
1	27576543	27577893	2178	346	86.29	CHG
1	27576543	27577893	2332	16361	12.48	CHH
1	28118813	28118935	13	152	7.88	CG
1	28118813	28118935	11	494	2.18	CHG
1	28118813	28118935	20	1631	1.21	CHH
1	29188109	29189334	139	5028	2.69	CG
1	29188109	29189334	141	3082	4.37	CHG
1	29188109	29189334	1059	11155	8.67	CHH
1	29223726	29224697	457	4361	9.49	CG
1	29223726	29224697	80	2110	3.65	CHG
1	29223726	29224697	1391	7299	16.01	CHH
1	29881105	29881917	1391	199	87.48	CG
1	29881105	29881917	1311	314	80.68	CHG
1	29881105	29881917	326	5093	6.02	CHH
1	29892038	29892362	13	73	15.12	CG
1	29892038	29892362	1	349	0.29	CHG
1	29892038	29892362	181	3358	5.11	CHH
1	30396534	30396644	2	416	0.48	CG
1	30396534	30396644	19	550	3.34	CHG
1	30396534	30396644	16	875	1.80	CHH
1	30947617	30952229	6549	1954	77.02	CG
1	30947617	30952229	3067	9226	24.95	CHG
1	30947617	30952229	2321	49227	4.50	CHH
1	30988314	30988439	78	3	96.30	CG
1	30988314	30988439	265	142	65.11	CHG
1	30988314	30988439	83	907	8.38	CHH
1	31131639	31132785	861	3098	21.75	CG
1	31131639	31132785	157	4145	3.65	CHG
1	31131639	31132785	298	11667	2.49	CHH
1	32136432	32136605	57	173	24.78	CG
1	32136432	32136605	20	748	2.60	CHG
1	32136432	32136605	90	1898	4.53	CHH
1	33466485	33466748	939	15	98.43	CG
1	33466485	33466748	426	114	78.89	CHG
1	33466485	33466748	354	2558	12.16	CHH
1	34289798	34291348	1876	1261	59.80	CG
1	34289798	34291348	1022	2752	27.08	CHG
1	34289798	34291348	1879	13796	11.99	CHH
1	34550341	34550600	1	394	0.25	CG
1	34550341	34550600	13	677	1.88	CHG
1	34550341	34550600	59	2813	2.05	CHH
1	34749495	34752244	3376	375	90.00	CG
1	34749495	34752244	3271	1288	71.75	CHG
1	34749495	34752244	2605	16373	13.73	CHH
1	34928206	34928387	198	9	95.65	CG
1	34928206	34928387	642	81	88.80	CHG
1	34928206	34928387	111	1375	7.47	CHH
1	34990120	34992796	6314	1895	76.92	CG
1	34990120	34992796	3293	2615	55.74	CHG
1	34990120	34992796	4427	22938	16.18	CHH
1	35760612	35760952	368	191	65.83	CG
1	35760612	35760952	26	693	3.62	CHG
1	35760612	35760952	175	4243	3.96	CHH
1	35959231	35959351	2	165	1.20	CG
1	35959231	35959351	5	245	2.00	CHG
1	35959231	35959351	54	1657	3.16	CHH
1	36112505	36112684	491	129	79.19	CG
1	36112505	36112684	155	203	43.30	CHG
1	36112505	36112684	207	1342	13.36	CHH
1	36163384	36164022	221	1204	15.51	CG
1	36163384	36164022	205	1289	13.72	CHG
1	36163384	36164022	460	6163	6.95	CHH
1	36208524	36209666	1757	45	97.50	CG
1	36208524	36209666	2394	348	87.31	CHG
1	36208524	36209666	746	12098	5.81	CHH
1	36479686	36479935	34	1059	3.11	CG
1	36479686	36479935	5	432	1.14	CHG
1	36479686	36479935	81	2208	3.54	CHH
1	36890844	36891048	205	86	70.45	CG
1	36890844	36891048	219	109	66.77	CHG
1	36890844	36891048	497	1428	25.82	CHH
1	37118562	37118725	3	156	1.89	CG
1	37118562	37118725	14	411	3.29	CHG
1	37118562	37118725	48	2004	2.34	CHH
1	37253827	37256063	3714	164	95.77	CG
1	37253827	37256063	2755	597	82.19	CHG
1	37253827	37256063	1779	11958	12.95	CHH
1	37757198	37758019	799	2393	25.03	CG
1	37757198	37758019	465	1185	28.18	CHG
1	37757198	37758019	1560	6403	19.59	CHH
1	39603253	39603550	224	6	97.39	CG
1	39603253	39603550	8	921	0.86	CHG
1	39603253	39603550	72	2645	2.65	CHH
1	40609311	40609427	79	3	96.34	CG
1	40609311	40609427	17	469	3.50	CHG
1	40609311	40609427	43	1529	2.74	CHH
1	40785754	40786192	106	115	47.96	CG
1	40785754	40786192	29	1745	1.63	CHG
1	40785754	40786192	94	4920	1.87	CHH
1	41209454	41212661	3101	7862	28.29	CG
1	41209454	41212661	1543	5829	20.93	CHG
1	41209454	41212661	4043	25294	13.78	CHH
1	42990884	42991140	163	8	95.32	CG
1	42990884	42991140	140	18	88.61	CHG
1	42990884	42991140	58	617	8.59	CHH
2	38468	38578	73	0	100.00	CG
2	38468	38578	11	215	4.87	CHG
2	38468	38578	18	1035	1.71	CHH
2	578331	578545	77	2	97.47	CG
2	578331	578545	30	847	3.42	CHG
2	578331	578545	65	2420	2.62	CHH
2	1736612	1736996	771	43	94.72	CG
2	1736612	1736996	84	1641	4.87	CHG
2	1736612	1736996	211	4384	4.59	CHH
2	2004107	2004464	2	268	0.74	CG
2	2004107	2004464	39	1372	2.76	CHG
2	2004107	2004464	149	4206	3.42	CHH
2	2225031	2228646	6759	645	91.29	CG
2	2225031	2228646	4871	2831	63.24	CHG
2	2225031	2228646	6524	29381	18.17	CHH
2	2448881	2450073	390	259	60.09	CG
2	2448881	2450073	760	3143	19.47	CHG
2	2448881	2450073	1726	12240	12.36	CHH
2	2455636	2457226	4858	69	98.60	CG
2	2455636	2457226	3482	706	83.14	CHG
2	2455636	2457226	748	7675	8.88	CHH
2	2916264	2916496	184	6	96.84	CG
2	2916264	2916496	6	705	0.84	CHG
2	2916264	2916496	62	3154	1.93	CHH
2	3153141	3153726	1406	28	98.05	CG
2	3153141	3153726	1390	292	82.64	CHG
2	3153141	3153726	721	6243	10.35	CHH
2	3584767	3584907	298	27	91.69	CG
2	3584767	3584907	198	90	68.75	CHG
2	3584767	3584907	721	771	48.32	CHH
2	3668130	3671654	9531	3271	74.45	CG
2	3668130	3671654	4858	5411	47.31	CHG
2	3668130	3671654	4121	29536	12.24	CHH
2	4394475	4394720	1	150	0.66	CG
2	4394475	4394720	28	527	5.05	CHG
2	4394475	4394720	87	2591	3.25	CHH
2	4735326	4735671	15	1150	1.29	CG
2	4735326	4735671	42	1172	3.46	CHG
2	4735326	4735671	108	3515	2.98	CHH
2	4930376	4930562	397	12	97.07	CG
2	4930376	4930562	25	64	28.09	CHG
2	4930376	4930562	67	1474	4.35	CHH
2	6097195	6097472	1	480	0.21	CG
2	6097195	6097472	46	1088	4.06	CHG
2	6097195	6097472	85	2528	3.25	CHH
2	6194639	6194966	9	333	2.63	CG
2	6194639	6194966	16	653	2.39	CHG
2	6194639	6194966	144	3538	3.91	CHH
2	6477169	6477370	239	80	74.92	CG
2	6477169	6477370	18	525	3.31	CHG
2	6477169	6477370	57	2347	2.37	CHH
2	6479819	6479943	8	657	1.20	CHG
2	6479819	6479943	35	1681	2.04	CHH
2	7634883	7634997	12	909	1.30	CG
2	7634883	7634997	17	481	3.41	CHG
2	7634883	7634997	36	1017	3.42	CHH
2	9263789	9264764	823	24	97.17	CG
2	9263789	9264764	486	160	75.23	CHG
2	9263789	9264764	190	2130	8.19	CHH
2	10881944	10882136	20	288	6.49	CG
2	10881944	10882136	5	319	1.54	CHG
2	10881944	10882136	52	1886	2.68	CHH
2	11520851	11521291	385	333	53.62	CG
2	11520851	11521291	110	225	32.84	CHG
2	11520851	11521291	624	3393	15.53	CHH
2	11599189	11600489	953	1768	35.02	CG
2	11599189	11600489	454	2214	17.02	CHG
2	11599189	11600489	1057	11792	8.23	CHH
2	11939679	11939936	85	1	98.84	CG
2	11939679	11939936	10	467	2.10	CHG
2	11939679	11939936	42	2752	1.50	CHH
2	12352060	12352584	1728	28	98.41	CG
2	12352060	12352584	1272	344	78.71	CHG
2	12352060	12352584	338	4223	7.41	CHH
2	12492889	12493008	5	862	0.58	CG
2	12492889	12493008	9	438	2.01	CHG
2	12492889	12493008	18	769	2.29	CHH
2	12583382	12585233	2174	549	79.84	CG
2	12583382	12585233	763	5088	13.04	CHG
2	12583382	12585233	704	20774	3.28	CHH
2	13724770	13725043	40	1	97.56	CG
2	13724770	13725043	4	5	44.44	CHG
2	13724770	13725043	7	97	6.73	CHH
2	14258242	14258497	389	36	91.53	CG
2	14258242	14258497	320	82	79.60	CHG
2	14258242	14258497	116	1879	5.81	CHH
2	14381584	14382260	1246	16	98.73	CG
2	14381584	14382260	927	292	76.05	CHG
2	14381584	14382260	516	7184	6.70	CHH
2	14883666	14884152	1120	17	98.50	CG
2	14883666	14884152	1050	155	87.14	CHG
2	14883666	14884152	301	3682	7.56	CHH
2	15077160	15080035	8670	184	97.92	CG
2	15077160	15080035	5964	1227	82.94	CHG
2	15077160	15080035	2319	25778	8.25	CHH
2	15300768	15301020	430	10	97.73	CG
2	15300768	15301020	836	204	80.38	CHG
2	15300768	15301020	148	3130	4.51	CHH
2	16462100	16462683	1292	346	78.88	CG
2	16462100	16462683	858	1190	41.89	CHG
2	16462100	16462683	444	6338	6.55	CHH
2	16469340	16469527	751	26	96.65	CG
2	16469340	16469527	392	192	67.12	CHG
2	16469340	16469527	77	1345	5.41	CHH
2	16575455	16575576	135	287	31.99	CG
2	16575455	16575576	29	92	23.97	CHG
2	16575455	16575576	216	1084	16.62	CHH
2	16909276	16909402	75	2	97.40	CG
2	16909276	16909402	2	30	6.25	CHG
2	16909276	16909402	269	715	27.34	CHH
2	17470250	17470459	304	5	98.38	CG
2	17470250	17470459	302	48	86.29	CHG
2	17470250	17470459	116	2466	4.49	CHH
2	17693456	17694041	917	494	64.99	CG
2	17693456	17694041	362	876	29.24	CHG
2	17693456	17694041	239	4426	5.12	CHH
2	17846367	17846587	75	1007	6.93	CG
2	17846367	17846587	9	453	1.95	CHG
2	17846367	17846587	37	1412	2.55	CHH
2	18156897	18157229	1817	33	98.22	CG
2	18156897	18157229	876	167	83.99	CHG
2	18156897	18157229	263	2401	9.87	CHH
2	19262811	19262974	277	7	97.54	CG
2	19262811	19262974	51	150	25.37	CHG
2	19262811	19262974	66	2265	2.83	CHH
2	19369504	19369623	854	10	98.84	CG
2	19369504	19369623	465	71	86.75	CHG
2	19369504	19369623	136	850	13.79	CHH
2	19649757	19649896	15	1135	1.30	CG
2	19649757	19649896	20	514	3.75	CHG
2	19649757	19649896	41	1108	3.57	CHH
2	20077988	20078291	709	59	92.32	CG
2	20077988	20078291	277	136	67.07	CHG
2	20077988	20078291	343	2031	14.45	CHH
2	22210158	22210334	71	711	9.08	CG
2	22210158	22210334	11	306	3.47	CHG
2	22210158	22210334	70	1987	3.40	CHH
2	22275294	22275439	0	73	0.00	CG
2	22275294	22275439	3	386	0.77	CHG
2	22275294	22275439	18	1780	1.00	CHH
2	22587752	22588156	719	29	96.12	CG
2	22587752	22588156	421	284	59.72	CHG
2	22587752	22588156	391	3274	10.67	CHH
2	22836225	22836730	34	1341	2.47	CG
2	22836225	22836730	53	1445	3.54	CHG
2	22836225	22836730	163	5550	2.85	CHH
2	22982677	22982914	1	82	1.20	CG
2	22982677	22982914	13	876	1.46	CHG
2	22982677	22982914	69	3321	2.04	CHH
2	23033077	23033411	214	533	28.65	CG
2	23033077	23033411	268	1227	17.93	CHG
2	23033077	23033411	446	3418	11.54	CHH
2	23394395	23395510	2540	232	91.63	CG
2	23394395	23395510	815	2871	22.11	CHG
2	23394395	23395510	468	15099	3.01	CHH
2	23471507	23472492	666	7	98.96	CG
2	23471507	23472492	697	106	86.80	CHG
2	23471507	23472492	480	3437	12.25	CHH
2	24044095	24044460	1425	50	96.61	CG
2	24044095	24044460	677	152	81.66	CHG
2	24044095	24044460	307	2438	11.18	CHH
2	24717341	24717558	3	350	0.85	CG
2	24717341	24717558	6	771	0.77	CHG
2	24717341	24717558	91	2705	3.25	CHH
2	25574998	25576239	2020	83	96.05	CG
2	25574998	25576239	2285	612	78.87	CHG
2	25574998	25576239	1665	13046	11.32	CHH
2	25830725	25831459	17	2292	0.74	CG
2	25830725	25831459	50	1943	2.51	CHG
2	25830725	25831459	114	6367	1.76	CHH
2	25835047	25835296	42	948	4.24	CG
2	25835047	25835296	53	679	7.24	CHG
2	25835047	25835296	58	2172	2.60	CHH
2	26548831	26549237	953	26	97.34	CG
2	26548831	26549237	153	114	57.30	CHG
2	26548831	26549237	806	2176	27.03	CHH
2	26659388	26659535	78	5	93.98	CG
2	26659388	26659535	102	1256	7.51	CHH
2	26689413	26692203	1190	13608	8.04	CG
2	26689413	26692203	723	8825	7.57	CHG
2	26689413	26692203	2710	21750	11.08	CHH
2	28199306	28199617	976	27	97.31	CG
2	28199306	28199617	1145	184	86.16	CHG
2	28199306	28199617	320	3218	9.04	CHH
2	29852698	29852922	56	408	12.07	CG
2	29852698	29852922	20	704	2.76	CHG
2	29852698	29852922	87	2293	3.66	CHH
2	30157272	30157610	599	142	80.84	CG
2	30157272	30157610	213	407	34.35	CHG
2	30157272	30157610	516	2264	18.56	CHH
2	30823979	30824112	1	245	0.41	CG
2	30823979	30824112	8	394	1.99	CHG
2	30823979	30824112	40	1625	2.40	CHH
2	30983625	30984901	25	4389	0.57	CG
2	30983625	30984901	142	6733	2.07	CHG
2	30983625	30984901	304	13842	2.15	CHH
2	31445301	31445449	1	88	1.12	CG
2	31445301	31445449	10	461	2.12	CHG
2	31445301	31445449	50	2065	2.36	CHH
2	31855152	31855271	208	6	97.20	CG
2	31855152	31855271	68	19	78.16	CHG
2	31855152	31855271	125	1426	8.06	CHH
2	32524707	32526194	2612	1278	67.15	CG
2	32524707	32526194	706	3797	15.68	CHG
2	32524707	32526194	836	11352	6.86	CHH
2	33158169	33158313	276	8	97.18	CG
2	33158169	33158313	373	64	85.35	CHG
2	33158169	33158313	216	1760	10.93	CHH
2	33431516	33431954	252	8	96.92	CG
2	33431516	33431954	16	877	1.79	CHG
2	33431516	33431954	102	4946	2.02	CHH
2	33711999	33712328	81	3	96.43	CG
2	33711999	33712328	20	1063	1.85	CHG
2	33711999	33712328	151	4262	3.42	CHH
2	33834944	33835662	170	558	23.35	CG
2	33834944	33835662	36	1512	2.33	CHG
2	33834944	33835662	300	8718	3.33	CHH
2	33936933	33937065	0	96	0.00	CG
2	33936933	33937065	13	509	2.49	CHG
2	33936933	33937065	45	1921	2.29	CHH
2	34687871	34690219	755	8795	7.91	CG
2	34687871	34690219	946	6347	12.97	CHG
2	34687871	34690219	1775	20012	8.15	CHH
2	34747509	34747747	52	0	100.00	CG
2	34747509	34747747	26	5	83.87	CHG
2	34747509	34747747	9	39	18.75	CHH
2	34772462	34772598	13	339	3.69	CHG
2	34772462	34772598	65	1478	4.21	CHH
2	35300370	35300604	82	1	98.80	CG
2	35300370	35300604	8	762	1.04	CHG
2	35300370	35300604	120	3303	3.51	CHH
2	35388799	35389069	3	335	0.89	CG
2	35388799	35389069	7	660	1.05	CHG
2	35388799	35389069	21	1962	1.06	CHH
3	480369	480630	782	34	95.83	CG
3	480369	480630	12	824	1.44	CHG
3	480369	480630	101	3134	3.12	CHH
3	615186	620505	5630	8229	40.62	CG
3	615186	620505	2801	10924	20.41	CHG
3	615186	620505	4237	46291	8.39	CHH
3	1097994	1098400	1424	53	96.41	CG
3	1097994	1098400	954	212	81.82	CHG
3	1097994	1098400	615	4167	12.86	CHH
3	2922253	2922366	0	87	0.00	CG
3	2922253	2922366	1	179	0.56	CHG
3	2922253	2922366	34	1827	1.83	CHH
3	2924923	2926581	1327	251	84.09	CG
3	2924923	2926581	252	3911	6.05	CHG
3	2924923	2926581	877	19586	4.29	CHH
3	3101473	3101729	549	926	37.22	CG
3	3101473	3101729	25	984	2.48	CHG
3	3101473	3101729	58	2189	2.58	CHH
3	3782983	3787490	934	13687	6.39	CG
3	3782983	3787490	682	10890	5.89	CHG
3	3782983	3787490	1420	38944	3.52	CHH
3	4471611	4471796	9	1046	0.85	CG
3	4471611	4471796	16	639	2.44	CHG
3	4471611	4471796	42	1557	2.63	CHH
3	4501942	4502163	377	547	40.80	CG
3	4501942	4502163	264	395	40.06	CHG
3	4501942	4502163	931	818	53.23	CHH
3	4735915	4736042	3	286	1.04	CG
3	4735915	4736042	11	268	3.94	CHG
3	4735915	4736042	25	1788	1.38	CHH
3	5786527	5786697	128	4	96.97	CG
3	5786527	5786697	1	395	0.25	CHG
3	5786527	5786697	52	1676	3.01	CHH
3	5790733	5792052	2642	134	95.17	CG
3	5790733	5792052	1925	592	76.48	CHG
3	5790733	5792052	2002	11435	14.90	CHH
3	5852144	5852325	464	12	97.48	CG
3	5852144	5852325	406	52	88.65	CHG
3	5852144	5852325	648	1812	26.34	CHH
3	5861909	5862252	534	103	83.83	CG
3	5861909	5862252	37	1543	2.34	CHG
3	5861909	5862252	80	3865	2.03	CHH
3	5863529	5863616	3	259	1.15	CG
3	5863529	5863616	13	419	3.01	CHG
3	5863529	5863616	20	1160	1.69	CHH
3	6119207	6119385	68	1164	5.52	CG
3	6119207	6119385	48	950	4.81	CHG
3	6119207	6119385	64	1283	4.75	CHH
3	6727333	6727471	2	293	0.68	CG
3	6727333	6727471	5	210	2.33	CHG
3	6727333	6727471	26	1584	1.61	CHH
3	7815881	7816020	91	1683	5.13	CG
3	7815881	7816020	21	780	2.62	CHG
3	7815881	7816020	29	642	4.32	CHH
3	8124800	8125238	11	2287	0.48	CG
3	8124800	8125238	27	1364	1.94	CHG
3	8124800	8125238	71	5265	1.33	CHH
3	8292358	8296069	3367	1717	66.23	CG
3	8292358	8296069	2541	5379	32.08	CHG
3	8292358	8296069	3157	38001	7.67	CHH
3	8918282	8919468	1203	4124	22.58	CG
3	8918282	8919468	365	2644	12.13	CHG
3	8918282	8919468	1282	10421	10.95	CHH
3	8932042	8933228	963	1380	41.10	CG
3	8932042	8933228	476	985	32.58	CHG
3	8932042	8933228	822	10908	7.01	CHH
3	9007060	9007495	1471	45	97.03	CG
3	9007060	9007495	753	189	79.94	CHG
3	9007060	9007495	280	1889	12.91	CHH
3	9615393	9615681	218	1305	14.31	CG
3	9615393	9615681	52	587	8.14	CHG
3	9615393	9615681	218	3347	6.12	CHH
3	9647322	9647514	30	252	10.64	CG
3	9647322	9647514	3	551	0.54	CHG
3	9647322	9647514	37	2006	1.81	CHH
3	9661238	9663204	621	3196	16.27	CG
3	9661238	9663204	355	3415	9.42	CHG
3	9661238	9663204	1028	17203	5.64	CHH
3	9703524	9703645	4	176	2.22	CG
3	9703524	9703645	11	126	8.03	CHG
3	9703524	9703645	51	1128	4.33	CHH
3	9741411	9741728	527	81	86.68	CG
3	9741411	9741728	266	126	67.86	CHG
3	9741411	9741728	306	2128	12.57	CHH
3	9772110	9773385	2958	454	86.69	CG
3	9772110	9773385	1635	865	65.40	CHG
3	9772110	9773385	1723	11568	12.96	CHH
3	9970758	9972750	465	7278	6.01	CG
3	9970758	9972750	295	5812	4.83	CHG
3	9970758	9972750	549	15937	3.33	CHH
3	11318102	11319164	660	790	45.52	CG
3	11318102	11319164	339	1549	17.96	CHG
3	11318102	11319164	408	9335	4.19	CHH
3	11624874	11625180	199	6	97.07	CG
3	11624874	11625180	14	1230	1.13	CHG
3	11624874	11625180	94	3870	2.37	CHH
3	11762654	11762757	4	172	2.27	CG
3	11762654	11762757	0	83	0.00	CHG
3	11762654	11762757	18	912	1.94	CHH
3	12013674	12014450	839	30	96.55	CG
3	12013674	12014450	1799	203	89.86	CHG
3	12013674	12014450	820	9261	8.13	CHH
3	13326106	13326294	10	430	2.27	CG
3	13326106	13326294	37	752	4.69	CHG
3	13326106	13326294	56	1996	2.73	CHH
3	14484188	14484405	92	1	98.92	CG
3	14484188	14484405	507	61	89.26	CHG
3	14484188	14484405	221	1988	10.00	CHH
3	14495901	14496241	110	3104	3.42	CG
3	14495901	14496241	42	1408	2.90	CHG
3	14495901	14496241	98	3312	2.87	CHH
3	14633392	14633990	831	21	97.54	CG
3	14633392	14633990	394	76	83.83	CHG
3	14633392	14633990	324	5809	5.28	CHH
3	14886695	14886945	25	269	8.50	CG
3	14886695	14886945	199	141	58.53	CHG
3	14886695	14886945	1268	1267	50.02	CHH
3	15238637	15238822	262	10	96.32	CG
3	15238637	15238822	345	91	79.13	CHG
3	15238637	15238822	128	2029	5.93	CHH
3	15348429	15348696	412	5	98.80	CG
3	15348429	15348696	401	125	76.24	CHG
3	15348429	15348696	154	2602	5.59	CHH
3	15968990	15969281	24	1634	1.45	CG
3	15968990	15969281	47	1293	3.51	CHG
3	15968990	15969281	60	2807	2.09	CHH
3	16545195	16545366	133	8	94.33	CG
3	16545195	16545366	104	35	74.82	CHG
3	16545195	16545366	48	893	5.10	CHH
3	16691128	16691290	193	5	97.47	CG
3	16691128	16691290	44	140	23.91	CHG
3	16691128	16691290	281	932	23.17	CHH
3	18086982	18087169	1	271	0.37	CG
3	18086982	18087169	4	391	1.01	CHG
3	18086982	18087169	30	1768	1.67	CHH
3	18671229	18673244	2072	1292	61.59	CG
3	18671229	18673244	992	2564	27.90	CHG
3	18671229	18673244	1849	20951	8.11	CHH
3	18972426	18972727	1	0	100.00	CG
3	18972426	18972727	1	26	3.70	CHH
3	19066610	19066885	1172	12	98.99	CG
3	19066610	19066885	284	133	68.11	CHG
3	19066610	19066885	218	1200	15.37	CHH
3	19477758	19477853	222	1	99.55	CG
3	19477758	19477853	171	135	55.88	CHG
3	19477758	19477853	85	862	8.98	CHH
3	20211561	20212451	2345	45	98.12	CG
3	20211561	20212451	1818	295	86.04	CHG
3	20211561	20212451	1073	8470	11.24	CHH
3	20300032	20301332	2262	74	96.83	CG
3	20300032	20301332	3121	458	87.20	CHG
3	20300032	20301332	877	13266	6.20	CHH
3	20506153	20506547	997	21	97.94	CG
3	20506153	20506547	812	257	75.96	CHG
3	20506153	20506547	194	4316	4.30	CHH
3	20529596	20530676	2000	4914	28.93	CG
3	20529596	20530676	361	3431	9.52	CHG
3	20529596	20530676	404	7466	5.13	CHH
3	20609274	20609784	777	22	97.25	CG
3	20609274	20609784	546	132	80.53	CHG
3	20609274	20609784	422	4291	8.95	CHH
3	21045714	21046037	545	13	97.67	CG
3	21045714	21046037	268	49	84.54	CHG
3	21045714	21046037	145	3736	3.74	CHH
3	21053301	21054404	486	274	63.95	CG
3	21053301	21054404	68	1795	3.65	CHG
3	21053301	21054404	331	12047	2.67	CHH
3	21477968	21478334	554	241	69.69	CG
3	21477968	21478334	189	470	28.68	CHG
3	21477968	21478334	471	2832	14.26	CHH
3	21805912	21806253	1675	49	97.16	CG
3	21805912	21806253	317	272	53.82	CHG
3	21805912	21806253	302	2253	11.82	CHH
3	22443304	22443897	44	3294	1.32	CG
3	22443304	22443897	68	2282	2.89	CHG
3	22443304	22443897	173	5959	2.82	CHH
3	22930322	22932315	743	3876	16.09	CG
3	22930322	22932315	140	4677	2.91	CHG
3	22930322	22932315	576	21312	2.63	CHH
3	22977964	22978503	476	303	61.10	CG
3	22977964	22978503	488	791	38.15	CHG
3	22977964	22978503	1057	3631	22.55	CHH
3	23158824	23162446	2410	9400	20.41	CG
3	23158824	23162446	1000	6640	13.09	CHG
3	23158824	23162446	2090	30851	6.34	CHH
3	23440227	23440314	10	164	5.75	CHG
3	23440227	23440314	31	942	3.19	CHH
3	23502337	23503127	612	108	85.00	CG
3	23502337	23503127	87	625	12.22	CHG
3	23502337	23503127	1233	7313	14.43	CHH
3	24402381	24402506	41	1931	2.08	CG
3	24402381	24402506	21	594	3.41	CHG
3	24402381	24402506	35	1153	2.95	CHH
3	24697252	24697403	0	196	0.00	CG
3	24697252	24697403	5	392	1.26	CHG
3	24697252	24697403	20	1750	1.13	CHH
3	25124576	25125712	1478	628	70.18	CG
3	25124576	25125712	713	678	51.26	CHG
3	25124576	25125712	3226	7010	31.52	CHH
3	25238096	25238349	186	76	70.99	CG
3	25238096	25238349	7	728	0.95	CHG
3	25238096	25238349	51	2416	2.07	CHH
3	26463242	26463534	165	732	18.39	CG
3	26463242	26463534	24	883	2.65	CHG
3	26463242	26463534	89	2056	4.15	CHH
3	28036385	28036532	7	626	1.11	CG
3	28036385	28036532	15	574	2.55	CHG
3	28036385	28036532	33	1554	2.08	CHH
3	28421210	28421588	12	721	1.64	CG
3	28421210	28421588	49	1305	3.62	CHG
3	28421210	28421588	151	4179	3.49	CHH
3	28828352	28828674	221	194	53.25	CG
3	28828352	28828674	5	126	3.82	CHG
3	28828352	28828674	531	3166	14.36	CHH
3	28883667	28884002	121	65	65.05	CG
3	28883667	28884002	41	438	8.56	CHG
3	28883667	28884002	106	3577	2.88	CHH
3	28999678	28999814	74	71	51.03	CG
3	28999678	28999814	79	66	54.48	CHG
3	28999678	28999814	240	647	27.06	CHH
3	29036320	29036527	1625	29	98.25	CG
3	29036320	29036527	177	273	39.33	CHG
3	29036320	29036527	294	918	24.26	CHH
3	29048284	29048488	1307	10	99.24	CG
3	29048284	29048488	842	222	79.14	CHG
3	29048284	29048488	228	1042	17.95	CHH
3	29804060	29804313	3	348	0.85	CG
3	29804060	29804313	23	762	2.93	CHG
3	29804060	29804313	47	2382	1.93	CHH
3	31242980	31243426	2619	44	98.35	CG
3	31242980	31243426	1336	285	82.42	CHG
3	31242980	31243426	348	2808	11.03	CHH
3	31550060	31550292	750	140	84.27	CG
3	31550060	31550292	238	186	56.13	CHG
3	31550060	31550292	345	2292	13.08	CHH
3	32992420	32993458	696	911	43.31	CG
3	32992420	32993458	272	1034	20.83	CHG
3	32992420	32993458	587	8990	6.13	CHH
3	33907932	33908490	81	221	26.82	CG
3	33907932	33908490	45	1760	2.49	CHG
3	33907932	33908490	196	6578	2.89	CHH
3	34241449	34241654	5	287	1.71	CG
3	34241449	34241654	36	741	4.63	CHG
3	34241449	34241654	44	1681	2.55	CHH
3	34254363	34255907	744	2852	20.69	CG
3	34254363	34255907	226	4601	4.68	CHG
3	34254363	34255907	1196	13913	7.92	CHH
3	34833000	34833309	1028	38	96.44	CG
3	34833000	34833309	661	157	80.81	CHG
3	34833000	34833309	411	1580	20.64	CHH
3	35110086	35110256	90	3	96.77	CG
3	35110086	35110256	2	261	0.76	CHG
3	35110086	35110256	70	1964	3.44	CHH
3	35180241	35180554	313	14	95.72	CG
3	35180241	35180554	49	994	4.70	CHG
3	35180241	35180554	109	3972	2.67	CHH
3	35917041	35917731	1385	542	71.87	CG
3	35917041	35917731	494	802	38.12	CHG
3	35917041	35917731	851	5895	12.61	CHH
3	36048993	36049255	4	444	0.89	CG
3	36048993	36049255	33	732	4.31	CHG
3	36048993	36049255	78	2451	3.08	CHH
3	36390761	36392058	155	5904	2.56	CG
3	36390761	36392058	121	4308	2.73	CHG
3	36390761	36392058	309	12633	2.39	CHH
4	2128481	2128855	349	49	87.69	CG
4	2128481	2128855	79	256	23.58	CHG
4	2128481	2128855	410	2792	12.80	CHH
4	2540394	2540485	203	39	83.88	CG
4	2540394	2540485	149	98	60.32	CHG
4	2540394	2540485	27	734	3.55	CHH
4	3036997	3037085	406	10	97.60	CG
4	3036997	3037085	105	89	54.12	CHG
4	3036997	3037085	41	320	11.36	CHH
4	3390058	3390156	1	0	100.00	CG
4	3390058	3390156	0	1	0.00	CHH
4	4049820	4050064	544	14	97.49	CG
4	4049820	4050064	330	123	72.85	CHG
4	4049820	4050064	180	1962	8.40	CHH
4	4695559	4695777	867	10	98.86	CG
4	4695559	4695777	317	209	60.27	CHG
4	4695559	4695777	110	1486	6.89	CHH
4	5205473	5206792	3805	98	97.49	CG
4	5205473	5206792	2377	721	76.73	CHG
4	5205473	5206792	960	12633	7.06	CHH
4	5370300	5370990	1083	23	97.92	CG
4	5370300	5370990	651	155	80.77	CHG
4	5370300	5370990	142	1774	7.41	CHH
4	7250146	7253105	2196	11482	16.05	CG
4	7250146	7253105	1911	6380	23.05	CHG
4	7250146	7253105	1281	25388	4.80	CHH
4	7946934	7947116	450	8	98.25	CG
4	7946934	7947116	287	125	69.66	CHG
4	7946934	7947116	108	1849	5.52	CHH
4	7976120	7976768	12	380	3.06	CG
4	7976120	7976768	37	970	3.67	CHG
4	7976120	7976768	72	4086	1.73	CHH
4	7998972	7999131	0	110	0.00	CG
4	7998972	7999131	14	222	5.93	CHG
4	7998972	7999131	50	1453	3.33	CHH
4	9504426	9506750	4201	253	94.32	CG
4	9504426	9506750	2944	1727	63.03	CHG
4	9504426	9506750	1033	23765	4.17	CHH
4	10597218	10597775	1794	36	98.03	CG
4	10597218	10597775	2370	387	85.96	CHG
4	10597218	10597775	307	6000	4.87	CHH
4	11254426	11254603	4	231	1.70	CG
4	11254426	11254603	11	429	2.50	CHG
4	11254426	11254603	55	1994	2.68	CHH
4	11479976	11481063	144	999	12.60	CG
4	11479976	11481063	49	2065	2.32	CHG
4	11479976	11481063	284	12197	2.28	CHH
4	12511724	12511877	154	3	98.09	CG
4	12511724	12511877	415	127	76.57	CHG
4	12511724	12511877	114	1533	6.92	CHH
4	12570254	12573173	5455	133	97.62	CG
4	12570254	12573173	7321	1352	84.41	CHG
4	12570254	12573173	2027	31850	5.98	CHH
4	14336636	14336825	397	4	99.00	CG
4	14336636	14336825	392	123	76.12	CHG
4	14336636	14336825	79	1496	5.02	CHH
4	15422154	15422563	455	4	99.13	CG
4	15422154	15422563	484	155	75.74	CHG
4	15422154	15422563	822	3828	17.68	CHH
4	15927777	15928107	15	1105	1.34	CG
4	15927777	15928107	23	991	2.27	CHG
4	15927777	15928107	95	3655	2.53	CHH
4	16377949	16378038	305	5	98.39	CG
4	16377949	16378038	246	72	77.36	CHG
4	16377949	16378038	58	1061	5.18	CHH
4	16429861	16430118	287	11	96.31	CG
4	16429861	16430118	524	53	90.81	CHG
4	16429861	16430118	169	2221	7.07	CHH
4	16739824	16740091	961	22	97.76	CG
4	16739824	16740091	270	145	65.06	CHG
4	16739824	16740091	134	2461	5.16	CHH
4	16870850	16871033	246	7	97.23	CG
4	16870850	16871033	0	80	0.00	CHG
4	16870850	16871033	64	2152	2.89	CHH
4	16929303	16929386	17	164	9.39	CG
4	16929303	16929386	0	47	0.00	CHG
4	16929303	16929386	12	856	1.38	CHH
4	18861290	18861421	131	2	98.50	CG
4	18861290	18861421	85	17	83.33	CHG
4	18861290	18861421	624	496	55.71	CHH
4	18879559	18879953	2446	43	98.27	CG
4	18879559	18879953	1525	470	76.44	CHG
4	18879559	18879953	451	3133	12.58	CHH
4	19594453	19594613	0	182	0.00	CG
4	19594453	19594613	10	405	2.41	CHG
4	19594453	19594613	118	924	11.32	CHH
4	21836525	21836740	8	524	1.50	CG
4	21836525	21836740	24	925	2.53	CHG
4	21836525	21836740	85	2499	3.29	CHH
4	22149701	22149888	36	1384	2.54	CG
4	22149701	22149888	32	555	5.45	CHG
4	22149701	22149888	43	2210	1.91	CHH
4	24463582	24463728	1	335	0.30	CG
4	24463582	24463728	10	248	3.88	CHG
4	24463582	24463728	54	1565	3.34	CHH
4	24879051	24879296	1	93	1.06	CG
4	24879051	24879296	25	1660	1.48	CHG
4	24879051	24879296	99	3023	3.17	CHH
4	25700367	25700823	2548	72	97.25	CG
4	25700367	25700823	992	512	65.96	CHG
4	25700367	25700823	664	3710	15.18	CHH
4	26025305	26025523	163	4	97.60	CG
4	26025305	26025523	5	701	0.71	CHG
4	26025305	26025523	32	2399	1.32	CHH
4	26125746	26125921	202	6	97.12	CG
4	26125746	26125921	159	40	79.90	CHG
4	26125746	26125921	152	1789	7.83	CHH
4	28854448	28854672	25	859	2.83	CG
4	28854448	28854672	19	429	4.24	CHG
4	28854448	28854672	85	1959	4.16	CHH
4	31600862	31601333	1417	25	98.27	CG
4	31600862	31601333	1203	540	69.02	CHG
4	31600862	31601333	374	4805	7.22	CHH
4	32665225	32665685	24	2769	0.86	CG
4	32665225	32665685	60	2090	2.79	CHG
4	32665225	32665685	120	4600	2.54	CHH
4	32845260	32845468	220	13	94.42	CG
4	32845260	32845468	4	756	0.53	CHG
4	32845260	32845468	60	2461	2.38	CHH
4	32907649	32907913	945	12	98.75	CG
4	32907649	32907913	1117	167	86.99	CHG
4	32907649	32907913	299	3679	7.52	CHH
4	32976630	32976775	1	241	0.41	CG
4	32976630	32976775	13	270	4.59	CHG
4	32976630	32976775	35	1537	2.23	CHH
4	33538001	33538284	241	5	97.97	CG
4	33538001	33538284	282	44	86.50	CHG
4	33538001	33538284	71	869	7.55	CHH
5	22552	22704	299	5	98.36	CG
5	22552	22704	170	36	82.52	CHG
5	22552	22704	84	945	8.16	CHH
5	167915	169390	1126	278	80.20	CG
5	167915	169390	302	554	35.28	CHG
5	167915	169390	720	11293	5.99	CHH
5	802197	802307	0	125	0.00	CG
5	802197	802307	5	233	2.10	CHG
5	802197	802307	16	1388	1.14	CHH
5	1555477	1555743	256	14	94.81	CG
5	1555477	1555743	11	836	1.30	CHG
5	1555477	1555743	75	3552	2.07	CHH
5	1623822	1624065	1382	20	98.57	CG
5	1623822	1624065	637	190	77.03	CHG
5	1623822	1624065	207	841	19.75	CHH
5	1649481	1650024	2086	50	97.66	CG
5	1649481	1650024	964	606	61.40	CHG
5	1649481	1650024	506	5277	8.75	CHH
5	2535968	2537410	389	6264	5.85	CG
5	2535968	2537410	170	4821	3.41	CHG
5	2535968	2537410	456	15338	2.89	CHH
5	3201536	3202094	115	370	23.71	CG
5	3201536	3202094	205	702	22.60	CHG
5	3201536	3202094	1042	4722	18.08	CHH
5	3642042	3642277	1099	36	96.83	CG
5	3642042	3642277	194	233	45.43	CHG
5	3642042	3642277	195	2084	8.56	CHH
5	4042346	4043559	1286	41	96.91	CG
5	4042346	4043559	854	214	79.96	CHG
5	4042346	4043559	248	3616	6.42	CHH
5	5042999	5043643	89	7	92.71	CG
5	5042999	5043643	45	7	86.54	CHG
5	5042999	5043643	24	609	3.79	CHH
5	6697788	6698020	337	8	97.68	CG
5	6697788	6698020	11	614	1.76	CHG
5	6697788	6698020	56	2603	2.11	CHH
5	8888812	8888977	241	1	99.59	CG
5	8888812	8888977	701	58	92.36	CHG
5	8888812	8888977	188	1834	9.30	CHH
5	9364313	9364413	777	6	99.23	CG
5	9364313	9364413	470	164	74.13	CHG
5	9364313	9364413	106	873	10.83	CHH
5	12809268	12809477	951	31	96.84	CG
5	12809268	12809477	358	188	65.57	CHG
5	12809268	12809477	161	1061	13.18	CHH
5	13857407	13857542	1000	12	98.81	CG
5	13857407	13857542	256	91	73.78	CHG
5	13857407	13857542	173	1021	14.49	CHH
5	14246535	14246708	3	153	1.92	CG
5	14246535	14246708	3	75	3.85	CHG
5	14246535	14246708	70	2491	2.73	CHH
5	15249273	15249609	873	13	98.53	CG
5	15249273	15249609	498	186	72.81	CHG
5	15249273	15249609	230	2980	7.17	CHH
5	15263881	15264136	1547	26	98.35	CG
5	15263881	15264136	807	243	76.86	CHG
5	15263881	15264136	254	1727	12.82	CHH
5	15295856	15296058	612	14	97.76	CG
5	15295856	15296058	249	89	73.67	CHG
5	15295856	15296058	51	838	5.74	CHH
5	15380224	15380482	126	5	96.18	CG
5	15380224	15380482	125	14	89.93	CHG
5	15380224	15380482	21	397	5.02	CHH
5	16141049	16142222	3000	70	97.72	CG
5	16141049	16142222	1963	321	85.95	CHG
5	16141049	16142222	846	11812	6.68	CHH
5	16604726	16607053	4223	320	92.96	CG
5	16604726	16607053	2377	1394	63.03	CHG
5	16604726	16607053	2048	22052	8.50	CHH
5	16695358	16697204	1896	1891	50.07	CG
5	16695358	16697204	1903	1629	53.88	CHG
5	16695358	16697204	1441	14197	9.21	CHH
5	17145149	17145240	0	99	0.00	CG
5	17145149	17145240	11	1069	1.02	CHH
5	17275880	17277194	1118	1350	45.30	CG
5	17275880	17277194	219	2923	6.97	CHG
5	17275880	17277194	917	13048	6.57	CHH
5	18555974	18556911	1844	308	85.69	CG
5	18555974	18556911	773	631	55.06	CHG
5	18555974	18556911	529	9989	5.03	CHH
5	18614365	18615227	3066	62	98.02	CG
5	18614365	18615227	1405	482	74.46	CHG
5	18614365	18615227	1405	7407	15.94	CHH
5	19082868	19087589	3212	4925	39.47	CG
5	19082868	19087589	581	12929	4.30	CHG
5	19082868	19087589	2079	48525	4.11	CHH
5	19475239	19475452	4	465	0.85	CG
5	19475239	19475452	10	729	1.35	CHG
5	19475239	19475452	35	2238	1.54	CHH
5	19550564	19550779	43	117	26.88	CHG
5	19550564	19550779	201	2368	7.82	CHH
5	19686229	19688559	1881	4463	29.65	CG
5	19686229	19688559	1311	3006	30.37	CHG
5	19686229	19688559	1841	20485	8.25	CHH
5	20197683	20197907	37	1375	2.62	CG
5	20197683	20197907	36	790	4.36	CHG
5	20197683	20197907	50	1472	3.29	CHH
5	20639725	20640817	1383	91	93.83	CG
5	20639725	20640817	274	3136	8.04	CHG
5	20639725	20640817	271	11578	2.29	CHH
5	21196473	21196736	203	6	97.13	CG
5	21196473	21196736	324	27	92.31	CHG
5	21196473	21196736	306	2498	10.91	CHH
5	21222554	21222810	143	118	54.79	CHG
5	21222554	21222810	97	2373	3.93	CHH
5	21231311	21231463	1	812	0.12	CG
5	21231311	21231463	22	658	3.24	CHG
5	21231311	21231463	24	1267	1.86	CHH
5	21771662	21772418	1112	442	71.56	CG
5	21771662	21772418	842	746	53.02	CHG
5	21771662	21772418	426	6037	6.59	CHH
5	22632027	22632224	6	1075	0.56	CG
5	22632027	22632224	15	939	1.57	CHG
5	22632027	22632224	49	1617	2.94	CHH
5	23446330	23446424	11	1	91.67	CG
5	23446330	23446424	15	67	18.29	CHH
5	23498602	23498699	153	3	98.08	CG
5	23498602	23498699	87	2	97.75	CHG
5	23498602	23498699	1038	373	73.56	CHH
5	23589096	23589233	1	402	0.25	CHG
5	23589096	23589233	29	2010	1.42	CHH
5	23597717	23597952	1	167	0.60	CG
5	23597717	23597952	10	451	2.17	CHG
5	23597717	23597952	78	2575	2.94	CHH
5	23799970	23800819	67	3659	1.80	CG
5	23799970	23800819	103	3128	3.19	CHG
5	23799970	23800819	140	8584	1.60	CHH
5	24767463	24767619	9	819	1.09	CG
5	24767463	24767619	2	254	0.78	CHG
5	24767463	24767619	11	1120	0.97	CHH
5	24958493	24960927	1910	2044	48.31	CG
5	24958493	24960927	369	5491	6.30	CHG
5	24958493	24960927	824	25939	3.08	CHH
5	25117789	25118255	126	3273	3.71	CG
5	25117789	25118255	60	1488	3.88	CHG
5	25117789	25118255	117	3463	3.27	CHH
5	25683760	25686062	1419	9681	12.78	CG
5	25683760	25686062	1003	7492	11.81	CHG
5	25683760	25686062	2123	15249	12.22	CHH
5	25916431	25917101	1259	50	96.18	CG
5	25916431	25917101	727	404	64.28	CHG
5	25916431	25917101	1492	6040	19.81	CHH
5	26920490	26922938	43	4509	0.94	CG
5	26920490	26922938	153	8827	1.70	CHG
5	26920490	26922938	659	25549	2.51	CHH
5	27294148	27294484	28	1272	2.15	CG
5	27294148	27294484	31	930	3.23	CHG
5	27294148	27294484	92	3261	2.74	CHH
5	27692643	27692794	5	642	0.77	CG
5	27692643	27692794	0	616	0.00	CHG
5	27692643	27692794	36	1479	2.38	CHH
5	28353397	28355104	2202	320	87.31	CG
5	28353397	28355104	206	4011	4.88	CHG
5	28353397	28355104	555	17572	3.06	CHH
5	28438764	28438936	305	4	98.71	CG
5	28438764	28438936	376	32	92.16	CHG
5	28438764	28438936	132	1222	9.75	CHH
5	29278792	29278999	174	4	97.75	CG
5	29278792	29278999	109	5	95.61	CHG
5	29278792	29278999	52	674	7.16	CHH
5	29368004	29368261	258	7	97.36	CG
5	29368004	29368261	552	39	93.40	CHG
5	29368004	29368261	268	3283	7.55	CHH
5	29393677	29395023	632	31	95.32	CG
5	29393677	29395023	588	87	87.11	CHG
5	29393677	29395023	171	1584	9.74	CHH
5	29485227	29485510	446	263	62.91	CG
5	29485227	29485510	140	552	20.23	CHG
5	29485227	29485510	116	2471	4.48	CHH
6	247291	247913	58	2286	2.47	CG
6	247291	247913	71	1828	3.74	CHG
6	247291	247913	207	6441	3.11	CHH
6	368015	368245	4	559	0.71	CG
6	368015	368245	15	703	2.09	CHG
6	368015	368245	71	2470	2.79	CHH
6	521167	522087	292	1508	16.22	CG
6	521167	522087	121	1359	8.18	CHG
6	521167	522087	928	7719	10.73	CHH
6	813527	813697	168	2	98.82	CG
6	813527	813697	9	460	1.92	CHG
6	813527	813697	89	2646	3.25	CHH
6	958185	960061	3518	1632	68.31	CG
6	958185	960061	1405	1435	49.47	CHG
6	958185	960061	1343	13015	9.35	CHH
6	1267865	1268035	1036	11	98.95	CG
6	1267865	1268035	542	176	75.49	CHG
6	1267865	1268035	92	1386	6.22	CHH
6	2300838	2300945	0	223	0.00	CG
6	2300838	2300945	17	407	4.01	CHG
6	2300838	2300945	44	1187	3.57	CHH
6	3639180	3639309	2	387	0.51	CG
6	3639180	3639309	4	400	0.99	CHG
6	3639180	3639309	33	1657	1.95	CHH
6	3944739	3945664	565	806	41.21	CG
6	3944739	3945664	680	1037	39.60	CHG
6	3944739	3945664	1035	10424	9.03	CHH
6	4300749	4300941	555	18	96.86	CG
6	4300749	4300941	232	172	57.43	CHG
6	4300749	4300941	243	2165	10.09	CHH
6	4553472	4553595	488	2	99.59	CG
6	4553472	4553595	98	79	55.37	CHG
6	4553472	4553595	84	484	14.79	CHH
6	4806070	4806315	71	1086	6.14	CG
6	4806070	4806315	39	536	6.78	CHG
6	4806070	4806315	72	1977	3.51	CHH
6	5243918	5246329	2423	2698	47.31	CG
6	5243918	5246329	281	8830	3.08	CHG
6	5243918	5246329	715	27470	2.54	CHH
6	5335954	5337126	999	1693	37.11	CG
6	5335954	5337126	584	1523	27.72	CHG
6	5335954	5337126	1710	8055	17.51	CHH
6	6556692	6557000	17	1729	0.97	CG
6	6556692	6557000	27	954	2.75	CHG
6	6556692	6557000	59	3014	1.92	CHH
6	7262284	7262394	11	303	3.50	CHG
6	7262284	7262394	10	1156	0.86	CHH
6	7296360	7297580	938	34	96.50	CG
6	7296360	7297580	676	147	82.14	CHG
6	7296360	7297580	221	2852	7.19	CHH
6	7450229	7452500	3452	624	84.69	CG
6	7450229	7452500	2485	1256	66.43	CHG
6	7450229	7452500	2270	18633	10.86	CHH
6	8010667	8010997	1288	18	98.62	CG
6	8010667	8010997	795	260	75.36	CHG
6	8010667	8010997	283	3108	8.35	CHH
6	8383109	8385458	1875	9969	15.83	CG
6	8383109	8385458	937	5097	15.53	CHG
6	8383109	8385458	1006	20881	4.60	CHH
6	8415805	8416695	2026	54	97.40	CG
6	8415805	8416695	1621	613	72.56	CHG
6	8415805	8416695	665	9023	6.86	CHH
6	8434419	8434622	591	9	98.50	CG
6	8434419	8434622	693	160	81.24	CHG
6	8434419	8434622	380	1315	22.42	CHH
6	9748876	9749062	534	190	73.76	CG
6	9748876	9749062	24	257	8.54	CHG
6	9748876	9749062	115	1670	6.44	CHH
6	9753551	9753693	92	2	97.87	CG
6	9753551	9753693	125	22	85.03	CHG
6	9753551	9753693	50	420	10.64	CHH
6	10075237	10075575	798	26	96.84	CG
6	10075237	10075575	1179	196	85.75	CHG
6	10075237	10075575	273	3027	8.27	CHH
6	10093461	10093858	867	26	97.09	CG
6	10093461	10093858	412	370	52.69	CHG
6	10093461	10093858	263	4641	5.36	CHH
6	10113029	10113177	281	10	96.56	CG
6	10113029	10113177	135	57	70.31	CHG
6	10113029	10113177	308	1003	23.49	CHH
6	10217891	10218933	2357	60	97.52	CG
6	10217891	10218933	2772	369	88.25	CHG
6	10217891	10218933	716	10779	6.23	CHH
6	11173234	11173456	76	107	41.53	CG
6	11173234	11173456	1217	1151	51.39	CHH
6	11608473	11613132	8975	1523	85.49	CG
6	11608473	11613132	6172	4209	59.45	CHG
6	11608473	11613132	4717	34758	11.95	CHH
6	11851633	11851862	222	2	99.11	CG
6	11851633	11851862	575	129	81.68	CHG
6	11851633	11851862	139	2467	5.33	CHH
6	14122214	14122520	634	11	98.29	CG
6	14122214	14122520	707	154	82.11	CHG
6	14122214	14122520	432	2167	16.62	CHH
6	14227883	14228030	311	14	95.69	CG
6	14227883	14228030	189	58	76.52	CHG
6	14227883	14228030	119	1353	8.08	CHH
6	14470606	14472078	3620	92	97.52	CG
6	14470606	14472078	3606	514	87.52	CHG
6	14470606	14472078	1483	11728	11.23	CHH
6	14807254	14809068	3637	957	79.17	CG
6	14807254	14809068	3393	1763	65.81	CHG
6	14807254	14809068	2992	18127	14.17	CHH
6	14821713	14821802	170	4	97.70	CG
6	14821713	14821802	364	28	92.86	CHG
6	14821713	14821802	73	968	7.01	CHH
6	14830897	14831902	1988	37	98.17	CG
6	14830897	14831902	2886	347	89.27	CHG
6	14830897	14831902	691	11772	5.54	CHH
6	14905971	14906794	2054	57	97.30	CG
6	14905971	14906794	2081	199	91.27	CHG
6	14905971	14906794	666	6472	9.33	CHH
6	15103747	15105627	3499	91	97.47	CG
6	15103747	15105627	2983	572	83.91	CHG
6	15103747	15105627	1314	22713	5.47	CHH
6	15441362	15441506	6900	289	95.98	CG
6	15441362	15441506	661	481	57.88	CHG
6	15441362	15441506	1014	8601	10.55	CHH
6	15563454	15563591	156	1	99.36	CG
6	15563454	15563591	246	43	85.12	CHG
6	15563454	15563591	68	1085	5.90	CHH
6	16686020	16686529	1491	28	98.16	CG
6	16686020	16686529	642	162	79.85	CHG
6	16686020	16686529	237	4681	4.82	CHH
6	17158669	17158861	364	82	81.61	CG
6	17158669	17158861	14	338	3.98	CHG
6	17158669	17158861	114	1736	6.16	CHH
6	17199198	17199462	245	26	90.41	CG
6	17199198	17199462	40	31	56.34	CHG
6	17199198	17199462	171	1891	8.29	CHH
6	17345586	17347256	6284	106	98.34	CG
6	17345586	17347256	3349	924	78.38	CHG
6	17345586	17347256	1771	16401	9.75	CHH
6	17660877	17661057	428	8	98.17	CG
6	17660877	17661057	568	95	85.67	CHG
6	17660877	17661057	109	1807	5.69	CHH
6	18643334	18643833	489	68	87.79	CG
6	18643334	18643833	178	199	47.21	CHG
6	18643334	18643833	54	367	12.83	CHH
6	18777954	18779043	1796	45	97.56	CG
6	18777954	18779043	1008	261	79.43	CHG
6	18777954	18779043	717	10501	6.39	CHH
6	18810122	18813496	7231	1020	87.64	CG
6	18810122	18813496	3585	3728	49.02	CHG
6	18810122	18813496	1765	31409	5.32	CHH
6	19312818	19314797	4388	2621	62.61	CG
6	19312818	19314797	1985	2573	43.55	CHG
6	19312818	19314797	2553	19864	11.39	CHH
6	20357482	20357681	584	9	98.48	CG
6	20357482	20357681	260	134	65.99	CHG
6	20357482	20357681	103	2277	4.33	CHH
6	20439044	20439654	15	937	1.58	CG
6	20439044	20439654	59	1982	2.89	CHG
6	20439044	20439654	119	5823	2.00	CHH
6	21127919	21128043	431	13	97.07	CG
6	21127919	21128043	6	29	17.14	CHG
6	21127919	21128043	123	1031	10.66	CHH
6	21587628	21587841	266	11	96.03	CG
6	21587628	21587841	209	20	91.27	CHG
6	21587628	21587841	407	1661	19.68	CHH
6	22156671	22156886	10	763	1.29	CG
6	22156671	22156886	9	512	1.73	CHG
6	22156671	22156886	65	2315	2.73	CHH
6	22194216	22196915	4227	1433	74.68	CG
6	22194216	22196915	2134	4861	30.51	CHG
6	22194216	22196915	1256	32538	3.72	CHH
6	22609287	22612484	5350	3485	60.55	CG
6	22609287	22612484	3005	3944	43.24	CHG
6	22609287	22612484	5810	23423	19.87	CHH
6	22611980	22612934	421	928	31.21	CG
6	22611980	22612934	476	594	44.49	CHG
6	22611980	22612934	1596	3284	32.70	CHH
6	23257492	23257741	1277	48	96.38	CG
6	23257492	23257741	543	105	83.80	CHG
6	23257492	23257741	223	1012	18.06	CHH
6	23764410	23764702	69	1	98.57	CG
6	23764410	23764702	27	9	75.00	CHG
6	23764410	23764702	224	3489	6.03	CHH
6	23867262	23869017	487	8301	5.54	CG
6	23867262	23869017	871	4490	16.25	CHG
6	23867262	23869017	1546	15692	8.97	CHH
6	24469529	24469704	126	3	97.67	CG
6	24469529	24469704	427	21	95.31	CHG
6	24469529	24469704	144	1633	8.10	CHH
6	26027042	26027922	1085	37	96.70	CG
6	26027042	26027922	328	721	31.27	CHG
6	26027042	26027922	392	7681	4.86	CHH
6	27428621	27432072	2348	6287	27.19	CG
6	27428621	27432072	841	9976	7.77	CHG
6	27428621	27432072	1534	32860	4.46	CHH
6	27581080	27581338	1001	27	97.37	CG
6	27581080	27581338	586	147	79.95	CHG
6	27581080	27581338	543	2357	18.72	CHH
6	27924772	27924989	225	10	95.74	CG
6	27924772	27924989	14	884	1.56	CHG
6	27924772	27924989	42	1944	2.11	CHH
6	28789509	28791244	698	1461	32.33	CG
6	28789509	28791244	203	4501	4.32	CHG
6	28789509	28791244	702	18296	3.70	CHH
6	28955148	28955268	6	297	1.98	CHG
6	28955148	28955268	30	1150	2.54	CHH
6	29172271	29175087	1676	839	66.64	CG
6	29172271	29175087	219	9401	2.28	CHG
6	29172271	29175087	877	35958	2.38	CHH
6	30516258	30516520	239	391	37.94	CG
6	30516258	30516520	73	246	22.88	CHG
6	30516258	30516520	571	2138	21.08	CHH
6	31188015	31188697	219	88	71.34	CG
6	31188015	31188697	39	1796	2.13	CHG
6	31188015	31188697	205	7344	2.72	CHH
6	31222643	31224540	3032	56	98.19	CG
6	31222643	31224540	227	5039	4.31	CHG
6	31222643	31224540	1001	20397	4.68	CHH
7	411438	411715	625	22	96.60	CG
7	411438	411715	488	449	52.08	CHG
7	411438	411715	298	2875	9.39	CHH
7	993029	993215	13	376	3.34	CG
7	993029	993215	41	640	6.02	CHG
7	993029	993215	73	2548	2.79	CHH
7	1846760	1848970	2633	587	81.77	CG
7	1846760	1848970	128	6353	1.98	CHG
7	1846760	1848970	667	25317	2.57	CHH
7	2224488	2225213	103	2649	3.74	CG
7	2224488	2225213	75	2056	3.52	CHG
7	2224488	2225213	168	6240	2.62	CHH
7	2447769	2451203	3154	10556	23.01	CG
7	2447769	2451203	1295	8936	12.66	CHG
7	2447769	2451203	3140	31730	9.00	CHH
7	2483423	2483554	508	84	85.81	CG
7	2483423	2483554	123	65	65.43	CHG
7	2483423	2483554	326	736	30.70	CHH
7	2618288	2618484	150	2	98.68	CG
7	2618288	2618484	3	66	4.35	CHG
7	2618288	2618484	66	1649	3.85	CHH
7	2946799	2949545	1628	6605	19.77	CG
7	2946799	2949545	235	8797	2.60	CHG
7	2946799	2949545	695	28623	2.37	CHH
7	3992526	3992733	231	22	91.30	CG
7	3992526	3992733	13	922	1.39	CHG
7	3992526	3992733	59	2615	2.21	CHH
7	4299561	4299774	264	267	49.72	CG
7	4299561	4299774	23	354	6.10	CHG
7	4299561	4299774	49	1824	2.62	CHH
7	4594741	4595750	418	2268	15.56	CG
7	4594741	4595750	79	3095	2.49	CHG
7	4594741	4595750	371	13877	2.60	CHH
7	4802020	4804153	220	3309	6.23	CG
7	4802020	4804153	250	2511	9.05	CHG
7	4802020	4804153	779	21070	3.57	CHH
7	5473306	5473520	108	5	95.58	CG
7	5473306	5473520	87	17	83.65	CHG
7	5473306	5473520	87	1682	4.92	CHH
7	6327476	6328339	2012	62	97.01	CG
7	6327476	6328339	1384	268	83.78	CHG
7	6327476	6328339	443	5855	7.03	CHH
7	6575263	6575711	4	249	1.58	CG
7	6575263	6575711	3	94	3.09	CHG
7	6575263	6575711	147	4812	2.96	CHH
7	6605103	6605624	2457	56	97.77	CG
7	6605103	6605624	664	935	41.53	CHG
7	6605103	6605624	327	4791	6.39	CHH
7	6829453	6829599	23	316	6.78	CHG
7	6829453	6829599	63	2000	3.05	CHH
7	6919655	6920441	2079	295	87.57	CG
7	6919655	6920441	1609	1151	58.30	CHG
7	6919655	6920441	545	7556	6.73	CHH
7	7348687	7348951	88	4	95.65	CG
7	7348687	7348951	3	460	0.65	CHG
7	7348687	7348951	64	3311	1.90	CHH
7	7538627	7540224	1914	803	70.45	CG
7	7538627	7540224	715	1443	33.13	CHG
7	7538627	7540224	1403	14990	8.56	CHH
7	7676619	7677136	752	24	96.91	CG
7	7676619	7677136	733	133	84.64	CHG
7	7676619	7677136	337	4856	6.49	CHH
7	7868604	7868899	1302	27	97.97	CG
7	7868604	7868899	758	247	75.42	CHG
7	7868604	7868899	149	2601	5.42	CHH
7	7896981	7897138	64	2	96.97	CG
7	7896981	7897138	499	50	90.89	CHG
7	7896981	7897138	104	1573	6.20	CHH
7	7950410	7951127	251	3430	6.82	CG
7	7950410	7951127	123	2127	5.47	CHG
7	7950410	7951127	558	5502	9.21	CHH
7	8994834	8994985	402	27	93.71	CG
7	8994834	8994985	16	567	2.74	CHG
7	8994834	8994985	20	1379	1.43	CHH
7	9688947	9691039	1781	5685	23.85	CG
7	9688947	9691039	1936	2915	39.91	CHG
7	9688947	9691039	872	15310	5.39	CHH
7	10365529	10365796	1158	20	98.30	CG
7	10365529	10365796	225	21	91.46	CHG
7	10365529	10365796	136	2326	5.52	CHH
7	10449611	10449795	316	15	95.47	CG
7	10449611	10449795	315	40	88.73	CHG
7	10449611	10449795	167	2207	7.03	CHH
7	10549868	10550083	294	8	97.35	CG
7	10549868	10550083	276	84	76.67	CHG
7	10549868	10550083	120	2273	5.01	CHH
7	10635123	10635434	506	332	60.38	CG
7	10635123	10635434	708	196	78.32	CHG
7	10635123	10635434	1603	1977	44.78	CHH
7	10877526	10878054	3201	67	97.95	CG
7	10877526	10878054	1013	408	71.29	CHG
7	10877526	10878054	436	3321	11.61	CHH
7	11466967	11467449	1351	28	97.97	CG
7	11466967	11467449	772	158	83.01	CHG
7	11466967	11467449	256	4093	5.89	CHH
7	11601703	11602144	425	11	97.48	CG
7	11601703	11602144	434	75	85.27	CHG
7	11601703	11602144	413	4955	7.69	CHH
7	11983577	11984979	1212	128	90.45	CG
7	11983577	11984979	1038	657	61.24	CHG
7	11983577	11984979	531	12545	4.06	CHH
7	12411232	12411465	223	1	99.55	CG
7	12411232	12411465	129	50	72.07	CHG
7	12411232	12411465	41	197	17.23	CHH
7	12792717	12792888	173	6	96.65	CG
7	12792717	12792888	239	32	88.19	CHG
7	12792717	12792888	166	1649	9.15	CHH
7	12807464	12807960	763	15	98.07	CG
7	12807464	12807960	979	505	65.97	CHG
7	12807464	12807960	410	7004	5.53	CHH
7	13460211	13460326	437	8	98.20	CG
7	13460211	13460326	68	87	43.87	CHG
7	13460211	13460326	59	388	13.20	CHH
7	15065372	15067232	3479	99	97.23	CG
7	15065372	15067232	3429	757	81.92	CHG
7	15065372	15067232	1079	20849	4.92	CHH
7	15194897	15195154	7	150	4.46	CG
7	15194897	15195154	13	228	5.39	CHG
7	15194897	15195154	70	3320	2.06	CHH
7	15838174	15840597	2392	2911	45.11	CG
7	15838174	15840597	787	2995	20.81	CHG
7	15838174	15840597	2603	19767	11.64	CHH
7	16417756	16417995	201	2	99.01	CG
7	16417756	16417995	81	44	64.80	CHG
7	16417756	16417995	213	2117	9.14	CHH
7	17006268	17006989	3332	73	97.86	CG
7	17006268	17006989	1192	290	80.43	CHG
7	17006268	17006989	778	5728	11.96	CHH
7	17339592	17339751	5	151	3.21	CG
7	17339592	17339751	9	503	1.76	CHG
7	17339592	17339751	63	1862	3.27	CHH
7	17913342	17913726	1141	15	98.70	CG
7	17913342	17913726	683	151	81.89	CHG
7	17913342	17913726	493	3713	11.72	CHH
7	18987148	18987233	20	155	11.43	CG
7	18987148	18987233	21	68	23.60	CHG
7	18987148	18987233	35	1030	3.29	CHH
7	19215021	19215291	1806	52	97.20	CG
7	19215021	19215291	1050	199	84.07	CHG
7	19215021	19215291	463	2286	16.84	CHH
7	19560035	19560566	1505	41	97.35	CG
7	19560035	19560566	980	208	82.49	CHG
7	19560035	19560566	918	2908	23.99	CHH
