1	2522874	2523845	3553	63	98.26	CG
1	2522874	2523845	1497	543	73.38	CHG
1	2522874	2523845	1651	8632	16.06	CHH
1	2555530	2559489	11896	259	97.87	CG
1	2555530	2559489	8307	1590	83.93	CHG
1	2555530	2559489	10107	25737	28.20	CHH
1	9039676	9042883	4211	74	98.27	CG
1	9039676	9042883	3897	371	91.31	CHG
1	9039676	9042883	13751	17672	43.76	CHH
1	9436233	9436871	1113	1304	46.05	CG
1	9436233	9436871	778	1634	32.26	CHG
1	9436233	9436871	997	3911	20.31	CHH
1	9436980	9439656	7204	202	97.27	CG
1	9436980	9439656	5070	775	86.74	CHG
1	9436980	9439656	8424	16759	33.45	CHH
1	10925172	10926364	2521	95	96.37	CG
1	10925172	10926364	2315	574	80.13	CHG
1	10925172	10926364	3535	8298	29.87	CHH
1	11189866	11190945	1090	163	86.99	CG
1	11189866	11190945	1432	722	66.48	CHG
1	11189866	11190945	3718	5824	38.96	CHH
1	11197263	11198365	2058	33	98.42	CG
1	11197263	11198365	2125	221	90.58	CHG
1	11197263	11198365	3681	5950	38.22	CHH
1	11198486	11199929	3811	118	97.00	CG
1	11198486	11199929	2890	597	82.88	CHG
1	11198486	11199929	2499	10863	18.70	CHH
1	11360960	11365572	5708	8228	40.96	CG
1	11360960	11365572	4152	6442	39.19	CHG
1	11360960	11365572	10596	30781	25.61	CHH
1	11470807	11475439	6353	257	96.11	CG
1	11470807	11475439	6983	1694	80.48	CHG
1	11470807	11475439	10378	33889	23.44	CHH
1	12142608	12144844	4436	1196	78.76	CG
1	12142608	12144844	3270	2590	55.80	CHG
1	12142608	12144844	3067	20238	13.16	CHH
1	14333116	14335930	5939	1154	83.73	CG
1	14333116	14335930	3225	1578	67.15	CHG
1	14333116	14335930	7106	16696	29.85	CHH
1	14336094	14337863	2808	88	96.96	CG
1	14336094	14337863	2602	576	81.88	CHG
1	14336094	14337863	6127	10145	37.65	CHH
1	14337928	14339960	3936	492	88.89	CG
1	14337928	14339960	1866	879	67.98	CHG
1	14337928	14339960	4841	12852	27.36	CHH
1	14959930	14960645	2079	242	89.57	CG
1	14959930	14960645	656	884	42.60	CHG
1	14959930	14960645	1095	5908	15.64	CHH
1	14961862	14963386	2006	1238	61.84	CG
1	14961862	14963386	1591	1634	49.33	CHG
1	14961862	14963386	2791	9948	21.91	CHH
1	20810206	20811074	737	593	55.41	CG
1	20810206	20811074	871	725	54.57	CHG
1	20810206	20811074	1857	4775	28.00	CHH
1	20811098	20811489	115	325	26.14	CG
1	20811098	20811489	180	398	31.14	CHG
1	20811098	20811489	893	3058	22.60	CHH
1	25253636	25254054	304	694	30.46	CG
1	25253636	25254054	248	468	34.64	CHG
1	25253636	25254054	935	3718	20.09	CHH
1	25311949	25313299	3180	694	82.09	CG
1	25311949	25313299	1238	803	60.66	CHG
1	25311949	25313299	2700	9911	21.41	CHH
1	28200381	28203326	3870	114	97.14	CG
1	28200381	28203326	2940	681	81.19	CHG
1	28200381	28203326	9748	18774	34.18	CHH
1	28203588	28206337	2998	78	97.46	CG
1	28203588	28206337	3782	875	81.21	CHG
1	28203588	28206337	5334	23380	18.58	CHH
1	28212221	28215906	6150	137	97.82	CG
1	28212221	28215906	3814	620	86.02	CHG
1	28212221	28215906	8199	31857	20.47	CHH
1	29053362	29056648	2887	3333	46.41	CG
1	29053362	29056648	2790	4403	38.79	CHG
1	29053362	29056648	4706	22282	17.44	CHH
1	30809134	30810708	1905	367	83.85	CG
1	30809134	30810708	838	488	63.20	CHG
1	30809134	30810708	4000	10184	28.20	CHH
1	30810807	30811279	601	125	82.78	CG
1	30810807	30811279	236	438	35.01	CHG
1	30810807	30811279	1012	3699	21.48	CHH
1	39322772	39323918	1598	197	89.03	CG
1	39322772	39323918	672	402	62.57	CHG
1	39322772	39323918	2356	9559	19.77	CHH
2	5902991	5906606	3986	189	95.47	CG
2	5902991	5906606	5465	2123	72.02	CHG
2	5902991	5906606	11720	21083	35.73	CHH
2	6795753	6796945	553	1191	31.71	CG
2	6795753	6796945	1562	1379	53.11	CHG
2	6795753	6796945	3166	6676	32.17	CHH
2	6797357	6798332	1218	254	82.74	CG
2	6797357	6798332	836	682	55.07	CHG
2	6797357	6798332	2242	6378	26.01	CHH
2	7605632	7607483	1432	43	97.08	CG
2	7605632	7607483	1127	393	74.14	CHG
2	7605632	7607483	3268	16626	16.43	CHH
2	7607588	7609075	1952	629	75.63	CG
2	7607588	7609075	795	959	45.32	CHG
2	7607588	7609075	3558	12318	22.41	CHH
2	8343843	8345084	2034	41	98.02	CG
2	8343843	8345084	1645	304	84.40	CHG
2	8343843	8345084	3999	9101	30.53	CHH
2	8345254	8345972	1155	22	98.13	CG
2	8345254	8345972	909	329	73.42	CHG
2	8345254	8345972	1421	6228	18.58	CHH
2	13582835	13586359	6436	154	97.66	CG
2	13582835	13586359	6271	1081	85.30	CHG
2	13582835	13586359	7408	28664	20.54	CHH
2	19468985	19471775	5315	3118	63.03	CG
2	19468985	19471775	2381	3265	42.17	CHG
2	19468985	19471775	5997	18863	24.12	CHH
2	34952932	34953515	1411	83	94.44	CG
2	34952932	34953515	739	256	74.27	CHG
2	34952932	34953515	822	5737	12.53	CHH
3	12710232	12710825	1391	83	94.37	CG
3	12710232	12710825	531	333	61.46	CHG
3	12710232	12710825	1439	5063	22.13	CHH
3	15612855	15613394	722	14	98.10	CG
3	15612855	15613394	1094	241	81.95	CHG
3	15612855	15613394	2133	2844	42.86	CHH
3	16165130	16166316	1899	164	92.05	CG
3	16165130	16166316	1246	1121	52.64	CHG
3	16165130	16166316	2237	10340	17.79	CHH
3	16790757	16792301	2785	1134	71.06	CG
3	16790757	16792301	1157	1411	45.05	CHG
3	16790757	16792301	1800	12019	13.03	CHH
3	20791633	20793625	2196	645	77.30	CG
3	20791633	20793625	2042	1518	57.36	CHG
3	20791633	20793625	3080	15297	16.76	CHH
3	22406159	22410666	4428	1015	81.35	CG
3	22406159	22410666	6202	1677	78.72	CHG
3	22406159	22410666	14052	31541	30.82	CHH
3	24566821	24572140	8135	157	98.11	CG
3	24566821	24572140	7937	1531	83.83	CHG
3	24566821	24572140	11560	37667	23.48	CHH
3	24572855	24573143	526	8	98.50	CG
3	24572855	24573143	439	158	73.53	CHG
3	24572855	24573143	586	2692	17.88	CHH
3	24601239	24602425	2314	70	97.06	CG
3	24601239	24602425	1987	648	75.41	CHG
3	24601239	24602425	2023	8909	18.51	CHH
3	24602550	24603653	1756	60	96.70	CG
3	24602550	24603653	1352	439	75.49	CHG
3	24602550	24603653	2502	11364	18.04	CHH
3	24603786	24605086	2443	55	97.80	CG
3	24603786	24605086	2175	478	81.98	CHG
3	24603786	24605086	3361	8588	28.13	CHH
3	24605202	24605537	455	18	96.19	CG
3	24605202	24605537	159	112	58.67	CHG
3	24605202	24605537	504	3223	13.52	CHH
3	26123604	26125619	4364	119	97.35	CG
3	26123604	26125619	2792	948	74.65	CHG
3	26123604	26125619	3105	17911	14.77	CHH
3	27619055	27619377	293	63	82.30	CG
3	27619055	27619377	231	140	62.26	CHG
3	27619055	27619377	945	2496	27.46	CHH
3	27619514	27621480	2552	2132	54.48	CG
3	27619514	27621480	1473	2335	38.68	CHG
3	27619514	27621480	4154	12598	24.80	CHH
3	28510857	28511647	2185	52	97.68	CG
3	28510857	28511647	1393	299	82.33	CHG
3	28510857	28511647	2336	7898	22.83	CHH
3	29750151	29753862	6119	120	98.08	CG
3	29750151	29753862	3948	309	92.74	CHG
3	29750151	29753862	15492	21743	41.61	CHH
4	19682492	19683811	1876	39	97.96	CG
4	19682492	19683811	898	416	68.34	CHG
4	19682492	19683811	4009	9362	29.98	CHH
4	20353569	20355893	3398	5703	37.34	CG
4	20353569	20355893	1673	3156	34.64	CHG
4	20353569	20355893	2236	17784	11.17	CHH
4	35050583	35053502	5110	1374	78.81	CG
4	35050583	35053502	2669	1540	63.41	CHG
4	35050583	35053502	9067	17879	33.65	CHH
5	1134973	1135617	754	527	58.86	CG
5	1134973	1135617	528	1666	24.07	CHG
5	1134973	1135617	637	5222	10.87	CHH
5	1135839	1136509	366	924	28.37	CG
5	1135839	1136509	257	1424	15.29	CHG
5	1135839	1136509	773	5144	13.06	CHH
5	1681242	1683572	4200	933	81.82	CG
5	1681242	1683572	3360	1694	66.48	CHG
5	1681242	1683572	6178	18348	25.19	CHH
5	4826765	4827938	1135	56	95.30	CG
5	4826765	4827938	1234	343	78.25	CHG
5	4826765	4827938	3243	10341	23.87	CHH
5	4828077	4828939	232	1509	13.33	CG
5	4828077	4828939	354	1429	19.85	CHG
5	4828077	4828939	1599	7223	18.13	CHH
5	4829016	4830108	4531	112	97.59	CG
5	4829016	4830108	1526	929	62.16	CHG
5	4829016	4830108	1753	9607	15.43	CHH
5	4830234	4831171	501	959	34.32	CG
5	4830234	4831171	446	795	35.94	CHG
5	4830234	4831171	1982	6890	22.34	CHH
5	10917777	10919484	2569	78	97.05	CG
5	10917777	10919484	2549	925	73.37	CHG
5	10917777	10919484	3731	12252	23.34	CHH
5	10920452	10921894	2260	896	71.61	CG
5	10920452	10921894	1413	1660	45.98	CHG
5	10920452	10921894	2883	10765	21.12	CHH
5	11242593	11245041	3323	98	97.14	CG
5	11242593	11245041	4227	534	88.78	CHG
5	11242593	11245041	6870	18581	26.99	CHH
5	16055530	16057857	3464	754	82.12	CG
5	16055530	16057857	1584	2515	38.64	CHG
5	16055530	16057857	4559	17950	20.25	CHH
5	25352498	25357219	5893	813	87.88	CG
5	25352498	25357219	5277	2853	64.91	CHG
5	25352498	25357219	15401	34510	30.86	CHH
5	26872353	26874199	1879	1209	60.85	CG
5	26872353	26874199	1381	972	58.69	CHG
5	26872353	26874199	5234	13202	28.39	CHH
6	6078050	6080866	4369	116	97.41	CG
6	6078050	6080866	4530	1344	77.12	CHG
6	6078050	6080866	5784	22280	20.61	CHH
6	7380338	7382317	1932	4025	32.43	CG
6	7380338	7382317	1522	3585	29.80	CHG
6	7380338	7382317	2603	13085	16.59	CHH
6	7535832	7537646	1950	874	69.05	CG
6	7535832	7537646	1931	1469	56.79	CHG
6	7535832	7537646	4798	14588	24.75	CHH
6	7537740	7538960	2679	97	96.51	CG
6	7537740	7538960	1523	569	72.80	CHG
6	7537740	7538960	2951	9220	24.25	CHH
6	11302246	11304945	3888	285	93.17	CG
6	11302246	11304945	3243	976	76.87	CHG
6	11302246	11304945	8071	16988	32.21	CHH
6	13427986	13432645	7305	163	97.82	CG
6	13427986	13432645	6931	1325	83.95	CHG
6	13427986	13432645	13055	28580	31.36	CHH
6	17321399	17322324	515	267	65.86	CG
6	17321399	17322324	487	778	38.50	CHG
6	17321399	17322324	1430	7881	15.36	CHH
6	18069876	18071348	1928	249	88.56	CG
6	18069876	18071348	1040	912	53.28	CHG
6	18069876	18071348	2412	10965	18.03	CHH
6	19711136	19712026	344	1669	17.09	CG
6	19711136	19712026	432	1047	29.21	CHG
6	19711136	19712026	2172	6809	24.18	CHH
6	27799534	27800454	422	585	41.91	CG
6	27799534	27800454	337	990	25.40	CHG
6	27799534	27800454	1261	8136	13.42	CHH
6	27801639	27803910	8395	657	92.74	CG
6	27801639	27803910	3215	2060	60.95	CHG
6	27801639	27803910	2853	13942	16.99	CHH
6	27804002	27806413	4715	113	97.66	CG
6	27804002	27806413	3469	1548	69.14	CHG
6	27804002	27806413	5450	16523	24.80	CHH
6	27807200	27809097	1733	1485	53.85	CG
6	27807200	27809097	2295	2571	47.16	CHG
6	27807200	27809097	4955	13000	27.60	CHH
6	28518022	28518632	614	215	74.07	CG
6	28518022	28518632	596	694	46.20	CHG
6	28518022	28518632	1710	5163	24.88	CHH
6	29376932	29380306	7696	185	97.65	CG
6	29376932	29380306	5690	972	85.41	CHG
6	29376932	29380306	13372	20699	39.25	CHH
7	998684	999693	893	537	62.45	CG
7	998684	999693	793	1386	36.39	CHG
7	998684	999693	1511	9726	13.45	CHH
7	4348717	4353078	9317	246	97.43	CG
7	4348717	4353078	6058	1676	78.33	CHG
7	4348717	4353078	12194	28572	29.91	CHH
7	4372878	4376312	3566	229	93.97	CG
7	4372878	4376312	2948	1352	68.56	CHG
7	4372878	4376312	11411	22859	33.30	CHH
7	8295268	8297360	2035	29	98.59	CG
7	8295268	8297360	1944	924	67.78	CHG
7	8295268	8297360	4288	13979	23.47	CHH
7	8297456	8298242	966	20	97.97	CG
7	8297456	8298242	784	694	53.04	CHG
7	8297456	8298242	1565	6412	19.62	CHH
7	15712666	15714876	4353	2260	65.82	CG
7	15712666	15714876	1656	2432	40.51	CHG
7	15712666	15714876	3265	14633	18.24	CHH
7	15714975	15716282	1481	658	69.24	CG
7	15714975	15716282	1813	1382	56.74	CHG
7	15714975	15716282	3616	8403	30.09	CHH
7	15716649	15718051	1882	1496	55.71	CG
7	15716649	15718051	1221	1330	47.86	CHG
7	15716649	15718051	2732	10590	20.51	CHH
7	15987635	15990381	2872	73	97.52	CG
7	15987635	15990381	2144	1660	56.36	CHG
7	15987635	15990381	6108	22975	21.00	CHH
7	20001702	20003835	5208	642	89.03	CG
7	20001702	20003835	2608	1656	61.16	CHG
7	20001702	20003835	2604	17388	13.03	CHH
7	20003935	20004681	1626	619	72.43	CG
7	20003935	20004681	598	1379	30.25	CHG
7	20003935	20004681	1102	5863	15.82	CHH
7	22460398	22460784	100	1624	5.80	CG
7	22460398	22460784	93	834	10.03	CHG
7	22460398	22460784	690	3515	16.41	CHH
8	5778017	5780215	2699	1163	69.89	CG
8	5778017	5780215	1529	1621	48.54	CHG
8	5778017	5780215	5145	12857	28.58	CHH
8	7765923	7767569	1569	36	97.76	CG
8	7765923	7767569	2173	1366	61.40	CHG
8	7765923	7767569	2366	11755	16.76	CHH
8	7767694	7769902	2426	75	97.00	CG
8	7767694	7769902	2389	730	76.60	CHG
8	7767694	7769902	4897	17308	22.05	CHH
8	7990731	7992320	3341	694	82.80	CG
8	7990731	7992320	1526	962	61.33	CHG
8	7990731	7992320	2691	12670	17.52	CHH
8	9447347	9448071	880	1402	38.56	CG
8	9447347	9448071	541	1211	30.88	CHG
8	9447347	9448071	1733	4838	26.37	CHH
8	10491753	10499575	23079	1251	94.86	CG
8	10491753	10499575	13304	5104	72.27	CHG
8	10491753	10499575	11963	71719	14.30	CHH
8	15455254	15462092	13391	352	97.44	CG
8	15455254	15462092	9058	1863	82.94	CHG
8	15455254	15462092	20469	43657	31.92	CHH
8	16976241	16978812	2083	58	97.29	CG
8	16976241	16978812	3694	887	80.64	CHG
8	16976241	16978812	3962	21977	15.27	CHH
8	20980680	20981047	69	945	6.80	CG
8	20980680	20981047	143	944	13.16	CHG
8	20980680	20981047	324	2358	12.08	CHH
8	21691415	21692643	1707	28	98.39	CG
8	21691415	21692643	1122	323	77.65	CHG
8	21691415	21692643	1969	7288	21.27	CHH
8	21692742	21695254	4070	385	91.36	CG
8	21692742	21695254	3630	1446	71.51	CHG
8	21692742	21695254	6968	19517	26.31	CHH
8	27145493	27147151	1354	668	66.96	CG
8	27145493	27147151	674	750	47.33	CHG
8	27145493	27147151	4523	13541	25.04	CHH
9	12621913	12622831	1396	1158	54.66	CG
9	12621913	12622831	666	703	48.65	CHG
9	12621913	12622831	2566	7365	25.84	CHH
9	12622904	12623419	578	1151	33.43	CG
9	12622904	12623419	499	615	44.79	CHG
9	12622904	12623419	1952	2819	40.91	CHH
9	15228205	15229508	1583	762	67.51	CG
9	15228205	15229508	1146	1372	45.51	CHG
9	15228205	15229508	3485	10130	25.60	CHH
9	16723080	16726848	6108	286	95.53	CG
9	16723080	16726848	4338	1149	79.06	CHG
9	16723080	16726848	9569	28904	24.87	CHH
10	403342	404217	1460	529	73.40	CG
10	403342	404217	1073	1220	46.79	CHG
10	403342	404217	2251	5489	29.08	CHH
10	707135	707747	1608	349	82.17	CG
10	707135	707747	676	1418	32.28	CHG
10	707135	707747	1643	4063	28.79	CHH
10	708160	710157	5618	113	98.03	CG
10	708160	710157	3216	898	78.17	CHG
10	708160	710157	3994	12941	23.58	CHH
10	5928508	5929269	1230	28	97.77	CG
10	5928508	5929269	1391	311	81.73	CHG
10	5928508	5929269	1530	6323	19.48	CHH
10	5929420	5932408	5298	640	89.22	CG
10	5929420	5932408	4257	2807	60.26	CHG
10	5929420	5932408	7890	17204	31.44	CHH
10	5932682	5933500	436	1576	21.67	CG
10	5932682	5933500	290	1356	17.62	CHG
10	5932682	5933500	1480	6794	17.89	CHH
10	5933589	5934240	626	1212	34.06	CG
10	5933589	5934240	324	1385	18.96	CHG
10	5933589	5934240	896	3321	21.25	CHH
10	15986962	15991252	7446	156	97.95	CG
10	15986962	15991252	5254	2296	69.59	CHG
10	15986962	15991252	8738	32240	21.32	CHH
10	16004291	16005179	533	2569	17.18	CG
10	16004291	16005179	687	1936	26.19	CHG
10	16004291	16005179	2378	5266	31.11	CHH
10	16006405	16007058	365	1449	20.12	CG
10	16006405	16007058	584	1060	35.52	CHG
10	16006405	16007058	1580	3281	32.50	CHH
10	20777395	20778645	1800	29	98.41	CG
10	20777395	20778645	1603	399	80.07	CHG
10	20777395	20778645	4906	6902	41.55	CHH
11	2541477	2543903	639	1340	32.29	CG
11	2541477	2543903	530	5358	9.00	CHG
11	2541477	2543903	2509	23196	9.76	CHH
11	3230260	3231735	3212	150	95.54	CG
11	3230260	3231735	1845	878	67.76	CHG
11	3230260	3231735	4580	8230	35.75	CHH
11	3231885	3232407	372	624	37.35	CG
11	3231885	3232407	405	523	43.64	CHG
11	3231885	3232407	1229	2535	32.65	CHH
11	7333461	7334651	1808	1483	54.94	CG
11	7333461	7334651	1451	1169	55.38	CHG
11	7333461	7334651	2199	6560	25.11	CHH
11	7731058	7734524	2678	221	92.38	CG
11	7731058	7734524	3710	1053	77.89	CHG
11	7731058	7734524	10563	22082	32.36	CHH
11	7734625	7735554	969	31	96.90	CG
11	7734625	7735554	443	520	46.00	CHG
11	7734625	7735554	1926	7657	20.10	CHH
11	7740136	7741715	3101	203	93.86	CG
11	7740136	7741715	2105	778	73.01	CHG
11	7740136	7741715	3705	8887	29.42	CHH
11	7741937	7742453	1124	498	69.30	CG
11	7741937	7742453	560	1077	34.21	CHG
11	7741937	7742453	1329	3668	26.60	CHH
11	16330924	16332019	734	720	50.48	CG
11	16330924	16332019	774	2112	26.82	CHG
11	16330924	16332019	2356	9263	20.28	CHH
11	16332352	16336726	6586	1145	85.19	CG
11	16332352	16336726	5792	2246	72.06	CHG
11	16332352	16336726	13890	27152	33.84	CHH
11	19254506	19255920	3079	1055	74.48	CG
11	19254506	19255920	1667	1474	53.07	CHG
11	19254506	19255920	2562	10243	20.01	CHH
11	20707200	20708263	851	251	77.22	CG
11	20707200	20708263	980	666	59.54	CHG
11	20707200	20708263	2273	5976	27.55	CHH
11	24387298	24390013	2758	396	87.44	CG
11	24387298	24390013	4499	2034	68.87	CHG
11	24387298	24390013	3302	26158	11.21	CHH
11	24390912	24392970	1948	25	98.73	CG
11	24390912	24392970	3807	1168	76.52	CHG
11	24390912	24392970	5145	16154	24.16	CHH
11	24393231	24394638	2921	69	97.69	CG
11	24393231	24394638	2036	577	77.92	CHG
11	24393231	24394638	3318	6091	35.26	CHH
11	27017498	27019274	1691	55	96.85	CG
11	27017498	27019274	2516	842	74.93	CHG
11	27017498	27019274	2075	13536	13.29	CHH
12	4729330	4730513	1278	100	92.74	CG
12	4729330	4730513	641	721	47.06	CHG
12	4729330	4730513	2566	10716	19.32	CHH
12	4730781	4736244	6076	181	97.11	CG
12	4730781	4736244	5888	1835	76.24	CHG
12	4730781	4736244	16704	39900	29.51	CHH
12	4736420	4737295	1246	73	94.47	CG
12	4736420	4737295	800	502	61.44	CHG
12	4736420	4737295	2203	3897	36.11	CHH
12	4899872	4901766	3568	97	97.35	CG
12	4899872	4901766	2480	1272	66.10	CHG
12	4899872	4901766	3969	14153	21.90	CHH
12	4912416	4913853	4067	84	97.98	CG
12	4912416	4913853	2217	1368	61.84	CHG
12	4912416	4913853	2925	10506	21.78	CHH
12	4913948	4915922	1535	38	97.58	CG
12	4913948	4915922	2673	854	75.79	CHG
12	4913948	4915922	4188	14822	22.03	CHH
12	17500154	17503828	2992	2365	55.85	CG
12	17500154	17503828	2190	3258	40.20	CHG
12	17500154	17503828	6245	28891	17.77	CHH
12	17984443	17985623	431	1303	24.86	CG
12	17984443	17985623	665	1593	29.45	CHG
12	17984443	17985623	2160	9537	18.47	CHH
12	17985763	17986319	706	195	78.36	CG
12	17985763	17986319	266	212	55.65	CHG
12	17985763	17986319	1318	5449	19.48	CHH
12	18392209	18392790	544	501	52.06	CG
12	18392209	18392790	367	922	28.47	CHG
12	18392209	18392790	566	5462	9.39	CHH
12	18393154	18394277	1056	435	70.82	CG
12	18393154	18394277	558	677	45.18	CHG
12	18393154	18394277	3224	7373	30.42	CHH
12	18395685	18396921	672	2496	21.21	CG
12	18395685	18396921	645	2731	19.11	CHG
12	18395685	18396921	2356	9759	19.45	CHH
12	24728410	24730458	3197	1590	66.79	CG
12	24728410	24730458	3063	2594	54.15	CHG
12	24728410	24730458	5348	9532	35.94	CHH
12	24730552	24734596	7788	956	89.07	CG
12	24730552	24734596	6173	2573	70.58	CHG
12	24730552	24734596	10080	22979	30.49	CHH
