1	104478	104599	39	1	97.50	CG
1	104478	104599	46	5	90.20	CHG
1	104478	104599	116	415	21.85	CHH
1	521199	522723	1773	2235	44.24	CG
1	521199	522723	158	3371	4.48	CHG
1	521199	522723	397	15922	2.43	CHH
1	718927	719135	3	281	1.06	CG
1	718927	719135	12	437	2.67	CHG
1	718927	719135	76	1895	3.86	CHH
1	1687637	1688991	18	2210	0.81	CG
1	1687637	1688991	89	2786	3.10	CHG
1	1687637	1688991	307	12372	2.42	CHH
1	1781116	1781366	46	1560	2.86	CG
1	1781116	1781366	20	556	3.47	CHG
1	1781116	1781366	29	1307	2.17	CHH
1	2137510	2140455	1074	7598	12.38	CG
1	2137510	2140455	988	6696	12.86	CHG
1	2137510	2140455	1654	25626	6.06	CHH
1	2172488	2172625	1	217	0.46	CG
1	2172488	2172625	48	1609	2.90	CHH
1	2198640	2199644	2833	73	97.49	CG
1	2198640	2199644	1407	580	70.81	CHG
1	2198640	2199644	389	2406	13.92	CHH
1	2541454	2541598	192	202	48.73	CG
1	2541454	2541598	44	147	23.04	CHG
1	2541454	2541598	140	1225	10.26	CHH
1	2579778	2580676	1860	206	90.03	CG
1	2579778	2580676	49	2534	1.90	CHG
1	2579778	2580676	198	8903	2.18	CHH
1	3016827	3017062	37	1470	2.46	CG
1	3016827	3017062	25	718	3.36	CHG
1	3016827	3017062	72	2056	3.38	CHH
1	4122738	4127182	2216	6473	25.50	CG
1	4122738	4127182	553	10893	4.83	CHG
1	4122738	4127182	3738	37817	9.00	CHH
1	4510347	4510477	70	3	95.89	CG
1	4510347	4510477	17	97	14.91	CHG
1	4510347	4510477	183	1126	13.98	CHH
1	4702022	4702256	235	483	32.73	CG
1	4702022	4702256	33	344	8.75	CHG
1	4702022	4702256	231	1232	15.79	CHH
1	5814441	5815039	0	473	0.00	CG
1	5814441	5815039	22	1044	2.06	CHG
1	5814441	5815039	123	5398	2.23	CHH
1	6934697	6934863	411	11	97.39	CG
1	6934697	6934863	180	33	84.51	CHG
1	6934697	6934863	184	708	20.63	CHH
1	7198017	7199243	1662	47	97.25	CG
1	7198017	7199243	80	2448	3.16	CHG
1	7198017	7199243	222	10132	2.14	CHH
1	7302410	7302594	3	763	0.39	CG
1	7302410	7302594	9	323	2.71	CHG
1	7302410	7302594	56	1667	3.25	CHH
1	7518469	7519081	12	1058	1.12	CG
1	7518469	7519081	38	1205	3.06	CHG
1	7518469	7519081	93	5238	1.74	CHH
1	7690448	7691550	98	3033	3.13	CG
1	7690448	7691550	157	2635	5.62	CHG
1	7690448	7691550	333	9787	3.29	CHH
1	8124136	8124703	2149	43	98.04	CG
1	8124136	8124703	1023	346	74.73	CHG
1	8124136	8124703	547	4744	10.34	CHH
1	8426975	8427236	163	62	72.44	CG
1	8426975	8427236	12	737	1.60	CHG
1	8426975	8427236	48	1995	2.35	CHH
1	8831214	8831605	939	13	98.63	CG
1	8831214	8831605	629	169	78.82	CHG
1	8831214	8831605	355	4421	7.43	CHH
1	8866192	8866541	1163	29	97.57	CG
1	8866192	8866541	554	147	79.03	CHG
1	8866192	8866541	332	2206	13.08	CHH
1	9124022	9124118	136	2	98.55	CG
1	9124022	9124118	345	70	83.13	CHG
1	9124022	9124118	183	536	25.45	CHH
1	9260960	9261224	115	6	95.04	CG
1	9260960	9261224	7	399	1.72	CHG
1	9260960	9261224	65	2273	2.78	CHH
1	9681083	9681232	163	94	63.42	CG
1	9681083	9681232	200	546	26.81	CHH
1	9734291	9734532	0	361	0.00	CG
1	9734291	9734532	6	102	5.56	CHG
1	9734291	9734532	73	1900	3.70	CHH
1	10263106	10263294	5	597	0.83	CG
1	10263106	10263294	9	338	2.59	CHG
1	10263106	10263294	28	921	2.95	CHH
1	10401973	10403052	196	2369	7.64	CG
1	10401973	10403052	150	1498	9.10	CHG
1	10401973	10403052	451	7753	5.50	CHH
1	10417094	10417664	974	14	98.58	CG
1	10417094	10417664	1332	149	89.94	CHG
1	10417094	10417664	312	4978	5.90	CHH
1	10590568	10590704	4	279	1.41	CG
1	10590568	10590704	16	269	5.61	CHG
1	10590568	10590704	112	718	13.49	CHH
1	10793800	10794970	1179	37	96.96	CG
1	10793800	10794970	275	267	50.74	CHG
1	10793800	10794970	335	2448	12.04	CHH
1	11027002	11027352	370	8	97.88	CG
1	11027002	11027352	16	714	2.19	CHG
1	11027002	11027352	115	3549	3.14	CHH
1	11745247	11745281	8	253	3.07	CG
1	11745247	11745281	3	131	2.24	CHG
1	11745247	11745281	9	223	3.88	CHH
1	11861007	11861467	1162	54	95.56	CG
1	11861007	11861467	530	360	59.55	CHG
1	11861007	11861467	460	3817	10.76	CHH
1	11988203	11988342	6	852	0.70	CG
1	11988203	11988342	26	543	4.57	CHG
1	11988203	11988342	28	877	3.09	CHH
1	12157565	12159139	399	9612	3.99	CG
1	12157565	12159139	227	5239	4.15	CHG
1	12157565	12159139	308	10360	2.89	CHH
1	12279664	12280353	92	2618	3.39	CG
1	12279664	12280353	57	1612	3.42	CHG
1	12279664	12280353	150	5628	2.60	CHH
1	12444629	12444759	307	5	98.40	CG
1	12444629	12444759	258	24	91.49	CHG
1	12444629	12444759	67	1316	4.84	CHH
1	12851686	12853647	432	782	35.58	CG
1	12851686	12853647	221	4874	4.34	CHG
1	12851686	12853647	912	19387	4.49	CHH
1	12977793	12977914	144	2	98.63	CG
1	12977793	12977914	42	910	4.41	CHH
1	14112270	14112409	23	520	4.24	CHH
1	14747584	14748346	16	1129	1.40	CG
1	14747584	14748346	54	2503	2.11	CHG
1	14747584	14748346	207	7926	2.55	CHH
1	15010958	15011724	5	0	100.00	CG
1	15010958	15011724	1	45	2.17	CHG
1	15010958	15011724	6	163	3.55	CHH
1	15208882	15210074	1277	127	90.95	CG
1	15208882	15210074	483	401	54.64	CHG
1	15208882	15210074	660	9321	6.61	CHH
1	15318812	15319293	1869	27	98.58	CG
1	15318812	15319293	1270	230	84.67	CHG
1	15318812	15319293	322	3599	8.21	CHH
1	15355785	15357554	1648	2229	42.51	CG
1	15355785	15357554	1002	3515	22.18	CHG
1	15355785	15357554	1457	16323	8.19	CHH
1	16453284	16453501	0	79	0.00	CG
1	16453284	16453501	16	178	8.25	CHG
1	16453284	16453501	206	1564	11.64	CHH
1	16722902	16723067	455	33	93.24	CG
1	16722902	16723067	37	171	17.79	CHG
1	16722902	16723067	51	2007	2.48	CHH
1	17385639	17385733	6	221	2.64	CHG
1	17385639	17385733	39	892	4.19	CHH
1	17522237	17522624	1293	33	97.51	CG
1	17522237	17522624	1021	200	83.62	CHG
1	17522237	17522624	222	2674	7.67	CHH
1	17762690	17767322	2097	5759	26.69	CG
1	17762690	17767322	1842	6022	23.42	CHG
1	17762690	17767322	7610	33633	18.45	CHH
1	17768299	17768525	6	449	1.32	CG
1	17768299	17768525	13	350	3.58	CHG
1	17768299	17768525	68	1924	3.41	CHH
1	17915233	17918918	3674	2494	59.57	CG
1	17915233	17918918	1960	2716	41.92	CHG
1	17915233	17918918	4965	21343	18.87	CHH
1	18479814	18481021	820	931	46.83	CG
1	18479814	18481021	138	1260	9.87	CHG
1	18479814	18481021	452	9884	4.37	CHH
1	18515221	18516018	711	15	97.93	CG
1	18515221	18516018	474	50	90.46	CHG
1	18515221	18516018	250	1688	12.90	CHH
1	18605306	18605413	64	3	95.52	CG
1	18605306	18605413	4	201	1.95	CHG
1	18605306	18605413	29	1067	2.65	CHH
1	18679398	18679609	222	1	99.55	CG
1	18679398	18679609	334	28	92.27	CHG
1	18679398	18679609	109	1783	5.76	CHH
1	18781271	18781897	33	887	3.59	CG
1	18781271	18781897	35	1361	2.51	CHG
1	18781271	18781897	177	4253	4.00	CHH
1	19418149	19418371	343	5	98.56	CG
1	19418149	19418371	219	85	72.04	CHG
1	19418149	19418371	115	1842	5.88	CHH
1	19588801	19588982	331	5	98.51	CG
1	19588801	19588982	126	38	76.83	CHG
1	19588801	19588982	70	954	6.84	CHH
1	19807993	19809436	3051	68	97.82	CG
1	19807993	19809436	929	351	72.58	CHG
1	19807993	19809436	626	7608	7.60	CHH
1	20220915	20221138	902	17	98.15	CG
1	20220915	20221138	261	122	68.15	CHG
1	20220915	20221138	85	1721	4.71	CHH
1	20351135	20352592	1415	495	74.08	CG
1	20351135	20352592	66	4370	1.49	CHG
1	20351135	20352592	330	13909	2.32	CHH
1	20353735	20353818	71	4	94.67	CG
1	20353735	20353818	5	289	1.70	CHG
1	20353735	20353818	15	674	2.18	CHH
1	20699332	20703291	4286	5534	43.65	CG
1	20699332	20703291	2000	7785	20.44	CHG
1	20699332	20703291	2767	32638	7.82	CHH
1	20759940	20760412	1198	21	98.28	CG
1	20759940	20760412	1248	142	89.78	CHG
1	20759940	20760412	570	3819	12.99	CHH
1	22217602	22218470	885	1374	39.18	CG
1	22217602	22218470	416	1731	19.38	CHG
1	22217602	22218470	1009	7114	12.42	CHH
1	22349537	22349928	69	1241	5.27	CG
1	22349537	22349928	17	984	1.70	CHG
1	22349537	22349928	100	2489	3.86	CHH
1	22963853	22963900	11	136	7.48	CHG
1	22963853	22963900	4	336	1.18	CHH
1	23088705	23088935	5	523	0.95	CG
1	23088705	23088935	12	365	3.18	CHG
1	23088705	23088935	51	1875	2.65	CHH
1	23190581	23192012	910	83	91.64	CG
1	23190581	23192012	176	2899	5.72	CHG
1	23190581	23192012	657	14596	4.31	CHH
1	23334619	23337433	2743	2548	51.84	CG
1	23334619	23337433	493	7469	6.19	CHG
1	23334619	23337433	1148	26573	4.14	CHH
1	23865834	23867004	2602	826	75.90	CG
1	23865834	23867004	1363	1749	43.80	CHG
1	23865834	23867004	2019	8482	19.23	CHH
1	24056015	24058047	323	4673	6.47	CG
1	24056015	24058047	346	3815	8.32	CHG
1	24056015	24058047	623	18076	3.33	CHH
1	24127473	24127717	294	90	76.56	CG
1	24127473	24127717	16	463	3.34	CHG
1	24127473	24127717	76	2384	3.09	CHH
1	24218590	24218768	71	353	16.75	CG
1	24218590	24218768	38	282	11.88	CHG
1	24218590	24218768	47	1990	2.31	CHH
1	24367289	24368699	991	2867	25.69	CG
1	24367289	24368699	393	3754	9.48	CHG
1	24367289	24368699	1203	11440	9.52	CHH
1	24540618	24541036	420	6	98.59	CG
1	24540618	24541036	21	845	2.42	CHG
1	24540618	24541036	104	3721	2.72	CHH
1	25075086	25078372	228	10648	2.10	CG
1	25075086	25078372	317	9011	3.40	CHG
1	25075086	25078372	837	25134	3.22	CHH
1	26189136	26189851	203	807	20.10	CG
1	26189136	26189851	86	2656	3.14	CHG
1	26189136	26189851	183	6246	2.85	CHH
1	27455091	27455579	3140	89	97.24	CG
1	27455091	27455579	2434	489	83.27	CHG
1	27455091	27455579	881	7225	10.87	CHH
1	27505658	27505866	3	130	2.26	CG
1	27505658	27505866	13	511	2.48	CHG
1	27505658	27505866	37	1774	2.04	CHH
1	27576543	27577893	3017	55	98.21	CG
1	27576543	27577893	1781	305	85.38	CHG
1	27576543	27577893	1872	13737	11.99	CHH
1	28118813	28118935	11	122	8.27	CG
1	28118813	28118935	5	367	1.34	CHG
1	28118813	28118935	25	1266	1.94	CHH
1	29188109	29189334	108	5001	2.11	CG
1	29188109	29189334	133	3032	4.20	CHG
1	29188109	29189334	966	10460	8.45	CHH
1	29223726	29224697	428	3946	9.79	CG
1	29223726	29224697	77	1938	3.82	CHG
1	29223726	29224697	1423	6864	17.17	CHH
1	29881105	29881917	1360	204	86.96	CG
1	29881105	29881917	1132	331	77.38	CHG
1	29881105	29881917	371	4873	7.07	CHH
1	29892038	29892362	2	79	2.47	CG
1	29892038	29892362	5	312	1.58	CHG
1	29892038	29892362	178	3140	5.36	CHH
1	30396534	30396644	2	373	0.53	CG
1	30396534	30396644	12	508	2.31	CHG
1	30396534	30396644	19	794	2.34	CHH
1	30947617	30952229	5752	1812	76.04	CG
1	30947617	30952229	2759	8516	24.47	CHG
1	30947617	30952229	2228	44464	4.77	CHH
1	30988314	30988439	62	3	95.38	CG
1	30988314	30988439	218	100	68.55	CHG
1	30988314	30988439	72	652	9.94	CHH
1	31131639	31132785	669	2707	19.82	CG
1	31131639	31132785	103	3433	2.91	CHG
1	31131639	31132785	227	9879	2.25	CHH
1	32136432	32136605	51	116	30.54	CG
1	32136432	32136605	12	534	2.20	CHG
1	32136432	32136605	79	1314	5.67	CHH
1	33466485	33466748	742	18	97.63	CG
1	33466485	33466748	355	87	80.32	CHG
1	33466485	33466748	319	1961	13.99	CHH
1	34289798	34291348	1791	1113	61.67	CG
1	34289798	34291348	1003	2364	29.79	CHG
1	34289798	34291348	1802	12200	12.87	CHH
1	34550341	34550600	6	415	1.43	CG
1	34550341	34550600	14	676	2.03	CHG
1	34550341	34550600	65	2880	2.21	CHH
1	34749495	34752244	3265	320	91.07	CG
1	34749495	34752244	3295	1148	74.16	CHG
1	34749495	34752244	2854	15106	15.89	CHH
1	34928206	34928387	164	6	96.47	CG
1	34928206	34928387	550	57	90.61	CHG
1	34928206	34928387	135	1164	10.39	CHH
1	34990120	34992796	5507	1784	75.53	CG
1	34990120	34992796	2821	2174	56.48	CHG
1	34990120	34992796	4316	19880	17.84	CHH
1	35760612	35760952	316	158	66.67	CG
1	35760612	35760952	25	571	4.19	CHG
1	35760612	35760952	121	3659	3.20	CHH
1	35959231	35959351	1	153	0.65	CG
1	35959231	35959351	8	224	3.45	CHG
1	35959231	35959351	37	1458	2.47	CHH
1	36112505	36112684	346	141	71.05	CG
1	36112505	36112684	107	138	43.67	CHG
1	36112505	36112684	137	1137	10.75	CHH
1	36163384	36164022	191	968	16.48	CG
1	36163384	36164022	178	1012	14.96	CHG
1	36163384	36164022	439	4895	8.23	CHH
1	36208524	36209666	1355	26	98.12	CG
1	36208524	36209666	1909	283	87.09	CHG
1	36208524	36209666	752	11065	6.36	CHH
1	36479686	36479935	40	1005	3.83	CG
1	36479686	36479935	5	395	1.25	CHG
1	36479686	36479935	77	2048	3.62	CHH
1	36890844	36891048	148	100	59.68	CG
1	36890844	36891048	201	101	66.56	CHG
1	36890844	36891048	438	1295	25.27	CHH
1	37118562	37118725	2	149	1.32	CG
1	37118562	37118725	7	406	1.69	CHG
1	37118562	37118725	32	2109	1.49	CHH
1	37253827	37256063	3349	136	96.10	CG
1	37253827	37256063	2842	508	84.84	CHG
1	37253827	37256063	1735	11688	12.93	CHH
1	37757198	37758019	764	2197	25.80	CG
1	37757198	37758019	445	1083	29.12	CHG
1	37757198	37758019	1463	5781	20.20	CHH
1	39603253	39603550	199	3	98.51	CG
1	39603253	39603550	12	855	1.38	CHG
1	39603253	39603550	61	2334	2.55	CHH
1	40609311	40609427	83	6	93.26	CG
1	40609311	40609427	20	508	3.79	CHG
1	40609311	40609427	48	1697	2.75	CHH
1	40785754	40786192	99	102	49.25	CG
1	40785754	40786192	37	1668	2.17	CHG
1	40785754	40786192	94	4651	1.98	CHH
1	41209454	41212661	2759	7096	28.00	CG
1	41209454	41212661	1397	5267	20.96	CHG
1	41209454	41212661	4108	23678	14.78	CHH
1	42990884	42991140	146	1	99.32	CG
1	42990884	42991140	115	16	87.79	CHG
1	42990884	42991140	32	461	6.49	CHH
2	38468	38578	66	1	98.51	CG
2	38468	38578	15	199	7.01	CHG
2	38468	38578	8	1005	0.79	CHH
2	578331	578545	69	0	100.00	CG
2	578331	578545	26	761	3.30	CHG
2	578331	578545	31	2144	1.43	CHH
2	1736612	1736996	547	33	94.31	CG
2	1736612	1736996	33	1180	2.72	CHG
2	1736612	1736996	109	3250	3.25	CHH
2	2004107	2004464	0	260	0.00	CG
2	2004107	2004464	30	1353	2.17	CHG
2	2004107	2004464	109	4110	2.58	CHH
2	2225031	2228646	6718	654	91.13	CG
2	2225031	2228646	4790	2866	62.57	CHG
2	2225031	2228646	6199	29771	17.23	CHH
2	2448881	2450073	314	189	62.43	CG
2	2448881	2450073	592	2521	19.02	CHG
2	2448881	2450073	1677	9701	14.74	CHH
2	2455636	2457226	4613	83	98.23	CG
2	2455636	2457226	3354	682	83.10	CHG
2	2455636	2457226	764	7333	9.44	CHH
2	2916264	2916496	163	5	97.02	CG
2	2916264	2916496	13	609	2.09	CHG
2	2916264	2916496	103	2659	3.73	CHH
2	3153141	3153726	1103	61	94.76	CG
2	3153141	3153726	1227	240	83.64	CHG
2	3153141	3153726	666	5389	11.00	CHH
2	3584767	3584907	281	14	95.25	CG
2	3584767	3584907	202	67	75.09	CHG
2	3584767	3584907	685	605	53.10	CHH
2	3668130	3671654	8563	2731	75.82	CG
2	3668130	3671654	4340	4440	49.43	CHG
2	3668130	3671654	3591	24519	12.77	CHH
2	4394475	4394720	0	141	0.00	CG
2	4394475	4394720	8	537	1.47	CHG
2	4394475	4394720	72	2387	2.93	CHH
2	4735326	4735671	30	925	3.14	CG
2	4735326	4735671	55	974	5.34	CHG
2	4735326	4735671	177	2888	5.77	CHH
2	4930376	4930562	367	13	96.58	CG
2	4930376	4930562	30	48	38.46	CHG
2	4930376	4930562	57	1221	4.46	CHH
2	6097195	6097472	3	324	0.92	CG
2	6097195	6097472	44	787	5.29	CHG
2	6097195	6097472	81	1810	4.28	CHH
2	6194639	6194966	9	312	2.80	CG
2	6194639	6194966	9	510	1.73	CHG
2	6194639	6194966	111	2989	3.58	CHH
2	6477169	6477370	241	91	72.59	CG
2	6477169	6477370	15	554	2.64	CHG
2	6477169	6477370	75	2487	2.93	CHH
2	6479819	6479943	1	576	0.17	CHG
2	6479819	6479943	26	1451	1.76	CHH
2	7634883	7634997	7	878	0.79	CG
2	7634883	7634997	23	413	5.28	CHG
2	7634883	7634997	29	967	2.91	CHH
2	9263789	9264764	809	10	98.78	CG
2	9263789	9264764	534	107	83.31	CHG
2	9263789	9264764	184	2004	8.41	CHH
2	10881944	10882136	26	262	9.03	CG
2	10881944	10882136	5	308	1.60	CHG
2	10881944	10882136	51	1765	2.81	CHH
2	11520851	11521291	236	211	52.80	CG
2	11520851	11521291	60	148	28.85	CHG
2	11520851	11521291	440	2295	16.09	CHH
2	11599189	11600489	822	1422	36.63	CG
2	11599189	11600489	386	1801	17.65	CHG
2	11599189	11600489	978	9416	9.41	CHH
2	11939679	11939936	90	2	97.83	CG
2	11939679	11939936	15	411	3.52	CHG
2	11939679	11939936	50	2559	1.92	CHH
2	12352060	12352584	1387	18	98.72	CG
2	12352060	12352584	1047	275	79.20	CHG
2	12352060	12352584	336	4077	7.61	CHH
2	12492889	12493008	15	787	1.87	CG
2	12492889	12493008	6	406	1.46	CHG
2	12492889	12493008	27	704	3.69	CHH
2	12583382	12585233	1837	429	81.07	CG
2	12583382	12585233	609	4215	12.62	CHG
2	12583382	12585233	695	17481	3.82	CHH
2	13724770	13725043	27	1	96.43	CG
2	13724770	13725043	3	3	50.00	CHG
2	13724770	13725043	2	84	2.33	CHH
2	14258242	14258497	400	4	99.01	CG
2	14258242	14258497	307	51	85.75	CHG
2	14258242	14258497	105	1553	6.33	CHH
2	14381584	14382260	1181	10	99.16	CG
2	14381584	14382260	789	316	71.40	CHG
2	14381584	14382260	497	6532	7.07	CHH
2	14883666	14884152	1039	7	99.33	CG
2	14883666	14884152	993	138	87.80	CHG
2	14883666	14884152	319	3461	8.44	CHH
2	15077160	15080035	7798	119	98.50	CG
2	15077160	15080035	5536	1051	84.04	CHG
2	15077160	15080035	2054	23672	7.98	CHH
2	15300768	15301020	286	9	96.95	CG
2	15300768	15301020	618	142	81.32	CHG
2	15300768	15301020	138	2454	5.32	CHH
2	16462100	16462683	988	276	78.16	CG
2	16462100	16462683	629	905	41.00	CHG
2	16462100	16462683	438	4741	8.46	CHH
2	16469340	16469527	694	10	98.58	CG
2	16469340	16469527	355	179	66.48	CHG
2	16469340	16469527	50	1278	3.77	CHH
2	16575455	16575576	107	279	27.72	CG
2	16575455	16575576	19	87	17.92	CHG
2	16575455	16575576	232	965	19.38	CHH
2	16909276	16909402	57	0	100.00	CG
2	16909276	16909402	1	21	4.55	CHG
2	16909276	16909402	162	482	25.16	CHH
2	17470250	17470459	294	8	97.35	CG
2	17470250	17470459	290	53	84.55	CHG
2	17470250	17470459	151	2372	5.98	CHH
2	17693456	17694041	916	551	62.44	CG
2	17693456	17694041	358	931	27.77	CHG
2	17693456	17694041	228	4153	5.20	CHH
2	17846367	17846587	64	985	6.10	CG
2	17846367	17846587	8	457	1.72	CHG
2	17846367	17846587	31	1370	2.21	CHH
2	18156897	18157229	1906	17	99.12	CG
2	18156897	18157229	929	158	85.46	CHG
2	18156897	18157229	247	2536	8.88	CHH
2	19262811	19262974	205	0	100.00	CG
2	19262811	19262974	40	92	30.30	CHG
2	19262811	19262974	56	1782	3.05	CHH
2	19369504	19369623	754	7	99.08	CG
2	19369504	19369623	409	62	86.84	CHG
2	19369504	19369623	92	743	11.02	CHH
2	19649757	19649896	3	767	0.39	CG
2	19649757	19649896	12	346	3.35	CHG
2	19649757	19649896	21	796	2.57	CHH
2	20077988	20078291	790	33	95.99	CG
2	20077988	20078291	315	145	68.48	CHG
2	20077988	20078291	426	2130	16.67	CHH
2	22210158	22210334	52	643	7.48	CG
2	22210158	22210334	16	286	5.30	CHG
2	22210158	22210334	73	1723	4.06	CHH
2	22275294	22275439	0	69	0.00	CG
2	22275294	22275439	4	355	1.11	CHG
2	22275294	22275439	24	1611	1.47	CHH
2	22587752	22588156	705	11	98.46	CG
2	22587752	22588156	437	230	65.52	CHG
2	22587752	22588156	474	3140	13.12	CHH
2	22836225	22836730	21	1124	1.83	CG
2	22836225	22836730	37	1266	2.84	CHG
2	22836225	22836730	114	4679	2.38	CHH
2	22982677	22982914	2	85	2.30	CG
2	22982677	22982914	19	761	2.44	CHG
2	22982677	22982914	78	3522	2.17	CHH
2	23033077	23033411	164	506	24.48	CG
2	23033077	23033411	201	1153	14.84	CHG
2	23033077	23033411	399	3050	11.57	CHH
2	23394395	23395510	2209	187	92.20	CG
2	23394395	23395510	738	2551	22.44	CHG
2	23394395	23395510	505	14128	3.45	CHH
2	23471507	23472492	568	18	96.93	CG
2	23471507	23472492	569	123	82.23	CHG
2	23471507	23472492	361	2921	11.00	CHH
2	24044095	24044460	1365	38	97.29	CG
2	24044095	24044460	663	135	83.08	CHG
2	24044095	24044460	366	2208	14.22	CHH
2	24717341	24717558	7	317	2.16	CG
2	24717341	24717558	16	676	2.31	CHG
2	24717341	24717558	84	2343	3.46	CHH
2	25574998	25576239	1768	71	96.14	CG
2	25574998	25576239	1965	543	78.35	CHG
2	25574998	25576239	1657	11130	12.96	CHH
2	25830725	25831459	7	1732	0.40	CG
2	25830725	25831459	24	1581	1.50	CHG
2	25830725	25831459	77	4960	1.53	CHH
2	25835047	25835296	35	812	4.13	CG
2	25835047	25835296	31	579	5.08	CHG
2	25835047	25835296	27	1643	1.62	CHH
2	26548831	26549237	834	10	98.82	CG
2	26548831	26549237	122	101	54.71	CHG
2	26548831	26549237	681	1890	26.49	CHH
2	26659388	26659535	81	0	100.00	CG
2	26659388	26659535	125	1065	10.50	CHH
2	26689413	26692203	976	10997	8.15	CG
2	26689413	26692203	600	7057	7.84	CHG
2	26689413	26692203	2258	17680	11.33	CHH
2	28199306	28199617	830	12	98.57	CG
2	28199306	28199617	1109	123	90.02	CHG
2	28199306	28199617	344	2734	11.18	CHH
2	29852698	29852922	58	377	13.33	CG
2	29852698	29852922	12	648	1.82	CHG
2	29852698	29852922	82	1909	4.12	CHH
2	30157272	30157610	535	139	79.38	CG
2	30157272	30157610	173	391	30.67	CHG
2	30157272	30157610	536	2087	20.43	CHH
2	30823979	30824112	3	164	1.80	CG
2	30823979	30824112	8	273	2.85	CHG
2	30823979	30824112	50	1296	3.71	CHH
2	30983625	30984901	40	3889	1.02	CG
2	30983625	30984901	136	5759	2.31	CHG
2	30983625	30984901	360	11887	2.94	CHH
2	31445301	31445449	0	64	0.00	CG
2	31445301	31445449	3	335	0.89	CHG
2	31445301	31445449	24	1523	1.55	CHH
2	31855152	31855271	222	8	96.52	CG
2	31855152	31855271	59	20	74.68	CHG
2	31855152	31855271	167	1605	9.42	CHH
2	32524707	32526194	1949	978	66.59	CG
2	32524707	32526194	474	2896	14.07	CHG
2	32524707	32526194	761	8745	8.01	CHH
2	33158169	33158313	259	6	97.74	CG
2	33158169	33158313	349	68	83.69	CHG
2	33158169	33158313	174	1678	9.40	CHH
2	33431516	33431954	205	7	96.70	CG
2	33431516	33431954	11	656	1.65	CHG
2	33431516	33431954	97	3793	2.49	CHH
2	33711999	33712328	71	0	100.00	CG
2	33711999	33712328	27	932	2.82	CHG
2	33711999	33712328	167	3582	4.45	CHH
2	33834944	33835662	148	517	22.26	CG
2	33834944	33835662	22	1310	1.65	CHG
2	33834944	33835662	174	7704	2.21	CHH
2	33936933	33937065	0	97	0.00	CG
2	33936933	33937065	9	508	1.74	CHG
2	33936933	33937065	35	1687	2.03	CHH
2	34687871	34690219	716	7878	8.33	CG
2	34687871	34690219	834	5862	12.46	CHG
2	34687871	34690219	1377	18683	6.86	CHH
2	34747509	34747747	24	2	92.31	CG
2	34747509	34747747	14	12	53.85	CHG
2	34747509	34747747	2	30	6.25	CHH
2	34772462	34772598	11	268	3.94	CHG
2	34772462	34772598	48	1229	3.76	CHH
2	35300370	35300604	66	1	98.51	CG
2	35300370	35300604	7	575	1.20	CHG
2	35300370	35300604	108	2470	4.19	CHH
2	35388799	35389069	3	384	0.78	CG
2	35388799	35389069	23	682	3.26	CHG
2	35388799	35389069	69	2089	3.20	CHH
3	480369	480630	767	21	97.34	CG
3	480369	480630	20	777	2.51	CHG
3	480369	480630	111	2881	3.71	CHH
3	615186	620505	4797	7156	40.13	CG
3	615186	620505	2399	9441	20.26	CHG
3	615186	620505	3692	40133	8.42	CHH
3	1097994	1098400	1266	20	98.44	CG
3	1097994	1098400	853	172	83.22	CHG
3	1097994	1098400	538	3590	13.03	CHH
3	2922253	2922366	0	74	0.00	CG
3	2922253	2922366	1	161	0.62	CHG
3	2922253	2922366	29	1525	1.87	CHH
3	2924923	2926581	1163	231	83.43	CG
3	2924923	2926581	202	3469	5.50	CHG
3	2924923	2926581	775	17468	4.25	CHH
3	3101473	3101729	556	771	41.90	CG
3	3101473	3101729	27	862	3.04	CHG
3	3101473	3101729	78	1870	4.00	CHH
3	3782983	3787490	1091	13988	7.24	CG
3	3782983	3787490	776	10951	6.62	CHG
3	3782983	3787490	1498	37349	3.86	CHH
3	4471611	4471796	13	912	1.41	CG
3	4471611	4471796	19	559	3.29	CHG
3	4471611	4471796	55	1481	3.58	CHH
3	4501942	4502163	333	597	35.81	CG
3	4501942	4502163	248	412	37.58	CHG
3	4501942	4502163	863	753	53.40	CHH
3	4735915	4736042	6	232	2.52	CG
3	4735915	4736042	12	227	5.02	CHG
3	4735915	4736042	29	1488	1.91	CHH
3	5786527	5786697	144	4	97.30	CG
3	5786527	5786697	10	405	2.41	CHG
3	5786527	5786697	84	1869	4.30	CHH
3	5790733	5792052	2240	97	95.85	CG
3	5790733	5792052	1663	361	82.16	CHG
3	5790733	5792052	1456	8240	15.02	CHH
3	5852144	5852325	350	1	99.72	CG
3	5852144	5852325	321	35	90.17	CHG
3	5852144	5852325	421	1325	24.11	CHH
3	5861909	5862252	384	76	83.48	CG
3	5861909	5862252	35	1095	3.10	CHG
3	5861909	5862252	105	3091	3.29	CHH
3	5863529	5863616	1	181	0.55	CG
3	5863529	5863616	8	300	2.60	CHG
3	5863529	5863616	16	820	1.91	CHH
3	6119207	6119385	64	1175	5.17	CG
3	6119207	6119385	51	948	5.11	CHG
3	6119207	6119385	67	1226	5.18	CHH
3	6727333	6727471	2	208	0.95	CG
3	6727333	6727471	10	147	6.37	CHG
3	6727333	6727471	46	1082	4.08	CHH
3	7815881	7816020	28	1402	1.96	CG
3	7815881	7816020	16	645	2.42	CHG
3	7815881	7816020	15	526	2.77	CHH
3	8124800	8125238	21	2089	1.00	CG
3	8124800	8125238	35	1217	2.80	CHG
3	8124800	8125238	92	4602	1.96	CHH
3	8292358	8296069	3323	1557	68.09	CG
3	8292358	8296069	2515	4904	33.90	CHG
3	8292358	8296069	2845	35154	7.49	CHH
3	8918282	8919468	1176	3634	24.45	CG
3	8918282	8919468	420	2534	14.22	CHG
3	8918282	8919468	1342	9441	12.45	CHH
3	8932042	8933228	739	1190	38.31	CG
3	8932042	8933228	431	747	36.59	CHG
3	8932042	8933228	673	9131	6.86	CHH
3	9007060	9007495	2220	25	98.89	CG
3	9007060	9007495	1083	245	81.55	CHG
3	9007060	9007495	448	2644	14.49	CHH
3	9615393	9615681	161	957	14.40	CG
3	9615393	9615681	39	447	8.02	CHG
3	9615393	9615681	141	2327	5.71	CHH
3	9647322	9647514	33	240	12.09	CG
3	9647322	9647514	4	533	0.74	CHG
3	9647322	9647514	54	1900	2.76	CHH
3	9661238	9663204	543	3184	14.57	CG
3	9661238	9663204	362	3269	9.97	CHG
3	9661238	9663204	1066	15541	6.42	CHH
3	9703524	9703645	4	162	2.41	CG
3	9703524	9703645	7	123	5.38	CHG
3	9703524	9703645	61	1022	5.63	CHH
3	9741411	9741728	445	72	86.07	CG
3	9741411	9741728	223	108	67.37	CHG
3	9741411	9741728	209	1943	9.71	CHH
3	9772110	9773385	2551	411	86.12	CG
3	9772110	9773385	1467	816	64.26	CHG
3	9772110	9773385	1649	10221	13.89	CHH
3	9970758	9972750	452	6511	6.49	CG
3	9970758	9972750	274	5273	4.94	CHG
3	9970758	9972750	464	13889	3.23	CHH
3	11318102	11319164	596	661	47.41	CG
3	11318102	11319164	294	1433	17.02	CHG
3	11318102	11319164	443	8008	5.24	CHH
3	11624874	11625180	162	5	97.01	CG
3	11624874	11625180	9	919	0.97	CHG
3	11624874	11625180	92	2889	3.09	CHH
3	11762654	11762757	3	132	2.22	CG
3	11762654	11762757	1	64	1.54	CHG
3	11762654	11762757	14	708	1.94	CHH
3	12013674	12014450	665	13	98.08	CG
3	12013674	12014450	1455	157	90.26	CHG
3	12013674	12014450	616	7078	8.01	CHH
3	13326106	13326294	5	358	1.38	CG
3	13326106	13326294	27	593	4.35	CHG
3	13326106	13326294	48	1512	3.08	CHH
3	14484188	14484405	59	0	100.00	CG
3	14484188	14484405	346	53	86.72	CHG
3	14484188	14484405	165	1359	10.83	CHH
3	14495901	14496241	97	2411	3.87	CG
3	14495901	14496241	43	1049	3.94	CHG
3	14495901	14496241	84	2508	3.24	CHH
3	14633392	14633990	824	23	97.28	CG
3	14633392	14633990	365	65	84.88	CHG
3	14633392	14633990	316	5673	5.28	CHH
3	14886695	14886945	21	224	8.57	CG
3	14886695	14886945	137	107	56.15	CHG
3	14886695	14886945	1056	911	53.69	CHH
3	15238637	15238822	181	3	98.37	CG
3	15238637	15238822	254	44	85.23	CHG
3	15238637	15238822	133	1272	9.47	CHH
3	15348429	15348696	269	1	99.63	CG
3	15348429	15348696	262	101	72.18	CHG
3	15348429	15348696	108	1789	5.69	CHH
3	15968990	15969281	30	1317	2.23	CG
3	15968990	15969281	34	1080	3.05	CHG
3	15968990	15969281	52	2237	2.27	CHH
3	16545195	16545366	130	4	97.01	CG
3	16545195	16545366	114	32	78.08	CHG
3	16545195	16545366	56	854	6.15	CHH
3	16691128	16691290	159	1	99.38	CG
3	16691128	16691290	41	118	25.79	CHG
3	16691128	16691290	227	832	21.44	CHH
3	18086982	18087169	5	253	1.94	CG
3	18086982	18087169	6	366	1.61	CHG
3	18086982	18087169	23	1512	1.50	CHH
3	18671229	18673244	1949	1302	59.95	CG
3	18671229	18673244	959	2485	27.85	CHG
3	18671229	18673244	1902	18813	9.18	CHH
3	19066610	19066885	911	20	97.85	CG
3	19066610	19066885	237	115	67.33	CHG
3	19066610	19066885	158	1134	12.23	CHH
3	19477758	19477853	137	1	99.28	CG
3	19477758	19477853	91	102	47.15	CHG
3	19477758	19477853	52	552	8.61	CHH
3	20211561	20212451	1909	29	98.50	CG
3	20211561	20212451	1446	224	86.59	CHG
3	20211561	20212451	891	7360	10.80	CHH
3	20300032	20301332	2037	37	98.22	CG
3	20300032	20301332	2674	421	86.40	CHG
3	20300032	20301332	857	11722	6.81	CHH
3	20506153	20506547	861	15	98.29	CG
3	20506153	20506547	643	260	71.21	CHG
3	20506153	20506547	189	3859	4.67	CHH
3	20529596	20530676	1959	3304	37.22	CG
3	20529596	20530676	363	2645	12.07	CHG
3	20529596	20530676	392	6463	5.72	CHH
3	20609274	20609784	671	10	98.53	CG
3	20609274	20609784	504	81	86.15	CHG
3	20609274	20609784	460	3971	10.38	CHH
3	21045714	21046037	475	9	98.14	CG
3	21045714	21046037	222	42	84.09	CHG
3	21045714	21046037	173	3148	5.21	CHH
3	21053301	21054404	424	245	63.38	CG
3	21053301	21054404	73	1594	4.38	CHG
3	21053301	21054404	427	10116	4.05	CHH
3	21477968	21478334	529	178	74.82	CG
3	21477968	21478334	190	398	32.31	CHG
3	21477968	21478334	491	2441	16.75	CHH
3	21805912	21806253	1350	23	98.32	CG
3	21805912	21806253	243	160	60.30	CHG
3	21805912	21806253	227	1639	12.17	CHH
3	22443304	22443897	24	2625	0.91	CG
3	22443304	22443897	76	1729	4.21	CHG
3	22443304	22443897	125	4270	2.84	CHH
3	22930322	22932315	686	3235	17.50	CG
3	22930322	22932315	132	4006	3.19	CHG
3	22930322	22932315	645	18748	3.33	CHH
3	22977964	22978503	371	252	59.55	CG
3	22977964	22978503	397	617	39.15	CHG
3	22977964	22978503	855	3053	21.88	CHH
3	23158824	23162446	2016	8596	19.00	CG
3	23158824	23162446	802	6097	11.62	CHG
3	23158824	23162446	1825	27513	6.22	CHH
3	23440227	23440314	4	97	3.96	CHG
3	23440227	23440314	9	554	1.60	CHH
3	23502337	23503127	659	115	85.14	CG
3	23502337	23503127	74	668	9.97	CHG
3	23502337	23503127	1387	7675	15.31	CHH
3	24402381	24402506	18	1321	1.34	CG
3	24402381	24402506	13	402	3.13	CHG
3	24402381	24402506	17	737	2.25	CHH
3	24697252	24697403	7	121	5.47	CG
3	24697252	24697403	3	245	1.21	CHG
3	24697252	24697403	30	1085	2.69	CHH
3	25124576	25125712	1489	638	70.00	CG
3	25124576	25125712	756	695	52.10	CHG
3	25124576	25125712	3581	7249	33.07	CHH
3	25238096	25238349	235	72	76.55	CG
3	25238096	25238349	4	704	0.56	CHG
3	25238096	25238349	49	2480	1.94	CHH
3	26463242	26463534	167	566	22.78	CG
3	26463242	26463534	36	676	5.06	CHG
3	26463242	26463534	107	1612	6.22	CHH
3	28036385	28036532	3	435	0.68	CG
3	28036385	28036532	14	417	3.25	CHG
3	28036385	28036532	38	1113	3.30	CHH
3	28421210	28421588	5	547	0.91	CG
3	28421210	28421588	41	956	4.11	CHG
3	28421210	28421588	100	3038	3.19	CHH
3	28828352	28828674	151	172	46.75	CG
3	28828352	28828674	4	92	4.17	CHG
3	28828352	28828674	613	2411	20.27	CHH
3	28883667	28884002	94	57	62.25	CG
3	28883667	28884002	70	349	16.71	CHG
3	28883667	28884002	115	3002	3.69	CHH
3	28999678	28999814	64	77	45.39	CG
3	28999678	28999814	75	68	52.45	CHG
3	28999678	28999814	229	739	23.66	CHH
3	29036320	29036527	1608	18	98.89	CG
3	29036320	29036527	156	211	42.51	CHG
3	29036320	29036527	305	1046	22.58	CHH
3	29048284	29048488	1255	26	97.97	CG
3	29048284	29048488	899	207	81.28	CHG
3	29048284	29048488	230	931	19.81	CHH
3	29804060	29804313	1	408	0.24	CG
3	29804060	29804313	14	830	1.66	CHG
3	29804060	29804313	50	2742	1.79	CHH
3	31242980	31243426	1791	23	98.73	CG
3	31242980	31243426	936	196	82.69	CHG
3	31242980	31243426	312	1894	14.14	CHH
3	31550060	31550292	550	141	79.59	CG
3	31550060	31550292	197	155	55.97	CHG
3	31550060	31550292	308	1802	14.60	CHH
3	32992420	32993458	686	856	44.49	CG
3	32992420	32993458	255	980	20.65	CHG
3	32992420	32993458	549	8202	6.27	CHH
3	33907932	33908490	67	190	26.07	CG
3	33907932	33908490	38	1432	2.59	CHG
3	33907932	33908490	155	5335	2.82	CHH
3	34241449	34241654	2	303	0.66	CG
3	34241449	34241654	33	762	4.15	CHG
3	34241449	34241654	44	1696	2.53	CHH
3	34254363	34255907	712	2524	22.00	CG
3	34254363	34255907	252	3912	6.05	CHG
3	34254363	34255907	1391	11821	10.53	CHH
3	34833000	34833309	890	10	98.89	CG
3	34833000	34833309	526	112	82.45	CHG
3	34833000	34833309	384	1302	22.78	CHH
3	35110086	35110256	82	1	98.80	CG
3	35110086	35110256	6	251	2.33	CHG
3	35110086	35110256	59	1869	3.06	CHH
3	35180241	35180554	274	13	95.47	CG
3	35180241	35180554	43	949	4.33	CHG
3	35180241	35180554	88	3578	2.40	CHH
3	35917041	35917731	1326	439	75.13	CG
3	35917041	35917731	450	710	38.79	CHG
3	35917041	35917731	970	5377	15.28	CHH
3	36048993	36049255	11	390	2.74	CG
3	36048993	36049255	40	622	6.04	CHG
3	36048993	36049255	93	2056	4.33	CHH
3	36390761	36392058	168	5024	3.24	CG
3	36390761	36392058	137	3720	3.55	CHG
3	36390761	36392058	415	11231	3.56	CHH
4	2128481	2128855	379	49	88.55	CG
4	2128481	2128855	98	299	24.69	CHG
4	2128481	2128855	563	3088	15.42	CHH
4	2540394	2540485	182	33	84.65	CG
4	2540394	2540485	142	86	62.28	CHG
4	2540394	2540485	20	624	3.11	CHH
4	3036997	3037085	271	6	97.83	CG
4	3036997	3037085	100	57	63.69	CHG
4	3036997	3037085	40	203	16.46	CHH
4	4049820	4050064	540	2	99.63	CG
4	4049820	4050064	328	110	74.89	CHG
4	4049820	4050064	119	2006	5.60	CHH
4	4695559	4695777	607	10	98.38	CG
4	4695559	4695777	233	181	56.28	CHG
4	4695559	4695777	115	1184	8.85	CHH
4	5205473	5206792	3355	50	98.53	CG
4	5205473	5206792	2047	564	78.40	CHG
4	5205473	5206792	962	10630	8.30	CHH
4	5370300	5370990	1079	60	94.73	CG
4	5370300	5370990	700	156	81.78	CHG
4	5370300	5370990	153	1856	7.62	CHH
4	7250146	7253105	1782	10323	14.72	CG
4	7250146	7253105	1559	5719	21.42	CHG
4	7250146	7253105	1146	22044	4.94	CHH
4	7946934	7947116	381	2	99.48	CG
4	7946934	7947116	227	92	71.16	CHG
4	7946934	7947116	95	1479	6.04	CHH
4	7976120	7976768	6	384	1.54	CG
4	7976120	7976768	24	941	2.49	CHG
4	7976120	7976768	62	3817	1.60	CHH
4	7998972	7999131	0	83	0.00	CG
4	7998972	7999131	21	168	11.11	CHG
4	7998972	7999131	51	1137	4.29	CHH
4	9504426	9506750	3886	142	96.47	CG
4	9504426	9506750	2891	1619	64.10	CHG
4	9504426	9506750	928	22674	3.93	CHH
4	10597218	10597775	1561	30	98.11	CG
4	10597218	10597775	2158	335	86.56	CHG
4	10597218	10597775	285	5571	4.87	CHH
4	11254426	11254603	2	218	0.91	CG
4	11254426	11254603	8	417	1.88	CHG
4	11254426	11254603	40	1826	2.14	CHH
4	11479976	11481063	133	909	12.76	CG
4	11479976	11481063	54	1804	2.91	CHG
4	11479976	11481063	257	10818	2.32	CHH
4	12511724	12511877	156	4	97.50	CG
4	12511724	12511877	425	153	73.53	CHG
4	12511724	12511877	130	1648	7.31	CHH
4	12570254	12573173	4572	115	97.55	CG
4	12570254	12573173	6098	1193	83.64	CHG
4	12570254	12573173	1616	25912	5.87	CHH
4	14336636	14336825	408	3	99.27	CG
4	14336636	14336825	413	135	75.36	CHG
4	14336636	14336825	39	1579	2.41	CHH
4	15422154	15422563	384	2	99.48	CG
4	15422154	15422563	401	132	75.23	CHG
4	15422154	15422563	826	2993	21.63	CHH
4	15927777	15928107	8	864	0.92	CG
4	15927777	15928107	21	781	2.62	CHG
4	15927777	15928107	73	2785	2.55	CHH
4	16377949	16378038	276	8	97.18	CG
4	16377949	16378038	233	60	79.52	CHG
4	16377949	16378038	63	751	7.74	CHH
4	16429861	16430118	318	7	97.85	CG
4	16429861	16430118	586	77	88.39	CHG
4	16429861	16430118	187	2256	7.65	CHH
4	16739824	16740091	700	16	97.77	CG
4	16739824	16740091	187	106	63.82	CHG
4	16739824	16740091	82	1844	4.26	CHH
4	16870850	16871033	223	2	99.11	CG
4	16870850	16871033	1	67	1.47	CHG
4	16870850	16871033	62	1956	3.07	CHH
4	16929303	16929386	27	84	24.32	CG
4	16929303	16929386	0	26	0.00	CHG
4	16929303	16929386	6	527	1.13	CHH
4	18861290	18861421	106	3	97.25	CG
4	18861290	18861421	77	10	88.51	CHG
4	18861290	18861421	532	412	56.36	CHH
4	18879559	18879953	2065	54	97.45	CG
4	18879559	18879953	1241	410	75.17	CHG
4	18879559	18879953	447	2612	14.61	CHH
4	19594453	19594613	0	170	0.00	CG
4	19594453	19594613	2	423	0.47	CHG
4	19594453	19594613	99	857	10.36	CHH
4	21836525	21836740	1	490	0.20	CG
4	21836525	21836740	23	836	2.68	CHG
4	21836525	21836740	48	2268	2.07	CHH
4	22149701	22149888	33	1174	2.73	CG
4	22149701	22149888	22	486	4.33	CHG
4	22149701	22149888	30	1650	1.79	CHH
4	24463582	24463728	0	250	0.00	CG
4	24463582	24463728	7	183	3.68	CHG
4	24463582	24463728	43	1198	3.46	CHH
4	24879051	24879296	3	67	4.29	CG
4	24879051	24879296	11	1151	0.95	CHG
4	24879051	24879296	53	2156	2.40	CHH
4	25700367	25700823	2668	89	96.77	CG
4	25700367	25700823	1053	525	66.73	CHG
4	25700367	25700823	678	4061	14.31	CHH
4	26025305	26025523	112	2	98.25	CG
4	26025305	26025523	12	428	2.73	CHG
4	26025305	26025523	36	1573	2.24	CHH
4	26125746	26125921	186	7	96.37	CG
4	26125746	26125921	154	35	81.48	CHG
4	26125746	26125921	190	1583	10.72	CHH
4	28854448	28854672	31	724	4.11	CG
4	28854448	28854672	26	369	6.58	CHG
4	28854448	28854672	75	1757	4.09	CHH
4	31600862	31601333	1075	25	97.73	CG
4	31600862	31601333	863	396	68.55	CHG
4	31600862	31601333	314	3757	7.71	CHH
4	32665225	32665685	16	2644	0.60	CG
4	32665225	32665685	52	1945	2.60	CHG
4	32665225	32665685	119	4428	2.62	CHH
4	32845260	32845468	206	8	96.26	CG
4	32845260	32845468	11	677	1.60	CHG
4	32845260	32845468	42	2181	1.89	CHH
4	32907649	32907913	744	28	96.37	CG
4	32907649	32907913	917	112	89.12	CHG
4	32907649	32907913	271	2907	8.53	CHH
4	32976630	32976775	2	207	0.96	CG
4	32976630	32976775	12	230	4.96	CHG
4	32976630	32976775	21	1317	1.57	CHH
4	33538001	33538284	226	6	97.41	CG
4	33538001	33538284	258	43	85.71	CHG
4	33538001	33538284	70	779	8.24	CHH
5	22552	22704	187	2	98.94	CG
5	22552	22704	105	18	85.37	CHG
5	22552	22704	33	597	5.24	CHH
5	167915	169390	1195	297	80.09	CG
5	167915	169390	305	564	35.10	CHG
5	167915	169390	822	11343	6.76	CHH
5	802197	802307	0	142	0.00	CG
5	802197	802307	3	235	1.26	CHG
5	802197	802307	23	1391	1.63	CHH
5	1555477	1555743	240	6	97.56	CG
5	1555477	1555743	8	771	1.03	CHG
5	1555477	1555743	54	3130	1.70	CHH
5	1623822	1624065	755	8	98.95	CG
5	1623822	1624065	342	104	76.68	CHG
5	1623822	1624065	126	469	21.18	CHH
5	1649481	1650024	2014	49	97.62	CG
5	1649481	1650024	928	560	62.37	CHG
5	1649481	1650024	461	5082	8.32	CHH
5	2535968	2537410	285	5352	5.06	CG
5	2535968	2537410	112	4316	2.53	CHG
5	2535968	2537410	365	13616	2.61	CHH
5	3201536	3202094	118	309	27.63	CG
5	3201536	3202094	173	588	22.73	CHG
5	3201536	3202094	1160	3672	24.01	CHH
5	3642042	3642277	654	16	97.61	CG
5	3642042	3642277	110	127	46.41	CHG
5	3642042	3642277	105	1163	8.28	CHH
5	4042346	4043559	1313	24	98.20	CG
5	4042346	4043559	900	228	79.79	CHG
5	4042346	4043559	289	3651	7.34	CHH
5	5042999	5043643	130	1	99.24	CG
5	5042999	5043643	62	18	77.50	CHG
5	5042999	5043643	39	768	4.83	CHH
5	6697788	6698020	300	7	97.72	CG
5	6697788	6698020	19	520	3.53	CHG
5	6697788	6698020	73	2445	2.90	CHH
5	8888812	8888977	174	3	98.31	CG
5	8888812	8888977	518	34	93.84	CHG
5	8888812	8888977	117	1409	7.67	CHH
5	9364313	9364413	561	4	99.29	CG
5	9364313	9364413	340	112	75.22	CHG
5	9364313	9364413	99	670	12.87	CHH
5	12549332	12549415	6	0	100.00	CG
5	12549332	12549415	1	1	50.00	CHG
5	12549332	12549415	3	10	23.08	CHH
5	12809268	12809477	782	27	96.66	CG
5	12809268	12809477	273	130	67.74	CHG
5	12809268	12809477	96	798	10.74	CHH
5	13857407	13857542	951	16	98.35	CG
5	13857407	13857542	248	108	69.66	CHG
5	13857407	13857542	153	1020	13.04	CHH
5	14246535	14246708	1	141	0.70	CG
5	14246535	14246708	1	66	1.49	CHG
5	14246535	14246708	58	2431	2.33	CHH
5	15249273	15249609	875	10	98.87	CG
5	15249273	15249609	546	142	79.36	CHG
5	15249273	15249609	242	2886	7.74	CHH
5	15263881	15264136	1258	19	98.51	CG
5	15263881	15264136	668	217	75.48	CHG
5	15263881	15264136	192	1443	11.74	CHH
5	15295856	15296058	549	15	97.34	CG
5	15295856	15296058	224	67	76.98	CHG
5	15295856	15296058	66	799	7.63	CHH
5	15380224	15380482	92	4	95.83	CG
5	15380224	15380482	134	6	95.71	CHG
5	15380224	15380482	33	243	11.96	CHH
5	16141049	16142222	2601	41	98.45	CG
5	16141049	16142222	1780	265	87.04	CHG
5	16141049	16142222	1018	10694	8.69	CHH
5	16604726	16607053	3526	259	93.16	CG
5	16604726	16607053	2121	1133	65.18	CHG
5	16604726	16607053	2013	19243	9.47	CHH
5	16695358	16697204	2052	1718	54.43	CG
5	16695358	16697204	2016	1457	58.05	CHG
5	16695358	16697204	1573	14038	10.08	CHH
5	17145149	17145240	0	89	0.00	CG
5	17145149	17145240	33	939	3.40	CHH
5	17275880	17277194	967	1005	49.04	CG
5	17275880	17277194	175	2274	7.15	CHG
5	17275880	17277194	713	10251	6.50	CHH
5	18555974	18556911	1776	275	86.59	CG
5	18555974	18556911	793	615	56.32	CHG
5	18555974	18556911	570	9471	5.68	CHH
5	18614365	18615227	2910	35	98.81	CG
5	18614365	18615227	1422	458	75.64	CHG
5	18614365	18615227	1462	6801	17.69	CHH
5	19082868	19087589	2701	4920	35.44	CG
5	19082868	19087589	553	11602	4.55	CHG
5	19082868	19087589	2091	43102	4.63	CHH
5	19475239	19475452	1	444	0.22	CG
5	19475239	19475452	12	627	1.88	CHG
5	19475239	19475452	59	2096	2.74	CHH
5	19550564	19550779	34	129	20.86	CHG
5	19550564	19550779	157	2356	6.25	CHH
5	19686229	19688559	1710	3631	32.02	CG
5	19686229	19688559	1127	2650	29.84	CHG
5	19686229	19688559	1719	17431	8.98	CHH
5	20197683	20197907	23	1372	1.65	CG
5	20197683	20197907	33	783	4.04	CHG
5	20197683	20197907	27	1406	1.88	CHH
5	20639725	20640817	1280	104	92.49	CG
5	20639725	20640817	310	2891	9.68	CHG
5	20639725	20640817	367	10759	3.30	CHH
5	21196473	21196736	227	6	97.42	CG
5	21196473	21196736	380	17	95.72	CHG
5	21196473	21196736	376	2609	12.60	CHH
5	21222554	21222810	130	82	61.32	CHG
5	21222554	21222810	92	1887	4.65	CHH
5	21231311	21231463	7	703	0.99	CG
5	21231311	21231463	18	589	2.97	CHG
5	21231311	21231463	33	1110	2.89	CHH
5	21771662	21772418	1101	379	74.39	CG
5	21771662	21772418	871	648	57.34	CHG
5	21771662	21772418	436	5455	7.40	CHH
5	22632027	22632224	7	839	0.83	CG
5	22632027	22632224	17	768	2.17	CHG
5	22632027	22632224	35	1354	2.52	CHH
5	23446330	23446424	10	0	100.00	CG
5	23446330	23446424	19	57	25.00	CHH
5	23498602	23498699	115	0	100.00	CG
5	23498602	23498699	58	2	96.67	CHG
5	23498602	23498699	761	241	75.95	CHH
5	23589096	23589233	7	283	2.41	CHG
5	23589096	23589233	53	1583	3.24	CHH
5	23597717	23597952	0	155	0.00	CG
5	23597717	23597952	12	400	2.91	CHG
5	23597717	23597952	48	2452	1.92	CHH
5	23799970	23800819	87	2790	3.02	CG
5	23799970	23800819	123	2400	4.88	CHG
5	23799970	23800819	185	6563	2.74	CHH
5	24767463	24767619	19	920	2.02	CG
5	24767463	24767619	5	287	1.71	CHG
5	24767463	24767619	36	1253	2.79	CHH
5	24958493	24960927	1603	1803	47.06	CG
5	24958493	24960927	314	4794	6.15	CHG
5	24958493	24960927	809	22463	3.48	CHH
5	25117789	25118255	135	2777	4.64	CG
5	25117789	25118255	73	1265	5.46	CHG
5	25117789	25118255	103	3106	3.21	CHH
5	25683760	25686062	1302	8564	13.20	CG
5	25683760	25686062	924	6579	12.32	CHG
5	25683760	25686062	2083	13459	13.40	CHH
5	25916431	25917101	991	15	98.51	CG
5	25916431	25917101	643	274	70.12	CHG
5	25916431	25917101	1459	5022	22.51	CHH
5	26920490	26922938	40	4021	0.98	CG
5	26920490	26922938	189	7702	2.40	CHG
5	26920490	26922938	619	23240	2.59	CHH
5	27294148	27294484	31	960	3.13	CG
5	27294148	27294484	31	735	4.05	CHG
5	27294148	27294484	99	2613	3.65	CHH
5	27692643	27692794	5	639	0.78	CG
5	27692643	27692794	5	624	0.79	CHG
5	27692643	27692794	62	1497	3.98	CHH
5	28353397	28355104	1896	228	89.27	CG
5	28353397	28355104	202	3367	5.66	CHG
5	28353397	28355104	509	14895	3.30	CHH
5	28438764	28438936	292	4	98.65	CG
5	28438764	28438936	370	32	92.04	CHG
5	28438764	28438936	123	1157	9.61	CHH
5	29278792	29278999	148	9	94.27	CG
5	29278792	29278999	123	10	92.48	CHG
5	29278792	29278999	52	668	7.22	CHH
5	29368004	29368261	254	4	98.45	CG
5	29368004	29368261	505	25	95.28	CHG
5	29368004	29368261	300	3126	8.76	CHH
5	29393677	29395023	648	13	98.03	CG
5	29393677	29395023	558	79	87.60	CHG
5	29393677	29395023	190	1630	10.44	CHH
5	29485227	29485510	491	343	58.87	CG
5	29485227	29485510	152	673	18.42	CHG
5	29485227	29485510	169	2983	5.36	CHH
6	247291	247913	38	1618	2.29	CG
6	247291	247913	52	1296	3.86	CHG
6	247291	247913	98	4552	2.11	CHH
6	368015	368245	3	487	0.61	CG
6	368015	368245	6	605	0.98	CHG
6	368015	368245	47	2201	2.09	CHH
6	521167	522087	228	1326	14.67	CG
6	521167	522087	98	1111	8.11	CHG
6	521167	522087	779	6479	10.73	CHH
6	813527	813697	123	1	99.19	CG
6	813527	813697	4	320	1.23	CHG
6	813527	813697	41	1842	2.18	CHH
6	958185	960061	2600	1388	65.20	CG
6	958185	960061	1045	1222	46.10	CHG
6	958185	960061	1212	10853	10.05	CHH
6	1267865	1268035	1054	18	98.32	CG
6	1267865	1268035	527	177	74.86	CHG
6	1267865	1268035	112	1379	7.51	CHH
6	2300838	2300945	0	245	0.00	CG
6	2300838	2300945	23	407	5.35	CHG
6	2300838	2300945	36	1233	2.84	CHH
6	3639180	3639309	3	251	1.18	CG
6	3639180	3639309	2	269	0.74	CHG
6	3639180	3639309	29	1022	2.76	CHH
6	3944739	3945664	419	530	44.15	CG
6	3944739	3945664	565	691	44.98	CHG
6	3944739	3945664	1094	6863	13.75	CHH
6	4300749	4300941	536	9	98.35	CG
6	4300749	4300941	200	166	54.64	CHG
6	4300749	4300941	213	2011	9.58	CHH
6	4553472	4553595	412	7	98.33	CG
6	4553472	4553595	89	60	59.73	CHG
6	4553472	4553595	58	414	12.29	CHH
6	4806070	4806315	87	1035	7.75	CG
6	4806070	4806315	41	489	7.74	CHG
6	4806070	4806315	97	1903	4.85	CHH
6	5243918	5246329	2016	2407	45.58	CG
6	5243918	5246329	292	7446	3.77	CHG
6	5243918	5246329	689	23055	2.90	CHH
6	5335954	5337126	804	1234	39.45	CG
6	5335954	5337126	518	1042	33.21	CHG
6	5335954	5337126	1649	5661	22.56	CHH
6	6556692	6557000	25	1417	1.73	CG
6	6556692	6557000	22	787	2.72	CHG
6	6556692	6557000	50	2614	1.88	CHH
6	7262284	7262394	8	253	3.07	CHG
6	7262284	7262394	12	981	1.21	CHH
6	7296360	7297580	808	12	98.54	CG
6	7296360	7297580	621	138	81.82	CHG
6	7296360	7297580	217	2541	7.87	CHH
6	7450229	7452500	3592	513	87.50	CG
6	7450229	7452500	2626	1133	69.86	CHG
6	7450229	7452500	2750	16877	14.01	CHH
6	8010667	8010997	1093	19	98.29	CG
6	8010667	8010997	661	240	73.36	CHG
6	8010667	8010997	276	2552	9.76	CHH
6	8383109	8385458	1478	8671	14.56	CG
6	8383109	8385458	838	4103	16.96	CHG
6	8383109	8385458	915	16840	5.15	CHH
6	8415805	8416695	1788	34	98.13	CG
6	8415805	8416695	1426	436	76.58	CHG
6	8415805	8416695	664	8126	7.55	CHH
6	8434419	8434622	534	14	97.45	CG
6	8434419	8434622	591	136	81.29	CHG
6	8434419	8434622	316	1144	21.64	CHH
6	9748876	9749062	444	172	72.08	CG
6	9748876	9749062	11	207	5.05	CHG
6	9748876	9749062	70	1310	5.07	CHH
6	9753551	9753693	66	0	100.00	CG
6	9753551	9753693	82	12	87.23	CHG
6	9753551	9753693	40	287	12.23	CHH
6	10075237	10075575	721	15	97.96	CG
6	10075237	10075575	1163	156	88.17	CHG
6	10075237	10075575	311	2874	9.76	CHH
6	10093461	10093858	669	20	97.10	CG
6	10093461	10093858	314	296	51.48	CHG
6	10093461	10093858	164	3463	4.52	CHH
6	10113029	10113177	189	4	97.93	CG
6	10113029	10113177	104	34	75.36	CHG
6	10113029	10113177	320	790	28.83	CHH
6	10217891	10218933	1954	33	98.34	CG
6	10217891	10218933	2255	281	88.92	CHG
6	10217891	10218933	605	8834	6.41	CHH
6	11173234	11173456	78	80	49.37	CG
6	11173234	11173456	855	864	49.74	CHH
6	11608473	11613132	8070	1258	86.51	CG
6	11608473	11613132	5660	3390	62.54	CHG
6	11608473	11613132	4650	29409	13.65	CHH
6	11851633	11851862	212	3	98.60	CG
6	11851633	11851862	526	134	79.70	CHG
6	11851633	11851862	122	2192	5.27	CHH
6	14122214	14122520	627	5	99.21	CG
6	14122214	14122520	641	111	85.24	CHG
6	14122214	14122520	488	1898	20.45	CHH
6	14227883	14228030	245	7	97.22	CG
6	14227883	14228030	124	65	65.61	CHG
6	14227883	14228030	86	1021	7.77	CHH
6	14470606	14472078	2983	48	98.42	CG
6	14470606	14472078	3026	405	88.20	CHG
6	14470606	14472078	1181	10399	10.20	CHH
6	14807254	14809068	3130	855	78.54	CG
6	14807254	14809068	2929	1393	67.77	CHG
6	14807254	14809068	2845	14896	16.04	CHH
6	14821713	14821802	128	2	98.46	CG
6	14821713	14821802	271	15	94.76	CHG
6	14821713	14821802	67	636	9.53	CHH
6	14830897	14831902	1530	28	98.20	CG
6	14830897	14831902	2171	263	89.19	CHG
6	14830897	14831902	550	8936	5.80	CHH
6	14905971	14906794	1838	13	99.30	CG
6	14905971	14906794	1739	126	93.24	CHG
6	14905971	14906794	627	5308	10.56	CHH
6	15103747	15105627	2698	40	98.54	CG
6	15103747	15105627	2258	435	83.85	CHG
6	15103747	15105627	1282	18013	6.64	CHH
6	15441362	15441506	6366	239	96.38	CG
6	15441362	15441506	652	391	62.51	CHG
6	15441362	15441506	930	7968	10.45	CHH
6	15563454	15563591	146	7	95.42	CG
6	15563454	15563591	246	33	88.17	CHG
6	15563454	15563591	92	1177	7.25	CHH
6	16686020	16686529	1346	12	99.12	CG
6	16686020	16686529	542	184	74.66	CHG
6	16686020	16686529	177	4135	4.10	CHH
6	17158669	17158861	286	64	81.71	CG
6	17158669	17158861	6	252	2.33	CHG
6	17158669	17158861	144	1258	10.27	CHH
6	17199198	17199462	172	11	93.99	CG
6	17199198	17199462	27	18	60.00	CHG
6	17199198	17199462	123	1341	8.40	CHH
6	17345586	17347256	5210	82	98.45	CG
6	17345586	17347256	2818	684	80.47	CHG
6	17345586	17347256	1548	13396	10.36	CHH
6	17660877	17661057	325	11	96.73	CG
6	17660877	17661057	425	89	82.68	CHG
6	17660877	17661057	59	1437	3.94	CHH
6	18643334	18643833	349	12	96.68	CG
6	18643334	18643833	142	125	53.18	CHG
6	18643334	18643833	24	258	8.51	CHH
6	18777954	18779043	1970	43	97.86	CG
6	18777954	18779043	1111	304	78.52	CHG
6	18777954	18779043	682	11697	5.51	CHH
6	18810122	18813496	6811	917	88.13	CG
6	18810122	18813496	3460	3319	51.04	CHG
6	18810122	18813496	1860	28968	6.03	CHH
6	19312818	19314797	3930	2357	62.51	CG
6	19312818	19314797	1784	2323	43.44	CHG
6	19312818	19314797	2649	17823	12.94	CHH
6	20357482	20357681	506	12	97.68	CG
6	20357482	20357681	215	122	63.80	CHG
6	20357482	20357681	109	1857	5.54	CHH
6	20439044	20439654	8	929	0.85	CG
6	20439044	20439654	64	2024	3.07	CHG
6	20439044	20439654	131	5754	2.23	CHH
6	21127919	21128043	396	15	96.35	CG
6	21127919	21128043	7	26	21.21	CHG
6	21127919	21128043	110	967	10.21	CHH
6	21587628	21587841	275	15	94.83	CG
6	21587628	21587841	189	20	90.43	CHG
6	21587628	21587841	338	1608	17.37	CHH
6	22156671	22156886	8	646	1.22	CG
6	22156671	22156886	15	454	3.20	CHG
6	22156671	22156886	55	2048	2.62	CHH
6	22194216	22196915	3097	1115	73.53	CG
6	22194216	22196915	1583	3814	29.33	CHG
6	22194216	22196915	1045	25869	3.88	CHH
6	22609287	22612484	4702	2952	61.43	CG
6	22609287	22612484	2699	3367	44.49	CHG
6	22609287	22612484	5744	19747	22.53	CHH
6	22611980	22612934	374	639	36.92	CG
6	22611980	22612934	391	421	48.15	CHG
6	22611980	22612934	1394	2125	39.61	CHH
6	23257492	23257741	1169	6	99.49	CG
6	23257492	23257741	503	80	86.28	CHG
6	23257492	23257741	204	934	17.93	CHH
6	23764410	23764702	71	4	94.67	CG
6	23764410	23764702	29	12	70.73	CHG
6	23764410	23764702	183	3573	4.87	CHH
6	23867262	23869017	394	6538	5.68	CG
6	23867262	23869017	751	3545	17.48	CHG
6	23867262	23869017	1389	13093	9.59	CHH
6	24469529	24469704	112	1	99.12	CG
6	24469529	24469704	401	22	94.80	CHG
6	24469529	24469704	164	1485	9.95	CHH
6	26027042	26027922	952	44	95.58	CG
6	26027042	26027922	345	580	37.30	CHG
6	26027042	26027922	358	7072	4.82	CHH
6	27428621	27432072	2137	4708	31.22	CG
6	27428621	27432072	687	8115	7.81	CHG
6	27428621	27432072	1566	27271	5.43	CHH
6	27581080	27581338	742	24	96.87	CG
6	27581080	27581338	404	90	81.78	CHG
6	27581080	27581338	407	1660	19.69	CHH
6	27924772	27924989	210	5	97.67	CG
6	27924772	27924989	17	690	2.40	CHG
6	27924772	27924989	28	1591	1.73	CHH
6	28789509	28791244	629	1155	35.26	CG
6	28789509	28791244	257	3798	6.34	CHG
6	28789509	28791244	671	15071	4.26	CHH
6	28955148	28955268	4	311	1.27	CHG
6	28955148	28955268	28	1147	2.38	CHH
6	29172271	29175087	1319	717	64.78	CG
6	29172271	29175087	213	7344	2.82	CHG
6	29172271	29175087	867	28053	3.00	CHH
6	30516258	30516520	181	440	29.15	CG
6	30516258	30516520	51	227	18.35	CHG
6	30516258	30516520	430	1698	20.21	CHH
6	31188015	31188697	201	67	75.00	CG
6	31188015	31188697	26	1620	1.58	CHG
6	31188015	31188697	117	6573	1.75	CHH
6	31222643	31224540	2413	56	97.73	CG
6	31222643	31224540	200	4108	4.64	CHG
6	31222643	31224540	993	16703	5.61	CHH
7	411438	411715	523	12	97.76	CG
7	411438	411715	382	380	50.13	CHG
7	411438	411715	248	2458	9.16	CHH
7	993029	993215	8	338	2.31	CG
7	993029	993215	42	561	6.97	CHG
7	993029	993215	73	2352	3.01	CHH
7	1846760	1848970	2417	551	81.44	CG
7	1846760	1848970	152	5992	2.47	CHG
7	1846760	1848970	747	23777	3.05	CHH
7	2224488	2225213	129	2737	4.50	CG
7	2224488	2225213	77	1916	3.86	CHG
7	2224488	2225213	217	6311	3.32	CHH
7	2447769	2451203	2823	8791	24.31	CG
7	2447769	2451203	1060	7557	12.30	CHG
7	2447769	2451203	2964	25988	10.24	CHH
7	2483423	2483554	354	81	81.38	CG
7	2483423	2483554	87	48	64.44	CHG
7	2483423	2483554	293	456	39.12	CHH
7	2618288	2618484	144	2	98.63	CG
7	2618288	2618484	2	65	2.99	CHG
7	2618288	2618484	58	1723	3.26	CHH
7	2946799	2949545	1424	5992	19.20	CG
7	2946799	2949545	214	7521	2.77	CHG
7	2946799	2949545	742	25265	2.85	CHH
7	3992526	3992733	187	17	91.67	CG
7	3992526	3992733	4	731	0.54	CHG
7	3992526	3992733	47	2124	2.16	CHH
7	4299561	4299774	171	172	49.85	CG
7	4299561	4299774	15	195	7.14	CHG
7	4299561	4299774	29	1184	2.39	CHH
7	4594741	4595750	396	1889	17.33	CG
7	4594741	4595750	105	2812	3.60	CHG
7	4594741	4595750	409	12381	3.20	CHH
7	4802020	4804153	197	3080	6.01	CG
7	4802020	4804153	259	2256	10.30	CHG
7	4802020	4804153	983	18962	4.93	CHH
7	5473306	5473520	96	3	96.97	CG
7	5473306	5473520	75	8	90.36	CHG
7	5473306	5473520	76	1273	5.63	CHH
7	6327476	6328339	1803	42	97.72	CG
7	6327476	6328339	1252	196	86.46	CHG
7	6327476	6328339	426	4696	8.32	CHH
7	6575263	6575711	5	226	2.16	CG
7	6575263	6575711	6	67	8.22	CHG
7	6575263	6575711	153	4895	3.03	CHH
7	6605103	6605624	2359	41	98.29	CG
7	6605103	6605624	694	862	44.60	CHG
7	6605103	6605624	327	4439	6.86	CHH
7	6829453	6829599	31	239	11.48	CHG
7	6829453	6829599	61	1483	3.95	CHH
7	6919655	6920441	1832	284	86.58	CG
7	6919655	6920441	1337	1062	55.73	CHG
7	6919655	6920441	431	6821	5.94	CHH
7	7348687	7348951	67	1	98.53	CG
7	7348687	7348951	6	375	1.57	CHG
7	7348687	7348951	71	2733	2.53	CHH
7	7538627	7540224	1686	598	73.82	CG
7	7538627	7540224	651	1113	36.90	CHG
7	7538627	7540224	1278	12202	9.48	CHH
7	7676619	7677136	590	13	97.84	CG
7	7676619	7677136	592	91	86.68	CHG
7	7676619	7677136	292	3663	7.38	CHH
7	7868604	7868899	1069	24	97.80	CG
7	7868604	7868899	648	176	78.64	CHG
7	7868604	7868899	151	2174	6.49	CHH
7	7896981	7897138	62	0	100.00	CG
7	7896981	7897138	486	33	93.64	CHG
7	7896981	7897138	104	1481	6.56	CHH
7	7950410	7951127	217	3509	5.82	CG
7	7950410	7951127	115	2048	5.32	CHG
7	7950410	7951127	510	5160	8.99	CHH
7	8994834	8994985	320	5	98.46	CG
7	8994834	8994985	17	449	3.65	CHG
7	8994834	8994985	21	1121	1.84	CHH
7	9688947	9691039	1413	4517	23.83	CG
7	9688947	9691039	1510	2388	38.74	CHG
7	9688947	9691039	850	12509	6.36	CHH
7	10365529	10365796	846	27	96.91	CG
7	10365529	10365796	163	25	86.70	CHG
7	10365529	10365796	81	1741	4.45	CHH
7	10449611	10449795	258	13	95.20	CG
7	10449611	10449795	250	35	87.72	CHG
7	10449611	10449795	106	1801	5.56	CHH
7	10549868	10550083	202	4	98.06	CG
7	10549868	10550083	173	68	71.78	CHG
7	10549868	10550083	75	1551	4.61	CHH
7	10635123	10635434	408	238	63.16	CG
7	10635123	10635434	541	151	78.18	CHG
7	10635123	10635434	1262	1429	46.90	CHH
7	10877526	10878054	2582	24	99.08	CG
7	10877526	10878054	817	318	71.98	CHG
7	10877526	10878054	330	2439	11.92	CHH
7	11466967	11467449	1044	14	98.68	CG
7	11466967	11467449	582	129	81.86	CHG
7	11466967	11467449	208	3249	6.02	CHH
7	11601703	11602144	371	8	97.89	CG
7	11601703	11602144	360	59	85.92	CHG
7	11601703	11602144	355	4017	8.12	CHH
7	11983577	11984979	1140	109	91.27	CG
7	11983577	11984979	939	624	60.08	CHG
7	11983577	11984979	653	11325	5.45	CHH
7	12411232	12411465	355	1	99.72	CG
7	12411232	12411465	213	71	75.00	CHG
7	12411232	12411465	50	325	13.33	CHH
7	12792717	12792888	133	5	96.38	CG
7	12792717	12792888	187	26	87.79	CHG
7	12792717	12792888	193	1192	13.94	CHH
7	12807464	12807960	622	10	98.42	CG
7	12807464	12807960	768	473	61.89	CHG
7	12807464	12807960	301	6121	4.69	CHH
7	13460211	13460326	338	16	95.48	CG
7	13460211	13460326	57	83	40.71	CHG
7	13460211	13460326	42	326	11.41	CHH
7	15065372	15067232	3256	48	98.55	CG
7	15065372	15067232	3189	640	83.29	CHG
7	15065372	15067232	1029	18566	5.25	CHH
7	15194897	15195154	0	155	0.00	CG
7	15194897	15195154	12	187	6.03	CHG
7	15194897	15195154	66	2846	2.27	CHH
7	15838174	15840597	2195	2622	45.57	CG
7	15838174	15840597	722	2734	20.89	CHG
7	15838174	15840597	2630	17629	12.98	CHH
7	16417756	16417995	229	9	96.22	CG
7	16417756	16417995	94	64	59.49	CHG
7	16417756	16417995	282	2625	9.70	CHH
7	17006268	17006989	3159	57	98.23	CG
7	17006268	17006989	1112	248	81.76	CHG
7	17006268	17006989	644	5471	10.53	CHH
7	17339592	17339751	1	128	0.78	CG
7	17339592	17339751	5	346	1.42	CHG
7	17339592	17339751	31	1364	2.22	CHH
7	17913342	17913726	1110	11	99.02	CG
7	17913342	17913726	705	125	84.94	CHG
7	17913342	17913726	472	3354	12.34	CHH
7	18987148	18987233	11	109	9.17	CG
7	18987148	18987233	9	49	15.52	CHG
7	18987148	18987233	22	640	3.32	CHH
7	19215021	19215291	1644	12	99.28	CG
7	19215021	19215291	946	186	83.57	CHG
7	19215021	19215291	454	2081	17.91	CHH
7	19560035	19560566	1158	14	98.81	CG
7	19560035	19560566	860	162	84.15	CHG
7	19560035	19560566	838	2292	26.77	CHH
