1	301401	301650	267	13	95.36	CG
1	301401	301650	58	74	43.94	CHG
1	301401	301650	1603	1366	53.99	CHH
1	751422	751630	344	13	96.36	CG
1	751422	751630	47	34	58.02	CHG
1	751422	751630	755	1350	35.87	CHH
1	831964	832562	1293	40	97.00	CG
1	831964	832562	1140	149	88.44	CHG
1	831964	832562	2325	2477	48.42	CHH
1	1349307	1349537	81	10	89.01	CHG
1	1349307	1349537	792	1555	33.75	CHH
1	1377440	1378052	275	3	98.92	CG
1	1377440	1378052	257	134	65.73	CHG
1	1377440	1378052	3334	4087	44.93	CHH
1	1788440	1788928	550	13	97.69	CG
1	1788440	1788928	11	25	30.56	CHG
1	1788440	1788928	1847	3635	33.69	CHH
1	1789091	1789350	152	8	95.00	CG
1	1789091	1789350	131	69	65.50	CHG
1	1789091	1789350	1769	1550	53.30	CHH
1	2238174	2238281	87	1	98.86	CG
1	2238174	2238281	72	10	87.80	CHG
1	2238174	2238281	830	957	46.45	CHH
1	2260684	2260758	605	450	57.35	CHH
1	4981767	4981906	1419	633	69.15	CHH
1	7687746	7687909	81	5	94.19	CG
1	7687746	7687909	21	25	45.65	CHG
1	7687746	7687909	847	1463	36.67	CHH
1	8431744	8431928	82	3	96.47	CG
1	8431744	8431928	1169	1138	50.67	CHH
1	9585903	9586147	155	64	70.78	CHG
1	9585903	9586147	1472	1319	52.74	CHH
1	9767360	9767454	62	2	96.88	CG
1	9767360	9767454	36	29	55.38	CHG
1	9767360	9767454	456	624	42.22	CHH
1	10432345	10432562	444	1226	26.59	CG
1	10432345	10432562	237	606	28.11	CHG
1	10432345	10432562	530	1252	29.74	CHH
1	10834154	10834494	70	26	72.92	CHG
1	10834154	10834494	1672	2446	40.60	CHH
1	10926897	10927718	2715	126	95.56	CG
1	10926897	10927718	2452	688	78.09	CHG
1	10926897	10927718	1889	5300	26.28	CHH
1	11189069	11189507	1102	369	74.92	CG
1	11189069	11189507	423	291	59.24	CHG
1	11189069	11189507	1693	3476	32.75	CHH
1	11191256	11191497	898	35	96.25	CG
1	11191256	11191497	350	261	57.28	CHG
1	11191256	11191497	893	1496	37.38	CHH
1	11796108	11796316	219	21	91.25	CG
1	11796108	11796316	352	213	62.30	CHG
1	11796108	11796316	941	1301	41.97	CHH
1	11928347	11928520	466	1747	21.06	CHH
1	11940126	11940209	460	674	40.56	CHH
1	12597813	12598048	1448	1481	49.44	CHH
1	14322168	14322402	329	11	96.76	CG
1	14322168	14322402	131	38	77.51	CHG
1	14322168	14322402	1382	1651	45.57	CHH
1	14347206	14347429	68	25	73.12	CG
1	14347206	14347429	319	331	49.08	CHG
1	14347206	14347429	1192	1598	42.72	CHH
1	14358588	14358799	142	9	94.04	CG
1	14358588	14358799	135	58	69.95	CHG
1	14358588	14358799	1294	917	58.53	CHH
1	16709412	16710638	3222	70	97.87	CG
1	16709412	16710638	1939	757	71.92	CHG
1	16709412	16710638	3265	7745	29.65	CHH
1	17043053	17043218	501	12	97.66	CG
1	17043053	17043218	153	31	83.15	CHG
1	17043053	17043218	705	633	52.69	CHH
1	18600195	18600325	193	9	95.54	CG
1	18600195	18600325	49	20	71.01	CHG
1	18600195	18600325	475	1203	28.31	CHH
1	18600619	18600880	119	3	97.54	CG
1	18600619	18600880	74	3	96.10	CHG
1	18600619	18600880	728	1909	27.61	CHH
1	18984904	18985083	68	0	100.00	CG
1	18984904	18985083	61	45	57.55	CHG
1	18984904	18985083	762	1694	31.03	CHH
1	23765099	23765215	51	350	12.72	CG
1	23765099	23765215	101	218	31.66	CHG
1	23765099	23765215	342	959	26.29	CHH
1	24162719	24162945	1201	1121	51.72	CHH
1	26098395	26098876	191	11	94.55	CG
1	26098395	26098876	162	44	78.64	CHG
1	26098395	26098876	2101	3056	40.74	CHH
1	26638981	26639111	54	3	94.74	CG
1	26638981	26639111	115	29	79.86	CHG
1	26638981	26639111	383	873	30.49	CHH
1	27335823	27335919	192	24	88.89	CG
1	27335823	27335919	50	53	48.54	CHG
1	27335823	27335919	404	623	39.34	CHH
1	27892634	27893201	298	19	94.01	CG
1	27892634	27893201	454	109	80.64	CHG
1	27892634	27893201	2756	4285	39.14	CHH
1	28104533	28104643	88	1	98.88	CG
1	28104533	28104643	874	710	55.18	CHH
1	28181036	28181173	62	4	93.94	CG
1	28181036	28181173	63	63	50.00	CHG
1	28181036	28181173	461	897	33.95	CHH
1	28494153	28494502	69	2	97.18	CG
1	28494153	28494502	131	8	94.24	CHG
1	28494153	28494502	2477	1734	58.82	CHH
1	30431887	30432457	746	25	96.76	CG
1	30431887	30432457	140	89	61.14	CHG
1	30431887	30432457	2900	3358	46.34	CHH
1	31405810	31406074	157	7	95.73	CG
1	31405810	31406074	219	68	76.31	CHG
1	31405810	31406074	2313	1404	62.23	CHH
1	31589315	31589440	852	1479	36.55	CHH
1	31867822	31868209	162	8	95.29	CG
1	31867822	31868209	2173	2838	43.36	CHH
1	32128407	32128528	87	0	100.00	CG
1	32128407	32128528	992	875	53.13	CHH
1	32850978	32851159	155	6	96.27	CG
1	32850978	32851159	141	61	69.80	CHG
1	32850978	32851159	1542	830	65.01	CHH
1	33209708	33209844	79	3	96.34	CG
1	33209708	33209844	19	33	36.54	CHG
1	33209708	33209844	554	1248	30.74	CHH
1	35537016	35537182	934	1254	42.69	CHH
1	37056464	37056585	127	26	83.01	CHG
1	37056464	37056585	751	1005	42.77	CHH
1	37328188	37328369	160	7	95.81	CG
1	37328188	37328369	70	13	84.34	CHG
1	37328188	37328369	1500	712	67.81	CHH
1	38496092	38496280	255	10	96.23	CG
1	38496092	38496280	54	55	49.54	CHG
1	38496092	38496280	641	1345	32.28	CHH
1	38517320	38517498	70	5	93.33	CG
1	38517320	38517498	84	35	70.59	CHG
1	38517320	38517498	1281	1281	50.00	CHH
1	38671419	38671601	252	2	99.21	CG
1	38671419	38671601	998	1231	44.77	CHH
1	40300213	40300335	707	952	42.62	CHH
1	40395626	40395876	86	2	97.73	CG
1	40395626	40395876	1254	1892	39.86	CHH
1	40617610	40617749	170	577	22.76	CHG
1	40617610	40617749	331	1005	24.78	CHH
1	40701980	40702243	67	3	95.71	CG
1	40701980	40702243	2034	838	70.82	CHH
1	41145044	41145188	886	987	47.30	CHH
1	41155306	41155562	16	41	28.07	CHG
1	41155306	41155562	1561	1103	58.60	CHH
1	41890335	41890557	79	2	97.53	CG
1	41890335	41890557	470	216	68.51	CHG
1	41890335	41890557	1033	1839	35.97	CHH
1	42087976	42088125	911	1226	42.63	CHH
1	42408453	42409215	1941	58	97.10	CG
1	42408453	42409215	1203	469	71.95	CHG
1	42408453	42409215	1963	4653	29.67	CHH
2	109398	109590	609	12	98.07	CG
2	109398	109590	529	175	75.14	CHG
2	109398	109590	695	1416	32.92	CHH
2	1869793	1870778	2705	51	98.15	CG
2	1869793	1870778	2004	554	78.34	CHG
2	1869793	1870778	3385	6169	35.43	CHH
2	2040558	2041143	1158	25	97.89	CG
2	2040558	2041143	864	194	81.66	CHG
2	2040558	2041143	2484	4244	36.92	CHH
2	2375551	2375771	1981	1078	64.76	CHH
2	3701574	3702250	651	40	94.21	CG
2	3701574	3702250	488	442	52.47	CHG
2	3701574	3702250	2159	6058	26.27	CHH
2	4194209	4194385	136	25	84.47	CHG
2	4194209	4194385	1195	1188	50.15	CHH
2	4474885	4475212	660	15	97.78	CG
2	4474885	4475212	268	103	72.24	CHG
2	4474885	4475212	1965	1912	50.68	CHH
2	4648186	4648420	249	10	96.14	CG
2	4648186	4648420	84	35	70.59	CHG
2	4648186	4648420	1006	1706	37.09	CHH
2	4947306	4947538	93	1	98.94	CG
2	4947306	4947538	998	1744	36.40	CHH
2	5499042	5499299	573	19	96.79	CG
2	5499042	5499299	315	84	78.95	CHG
2	5499042	5499299	673	2027	24.93	CHH
2	5521685	5521830	123	26	82.55	CHG
2	5521685	5521830	969	653	59.74	CHH
2	6545608	6545822	70	1	98.59	CG
2	6545608	6545822	1419	1255	53.07	CHH
2	6761735	6762038	107	7	93.86	CG
2	6761735	6762038	118	54	68.60	CHG
2	6761735	6762038	838	1788	31.91	CHH
2	6762287	6762792	506	22	95.83	CG
2	6762287	6762792	429	166	72.10	CHG
2	6762287	6762792	1345	4899	21.54	CHH
2	7605117	7605555	128	9	93.43	CG
2	7605117	7605555	120	28	81.08	CHG
2	7605117	7605555	1425	4210	25.29	CHH
2	7945618	7946024	137	3	97.86	CG
2	7945618	7946024	17	9	65.38	CHG
2	7945618	7946024	1286	2568	33.37	CHH
2	8190084	8190413	90	2	97.83	CHG
2	8190084	8190413	1747	3415	33.84	CHH
2	10791440	10791566	739	1259	36.99	CHH
2	11873649	11873886	67	2	97.10	CG
2	11873649	11873886	1128	1255	47.34	CHH
2	12097817	12097953	140	4	97.22	CG
2	12097817	12097953	300	1180	20.27	CHH
2	12299222	12299385	44	31	58.67	CHG
2	12299222	12299385	679	1029	39.75	CHH
2	12333889	12333999	131	5	96.32	CG
2	12333889	12333999	87	46	65.41	CHG
2	12333889	12333999	460	722	38.92	CHH
2	12582950	12583307	318	10	96.95	CG
2	12582950	12583307	103	57	64.38	CHG
2	12582950	12583307	1069	3369	24.09	CHH
2	13872268	13872613	109	384	22.11	CG
2	13872268	13872613	133	613	17.83	CHG
2	13872268	13872613	694	3184	17.90	CHH
2	13948832	13949084	118	13	90.08	CHG
2	13948832	13949084	1314	1193	52.41	CHH
2	15589940	15590192	89	7	92.71	CG
2	15589940	15590192	386	306	55.78	CHG
2	15589940	15590192	1582	1770	47.20	CHH
2	17785746	17785984	170	8	95.51	CG
2	17785746	17785984	2204	1111	66.49	CHH
2	19211404	19211621	152	1	99.35	CG
2	19211404	19211621	25	11	69.44	CHG
2	19211404	19211621	1683	692	70.86	CHH
2	19443247	19443361	150	5	96.77	CG
2	19443247	19443361	13	24	35.14	CHG
2	19443247	19443361	326	912	26.33	CHH
2	19977858	19978135	448	15	96.76	CG
2	19977858	19978135	644	248	72.20	CHG
2	19977858	19978135	1248	2228	35.90	CHH
2	20745916	20746102	149	3	98.03	CG
2	20745916	20746102	112	18	86.15	CHG
2	20745916	20746102	875	1310	40.05	CHH
2	22202087	22202425	731	32	95.81	CG
2	22202087	22202425	112	107	51.14	CHG
2	22202087	22202425	1759	1594	52.46	CHH
2	22399133	22399342	153	6	96.23	CG
2	22399133	22399342	1308	1370	48.84	CHH
2	23077446	23077593	1128	812	58.14	CHH
2	23988341	23988565	36	37	49.32	CHG
2	23988341	23988565	1655	1095	60.18	CHH
2	24094388	24094772	80	0	100.00	CG
2	24094388	24094772	235	87	72.98	CHG
2	24094388	24094772	2212	2098	51.32	CHH
2	24587774	24587906	137	2	98.56	CG
2	24587774	24587906	68	1	98.55	CHG
2	24587774	24587906	879	723	54.87	CHH
2	24968367	24968732	291	22	92.97	CG
2	24968367	24968732	307	153	66.74	CHG
2	24968367	24968732	1090	2973	26.83	CHH
2	25258399	25258520	805	832	49.18	CHH
2	25342968	25343092	45	1	97.83	CG
2	25342968	25343092	34	17	66.67	CHG
2	25342968	25343092	239	668	26.35	CHH
2	25971572	25971883	519	804	39.23	CHH
2	27849839	27850325	1211	52	95.88	CG
2	27849839	27850325	375	211	63.99	CHG
2	27849839	27850325	2097	2822	42.63	CHH
2	27969163	27969436	164	5	97.04	CG
2	27969163	27969436	123	88	58.29	CHG
2	27969163	27969436	1846	1298	58.72	CHH
2	28230238	28230572	361	49	88.05	CHG
2	28230238	28230572	1426	2693	34.62	CHH
2	28737277	28737416	1017	992	50.62	CHH
2	28787543	28787788	220	9	96.07	CG
2	28787543	28787788	49	58	45.79	CHG
2	28787543	28787788	858	1650	34.21	CHH
2	29123726	29123981	972	2610	27.14	CHH
2	30949004	30949191	155	0	100.00	CG
2	30949004	30949191	49	26	65.33	CHG
2	30949004	30949191	1241	1097	53.08	CHH
2	31639383	31639502	97	6	94.17	CG
2	31639383	31639502	943	837	52.98	CHH
2	32251509	32251649	66	7	90.41	CHG
2	32251509	32251649	954	851	52.85	CHH
2	32687570	32687718	358	125	74.12	CG
2	32687570	32687718	264	193	57.77	CHG
2	32687570	32687718	1127	858	56.78	CHH
2	32980551	32980821	2086	1548	57.40	CHH
2	33849781	33850113	314	28	91.81	CG
2	33849781	33850113	222	108	67.27	CHG
2	33849781	33850113	696	2762	20.13	CHH
2	33970498	33970631	41	198	17.15	CG
2	33970498	33970631	90	348	20.55	CHG
2	33970498	33970631	472	1389	25.36	CHH
2	34234930	34235049	510	518	49.61	CHH
2	34582792	34582911	49	19	72.06	CHG
2	34582792	34582911	962	632	60.35	CHH
2	34952077	34952811	1380	276	83.33	CG
2	34952077	34952811	675	421	61.59	CHG
2	34952077	34952811	2384	6171	27.87	CHH
2	34955560	34955809	1792	1088	62.22	CHH
3	811663	812098	1155	24	97.96	CG
3	811663	812098	245	166	59.61	CHG
3	811663	812098	1315	2900	31.20	CHH
3	881089	881240	743	51	93.58	CG
3	881089	881240	114	230	33.14	CHG
3	881089	881240	395	901	30.48	CHH
3	1354664	1354914	297	2	99.33	CG
3	1354664	1354914	349	87	80.05	CHG
3	1354664	1354914	1305	1151	53.14	CHH
3	2169030	2169371	1111	23	97.97	CG
3	2169030	2169371	273	170	61.63	CHG
3	2169030	2169371	1241	3143	28.31	CHH
3	3169366	3169453	365	610	37.44	CHH
3	3832576	3832832	65	2	97.01	CG
3	3832576	3832832	90	39	69.77	CHG
3	3832576	3832832	1655	971	63.02	CHH
3	6047207	6047392	133	4	97.08	CG
3	6047207	6047392	28	43	39.44	CHG
3	6047207	6047392	1336	1674	44.39	CHH
3	6570907	6571273	1089	34	96.97	CG
3	6570907	6571273	219	144	60.33	CHG
3	6570907	6571273	1508	2523	37.41	CHH
3	7246619	7246872	654	22	96.75	CG
3	7246619	7246872	179	70	71.89	CHG
3	7246619	7246872	1280	1891	40.37	CHH
3	8015940	8016118	1030	1803	36.36	CHH
3	8409618	8409743	87	351	19.86	CG
3	8409618	8409743	118	228	34.10	CHG
3	8409618	8409743	546	1190	31.45	CHH
3	8629457	8629689	64	1	98.46	CG
3	8629457	8629689	67	1	98.53	CHG
3	8629457	8629689	1650	760	68.46	CHH
3	8942617	8943063	489	19	96.26	CG
3	8942617	8943063	512	90	85.05	CHG
3	8942617	8943063	1771	4964	26.30	CHH
3	9319923	9320317	418	6	98.58	CG
3	9319923	9320317	89	21	80.91	CHG
3	9319923	9320317	1495	2081	41.81	CHH
3	11067334	11067625	63	1	98.44	CG
3	11067334	11067625	62	8	88.57	CHG
3	11067334	11067625	1227	1493	45.11	CHH
3	11642409	11642580	108	32	77.14	CHG
3	11642409	11642580	1374	358	79.33	CHH
3	11857284	11857411	60	27	68.97	CHG
3	11857284	11857411	780	643	54.81	CHH
3	12675151	12675358	79	5	94.05	CG
3	12675151	12675358	28	18	60.87	CHG
3	12675151	12675358	1393	1467	48.71	CHH
3	13124743	13124928	157	7	95.73	CG
3	13124743	13124928	68	13	83.95	CHG
3	13124743	13124928	1871	715	72.35	CHH
3	13748697	13748918	77	3	96.25	CHG
3	13748697	13748918	1399	1787	43.91	CHH
3	14057905	14058092	361	17	95.50	CG
3	14057905	14058092	56	55	50.45	CHG
3	14057905	14058092	430	1739	19.82	CHH
3	14749193	14749460	173	4	97.74	CG
3	14749193	14749460	2222	1470	60.18	CHH
3	15103668	15103782	74	3	96.10	CHG
3	15103668	15103782	486	920	34.57	CHH
3	15113224	15113412	1123	1439	43.83	CHH
3	15134383	15134587	649	1737	27.20	CHH
3	15613686	15613799	37	163	18.50	CG
3	15613686	15613799	46	160	22.33	CHG
3	15613686	15613799	247	686	26.47	CHH
3	16709783	16710100	699	18	97.49	CG
3	16709783	16710100	477	157	75.24	CHG
3	16709783	16710100	1349	2260	37.38	CHH
3	16776362	16776567	1045	1816	36.53	CHH
3	17308009	17308190	65	2	97.01	CG
3	17308009	17308190	60	5	92.31	CHG
3	17308009	17308190	837	1448	36.63	CHH
3	17916587	17916910	233	41	85.04	CG
3	17916587	17916910	66	9	88.00	CHG
3	17916587	17916910	1043	1885	35.62	CHH
3	18637898	18638001	76	3	96.20	CG
3	18637898	18638001	326	1023	24.17	CHH
3	20725201	20725339	87	5	94.57	CG
3	20725201	20725339	73	10	87.95	CHG
3	20725201	20725339	843	1596	34.56	CHH
3	23359385	23359602	147	5	96.71	CG
3	23359385	23359602	9	25	26.47	CHG
3	23359385	23359602	1105	1489	42.60	CHH
3	24411908	24412466	385	616	38.46	CG
3	24411908	24412466	214	694	23.57	CHG
3	24411908	24412466	1483	5918	20.04	CHH
3	24572450	24572571	496	1518	24.63	CHH
3	24924369	24924505	132	2	98.51	CG
3	24924369	24924505	16	10	61.54	CHG
3	24924369	24924505	952	605	61.14	CHH
3	25320199	25320294	369	772	32.34	CHH
3	26123077	26123398	316	62	83.60	CG
3	26123077	26123398	509	354	58.98	CHG
3	26123077	26123398	992	2391	29.32	CHH
3	26143599	26144289	416	509	44.97	CG
3	26143599	26144289	429	722	37.27	CHG
3	26143599	26144289	2200	4789	31.48	CHH
3	26819731	26819992	85	6	93.41	CHG
3	26819731	26819992	1902	1519	55.60	CHH
3	27436719	27436866	78	15	83.87	CHG
3	27436719	27436866	356	1308	21.39	CHH
3	27617928	27618015	67	150	30.88	CG
3	27617928	27618015	66	69	48.89	CHG
3	27617928	27618015	344	436	44.10	CHH
3	27618313	27618751	252	75	77.06	CG
3	27618313	27618751	346	441	43.96	CHG
3	27618313	27618751	1086	3237	25.12	CHH
3	27626160	27626452	354	15	95.93	CG
3	27626160	27626452	114	143	44.36	CHG
3	27626160	27626452	957	2068	31.64	CHH
3	27785308	27785617	68	3	95.77	CG
3	27785308	27785617	2147	1708	55.69	CHH
3	28228225	28228487	1701	1596	51.59	CHH
3	29591935	29592097	78	4	95.12	CG
3	29591935	29592097	19	27	41.30	CHG
3	29591935	29592097	705	1584	30.80	CHH
3	29675163	29675476	60	0	100.00	CG
3	29675163	29675476	1654	1873	46.90	CHH
3	29885011	29885181	66	0	100.00	CG
3	29885011	29885181	88	14	86.27	CHG
3	29885011	29885181	1201	1036	53.69	CHH
3	30100210	30100463	75	1	98.68	CG
3	30100210	30100463	942	1828	34.01	CHH
3	30420791	30420983	1905	1341	58.69	CHH
3	30830679	30830818	815	609	57.23	CHH
3	31089191	31090510	3441	104	97.07	CG
3	31089191	31090510	2246	569	79.79	CHG
3	31089191	31090510	3740	7307	33.86	CHH
3	31423977	31424278	1617	2153	42.89	CHH
3	31722863	31723138	2343	1798	56.58	CHH
3	32006376	32006716	62	6	91.18	CHG
3	32006376	32006716	2250	1728	56.56	CHH
3	32110687	32111197	1110	27	97.63	CG
3	32110687	32111197	668	267	71.44	CHG
3	32110687	32111197	2246	2457	47.76	CHH
3	32173553	32173723	133	60	68.91	CHG
3	32173553	32173723	591	1241	32.26	CHH
3	32182087	32182430	77	2	97.47	CG
3	32182087	32182430	29	45	39.19	CHG
3	32182087	32182430	1507	2551	37.14	CHH
3	33684752	33685642	1570	37	97.70	CG
3	33684752	33685642	1145	439	72.29	CHG
3	33684752	33685642	3141	7089	30.70	CHH
4	468669	468758	350	1030	25.36	CHH
4	4915709	4916399	1852	32	98.30	CG
4	4915709	4916399	833	222	78.96	CHG
4	4915709	4916399	2498	5312	31.98	CHH
4	7381268	7381662	231	5	97.88	CG
4	7381268	7381662	402	130	75.56	CHG
4	7381268	7381662	1294	3266	28.38	CHH
4	7888722	7888904	141	7	95.27	CG
4	7888722	7888904	59	8	88.06	CHG
4	7888722	7888904	983	932	51.33	CHH
4	7955024	7955201	187	9	95.41	CG
4	7955024	7955201	78	15	83.87	CHG
4	7955024	7955201	1120	1144	49.47	CHH
4	15396846	15397090	527	10	98.14	CG
4	15396846	15397090	371	163	69.48	CHG
4	15396846	15397090	716	1391	33.98	CHH
4	19683995	19684552	636	505	55.74	CG
4	19683995	19684552	643	806	44.38	CHG
4	19683995	19684552	1748	4268	29.06	CHH
4	19744896	19745083	110	24	82.09	CG
4	19744896	19745083	902	1230	42.31	CHH
4	20001003	20001260	110	15	88.00	CHG
4	20001003	20001260	1636	1275	56.20	CHH
4	20595423	20595521	75	9	89.29	CG
4	20595423	20595521	25	25	50.00	CHG
4	20595423	20595521	713	969	42.39	CHH
4	21627729	21627912	144	7	95.36	CG
4	21627729	21627912	80	22	78.43	CHG
4	21627729	21627912	1245	817	60.38	CHH
4	21744228	21744373	139	19	87.97	CG
4	21744228	21744373	16	22	42.11	CHG
4	21744228	21744373	637	973	39.57	CHH
4	21934032	21934221	1731	1163	59.81	CHH
4	21962681	21962889	244	6	97.60	CG
4	21962681	21962889	161	56	74.19	CHG
4	21962681	21962889	1021	1516	40.24	CHH
4	22575513	22575843	1949	2461	44.20	CHH
4	24030042	24030690	466	26	94.72	CG
4	24030042	24030690	577	162	78.08	CHG
4	24030042	24030690	2826	5542	33.77	CHH
4	24127511	24127670	166	3	98.22	CG
4	24127511	24127670	79	11	87.78	CHG
4	24127511	24127670	1141	992	53.49	CHH
4	25426804	25426964	38	42	47.50	CHG
4	25426804	25426964	689	1726	28.53	CHH
4	25457672	25458128	1248	41	96.82	CG
4	25457672	25458128	353	154	69.63	CHG
4	25457672	25458128	1673	4070	29.13	CHH
4	25472006	25472224	18	61	22.78	CHG
4	25472006	25472224	639	1701	27.31	CHH
4	25475165	25475574	263	2	99.25	CG
4	25475165	25475574	633	255	71.28	CHG
4	25475165	25475574	2936	2102	58.28	CHH
4	26530153	26530244	217	828	20.77	CHH
4	27630370	27630458	541	1021	34.64	CHH
4	27903713	27903888	875	1516	36.60	CHH
4	27907257	27907388	81	3	96.43	CG
4	27907257	27907388	11	34	24.44	CHG
4	27907257	27907388	901	957	48.49	CHH
4	28531802	28532069	86	6	93.48	CG
4	28531802	28532069	29	29	50.00	CHG
4	28531802	28532069	2019	1677	54.63	CHH
4	28847972	28848187	63	3	95.45	CG
4	28847972	28848187	20	15	57.14	CHG
4	28847972	28848187	888	1959	31.19	CHH
4	29191225	29191443	83	7	92.22	CG
4	29191225	29191443	131	96	57.71	CHG
4	29191225	29191443	864	1968	30.51	CHH
4	30022367	30022520	173	10	94.54	CG
4	30022367	30022520	1122	1361	45.19	CHH
4	30176025	30176485	327	13	96.18	CG
4	30176025	30176485	72	86	45.57	CHG
4	30176025	30176485	2879	3632	44.22	CHH
4	32693175	32693646	1183	17	98.58	CG
4	32693175	32693646	831	221	78.99	CHG
4	32693175	32693646	1013	3154	24.31	CHH
4	33655119	33655383	293	16	94.82	CG
4	33655119	33655383	940	2565	26.82	CHH
4	33656481	33656726	894	22	97.60	CG
4	33656481	33656726	61	91	40.13	CHG
4	33656481	33656726	480	1561	23.52	CHH
4	33881401	33881625	554	13	97.71	CG
4	33881401	33881625	467	174	72.85	CHG
4	33881401	33881625	828	1232	40.19	CHH
4	35050130	35050413	57	289	16.47	CG
4	35050130	35050413	151	383	28.28	CHG
4	35050130	35050413	895	2653	25.23	CHH
5	490310	490462	495	13	97.44	CG
5	490310	490462	431	107	80.11	CHG
5	490310	490462	563	1052	34.86	CHH
5	1679699	1679790	609	978	38.37	CHH
5	2851958	2852160	878	1554	36.10	CHH
5	4894101	4894252	790	931	45.90	CHH
5	5433067	5433323	125	3	97.66	CG
5	5433067	5433323	169	44	79.34	CHG
5	5433067	5433323	1295	1485	46.58	CHH
5	5754539	5754748	113	31	78.47	CG
5	5754539	5754748	68	48	58.62	CHG
5	5754539	5754748	1394	969	58.99	CHH
5	6765407	6765604	142	7	95.30	CG
5	6765407	6765604	134	83	61.75	CHG
5	6765407	6765604	423	1540	21.55	CHH
5	6820542	6820679	66	2	97.06	CG
5	6820542	6820679	13	18	41.94	CHG
5	6820542	6820679	690	742	48.18	CHH
5	7418842	7418942	616	620	49.84	CHH
5	7972537	7972780	85	1	98.84	CG
5	7972537	7972780	52	24	68.42	CHG
5	7972537	7972780	1795	1914	48.40	CHH
5	10755227	10755310	224	9	96.14	CG
5	10755227	10755310	476	486	49.48	CHH
5	10919623	10920166	940	156	85.77	CG
5	10919623	10920166	217	155	58.33	CHG
5	10919623	10920166	1434	4460	24.33	CHH
5	16273063	16273157	419	513	44.96	CHH
5	16311105	16311318	168	2	98.82	CG
5	16311105	16311318	168	53	76.02	CHG
5	16311105	16311318	1823	1342	57.60	CHH
5	16856035	16856371	353	7	98.06	CG
5	16856035	16856371	491	55	89.93	CHG
5	16856035	16856371	1612	2198	42.31	CHH
5	17137118	17137270	67	2	97.10	CG
5	17137118	17137270	1006	777	56.42	CHH
5	17258135	17258245	83	1	98.81	CG
5	17258135	17258245	825	512	61.71	CHH
5	17317435	17317693	155	1	99.36	CG
5	17317435	17317693	206	55	78.93	CHG
5	17317435	17317693	1798	1434	55.63	CHH
5	19716275	19716490	77	3	96.25	CG
5	19716275	19716490	9	33	21.43	CHG
5	19716275	19716490	968	1928	33.43	CHH
5	21149049	21149184	62	270	18.67	CG
5	21149049	21149184	148	187	44.18	CHG
5	21149049	21149184	464	967	32.42	CHH
5	21464548	21464805	1348	2089	39.22	CHH
5	21857485	21857720	410	6	98.56	CG
5	21857485	21857720	502	117	81.10	CHG
5	21857485	21857720	1398	1698	45.16	CHH
5	21875509	21875764	276	7	97.53	CG
5	21875509	21875764	263	47	84.84	CHG
5	21875509	21875764	1227	1268	49.18	CHH
5	22000757	22000964	54	16	77.14	CHG
5	22000757	22000964	1172	653	64.22	CHH
5	22219878	22220102	1705	771	68.86	CHH
5	22429520	22429752	127	5	96.21	CG
5	22429520	22429752	75	29	72.12	CHG
5	22429520	22429752	1492	1370	52.13	CHH
5	22973734	22973969	1224	1844	39.90	CHH
5	23987118	23987584	638	20	96.96	CG
5	23987118	23987584	856	305	73.73	CHG
5	23987118	23987584	685	3629	15.88	CHH
5	24142822	24143088	314	12	96.32	CG
5	24142822	24143088	51	78	39.53	CHG
5	24142822	24143088	1279	1684	43.17	CHH
5	24848633	24848969	187	49	79.24	CHG
5	24848633	24848969	2157	2177	49.77	CHH
5	25347572	25347835	122	512	19.24	CG
5	25347572	25347835	91	570	13.77	CHG
5	25347572	25347835	533	2712	16.43	CHH
5	25348057	25348813	463	31	93.72	CG
5	25348057	25348813	762	1446	34.51	CHG
5	25348057	25348813	2928	5602	34.33	CHH
5	25916465	25916630	59	7	89.39	CHG
5	25916465	25916630	1021	957	51.62	CHH
5	26950841	26950938	93	1	98.94	CG
5	26950841	26950938	659	803	45.08	CHH
5	26989629	26989802	38	21	64.41	CHG
5	26989629	26989802	1208	1162	50.97	CHH
6	302524	302830	70	1	98.59	CG
6	302524	302830	1602	1405	53.28	CHH
6	2377299	2377436	110	8	93.22	CG
6	2377299	2377436	20	65	23.53	CHG
6	2377299	2377436	470	660	41.59	CHH
6	2717082	2717211	958	928	50.80	CHH
6	2924454	2924561	138	1	99.28	CG
6	2924454	2924561	497	288	63.31	CHH
6	3943947	3944133	828	1493	35.67	CHH
6	4186290	4186414	582	1337	30.33	CHH
6	5151759	5151869	1131	572	66.41	CHH
6	5377103	5377226	45	44	50.56	CHG
6	5377103	5377226	1100	686	61.59	CHH
6	6081368	6081698	102	827	10.98	CG
6	6081368	6081698	51	322	13.67	CHG
6	6081368	6081698	509	3192	13.75	CHH
6	7060562	7060710	1150	652	63.82	CHH
6	7540043	7540265	206	2	99.04	CG
6	7540043	7540265	81	22	78.64	CHG
6	7540043	7540265	1001	1885	34.68	CHH
6	7540556	7540748	144	8	94.74	CG
6	7540556	7540748	1067	1115	48.90	CHH
6	7725720	7725950	433	17	96.22	CG
6	7725720	7725950	445	205	68.46	CHG
6	7725720	7725950	533	1358	28.19	CHH
6	8356414	8356617	1364	1097	55.42	CHH
6	8927960	8928209	74	2	97.37	CG
6	8927960	8928209	374	135	73.48	CHG
6	8927960	8928209	1028	1285	44.44	CHH
6	9469938	9470183	1266	1264	50.04	CHH
6	11300952	11301165	6	73	7.59	CG
6	11300952	11301165	90	126	41.67	CHG
6	11300952	11301165	495	2129	18.86	CHH
6	11305250	11305430	57	331	14.69	CG
6	11305250	11305430	21	44	32.31	CHG
6	11305250	11305430	375	1400	21.13	CHH
6	11997277	11997419	234	10	95.90	CG
6	11997277	11997419	100	29	77.52	CHG
6	11997277	11997419	375	1492	20.09	CHH
6	13738650	13738842	109	5	95.61	CG
6	13738650	13738842	46	224	17.04	CHG
6	13738650	13738842	249	1488	14.34	CHH
6	13951510	13951630	148	3	98.01	CG
6	13951510	13951630	227	90	71.61	CHG
6	13951510	13951630	415	868	32.35	CHH
6	14809518	14809915	346	7	98.02	CG
6	14809518	14809915	280	207	57.49	CHG
6	14809518	14809915	2141	2800	43.33	CHH
6	19710274	19711097	957	79	92.37	CG
6	19710274	19711097	1084	783	58.06	CHG
6	19710274	19711097	2114	6171	25.52	CHH
6	20384125	20384463	77	324	19.20	CG
6	20384125	20384463	168	444	27.45	CHG
6	20384125	20384463	804	2690	23.01	CHH
6	22376044	22376666	405	27	93.75	CG
6	22376044	22376666	119	119	50.00	CHG
6	22376044	22376666	2363	4068	36.74	CHH
6	23395298	23395797	317	8	97.54	CG
6	23395298	23395797	137	24	85.09	CHG
6	23395298	23395797	3109	3278	48.68	CHH
6	23537611	23537873	136	17	88.89	CHG
6	23537611	23537873	921	1872	32.98	CHH
6	24030066	24030155	139	40	77.65	CHG
6	24030066	24030155	674	300	69.20	CHH
6	24282820	24282990	156	5	96.89	CHG
6	24282820	24282990	1729	1266	57.73	CHH
6	25073298	25073513	135	2	98.54	CG
6	25073298	25073513	79	109	42.02	CHG
6	25073298	25073513	765	1895	28.76	CHH
6	25078471	25078618	44	47	48.35	CHG
6	25078471	25078618	851	1332	38.98	CHH
6	25314682	25315364	486	19	96.24	CG
6	25314682	25315364	460	134	77.44	CHG
6	25314682	25315364	2892	6697	30.16	CHH
6	26183206	26183498	71	2	97.26	CG
6	26183206	26183498	2070	1368	60.21	CHH
6	26270983	26271153	70	4	94.59	CG
6	26270983	26271153	58	16	78.38	CHG
6	26270983	26271153	1451	634	69.59	CHH
6	26899910	26900127	85	1	98.84	CG
6	26899910	26900127	1254	1454	46.31	CHH
6	27022910	27023085	368	4	98.92	CG
6	27022910	27023085	574	1683	25.43	CHH
6	29399343	29399607	154	11	93.33	CG
6	29399343	29399607	55	67	45.08	CHG
6	29399343	29399607	1687	2035	45.33	CHH
6	30191023	30191331	308	5	98.40	CG
6	30191023	30191331	556	76	87.97	CHG
6	30191023	30191331	1576	1843	46.10	CHH
6	30403805	30404034	968	1484	39.48	CHH
6	30913757	30913901	75	4	94.94	CG
6	30913757	30913901	27	20	57.45	CHG
6	30913757	30913901	1060	986	51.81	CHH
7	436559	436644	492	889	35.63	CHH
7	553125	553382	53	24	68.83	CHG
7	553125	553382	1217	1797	40.38	CHH
7	1581483	1581569	39	34	53.42	CHG
7	1581483	1581569	416	786	34.61	CHH
7	2236802	2236948	161	3	98.17	CG
7	2236802	2236948	31	13	70.45	CHG
7	2236802	2236948	1000	985	50.38	CHH
7	2529367	2529520	937	539	63.48	CHH
7	3142735	3143078	627	13	97.97	CG
7	3142735	3143078	502	189	72.65	CHG
7	3142735	3143078	1855	1763	51.27	CHH
7	3169312	3169590	44	24	64.71	CHG
7	3169312	3169590	1768	1764	50.06	CHH
7	3220899	3221205	73	2	97.33	CG
7	3220899	3221205	2155	1657	56.53	CHH
7	3739834	3740067	231	7	97.06	CG
7	3739834	3740067	105	44	70.47	CHG
7	3739834	3740067	1126	1463	43.49	CHH
7	4348410	4348541	39	158	19.80	CG
7	4348410	4348541	35	103	25.36	CHG
7	4348410	4348541	207	806	20.43	CHH
7	5121301	5121458	147	3	98.00	CG
7	5121301	5121458	57	21	73.08	CHG
7	5121301	5121458	1010	775	56.58	CHH
7	6141659	6141862	675	8	98.83	CG
7	6141659	6141862	364	82	81.61	CHG
7	6141659	6141862	908	1688	34.98	CHH
7	7806227	7806511	66	11	85.71	CHG
7	7806227	7806511	2315	1213	65.62	CHH
7	8049142	8049326	610	15	97.60	CG
7	8049142	8049326	150	127	54.15	CHG
7	8049142	8049326	595	1539	27.88	CHH
7	8294134	8294483	30	611	4.68	CG
7	8294134	8294483	101	687	12.82	CHG
7	8294134	8294483	688	3989	14.71	CHH
7	8334119	8334358	49	38	56.32	CHG
7	8334119	8334358	1687	1625	50.94	CHH
7	8993394	8993705	163	4	97.60	CG
7	8993394	8993705	1514	2015	42.90	CHH
7	13286370	13286485	511	760	40.20	CHH
7	15188698	15188829	58	15	79.45	CHG
7	15188698	15188829	705	1101	39.04	CHH
7	15431878	15432092	208	3	98.58	CG
7	15431878	15432092	74	24	75.51	CHG
7	15431878	15432092	1506	923	62.00	CHH
7	15677983	15678606	503	764	39.70	CG
7	15677983	15678606	399	892	30.91	CHG
7	15677983	15678606	1303	4885	21.06	CHH
7	16599468	16599909	254	7	97.32	CG
7	16599468	16599909	354	648	35.33	CHG
7	16599468	16599909	1061	3829	21.70	CHH
7	17099241	17099723	53	3	94.64	CHG
7	17099241	17099723	2926	2079	58.46	CHH
7	17790357	17790553	77	3	96.25	CG
7	17790357	17790553	167	69	70.76	CHG
7	17790357	17790553	1313	1379	48.77	CHH
7	18624941	18625154	84	2	97.67	CG
7	18624941	18625154	93	25	78.81	CHG
7	18624941	18625154	1339	1383	49.19	CHH
7	18712663	18712940	901	2822	24.20	CHH
7	19254932	19255653	469	455	50.76	CG
7	19254932	19255653	582	1889	23.55	CHG
7	19254932	19255653	1554	5559	21.85	CHH
7	20129015	20129222	1630	1431	53.25	CHH
7	20150949	20151108	76	2	97.44	CG
7	20150949	20151108	155	31	83.33	CHG
7	20150949	20151108	799	1193	40.11	CHH
7	20424851	20425235	74	2	97.37	CG
7	20424851	20425235	1275	2869	30.77	CHH
7	21311702	21311873	135	5	96.43	CG
7	21311702	21311873	152	72	67.86	CHG
7	21311702	21311873	1118	965	53.67	CHH
7	22392996	22393180	245	19	92.80	CG
7	22392996	22393180	196	59	76.86	CHG
7	22392996	22393180	502	1339	27.27	CHH
7	22532503	22532689	1317	1587	45.35	CHH
7	22933956	22934220	973	26	97.40	CG
7	22933956	22934220	314	154	67.09	CHG
7	22933956	22934220	1127	1956	36.56	CHH
7	24616760	24617444	1388	139	90.90	CG
7	24616760	24617444	911	410	68.96	CHG
7	24616760	24617444	2174	4316	33.50	CHH
7	24811648	24811977	80	1	98.77	CG
7	24811648	24811977	58	16	78.38	CHG
7	24811648	24811977	2022	2547	44.25	CHH
7	24948880	24949085	1953	997	66.20	CHH
7	25909857	25910353	472	25	94.97	CG
7	25909857	25910353	587	258	69.47	CHG
7	25909857	25910353	1617	3156	33.88	CHH
7	26251607	26251758	1112	814	57.74	CHH
7	26258085	26258557	1504	27	98.24	CG
7	26258085	26258557	449	251	64.14	CHG
7	26258085	26258557	2619	4331	37.68	CHH
7	27119822	27120089	59	0	100.00	CG
7	27119822	27120089	9	51	15.00	CHG
7	27119822	27120089	1209	1577	43.40	CHH
7	27169621	27169836	20	54	27.03	CG
7	27169621	27169836	245	296	45.29	CHG
7	27169621	27169836	1037	1513	40.67	CHH
7	27307263	27307688	737	27	96.47	CG
7	27307263	27307688	576	196	74.61	CHG
7	27307263	27307688	1789	2179	45.09	CHH
7	28376367	28376563	74	1	98.67	CG
7	28376367	28376563	48	26	64.86	CHG
7	28376367	28376563	1125	1233	47.71	CHH
7	29243799	29244004	1593	1264	55.76	CHH
7	29311074	29311344	1516	2047	42.55	CHH
7	29467990	29468204	1793	994	64.33	CHH
8	1575049	1575210	698	1231	36.18	CHH
8	1623373	1623626	84	5	94.38	CG
8	1623373	1623626	19	16	54.29	CHG
8	1623373	1623626	2034	1459	58.23	CHH
8	2431336	2431426	149	113	56.87	CG
8	2431336	2431426	25	15	62.50	CHG
8	2431336	2431426	604	645	48.36	CHH
8	3073639	3073816	45	94	32.37	CG
8	3073639	3073816	156	252	38.24	CHG
8	3073639	3073816	505	1125	30.98	CHH
8	3388417	3388667	142	4	97.26	CG
8	3388417	3388667	105	42	71.43	CHG
8	3388417	3388667	1890	1284	59.55	CHH
8	3751907	3752073	495	18	96.49	CG
8	3751907	3752073	311	91	77.36	CHG
8	3751907	3752073	555	1178	32.03	CHH
8	3958363	3958508	629	724	46.49	CHH
8	5131858	5132029	114	33	77.55	CHG
8	5131858	5132029	1072	1030	51.00	CHH
8	5321619	5321826	79	0	100.00	CG
8	5321619	5321826	31	10	75.61	CHG
8	5321619	5321826	1710	1430	54.46	CHH
8	5680035	5680214	164	3	98.20	CG
8	5680035	5680214	163	9	94.77	CHG
8	5680035	5680214	1231	1680	42.29	CHH
8	5836841	5837082	260	13	95.24	CG
8	5836841	5837082	1268	1688	42.90	CHH
8	6111458	6111746	360	7	98.09	CG
8	6111458	6111746	215	128	62.68	CHG
8	6111458	6111746	997	2433	29.07	CHH
8	6753823	6754136	75	4	94.94	CG
8	6753823	6754136	200	38	84.03	CHG
8	6753823	6754136	1758	2361	42.68	CHH
8	7603360	7603612	199	2	99.00	CG
8	7603360	7603612	1671	1595	51.16	CHH
8	8071926	8072156	393	15	96.32	CG
8	8071926	8072156	81	63	56.25	CHG
8	8071926	8072156	1104	1867	37.16	CHH
8	10060129	10060270	1151	574	66.72	CHH
8	10886885	10887057	192	7	96.48	CG
8	10886885	10887057	6	37	13.95	CHG
8	10886885	10887057	424	1939	17.94	CHH
8	11782944	11783090	136	30	81.93	CHG
8	11782944	11783090	709	1683	29.64	CHH
8	12350212	12350309	104	2	98.11	CG
8	12350212	12350309	20	26	43.48	CHG
8	12350212	12350309	595	874	40.50	CHH
8	15503593	15503835	60	4	93.75	CG
8	15503593	15503835	1478	1036	58.79	CHH
8	18141156	18141305	599	1568	27.64	CHH
8	19423131	19423387	58	0	100.00	CG
8	19423131	19423387	9	22	29.03	CHG
8	19423131	19423387	1184	1284	47.97	CHH
8	20377385	20377714	1026	46	95.71	CG
8	20377385	20377714	222	155	58.89	CHG
8	20377385	20377714	1348	3056	30.61	CHH
8	20558563	20558824	69	18	79.31	CG
8	20558563	20558824	83	42	66.40	CHG
8	20558563	20558824	1651	1814	47.65	CHH
8	21654366	21654527	165	25	86.84	CG
8	21654366	21654527	129	69	65.15	CHG
8	21654366	21654527	619	518	54.44	CHH
8	22741998	22742320	30	63	32.26	CHG
8	22741998	22742320	1741	2259	43.53	CHH
8	22776595	22776863	71	3	95.95	CG
8	22776595	22776863	270	191	58.57	CHG
8	22776595	22776863	1390	1746	44.32	CHH
8	22948102	22948411	98	5	95.15	CG
8	22948102	22948411	1829	2631	41.01	CHH
8	23349964	23350100	146	4	97.33	CG
8	23349964	23350100	961	1242	43.62	CHH
8	23488434	23488729	391	24	94.22	CG
8	23488434	23488729	139	102	57.68	CHG
8	23488434	23488729	870	2437	26.31	CHH
8	24309357	24309533	33	156	17.46	CG
8	24309357	24309533	171	359	32.26	CHG
8	24309357	24309533	770	1142	40.27	CHH
8	24422312	24422568	82	1	98.80	CG
8	24422312	24422568	154	58	72.64	CHG
8	24422312	24422568	1627	1771	47.88	CHH
8	24735337	24736197	740	21	97.24	CG
8	24735337	24736197	851	449	65.46	CHG
8	24735337	24736197	3025	6359	32.24	CHH
8	24736834	24737078	921	28	97.05	CG
8	24736834	24737078	212	118	64.24	CHG
8	24736834	24737078	777	2115	26.87	CHH
8	24750449	24750953	444	15	96.73	CG
8	24750449	24750953	519	183	73.93	CHG
8	24750449	24750953	1530	3582	29.93	CHH
8	24768225	24768508	165	84	66.27	CG
8	24768225	24768508	107	282	27.51	CHG
8	24768225	24768508	763	3145	19.52	CHH
8	24784953	24785097	145	2	98.64	CG
8	24784953	24785097	85	30	73.91	CHG
8	24784953	24785097	520	1183	30.53	CHH
8	24834030	24834325	132	5	96.35	CG
8	24834030	24834325	67	3	95.71	CHG
8	24834030	24834325	1774	1570	53.05	CHH
8	24968997	24969171	86	0	100.00	CG
8	24968997	24969171	98	28	77.78	CHG
8	24968997	24969171	980	1484	39.77	CHH
8	26169264	26169435	547	9	98.38	CG
8	26169264	26169435	101	51	66.45	CHG
8	26169264	26169435	782	880	47.05	CHH
8	26441035	26441114	29	100	22.48	CHG
8	26441035	26441114	252	703	26.39	CHH
8	26827794	26828034	209	471	30.74	CG
8	26827794	26828034	166	371	30.91	CHG
8	26827794	26828034	925	1530	37.68	CHH
8	27623734	27623958	640	15	97.71	CG
8	27623734	27623958	338	209	61.79	CHG
8	27623734	27623958	713	1698	29.57	CHH
8	28152674	28152872	1355	749	64.40	CHH
8	28409753	28410078	161	2	98.77	CG
8	28409753	28410078	210	23	90.13	CHG
8	28409753	28410078	1993	2646	42.96	CHH
9	1254705	1254916	279	8	97.21	CG
9	1254705	1254916	18	31	36.73	CHG
9	1254705	1254916	475	877	35.13	CHH
9	1884036	1884200	1064	1524	41.11	CHH
9	3634113	3634220	56	11	83.58	CHG
9	3634113	3634220	657	829	44.21	CHH
9	3933418	3933532	80	1	98.77	CG
9	3933418	3933532	71	9	88.75	CHG
9	3933418	3933532	854	561	60.35	CHH
9	4570159	4570785	1154	30	97.47	CG
9	4570159	4570785	1028	282	78.47	CHG
9	4570159	4570785	2880	4168	40.86	CHH
9	7158967	7159348	138	92	60.00	CG
9	7158967	7159348	153	258	37.23	CHG
9	7158967	7159348	1331	2558	34.22	CHH
9	10378957	10379055	326	25	92.88	CG
9	10378957	10379055	143	177	44.69	CHG
9	10378957	10379055	236	668	26.11	CHH
9	10754150	10754480	70	3	95.89	CG
9	10754150	10754480	108	38	73.97	CHG
9	10754150	10754480	2535	1695	59.93	CHH
9	11037393	11037551	1085	1537	41.38	CHH
9	14633566	14633811	407	4	99.03	CG
9	14633566	14633811	285	62	82.13	CHG
9	14633566	14633811	1809	927	66.12	CHH
9	16086094	16086273	144	10	93.51	CG
9	16086094	16086273	65	45	59.09	CHG
9	16086094	16086273	663	1528	30.26	CHH
9	16215726	16215834	589	785	42.87	CHH
9	16663866	16664244	488	108	81.88	CG
9	16663866	16664244	324	528	38.03	CHG
9	16663866	16664244	1120	3253	25.61	CHH
9	16928122	16928188	532	575	48.06	CHH
9	17420619	17420974	92	1	98.92	CG
9	17420619	17420974	197	52	79.12	CHG
9	17420619	17420974	431	2172	16.56	CHH
9	19098095	19098253	59	2	96.72	CG
9	19098095	19098253	88	46	65.67	CHG
9	19098095	19098253	719	1110	39.31	CHH
9	21886164	21886293	445	1138	28.11	CHH
10	368179	368447	102	31	76.69	CHG
10	368179	368447	1044	2762	27.43	CHH
10	404795	404929	504	4	99.21	CG
10	404795	404929	29	55	34.52	CHG
10	404795	404929	758	977	43.69	CHH
10	1838124	1838526	176	2	98.88	CG
10	1838124	1838526	76	14	84.44	CHG
10	1838124	1838526	3009	2342	56.23	CHH
10	1890175	1890720	652	41	94.08	CG
10	1890175	1890720	630	397	61.34	CHG
10	1890175	1890720	2036	4249	32.39	CHH
10	2576261	2576420	1049	964	52.11	CHH
10	3444619	3445144	325	447	42.10	CG
10	3444619	3445144	435	562	43.63	CHG
10	3444619	3445144	1755	4107	29.94	CHH
10	5680298	5680662	1004	627	61.56	CG
10	5680298	5680662	747	1161	39.15	CHG
10	5680298	5680662	1254	2278	35.50	CHH
10	6420591	6420748	64	236	21.33	CHG
10	6420591	6420748	230	995	18.78	CHH
10	7535391	7535626	667	1253	34.74	CHH
10	8506073	8506152	109	61	64.12	CG
10	8506073	8506152	583	495	54.08	CHH
10	9497876	9498140	419	2	99.52	CG
10	9497876	9498140	28	53	34.57	CHG
10	9497876	9498140	1871	1700	52.39	CHH
10	11192936	11193103	144	5	96.64	CG
10	11192936	11193103	61	88	40.94	CHG
10	11192936	11193103	783	1605	32.79	CHH
10	11922949	11923127	78	1	98.73	CG
10	11922949	11923127	148	41	78.31	CHG
10	11922949	11923127	1246	1311	48.73	CHH
10	12206026	12206233	58	4	93.55	CG
10	12206026	12206233	17	48	26.15	CHG
10	12206026	12206233	1266	1542	45.09	CHH
10	13147744	13147963	322	8	97.58	CG
10	13147744	13147963	111	39	74.00	CHG
10	13147744	13147963	919	1744	34.51	CHH
10	15011394	15011890	786	47	94.36	CG
10	15011394	15011890	328	209	61.08	CHG
10	15011394	15011890	1456	2997	32.70	CHH
10	15870323	15870605	93	3	96.88	CG
10	15870323	15870605	181	211	46.17	CHG
10	15870323	15870605	582	1000	36.79	CHH
10	15986243	15986518	10	63	13.70	CG
10	15986243	15986518	99	303	24.63	CHG
10	15986243	15986518	579	2312	20.03	CHH
10	15991567	15992011	130	830	13.54	CG
10	15991567	15992011	320	911	26.00	CHG
10	15991567	15992011	1017	3015	25.22	CHH
10	16003795	16003950	5	61	7.58	CG
10	16003795	16003950	82	439	15.74	CHG
10	16003795	16003950	296	1479	16.68	CHH
10	16208913	16209034	72	5	93.51	CG
10	16208913	16209034	97	22	81.51	CHG
10	16208913	16209034	973	562	63.39	CHH
10	17033161	17033405	741	32	95.86	CG
10	17033161	17033405	207	74	73.67	CHG
10	17033161	17033405	922	1023	47.40	CHH
10	18046108	18046282	1823	852	68.15	CHH
10	18101624	18101816	508	26	95.13	CG
10	18101624	18101816	287	174	62.26	CHG
10	18101624	18101816	1383	1216	53.21	CHH
10	18561922	18562175	372	17	95.63	CG
10	18561922	18562175	548	204	72.87	CHG
10	18561922	18562175	854	1653	34.06	CHH
10	18632472	18632641	723	959	42.98	CHH
10	19698082	19698409	125	1	99.21	CG
10	19698082	19698409	168	29	85.28	CHG
10	19698082	19698409	1737	2066	45.67	CHH
10	19941399	19941637	88	2	97.78	CG
10	19941399	19941637	1226	1897	39.26	CHH
10	20291443	20292459	2675	68	97.52	CG
10	20291443	20292459	1425	371	79.34	CHG
10	20291443	20292459	2893	6740	30.03	CHH
10	20762313	20762534	10	323	3.00	CG
10	20762313	20762534	52	675	7.15	CHG
10	20762313	20762534	224	2166	9.37	CHH
10	20778820	20779263	102	561	15.38	CG
10	20778820	20779263	262	1180	18.17	CHG
10	20778820	20779263	1232	3722	24.87	CHH
10	21827999	21828272	101	48	67.79	CHG
10	21827999	21828272	2130	1922	52.57	CHH
10	22689536	22689741	1375	1393	49.67	CHH
10	22690213	22690439	1586	904	63.69	CHH
11	569050	569549	146	3	97.99	CG
11	569050	569549	637	121	84.04	CHG
11	569050	569549	3230	2519	56.18	CHH
11	1200546	1200636	67	4	94.37	CG
11	1200546	1200636	56	14	80.00	CHG
11	1200546	1200636	466	873	34.80	CHH
11	1713742	1714360	986	24	97.62	CG
11	1713742	1714360	716	180	79.91	CHG
11	1713742	1714360	3169	3729	45.94	CHH
11	1878755	1878890	66	75	46.81	CG
11	1878755	1878890	101	138	42.26	CHG
11	1878755	1878890	483	841	36.48	CHH
11	1932470	1932979	69	1	98.57	CG
11	1932470	1932979	207	70	74.73	CHG
11	1932470	1932979	2953	3068	49.05	CHH
11	1947206	1947542	60	2	96.77	CG
11	1947206	1947542	1072	2149	33.28	CHH
11	2378673	2378944	267	17	94.01	CG
11	2378673	2378944	17	56	23.29	CHG
11	2378673	2378944	1379	1124	55.09	CHH
11	5554822	5555192	123	3	97.62	CG
11	5554822	5555192	603	75	88.94	CHG
11	5554822	5555192	2277	1844	55.25	CHH
11	7332863	7333120	133	4	97.08	CG
11	7332863	7333120	79	68	53.74	CHG
11	7332863	7333120	1001	1671	37.46	CHH
11	7589703	7589963	83	0	100.00	CG
11	7589703	7589963	83	4	95.40	CHG
11	7589703	7589963	1769	1287	57.89	CHH
11	7735709	7735929	283	5	98.26	CG
11	7735709	7735929	112	199	36.01	CHG
11	7735709	7735929	548	1567	25.91	CHH
11	8045721	8046006	723	185	79.63	CG
11	8045721	8046006	84	191	30.55	CHG
11	8045721	8046006	522	2809	15.67	CHH
11	9151816	9151968	35	26	57.38	CHG
11	9151816	9151968	771	963	44.46	CHH
11	11662804	11663369	359	19	94.97	CG
11	11662804	11663369	534	91	85.44	CHG
11	11662804	11663369	2039	4939	29.22	CHH
11	11787143	11787246	1066	858	55.41	CHH
11	13632522	13632647	117	252	31.71	CHG
11	13632522	13632647	380	858	30.69	CHH
11	14005572	14005699	386	1262	23.42	CHH
11	14006096	14006227	568	786	41.95	CHH
11	14311549	14311878	917	48	95.03	CG
11	14311549	14311878	291	82	78.02	CHG
11	14311549	14311878	1437	2459	36.88	CHH
11	16006890	16007049	66	1	98.51	CG
11	16006890	16007049	27	9	75.00	CHG
11	16006890	16007049	1041	935	52.68	CHH
11	16339318	16339504	450	21	95.54	CG
11	16339318	16339504	39	56	41.05	CHG
11	16339318	16339504	1173	1300	47.43	CHH
11	16884445	16884740	159	6	96.36	CG
11	16884445	16884740	2069	1615	56.16	CHH
11	16979978	16980123	81	5	94.19	CG
11	16979978	16980123	380	2003	15.95	CHH
11	18415594	18415828	66	5	92.96	CG
11	18415594	18415828	1031	2544	28.84	CHH
11	19478887	19479310	431	11	97.51	CG
11	19478887	19479310	590	406	59.24	CHG
11	19478887	19479310	1986	2008	49.72	CHH
11	19817539	19817761	45	32	58.44	CHG
11	19817539	19817761	1104	706	60.99	CHH
11	21197890	21198236	82	50	62.12	CHG
11	21197890	21198236	2549	1753	59.25	CHH
11	21255747	21256111	486	12	97.59	CG
11	21255747	21256111	626	89	87.55	CHG
11	21255747	21256111	1389	2217	38.52	CHH
11	21412886	21413094	561	56	90.92	CG
11	21412886	21413094	191	266	41.79	CHG
11	21412886	21413094	558	1589	25.99	CHH
11	22039593	22039763	162	30	84.38	CHG
11	22039593	22039763	1541	1166	56.93	CHH
11	23435202	23435727	117	114	50.65	CG
11	23435202	23435727	635	775	45.04	CHG
11	23435202	23435727	2125	3219	39.76	CHH
11	24395075	24395260	54	240	18.37	CG
11	24395075	24395260	36	74	32.73	CHG
11	24395075	24395260	510	1261	28.80	CHH
11	24851409	24851658	470	12	97.51	CG
11	24851409	24851658	551	66	89.30	CHG
11	24851409	24851658	1094	1385	44.13	CHH
11	24991462	24991590	79	3	96.34	CG
11	24991462	24991590	202	105	65.80	CHG
11	24991462	24991590	982	602	61.99	CHH
11	25110396	25110624	170	7	96.05	CG
11	25110396	25110624	16	15	51.61	CHG
11	25110396	25110624	1135	1883	37.61	CHH
11	25586084	25586542	405	14	96.66	CG
11	25586084	25586542	382	52	88.02	CHG
11	25586084	25586542	1441	4594	23.88	CHH
11	25784649	25784892	150	2	98.68	CG
11	25784649	25784892	214	86	71.33	CHG
11	25784649	25784892	1375	2039	40.28	CHH
11	25810584	25810761	64	15	81.01	CHG
11	25810584	25810761	1062	1311	44.75	CHH
11	25853608	25853790	74	6	92.50	CG
11	25853608	25853790	882	1513	36.83	CHH
11	26205598	26205997	229	93	71.12	CG
11	26205598	26205997	64	506	11.23	CHG
11	26205598	26205997	542	4168	11.51	CHH
11	27682635	27683583	3173	76	97.66	CG
11	27682635	27683583	2111	614	77.47	CHG
11	27682635	27683583	3116	6610	32.04	CHH
11	28181129	28181426	119	2	98.35	CG
11	28181129	28181426	1120	1581	41.47	CHH
12	217168	217301	170	4	97.70	CG
12	217168	217301	69	19	78.41	CHG
12	217168	217301	1037	864	54.55	CHH
12	552916	553122	1199	1701	41.34	CHH
12	793700	793972	64	12	84.21	CHG
12	793700	793972	2124	1485	58.85	CHH
12	961100	961336	147	5	96.71	CG
12	961100	961336	388	287	57.48	CHG
12	961100	961336	672	1624	29.27	CHH
12	1049649	1049822	1435	766	65.20	CHH
12	1548545	1548692	117	42	73.58	CHG
12	1548545	1548692	877	825	51.53	CHH
12	1801896	1802216	150	45	76.92	CG
12	1801896	1802216	251	97	72.13	CHG
12	1801896	1802216	1193	1670	41.67	CHH
12	1816647	1816809	83	0	100.00	CG
12	1816647	1816809	1232	1020	54.71	CHH
12	2466366	2466538	145	17	89.51	CHG
12	2466366	2466538	1245	1540	44.70	CHH
12	5021892	5024116	1734	50	97.20	CG
12	5021892	5024116	3621	1432	71.66	CHG
12	5021892	5024116	8256	15445	34.83	CHH
12	5024498	5027592	2047	52	97.52	CG
12	5024498	5027592	4540	1571	74.29	CHG
12	5024498	5027592	13146	23610	35.77	CHH
12	7849278	7849532	438	8	98.21	CG
12	7849278	7849532	31	14	68.89	CHG
12	7849278	7849532	687	1680	29.02	CHH
12	10927998	10928435	66	4	94.29	CG
12	10927998	10928435	84	165	33.73	CHG
12	10927998	10928435	1108	4159	21.04	CHH
12	11362213	11362441	85	6	93.41	CG
12	11362213	11362441	68	20	77.27	CHG
12	11362213	11362441	1930	1559	55.32	CHH
12	12440435	12440631	538	191	73.80	CG
12	12440435	12440631	163	175	48.22	CHG
12	12440435	12440631	621	1179	34.50	CHH
12	12966688	12966790	744	653	53.26	CHH
12	15202347	15202507	219	5	97.77	CG
12	15202347	15202507	79	44	64.23	CHG
12	15202347	15202507	716	1437	33.26	CHH
12	17986589	17987047	360	15	96.00	CG
12	17986589	17987047	442	150	74.66	CHG
12	17986589	17987047	2040	3325	38.02	CHH
12	18936325	18936741	856	19	97.83	CG
12	18936325	18936741	176	54	76.52	CHG
12	18936325	18936741	1684	2268	42.61	CHH
12	19120680	19120950	92	57	61.74	CG
12	19120680	19120950	65	13	83.33	CHG
12	19120680	19120950	1641	2027	44.74	CHH
12	19156150	19156313	70	1	98.59	CG
12	19156150	19156313	193	21	90.19	CHG
12	19156150	19156313	1173	446	72.45	CHH
12	21483416	21483688	213	13	94.25	CG
12	21483416	21483688	416	82	83.53	CHG
12	21483416	21483688	761	3292	18.78	CHH
12	21831911	21832012	375	950	28.30	CHH
12	22451242	22451490	25	46	35.21	CHG
12	22451242	22451490	1488	1191	55.54	CHH
12	22462835	22463098	17	280	5.72	CG
12	22462835	22463098	136	372	26.77	CHG
12	22462835	22463098	1021	2061	33.13	CHH
12	22503691	22503984	386	9	97.72	CG
12	22503691	22503984	260	69	79.03	CHG
12	22503691	22503984	1750	1745	50.07	CHH
12	23090136	23090406	84	1	98.82	CG
12	23090136	23090406	2138	1914	52.76	CHH
12	23253874	23254115	150	2	98.68	CG
12	23253874	23254115	19	60	24.05	CHG
12	23253874	23254115	1171	1365	46.18	CHH
12	23419385	23419484	64	7	90.14	CG
12	23419385	23419484	513	515	49.90	CHH
12	23569460	23569549	224	17	92.95	CG
12	23569460	23569549	64	13	83.12	CHG
12	23569460	23569549	520	702	42.55	CHH
12	24432087	24432276	877	1933	31.21	CHH
12	25119408	25119711	542	21	96.27	CG
12	25119408	25119711	353	217	61.93	CHG
12	25119408	25119711	1107	2189	33.59	CHH
12	25285613	25285813	89	2	97.80	CG
12	25285613	25285813	1385	1492	48.14	CHH
12	25690213	25690552	337	123	73.26	CG
12	25690213	25690552	113	215	34.45	CHG
12	25690213	25690552	610	2173	21.92	CHH
12	26052913	26053003	166	194	46.11	CHG
12	26052913	26053003	443	581	43.26	CHH
