1	2555114	2555411	1473	64	95.84	CG
1	2555114	2555411	451	402	52.87	CHG
1	2555114	2555411	635	2586	19.71	CHH
1	8143115	8144572	1346	3219	29.49	CG
1	8143115	8144572	1070	2265	32.08	CHG
1	8143115	8144572	3339	13806	19.48	CHH
1	8856289	8857459	4742	155	96.83	CG
1	8856289	8857459	2561	1455	63.77	CHG
1	8856289	8857459	1332	7681	14.78	CHH
1	9440253	9440373	125	4	96.90	CG
1	9440253	9440373	343	82	80.71	CHG
1	9440253	9440373	232	1055	18.03	CHH
1	10922927	10924097	5217	137	97.44	CG
1	10922927	10924097	1801	1383	56.56	CHG
1	10922927	10924097	2348	8013	22.66	CHH
1	10924272	10925038	1261	33	97.45	CG
1	10924272	10925038	1185	343	77.55	CHG
1	10924272	10925038	3123	4990	38.49	CHH
1	10926447	10926494	109	3	97.32	CG
1	10926447	10926494	65	20	76.47	CHG
1	10926447	10926494	175	389	31.03	CHH
1	10927779	10928239	31	1293	2.34	CG
1	10927779	10928239	66	1593	3.98	CHG
1	10927779	10928239	242	4326	5.30	CHH
1	11194466	11195470	4803	221	95.60	CG
1	11194466	11195470	1394	389	78.18	CHG
1	11194466	11195470	1905	7633	19.97	CHH
1	11195594	11197144	4122	123	97.10	CG
1	11195594	11197144	2671	497	84.31	CHG
1	11195594	11197144	4956	9561	34.14	CHH
1	11469690	11470040	1499	113	92.99	CG
1	11469690	11470040	566	403	58.41	CHG
1	11469690	11470040	588	2361	19.94	CHH
1	11476217	11476541	1083	51	95.50	CG
1	11476217	11476541	495	247	66.71	CHG
1	11476217	11476541	466	3147	12.90	CHH
1	11476776	11476980	565	33	94.48	CG
1	11476776	11476980	390	276	58.56	CHG
1	11476776	11476980	219	1530	12.52	CHH
1	14960932	14961729	3045	129	95.94	CG
1	14960932	14961729	1313	1137	53.59	CHG
1	14960932	14961729	1581	6244	20.20	CHH
1	20811581	20812788	1535	113	93.14	CG
1	20811581	20812788	1354	658	67.30	CHG
1	20811581	20812788	1889	11746	13.85	CHH
1	20812987	20814418	4569	106	97.73	CG
1	20812987	20814418	2785	670	80.61	CHG
1	20812987	20814418	1576	10825	12.71	CHH
1	21008974	21009872	1047	27	97.49	CG
1	21008974	21009872	928	438	67.94	CHG
1	21008974	21009872	1177	8728	11.88	CHH
1	21009973	21014417	9196	205	97.82	CG
1	21009973	21014417	9999	3682	73.09	CHG
1	21009973	21014417	3219	40372	7.38	CHH
1	25251599	25253560	6022	1261	82.69	CG
1	25251599	25253560	2413	2220	52.08	CHG
1	25251599	25253560	4676	15001	23.76	CHH
1	25254184	25254575	1734	39	97.80	CG
1	25254184	25254575	658	234	73.77	CHG
1	25254184	25254575	1116	2650	29.63	CHH
1	26580982	26582392	6224	207	96.78	CG
1	26580982	26582392	2550	1320	65.89	CHG
1	26580982	26582392	1967	9507	17.14	CHH
1	28208118	28209343	4376	116	97.42	CG
1	28208118	28209343	1682	878	65.70	CHG
1	28208118	28209343	1188	5556	17.62	CHH
1	28209629	28210983	2656	74	97.29	CG
1	28209629	28210983	2284	758	75.08	CHG
1	28209629	28210983	1843	11904	13.41	CHH
1	28211421	28212110	789	21	97.41	CG
1	28211421	28212110	1021	209	83.01	CHG
1	28211421	28212110	1158	6888	14.39	CHH
1	30811371	30812183	2274	217	91.29	CG
1	30811371	30812183	1462	972	60.07	CHG
1	30811371	30812183	1703	6334	21.19	CHH
1	36452592	36453218	1759	220	88.88	CG
1	36452592	36453218	752	674	52.73	CHG
1	36452592	36453218	1022	5121	16.64	CHH
1	38451745	38452887	3186	713	81.71	CG
1	38451745	38452887	1603	1220	56.78	CHG
1	38451745	38452887	2944	8802	25.06	CHH
1	41135938	41135972	18	167	9.73	CG
1	41135938	41135972	7	85	7.61	CHG
1	41135938	41135972	12	359	3.23	CHH
2	3701316	3701517	292	14	95.42	CG
2	3701316	3701517	283	143	66.43	CHG
2	3701316	3701517	495	1939	20.34	CHH
2	6759920	6761510	3508	90	97.50	CG
2	6759920	6761510	2783	591	82.48	CHG
2	6759920	6761510	2752	12626	17.90	CHH
2	7610238	7610762	2418	71	97.15	CG
2	7610238	7610762	1097	733	59.95	CHG
2	7610238	7610762	1105	4172	20.94	CHH
2	8346082	8346522	907	22	97.63	CG
2	8346082	8346522	1276	217	85.47	CHG
2	8346082	8346522	1007	4721	17.58	CHH
2	13582141	13582726	825	25	97.06	CG
2	13582141	13582726	1011	308	76.65	CHG
2	13582141	13582726	1257	4932	20.31	CHH
2	14698488	14698632	236	183	56.32	CG
2	14698488	14698632	277	285	49.29	CHG
2	14698488	14698632	359	604	37.28	CHH
2	16555825	16557101	1426	2730	34.31	CG
2	16555825	16557101	769	2837	21.33	CHG
2	16555825	16557101	1135	8308	12.02	CHH
2	16557180	16558295	1292	1518	45.98	CG
2	16557180	16558295	1248	1882	39.87	CHG
2	16557180	16558295	2025	9080	18.24	CHH
2	29633236	29636111	7302	1900	79.35	CG
2	29633236	29636111	5571	2485	69.15	CHG
2	29633236	29636111	5648	23943	19.09	CHH
2	29778535	29779835	3727	114	97.03	CG
2	29778535	29779835	2060	616	76.98	CHG
2	29778535	29779835	2003	14694	12.00	CHH
2	29780404	29782752	5100	309	94.29	CG
2	29780404	29782752	2339	727	76.29	CHG
2	29780404	29782752	6806	20478	24.95	CHH
2	33668330	33668734	345	1212	22.16	CG
2	33668330	33668734	306	1203	20.28	CHG
2	33668330	33668734	1972	2772	41.57	CHH
3	7205990	7206396	1550	34	97.85	CG
3	7205990	7206396	1222	184	86.91	CHG
3	7205990	7206396	523	3723	12.32	CHH
3	7208162	7208468	1008	41	96.09	CG
3	7208162	7208468	404	104	79.53	CHG
3	7208162	7208468	853	2785	23.45	CHH
3	10131683	10133676	6620	752	89.80	CG
3	10131683	10133676	2924	2231	56.72	CHG
3	10131683	10133676	2459	18113	11.95	CHH
3	12711049	12711825	1271	75	94.43	CG
3	12711049	12711825	741	314	70.24	CHG
3	12711049	12711825	1471	6960	17.45	CHH
3	12711907	12712969	3414	119	96.63	CG
3	12711907	12712969	2196	880	71.39	CHG
3	12711907	12712969	1443	9064	13.73	CHH
3	13925598	13926734	4658	85	98.21	CG
3	13925598	13926734	2227	1082	67.30	CHG
3	13925598	13926734	1016	11567	8.07	CHH
3	15610099	15611396	4086	139	96.71	CG
3	15610099	15611396	1568	879	64.08	CHG
3	15610099	15611396	1671	9763	14.61	CHH
3	17446064	17447102	3463	93	97.38	CG
3	17446064	17447102	2505	557	81.81	CHG
3	17446064	17447102	1880	9903	15.96	CHH
3	19352995	19356617	12840	272	97.93	CG
3	19352995	19356617	7971	2159	78.69	CHG
3	19352995	19356617	3007	31111	8.81	CHH
3	22294607	22295687	3960	119	97.08	CG
3	22294607	22295687	2507	492	83.59	CHG
3	22294607	22295687	2967	9933	23.00	CHH
3	22295781	22296159	1850	44	97.68	CG
3	22295781	22296159	1192	212	84.90	CHG
3	22295781	22296159	868	3556	19.62	CHH
3	22404232	22405507	4761	141	97.12	CG
3	22404232	22405507	1783	1007	63.91	CHG
3	22404232	22405507	1109	7344	13.12	CHH
3	27941138	27942796	2716	277	90.75	CG
3	27941138	27942796	1817	2058	46.89	CHG
3	27941138	27942796	3393	13315	20.31	CHH
3	28510179	28510777	1268	30	97.69	CG
3	28510179	28510777	709	239	74.79	CHG
3	28510179	28510777	1437	5587	20.46	CHH
4	2276177	2276551	2014	50	97.58	CG
4	2276177	2276551	644	180	78.16	CHG
4	2276177	2276551	358	2277	13.59	CHH
4	11651971	11654930	7377	244	96.80	CG
4	11651971	11654930	3673	2120	63.40	CHG
4	11651971	11654930	2835	30534	8.50	CHH
4	27689683	27689829	510	24	95.51	CG
4	27689683	27689829	164	126	56.55	CHG
4	27689683	27689829	907	662	57.81	CHH
4	29141581	29141664	312	12	96.30	CG
4	29141581	29141664	213	67	76.07	CHG
4	29141581	29141664	362	1005	26.48	CHH
4	30611394	30612481	1142	596	65.71	CG
4	30611394	30612481	1060	1123	48.56	CHG
4	30611394	30612481	3034	6528	31.73	CHH
5	662749	664095	4260	160	96.38	CG
5	662749	664095	2357	590	79.98	CHG
5	662749	664095	3279	9218	26.24	CHH
5	664360	665573	2035	405	83.40	CG
5	664360	665573	1519	1422	51.65	CHG
5	664360	665573	1301	10872	10.69	CHH
5	1136684	1139118	5862	205	96.62	CG
5	1136684	1139118	4364	1586	73.34	CHG
5	1136684	1139118	4643	22407	17.16	CHH
5	2775738	2775910	124	518	19.31	CG
5	2775738	2775910	181	171	51.42	CHG
5	2775738	2775910	691	1197	36.60	CHH
5	11245127	11247429	6447	860	88.23	CG
5	11245127	11247429	3604	1279	73.81	CHG
5	11245127	11247429	3890	18643	17.26	CHH
5	13079678	13081153	5191	196	96.36	CG
5	13079678	13081153	2483	957	72.18	CHG
5	13079678	13081153	1636	10950	13.00	CHH
5	19128840	19130154	4006	108	97.37	CG
5	19128840	19130154	2354	699	77.10	CHG
5	19128840	19130154	3135	11835	20.94	CHH
5	19883682	19883838	1557	41	97.43	CG
5	19883682	19883838	1247	206	85.82	CHG
5	19883682	19883838	107	582	15.53	CHH
5	19884479	19885037	1424	431	76.77	CG
5	19884479	19885037	1323	701	65.37	CHG
5	19884479	19885037	1590	2766	36.50	CHH
5	27489055	27489338	999	25	97.56	CG
5	27489055	27489338	684	149	82.11	CHG
5	27489055	27489338	937	1437	39.47	CHH
5	27489622	27490471	706	1227	36.52	CG
5	27489622	27490471	1168	1021	53.36	CHG
5	27489622	27490471	2727	6124	30.81	CHH
6	1051401	1053277	7619	270	96.58	CG
6	1051401	1053277	3483	3535	49.63	CHG
6	1051401	1053277	2391	15900	13.07	CHH
6	6075315	6076487	1853	69	96.41	CG
6	6075315	6076487	1570	343	82.07	CHG
6	6075315	6076487	1207	13456	8.23	CHH
6	6076943	6077142	981	23	97.71	CG
6	6076943	6077142	965	156	86.08	CHG
6	6076943	6077142	188	969	16.25	CHH
6	6339071	6340741	6204	151	97.62	CG
6	6339071	6340741	2922	1053	73.51	CHG
6	6339071	6340741	1871	13323	12.31	CHH
6	11301673	11302182	763	20	97.45	CG
6	11301673	11302182	765	287	72.72	CHG
6	11301673	11302182	723	1753	29.20	CHH
6	12035080	12038531	13126	352	97.39	CG
6	12035080	12038531	8891	3206	73.50	CHG
6	12035080	12038531	2900	31276	8.49	CHH
6	13426051	13427806	5839	194	96.78	CG
6	13426051	13427806	3105	1421	68.60	CHG
6	13426051	13427806	3923	14427	21.38	CHH
6	13432787	13433792	1713	49	97.22	CG
6	13432787	13433792	1420	372	79.24	CHG
6	13432787	13433792	727	8190	8.15	CHH
6	13434151	13437348	8282	267	96.88	CG
6	13434151	13437348	6267	1557	80.10	CHG
6	13434151	13437348	2951	32078	8.42	CHH
6	17322463	17323417	2672	73	97.34	CG
6	17322463	17323417	1771	581	75.30	CHG
6	17322463	17323417	1228	8838	12.20	CHH
6	17674030	17675910	3146	273	92.02	CG
6	17674030	17675910	1011	2646	27.65	CHG
6	17674030	17675910	1679	20990	7.41	CHH
6	21224444	21225486	2275	1067	68.07	CG
6	21224444	21225486	1355	1609	45.72	CHG
6	21224444	21225486	1392	5850	19.22	CHH
6	21225688	21227423	7415	980	88.33	CG
6	21225688	21227423	2893	3009	49.02	CHG
6	21225688	21227423	2036	11137	15.46	CHH
6	21664378	21665467	2738	96	96.61	CG
6	21664378	21665467	1597	746	68.16	CHG
6	21664378	21665467	1945	9103	17.60	CHH
6	27800538	27801418	223	1115	16.67	CG
6	27800538	27801418	185	1749	9.57	CHG
6	27800538	27801418	1093	8684	11.18	CHH
6	28515545	28517894	7389	193	97.45	CG
6	28515545	28517894	3528	1037	77.28	CHG
6	28515545	28517894	3456	20374	14.50	CHH
6	29380325	29380583	164	365	31.00	CG
6	29380325	29380583	254	428	37.24	CHG
6	29380325	29380583	705	1584	30.80	CHH
7	998065	998596	895	24	97.39	CG
7	998065	998596	904	186	82.94	CHG
7	998065	998596	1170	5592	17.30	CHH
7	999799	1001396	5438	141	97.47	CG
7	999799	1001396	2901	1079	72.89	CHG
7	999799	1001396	2056	12094	14.53	CHH
7	3900733	3901027	1313	208	86.32	CG
7	3900733	3901027	353	683	34.07	CHG
7	3900733	3901027	533	1792	22.92	CHH
7	3901161	3901878	2021	63	96.98	CG
7	3901161	3901878	806	512	61.15	CHG
7	3901161	3901878	1318	7122	15.62	CHH
7	3901974	3902422	617	21	96.71	CG
7	3901974	3902422	435	170	71.90	CHG
7	3901974	3902422	1069	3222	24.91	CHH
7	5720282	5722705	4363	133	97.04	CG
7	5720282	5722705	3857	1875	67.29	CHG
7	5720282	5722705	2544	23112	9.92	CHH
7	8298338	8298633	286	12	95.97	CG
7	8298338	8298633	452	304	59.79	CHG
7	8298338	8298633	682	2914	18.97	CHH
7	8298718	8299246	1410	34	97.65	CG
7	8298718	8299246	1043	277	79.02	CHG
7	8298718	8299246	803	4558	14.98	CHH
7	8299464	8300327	1202	33	97.33	CG
7	8299464	8300327	1451	334	81.29	CHG
7	8299464	8300327	1060	9547	9.99	CHH
7	15317591	15318975	2532	82	96.86	CG
7	15317591	15318975	2024	675	74.99	CHG
7	15317591	15318975	1425	13314	9.67	CHH
7	15677020	15677884	1565	38	97.63	CG
7	15677020	15677884	1576	622	71.70	CHG
7	15677020	15677884	1798	4586	28.16	CHH
7	19999746	20001606	4363	375	92.09	CG
7	19999746	20001606	1734	2060	45.70	CHG
7	19999746	20001606	2129	9827	17.81	CHH
7	20006322	20006843	1348	30	97.82	CG
7	20006322	20006843	850	473	64.25	CHG
7	20006322	20006843	772	6017	11.37	CHH
7	22461243	22461968	2470	40	98.41	CG
7	22461243	22461968	1378	407	77.20	CHG
7	22461243	22461968	1238	5275	19.01	CHH
7	27168967	27169484	1196	71	94.40	CG
7	27168967	27169484	514	339	60.26	CHG
7	27168967	27169484	1627	2921	35.77	CHH
8	3956366	3957065	1590	142	91.80	CG
8	3956366	3957065	986	894	52.45	CHG
8	3956366	3957065	1662	6475	20.43	CHH
8	4051074	4052619	3660	2601	58.46	CG
8	4051074	4052619	1195	2445	32.83	CHG
8	4051074	4052619	2653	10271	20.53	CHH
8	5776503	5777429	2303	1729	57.12	CG
8	5776503	5777429	1023	1661	38.11	CHG
8	5776503	5777429	948	5818	14.01	CHH
8	5777523	5777952	1779	37	97.96	CG
8	5777523	5777952	1239	378	76.62	CHG
8	5777523	5777952	1281	2913	30.54	CHH
8	7667656	7668635	1845	63	96.70	CG
8	7667656	7668635	1489	711	67.68	CHG
8	7667656	7668635	1576	9020	14.87	CHH
8	7668975	7671382	3481	436	88.87	CG
8	7668975	7671382	2144	5719	27.27	CHG
8	7668975	7671382	2268	25229	8.25	CHH
8	7769992	7770862	1678	76	95.67	CG
8	7769992	7770862	2142	453	82.54	CHG
8	7769992	7770862	1043	7877	11.69	CHH
8	8373831	8376092	6628	158	97.67	CG
8	8373831	8376092	4691	1158	80.20	CHG
8	8373831	8376092	2813	20500	12.07	CHH
8	8446534	8449768	8507	1021	89.28	CG
8	8446534	8449768	4472	1770	71.64	CHG
8	8446534	8449768	3484	32349	9.72	CHH
8	9446567	9447269	3009	66	97.85	CG
8	9446567	9447269	1181	617	65.68	CHG
8	9446567	9447269	1128	5576	16.83	CHH
8	9448173	9449184	4328	270	94.13	CG
8	9448173	9449184	1243	1126	52.47	CHG
8	9448173	9449184	1140	8092	12.35	CHH
8	15385469	15386230	2046	119	94.50	CG
8	15385469	15386230	1152	603	65.64	CHG
8	15385469	15386230	952	7911	10.74	CHH
8	15452051	15454665	7977	242	97.06	CG
8	15452051	15454665	4167	1321	75.93	CHG
8	15452051	15454665	4409	23173	15.99	CHH
8	15462558	15463189	1771	47	97.41	CG
8	15462558	15463189	1345	221	85.89	CHG
8	15462558	15463189	868	5187	14.34	CHH
8	15463325	15463489	402	20	95.26	CG
8	15463325	15463489	706	130	84.45	CHG
8	15463325	15463489	205	1339	13.28	CHH
8	15463949	15465412	1948	515	79.09	CG
8	15463949	15465412	1305	1076	54.81	CHG
8	15463949	15465412	2050	12689	13.91	CHH
8	19733579	19734538	2562	241	91.40	CG
8	19733579	19734538	1272	694	64.70	CHG
8	19733579	19734538	1280	8976	12.48	CHH
8	19734616	19735488	2909	89	97.03	CG
8	19734616	19735488	1611	828	66.05	CHG
8	19734616	19735488	2316	8091	22.25	CHH
8	20981167	20986252	22881	1915	92.28	CG
8	20981167	20986252	10689	4262	71.49	CHG
8	20981167	20986252	6937	38243	15.35	CHH
8	26829088	26830470	3178	516	86.03	CG
8	26829088	26830470	1964	1138	63.31	CHG
8	26829088	26830470	1394	9091	13.30	CHH
9	1293289	1296834	8881	250	97.26	CG
9	1293289	1296834	4470	1250	78.15	CHG
9	1293289	1296834	4884	25035	16.32	CHH
9	1297015	1297850	3022	64	97.93	CG
9	1297015	1297850	1066	255	80.70	CHG
9	1297015	1297850	1138	6532	14.84	CHH
9	3227798	3229550	4195	145	96.66	CG
9	3227798	3229550	2735	1087	71.56	CHG
9	3227798	3229550	2059	15112	11.99	CHH
9	3229897	3231099	3081	88	97.22	CG
9	3229897	3231099	2274	1326	63.17	CHG
9	3229897	3231099	1880	13220	12.45	CHH
9	3515363	3516506	3711	77	97.97	CG
9	3515363	3516506	2627	1162	69.33	CHG
9	3515363	3516506	906	10236	8.13	CHH
9	3516815	3517763	3938	70	98.25	CG
9	3516815	3517763	1656	2256	42.33	CHG
9	3516815	3517763	585	7366	7.36	CHH
9	3730715	3731926	1933	1076	64.24	CG
9	3730715	3731926	838	1646	33.74	CHG
9	3730715	3731926	1650	10234	13.88	CHH
9	9557293	9558428	3012	65	97.89	CG
9	9557293	9558428	1724	543	76.05	CHG
9	9557293	9558428	2180	8922	19.64	CHH
9	12178127	12181584	6983	207	97.12	CG
9	12178127	12181584	6037	2065	74.51	CHG
9	12178127	12181584	3294	29788	9.96	CHH
9	12419030	12419675	2250	64	97.23	CG
9	12419030	12419675	2091	755	73.47	CHG
9	12419030	12419675	827	5318	13.46	CHH
9	12420619	12426858	13159	369	97.27	CG
9	12420619	12426858	18147	3812	82.64	CHG
9	12420619	12426858	6460	58448	9.95	CHH
9	15229746	15230319	1328	31	97.72	CG
9	15229746	15230319	909	232	79.67	CHG
9	15229746	15230319	442	1985	18.21	CHH
9	15230410	15231901	5193	98	98.15	CG
9	15230410	15231901	2600	688	79.08	CHG
9	15230410	15231901	1907	10107	15.87	CHH
9	17429413	17430049	1082	44	96.09	CG
9	17429413	17430049	745	187	79.94	CHG
9	17429413	17430049	2728	2605	51.15	CHH
10	402636	402987	876	78	91.82	CG
10	402636	402987	583	315	64.92	CHG
10	402636	402987	1542	2443	38.70	CHH
10	705178	705397	1630	24	98.55	CG
10	705178	705397	1119	216	83.82	CHG
10	705178	705397	121	783	13.38	CHH
10	706000	706142	791	21	97.41	CG
10	706000	706142	604	173	77.73	CHG
10	706000	706142	111	526	17.43	CHH
10	5925941	5926484	777	32	96.04	CG
10	5925941	5926484	578	359	61.69	CHG
10	5925941	5926484	347	5980	5.48	CHH
10	5927422	5928302	1248	25	98.04	CG
10	5927422	5928302	690	244	73.88	CHG
10	5927422	5928302	1554	7572	17.03	CHH
10	9629597	9630043	240	1208	16.57	CG
10	9629597	9630043	423	1561	21.32	CHG
10	9629597	9630043	925	3290	21.95	CHH
10	11210121	11211317	3022	90	97.11	CG
10	11210121	11211317	1857	468	79.87	CHG
10	11210121	11211317	1411	12083	10.46	CHH
10	16005555	16006259	1727	54	96.97	CG
10	16005555	16006259	951	465	67.16	CHG
10	16005555	16006259	2467	3888	38.82	CHH
11	3230048	3230169	153	2	98.71	CG
11	3230048	3230169	149	61	70.95	CHG
11	3230048	3230169	359	894	28.65	CHH
11	6296560	6298355	3044	931	76.58	CG
11	6296560	6298355	2696	2143	55.71	CHG
11	6296560	6298355	2209	18217	10.81	CHH
11	7729318	7730196	2031	52	97.50	CG
11	7729318	7730196	2464	576	81.05	CHG
11	7729318	7730196	1115	10282	9.78	CHH
11	7736107	7738642	6640	196	97.13	CG
11	7736107	7738642	3965	2429	62.01	CHG
11	7736107	7738642	4670	19391	19.41	CHH
11	7738733	7740049	2480	66	97.41	CG
11	7738733	7740049	1600	475	77.11	CHG
11	7738733	7740049	2862	9998	22.26	CHH
11	8911345	8913282	1108	952	53.79	CG
11	8911345	8913282	1064	3934	21.29	CHG
11	8911345	8913282	3514	18073	16.28	CHH
11	11148469	11148552	593	49	92.37	CG
11	11148469	11148552	101	110	47.87	CHG
11	11148469	11148552	124	347	26.33	CHH
11	15466012	15467596	1880	3521	34.81	CG
11	15466012	15467596	891	3173	21.92	CHG
11	15466012	15467596	1628	10338	13.61	CHH
11	17162539	17163796	7664	122	98.43	CG
11	17162539	17163796	1998	1328	60.07	CHG
11	17162539	17163796	595	6323	8.60	CHH
11	17164953	17166701	3669	132	96.53	CG
11	17164953	17166701	2043	1551	56.84	CHG
11	17164953	17166701	2398	15037	13.75	CHH
11	17166830	17167277	1528	56	96.46	CG
11	17166830	17167277	780	859	47.59	CHG
11	17166830	17167277	1556	3596	30.20	CHH
11	17167358	17167576	758	32	95.95	CG
11	17167358	17167576	184	324	36.22	CHG
11	17167358	17167576	674	1734	27.99	CHH
11	17167722	17168412	2137	50	97.71	CG
11	17167722	17168412	804	699	53.49	CHG
11	17167722	17168412	1160	5677	16.97	CHH
11	17168615	17170260	3752	113	97.08	CG
11	17168615	17170260	4048	1233	76.65	CHG
11	17168615	17170260	1620	13162	10.96	CHH
11	22338223	22342581	13772	402	97.16	CG
11	22338223	22342581	9248	2547	78.41	CHG
11	22338223	22342581	5795	35333	14.09	CHH
11	24390111	24390786	397	13	96.83	CG
11	24390111	24390786	1567	1111	58.51	CHG
11	24390111	24390786	1556	5776	21.22	CHH
12	4737413	4737840	578	76	88.38	CG
12	4737413	4737840	463	319	59.21	CHG
12	4737413	4737840	1605	2340	40.68	CHH
12	4898920	4899775	2139	114	94.94	CG
12	4898920	4899775	756	842	47.31	CHG
12	4898920	4899775	1816	6743	21.22	CHH
12	4902073	4902516	1160	57	95.32	CG
12	4902073	4902516	302	468	39.22	CHG
12	4902073	4902516	855	3923	17.89	CHH
12	9062972	9063466	1644	68	96.03	CG
12	9062972	9063466	919	943	49.36	CHG
12	9062972	9063466	474	4511	9.51	CHH
12	9064169	9064334	384	14	96.48	CG
12	9064169	9064334	253	151	62.62	CHG
12	9064169	9064334	229	1467	13.50	CHH
12	9064925	9066118	3157	396	88.85	CG
12	9064925	9066118	946	1646	36.50	CHG
12	9064925	9066118	2138	8711	19.71	CHH
12	17504082	17504299	561	11	98.08	CG
12	17504082	17504299	411	146	73.79	CHG
12	17504082	17504299	189	1612	10.49	CHH
12	17987554	17988996	4745	110	97.73	CG
12	17987554	17988996	2488	847	74.60	CHG
12	17987554	17988996	2502	14017	15.15	CHH
12	18861738	18863268	1373	53	96.28	CG
12	18861738	18863268	576	597	49.10	CHG
12	18861738	18863268	2524	14695	14.66	CHH
12	18864308	18866205	4904	145	97.13	CG
12	18864308	18866205	3031	900	77.11	CHG
12	18864308	18866205	4378	12982	25.22	CHH
