1	2555114	2555411	964	41	95.92	CG
1	2555114	2555411	325	230	58.56	CHG
1	2555114	2555411	368	1813	16.87	CHH
1	8143115	8144572	1355	3086	30.51	CG
1	8143115	8144572	1082	2110	33.90	CHG
1	8143115	8144572	3463	12905	21.16	CHH
1	8856289	8857459	4146	129	96.98	CG
1	8856289	8857459	2274	1169	66.05	CHG
1	8856289	8857459	1065	6751	13.63	CHH
1	9440253	9440373	124	3	97.64	CG
1	9440253	9440373	413	42	90.77	CHG
1	9440253	9440373	186	1132	14.11	CHH
1	10922927	10924097	4955	83	98.35	CG
1	10922927	10924097	1737	1225	58.64	CHG
1	10922927	10924097	1882	7768	19.50	CHH
1	10924272	10925038	1182	18	98.50	CG
1	10924272	10925038	1229	228	84.35	CHG
1	10924272	10925038	2720	4599	37.16	CHH
1	10926447	10926494	130	1	99.24	CG
1	10926447	10926494	74	21	77.89	CHG
1	10926447	10926494	202	377	34.89	CHH
1	10927779	10928239	20	1347	1.46	CG
1	10927779	10928239	94	1553	5.71	CHG
1	10927779	10928239	298	4226	6.59	CHH
1	11194466	11195470	5427	132	97.63	CG
1	11194466	11195470	1651	318	83.85	CHG
1	11194466	11195470	2541	7523	25.25	CHH
1	11195594	11197144	4150	60	98.57	CG
1	11195594	11197144	2781	370	88.26	CHG
1	11195594	11197144	5327	8926	37.37	CHH
1	11469690	11470040	977	157	86.16	CG
1	11469690	11470040	449	313	58.92	CHG
1	11469690	11470040	531	1711	23.68	CHH
1	11476217	11476541	951	9	99.06	CG
1	11476217	11476541	481	141	77.33	CHG
1	11476217	11476541	431	2620	14.13	CHH
1	11476776	11476980	447	25	94.70	CG
1	11476776	11476980	347	211	62.19	CHG
1	11476776	11476980	187	1194	13.54	CHH
1	14960932	14961729	3056	133	95.83	CG
1	14960932	14961729	1417	1093	56.45	CHG
1	14960932	14961729	1526	6165	19.84	CHH
1	20811581	20812788	1502	54	96.53	CG
1	20811581	20812788	1555	473	76.68	CHG
1	20811581	20812788	2060	10884	15.91	CHH
1	20812987	20814418	5071	136	97.39	CG
1	20812987	20814418	3167	612	83.81	CHG
1	20812987	20814418	1785	11690	13.25	CHH
1	21008974	21009872	1056	22	97.96	CG
1	21008974	21009872	1003	256	79.67	CHG
1	21008974	21009872	1060	8606	10.97	CHH
1	21009973	21014417	8459	194	97.76	CG
1	21009973	21014417	9020	3354	72.89	CHG
1	21009973	21014417	2727	37011	6.86	CHH
1	25251599	25253560	5628	1180	82.67	CG
1	25251599	25253560	2337	2049	53.28	CHG
1	25251599	25253560	4071	14157	22.33	CHH
1	25254184	25254575	1366	21	98.49	CG
1	25254184	25254575	545	173	75.91	CHG
1	25254184	25254575	931	1916	32.70	CHH
1	26580982	26582392	5108	110	97.89	CG
1	26580982	26582392	2284	928	71.11	CHG
1	26580982	26582392	1567	7410	17.46	CHH
1	28208118	28209343	3826	63	98.38	CG
1	28208118	28209343	1710	598	74.09	CHG
1	28208118	28209343	1113	4605	19.46	CHH
1	28209629	28210983	2804	74	97.43	CG
1	28209629	28210983	2481	537	82.21	CHG
1	28209629	28210983	1724	12324	12.27	CHH
1	28211421	28212110	794	14	98.27	CG
1	28211421	28212110	1128	145	88.61	CHG
1	28211421	28212110	1089	7254	13.05	CHH
1	30811371	30812183	2286	132	94.54	CG
1	30811371	30812183	1405	928	60.22	CHG
1	30811371	30812183	1335	5409	19.80	CHH
1	36452592	36453218	1440	231	86.18	CG
1	36452592	36453218	732	590	55.37	CHG
1	36452592	36453218	894	4419	16.83	CHH
1	38451745	38452887	3309	677	83.02	CG
1	38451745	38452887	1795	1166	60.62	CHG
1	38451745	38452887	3507	8717	28.69	CHH
1	41135938	41135972	4	132	2.94	CG
1	41135938	41135972	2	67	2.90	CHG
1	41135938	41135972	5	280	1.75	CHH
2	3701316	3701517	236	6	97.52	CG
2	3701316	3701517	228	78	74.51	CHG
2	3701316	3701517	363	1599	18.50	CHH
2	6759920	6761510	3225	67	97.96	CG
2	6759920	6761510	2440	538	81.93	CHG
2	6759920	6761510	2435	11279	17.76	CHH
2	7610238	7610762	2068	35	98.34	CG
2	7610238	7610762	1037	487	68.04	CHG
2	7610238	7610762	936	3481	21.19	CHH
2	8346082	8346522	804	25	96.98	CG
2	8346082	8346522	1178	143	89.17	CHG
2	8346082	8346522	758	4508	14.39	CHH
2	13582141	13582726	656	11	98.35	CG
2	13582141	13582726	887	152	85.37	CHG
2	13582141	13582726	1053	3871	21.39	CHH
2	14698488	14698632	231	179	56.34	CG
2	14698488	14698632	278	291	48.86	CHG
2	14698488	14698632	446	533	45.56	CHH
2	16555825	16557101	1282	2868	30.89	CG
2	16555825	16557101	714	2996	19.25	CHG
2	16555825	16557101	972	8508	10.25	CHH
2	16557180	16558295	1158	1495	43.65	CG
2	16557180	16558295	1028	1755	36.94	CHG
2	16557180	16558295	1797	8282	17.83	CHH
2	29633236	29636111	6433	1816	77.99	CG
2	29633236	29636111	5126	1967	72.27	CHG
2	29633236	29636111	5012	21516	18.89	CHH
2	29778535	29779835	3606	59	98.39	CG
2	29778535	29779835	2005	404	83.23	CHG
2	29778535	29779835	2070	14067	12.83	CHH
2	29780404	29782752	4507	178	96.20	CG
2	29780404	29782752	2215	562	79.76	CHG
2	29780404	29782752	5730	18820	23.34	CHH
2	33668330	33668734	371	1350	21.56	CG
2	33668330	33668734	298	1323	18.38	CHG
2	33668330	33668734	1733	2778	38.42	CHH
3	7205990	7206396	1326	23	98.30	CG
3	7205990	7206396	1073	127	89.42	CHG
3	7205990	7206396	537	3104	14.75	CHH
3	7208162	7208468	813	9	98.91	CG
3	7208162	7208468	351	68	83.77	CHG
3	7208162	7208468	610	2195	21.75	CHH
3	10131683	10133676	5675	907	86.22	CG
3	10131683	10133676	2460	2114	53.78	CHG
3	10131683	10133676	1978	17051	10.39	CHH
3	12711049	12711825	1228	28	97.77	CG
3	12711049	12711825	746	221	77.15	CHG
3	12711049	12711825	1714	5757	22.94	CHH
3	12711907	12712969	3165	92	97.18	CG
3	12711907	12712969	2071	768	72.95	CHG
3	12711907	12712969	1416	8247	14.65	CHH
3	13925598	13926734	3969	62	98.46	CG
3	13925598	13926734	1932	792	70.93	CHG
3	13925598	13926734	923	9281	9.05	CHH
3	15610099	15611396	3560	66	98.18	CG
3	15610099	15611396	1502	603	71.35	CHG
3	15610099	15611396	1847	8358	18.10	CHH
3	17446064	17447102	2922	34	98.85	CG
3	17446064	17447102	2122	241	89.80	CHG
3	17446064	17447102	1644	7857	17.30	CHH
3	19352995	19356617	13146	209	98.44	CG
3	19352995	19356617	8162	1770	82.18	CHG
3	19352995	19356617	3188	31525	9.18	CHH
3	22294607	22295687	3714	63	98.33	CG
3	22294607	22295687	2482	344	87.83	CHG
3	22294607	22295687	2839	9470	23.06	CHH
3	22295781	22296159	1310	31	97.69	CG
3	22295781	22296159	843	124	87.18	CHG
3	22295781	22296159	697	2785	20.02	CHH
3	22404232	22405507	3878	41	98.95	CG
3	22404232	22405507	1541	713	68.37	CHG
3	22404232	22405507	858	5805	12.88	CHH
3	27941138	27942796	2567	154	94.34	CG
3	27941138	27942796	1916	1522	55.73	CHG
3	27941138	27942796	2788	11878	19.01	CHH
3	28510179	28510777	1061	18	98.33	CG
3	28510179	28510777	628	169	78.80	CHG
3	28510179	28510777	1048	4936	17.51	CHH
4	2276177	2276551	2021	19	99.07	CG
4	2276177	2276551	688	121	85.04	CHG
4	2276177	2276551	398	2079	16.07	CHH
4	11651971	11654930	6694	129	98.11	CG
4	11651971	11654930	3521	1531	69.70	CHG
4	11651971	11654930	2433	28363	7.90	CHH
4	27689683	27689829	434	42	91.18	CG
4	27689683	27689829	128	93	57.92	CHG
4	27689683	27689829	799	636	55.68	CHH
4	29141581	29141664	274	4	98.56	CG
4	29141581	29141664	195	48	80.25	CHG
4	29141581	29141664	400	835	32.39	CHH
4	30611394	30612481	892	496	64.27	CG
4	30611394	30612481	913	914	49.97	CHG
4	30611394	30612481	2647	5403	32.88	CHH
5	662749	664095	3370	48	98.60	CG
5	662749	664095	1931	405	82.66	CHG
5	662749	664095	2833	7317	27.91	CHH
5	664360	665573	2057	379	84.44	CG
5	664360	665573	1699	1151	59.61	CHG
5	664360	665573	1431	10731	11.77	CHH
5	1136684	1139118	5726	76	98.69	CG
5	1136684	1139118	4691	1011	82.27	CHG
5	1136684	1139118	4199	21891	16.09	CHH
5	2775738	2775910	87	505	14.70	CG
5	2775738	2775910	137	157	46.60	CHG
5	2775738	2775910	536	1207	30.75	CHH
5	11245127	11247429	5731	718	88.87	CG
5	11245127	11247429	3339	1006	76.85	CHG
5	11245127	11247429	3702	14998	19.80	CHH
5	13079678	13081153	4785	110	97.75	CG
5	13079678	13081153	2451	755	76.45	CHG
5	13079678	13081153	1568	9795	13.80	CHH
5	19128840	19130154	3399	41	98.81	CG
5	19128840	19130154	2042	424	82.81	CHG
5	19128840	19130154	2761	9763	22.05	CHH
5	19883682	19883838	1214	19	98.46	CG
5	19883682	19883838	963	165	85.37	CHG
5	19883682	19883838	100	445	18.35	CHH
5	19884479	19885037	1073	461	69.95	CG
5	19884479	19885037	1017	666	60.43	CHG
5	19884479	19885037	1543	2294	40.21	CHH
5	27489055	27489338	921	14	98.50	CG
5	27489055	27489338	645	122	84.09	CHG
5	27489055	27489338	736	1386	34.68	CHH
5	27489622	27490471	510	1092	31.84	CG
5	27489622	27490471	942	735	56.17	CHG
5	27489622	27490471	2060	4906	29.57	CHH
6	1051401	1053277	6302	200	96.92	CG
6	1051401	1053277	3055	2695	53.13	CHG
6	1051401	1053277	1828	13044	12.29	CHH
6	6075315	6076487	1654	23	98.63	CG
6	6075315	6076487	1373	246	84.81	CHG
6	6075315	6076487	1125	11676	8.79	CHH
6	6076943	6077142	941	13	98.64	CG
6	6076943	6077142	946	125	88.33	CHG
6	6076943	6077142	213	932	18.60	CHH
6	6339071	6340741	5910	62	98.96	CG
6	6339071	6340741	2941	896	76.65	CHG
6	6339071	6340741	1922	12777	13.08	CHH
6	11301673	11302182	508	39	92.87	CG
6	11301673	11302182	625	174	78.22	CHG
6	11301673	11302182	581	1193	32.75	CHH
6	12035080	12038531	11134	160	98.58	CG
6	12035080	12038531	7953	2144	78.77	CHG
6	12035080	12038531	2274	26592	7.88	CHH
6	13426051	13427806	4956	146	97.14	CG
6	13426051	13427806	2791	1002	73.58	CHG
6	13426051	13427806	3452	12706	21.36	CHH
6	13432787	13433792	1760	28	98.43	CG
6	13432787	13433792	1496	350	81.04	CHG
6	13432787	13433792	703	8310	7.80	CHH
6	13434151	13437348	7618	147	98.11	CG
6	13434151	13437348	6100	999	85.93	CHG
6	13434151	13437348	2811	28327	9.03	CHH
6	17322463	17323417	2334	42	98.23	CG
6	17322463	17323417	1592	383	80.61	CHG
6	17322463	17323417	973	7937	10.92	CHH
6	17674030	17675910	2842	218	92.88	CG
6	17674030	17675910	1008	2224	31.19	CHG
6	17674030	17675910	1692	18660	8.31	CHH
6	21224444	21225486	2316	1252	64.91	CG
6	21224444	21225486	1412	1784	44.18	CHG
6	21224444	21225486	1114	6879	13.94	CHH
6	21225688	21227423	5803	484	92.30	CG
6	21225688	21227423	2477	1988	55.48	CHG
6	21225688	21227423	1599	8116	16.46	CHH
6	21664378	21665467	2840	81	97.23	CG
6	21664378	21665467	1731	619	73.66	CHG
6	21664378	21665467	2250	9698	18.83	CHH
6	27800538	27801418	221	944	18.97	CG
6	27800538	27801418	135	1626	7.67	CHG
6	27800538	27801418	822	8020	9.30	CHH
6	28515545	28517894	6880	141	97.99	CG
6	28515545	28517894	3309	841	79.73	CHG
6	28515545	28517894	3289	19678	14.32	CHH
6	29380325	29380583	144	299	32.51	CG
6	29380325	29380583	209	316	39.81	CHG
6	29380325	29380583	586	1301	31.05	CHH
7	998065	998596	926	13	98.62	CG
7	998065	998596	976	108	90.04	CHG
7	998065	998596	1039	5709	15.40	CHH
7	999799	1001396	5471	73	98.68	CG
7	999799	1001396	2845	999	74.01	CHG
7	999799	1001396	2030	11459	15.05	CHH
7	3900733	3901027	1287	108	92.26	CG
7	3900733	3901027	441	490	47.37	CHG
7	3900733	3901027	556	1674	24.93	CHH
7	3901161	3901878	1611	37	97.75	CG
7	3901161	3901878	587	378	60.83	CHG
7	3901161	3901878	930	5932	13.55	CHH
7	3901974	3902422	611	17	97.29	CG
7	3901974	3902422	454	104	81.36	CHG
7	3901974	3902422	1106	3535	23.83	CHH
7	5720282	5722705	4785	95	98.05	CG
7	5720282	5722705	4266	1589	72.86	CHG
7	5720282	5722705	2627	23381	10.10	CHH
7	8298338	8298633	242	10	96.03	CG
7	8298338	8298633	382	241	61.32	CHG
7	8298338	8298633	779	2538	23.49	CHH
7	8298718	8299246	1414	26	98.19	CG
7	8298718	8299246	1161	214	84.44	CHG
7	8298718	8299246	1014	4345	18.92	CHH
7	8299464	8300327	1187	23	98.10	CG
7	8299464	8300327	1454	211	87.33	CHG
7	8299464	8300327	1036	9668	9.68	CHH
7	15317591	15318975	2483	51	97.99	CG
7	15317591	15318975	2125	520	80.34	CHG
7	15317591	15318975	1303	13138	9.02	CHH
7	15677020	15677884	1210	48	96.18	CG
7	15677020	15677884	1505	438	77.46	CHG
7	15677020	15677884	1502	4107	26.78	CHH
7	19999746	20001606	3768	317	92.24	CG
7	19999746	20001606	1683	1717	49.50	CHG
7	19999746	20001606	2194	9318	19.06	CHH
7	20006322	20006843	1065	8	99.25	CG
7	20006322	20006843	730	333	68.67	CHG
7	20006322	20006843	584	4872	10.70	CHH
7	22461243	22461968	2575	47	98.21	CG
7	22461243	22461968	1589	272	85.38	CHG
7	22461243	22461968	1281	5539	18.78	CHH
7	27168967	27169484	881	43	95.35	CG
7	27168967	27169484	433	209	67.45	CHG
7	27168967	27169484	1404	1968	41.64	CHH
8	3956366	3957065	1334	100	93.03	CG
8	3956366	3957065	851	677	55.69	CHG
8	3956366	3957065	1401	5267	21.01	CHH
8	4051074	4052619	3324	2151	60.71	CG
8	4051074	4052619	1187	2148	35.59	CHG
8	4051074	4052619	2610	9636	21.31	CHH
8	5776503	5777429	1742	1823	48.86	CG
8	5776503	5777429	816	1532	34.75	CHG
8	5776503	5777429	775	5409	12.53	CHH
8	5777523	5777952	1508	11	99.28	CG
8	5777523	5777952	1127	303	78.81	CHG
8	5777523	5777952	1032	2243	31.51	CHH
8	7667656	7668635	1870	29	98.47	CG
8	7667656	7668635	1580	598	72.54	CHG
8	7667656	7668635	1911	8430	18.48	CHH
8	7668975	7671382	3026	312	90.65	CG
8	7668975	7671382	1649	5258	23.87	CHG
8	7668975	7671382	1942	22756	7.86	CHH
8	7769992	7770862	1480	52	96.61	CG
8	7769992	7770862	2116	256	89.21	CHG
8	7769992	7770862	968	7421	11.54	CHH
8	8373831	8376092	6384	77	98.81	CG
8	8373831	8376092	4614	815	84.99	CHG
8	8373831	8376092	2740	18860	12.69	CHH
8	8446534	8449768	8218	900	90.13	CG
8	8446534	8449768	4484	1531	74.55	CHG
8	8446534	8449768	3815	30775	11.03	CHH
8	9446567	9447269	2282	29	98.75	CG
8	9446567	9447269	978	436	69.17	CHG
8	9446567	9447269	1004	4277	19.01	CHH
8	9448173	9449184	3654	155	95.93	CG
8	9448173	9449184	1173	852	57.93	CHG
8	9448173	9449184	926	6796	11.99	CHH
8	15385469	15386230	1804	51	97.25	CG
8	15385469	15386230	1173	461	71.79	CHG
8	15385469	15386230	852	7134	10.67	CHH
8	15452051	15454665	7556	101	98.68	CG
8	15452051	15454665	4134	1000	80.52	CHG
8	15452051	15454665	4239	21070	16.75	CHH
8	15462558	15463189	1775	28	98.45	CG
8	15462558	15463189	1344	197	87.22	CHG
8	15462558	15463189	896	5043	15.09	CHH
8	15463325	15463489	332	3	99.10	CG
8	15463325	15463489	606	68	89.91	CHG
8	15463325	15463489	254	1067	19.23	CHH
8	15463949	15465412	2078	610	77.31	CG
8	15463949	15465412	1413	1184	54.41	CHG
8	15463949	15465412	2594	13125	16.50	CHH
8	19733579	19734538	2103	161	92.89	CG
8	19733579	19734538	1135	498	69.50	CHG
8	19733579	19734538	997	7072	12.36	CHH
8	19734616	19735488	2403	35	98.56	CG
8	19734616	19735488	1602	472	77.24	CHG
8	19734616	19735488	1647	6550	20.09	CHH
8	20981167	20986252	20987	1626	92.81	CG
8	20981167	20986252	10064	3537	73.99	CHG
8	20981167	20986252	6465	35089	15.56	CHH
8	26829088	26830470	2922	325	89.99	CG
8	26829088	26830470	1913	803	70.43	CHG
8	26829088	26830470	1439	7997	15.25	CHH
9	1293289	1296834	8626	180	97.96	CG
9	1293289	1296834	4683	1032	81.94	CHG
9	1293289	1296834	4769	25634	15.69	CHH
9	1297015	1297850	3100	86	97.30	CG
9	1297015	1297850	1206	208	85.29	CHG
9	1297015	1297850	1136	7098	13.80	CHH
9	3227798	3229550	3796	62	98.39	CG
9	3227798	3229550	2475	873	73.92	CHG
9	3227798	3229550	1931	12805	13.10	CHH
9	3229897	3231099	2573	31	98.81	CG
9	3229897	3231099	2061	929	68.93	CHG
9	3229897	3231099	1587	10887	12.72	CHH
9	3515363	3516506	3043	66	97.88	CG
9	3515363	3516506	2254	903	71.40	CHG
9	3515363	3516506	922	8847	9.44	CHH
9	3516815	3517763	3060	64	97.95	CG
9	3516815	3517763	1547	1918	44.65	CHG
9	3516815	3517763	423	6679	5.96	CHH
9	3730715	3731926	1946	1022	65.57	CG
9	3730715	3731926	860	1528	36.01	CHG
9	3730715	3731926	1416	9759	12.67	CHH
9	9557293	9558428	3057	69	97.79	CG
9	9557293	9558428	1808	389	82.29	CHG
9	9557293	9558428	2081	8809	19.11	CHH
9	12178127	12181584	7220	103	98.59	CG
9	12178127	12181584	7004	1463	82.72	CHG
9	12178127	12181584	3423	31457	9.81	CHH
9	12419030	12419675	2470	32	98.72	CG
9	12419030	12419675	2340	857	73.19	CHG
9	12419030	12419675	853	5731	12.96	CHH
9	12420619	12426858	12509	192	98.49	CG
9	12420619	12426858	18033	2302	88.68	CHG
9	12420619	12426858	5560	53030	9.49	CHH
9	15229746	15230319	893	38	95.92	CG
9	15229746	15230319	689	116	85.59	CHG
9	15229746	15230319	343	1677	16.98	CHH
9	15230410	15231901	4813	77	98.43	CG
9	15230410	15231901	2481	516	82.78	CHG
9	15230410	15231901	1793	8870	16.82	CHH
9	17429413	17430049	1103	42	96.33	CG
9	17429413	17430049	768	134	85.14	CHG
9	17429413	17430049	2936	2824	50.97	CHH
10	402636	402987	745	22	97.13	CG
10	402636	402987	458	230	66.57	CHG
10	402636	402987	1211	1903	38.89	CHH
10	705178	705397	1732	17	99.03	CG
10	705178	705397	1204	250	82.81	CHG
10	705178	705397	111	879	11.21	CHH
10	706000	706142	588	7	98.82	CG
10	706000	706142	493	69	87.72	CHG
10	706000	706142	110	404	21.40	CHH
10	5925941	5926484	687	21	97.03	CG
10	5925941	5926484	534	223	70.54	CHG
10	5925941	5926484	345	5017	6.43	CHH
10	5927422	5928302	1334	25	98.16	CG
10	5927422	5928302	853	230	78.76	CHG
10	5927422	5928302	1497	8507	14.96	CHH
10	9629597	9630043	184	1426	11.43	CG
10	9629597	9630043	349	1790	16.32	CHG
10	9629597	9630043	867	3632	19.27	CHH
10	11210121	11211317	2140	25	98.85	CG
10	11210121	11211317	1525	207	88.05	CHG
10	11210121	11211317	1157	8981	11.41	CHH
10	16005555	16006259	1444	105	93.22	CG
10	16005555	16006259	857	415	67.37	CHG
10	16005555	16006259	2497	3052	45.00	CHH
11	3230048	3230169	143	1	99.31	CG
11	3230048	3230169	159	52	75.36	CHG
11	3230048	3230169	282	821	25.57	CHH
11	6296560	6298355	2892	684	80.87	CG
11	6296560	6298355	2715	1664	62.00	CHG
11	6296560	6298355	2065	16297	11.25	CHH
11	7729318	7730196	1549	29	98.16	CG
11	7729318	7730196	2119	261	89.03	CHG
11	7729318	7730196	858	7581	10.17	CHH
11	7736107	7738642	6291	105	98.36	CG
11	7736107	7738642	3925	1911	67.25	CHG
11	7736107	7738642	4124	18695	18.07	CHH
11	7738733	7740049	2763	53	98.12	CG
11	7738733	7740049	1859	418	81.64	CHG
11	7738733	7740049	2849	11285	20.16	CHH
11	8911345	8913282	987	967	50.51	CG
11	8911345	8913282	1229	3623	25.33	CHG
11	8911345	8913282	3637	17741	17.01	CHH
11	11148469	11148552	566	34	94.33	CG
11	11148469	11148552	105	88	54.40	CHG
11	11148469	11148552	137	324	29.72	CHH
11	15466012	15467596	2000	3796	34.51	CG
11	15466012	15467596	990	3330	22.92	CHG
11	15466012	15467596	1607	10527	13.24	CHH
11	17162539	17163796	7866	171	97.87	CG
11	17162539	17163796	2060	1475	58.27	CHG
11	17162539	17163796	684	7306	8.56	CHH
11	17164953	17166701	3331	149	95.72	CG
11	17164953	17166701	1833	1538	54.38	CHG
11	17164953	17166701	2339	13009	15.24	CHH
11	17166830	17167277	1255	16	98.74	CG
11	17166830	17167277	510	837	37.86	CHG
11	17166830	17167277	989	2898	25.44	CHH
11	17167358	17167576	592	22	96.42	CG
11	17167358	17167576	194	244	44.29	CHG
11	17167358	17167576	574	1523	27.37	CHH
11	17167722	17168412	2301	54	97.71	CG
11	17167722	17168412	948	803	54.14	CHG
11	17167722	17168412	1503	6152	19.63	CHH
11	17168615	17170260	3413	81	97.68	CG
11	17168615	17170260	3926	1103	78.07	CHG
11	17168615	17170260	1316	12775	9.34	CHH
11	22338223	22342581	13287	269	98.02	CG
11	22338223	22342581	9363	1887	83.23	CHG
11	22338223	22342581	5746	32703	14.94	CHH
11	24390111	24390786	353	3	99.16	CG
11	24390111	24390786	1761	640	73.34	CHG
11	24390111	24390786	1348	5870	18.68	CHH
12	4737413	4737840	435	39	91.77	CG
12	4737413	4737840	352	202	63.54	CHG
12	4737413	4737840	1321	1716	43.50	CHH
12	4898920	4899775	2157	75	96.64	CG
12	4898920	4899775	736	831	46.97	CHG
12	4898920	4899775	1783	6714	20.98	CHH
12	4902073	4902516	1035	78	92.99	CG
12	4902073	4902516	291	412	41.39	CHG
12	4902073	4902516	785	3279	19.32	CHH
12	9062972	9063466	1284	30	97.72	CG
12	9062972	9063466	927	563	62.21	CHG
12	9062972	9063466	397	3465	10.28	CHH
12	9064169	9064334	285	3	98.96	CG
12	9064169	9064334	158	148	51.63	CHG
12	9064169	9064334	180	1024	14.95	CHH
12	9064925	9066118	2817	414	87.19	CG
12	9064925	9066118	897	1535	36.88	CHG
12	9064925	9066118	2014	7253	21.73	CHH
12	17504082	17504299	478	8	98.35	CG
12	17504082	17504299	378	79	82.71	CHG
12	17504082	17504299	167	1372	10.85	CHH
12	17987554	17988996	4060	71	98.28	CG
12	17987554	17988996	2327	632	78.64	CHG
12	17987554	17988996	2036	12010	14.50	CHH
12	18861738	18863268	1129	22	98.09	CG
12	18861738	18863268	490	536	47.76	CHG
12	18861738	18863268	1974	13375	12.86	CHH
12	18864308	18866205	4983	85	98.32	CG
12	18864308	18866205	3227	777	80.59	CHG
12	18864308	18866205	4633	12369	27.25	CHH
