1	104478	104599	28	1	96.55	CG
1	104478	104599	28	5	84.85	CHG
1	104478	104599	46	329	12.27	CHH
1	521199	522723	2187	2502	46.64	CG
1	521199	522723	296	4144	6.67	CHG
1	521199	522723	609	18201	3.24	CHH
1	718927	719135	1	381	0.26	CG
1	718927	719135	11	589	1.83	CHG
1	718927	719135	87	2377	3.53	CHH
1	1687637	1688991	33	2555	1.28	CG
1	1687637	1688991	108	2967	3.51	CHG
1	1687637	1688991	429	13190	3.15	CHH
1	1781116	1781366	59	1605	3.55	CG
1	1781116	1781366	33	571	5.46	CHG
1	1781116	1781366	43	1500	2.79	CHH
1	2137510	2140455	1178	8357	12.35	CG
1	2137510	2140455	831	7363	10.14	CHG
1	2137510	2140455	1652	27624	5.64	CHH
1	2172488	2172625	4	226	1.74	CG
1	2172488	2172625	59	1658	3.44	CHH
1	2198640	2199644	4067	187	95.60	CG
1	2198640	2199644	1934	848	69.52	CHG
1	2198640	2199644	608	3425	15.08	CHH
1	2541454	2541598	251	207	54.80	CG
1	2541454	2541598	56	182	23.53	CHG
1	2541454	2541598	181	1332	11.96	CHH
1	2579778	2580676	2303	326	87.60	CG
1	2579778	2580676	131	3043	4.13	CHG
1	2579778	2580676	290	10649	2.65	CHH
1	3016827	3017062	38	1673	2.22	CG
1	3016827	3017062	34	796	4.10	CHG
1	3016827	3017062	91	2255	3.88	CHH
1	4122738	4127182	2423	7288	24.95	CG
1	4122738	4127182	684	12212	5.30	CHG
1	4122738	4127182	3947	42235	8.55	CHH
1	4510347	4510477	76	3	96.20	CG
1	4510347	4510477	22	97	18.49	CHG
1	4510347	4510477	205	1356	13.13	CHH
1	4702022	4702256	247	498	33.15	CG
1	4702022	4702256	38	336	10.16	CHG
1	4702022	4702256	218	1536	12.43	CHH
1	5814441	5815039	2	595	0.34	CG
1	5814441	5815039	31	1280	2.36	CHG
1	5814441	5815039	177	6615	2.61	CHH
1	6934697	6934863	497	1	99.80	CG
1	6934697	6934863	226	28	88.98	CHG
1	6934697	6934863	228	791	22.37	CHH
1	7198017	7199243	1946	80	96.05	CG
1	7198017	7199243	145	2957	4.67	CHG
1	7198017	7199243	267	12321	2.12	CHH
1	7302410	7302594	2	638	0.31	CG
1	7302410	7302594	10	267	3.61	CHG
1	7302410	7302594	43	1424	2.93	CHH
1	7518469	7519081	19	1045	1.79	CG
1	7518469	7519081	32	1228	2.54	CHG
1	7518469	7519081	135	5317	2.48	CHH
1	7690448	7691550	98	3307	2.88	CG
1	7690448	7691550	171	2699	5.96	CHG
1	7690448	7691550	415	9857	4.04	CHH
1	8124136	8124703	2478	55	97.83	CG
1	8124136	8124703	1050	500	67.74	CHG
1	8124136	8124703	612	5822	9.51	CHH
1	8426975	8427236	214	74	74.31	CG
1	8426975	8427236	45	893	4.80	CHG
1	8426975	8427236	88	2537	3.35	CHH
1	8831214	8831605	1011	27	97.40	CG
1	8831214	8831605	615	232	72.61	CHG
1	8831214	8831605	407	4760	7.88	CHH
1	8866192	8866541	1320	42	96.92	CG
1	8866192	8866541	587	155	79.11	CHG
1	8866192	8866541	384	2315	14.23	CHH
1	9124022	9124118	129	3	97.73	CG
1	9124022	9124118	319	70	82.01	CHG
1	9124022	9124118	225	417	35.05	CHH
1	9260960	9261224	170	2	98.84	CG
1	9260960	9261224	12	524	2.24	CHG
1	9260960	9261224	98	2830	3.35	CHH
1	9681083	9681232	163	93	63.67	CG
1	9681083	9681232	181	602	23.12	CHH
1	9734291	9734532	2	367	0.54	CG
1	9734291	9734532	14	98	12.50	CHG
1	9734291	9734532	99	1998	4.72	CHH
1	10263106	10263294	13	773	1.65	CG
1	10263106	10263294	9	471	1.88	CHG
1	10263106	10263294	61	1168	4.96	CHH
1	10401973	10403052	195	2374	7.59	CG
1	10401973	10403052	147	1573	8.55	CHG
1	10401973	10403052	543	8125	6.26	CHH
1	10417094	10417664	1042	55	94.99	CG
1	10417094	10417664	1396	290	82.80	CHG
1	10417094	10417664	314	5517	5.39	CHH
1	10590568	10590704	5	286	1.72	CG
1	10590568	10590704	10	271	3.56	CHG
1	10590568	10590704	129	734	14.95	CHH
1	10793800	10794970	1102	111	90.85	CG
1	10793800	10794970	282	248	53.21	CHG
1	10793800	10794970	211	2289	8.44	CHH
1	11027002	11027352	354	13	96.46	CG
1	11027002	11027352	26	750	3.35	CHG
1	11027002	11027352	158	3456	4.37	CHH
1	11745247	11745281	5	289	1.70	CG
1	11745247	11745281	5	143	3.38	CHG
1	11745247	11745281	13	249	4.96	CHH
1	11861007	11861467	1344	45	96.76	CG
1	11861007	11861467	582	430	57.51	CHG
1	11861007	11861467	541	4329	11.11	CHH
1	11988203	11988342	13	1201	1.07	CG
1	11988203	11988342	40	760	5.00	CHG
1	11988203	11988342	50	1290	3.73	CHH
1	12157565	12159139	596	11094	5.10	CG
1	12157565	12159139	356	5882	5.71	CHG
1	12157565	12159139	472	11423	3.97	CHH
1	12279664	12280353	140	2863	4.66	CG
1	12279664	12280353	92	1678	5.20	CHG
1	12279664	12280353	204	5407	3.64	CHH
1	12444629	12444759	310	8	97.48	CG
1	12444629	12444759	245	33	88.13	CHG
1	12444629	12444759	61	1306	4.46	CHH
1	12851686	12853647	461	845	35.30	CG
1	12851686	12853647	257	5183	4.72	CHG
1	12851686	12853647	1047	20191	4.93	CHH
1	12977793	12977914	155	7	95.68	CG
1	12977793	12977914	45	1084	3.99	CHH
1	14112270	14112409	23	428	5.10	CHH
1	14747584	14748346	16	1146	1.38	CG
1	14747584	14748346	61	2583	2.31	CHG
1	14747584	14748346	236	8458	2.71	CHH
1	15010958	15011724	4	0	100.00	CG
1	15010958	15011724	2	77	2.53	CHG
1	15010958	15011724	11	259	4.07	CHH
1	15208882	15210074	1234	161	88.46	CG
1	15208882	15210074	472	409	53.58	CHG
1	15208882	15210074	712	9423	7.03	CHH
1	15318812	15319293	2167	43	98.05	CG
1	15318812	15319293	1381	329	80.76	CHG
1	15318812	15319293	381	3940	8.82	CHH
1	15355785	15357554	1446	2523	36.43	CG
1	15355785	15357554	984	4055	19.53	CHG
1	15355785	15357554	1443	16800	7.91	CHH
1	16453284	16453501	1	76	1.30	CG
1	16453284	16453501	21	158	11.73	CHG
1	16453284	16453501	193	1618	10.66	CHH
1	16722902	16723067	453	32	93.40	CG
1	16722902	16723067	36	165	17.91	CHG
1	16722902	16723067	74	1961	3.64	CHH
1	17385639	17385733	8	226	3.42	CHG
1	17385639	17385733	49	820	5.64	CHH
1	17522237	17522624	1529	46	97.08	CG
1	17522237	17522624	1159	329	77.89	CHG
1	17522237	17522624	284	3293	7.94	CHH
1	17762690	17767322	2443	6495	27.33	CG
1	17762690	17767322	2172	7046	23.56	CHG
1	17762690	17767322	8546	38462	18.18	CHH
1	17768299	17768525	2	443	0.45	CG
1	17768299	17768525	10	344	2.82	CHG
1	17768299	17768525	103	1883	5.19	CHH
1	17915233	17918918	3901	2719	58.93	CG
1	17915233	17918918	1922	3028	38.83	CHG
1	17915233	17918918	4553	23586	16.18	CHH
1	18479814	18481021	871	1079	44.67	CG
1	18479814	18481021	188	1379	12.00	CHG
1	18479814	18481021	564	11136	4.82	CHH
1	18515221	18516018	763	10	98.71	CG
1	18515221	18516018	466	100	82.33	CHG
1	18515221	18516018	181	1815	9.07	CHH
1	18605306	18605413	79	3	96.34	CG
1	18605306	18605413	7	254	2.68	CHG
1	18605306	18605413	54	1338	3.88	CHH
1	18679398	18679609	271	7	97.48	CG
1	18679398	18679609	378	69	84.56	CHG
1	18679398	18679609	189	2244	7.77	CHH
1	18781271	18781897	32	1058	2.94	CG
1	18781271	18781897	66	1679	3.78	CHG
1	18781271	18781897	238	4984	4.56	CHH
1	19418149	19418371	401	15	96.39	CG
1	19418149	19418371	268	123	68.54	CHG
1	19418149	19418371	157	2280	6.44	CHH
1	19588801	19588982	323	16	95.28	CG
1	19588801	19588982	114	58	66.28	CHG
1	19588801	19588982	42	940	4.28	CHH
1	19807993	19809436	3307	123	96.41	CG
1	19807993	19809436	970	449	68.36	CHG
1	19807993	19809436	638	8705	6.83	CHH
1	20220915	20221138	910	24	97.43	CG
1	20220915	20221138	259	136	65.57	CHG
1	20220915	20221138	133	1829	6.78	CHH
1	20351135	20352592	1365	610	69.11	CG
1	20351135	20352592	123	4411	2.71	CHG
1	20351135	20352592	510	14240	3.46	CHH
1	20353735	20353818	73	1	98.65	CG
1	20353735	20353818	4	302	1.31	CHG
1	20353735	20353818	17	694	2.39	CHH
1	20699332	20703291	4720	5015	48.48	CG
1	20699332	20703291	2151	8580	20.04	CHG
1	20699332	20703291	3206	36894	8.00	CHH
1	20759940	20760412	1220	16	98.71	CG
1	20759940	20760412	1227	186	86.84	CHG
1	20759940	20760412	552	3609	13.27	CHH
1	22217602	22218470	1040	1579	39.71	CG
1	22217602	22218470	465	1963	19.15	CHG
1	22217602	22218470	1025	8294	11.00	CHH
1	22349537	22349928	102	1455	6.55	CG
1	22349537	22349928	47	1107	4.07	CHG
1	22349537	22349928	150	2815	5.06	CHH
1	22963853	22963900	9	141	6.00	CHG
1	22963853	22963900	1	346	0.29	CHH
1	23088705	23088935	3	594	0.50	CG
1	23088705	23088935	13	439	2.88	CHG
1	23088705	23088935	57	2115	2.62	CHH
1	23190581	23192012	920	86	91.45	CG
1	23190581	23192012	213	3070	6.49	CHG
1	23190581	23192012	773	15102	4.87	CHH
1	23334619	23337433	2853	2307	55.29	CG
1	23334619	23337433	566	7233	7.26	CHG
1	23334619	23337433	1338	26239	4.85	CHH
1	23865834	23867004	2468	1072	69.72	CG
1	23865834	23867004	1291	2057	38.56	CHG
1	23865834	23867004	2109	8388	20.09	CHH
1	24056015	24058047	401	4566	8.07	CG
1	24056015	24058047	432	3684	10.50	CHG
1	24056015	24058047	886	17172	4.91	CHH
1	24127473	24127717	283	116	70.93	CG
1	24127473	24127717	13	511	2.48	CHG
1	24127473	24127717	65	2795	2.27	CHH
1	24218590	24218768	68	344	16.50	CG
1	24218590	24218768	40	274	12.74	CHG
1	24218590	24218768	65	1939	3.24	CHH
1	24367289	24368699	1110	3069	26.56	CG
1	24367289	24368699	390	4111	8.66	CHG
1	24367289	24368699	1077	12637	7.85	CHH
1	24540618	24541036	501	9	98.24	CG
1	24540618	24541036	20	949	2.06	CHG
1	24540618	24541036	143	3995	3.46	CHH
1	25075086	25078372	234	12096	1.90	CG
1	25075086	25078372	354	10212	3.35	CHG
1	25075086	25078372	1033	28558	3.49	CHH
1	26189136	26189851	192	790	19.55	CG
1	26189136	26189851	130	2593	4.77	CHG
1	26189136	26189851	247	5900	4.02	CHH
1	27455091	27455579	2892	137	95.48	CG
1	27455091	27455579	2229	578	79.41	CHG
1	27455091	27455579	761	7024	9.78	CHH
1	27505658	27505866	4	144	2.70	CG
1	27505658	27505866	22	585	3.62	CHG
1	27505658	27505866	71	2019	3.40	CHH
1	27576543	27577893	3080	73	97.68	CG
1	27576543	27577893	1776	390	81.99	CHG
1	27576543	27577893	1993	14812	11.86	CHH
1	28118813	28118935	7	156	4.29	CG
1	28118813	28118935	12	474	2.47	CHG
1	28118813	28118935	33	1585	2.04	CHH
1	29188109	29189334	100	4550	2.15	CG
1	29188109	29189334	149	2805	5.04	CHG
1	29188109	29189334	1419	10498	11.91	CHH
1	29223726	29224697	419	3588	10.46	CG
1	29223726	29224697	93	1744	5.06	CHG
1	29223726	29224697	1271	6359	16.66	CHH
1	29881105	29881917	1499	212	87.61	CG
1	29881105	29881917	1301	409	76.08	CHG
1	29881105	29881917	358	5501	6.11	CHH
1	29892038	29892362	1	66	1.49	CG
1	29892038	29892362	6	256	2.29	CHG
1	29892038	29892362	135	2481	5.16	CHH
1	30396534	30396644	8	445	1.77	CG
1	30396534	30396644	23	570	3.88	CHG
1	30396534	30396644	27	839	3.12	CHH
1	30947617	30952229	6048	2002	75.13	CG
1	30947617	30952229	2536	9358	21.32	CHG
1	30947617	30952229	2535	47494	5.07	CHH
1	30988314	30988439	73	0	100.00	CG
1	30988314	30988439	235	141	62.50	CHG
1	30988314	30988439	77	695	9.97	CHH
1	31131639	31132785	741	3112	19.23	CG
1	31131639	31132785	134	3864	3.35	CHG
1	31131639	31132785	342	11327	2.93	CHH
1	32136432	32136605	41	152	21.24	CG
1	32136432	32136605	6	623	0.95	CHG
1	32136432	32136605	74	1585	4.46	CHH
1	33466485	33466748	1001	23	97.75	CG
1	33466485	33466748	475	135	77.87	CHG
1	33466485	33466748	354	2419	12.77	CHH
1	34289798	34291348	1774	1376	56.32	CG
1	34289798	34291348	925	2703	25.50	CHG
1	34289798	34291348	2052	13602	13.11	CHH
1	34550341	34550600	1	352	0.28	CG
1	34550341	34550600	11	587	1.84	CHG
1	34550341	34550600	55	2416	2.23	CHH
1	34749495	34752244	3600	360	90.91	CG
1	34749495	34752244	3321	1463	69.42	CHG
1	34749495	34752244	2958	17214	14.66	CHH
1	34928206	34928387	218	5	97.76	CG
1	34928206	34928387	693	132	84.00	CHG
1	34928206	34928387	194	1620	10.69	CHH
1	34990120	34992796	5790	1787	76.42	CG
1	34990120	34992796	2651	2373	52.77	CHG
1	34990120	34992796	4248	21162	16.72	CHH
1	35760612	35760952	331	174	65.54	CG
1	35760612	35760952	21	610	3.33	CHG
1	35760612	35760952	140	3719	3.63	CHH
1	35959231	35959351	3	147	2.00	CG
1	35959231	35959351	6	220	2.65	CHG
1	35959231	35959351	75	1650	4.35	CHH
1	36112505	36112684	387	131	74.71	CG
1	36112505	36112684	124	186	40.00	CHG
1	36112505	36112684	176	1093	13.87	CHH
1	36163384	36164022	241	1036	18.87	CG
1	36163384	36164022	213	1136	15.79	CHG
1	36163384	36164022	521	5759	8.30	CHH
1	36208524	36209666	1570	52	96.79	CG
1	36208524	36209666	2075	461	81.82	CHG
1	36208524	36209666	760	11696	6.10	CHH
1	36479686	36479935	40	1069	3.61	CG
1	36479686	36479935	6	396	1.49	CHG
1	36479686	36479935	72	2217	3.15	CHH
1	36890844	36891048	184	135	57.68	CG
1	36890844	36891048	227	132	63.23	CHG
1	36890844	36891048	472	1624	22.52	CHH
1	37118562	37118725	1	143	0.69	CG
1	37118562	37118725	15	386	3.74	CHG
1	37118562	37118725	60	1931	3.01	CHH
1	37253827	37256063	3556	153	95.87	CG
1	37253827	37256063	2736	824	76.85	CHG
1	37253827	37256063	2122	12519	14.49	CHH
1	37757198	37758019	845	2288	26.97	CG
1	37757198	37758019	432	1199	26.49	CHG
1	37757198	37758019	1379	6425	17.67	CHH
1	39603253	39603550	250	2	99.21	CG
1	39603253	39603550	30	912	3.18	CHG
1	39603253	39603550	127	2764	4.39	CHH
1	40609311	40609427	77	2	97.47	CG
1	40609311	40609427	27	436	5.83	CHG
1	40609311	40609427	55	1451	3.65	CHH
1	40785754	40786192	95	92	50.80	CG
1	40785754	40786192	39	1568	2.43	CHG
1	40785754	40786192	129	4471	2.80	CHH
1	41209454	41212661	2951	7290	28.82	CG
1	41209454	41212661	1517	5372	22.02	CHG
1	41209454	41212661	4004	22999	14.83	CHH
1	42990884	42991140	160	0	100.00	CG
1	42990884	42991140	120	23	83.92	CHG
1	42990884	42991140	54	583	8.48	CHH
2	38468	38578	71	1	98.61	CG
2	38468	38578	17	214	7.36	CHG
2	38468	38578	17	1149	1.46	CHH
2	578331	578545	63	3	95.45	CG
2	578331	578545	22	747	2.86	CHG
2	578331	578545	40	2088	1.88	CHH
2	1736612	1736996	678	63	91.50	CG
2	1736612	1736996	69	1498	4.40	CHG
2	1736612	1736996	219	4070	5.11	CHH
2	2004107	2004464	3	246	1.20	CG
2	2004107	2004464	31	1280	2.36	CHG
2	2004107	2004464	104	3813	2.66	CHH
2	2225031	2228646	6378	677	90.40	CG
2	2225031	2228646	4375	2920	59.97	CHG
2	2225031	2228646	5563	28806	16.19	CHH
2	2448881	2450073	360	227	61.33	CG
2	2448881	2450073	704	2765	20.29	CHG
2	2448881	2450073	1824	10740	14.52	CHH
2	2455636	2457226	5881	143	97.63	CG
2	2455636	2457226	4077	1093	78.86	CHG
2	2455636	2457226	921	8889	9.39	CHH
2	2916264	2916496	142	6	95.95	CG
2	2916264	2916496	15	587	2.49	CHG
2	2916264	2916496	111	2606	4.09	CHH
2	3153141	3153726	1349	42	96.98	CG
2	3153141	3153726	1435	343	80.71	CHG
2	3153141	3153726	695	6389	9.81	CHH
2	3584767	3584907	292	23	92.70	CG
2	3584767	3584907	165	109	60.22	CHG
2	3584767	3584907	611	751	44.86	CHH
2	3668130	3671654	9190	3381	73.10	CG
2	3668130	3671654	4471	5232	46.08	CHG
2	3668130	3671654	3907	28377	12.10	CHH
2	4394475	4394720	0	184	0.00	CG
2	4394475	4394720	21	614	3.31	CHG
2	4394475	4394720	109	2885	3.64	CHH
2	4735326	4735671	19	1050	1.78	CG
2	4735326	4735671	37	1069	3.35	CHG
2	4735326	4735671	136	3141	4.15	CHH
2	4930376	4930562	422	29	93.57	CG
2	4930376	4930562	18	72	20.00	CHG
2	4930376	4930562	55	1588	3.35	CHH
2	6097195	6097472	3	379	0.79	CG
2	6097195	6097472	40	883	4.33	CHG
2	6097195	6097472	74	2176	3.29	CHH
2	6194639	6194966	11	360	2.96	CG
2	6194639	6194966	16	616	2.53	CHG
2	6194639	6194966	183	3525	4.94	CHH
2	6477169	6477370	245	64	79.29	CG
2	6477169	6477370	17	533	3.09	CHG
2	6477169	6477370	82	2430	3.26	CHH
2	6479819	6479943	10	728	1.36	CHG
2	6479819	6479943	62	1827	3.28	CHH
2	7634883	7634997	24	976	2.40	CG
2	7634883	7634997	22	462	4.55	CHG
2	7634883	7634997	39	1056	3.56	CHH
2	9263789	9264764	657	14	97.91	CG
2	9263789	9264764	369	132	73.65	CHG
2	9263789	9264764	156	1608	8.84	CHH
2	10881944	10882136	77	261	22.78	CG
2	10881944	10882136	17	350	4.63	CHG
2	10881944	10882136	75	2158	3.36	CHH
2	11520851	11521291	305	382	44.40	CG
2	11520851	11521291	96	214	30.97	CHG
2	11520851	11521291	646	3257	16.55	CHH
2	11599189	11600489	846	1500	36.06	CG
2	11599189	11600489	463	1833	20.17	CHG
2	11599189	11600489	1209	9930	10.85	CHH
2	11939679	11939936	84	3	96.55	CG
2	11939679	11939936	21	449	4.47	CHG
2	11939679	11939936	84	2664	3.06	CHH
2	12352060	12352584	1843	20	98.93	CG
2	12352060	12352584	1349	436	75.57	CHG
2	12352060	12352584	410	4545	8.27	CHH
2	12492889	12493008	13	858	1.49	CG
2	12492889	12493008	8	451	1.74	CHG
2	12492889	12493008	23	724	3.08	CHH
2	12583382	12585233	1839	461	79.96	CG
2	12583382	12585233	691	4246	14.00	CHG
2	12583382	12585233	802	17419	4.40	CHH
2	13724770	13725043	38	4	90.48	CG
2	13724770	13725043	8	6	57.14	CHG
2	13724770	13725043	5	86	5.49	CHH
2	14258242	14258497	428	21	95.32	CG
2	14258242	14258497	288	81	78.05	CHG
2	14258242	14258497	130	1793	6.76	CHH
2	14381584	14382260	1214	22	98.22	CG
2	14381584	14382260	698	419	62.49	CHG
2	14381584	14382260	602	6609	8.35	CHH
2	14883666	14884152	1332	55	96.03	CG
2	14883666	14884152	1262	286	81.52	CHG
2	14883666	14884152	382	4471	7.87	CHH
2	15077160	15080035	8298	183	97.84	CG
2	15077160	15080035	5348	1445	78.73	CHG
2	15077160	15080035	2278	24115	8.63	CHH
2	15300768	15301020	358	9	97.55	CG
2	15300768	15301020	741	202	78.58	CHG
2	15300768	15301020	135	2870	4.49	CHH
2	16462100	16462683	1132	318	78.07	CG
2	16462100	16462683	633	1160	35.30	CHG
2	16462100	16462683	557	5836	8.71	CHH
2	16469340	16469527	847	13	98.49	CG
2	16469340	16469527	457	220	67.50	CHG
2	16469340	16469527	75	1499	4.76	CHH
2	16575455	16575576	141	357	28.31	CG
2	16575455	16575576	30	113	20.98	CHG
2	16575455	16575576	243	1292	15.83	CHH
2	16909276	16909402	66	2	97.06	CG
2	16909276	16909402	5	28	15.15	CHG
2	16909276	16909402	229	690	24.92	CHH
2	17470250	17470459	263	11	95.99	CG
2	17470250	17470459	223	93	70.57	CHG
2	17470250	17470459	125	2140	5.52	CHH
2	17693456	17694041	956	497	65.79	CG
2	17693456	17694041	344	844	28.96	CHG
2	17693456	17694041	319	4466	6.67	CHH
2	17846367	17846587	81	873	8.49	CG
2	17846367	17846587	5	397	1.24	CHG
2	17846367	17846587	43	1212	3.43	CHH
2	18156897	18157229	1736	24	98.64	CG
2	18156897	18157229	815	187	81.34	CHG
2	18156897	18157229	277	2306	10.72	CHH
2	19262811	19262974	202	4	98.06	CG
2	19262811	19262974	24	129	15.69	CHG
2	19262811	19262974	65	1700	3.68	CHH
2	19369504	19369623	747	19	97.52	CG
2	19369504	19369623	392	90	81.33	CHG
2	19369504	19369623	111	724	13.29	CHH
2	19649757	19649896	19	947	1.97	CG
2	19649757	19649896	31	410	7.03	CHG
2	19649757	19649896	58	995	5.51	CHH
2	20077988	20078291	753	52	93.54	CG
2	20077988	20078291	246	175	58.43	CHG
2	20077988	20078291	390	2190	15.12	CHH
2	22210158	22210334	35	625	5.30	CG
2	22210158	22210334	15	256	5.54	CHG
2	22210158	22210334	54	1699	3.08	CHH
2	22275294	22275439	1	88	1.12	CG
2	22275294	22275439	6	460	1.29	CHG
2	22275294	22275439	39	2218	1.73	CHH
2	22587752	22588156	899	34	96.36	CG
2	22587752	22588156	525	341	60.62	CHG
2	22587752	22588156	527	4122	11.34	CHH
2	22836225	22836730	17	1131	1.48	CG
2	22836225	22836730	37	1194	3.01	CHG
2	22836225	22836730	120	4489	2.60	CHH
2	22982677	22982914	3	90	3.23	CG
2	22982677	22982914	19	804	2.31	CHG
2	22982677	22982914	121	3633	3.22	CHH
2	23033077	23033411	173	539	24.30	CG
2	23033077	23033411	208	1217	14.60	CHG
2	23033077	23033411	420	3002	12.27	CHH
2	23394395	23395510	2718	283	90.57	CG
2	23394395	23395510	687	3165	17.83	CHG
2	23394395	23395510	595	15465	3.70	CHH
2	23471507	23472492	654	18	97.32	CG
2	23471507	23472492	608	176	77.55	CHG
2	23471507	23472492	470	3288	12.51	CHH
2	24044095	24044460	1383	54	96.24	CG
2	24044095	24044460	667	174	79.31	CHG
2	24044095	24044460	377	2371	13.72	CHH
2	24717341	24717558	2	272	0.73	CG
2	24717341	24717558	9	630	1.41	CHG
2	24717341	24717558	64	2147	2.89	CHH
2	25574998	25576239	2008	118	94.45	CG
2	25574998	25576239	1937	873	68.93	CHG
2	25574998	25576239	1644	13363	10.95	CHH
2	25830725	25831459	12	2172	0.55	CG
2	25830725	25831459	47	1875	2.45	CHG
2	25830725	25831459	140	6193	2.21	CHH
2	25835047	25835296	24	834	2.80	CG
2	25835047	25835296	42	561	6.97	CHG
2	25835047	25835296	43	1668	2.51	CHH
2	26548831	26549237	1062	26	97.61	CG
2	26548831	26549237	149	125	54.38	CHG
2	26548831	26549237	776	2531	23.47	CHH
2	26659388	26659535	75	1	98.68	CG
2	26659388	26659535	76	1078	6.59	CHH
2	26689413	26692203	1205	11583	9.42	CG
2	26689413	26692203	690	7541	8.38	CHG
2	26689413	26692203	2878	19409	12.91	CHH
2	28199306	28199617	999	28	97.27	CG
2	28199306	28199617	1283	195	86.81	CHG
2	28199306	28199617	372	3232	10.32	CHH
2	29852698	29852922	54	369	12.77	CG
2	29852698	29852922	20	608	3.18	CHG
2	29852698	29852922	73	1945	3.62	CHH
2	30157272	30157610	638	141	81.90	CG
2	30157272	30157610	185	507	26.73	CHG
2	30157272	30157610	578	2376	19.57	CHH
2	30823979	30824112	5	177	2.75	CG
2	30823979	30824112	11	317	3.35	CHG
2	30823979	30824112	66	1348	4.67	CHH
2	30983625	30984901	39	3578	1.08	CG
2	30983625	30984901	159	5574	2.77	CHG
2	30983625	30984901	366	11232	3.16	CHH
2	31445301	31445449	2	75	2.60	CG
2	31445301	31445449	8	383	2.05	CHG
2	31445301	31445449	44	1785	2.41	CHH
2	31855152	31855271	194	4	97.98	CG
2	31855152	31855271	53	18	74.65	CHG
2	31855152	31855271	149	1318	10.16	CHH
2	32524707	32526194	2058	1139	64.37	CG
2	32524707	32526194	616	3261	15.89	CHG
2	32524707	32526194	636	9375	6.35	CHH
2	33158169	33158313	242	19	92.72	CG
2	33158169	33158313	276	72	79.31	CHG
2	33158169	33158313	147	1462	9.14	CHH
2	33431516	33431954	248	8	96.88	CG
2	33431516	33431954	26	840	3.00	CHG
2	33431516	33431954	192	4761	3.88	CHH
2	33711999	33712328	71	4	94.67	CG
2	33711999	33712328	22	931	2.31	CHG
2	33711999	33712328	218	3586	5.73	CHH
2	33834944	33835662	202	492	29.11	CG
2	33834944	33835662	30	1350	2.17	CHG
2	33834944	33835662	263	7944	3.20	CHH
2	33936933	33937065	1	78	1.27	CG
2	33936933	33937065	13	411	3.07	CHG
2	33936933	33937065	37	1513	2.39	CHH
2	34687871	34690219	659	8738	7.01	CG
2	34687871	34690219	799	6304	11.25	CHG
2	34687871	34690219	1441	19222	6.97	CHH
2	34747509	34747747	53	11	82.81	CG
2	34747509	34747747	29	28	50.88	CHG
2	34747509	34747747	2	60	3.23	CHH
2	34772462	34772598	1	268	0.37	CHG
2	34772462	34772598	50	1178	4.07	CHH
2	35300370	35300604	61	1	98.39	CG
2	35300370	35300604	5	620	0.80	CHG
2	35300370	35300604	112	2693	3.99	CHH
2	35388799	35389069	4	387	1.02	CG
2	35388799	35389069	34	732	4.44	CHG
2	35388799	35389069	80	2057	3.74	CHH
3	480369	480630	861	38	95.77	CG
3	480369	480630	10	890	1.11	CHG
3	480369	480630	126	3382	3.59	CHH
3	615186	620505	5498	7347	42.80	CG
3	615186	620505	2505	9738	20.46	CHG
3	615186	620505	4157	41186	9.17	CHH
3	1097994	1098400	1390	27	98.09	CG
3	1097994	1098400	846	252	77.05	CHG
3	1097994	1098400	546	3981	12.06	CHH
3	2922253	2922366	0	60	0.00	CG
3	2922253	2922366	0	161	0.00	CHG
3	2922253	2922366	31	1568	1.94	CHH
3	2924923	2926581	1256	242	83.85	CG
3	2924923	2926581	241	3698	6.12	CHG
3	2924923	2926581	1003	18036	5.27	CHH
3	3101473	3101729	493	857	36.52	CG
3	3101473	3101729	15	860	1.71	CHG
3	3101473	3101729	52	1928	2.63	CHH
3	3782983	3787490	1085	13875	7.25	CG
3	3782983	3787490	791	10989	6.71	CHG
3	3782983	3787490	1710	40358	4.06	CHH
3	4471611	4471796	6	935	0.64	CG
3	4471611	4471796	12	569	2.07	CHG
3	4471611	4471796	37	1518	2.38	CHH
3	4501942	4502163	303	623	32.72	CG
3	4501942	4502163	204	439	31.73	CHG
3	4501942	4502163	841	910	48.03	CHH
3	4735915	4736042	5	248	1.98	CG
3	4735915	4736042	13	236	5.22	CHG
3	4735915	4736042	26	1678	1.53	CHH
3	5786527	5786697	158	4	97.53	CG
3	5786527	5786697	18	473	3.67	CHG
3	5786527	5786697	140	1963	6.66	CHH
3	5790733	5792052	2856	110	96.29	CG
3	5790733	5792052	1802	607	74.80	CHG
3	5790733	5792052	1784	9438	15.90	CHH
3	5852144	5852325	442	7	98.44	CG
3	5852144	5852325	385	76	83.51	CHG
3	5852144	5852325	542	1874	22.43	CHH
3	5861909	5862252	493	99	83.28	CG
3	5861909	5862252	40	1450	2.68	CHG
3	5861909	5862252	94	3724	2.46	CHH
3	5863529	5863616	6	214	2.73	CG
3	5863529	5863616	8	371	2.11	CHG
3	5863529	5863616	14	1052	1.31	CHH
3	6119207	6119385	32	968	3.20	CG
3	6119207	6119385	38	823	4.41	CHG
3	6119207	6119385	42	1098	3.68	CHH
3	6727333	6727471	3	295	1.01	CG
3	6727333	6727471	3	216	1.37	CHG
3	6727333	6727471	60	1565	3.69	CHH
3	7815881	7816020	61	1483	3.95	CG
3	7815881	7816020	25	687	3.51	CHG
3	7815881	7816020	17	572	2.89	CHH
3	8124800	8125238	23	2002	1.14	CG
3	8124800	8125238	36	1196	2.92	CHG
3	8124800	8125238	79	4360	1.78	CHH
3	8292358	8296069	3479	1690	67.31	CG
3	8292358	8296069	2486	5328	31.81	CHG
3	8292358	8296069	3299	38035	7.98	CHH
3	8918282	8919468	1092	4057	21.21	CG
3	8918282	8919468	383	2659	12.59	CHG
3	8918282	8919468	1274	9997	11.30	CHH
3	8932042	8933228	931	1434	39.37	CG
3	8932042	8933228	443	998	30.74	CHG
3	8932042	8933228	958	11374	7.77	CHH
3	9007060	9007495	1749	39	97.82	CG
3	9007060	9007495	874	269	76.47	CHG
3	9007060	9007495	391	2284	14.62	CHH
3	9615393	9615681	242	1302	15.67	CG
3	9615393	9615681	64	562	10.22	CHG
3	9615393	9615681	237	3115	7.07	CHH
3	9647322	9647514	23	246	8.55	CG
3	9647322	9647514	9	560	1.58	CHG
3	9647322	9647514	74	2067	3.46	CHH
3	9661238	9663204	612	3283	15.71	CG
3	9661238	9663204	316	3479	8.33	CHG
3	9661238	9663204	956	16596	5.45	CHH
3	9703524	9703645	5	207	2.36	CG
3	9703524	9703645	11	162	6.36	CHG
3	9703524	9703645	68	1502	4.33	CHH
3	9741411	9741728	495	90	84.62	CG
3	9741411	9741728	232	171	57.57	CHG
3	9741411	9741728	252	2257	10.04	CHH
3	9772110	9773385	2710	468	85.27	CG
3	9772110	9773385	1452	991	59.44	CHG
3	9772110	9773385	1837	11737	13.53	CHH
3	9970758	9972750	538	8045	6.27	CG
3	9970758	9972750	356	6357	5.30	CHG
3	9970758	9972750	721	16478	4.19	CHH
3	11318102	11319164	749	776	49.11	CG
3	11318102	11319164	345	1754	16.44	CHG
3	11318102	11319164	542	9711	5.29	CHH
3	11624874	11625180	159	2	98.76	CG
3	11624874	11625180	22	905	2.37	CHG
3	11624874	11625180	126	2886	4.18	CHH
3	11762654	11762757	1	204	0.49	CG
3	11762654	11762757	5	92	5.15	CHG
3	11762654	11762757	27	1038	2.54	CHH
3	12013674	12014450	804	26	96.87	CG
3	12013674	12014450	1680	277	85.85	CHG
3	12013674	12014450	685	8769	7.25	CHH
3	13326106	13326294	16	330	4.62	CG
3	13326106	13326294	40	580	6.45	CHG
3	13326106	13326294	59	1564	3.64	CHH
3	14484188	14484405	77	7	91.67	CG
3	14484188	14484405	416	76	84.55	CHG
3	14484188	14484405	201	1799	10.05	CHH
3	14495901	14496241	95	2475	3.70	CG
3	14495901	14496241	49	1147	4.10	CHG
3	14495901	14496241	109	2707	3.87	CHH
3	14633392	14633990	1033	29	97.27	CG
3	14633392	14633990	458	121	79.10	CHG
3	14633392	14633990	433	7050	5.79	CHH
3	14886695	14886945	31	238	11.52	CG
3	14886695	14886945	172	122	58.50	CHG
3	14886695	14886945	1171	1041	52.94	CHH
3	15238637	15238822	249	21	92.22	CG
3	15238637	15238822	348	111	75.82	CHG
3	15238637	15238822	152	2094	6.77	CHH
3	15348429	15348696	356	14	96.22	CG
3	15348429	15348696	360	156	69.77	CHG
3	15348429	15348696	146	2434	5.66	CHH
3	15968990	15969281	26	1490	1.72	CG
3	15968990	15969281	35	1171	2.90	CHG
3	15968990	15969281	73	2617	2.71	CHH
3	16545195	16545366	140	6	95.89	CG
3	16545195	16545366	99	45	68.75	CHG
3	16545195	16545366	53	833	5.98	CHH
3	16691128	16691290	213	2	99.07	CG
3	16691128	16691290	53	150	26.11	CHG
3	16691128	16691290	291	1033	21.98	CHH
3	18086982	18087169	1	228	0.44	CG
3	18086982	18087169	9	319	2.74	CHG
3	18086982	18087169	33	1501	2.15	CHH
3	18671229	18673244	1935	1304	59.74	CG
3	18671229	18673244	878	2384	26.92	CHG
3	18671229	18673244	1945	18475	9.52	CHH
3	19066610	19066885	890	21	97.69	CG
3	19066610	19066885	203	163	55.46	CHG
3	19066610	19066885	173	1169	12.89	CHH
3	19477758	19477853	177	5	97.25	CG
3	19477758	19477853	125	126	49.80	CHG
3	19477758	19477853	84	720	10.45	CHH
3	20211561	20212451	2117	61	97.20	CG
3	20211561	20212451	1581	346	82.04	CHG
3	20211561	20212451	1132	8005	12.39	CHH
3	20300032	20301332	2303	60	97.46	CG
3	20300032	20301332	3090	653	82.55	CHG
3	20300032	20301332	987	14020	6.58	CHH
3	20506153	20506547	804	16	98.05	CG
3	20506153	20506547	614	228	72.92	CHG
3	20506153	20506547	196	3454	5.37	CHH
3	20529596	20530676	2209	4322	33.82	CG
3	20529596	20530676	417	3236	11.42	CHG
3	20529596	20530676	479	7368	6.10	CHH
3	20609274	20609784	740	23	96.99	CG
3	20609274	20609784	500	147	77.28	CHG
3	20609274	20609784	438	4067	9.72	CHH
3	21045714	21046037	568	11	98.10	CG
3	21045714	21046037	264	67	79.76	CHG
3	21045714	21046037	164	3202	4.87	CHH
3	21053301	21054404	459	279	62.20	CG
3	21053301	21054404	98	1791	5.19	CHG
3	21053301	21054404	498	11267	4.23	CHH
3	21477968	21478334	537	142	79.09	CG
3	21477968	21478334	153	367	29.42	CHG
3	21477968	21478334	335	2414	12.19	CHH
3	21805912	21806253	1646	46	97.28	CG
3	21805912	21806253	340	261	56.57	CHG
3	21805912	21806253	317	2200	12.59	CHH
3	22443304	22443897	28	2992	0.93	CG
3	22443304	22443897	82	2046	3.85	CHG
3	22443304	22443897	160	5600	2.78	CHH
3	22930322	22932315	726	3219	18.40	CG
3	22930322	22932315	173	4020	4.13	CHG
3	22930322	22932315	708	18607	3.67	CHH
3	22977964	22978503	453	236	65.75	CG
3	22977964	22978503	434	627	40.90	CHG
3	22977964	22978503	887	3197	21.72	CHH
3	23158824	23162446	2577	8800	22.65	CG
3	23158824	23162446	890	6098	12.74	CHG
3	23158824	23162446	2373	29472	7.45	CHH
3	23440227	23440314	6	166	3.49	CHG
3	23440227	23440314	32	871	3.54	CHH
3	23502337	23503127	648	123	84.05	CG
3	23502337	23503127	82	654	11.14	CHG
3	23502337	23503127	1465	7280	16.75	CHH
3	24402381	24402506	23	1038	2.17	CG
3	24402381	24402506	15	325	4.41	CHG
3	24402381	24402506	21	651	3.12	CHH
3	24697252	24697403	2	159	1.24	CG
3	24697252	24697403	4	314	1.26	CHG
3	24697252	24697403	16	1468	1.08	CHH
3	25124576	25125712	1693	819	67.40	CG
3	25124576	25125712	818	985	45.37	CHG
3	25124576	25125712	4213	8131	34.13	CHH
3	25238096	25238349	231	99	70.00	CG
3	25238096	25238349	19	792	2.34	CHG
3	25238096	25238349	84	2797	2.92	CHH
3	26463242	26463534	189	646	22.63	CG
3	26463242	26463534	37	728	4.84	CHG
3	26463242	26463534	103	1834	5.32	CHH
3	28036385	28036532	11	426	2.52	CG
3	28036385	28036532	17	396	4.12	CHG
3	28036385	28036532	40	1109	3.48	CHH
3	28421210	28421588	13	738	1.73	CG
3	28421210	28421588	52	1330	3.76	CHG
3	28421210	28421588	173	4207	3.95	CHH
3	28828352	28828674	186	150	55.36	CG
3	28828352	28828674	3	90	3.23	CHG
3	28828352	28828674	696	2362	22.76	CHH
3	28883667	28884002	100	57	63.69	CG
3	28883667	28884002	57	337	14.47	CHG
3	28883667	28884002	129	2709	4.55	CHH
3	28999678	28999814	92	78	54.12	CG
3	28999678	28999814	97	75	56.40	CHG
3	28999678	28999814	306	845	26.59	CHH
3	29036320	29036527	1349	33	97.61	CG
3	29036320	29036527	132	256	34.02	CHG
3	29036320	29036527	189	864	17.95	CHH
3	29048284	29048488	1602	17	98.95	CG
3	29048284	29048488	1067	342	75.73	CHG
3	29048284	29048488	242	1270	16.01	CHH
3	29804060	29804313	7	403	1.71	CG
3	29804060	29804313	34	882	3.71	CHG
3	29804060	29804313	84	2733	2.98	CHH
3	31242980	31243426	2003	21	98.96	CG
3	31242980	31243426	995	267	78.84	CHG
3	31242980	31243426	285	2242	11.28	CHH
3	31550060	31550292	621	160	79.51	CG
3	31550060	31550292	155	214	42.01	CHG
3	31550060	31550292	302	1850	14.03	CHH
3	32992420	32993458	713	997	41.70	CG
3	32992420	32993458	223	1170	16.01	CHG
3	32992420	32993458	601	9620	5.88	CHH
3	33907932	33908490	75	161	31.78	CG
3	33907932	33908490	58	1322	4.20	CHG
3	33907932	33908490	217	5049	4.12	CHH
3	34241449	34241654	9	306	2.86	CG
3	34241449	34241654	62	785	7.32	CHG
3	34241449	34241654	77	1822	4.05	CHH
3	34254363	34255907	788	2493	24.02	CG
3	34254363	34255907	247	4091	5.69	CHG
3	34254363	34255907	1485	12605	10.54	CHH
3	34833000	34833309	1234	33	97.40	CG
3	34833000	34833309	679	189	78.23	CHG
3	34833000	34833309	395	1771	18.24	CHH
3	35110086	35110256	79	0	100.00	CG
3	35110086	35110256	1	243	0.41	CHG
3	35110086	35110256	76	1826	4.00	CHH
3	35180241	35180554	339	15	95.76	CG
3	35180241	35180554	118	1056	10.05	CHG
3	35180241	35180554	139	4407	3.06	CHH
3	35917041	35917731	1351	547	71.18	CG
3	35917041	35917731	450	876	33.94	CHG
3	35917041	35917731	1087	6050	15.23	CHH
3	36048993	36049255	8	405	1.94	CG
3	36048993	36049255	50	639	7.26	CHG
3	36048993	36049255	115	2356	4.65	CHH
3	36390761	36392058	177	4948	3.45	CG
3	36390761	36392058	131	3799	3.33	CHG
3	36390761	36392058	406	11623	3.38	CHH
4	2128481	2128855	268	70	79.29	CG
4	2128481	2128855	71	249	22.19	CHG
4	2128481	2128855	429	2384	15.25	CHH
4	2540394	2540485	155	47	76.73	CG
4	2540394	2540485	103	100	50.74	CHG
4	2540394	2540485	18	598	2.92	CHH
4	3036997	3037085	337	9	97.40	CG
4	3036997	3037085	98	62	61.25	CHG
4	3036997	3037085	31	226	12.06	CHH
4	4049820	4050064	591	16	97.36	CG
4	4049820	4050064	342	122	73.71	CHG
4	4049820	4050064	240	2034	10.55	CHH
4	4695559	4695777	575	25	95.83	CG
4	4695559	4695777	192	140	57.83	CHG
4	4695559	4695777	99	1061	8.53	CHH
4	5205473	5206792	3614	111	97.02	CG
4	5205473	5206792	2185	745	74.57	CHG
4	5205473	5206792	1115	12085	8.45	CHH
4	5370300	5370990	1328	19	98.59	CG
4	5370300	5370990	885	192	82.17	CHG
4	5370300	5370990	185	2283	7.50	CHH
4	7250146	7253105	2003	9747	17.05	CG
4	7250146	7253105	1564	5841	21.12	CHG
4	7250146	7253105	1354	23353	5.48	CHH
4	7946934	7947116	411	11	97.39	CG
4	7946934	7947116	227	169	57.32	CHG
4	7946934	7947116	113	1770	6.00	CHH
4	7976120	7976768	11	377	2.84	CG
4	7976120	7976768	29	931	3.02	CHG
4	7976120	7976768	82	3758	2.14	CHH
4	7998972	7999131	0	101	0.00	CG
4	7998972	7999131	21	207	9.21	CHG
4	7998972	7999131	88	1426	5.81	CHH
4	9504426	9506750	4104	214	95.04	CG
4	9504426	9506750	2846	1725	62.26	CHG
4	9504426	9506750	1233	22820	5.13	CHH
4	10597218	10597775	1599	36	97.80	CG
4	10597218	10597775	2042	429	82.64	CHG
4	10597218	10597775	334	5160	6.08	CHH
4	11254426	11254603	6	223	2.62	CG
4	11254426	11254603	15	390	3.70	CHG
4	11254426	11254603	54	1885	2.78	CHH
4	11479976	11481063	73	1037	6.58	CG
4	11479976	11481063	59	2048	2.80	CHG
4	11479976	11481063	384	12267	3.04	CHH
4	12511724	12511877	115	6	95.04	CG
4	12511724	12511877	341	124	73.33	CHG
4	12511724	12511877	108	1371	7.30	CHH
4	12570254	12573173	4903	160	96.84	CG
4	12570254	12573173	6103	1610	79.13	CHG
4	12570254	12573173	1923	29179	6.18	CHH
4	14336636	14336825	314	11	96.62	CG
4	14336636	14336825	263	123	68.13	CHG
4	14336636	14336825	61	1139	5.08	CHH
4	15422154	15422563	462	18	96.25	CG
4	15422154	15422563	455	202	69.25	CHG
4	15422154	15422563	804	3794	17.49	CHH
4	15927777	15928107	15	1090	1.36	CG
4	15927777	15928107	34	925	3.55	CHG
4	15927777	15928107	92	3594	2.50	CHH
4	16377949	16378038	301	12	96.17	CG
4	16377949	16378038	219	97	69.30	CHG
4	16377949	16378038	82	870	8.61	CHH
4	16429861	16430118	345	13	96.37	CG
4	16429861	16430118	505	113	81.72	CHG
4	16429861	16430118	206	2337	8.10	CHH
4	16739824	16740091	769	18	97.71	CG
4	16739824	16740091	204	105	66.02	CHG
4	16739824	16740091	135	1806	6.96	CHH
4	16870850	16871033	230	4	98.29	CG
4	16870850	16871033	3	71	4.05	CHG
4	16870850	16871033	77	1965	3.77	CHH
4	16929303	16929386	36	117	23.53	CG
4	16929303	16929386	2	46	4.17	CHG
4	16929303	16929386	26	799	3.15	CHH
4	18861290	18861421	120	6	95.24	CG
4	18861290	18861421	88	20	81.48	CHG
4	18861290	18861421	563	514	52.27	CHH
4	18879559	18879953	2505	57	97.78	CG
4	18879559	18879953	1452	564	72.02	CHG
4	18879559	18879953	469	3149	12.96	CHH
4	19594453	19594613	2	144	1.37	CG
4	19594453	19594613	8	368	2.13	CHG
4	19594453	19594613	85	754	10.13	CHH
4	21836525	21836740	4	535	0.74	CG
4	21836525	21836740	18	924	1.91	CHG
4	21836525	21836740	86	2509	3.31	CHH
4	22149701	22149888	15	1281	1.16	CG
4	22149701	22149888	17	508	3.24	CHG
4	22149701	22149888	35	1740	1.97	CHH
4	24463582	24463728	2	297	0.67	CG
4	24463582	24463728	4	207	1.90	CHG
4	24463582	24463728	53	1434	3.56	CHH
4	24879051	24879296	0	79	0.00	CG
4	24879051	24879296	18	1220	1.45	CHG
4	24879051	24879296	86	2256	3.67	CHH
4	25700367	25700823	2409	72	97.10	CG
4	25700367	25700823	940	474	66.48	CHG
4	25700367	25700823	564	3514	13.83	CHH
4	26025305	26025523	186	3	98.41	CG
4	26025305	26025523	17	633	2.62	CHG
4	26025305	26025523	65	2306	2.74	CHH
4	26125746	26125921	181	11	94.27	CG
4	26125746	26125921	171	30	85.07	CHG
4	26125746	26125921	213	1466	12.69	CHH
4	28854448	28854672	36	844	4.09	CG
4	28854448	28854672	24	386	5.85	CHG
4	28854448	28854672	83	1858	4.28	CHH
4	31600862	31601333	1471	64	95.83	CG
4	31600862	31601333	1118	598	65.15	CHG
4	31600862	31601333	488	4843	9.15	CHH
4	32665225	32665685	69	2427	2.76	CG
4	32665225	32665685	79	1849	4.10	CHG
4	32665225	32665685	185	4088	4.33	CHH
4	32845260	32845468	249	8	96.89	CG
4	32845260	32845468	25	816	2.97	CHG
4	32845260	32845468	80	2554	3.04	CHH
4	32907649	32907913	818	19	97.73	CG
4	32907649	32907913	904	208	81.29	CHG
4	32907649	32907913	292	3175	8.42	CHH
4	32976630	32976775	4	230	1.71	CG
4	32976630	32976775	10	245	3.92	CHG
4	32976630	32976775	21	1406	1.47	CHH
4	33538001	33538284	281	12	95.90	CG
4	33538001	33538284	303	66	82.11	CHG
4	33538001	33538284	95	958	9.02	CHH
5	22552	22704	298	8	97.39	CG
5	22552	22704	186	33	84.93	CHG
5	22552	22704	76	981	7.19	CHH
5	167915	169390	1093	397	73.36	CG
5	167915	169390	266	697	27.62	CHG
5	167915	169390	903	11663	7.19	CHH
5	802197	802307	0	162	0.00	CG
5	802197	802307	5	269	1.82	CHG
5	802197	802307	19	1659	1.13	CHH
5	1555477	1555743	247	11	95.74	CG
5	1555477	1555743	11	760	1.43	CHG
5	1555477	1555743	65	2942	2.16	CHH
5	1623822	1624065	1025	52	95.17	CG
5	1623822	1624065	477	178	72.82	CHG
5	1623822	1624065	170	589	22.40	CHH
5	1649481	1650024	2256	77	96.70	CG
5	1649481	1650024	949	722	56.79	CHG
5	1649481	1650024	521	5824	8.21	CHH
5	2535968	2537410	313	5798	5.12	CG
5	2535968	2537410	187	4338	4.13	CHG
5	2535968	2537410	503	13718	3.54	CHH
5	3201536	3202094	110	304	26.57	CG
5	3201536	3202094	171	653	20.75	CHG
5	3201536	3202094	1024	4149	19.80	CHH
5	3642042	3642277	868	18	97.97	CG
5	3642042	3642277	138	180	43.40	CHG
5	3642042	3642277	136	1532	8.15	CHH
5	4042346	4043559	1584	30	98.14	CG
5	4042346	4043559	948	299	76.02	CHG
5	4042346	4043559	295	4211	6.55	CHH
5	5042999	5043643	144	2	98.63	CG
5	5042999	5043643	70	13	84.34	CHG
5	5042999	5043643	27	867	3.02	CHH
5	6697788	6698020	310	17	94.80	CG
5	6697788	6698020	22	597	3.55	CHG
5	6697788	6698020	61	2508	2.37	CHH
5	8888812	8888977	181	3	98.37	CG
5	8888812	8888977	542	86	86.31	CHG
5	8888812	8888977	135	1539	8.06	CHH
5	9364313	9364413	842	11	98.71	CG
5	9364313	9364413	503	162	75.64	CHG
5	9364313	9364413	138	975	12.40	CHH
5	12809268	12809477	850	45	94.97	CG
5	12809268	12809477	304	172	63.87	CHG
5	12809268	12809477	153	929	14.14	CHH
5	13857407	13857542	1007	30	97.11	CG
5	13857407	13857542	244	125	66.12	CHG
5	13857407	13857542	150	1039	12.62	CHH
5	14246535	14246708	4	156	2.50	CG
5	14246535	14246708	3	82	3.53	CHG
5	14246535	14246708	123	2518	4.66	CHH
5	15249273	15249609	918	18	98.08	CG
5	15249273	15249609	514	180	74.06	CHG
5	15249273	15249609	249	3179	7.26	CHH
5	15263881	15264136	1588	32	98.02	CG
5	15263881	15264136	793	291	73.15	CHG
5	15263881	15264136	230	1802	11.32	CHH
5	15295856	15296058	445	12	97.37	CG
5	15295856	15296058	184	60	75.41	CHG
5	15295856	15296058	33	623	5.03	CHH
5	15380224	15380482	90	0	100.00	CG
5	15380224	15380482	120	9	93.02	CHG
5	15380224	15380482	12	281	4.10	CHH
5	16141049	16142222	2604	79	97.06	CG
5	16141049	16142222	1550	360	81.15	CHG
5	16141049	16142222	836	9735	7.91	CHH
5	16604726	16607053	4062	307	92.97	CG
5	16604726	16607053	2163	1540	58.41	CHG
5	16604726	16607053	2337	22257	9.50	CHH
5	16695358	16697204	1938	1582	55.06	CG
5	16695358	16697204	1718	1526	52.96	CHG
5	16695358	16697204	1606	13552	10.60	CHH
5	17145149	17145240	0	90	0.00	CG
5	17145149	17145240	15	965	1.53	CHH
5	17275880	17277194	1003	1317	43.23	CG
5	17275880	17277194	194	2747	6.60	CHG
5	17275880	17277194	897	11924	7.00	CHH
5	18555974	18556911	1614	291	84.72	CG
5	18555974	18556911	693	584	54.27	CHG
5	18555974	18556911	506	8981	5.33	CHH
5	18614365	18615227	2990	80	97.39	CG
5	18614365	18615227	1393	520	72.82	CHG
5	18614365	18615227	1510	6919	17.91	CHH
5	19082868	19087589	2855	5802	32.98	CG
5	19082868	19087589	692	11722	5.57	CHG
5	19082868	19087589	2344	42604	5.21	CHH
5	19475239	19475452	11	427	2.51	CG
5	19475239	19475452	23	709	3.14	CHG
5	19475239	19475452	77	2003	3.70	CHH
5	19550564	19550779	32	133	19.39	CHG
5	19550564	19550779	173	2072	7.71	CHH
5	19686229	19688559	1989	4053	32.92	CG
5	19686229	19688559	1286	2885	30.83	CHG
5	19686229	19688559	1783	20393	8.04	CHH
5	20197683	20197907	26	1438	1.78	CG
5	20197683	20197907	45	795	5.36	CHG
5	20197683	20197907	41	1510	2.64	CHH
5	20639725	20640817	1338	138	90.65	CG
5	20639725	20640817	487	2943	14.20	CHG
5	20639725	20640817	419	11553	3.50	CHH
5	21196473	21196736	201	10	95.26	CG
5	21196473	21196736	285	65	81.43	CHG
5	21196473	21196736	367	2425	13.14	CHH
5	21222554	21222810	149	109	57.75	CHG
5	21222554	21222810	122	2323	4.99	CHH
5	21231311	21231463	9	583	1.52	CG
5	21231311	21231463	27	502	5.10	CHG
5	21231311	21231463	26	870	2.90	CHH
5	21771662	21772418	1075	401	72.83	CG
5	21771662	21772418	823	674	54.98	CHG
5	21771662	21772418	514	5568	8.45	CHH
5	22632027	22632224	20	1115	1.76	CG
5	22632027	22632224	17	936	1.78	CHG
5	22632027	22632224	56	1700	3.19	CHH
5	23446330	23446424	18	0	100.00	CG
5	23446330	23446424	27	114	19.15	CHH
5	23498602	23498699	117	3	97.50	CG
5	23498602	23498699	54	9	85.71	CHG
5	23498602	23498699	748	288	72.20	CHH
5	23589096	23589233	2	255	0.78	CHG
5	23589096	23589233	34	1319	2.51	CHH
5	23597717	23597952	1	124	0.80	CG
5	23597717	23597952	13	303	4.11	CHG
5	23597717	23597952	76	1824	4.00	CHH
5	23799970	23800819	67	2818	2.32	CG
5	23799970	23800819	81	2403	3.26	CHG
5	23799970	23800819	205	6992	2.85	CHH
5	24767463	24767619	18	893	1.98	CG
5	24767463	24767619	7	290	2.36	CHG
5	24767463	24767619	33	1260	2.55	CHH
5	24958493	24960927	1602	1804	47.03	CG
5	24958493	24960927	327	4908	6.25	CHG
5	24958493	24960927	904	22947	3.79	CHH
5	25117789	25118255	107	2663	3.86	CG
5	25117789	25118255	54	1231	4.20	CHG
5	25117789	25118255	83	3035	2.66	CHH
5	25683760	25686062	1416	9527	12.94	CG
5	25683760	25686062	1024	7427	12.12	CHG
5	25683760	25686062	2348	15586	13.09	CHH
5	25916431	25917101	1099	57	95.07	CG
5	25916431	25917101	623	391	61.44	CHG
5	25916431	25917101	1608	5488	22.66	CHH
5	26920490	26922938	69	3884	1.75	CG
5	26920490	26922938	209	7694	2.64	CHG
5	26920490	26922938	815	23265	3.38	CHH
5	27294148	27294484	13	1107	1.16	CG
5	27294148	27294484	33	786	4.03	CHG
5	27294148	27294484	123	2873	4.11	CHH
5	27692643	27692794	17	756	2.20	CG
5	27692643	27692794	11	775	1.40	CHG
5	27692643	27692794	74	1755	4.05	CHH
5	28353397	28355104	2189	274	88.88	CG
5	28353397	28355104	245	3758	6.12	CHG
5	28353397	28355104	602	16628	3.49	CHH
5	28438764	28438936	283	4	98.61	CG
5	28438764	28438936	349	56	86.17	CHG
5	28438764	28438936	107	1050	9.25	CHH
5	29278792	29278999	124	10	92.54	CG
5	29278792	29278999	79	13	85.87	CHG
5	29278792	29278999	22	577	3.67	CHH
5	29368004	29368261	183	9	95.31	CG
5	29368004	29368261	403	47	89.56	CHG
5	29368004	29368261	249	2518	9.00	CHH
5	29393677	29395023	939	22	97.71	CG
5	29393677	29395023	785	150	83.96	CHG
5	29393677	29395023	179	2278	7.29	CHH
5	29485227	29485510	385	304	55.88	CG
5	29485227	29485510	108	525	17.06	CHG
5	29485227	29485510	184	2343	7.28	CHH
6	247291	247913	24	1732	1.37	CG
6	247291	247913	37	1416	2.55	CHG
6	247291	247913	113	5061	2.18	CHH
6	368015	368245	5	462	1.07	CG
6	368015	368245	20	563	3.43	CHG
6	368015	368245	80	2115	3.64	CHH
6	521167	522087	256	1599	13.80	CG
6	521167	522087	111	1459	7.07	CHG
6	521167	522087	860	8050	9.65	CHH
6	813527	813697	136	2	98.55	CG
6	813527	813697	5	358	1.38	CHG
6	813527	813697	74	2080	3.44	CHH
6	958185	960061	3536	1602	68.82	CG
6	958185	960061	1289	1547	45.45	CHG
6	958185	960061	1511	13515	10.06	CHH
6	1267865	1268035	1215	27	97.83	CG
6	1267865	1268035	569	248	69.65	CHG
6	1267865	1268035	119	1590	6.96	CHH
6	2300838	2300945	1	247	0.40	CG
6	2300838	2300945	32	424	7.02	CHG
6	2300838	2300945	44	1350	3.16	CHH
6	3639180	3639309	5	360	1.37	CG
6	3639180	3639309	4	408	0.97	CHG
6	3639180	3639309	59	1435	3.95	CHH
6	3944739	3945664	563	694	44.79	CG
6	3944739	3945664	569	973	36.90	CHG
6	3944739	3945664	964	9002	9.67	CHH
6	4300749	4300941	495	7	98.61	CG
6	4300749	4300941	188	172	52.22	CHG
6	4300749	4300941	186	1973	8.62	CHH
6	4553472	4553595	570	15	97.44	CG
6	4553472	4553595	123	86	58.85	CHG
6	4553472	4553595	117	534	17.97	CHH
6	4806070	4806315	64	925	6.47	CG
6	4806070	4806315	19	447	4.08	CHG
6	4806070	4806315	49	1783	2.67	CHH
6	5243918	5246329	2119	2655	44.39	CG
6	5243918	5246329	314	8047	3.76	CHG
6	5243918	5246329	945	25584	3.56	CHH
6	5335954	5337126	858	1356	38.75	CG
6	5335954	5337126	546	1175	31.73	CHG
6	5335954	5337126	1779	6198	22.30	CHH
6	6556692	6557000	11	1354	0.81	CG
6	6556692	6557000	21	769	2.66	CHG
6	6556692	6557000	85	2709	3.04	CHH
6	7262284	7262394	6	294	2.00	CHG
6	7262284	7262394	13	1160	1.11	CHH
6	7296360	7297580	916	17	98.18	CG
6	7296360	7297580	616	172	78.17	CHG
6	7296360	7297580	267	2836	8.60	CHH
6	7450229	7452500	3605	593	85.87	CG
6	7450229	7452500	2467	1337	64.85	CHG
6	7450229	7452500	2484	17974	12.14	CHH
6	8010667	8010997	1035	23	97.83	CG
6	8010667	8010997	595	266	69.11	CHG
6	8010667	8010997	239	2574	8.50	CHH
6	8383109	8385458	1660	8606	16.17	CG
6	8383109	8385458	937	4172	18.34	CHG
6	8383109	8385458	1115	17345	6.04	CHH
6	8415805	8416695	2056	67	96.84	CG
6	8415805	8416695	1497	635	70.22	CHG
6	8415805	8416695	736	9245	7.37	CHH
6	8434419	8434622	450	16	96.57	CG
6	8434419	8434622	514	151	77.29	CHG
6	8434419	8434622	320	1085	22.78	CHH
6	9748876	9749062	480	141	77.29	CG
6	9748876	9749062	12	246	4.65	CHG
6	9748876	9749062	79	1580	4.76	CHH
6	9753551	9753693	75	6	92.59	CG
6	9753551	9753693	99	28	77.95	CHG
6	9753551	9753693	41	351	10.46	CHH
6	10075237	10075575	756	12	98.44	CG
6	10075237	10075575	1173	188	86.19	CHG
6	10075237	10075575	281	2820	9.06	CHH
6	10093461	10093858	879	34	96.28	CG
6	10093461	10093858	415	354	53.97	CHG
6	10093461	10093858	243	4300	5.35	CHH
6	10113029	10113177	235	11	95.53	CG
6	10113029	10113177	117	55	68.02	CHG
6	10113029	10113177	335	932	26.44	CHH
6	10217891	10218933	2033	71	96.63	CG
6	10217891	10218933	2180	482	81.89	CHG
6	10217891	10218933	600	9293	6.06	CHH
6	11173234	11173456	67	87	43.51	CG
6	11173234	11173456	976	948	50.73	CHH
6	11608473	11613132	8066	1566	83.74	CG
6	11608473	11613132	5484	4165	56.83	CHG
6	11608473	11613132	4015	31555	11.29	CHH
6	11851633	11851862	176	10	94.62	CG
6	11851633	11851862	416	144	74.29	CHG
6	11851633	11851862	101	1940	4.95	CHH
6	14122214	14122520	918	15	98.39	CG
6	14122214	14122520	904	224	80.14	CHG
6	14122214	14122520	712	2816	20.18	CHH
6	14227883	14228030	283	4	98.61	CG
6	14227883	14228030	153	64	70.51	CHG
6	14227883	14228030	75	1254	5.64	CHH
6	14470606	14472078	3213	82	97.51	CG
6	14470606	14472078	3025	609	83.24	CHG
6	14470606	14472078	1423	10888	11.56	CHH
6	14807254	14809068	3497	784	81.69	CG
6	14807254	14809068	3007	1502	66.69	CHG
6	14807254	14809068	2664	15539	14.63	CHH
6	14821713	14821802	128	5	96.24	CG
6	14821713	14821802	282	28	90.97	CHG
6	14821713	14821802	45	775	5.49	CHH
6	14830897	14831902	1628	56	96.67	CG
6	14830897	14831902	2202	460	82.72	CHG
6	14830897	14831902	670	9437	6.63	CHH
6	14905971	14906794	1956	44	97.80	CG
6	14905971	14906794	1813	290	86.21	CHG
6	14905971	14906794	677	6063	10.04	CHH
6	15103747	15105627	2747	98	96.56	CG
6	15103747	15105627	2253	488	82.20	CHG
6	15103747	15105627	1187	18769	5.95	CHH
6	15441362	15441506	6490	328	95.19	CG
6	15441362	15441506	675	404	62.56	CHG
6	15441362	15441506	901	8160	9.94	CHH
6	15563454	15563591	140	5	96.55	CG
6	15563454	15563591	203	56	78.38	CHG
6	15563454	15563591	73	1137	6.03	CHH
6	16686020	16686529	1327	23	98.30	CG
6	16686020	16686529	503	221	69.48	CHG
6	16686020	16686529	189	3986	4.53	CHH
6	17158669	17158861	295	108	73.20	CG
6	17158669	17158861	6	337	1.75	CHG
6	17158669	17158861	114	1589	6.69	CHH
6	17199198	17199462	195	18	91.55	CG
6	17199198	17199462	40	21	65.57	CHG
6	17199198	17199462	140	1547	8.30	CHH
6	17345586	17347256	6125	127	97.97	CG
6	17345586	17347256	3084	964	76.19	CHG
6	17345586	17347256	1663	14788	10.11	CHH
6	17660877	17661057	445	12	97.37	CG
6	17660877	17661057	572	134	81.02	CHG
6	17660877	17661057	98	1943	4.80	CHH
6	18643334	18643833	317	15	95.48	CG
6	18643334	18643833	137	115	54.37	CHG
6	18643334	18643833	37	230	13.86	CHH
6	18777954	18779043	2188	79	96.52	CG
6	18777954	18779043	1180	420	73.75	CHG
6	18777954	18779043	802	12494	6.03	CHH
6	18810122	18813496	6758	1002	87.09	CG
6	18810122	18813496	3207	3583	47.23	CHG
6	18810122	18813496	1999	29461	6.35	CHH
6	19312818	19314797	4269	2383	64.18	CG
6	19312818	19314797	1835	2497	42.36	CHG
6	19312818	19314797	2745	18449	12.95	CHH
6	20357482	20357681	537	15	97.28	CG
6	20357482	20357681	232	116	66.67	CHG
6	20357482	20357681	120	2051	5.53	CHH
6	20439044	20439654	24	798	2.92	CG
6	20439044	20439654	63	1951	3.13	CHG
6	20439044	20439654	179	5542	3.13	CHH
6	21127919	21128043	451	9	98.04	CG
6	21127919	21128043	14	30	31.82	CHG
6	21127919	21128043	162	1108	12.76	CHH
6	21587628	21587841	337	19	94.66	CG
6	21587628	21587841	216	39	84.71	CHG
6	21587628	21587841	396	1982	16.65	CHH
6	22156671	22156886	4	693	0.57	CG
6	22156671	22156886	9	493	1.79	CHG
6	22156671	22156886	88	2192	3.86	CHH
6	22194216	22196915	3758	1184	76.04	CG
6	22194216	22196915	1781	3984	30.89	CHG
6	22194216	22196915	1268	25911	4.67	CHH
6	22609287	22612484	5075	3078	62.25	CG
6	22609287	22612484	2946	3682	44.45	CHG
6	22609287	22612484	6179	21832	22.06	CHH
6	22611980	22612934	476	757	38.61	CG
6	22611980	22612934	463	495	48.33	CHG
6	22611980	22612934	1744	2844	38.01	CHH
6	23257492	23257741	1379	61	95.76	CG
6	23257492	23257741	595	135	81.51	CHG
6	23257492	23257741	309	1130	21.47	CHH
6	23764410	23764702	78	1	98.73	CG
6	23764410	23764702	32	9	78.05	CHG
6	23764410	23764702	217	3581	5.71	CHH
6	23867262	23869017	515	7137	6.73	CG
6	23867262	23869017	718	3878	15.62	CHG
6	23867262	23869017	1438	13946	9.35	CHH
6	24469529	24469704	141	5	96.58	CG
6	24469529	24469704	445	61	87.94	CHG
6	24469529	24469704	172	1682	9.28	CHH
6	26027042	26027922	1192	95	92.62	CG
6	26027042	26027922	315	878	26.40	CHG
6	26027042	26027922	446	9819	4.34	CHH
6	27428621	27432072	1940	5805	25.05	CG
6	27428621	27432072	822	8998	8.37	CHG
6	27428621	27432072	1874	29037	6.06	CHH
6	27581080	27581338	997	21	97.94	CG
6	27581080	27581338	542	178	75.28	CHG
6	27581080	27581338	442	2370	15.72	CHH
6	27924772	27924989	246	13	94.98	CG
6	27924772	27924989	24	832	2.80	CHG
6	27924772	27924989	76	1840	3.97	CHH
6	28789509	28791244	695	1354	33.92	CG
6	28789509	28791244	268	4348	5.81	CHG
6	28789509	28791244	735	17318	4.07	CHH
6	28955148	28955268	15	277	5.14	CHG
6	28955148	28955268	68	991	6.42	CHH
6	29172271	29175087	1558	848	64.75	CG
6	29172271	29175087	240	8721	2.68	CHG
6	29172271	29175087	1188	33221	3.45	CHH
6	30516258	30516520	200	407	32.95	CG
6	30516258	30516520	45	251	15.20	CHG
6	30516258	30516520	411	1701	19.46	CHH
6	31188015	31188697	226	79	74.10	CG
6	31188015	31188697	41	1839	2.18	CHG
6	31188015	31188697	208	7638	2.65	CHH
6	31222643	31224540	2427	60	97.59	CG
6	31222643	31224540	229	3952	5.48	CHG
6	31222643	31224540	978	17621	5.26	CHH
7	411438	411715	558	22	96.21	CG
7	411438	411715	364	468	43.75	CHG
7	411438	411715	302	2534	10.65	CHH
7	993029	993215	13	273	4.55	CG
7	993029	993215	42	457	8.42	CHG
7	993029	993215	62	1898	3.16	CHH
7	1846760	1848970	2624	526	83.30	CG
7	1846760	1848970	203	6495	3.03	CHG
7	1846760	1848970	1060	25521	3.99	CHH
7	2224488	2225213	98	2300	4.09	CG
7	2224488	2225213	64	1831	3.38	CHG
7	2224488	2225213	164	5592	2.85	CHH
7	2447769	2451203	3075	10384	22.85	CG
7	2447769	2451203	1228	8901	12.12	CHG
7	2447769	2451203	3338	29874	10.05	CHH
7	2483423	2483554	435	103	80.86	CG
7	2483423	2483554	111	55	66.87	CHG
7	2483423	2483554	286	608	31.99	CHH
7	2618288	2618484	183	14	92.89	CG
7	2618288	2618484	6	85	6.59	CHG
7	2618288	2618484	93	2133	4.18	CHH
7	2946799	2949545	1490	5744	20.60	CG
7	2946799	2949545	263	7791	3.27	CHG
7	2946799	2949545	878	26034	3.26	CHH
7	3992526	3992733	218	10	95.61	CG
7	3992526	3992733	9	757	1.17	CHG
7	3992526	3992733	72	2297	3.04	CHH
7	4299561	4299774	212	300	41.41	CG
7	4299561	4299774	24	312	7.14	CHG
7	4299561	4299774	55	1792	2.98	CHH
7	4594741	4595750	422	1854	18.54	CG
7	4594741	4595750	91	2769	3.18	CHG
7	4594741	4595750	401	12634	3.08	CHH
7	4802020	4804153	190	3093	5.79	CG
7	4802020	4804153	250	2356	9.59	CHG
7	4802020	4804153	969	18743	4.92	CHH
7	5473306	5473520	94	6	94.00	CG
7	5473306	5473520	76	11	87.36	CHG
7	5473306	5473520	85	1575	5.12	CHH
7	6327476	6328339	2019	46	97.77	CG
7	6327476	6328339	1394	273	83.62	CHG
7	6327476	6328339	472	5592	7.78	CHH
7	6575263	6575711	4	242	1.63	CG
7	6575263	6575711	5	72	6.49	CHG
7	6575263	6575711	215	4863	4.23	CHH
7	6605103	6605624	2453	72	97.15	CG
7	6605103	6605624	830	821	50.27	CHG
7	6605103	6605624	419	4668	8.24	CHH
7	6829453	6829599	18	272	6.21	CHG
7	6829453	6829599	67	1785	3.62	CHH
7	6919655	6920441	1970	316	86.18	CG
7	6919655	6920441	1344	1274	51.34	CHG
7	6919655	6920441	527	7161	6.85	CHH
7	7348687	7348951	87	1	98.86	CG
7	7348687	7348951	7	399	1.72	CHG
7	7348687	7348951	77	2888	2.60	CHH
7	7538627	7540224	1683	741	69.43	CG
7	7538627	7540224	659	1348	32.84	CHG
7	7538627	7540224	1252	13294	8.61	CHH
7	7676619	7677136	727	14	98.11	CG
7	7676619	7677136	664	155	81.07	CHG
7	7676619	7677136	342	4567	6.97	CHH
7	7868604	7868899	1160	42	96.51	CG
7	7868604	7868899	688	243	73.90	CHG
7	7868604	7868899	150	2460	5.75	CHH
7	7896981	7897138	56	5	91.80	CG
7	7896981	7897138	430	97	81.59	CHG
7	7896981	7897138	127	1578	7.45	CHH
7	7950410	7951127	228	2912	7.26	CG
7	7950410	7951127	106	1764	5.67	CHG
7	7950410	7951127	411	4607	8.19	CHH
7	8994834	8994985	374	10	97.40	CG
7	8994834	8994985	33	508	6.10	CHG
7	8994834	8994985	36	1284	2.73	CHH
7	9688947	9691039	1527	5237	22.58	CG
7	9688947	9691039	1697	2492	40.51	CHG
7	9688947	9691039	906	13653	6.22	CHH
7	10365529	10365796	1014	45	95.75	CG
7	10365529	10365796	178	38	82.41	CHG
7	10365529	10365796	129	2037	5.96	CHH
7	10449611	10449795	309	15	95.37	CG
7	10449611	10449795	281	70	80.06	CHG
7	10449611	10449795	118	2250	4.98	CHH
7	10549868	10550083	302	5	98.37	CG
7	10549868	10550083	241	80	75.08	CHG
7	10549868	10550083	112	2106	5.05	CHH
7	10635123	10635434	416	229	64.50	CG
7	10635123	10635434	525	205	71.92	CHG
7	10635123	10635434	1245	1668	42.74	CHH
7	10877526	10878054	2977	126	95.94	CG
7	10877526	10878054	863	410	67.79	CHG
7	10877526	10878054	368	2907	11.24	CHH
7	11466967	11467449	1396	38	97.35	CG
7	11466967	11467449	773	218	78.00	CHG
7	11466967	11467449	305	4504	6.34	CHH
7	11601703	11602144	450	10	97.83	CG
7	11601703	11602144	368	112	76.67	CHG
7	11601703	11602144	448	4851	8.45	CHH
7	11983577	11984979	1173	123	90.51	CG
7	11983577	11984979	964	698	58.00	CHG
7	11983577	11984979	728	11810	5.81	CHH
7	12411232	12411465	207	1	99.52	CG
7	12411232	12411465	124	47	72.51	CHG
7	12411232	12411465	33	187	15.00	CHH
7	12792717	12792888	145	7	95.39	CG
7	12792717	12792888	194	43	81.86	CHG
7	12792717	12792888	195	1397	12.25	CHH
7	12807464	12807960	578	25	95.85	CG
7	12807464	12807960	722	486	59.77	CHG
7	12807464	12807960	363	5945	5.75	CHH
7	13460211	13460326	371	9	97.63	CG
7	13460211	13460326	49	89	35.51	CHG
7	13460211	13460326	33	325	9.22	CHH
7	15065372	15067232	3170	96	97.06	CG
7	15065372	15067232	3043	808	79.02	CHG
7	15065372	15067232	1326	19472	6.38	CHH
7	15194897	15195154	7	150	4.46	CG
7	15194897	15195154	8	220	3.51	CHG
7	15194897	15195154	91	3294	2.69	CHH
7	15838174	15840597	2479	2641	48.42	CG
7	15838174	15840597	820	2854	22.32	CHG
7	15838174	15840597	2982	18838	13.67	CHH
7	16417756	16417995	210	4	98.13	CG
7	16417756	16417995	101	50	66.89	CHG
7	16417756	16417995	203	2411	7.77	CHH
7	17006268	17006989	3433	94	97.33	CG
7	17006268	17006989	1134	354	76.21	CHG
7	17006268	17006989	728	5982	10.85	CHH
7	17339592	17339751	4	163	2.40	CG
7	17339592	17339751	7	502	1.38	CHG
7	17339592	17339751	74	1812	3.92	CHH
7	17913342	17913726	1121	53	95.49	CG
7	17913342	17913726	671	176	79.22	CHG
7	17913342	17913726	505	3637	12.19	CHH
7	18987148	18987233	7	127	5.22	CG
7	18987148	18987233	11	54	16.92	CHG
7	18987148	18987233	31	766	3.89	CHH
7	19215021	19215291	1480	39	97.43	CG
7	19215021	19215291	775	207	78.92	CHG
7	19215021	19215291	399	1891	17.42	CHH
7	19560035	19560566	1350	18	98.68	CG
7	19560035	19560566	939	202	82.30	CHG
7	19560035	19560566	921	2766	24.98	CHH
