1	2555114	2555411	1142	31	97.36	CG
1	2555114	2555411	411	234	63.72	CHG
1	2555114	2555411	536	1867	22.31	CHH
1	8143115	8144572	1026	2508	29.03	CG
1	8143115	8144572	824	1784	31.60	CHG
1	8143115	8144572	2921	10234	22.20	CHH
1	8856289	8857459	3375	98	97.18	CG
1	8856289	8857459	2077	830	71.45	CHG
1	8856289	8857459	1232	5581	18.08	CHH
1	9440253	9440373	93	1	98.94	CG
1	9440253	9440373	241	57	80.87	CHG
1	9440253	9440373	173	792	17.93	CHH
1	10922927	10924097	4282	152	96.57	CG
1	10922927	10924097	1595	1066	59.94	CHG
1	10922927	10924097	1816	6506	21.82	CHH
1	10924272	10925038	805	36	95.72	CG
1	10924272	10925038	827	175	82.53	CHG
1	10924272	10925038	1937	3039	38.93	CHH
1	10926447	10926494	88	0	100.00	CG
1	10926447	10926494	52	13	80.00	CHG
1	10926447	10926494	143	250	36.39	CHH
1	10927779	10928239	28	979	2.78	CG
1	10927779	10928239	110	1117	8.96	CHG
1	10927779	10928239	288	3128	8.43	CHH
1	11194466	11195470	3628	191	95.00	CG
1	11194466	11195470	1176	254	82.24	CHG
1	11194466	11195470	1781	5314	25.10	CHH
1	11195594	11197144	3466	90	97.47	CG
1	11195594	11197144	2349	329	87.71	CHG
1	11195594	11197144	4922	7196	40.62	CHH
1	11469690	11470040	901	175	83.74	CG
1	11469690	11470040	373	278	57.30	CHG
1	11469690	11470040	555	1387	28.58	CHH
1	11476217	11476541	784	32	96.08	CG
1	11476217	11476541	358	143	71.46	CHG
1	11476217	11476541	374	2085	15.21	CHH
1	11476776	11476980	505	17	96.74	CG
1	11476776	11476980	415	190	68.60	CHG
1	11476776	11476980	183	1381	11.70	CHH
1	14960932	14961729	2140	71	96.79	CG
1	14960932	14961729	1008	765	56.85	CHG
1	14960932	14961729	1412	4346	24.52	CHH
1	20811581	20812788	1176	63	94.92	CG
1	20811581	20812788	1177	382	75.50	CHG
1	20811581	20812788	1782	8457	17.40	CHH
1	20812987	20814418	4943	72	98.56	CG
1	20812987	20814418	3088	610	83.50	CHG
1	20812987	20814418	1935	10573	15.47	CHH
1	21008974	21009872	885	25	97.25	CG
1	21008974	21009872	952	193	83.14	CHG
1	21008974	21009872	1222	7511	13.99	CHH
1	21009973	21014417	8011	213	97.41	CG
1	21009973	21014417	7831	3722	67.78	CHG
1	21009973	21014417	2893	34629	7.71	CHH
1	25251599	25253560	5274	1178	81.74	CG
1	25251599	25253560	2227	1900	53.96	CHG
1	25251599	25253560	4867	12418	28.16	CHH
1	25254184	25254575	1318	35	97.41	CG
1	25254184	25254575	537	154	77.71	CHG
1	25254184	25254575	977	1930	33.61	CHH
1	26580982	26582392	4194	86	97.99	CG
1	26580982	26582392	1961	646	75.22	CHG
1	26580982	26582392	1875	6357	22.78	CHH
1	28208118	28209343	3866	82	97.92	CG
1	28208118	28209343	1562	600	72.25	CHG
1	28208118	28209343	1116	4506	19.85	CHH
1	28209629	28210983	2179	75	96.67	CG
1	28209629	28210983	2012	485	80.58	CHG
1	28209629	28210983	1545	9903	13.50	CHH
1	28211421	28212110	607	9	98.54	CG
1	28211421	28212110	821	109	88.28	CHG
1	28211421	28212110	1063	5095	17.26	CHH
1	30811371	30812183	2371	72	97.05	CG
1	30811371	30812183	1534	778	66.35	CHG
1	30811371	30812183	1355	5638	19.38	CHH
1	36452592	36453218	1205	231	83.91	CG
1	36452592	36453218	556	566	49.55	CHG
1	36452592	36453218	925	3849	19.38	CHH
1	38451745	38452887	2324	592	79.70	CG
1	38451745	38452887	1332	871	60.46	CHG
1	38451745	38452887	2637	6516	28.81	CHH
1	41135938	41135972	9	103	8.04	CG
1	41135938	41135972	2	54	3.57	CHG
1	41135938	41135972	7	221	3.07	CHH
2	3701316	3701517	228	0	100.00	CG
2	3701316	3701517	208	125	62.46	CHG
2	3701316	3701517	468	1515	23.60	CHH
2	6759920	6761510	3000	50	98.36	CG
2	6759920	6761510	2401	447	84.30	CHG
2	6759920	6761510	2592	10267	20.16	CHH
2	7610238	7610762	1986	53	97.40	CG
2	7610238	7610762	957	519	64.84	CHG
2	7610238	7610762	956	3306	22.43	CHH
2	8346082	8346522	608	16	97.44	CG
2	8346082	8346522	806	104	88.57	CHG
2	8346082	8346522	690	3197	17.75	CHH
2	13582141	13582726	616	21	96.70	CG
2	13582141	13582726	873	147	85.59	CHG
2	13582141	13582726	1068	3417	23.81	CHH
2	14698488	14698632	142	133	51.64	CG
2	14698488	14698632	185	189	49.47	CHG
2	14698488	14698632	283	400	41.43	CHH
2	16555825	16557101	1124	2551	30.59	CG
2	16555825	16557101	658	2534	20.61	CHG
2	16555825	16557101	1021	7235	12.37	CHH
2	16557180	16558295	1053	1604	39.63	CG
2	16557180	16558295	1144	1804	38.81	CHG
2	16557180	16558295	2205	8145	21.30	CHH
2	29633236	29636111	6149	1526	80.12	CG
2	29633236	29636111	4843	1775	73.18	CHG
2	29633236	29636111	5207	19495	21.08	CHH
2	29778535	29779835	3094	69	97.82	CG
2	29778535	29779835	1660	432	79.35	CHG
2	29778535	29779835	1940	11653	14.27	CHH
2	29780404	29782752	4022	159	96.20	CG
2	29780404	29782752	1853	429	81.20	CHG
2	29780404	29782752	5466	15095	26.58	CHH
2	33668330	33668734	311	957	24.53	CG
2	33668330	33668734	231	980	19.08	CHG
2	33668330	33668734	1581	2053	43.51	CHH
3	7205990	7206396	1085	39	96.53	CG
3	7205990	7206396	859	128	87.03	CHG
3	7205990	7206396	440	2550	14.72	CHH
3	7208162	7208468	690	23	96.77	CG
3	7208162	7208468	331	58	85.09	CHG
3	7208162	7208468	507	1949	20.64	CHH
3	10131683	10133676	4872	803	85.85	CG
3	10131683	10133676	2107	1892	52.69	CHG
3	10131683	10133676	1710	15227	10.10	CHH
3	12711049	12711825	1017	27	97.41	CG
3	12711049	12711825	639	174	78.60	CHG
3	12711049	12711825	1908	4957	27.79	CHH
3	12711907	12712969	2633	144	94.81	CG
3	12711907	12712969	1798	700	71.98	CHG
3	12711907	12712969	1454	6822	17.57	CHH
3	13925598	13926734	3231	79	97.61	CG
3	13925598	13926734	1593	590	72.97	CHG
3	13925598	13926734	817	7269	10.10	CHH
3	15610099	15611396	3188	78	97.61	CG
3	15610099	15611396	1315	554	70.36	CHG
3	15610099	15611396	1479	7571	16.34	CHH
3	17446064	17447102	2988	45	98.52	CG
3	17446064	17447102	2262	303	88.19	CHG
3	17446064	17447102	1852	8013	18.77	CHH
3	19352995	19356617	11494	235	98.00	CG
3	19352995	19356617	7297	1620	81.83	CHG
3	19352995	19356617	2846	26919	9.56	CHH
3	22294607	22295687	3125	95	97.05	CG
3	22294607	22295687	2080	354	85.46	CHG
3	22294607	22295687	2448	7378	24.91	CHH
3	22295781	22296159	1215	32	97.43	CG
3	22295781	22296159	780	120	86.67	CHG
3	22295781	22296159	693	2472	21.90	CHH
3	22404232	22405507	3972	75	98.15	CG
3	22404232	22405507	1472	710	67.46	CHG
3	22404232	22405507	1038	6200	14.34	CHH
3	27941138	27942796	2326	164	93.41	CG
3	27941138	27942796	1820	1402	56.49	CHG
3	27941138	27942796	2824	10792	20.74	CHH
3	28510179	28510777	1007	26	97.48	CG
3	28510179	28510777	577	156	78.72	CHG
3	28510179	28510777	1036	4409	19.03	CHH
4	2276177	2276551	1628	23	98.61	CG
4	2276177	2276551	576	112	83.72	CHG
4	2276177	2276551	407	1848	18.05	CHH
4	11651971	11654930	5624	161	97.22	CG
4	11651971	11654930	3022	1390	68.50	CHG
4	11651971	11654930	2686	23551	10.24	CHH
4	27689683	27689829	461	30	93.89	CG
4	27689683	27689829	143	86	62.45	CHG
4	27689683	27689829	880	627	58.39	CHH
4	29141581	29141664	287	8	97.29	CG
4	29141581	29141664	202	55	78.60	CHG
4	29141581	29141664	438	855	33.87	CHH
4	30611394	30612481	827	382	68.40	CG
4	30611394	30612481	785	794	49.72	CHG
4	30611394	30612481	2506	4472	35.91	CHH
5	662749	664095	3260	84	97.49	CG
5	662749	664095	1801	423	80.98	CHG
5	662749	664095	2745	6587	29.41	CHH
5	664360	665573	1851	348	84.17	CG
5	664360	665573	1404	1089	56.32	CHG
5	664360	665573	1421	9180	13.40	CHH
5	1136684	1139118	4817	89	98.19	CG
5	1136684	1139118	4002	812	83.13	CHG
5	1136684	1139118	4103	17573	18.93	CHH
5	2775738	2775910	87	350	19.91	CG
5	2775738	2775910	129	112	53.53	CHG
5	2775738	2775910	478	841	36.24	CHH
5	11245127	11247429	5244	622	89.40	CG
5	11245127	11247429	3091	878	77.88	CHG
5	11245127	11247429	3705	14218	20.67	CHH
5	13079678	13081153	4842	158	96.84	CG
5	13079678	13081153	2543	697	78.49	CHG
5	13079678	13081153	1805	10145	15.10	CHH
5	19128840	19130154	3138	80	97.51	CG
5	19128840	19130154	1963	432	81.96	CHG
5	19128840	19130154	2748	9778	21.94	CHH
5	19883682	19883838	1104	10	99.10	CG
5	19883682	19883838	848	140	85.83	CHG
5	19883682	19883838	77	393	16.38	CHH
5	19884479	19885037	937	437	68.20	CG
5	19884479	19885037	909	594	60.48	CHG
5	19884479	19885037	1371	2032	40.29	CHH
5	27489055	27489338	938	23	97.61	CG
5	27489055	27489338	646	121	84.22	CHG
5	27489055	27489338	905	1333	40.44	CHH
5	27489622	27490471	554	1039	34.78	CG
5	27489622	27490471	1070	715	59.94	CHG
5	27489622	27490471	2425	4849	33.34	CHH
6	1051401	1053277	5292	254	95.42	CG
6	1051401	1053277	2724	2109	56.36	CHG
6	1051401	1053277	1729	10995	13.59	CHH
6	6075315	6076487	1472	45	97.03	CG
6	6075315	6076487	1281	266	82.81	CHG
6	6075315	6076487	1271	10093	11.18	CHH
6	6076943	6077142	659	11	98.36	CG
6	6076943	6077142	647	108	85.70	CHG
6	6076943	6077142	151	607	19.92	CHH
6	6339071	6340741	4873	113	97.73	CG
6	6339071	6340741	2367	758	75.74	CHG
6	6339071	6340741	1775	10232	14.78	CHH
6	11301673	11302182	466	9	98.11	CG
6	11301673	11302182	525	144	78.48	CHG
6	11301673	11302182	654	1118	36.91	CHH
6	12035080	12038531	10222	197	98.11	CG
6	12035080	12038531	7087	2185	76.43	CHG
6	12035080	12038531	2066	24363	7.82	CHH
6	13426051	13427806	4802	136	97.25	CG
6	13426051	13427806	2659	956	73.55	CHG
6	13426051	13427806	3574	12104	22.80	CHH
6	13432787	13433792	1620	28	98.30	CG
6	13432787	13433792	1387	296	82.41	CHG
6	13432787	13433792	876	7510	10.45	CHH
6	13434151	13437348	6612	133	98.03	CG
6	13434151	13437348	5260	900	85.39	CHG
6	13434151	13437348	2559	24312	9.52	CHH
6	17322463	17323417	1973	47	97.67	CG
6	17322463	17323417	1286	344	78.90	CHG
6	17322463	17323417	912	6834	11.77	CHH
6	17674030	17675910	2746	223	92.49	CG
6	17674030	17675910	1028	2011	33.83	CHG
6	17674030	17675910	1879	16771	10.08	CHH
6	21224444	21225486	1867	1144	62.01	CG
6	21224444	21225486	1126	1570	41.77	CHG
6	21224444	21225486	1117	5359	17.25	CHH
6	21225688	21227423	6055	519	92.11	CG
6	21225688	21227423	2528	2028	55.49	CHG
6	21225688	21227423	1728	8617	16.70	CHH
6	21664378	21665467	2463	87	96.59	CG
6	21664378	21665467	1619	608	72.70	CHG
6	21664378	21665467	2120	7996	20.96	CHH
6	27800538	27801418	202	729	21.70	CG
6	27800538	27801418	179	1134	13.63	CHG
6	27800538	27801418	874	5751	13.19	CHH
6	28515545	28517894	5811	215	96.43	CG
6	28515545	28517894	2797	841	76.88	CHG
6	28515545	28517894	3152	16385	16.13	CHH
6	29380325	29380583	186	210	46.97	CG
6	29380325	29380583	228	225	50.33	CHG
6	29380325	29380583	605	1067	36.18	CHH
7	998065	998596	699	16	97.76	CG
7	998065	998596	725	106	87.24	CHG
7	998065	998596	1065	3987	21.08	CHH
7	999799	1001396	4975	111	97.82	CG
7	999799	1001396	2612	954	73.25	CHG
7	999799	1001396	1796	10011	15.21	CHH
7	3900733	3901027	1066	117	90.11	CG
7	3900733	3901027	314	522	37.56	CHG
7	3900733	3901027	435	1422	23.42	CHH
7	3901161	3901878	1671	32	98.12	CG
7	3901161	3901878	713	354	66.82	CHG
7	3901161	3901878	1237	4987	19.87	CHH
7	3901974	3902422	440	15	96.70	CG
7	3901974	3902422	291	82	78.02	CHG
7	3901974	3902422	867	2274	27.60	CHH
7	5720282	5722705	3612	80	97.83	CG
7	5720282	5722705	3364	1276	72.50	CHG
7	5720282	5722705	2410	18338	11.62	CHH
7	8298338	8298633	216	19	91.91	CG
7	8298338	8298633	396	228	63.46	CHG
7	8298338	8298633	686	2171	24.01	CHH
7	8298718	8299246	1143	18	98.45	CG
7	8298718	8299246	839	175	82.74	CHG
7	8298718	8299246	804	3161	20.28	CHH
7	8299464	8300327	986	27	97.33	CG
7	8299464	8300327	1223	185	86.86	CHG
7	8299464	8300327	977	7833	11.09	CHH
7	15317591	15318975	2377	76	96.90	CG
7	15317591	15318975	1954	515	79.14	CHG
7	15317591	15318975	1290	12275	9.51	CHH
7	15677020	15677884	1437	27	98.16	CG
7	15677020	15677884	1696	398	80.99	CHG
7	15677020	15677884	1831	3774	32.67	CHH
7	19999746	20001606	3528	277	92.72	CG
7	19999746	20001606	1502	1566	48.96	CHG
7	19999746	20001606	2392	7858	23.34	CHH
7	20006322	20006843	1117	36	96.88	CG
7	20006322	20006843	720	321	69.16	CHG
7	20006322	20006843	711	4607	13.37	CHH
7	22461243	22461968	1987	26	98.71	CG
7	22461243	22461968	1213	206	85.48	CHG
7	22461243	22461968	1245	3933	24.04	CHH
7	27168967	27169484	920	39	95.93	CG
7	27168967	27169484	491	206	70.44	CHG
7	27168967	27169484	1705	1893	47.39	CHH
8	3956366	3957065	1377	147	90.35	CG
8	3956366	3957065	935	687	57.64	CHG
8	3956366	3957065	1582	5603	22.02	CHH
8	4051074	4052619	3316	1813	64.65	CG
8	4051074	4052619	1073	1792	37.45	CHG
8	4051074	4052619	2659	8362	24.13	CHH
8	5776503	5777429	2087	1353	60.67	CG
8	5776503	5777429	894	1297	40.80	CHG
8	5776503	5777429	889	4601	16.19	CHH
8	5777523	5777952	1188	25	97.94	CG
8	5777523	5777952	847	253	77.00	CHG
8	5777523	5777952	956	2051	31.79	CHH
8	7667656	7668635	1829	51	97.29	CG
8	7667656	7668635	1509	625	70.71	CHG
8	7667656	7668635	1878	7933	19.14	CHH
8	7668975	7671382	2949	312	90.43	CG
8	7668975	7671382	1436	5093	21.99	CHG
8	7668975	7671382	2538	20398	11.07	CHH
8	7769992	7770862	1617	31	98.12	CG
8	7769992	7770862	2196	274	88.91	CHG
8	7769992	7770862	985	7178	12.07	CHH
8	8373831	8376092	5148	98	98.13	CG
8	8373831	8376092	3692	793	82.32	CHG
8	8373831	8376092	2489	15678	13.70	CHH
8	8446534	8449768	6945	806	89.60	CG
8	8446534	8449768	3754	1380	73.12	CHG
8	8446534	8449768	3436	25716	11.79	CHH
8	9446567	9447269	2201	33	98.52	CG
8	9446567	9447269	873	416	67.73	CHG
8	9446567	9447269	983	4078	19.42	CHH
8	9448173	9449184	3906	116	97.12	CG
8	9448173	9449184	1106	869	56.00	CHG
8	9448173	9449184	1042	6445	13.92	CHH
8	15385469	15386230	1667	39	97.71	CG
8	15385469	15386230	1048	347	75.13	CHG
8	15385469	15386230	802	6177	11.49	CHH
8	15452051	15454665	5943	164	97.31	CG
8	15452051	15454665	3140	917	77.40	CHG
8	15452051	15454665	3815	17871	17.59	CHH
8	15462558	15463189	1621	45	97.30	CG
8	15462558	15463189	1230	199	86.07	CHG
8	15462558	15463189	857	4763	15.25	CHH
8	15463325	15463489	334	14	95.98	CG
8	15463325	15463489	604	89	87.16	CHG
8	15463325	15463489	248	1112	18.24	CHH
8	15463949	15465412	1818	460	79.81	CG
8	15463949	15465412	1304	909	58.92	CHG
8	15463949	15465412	2072	11112	15.72	CHH
8	19733579	19734538	2016	155	92.86	CG
8	19733579	19734538	1083	440	71.11	CHG
8	19733579	19734538	970	6603	12.81	CHH
8	19734616	19735488	2242	51	97.78	CG
8	19734616	19735488	1557	471	76.78	CHG
8	19734616	19735488	1891	5967	24.06	CHH
8	20981167	20986252	17906	1594	91.83	CG
8	20981167	20986252	8726	3039	74.17	CHG
8	20981167	20986252	5915	30071	16.44	CHH
8	26829088	26830470	2663	396	87.05	CG
8	26829088	26830470	1642	809	66.99	CHG
8	26829088	26830470	1247	7432	14.37	CHH
9	1293289	1296834	7677	219	97.23	CG
9	1293289	1296834	3990	941	80.92	CHG
9	1293289	1296834	4564	21053	17.82	CHH
9	1297015	1297850	2733	80	97.16	CG
9	1297015	1297850	1058	150	87.58	CHG
9	1297015	1297850	1052	6068	14.78	CHH
9	3227798	3229550	3490	103	97.13	CG
9	3227798	3229550	2261	775	74.47	CHG
9	3227798	3229550	1879	11878	13.66	CHH
9	3229897	3231099	2448	55	97.80	CG
9	3229897	3231099	1960	898	68.58	CHG
9	3229897	3231099	1772	10203	14.80	CHH
9	3515363	3516506	3055	92	97.08	CG
9	3515363	3516506	2124	916	69.87	CHG
9	3515363	3516506	837	7532	10.00	CHH
9	3516815	3517763	2706	43	98.44	CG
9	3516815	3517763	1392	1637	45.96	CHG
9	3516815	3517763	423	5470	7.18	CHH
9	3730715	3731926	1734	933	65.02	CG
9	3730715	3731926	770	1477	34.27	CHG
9	3730715	3731926	1436	8716	14.14	CHH
9	9557293	9558428	2514	45	98.24	CG
9	9557293	9558428	1466	350	80.73	CHG
9	9557293	9558428	2040	7135	22.23	CHH
9	12178127	12181584	6004	207	96.67	CG
9	12178127	12181584	5762	1328	81.27	CHG
9	12178127	12181584	3273	26086	11.15	CHH
9	12419030	12419675	1793	32	98.25	CG
9	12419030	12419675	1556	688	69.34	CHG
9	12419030	12419675	762	4305	15.04	CHH
9	12420619	12426858	10452	289	97.31	CG
9	12420619	12426858	15477	2184	87.63	CHG
9	12420619	12426858	5153	45266	10.22	CHH
9	15229746	15230319	1344	42	96.97	CG
9	15229746	15230319	888	208	81.02	CHG
9	15229746	15230319	428	2067	17.15	CHH
9	15230410	15231901	4588	102	97.83	CG
9	15230410	15231901	2396	553	81.25	CHG
9	15230410	15231901	1937	8924	17.83	CHH
9	17429413	17430049	1098	34	97.00	CG
9	17429413	17430049	769	152	83.50	CHG
9	17429413	17430049	3049	2450	55.45	CHH
10	402636	402987	758	23	97.06	CG
10	402636	402987	490	224	68.63	CHG
10	402636	402987	1372	1747	43.99	CHH
10	705178	705397	1222	31	97.53	CG
10	705178	705397	798	196	80.28	CHG
10	705178	705397	109	571	16.03	CHH
10	706000	706142	546	10	98.20	CG
10	706000	706142	455	76	85.69	CHG
10	706000	706142	101	332	23.33	CHH
10	5925941	5926484	730	12	98.38	CG
10	5925941	5926484	543	258	67.79	CHG
10	5925941	5926484	372	5573	6.26	CHH
10	5927422	5928302	966	25	97.48	CG
10	5927422	5928302	563	180	75.77	CHG
10	5927422	5928302	1122	6146	15.44	CHH
10	9629597	9630043	293	1007	22.54	CG
10	9629597	9630043	443	1317	25.17	CHG
10	9629597	9630043	989	2757	26.40	CHH
10	11210121	11211317	2337	47	98.03	CG
10	11210121	11211317	1692	219	88.54	CHG
10	11210121	11211317	1445	8899	13.97	CHH
10	16005555	16006259	1351	70	95.07	CG
10	16005555	16006259	783	361	68.44	CHG
10	16005555	16006259	2187	2914	42.87	CHH
11	3230048	3230169	114	2	98.28	CG
11	3230048	3230169	139	35	79.89	CHG
11	3230048	3230169	202	779	20.59	CHH
11	6296560	6298355	2798	645	81.27	CG
11	6296560	6298355	2577	1510	63.05	CHG
11	6296560	6298355	2014	15271	11.65	CHH
11	7729318	7730196	1317	30	97.77	CG
11	7729318	7730196	1785	261	87.24	CHG
11	7729318	7730196	841	6419	11.58	CHH
11	7736107	7738642	5294	105	98.06	CG
11	7736107	7738642	3338	1549	68.30	CHG
11	7736107	7738642	4165	15163	21.55	CHH
11	7738733	7740049	2141	62	97.19	CG
11	7738733	7740049	1408	351	80.05	CHG
11	7738733	7740049	2583	8243	23.86	CHH
11	8911345	8913282	909	691	56.81	CG
11	8911345	8913282	1244	2765	31.03	CHG
11	8911345	8913282	3537	13710	20.51	CHH
11	11148469	11148552	390	35	91.76	CG
11	11148469	11148552	85	53	61.59	CHG
11	11148469	11148552	85	229	27.07	CHH
11	15466012	15467596	1890	3569	34.62	CG
11	15466012	15467596	929	3137	22.85	CHG
11	15466012	15467596	1670	9689	14.70	CHH
11	17162539	17163796	6406	127	98.06	CG
11	17162539	17163796	1631	1190	57.82	CHG
11	17162539	17163796	550	5509	9.08	CHH
11	17164953	17166701	3030	197	93.90	CG
11	17164953	17166701	1815	1305	58.17	CHG
11	17164953	17166701	2423	11643	17.23	CHH
11	17166830	17167277	1147	22	98.12	CG
11	17166830	17167277	569	689	45.23	CHG
11	17166830	17167277	851	2816	23.21	CHH
11	17167358	17167576	536	9	98.35	CG
11	17167358	17167576	187	158	54.20	CHG
11	17167358	17167576	446	1289	25.71	CHH
11	17167722	17168412	1852	52	97.27	CG
11	17167722	17168412	862	510	62.83	CHG
11	17167722	17168412	1286	5059	20.27	CHH
11	17168615	17170260	3068	60	98.08	CG
11	17168615	17170260	3376	848	79.92	CHG
11	17168615	17170260	1362	10157	11.82	CHH
11	22338223	22342581	11332	355	96.96	CG
11	22338223	22342581	7853	1785	81.48	CHG
11	22338223	22342581	5392	27408	16.44	CHH
11	24390111	24390786	341	6	98.27	CG
11	24390111	24390786	1782	561	76.06	CHG
11	24390111	24390786	1413	5510	20.41	CHH
12	4737413	4737840	409	59	87.39	CG
12	4737413	4737840	341	228	59.93	CHG
12	4737413	4737840	1469	1339	52.31	CHH
12	4898920	4899775	1969	74	96.38	CG
12	4898920	4899775	809	672	54.63	CHG
12	4898920	4899775	2218	5667	28.13	CHH
12	4902073	4902516	813	73	91.76	CG
12	4902073	4902516	264	323	44.97	CHG
12	4902073	4902516	953	2717	25.97	CHH
12	9062972	9063466	1403	27	98.11	CG
12	9062972	9063466	853	747	53.31	CHG
12	9062972	9063466	472	4040	10.46	CHH
12	9064169	9064334	339	3	99.12	CG
12	9064169	9064334	198	152	56.57	CHG
12	9064169	9064334	238	1296	15.51	CHH
12	9064925	9066118	2235	362	86.06	CG
12	9064925	9066118	675	1209	35.83	CHG
12	9064925	9066118	1620	5835	21.73	CHH
12	17504082	17504299	517	21	96.10	CG
12	17504082	17504299	401	100	80.04	CHG
12	17504082	17504299	224	1449	13.39	CHH
12	17987554	17988996	3533	84	97.68	CG
12	17987554	17988996	1998	588	77.26	CHG
12	17987554	17988996	2109	10495	16.73	CHH
12	18861738	18863268	1069	43	96.13	CG
12	18861738	18863268	507	533	48.75	CHG
12	18861738	18863268	2335	12793	15.43	CHH
12	18864308	18866205	3928	80	98.00	CG
12	18864308	18866205	2580	555	82.30	CHG
12	18864308	18866205	4247	8610	33.03	CHH
