1	2555114	2555411	1264	64	95.18	CG
1	2555114	2555411	460	292	61.17	CHG
1	2555114	2555411	544	2351	18.79	CHH
1	8143115	8144572	1248	2866	30.34	CG
1	8143115	8144572	1059	1958	35.10	CHG
1	8143115	8144572	3650	11800	23.62	CHH
1	8856289	8857459	3846	85	97.84	CG
1	8856289	8857459	2235	1000	69.09	CHG
1	8856289	8857459	1421	6104	18.88	CHH
1	9440253	9440373	113	3	97.41	CG
1	9440253	9440373	344	47	87.98	CHG
1	9440253	9440373	205	934	18.00	CHH
1	10922927	10924097	5553	90	98.41	CG
1	10922927	10924097	2076	1271	62.03	CHG
1	10922927	10924097	2473	8276	23.01	CHH
1	10924272	10925038	1093	35	96.90	CG
1	10924272	10925038	1067	183	85.36	CHG
1	10924272	10925038	2950	3857	43.34	CHH
1	10926447	10926494	79	4	95.18	CG
1	10926447	10926494	46	16	74.19	CHG
1	10926447	10926494	163	236	40.85	CHH
1	10927779	10928239	37	1409	2.56	CG
1	10927779	10928239	134	1583	7.80	CHG
1	10927779	10928239	409	4503	8.33	CHH
1	11194466	11195470	5211	150	97.20	CG
1	11194466	11195470	1592	319	83.31	CHG
1	11194466	11195470	2777	7271	27.64	CHH
1	11195594	11197144	4309	89	97.98	CG
1	11195594	11197144	2873	382	88.26	CHG
1	11195594	11197144	5896	9098	39.32	CHH
1	11469690	11470040	1300	235	84.69	CG
1	11469690	11470040	586	378	60.79	CHG
1	11469690	11470040	834	1907	30.43	CHH
1	11476217	11476541	942	11	98.85	CG
1	11476217	11476541	452	156	74.34	CHG
1	11476217	11476541	490	2578	15.97	CHH
1	11476776	11476980	376	48	88.68	CG
1	11476776	11476980	271	237	53.35	CHG
1	11476776	11476980	121	1094	9.96	CHH
1	14960932	14961729	2959	123	96.01	CG
1	14960932	14961729	1377	1037	57.04	CHG
1	14960932	14961729	1655	5773	22.28	CHH
1	20811581	20812788	1398	66	95.49	CG
1	20811581	20812788	1340	452	74.78	CHG
1	20811581	20812788	2309	9967	18.81	CHH
1	20812987	20814418	4918	117	97.68	CG
1	20812987	20814418	3055	578	84.09	CHG
1	20812987	20814418	1882	11425	14.14	CHH
1	21008974	21009872	995	23	97.74	CG
1	21008974	21009872	1033	233	81.60	CHG
1	21008974	21009872	1491	8065	15.60	CHH
1	21009973	21014417	8425	174	97.98	CG
1	21009973	21014417	8304	3986	67.57	CHG
1	21009973	21014417	3373	35316	8.72	CHH
1	25251599	25253560	5704	1423	80.03	CG
1	25251599	25253560	2529	2095	54.69	CHG
1	25251599	25253560	5085	14349	26.17	CHH
1	25254184	25254575	1463	41	97.27	CG
1	25254184	25254575	582	181	76.28	CHG
1	25254184	25254575	1046	2266	31.58	CHH
1	26580982	26582392	5482	82	98.53	CG
1	26580982	26582392	2306	938	71.09	CHG
1	26580982	26582392	2054	8083	20.26	CHH
1	28208118	28209343	4317	108	97.56	CG
1	28208118	28209343	1835	713	72.02	CHG
1	28208118	28209343	1370	5382	20.29	CHH
1	28209629	28210983	2446	58	97.68	CG
1	28209629	28210983	2296	502	82.06	CHG
1	28209629	28210983	1665	10744	13.42	CHH
1	28211421	28212110	810	20	97.59	CG
1	28211421	28212110	1089	187	85.34	CHG
1	28211421	28212110	1326	6515	16.91	CHH
1	30811371	30812183	2259	63	97.29	CG
1	30811371	30812183	1491	717	67.53	CHG
1	30811371	30812183	1502	4949	23.28	CHH
1	36452592	36453218	1486	242	86.00	CG
1	36452592	36453218	745	598	55.47	CHG
1	36452592	36453218	1267	4336	22.61	CHH
1	38451745	38452887	2872	799	78.23	CG
1	38451745	38452887	1519	1120	57.56	CHG
1	38451745	38452887	3458	7969	30.26	CHH
1	41135938	41135972	19	151	11.18	CG
1	41135938	41135972	4	75	5.06	CHG
1	41135938	41135972	14	321	4.18	CHH
2	3701316	3701517	304	5	98.38	CG
2	3701316	3701517	271	122	68.96	CHG
2	3701316	3701517	540	1673	24.40	CHH
2	6759920	6761510	3653	97	97.41	CG
2	6759920	6761510	2828	737	79.33	CHG
2	6759920	6761510	3334	11863	21.94	CHH
2	7610238	7610762	2216	64	97.19	CG
2	7610238	7610762	1088	600	64.45	CHG
2	7610238	7610762	1192	3631	24.71	CHH
2	8346082	8346522	761	16	97.94	CG
2	8346082	8346522	1072	117	90.16	CHG
2	8346082	8346522	930	3885	19.31	CHH
2	13582141	13582726	765	21	97.33	CG
2	13582141	13582726	1031	178	85.28	CHG
2	13582141	13582726	1430	4105	25.84	CHH
2	14698488	14698632	178	176	50.28	CG
2	14698488	14698632	214	257	45.44	CHG
2	14698488	14698632	379	445	46.00	CHH
2	16555825	16557101	1506	2826	34.76	CG
2	16555825	16557101	785	2998	20.75	CHG
2	16555825	16557101	1270	8641	12.81	CHH
2	16557180	16558295	1147	1482	43.63	CG
2	16557180	16558295	1169	1691	40.87	CHG
2	16557180	16558295	2184	8290	20.85	CHH
2	29633236	29636111	7426	1793	80.55	CG
2	29633236	29636111	5957	2253	72.56	CHG
2	29633236	29636111	5945	23769	20.01	CHH
2	29778535	29779835	3590	85	97.69	CG
2	29778535	29779835	2039	412	83.19	CHG
2	29778535	29779835	2534	13137	16.17	CHH
2	29780404	29782752	4447	182	96.07	CG
2	29780404	29782752	2140	454	82.50	CHG
2	29780404	29782752	6244	17237	26.59	CHH
2	33668330	33668734	424	1358	23.79	CG
2	33668330	33668734	318	1327	19.33	CHG
2	33668330	33668734	2111	2931	41.87	CHH
3	7205990	7206396	1304	27	97.97	CG
3	7205990	7206396	1040	147	87.62	CHG
3	7205990	7206396	590	2994	16.46	CHH
3	7208162	7208468	758	11	98.57	CG
3	7208162	7208468	344	53	86.65	CHG
3	7208162	7208468	605	2038	22.89	CHH
3	10131683	10133676	5113	766	86.97	CG
3	10131683	10133676	2135	1978	51.91	CHG
3	10131683	10133676	2153	15407	12.26	CHH
3	12711049	12711825	1119	29	97.47	CG
3	12711049	12711825	687	231	74.84	CHG
3	12711049	12711825	1783	5284	25.23	CHH
3	12711907	12712969	3211	154	95.42	CG
3	12711907	12712969	2110	853	71.21	CHG
3	12711907	12712969	1803	8438	17.61	CHH
3	13925598	13926734	3926	61	98.47	CG
3	13925598	13926734	1951	775	71.57	CHG
3	13925598	13926734	1029	9139	10.12	CHH
3	15610099	15611396	3728	80	97.90	CG
3	15610099	15611396	1568	631	71.31	CHG
3	15610099	15611396	2041	8345	19.65	CHH
3	17446064	17447102	2881	63	97.86	CG
3	17446064	17447102	2265	306	88.10	CHG
3	17446064	17447102	1772	8170	17.82	CHH
3	19352995	19356617	14000	298	97.92	CG
3	19352995	19356617	8889	2024	81.45	CHG
3	19352995	19356617	3286	32545	9.17	CHH
3	22294607	22295687	3401	64	98.15	CG
3	22294607	22295687	2178	385	84.98	CHG
3	22294607	22295687	2851	8614	24.87	CHH
3	22295781	22296159	1489	23	98.48	CG
3	22295781	22296159	973	121	88.94	CHG
3	22295781	22296159	925	2830	24.63	CHH
3	22404232	22405507	4720	147	96.98	CG
3	22404232	22405507	1718	957	64.22	CHG
3	22404232	22405507	1199	6419	15.74	CHH
3	27941138	27942796	2660	171	93.96	CG
3	27941138	27942796	1959	1618	54.77	CHG
3	27941138	27942796	3128	12208	20.40	CHH
3	28510179	28510777	995	18	98.22	CG
3	28510179	28510777	576	157	78.58	CHG
3	28510179	28510777	1195	4248	21.95	CHH
4	2276177	2276551	2589	29	98.89	CG
4	2276177	2276551	788	204	79.44	CHG
4	2276177	2276551	402	2766	12.69	CHH
4	11651971	11654930	6624	140	97.93	CG
4	11651971	11654930	3568	1694	67.81	CHG
4	11651971	11654930	3161	27819	10.20	CHH
4	27689683	27689829	492	54	90.11	CG
4	27689683	27689829	158	133	54.30	CHG
4	27689683	27689829	926	697	57.05	CHH
4	29141581	29141664	266	4	98.52	CG
4	29141581	29141664	192	47	80.33	CHG
4	29141581	29141664	429	769	35.81	CHH
4	30611394	30612481	985	561	63.71	CG
4	30611394	30612481	962	1022	48.49	CHG
4	30611394	30612481	3119	5553	35.97	CHH
5	662749	664095	3501	86	97.60	CG
5	662749	664095	1979	465	80.97	CHG
5	662749	664095	3173	6870	31.59	CHH
5	664360	665573	2104	364	85.25	CG
5	664360	665573	1673	1157	59.12	CHG
5	664360	665573	1419	10672	11.74	CHH
5	1136684	1139118	5372	151	97.27	CG
5	1136684	1139118	4386	1000	81.43	CHG
5	1136684	1139118	4686	19915	19.05	CHH
5	2775738	2775910	103	420	19.69	CG
5	2775738	2775910	147	122	54.65	CHG
5	2775738	2775910	577	844	40.61	CHH
5	11245127	11247429	6488	932	87.44	CG
5	11245127	11247429	3619	1139	76.06	CHG
5	11245127	11247429	4992	17173	22.52	CHH
5	13079678	13081153	4762	166	96.63	CG
5	13079678	13081153	2546	664	79.31	CHG
5	13079678	13081153	1917	10009	16.07	CHH
5	19128840	19130154	3556	54	98.50	CG
5	19128840	19130154	2191	492	81.66	CHG
5	19128840	19130154	3323	10869	23.41	CHH
5	19883682	19883838	1193	16	98.68	CG
5	19883682	19883838	1060	185	85.14	CHG
5	19883682	19883838	85	497	14.60	CHH
5	19884479	19885037	1193	525	69.44	CG
5	19884479	19885037	1196	703	62.98	CHG
5	19884479	19885037	1949	2524	43.57	CHH
5	27489055	27489338	1134	17	98.52	CG
5	27489055	27489338	812	152	84.23	CHG
5	27489055	27489338	1200	1465	45.03	CHH
5	27489622	27490471	548	980	35.86	CG
5	27489622	27490471	1043	658	61.32	CHG
5	27489622	27490471	2572	4679	35.47	CHH
6	1051401	1053277	6664	221	96.79	CG
6	1051401	1053277	3398	2512	57.50	CHG
6	1051401	1053277	2259	13572	14.27	CHH
6	6075315	6076487	1717	38	97.83	CG
6	6075315	6076487	1384	251	84.65	CHG
6	6075315	6076487	1412	11803	10.68	CHH
6	6076943	6077142	1032	15	98.57	CG
6	6076943	6077142	1014	160	86.37	CHG
6	6076943	6077142	203	1044	16.28	CHH
6	6339071	6340741	5800	97	98.36	CG
6	6339071	6340741	2805	806	77.68	CHG
6	6339071	6340741	2184	12759	14.62	CHH
6	11301673	11302182	616	21	96.70	CG
6	11301673	11302182	698	168	80.60	CHG
6	11301673	11302182	791	1222	39.29	CHH
6	12035080	12038531	11831	261	97.84	CG
6	12035080	12038531	8132	2668	75.30	CHG
6	12035080	12038531	2573	27208	8.64	CHH
6	13426051	13427806	4972	182	96.47	CG
6	13426051	13427806	2868	1023	73.71	CHG
6	13426051	13427806	4234	12650	25.08	CHH
6	13432787	13433792	1865	56	97.08	CG
6	13432787	13433792	1564	364	81.12	CHG
6	13432787	13433792	907	8388	9.76	CHH
6	13434151	13437348	7547	148	98.08	CG
6	13434151	13437348	6105	959	86.42	CHG
6	13434151	13437348	3216	27984	10.31	CHH
6	17322463	17323417	2123	59	97.30	CG
6	17322463	17323417	1416	398	78.06	CHG
6	17322463	17323417	1201	7462	13.86	CHH
6	17674030	17675910	3016	175	94.52	CG
6	17674030	17675910	1163	2206	34.52	CHG
6	17674030	17675910	2163	18461	10.49	CHH
6	21224444	21225486	1980	1137	63.52	CG
6	21224444	21225486	1257	1542	44.91	CHG
6	21224444	21225486	1119	5663	16.50	CHH
6	21225688	21227423	6771	775	89.73	CG
6	21225688	21227423	2875	2405	54.45	CHG
6	21225688	21227423	2168	9879	18.00	CHH
6	21664378	21665467	2505	84	96.76	CG
6	21664378	21665467	1589	594	72.79	CHG
6	21664378	21665467	2193	8200	21.10	CHH
6	27800538	27801418	248	957	20.58	CG
6	27800538	27801418	194	1561	11.05	CHG
6	27800538	27801418	1095	8024	12.01	CHH
6	28515545	28517894	7155	203	97.24	CG
6	28515545	28517894	3403	983	77.59	CHG
6	28515545	28517894	3944	19455	16.86	CHH
6	29380325	29380583	177	277	38.99	CG
6	29380325	29380583	269	306	46.78	CHG
6	29380325	29380583	758	1252	37.71	CHH
7	998065	998596	831	32	96.29	CG
7	998065	998596	878	120	87.98	CHG
7	998065	998596	1187	5311	18.27	CHH
7	999799	1001396	5726	149	97.46	CG
7	999799	1001396	3164	1088	74.41	CHG
7	999799	1001396	2316	12051	16.12	CHH
7	3900733	3901027	1332	135	90.80	CG
7	3900733	3901027	409	634	39.21	CHG
7	3900733	3901027	577	1674	25.63	CHH
7	3901161	3901878	1785	42	97.70	CG
7	3901161	3901878	737	358	67.31	CHG
7	3901161	3901878	1310	5587	18.99	CHH
7	3901974	3902422	574	17	97.12	CG
7	3901974	3902422	374	111	77.11	CHG
7	3901974	3902422	1320	3210	29.14	CHH
7	5720282	5722705	4794	132	97.32	CG
7	5720282	5722705	4033	1744	69.81	CHG
7	5720282	5722705	3324	22433	12.91	CHH
7	8298338	8298633	210	23	90.13	CG
7	8298338	8298633	375	285	56.82	CHG
7	8298338	8298633	723	2025	26.31	CHH
7	8298718	8299246	1456	33	97.78	CG
7	8298718	8299246	1051	249	80.85	CHG
7	8298718	8299246	1255	4286	22.65	CHH
7	8299464	8300327	1049	26	97.58	CG
7	8299464	8300327	1267	265	82.70	CHG
7	8299464	8300327	1042	8500	10.92	CHH
7	15317591	15318975	2698	80	97.12	CG
7	15317591	15318975	2294	612	78.94	CHG
7	15317591	15318975	1401	14254	8.95	CHH
7	15677020	15677884	1928	24	98.77	CG
7	15677020	15677884	2065	509	80.23	CHG
7	15677020	15677884	2253	4872	31.62	CHH
7	19999746	20001606	3969	304	92.89	CG
7	19999746	20001606	1572	1835	46.14	CHG
7	19999746	20001606	2407	8857	21.37	CHH
7	20006322	20006843	1180	20	98.33	CG
7	20006322	20006843	741	416	64.04	CHG
7	20006322	20006843	712	5196	12.05	CHH
7	22461243	22461968	2282	56	97.60	CG
7	22461243	22461968	1438	247	85.34	CHG
7	22461243	22461968	1476	4509	24.66	CHH
7	27168967	27169484	1060	57	94.90	CG
7	27168967	27169484	556	208	72.77	CHG
7	27168967	27169484	1997	2418	45.23	CHH
8	3956366	3957065	1502	166	90.05	CG
8	3956366	3957065	1003	797	55.72	CHG
8	3956366	3957065	1751	6170	22.11	CHH
8	4051074	4052619	3475	2434	58.81	CG
8	4051074	4052619	1254	2178	36.54	CHG
8	4051074	4052619	2869	9061	24.05	CHH
8	5776503	5777429	2104	1728	54.91	CG
8	5776503	5777429	995	1573	38.75	CHG
8	5776503	5777429	778	5285	12.83	CHH
8	5777523	5777952	1647	47	97.23	CG
8	5777523	5777952	1191	347	77.44	CHG
8	5777523	5777952	1320	2733	32.57	CHH
8	7667656	7668635	1884	51	97.36	CG
8	7667656	7668635	1620	620	72.32	CHG
8	7667656	7668635	2214	8170	21.32	CHH
8	7668975	7671382	3499	388	90.02	CG
8	7668975	7671382	1864	5971	23.79	CHG
8	7668975	7671382	2841	24063	10.56	CHH
8	7769992	7770862	1701	43	97.53	CG
8	7769992	7770862	2267	323	87.53	CHG
8	7769992	7770862	1235	7546	14.06	CHH
8	8373831	8376092	6256	168	97.38	CG
8	8373831	8376092	4415	920	82.76	CHG
8	8373831	8376092	2733	19027	12.56	CHH
8	8446534	8449768	8078	1008	88.91	CG
8	8446534	8449768	4360	1628	72.81	CHG
8	8446534	8449768	4052	30230	11.82	CHH
8	9446567	9447269	2641	43	98.40	CG
8	9446567	9447269	1099	485	69.38	CHG
8	9446567	9447269	1146	4823	19.20	CHH
8	9448173	9449184	4489	149	96.79	CG
8	9448173	9449184	1381	1003	57.93	CHG
8	9448173	9449184	1442	7849	15.52	CHH
8	15385469	15386230	1987	60	97.07	CG
8	15385469	15386230	1262	442	74.06	CHG
8	15385469	15386230	1115	7563	12.85	CHH
8	15452051	15454665	7254	125	98.31	CG
8	15452051	15454665	3901	1024	79.21	CHG
8	15452051	15454665	4315	20082	17.69	CHH
8	15462558	15463189	1913	51	97.40	CG
8	15462558	15463189	1461	223	86.76	CHG
8	15462558	15463189	1189	5418	18.00	CHH
8	15463325	15463489	417	14	96.75	CG
8	15463325	15463489	713	117	85.90	CHG
8	15463325	15463489	214	1354	13.65	CHH
8	15463949	15465412	2158	534	80.16	CG
8	15463949	15465412	1561	1100	58.66	CHG
8	15463949	15465412	2410	13624	15.03	CHH
8	19733579	19734538	2073	204	91.04	CG
8	19733579	19734538	1138	459	71.26	CHG
8	19733579	19734538	1263	7365	14.64	CHH
8	19734616	19735488	2580	43	98.36	CG
8	19734616	19735488	1744	531	76.66	CHG
8	19734616	19735488	1974	7348	21.18	CHH
8	20981167	20986252	21292	2167	90.76	CG
8	20981167	20986252	10407	3665	73.96	CHG
8	20981167	20986252	7471	35536	17.37	CHH
8	26829088	26830470	3532	352	90.94	CG
8	26829088	26830470	2187	1000	68.62	CHG
8	26829088	26830470	1626	8892	15.46	CHH
9	1293289	1296834	8924	278	96.98	CG
9	1293289	1296834	4909	1029	82.67	CHG
9	1293289	1296834	5454	25884	17.40	CHH
9	1297015	1297850	3229	104	96.88	CG
9	1297015	1297850	1192	242	83.12	CHG
9	1297015	1297850	1277	7173	15.11	CHH
9	3227798	3229550	3797	97	97.51	CG
9	3227798	3229550	2456	797	75.50	CHG
9	3227798	3229550	1883	12795	12.83	CHH
9	3229897	3231099	2963	74	97.56	CG
9	3229897	3231099	2260	1126	66.75	CHG
9	3229897	3231099	2414	12369	16.33	CHH
9	3515363	3516506	3770	72	98.13	CG
9	3515363	3516506	2681	1106	70.79	CHG
9	3515363	3516506	991	9438	9.50	CHH
9	3516815	3517763	3526	114	96.87	CG
9	3516815	3517763	1741	1977	46.83	CHG
9	3516815	3517763	639	6861	8.52	CHH
9	3730715	3731926	1975	1159	63.02	CG
9	3730715	3731926	920	1749	34.47	CHG
9	3730715	3731926	1768	10669	14.22	CHH
9	9557293	9558428	2996	92	97.02	CG
9	9557293	9558428	1875	482	79.55	CHG
9	9557293	9558428	2607	8778	22.90	CHH
9	12178127	12181584	7297	210	97.20	CG
9	12178127	12181584	7554	1588	82.63	CHG
9	12178127	12181584	3932	32871	10.68	CHH
9	12419030	12419675	2109	42	98.05	CG
9	12419030	12419675	2011	663	75.21	CHG
9	12419030	12419675	771	4821	13.79	CHH
9	12420619	12426858	12560	306	97.62	CG
9	12420619	12426858	17981	2579	87.46	CHG
9	12420619	12426858	6504	53468	10.85	CHH
9	15229746	15230319	1422	37	97.46	CG
9	15229746	15230319	1029	210	83.05	CHG
9	15229746	15230319	568	2271	20.01	CHH
9	15230410	15231901	4808	105	97.86	CG
9	15230410	15231901	2594	555	82.38	CHG
9	15230410	15231901	2296	9660	19.20	CHH
9	17429413	17430049	1239	42	96.72	CG
9	17429413	17430049	837	192	81.34	CHG
9	17429413	17430049	3562	2801	55.98	CHH
10	402636	402987	822	22	97.39	CG
10	402636	402987	567	223	71.77	CHG
10	402636	402987	1529	1814	45.74	CHH
10	705178	705397	1532	30	98.08	CG
10	705178	705397	1019	232	81.45	CHG
10	705178	705397	106	747	12.43	CHH
10	706000	706142	705	31	95.79	CG
10	706000	706142	549	149	78.65	CHG
10	706000	706142	118	506	18.91	CHH
10	5925941	5926484	761	14	98.19	CG
10	5925941	5926484	572	290	66.36	CHG
10	5925941	5926484	369	5591	6.19	CHH
10	5927422	5928302	1375	35	97.52	CG
10	5927422	5928302	830	258	76.29	CHG
10	5927422	5928302	1739	8273	17.37	CHH
10	9629597	9630043	290	1176	19.78	CG
10	9629597	9630043	445	1593	21.84	CHG
10	9629597	9630043	971	3371	22.36	CHH
10	11210121	11211317	2545	69	97.36	CG
10	11210121	11211317	1685	253	86.95	CHG
10	11210121	11211317	1596	10170	13.56	CHH
10	16005555	16006259	1609	110	93.60	CG
10	16005555	16006259	982	449	68.62	CHG
10	16005555	16006259	2631	3578	42.37	CHH
11	3230048	3230169	140	2	98.59	CG
11	3230048	3230169	167	50	76.96	CHG
11	3230048	3230169	322	968	24.96	CHH
11	6296560	6298355	2943	807	78.48	CG
11	6296560	6298355	2753	1822	60.17	CHG
11	6296560	6298355	2526	16677	13.15	CHH
11	7729318	7730196	1429	26	98.21	CG
11	7729318	7730196	2035	292	87.45	CHG
11	7729318	7730196	1005	6688	13.06	CHH
11	7736107	7738642	6720	169	97.55	CG
11	7736107	7738642	4326	2008	68.30	CHG
11	7736107	7738642	5394	19304	21.84	CHH
11	7738733	7740049	2791	60	97.90	CG
11	7738733	7740049	1834	464	79.81	CHG
11	7738733	7740049	3136	10182	23.55	CHH
11	8911345	8913282	1018	784	56.49	CG
11	8911345	8913282	1344	3048	30.60	CHG
11	8911345	8913282	4211	15796	21.05	CHH
11	11148469	11148552	552	60	90.20	CG
11	11148469	11148552	97	90	51.87	CHG
11	11148469	11148552	140	303	31.60	CHH
11	15466012	15467596	2236	3568	38.53	CG
11	15466012	15467596	1170	3336	25.97	CHG
11	15466012	15467596	2147	10776	16.61	CHH
11	17162539	17163796	8446	122	98.58	CG
11	17162539	17163796	2233	1570	58.72	CHG
11	17162539	17163796	673	7184	8.57	CHH
11	17164953	17166701	3173	173	94.83	CG
11	17164953	17166701	2017	1344	60.01	CHG
11	17164953	17166701	2521	12606	16.67	CHH
11	17166830	17167277	1387	29	97.95	CG
11	17166830	17167277	680	863	44.07	CHG
11	17166830	17167277	1005	3466	22.48	CHH
11	17167358	17167576	663	12	98.22	CG
11	17167358	17167576	245	202	54.81	CHG
11	17167358	17167576	456	1694	21.21	CHH
11	17167722	17168412	2085	55	97.43	CG
11	17167722	17168412	911	623	59.39	CHG
11	17167722	17168412	1470	5531	21.00	CHH
11	17168615	17170260	4060	89	97.85	CG
11	17168615	17170260	4514	1190	79.14	CHG
11	17168615	17170260	1811	14277	11.26	CHH
11	22338223	22342581	13348	258	98.10	CG
11	22338223	22342581	9128	1979	82.18	CHG
11	22338223	22342581	6339	33014	16.11	CHH
11	24390111	24390786	280	7	97.56	CG
11	24390111	24390786	1414	501	73.84	CHG
11	24390111	24390786	1162	4276	21.37	CHH
12	4737413	4737840	460	76	85.82	CG
12	4737413	4737840	386	230	62.66	CHG
12	4737413	4737840	1569	1743	47.37	CHH
12	4898920	4899775	1895	105	94.75	CG
12	4898920	4899775	645	762	45.84	CHG
12	4898920	4899775	2024	5561	26.68	CHH
12	4902073	4902516	1091	107	91.07	CG
12	4902073	4902516	328	429	43.33	CHG
12	4902073	4902516	1099	3604	23.37	CHH
12	9062972	9063466	1296	37	97.22	CG
12	9062972	9063466	809	662	55.00	CHG
12	9062972	9063466	379	3519	9.72	CHH
12	9064169	9064334	371	9	97.63	CG
12	9064169	9064334	234	145	61.74	CHG
12	9064169	9064334	197	1449	11.97	CHH
12	9064925	9066118	2543	353	87.81	CG
12	9064925	9066118	860	1361	38.72	CHG
12	9064925	9066118	2184	6944	23.93	CHH
12	17504082	17504299	584	8	98.65	CG
12	17504082	17504299	444	119	78.86	CHG
12	17504082	17504299	246	1642	13.03	CHH
12	17987554	17988996	4330	97	97.81	CG
12	17987554	17988996	2469	626	79.77	CHG
12	17987554	17988996	2565	12074	17.52	CHH
12	18861738	18863268	1186	45	96.34	CG
12	18861738	18863268	484	606	44.40	CHG
12	18861738	18863268	2351	13385	14.94	CHH
12	18864308	18866205	4278	83	98.10	CG
12	18864308	18866205	2808	632	81.63	CHG
12	18864308	18866205	4368	10182	30.02	CHH
