1	104478	104599	19	0	100.00	CG
1	104478	104599	24	3	88.89	CHG
1	104478	104599	30	194	13.39	CHH
1	521199	522723	1633	1938	45.73	CG
1	521199	522723	221	3027	6.80	CHG
1	521199	522723	452	14237	3.08	CHH
1	718927	719135	3	255	1.16	CG
1	718927	719135	17	398	4.10	CHG
1	718927	719135	81	1550	4.97	CHH
1	1687637	1688991	24	1862	1.27	CG
1	1687637	1688991	103	2284	4.32	CHG
1	1687637	1688991	308	10378	2.88	CHH
1	1781116	1781366	90	1539	5.52	CG
1	1781116	1781366	43	554	7.20	CHG
1	1781116	1781366	73	1331	5.20	CHH
1	2137510	2140455	937	7090	11.67	CG
1	2137510	2140455	766	6230	10.95	CHG
1	2137510	2140455	1735	23925	6.76	CHH
1	2172488	2172625	2	205	0.97	CG
1	2172488	2172625	82	1393	5.56	CHH
1	2198640	2199644	2725	97	96.56	CG
1	2198640	2199644	1253	501	71.44	CHG
1	2198640	2199644	395	2234	15.02	CHH
1	2541454	2541598	159	171	48.18	CG
1	2541454	2541598	39	137	22.16	CHG
1	2541454	2541598	114	1076	9.58	CHH
1	2579778	2580676	1747	206	89.45	CG
1	2579778	2580676	105	2237	4.48	CHG
1	2579778	2580676	283	8104	3.37	CHH
1	3016827	3017062	61	1422	4.11	CG
1	3016827	3017062	45	698	6.06	CHG
1	3016827	3017062	97	1955	4.73	CHH
1	4122738	4127182	2156	6095	26.13	CG
1	4122738	4127182	547	10567	4.92	CHG
1	4122738	4127182	3169	35934	8.10	CHH
1	4510347	4510477	72	1	98.63	CG
1	4510347	4510477	22	89	19.82	CHG
1	4510347	4510477	187	1036	15.29	CHH
1	4702022	4702256	176	372	32.12	CG
1	4702022	4702256	20	259	7.17	CHG
1	4702022	4702256	182	1106	14.13	CHH
1	5814441	5815039	4	478	0.83	CG
1	5814441	5815039	23	1092	2.06	CHG
1	5814441	5815039	158	5548	2.77	CHH
1	6934697	6934863	416	10	97.65	CG
1	6934697	6934863	200	26	88.50	CHG
1	6934697	6934863	169	729	18.82	CHH
1	7198017	7199243	1437	38	97.42	CG
1	7198017	7199243	124	2162	5.42	CHG
1	7198017	7199243	295	9277	3.08	CHH
1	7302410	7302594	0	646	0.00	CG
1	7302410	7302594	9	273	3.19	CHG
1	7302410	7302594	44	1400	3.05	CHH
1	7518469	7519081	17	1090	1.54	CG
1	7518469	7519081	45	1256	3.46	CHG
1	7518469	7519081	130	5330	2.38	CHH
1	7690448	7691550	107	3059	3.38	CG
1	7690448	7691550	178	2536	6.56	CHG
1	7690448	7691550	432	9357	4.41	CHH
1	8124136	8124703	1852	84	95.66	CG
1	8124136	8124703	845	384	68.76	CHG
1	8124136	8124703	506	4301	10.53	CHH
1	8426975	8427236	182	66	73.39	CG
1	8426975	8427236	18	781	2.25	CHG
1	8426975	8427236	51	2052	2.43	CHH
1	8831214	8831605	793	18	97.78	CG
1	8831214	8831605	464	202	69.67	CHG
1	8831214	8831605	226	3692	5.77	CHH
1	8866192	8866541	853	23	97.37	CG
1	8866192	8866541	402	117	77.46	CHG
1	8866192	8866541	289	1565	15.59	CHH
1	9124022	9124118	128	4	96.97	CG
1	9124022	9124118	328	71	82.21	CHG
1	9124022	9124118	193	503	27.73	CHH
1	9260960	9261224	94	1	98.95	CG
1	9260960	9261224	5	332	1.48	CHG
1	9260960	9261224	65	1981	3.18	CHH
1	9681083	9681232	128	62	67.37	CG
1	9681083	9681232	197	335	37.03	CHH
1	9734291	9734532	0	266	0.00	CG
1	9734291	9734532	5	67	6.94	CHG
1	9734291	9734532	60	1407	4.09	CHH
1	10263106	10263294	17	564	2.93	CG
1	10263106	10263294	6	291	2.02	CHG
1	10263106	10263294	86	1118	7.14	CHH
1	10401973	10403052	200	2442	7.57	CG
1	10401973	10403052	139	1570	8.13	CHG
1	10401973	10403052	452	8413	5.10	CHH
1	10417094	10417664	889	18	98.02	CG
1	10417094	10417664	1337	183	87.96	CHG
1	10417094	10417664	274	4872	5.32	CHH
1	10590568	10590704	5	231	2.12	CG
1	10590568	10590704	14	203	6.45	CHG
1	10590568	10590704	137	562	19.60	CHH
1	10793800	10794970	1295	39	97.08	CG
1	10793800	10794970	333	303	52.36	CHG
1	10793800	10794970	286	2269	11.19	CHH
1	11027002	11027352	373	11	97.14	CG
1	11027002	11027352	19	807	2.30	CHG
1	11027002	11027352	163	3788	4.13	CHH
1	11745247	11745281	3	155	1.90	CG
1	11745247	11745281	0	82	0.00	CHG
1	11745247	11745281	7	136	4.90	CHH
1	11861007	11861467	1012	44	95.83	CG
1	11861007	11861467	454	348	56.61	CHG
1	11861007	11861467	399	3357	10.62	CHH
1	11988203	11988342	11	739	1.47	CG
1	11988203	11988342	20	460	4.17	CHG
1	11988203	11988342	17	770	2.16	CHH
1	12157565	12159139	366	9756	3.62	CG
1	12157565	12159139	259	5074	4.86	CHG
1	12157565	12159139	344	10228	3.25	CHH
1	12279664	12280353	115	2431	4.52	CG
1	12279664	12280353	82	1351	5.72	CHG
1	12279664	12280353	145	4004	3.49	CHH
1	12444629	12444759	269	10	96.42	CG
1	12444629	12444759	222	23	90.61	CHG
1	12444629	12444759	80	1228	6.12	CHH
1	12851686	12853647	335	660	33.67	CG
1	12851686	12853647	268	4013	6.26	CHG
1	12851686	12853647	916	16259	5.33	CHH
1	12977793	12977914	108	2	98.18	CG
1	12977793	12977914	40	694	5.45	CHH
1	14112270	14112409	42	416	9.17	CHH
1	14747584	14748346	11	883	1.23	CG
1	14747584	14748346	66	1887	3.38	CHG
1	14747584	14748346	191	6225	2.98	CHH
1	15010958	15011724	0	58	0.00	CHG
1	15010958	15011724	3	174	1.69	CHH
1	15208882	15210074	1221	117	91.26	CG
1	15208882	15210074	454	331	57.83	CHG
1	15208882	15210074	565	7862	6.70	CHH
1	15318812	15319293	1801	44	97.62	CG
1	15318812	15319293	1230	242	83.56	CHG
1	15318812	15319293	339	3300	9.32	CHH
1	15355785	15357554	1380	1810	43.26	CG
1	15355785	15357554	872	3032	22.34	CHG
1	15355785	15357554	1537	14228	9.75	CHH
1	16453284	16453501	1	75	1.32	CG
1	16453284	16453501	19	165	10.33	CHG
1	16453284	16453501	157	1428	9.91	CHH
1	16722902	16723067	408	20	95.33	CG
1	16722902	16723067	56	126	30.77	CHG
1	16722902	16723067	53	1793	2.87	CHH
1	17385639	17385733	9	232	3.73	CHG
1	17385639	17385733	57	974	5.53	CHH
1	17522237	17522624	1192	30	97.55	CG
1	17522237	17522624	930	166	84.85	CHG
1	17522237	17522624	215	2531	7.83	CHH
1	17762690	17767322	1901	5638	25.22	CG
1	17762690	17767322	1828	5918	23.60	CHG
1	17762690	17767322	7142	31170	18.64	CHH
1	17768299	17768525	0	395	0.00	CG
1	17768299	17768525	8	294	2.65	CHG
1	17768299	17768525	62	1642	3.64	CHH
1	17915233	17918918	3248	2112	60.60	CG
1	17915233	17918918	1808	2248	44.58	CHG
1	17915233	17918918	3971	18281	17.85	CHH
1	18479814	18481021	795	844	48.51	CG
1	18479814	18481021	141	1136	11.04	CHG
1	18479814	18481021	528	8970	5.56	CHH
1	18515221	18516018	632	2	99.68	CG
1	18515221	18516018	424	41	91.18	CHG
1	18515221	18516018	182	1409	11.44	CHH
1	18605306	18605413	72	0	100.00	CG
1	18605306	18605413	3	204	1.45	CHG
1	18605306	18605413	60	1109	5.13	CHH
1	18679398	18679609	180	6	96.77	CG
1	18679398	18679609	288	27	91.43	CHG
1	18679398	18679609	174	1498	10.41	CHH
1	18781271	18781897	33	902	3.53	CG
1	18781271	18781897	66	1367	4.61	CHG
1	18781271	18781897	237	4437	5.07	CHH
1	19418149	19418371	344	10	97.18	CG
1	19418149	19418371	240	103	69.97	CHG
1	19418149	19418371	143	1791	7.39	CHH
1	19588801	19588982	230	3	98.71	CG
1	19588801	19588982	93	24	79.49	CHG
1	19588801	19588982	59	539	9.87	CHH
1	19807993	19809436	2692	51	98.14	CG
1	19807993	19809436	793	282	73.77	CHG
1	19807993	19809436	558	7015	7.37	CHH
1	20220915	20221138	826	10	98.80	CG
1	20220915	20221138	257	106	70.80	CHG
1	20220915	20221138	92	1634	5.33	CHH
1	20351135	20352592	1234	495	71.37	CG
1	20351135	20352592	110	3740	2.86	CHG
1	20351135	20352592	351	12025	2.84	CHH
1	20353735	20353818	60	0	100.00	CG
1	20353735	20353818	10	219	4.37	CHG
1	20353735	20353818	22	525	4.02	CHH
1	20699332	20703291	3866	3735	50.86	CG
1	20699332	20703291	1929	6641	22.51	CHG
1	20699332	20703291	2877	28993	9.03	CHH
1	20759940	20760412	985	34	96.66	CG
1	20759940	20760412	984	145	87.16	CHG
1	20759940	20760412	538	3225	14.30	CHH
1	22217602	22218470	768	1318	36.82	CG
1	22217602	22218470	333	1574	17.46	CHG
1	22217602	22218470	1037	6478	13.80	CHH
1	22349537	22349928	71	1264	5.32	CG
1	22349537	22349928	29	991	2.84	CHG
1	22349537	22349928	102	2487	3.94	CHH
1	22963853	22963900	9	117	7.14	CHG
1	22963853	22963900	2	292	0.68	CHH
1	23088705	23088935	1	453	0.22	CG
1	23088705	23088935	6	304	1.94	CHG
1	23088705	23088935	25	1669	1.48	CHH
1	23190581	23192012	798	97	89.16	CG
1	23190581	23192012	168	2753	5.75	CHG
1	23190581	23192012	667	13762	4.62	CHH
1	23334619	23337433	2193	1996	52.35	CG
1	23334619	23337433	437	5995	6.79	CHG
1	23334619	23337433	1079	22841	4.51	CHH
1	23865834	23867004	2223	757	74.60	CG
1	23865834	23867004	1100	1592	40.86	CHG
1	23865834	23867004	1683	6920	19.56	CHH
1	24056015	24058047	288	4184	6.44	CG
1	24056015	24058047	378	3277	10.34	CHG
1	24056015	24058047	629	14976	4.03	CHH
1	24127473	24127717	176	78	69.29	CG
1	24127473	24127717	13	300	4.15	CHG
1	24127473	24127717	51	1784	2.78	CHH
1	24218590	24218768	45	284	13.68	CG
1	24218590	24218768	29	223	11.51	CHG
1	24218590	24218768	44	1480	2.89	CHH
1	24367289	24368699	878	2333	27.34	CG
1	24367289	24368699	335	3154	9.60	CHG
1	24367289	24368699	1021	9571	9.64	CHH
1	24540618	24541036	453	6	98.69	CG
1	24540618	24541036	21	852	2.41	CHG
1	24540618	24541036	134	3784	3.42	CHH
1	25075086	25078372	199	10296	1.90	CG
1	25075086	25078372	250	8573	2.83	CHG
1	25075086	25078372	748	24750	2.93	CHH
1	26189136	26189851	215	706	23.34	CG
1	26189136	26189851	88	2527	3.37	CHG
1	26189136	26189851	209	6010	3.36	CHH
1	27455091	27455579	2819	116	96.05	CG
1	27455091	27455579	2140	496	81.18	CHG
1	27455091	27455579	926	6510	12.45	CHH
1	27505658	27505866	8	121	6.20	CG
1	27505658	27505866	13	546	2.33	CHG
1	27505658	27505866	58	1821	3.09	CHH
1	27576543	27577893	2527	49	98.10	CG
1	27576543	27577893	1493	225	86.90	CHG
1	27576543	27577893	1770	11535	13.30	CHH
1	28118813	28118935	6	116	4.92	CG
1	28118813	28118935	16	364	4.21	CHG
1	28118813	28118935	37	1190	3.02	CHH
1	29188109	29189334	100	3972	2.46	CG
1	29188109	29189334	123	2366	4.94	CHG
1	29188109	29189334	738	8337	8.13	CHH
1	29223726	29224697	377	3335	10.16	CG
1	29223726	29224697	86	1640	4.98	CHG
1	29223726	29224697	1215	5651	17.70	CHH
1	29881105	29881917	949	203	82.38	CG
1	29881105	29881917	860	270	76.11	CHG
1	29881105	29881917	267	3960	6.32	CHH
1	29892038	29892362	5	59	7.81	CG
1	29892038	29892362	9	282	3.09	CHG
1	29892038	29892362	143	2654	5.11	CHH
1	30396534	30396644	2	282	0.70	CG
1	30396534	30396644	10	353	2.75	CHG
1	30396534	30396644	14	524	2.60	CHH
1	30947617	30952229	5221	1701	75.43	CG
1	30947617	30952229	2390	7884	23.26	CHG
1	30947617	30952229	2162	40339	5.09	CHH
1	30988314	30988439	54	4	93.10	CG
1	30988314	30988439	180	117	60.61	CHG
1	30988314	30988439	52	591	8.09	CHH
1	31131639	31132785	559	2257	19.85	CG
1	31131639	31132785	98	2985	3.18	CHG
1	31131639	31132785	290	8510	3.30	CHH
1	32136432	32136605	63	93	40.38	CG
1	32136432	32136605	9	508	1.74	CHG
1	32136432	32136605	64	1315	4.64	CHH
1	33466485	33466748	785	9	98.87	CG
1	33466485	33466748	353	97	78.44	CHG
1	33466485	33466748	388	2030	16.05	CHH
1	34289798	34291348	1564	1102	58.66	CG
1	34289798	34291348	940	2327	28.77	CHG
1	34289798	34291348	2026	11382	15.11	CHH
1	34550341	34550600	2	403	0.49	CG
1	34550341	34550600	15	674	2.18	CHG
1	34550341	34550600	64	2835	2.21	CHH
1	34749495	34752244	2836	331	89.55	CG
1	34749495	34752244	2774	1052	72.50	CHG
1	34749495	34752244	2709	13055	17.18	CHH
1	34928206	34928387	154	4	97.47	CG
1	34928206	34928387	504	66	88.42	CHG
1	34928206	34928387	133	1070	11.06	CHH
1	34990120	34992796	4579	1587	74.26	CG
1	34990120	34992796	2317	2044	53.13	CHG
1	34990120	34992796	3984	17151	18.85	CHH
1	35760612	35760952	269	142	65.45	CG
1	35760612	35760952	14	512	2.66	CHG
1	35760612	35760952	83	3189	2.54	CHH
1	35959231	35959351	1	134	0.74	CG
1	35959231	35959351	3	204	1.45	CHG
1	35959231	35959351	48	1252	3.69	CHH
1	36112505	36112684	380	116	76.61	CG
1	36112505	36112684	123	148	45.39	CHG
1	36112505	36112684	215	1069	16.74	CHH
1	36163384	36164022	178	829	17.68	CG
1	36163384	36164022	170	845	16.75	CHG
1	36163384	36164022	428	4420	8.83	CHH
1	36208524	36209666	1519	24	98.44	CG
1	36208524	36209666	2032	346	85.45	CHG
1	36208524	36209666	662	9702	6.39	CHH
1	36479686	36479935	34	805	4.05	CG
1	36479686	36479935	4	363	1.09	CHG
1	36479686	36479935	44	1770	2.43	CHH
1	36890844	36891048	169	66	71.91	CG
1	36890844	36891048	188	85	68.86	CHG
1	36890844	36891048	445	1177	27.44	CHH
1	37118562	37118725	0	122	0.00	CG
1	37118562	37118725	11	339	3.14	CHG
1	37118562	37118725	40	1738	2.25	CHH
1	37253827	37256063	2770	169	94.25	CG
1	37253827	37256063	2173	464	82.40	CHG
1	37253827	37256063	1732	9334	15.65	CHH
1	37757198	37758019	681	1604	29.80	CG
1	37757198	37758019	335	871	27.78	CHG
1	37757198	37758019	1298	4664	21.77	CHH
1	39603253	39603550	211	7	96.79	CG
1	39603253	39603550	9	791	1.12	CHG
1	39603253	39603550	80	2218	3.48	CHH
1	40609311	40609427	58	5	92.06	CG
1	40609311	40609427	24	366	6.15	CHG
1	40609311	40609427	47	1207	3.75	CHH
1	40785754	40786192	90	89	50.28	CG
1	40785754	40786192	25	1524	1.61	CHG
1	40785754	40786192	94	4062	2.26	CHH
1	41209454	41212661	2251	6239	26.51	CG
1	41209454	41212661	1168	4531	20.49	CHG
1	41209454	41212661	3199	19209	14.28	CHH
1	42990884	42991140	128	2	98.46	CG
1	42990884	42991140	101	17	85.59	CHG
1	42990884	42991140	51	446	10.26	CHH
2	38468	38578	71	1	98.61	CG
2	38468	38578	15	191	7.28	CHG
2	38468	38578	12	949	1.25	CHH
2	578331	578545	54	1	98.18	CG
2	578331	578545	21	619	3.28	CHG
2	578331	578545	36	1714	2.06	CHH
2	1736612	1736996	524	35	93.74	CG
2	1736612	1736996	50	1142	4.19	CHG
2	1736612	1736996	148	3070	4.60	CHH
2	2004107	2004464	1	209	0.48	CG
2	2004107	2004464	23	1081	2.08	CHG
2	2004107	2004464	122	3303	3.56	CHH
2	2225031	2228646	5040	546	90.23	CG
2	2225031	2228646	3523	2202	61.54	CHG
2	2225031	2228646	5282	22076	19.31	CHH
2	2448881	2450073	280	188	59.83	CG
2	2448881	2450073	578	2299	20.09	CHG
2	2448881	2450073	1480	8815	14.38	CHH
2	2455636	2457226	3887	86	97.84	CG
2	2455636	2457226	2880	621	82.26	CHG
2	2455636	2457226	633	6439	8.95	CHH
2	2916264	2916496	128	8	94.12	CG
2	2916264	2916496	10	528	1.86	CHG
2	2916264	2916496	75	2298	3.16	CHH
2	3153141	3153726	1116	18	98.41	CG
2	3153141	3153726	1226	213	85.20	CHG
2	3153141	3153726	736	5290	12.21	CHH
2	3584767	3584907	245	14	94.59	CG
2	3584767	3584907	145	80	64.44	CHG
2	3584767	3584907	552	566	49.37	CHH
2	3668130	3671654	7838	2647	74.75	CG
2	3668130	3671654	3886	4472	46.49	CHG
2	3668130	3671654	3397	23710	12.53	CHH
2	4394475	4394720	0	134	0.00	CG
2	4394475	4394720	15	484	3.01	CHG
2	4394475	4394720	87	2560	3.29	CHH
2	4735326	4735671	16	1074	1.47	CG
2	4735326	4735671	33	1088	2.94	CHG
2	4735326	4735671	113	3123	3.49	CHH
2	4930376	4930562	275	10	96.49	CG
2	4930376	4930562	18	40	31.03	CHG
2	4930376	4930562	49	1012	4.62	CHH
2	6097195	6097472	3	324	0.92	CG
2	6097195	6097472	52	727	6.68	CHG
2	6097195	6097472	93	1795	4.93	CHH
2	6194639	6194966	7	281	2.43	CG
2	6194639	6194966	7	419	1.64	CHG
2	6194639	6194966	107	2488	4.12	CHH
2	6477169	6477370	134	52	72.04	CG
2	6477169	6477370	14	392	3.45	CHG
2	6477169	6477370	63	1771	3.44	CHH
2	6479819	6479943	19	471	3.88	CHG
2	6479819	6479943	47	1185	3.81	CHH
2	7634883	7634997	9	759	1.17	CG
2	7634883	7634997	12	390	2.99	CHG
2	7634883	7634997	18	858	2.05	CHH
2	9263789	9264764	670	10	98.53	CG
2	9263789	9264764	379	116	76.57	CHG
2	9263789	9264764	154	1581	8.88	CHH
2	10881944	10882136	13	279	4.45	CG
2	10881944	10882136	14	329	4.08	CHG
2	10881944	10882136	60	1830	3.17	CHH
2	11520851	11521291	381	226	62.77	CG
2	11520851	11521291	93	174	34.83	CHG
2	11520851	11521291	634	2729	18.85	CHH
2	11599189	11600489	781	1376	36.21	CG
2	11599189	11600489	410	1667	19.74	CHG
2	11599189	11600489	946	8856	9.65	CHH
2	11939679	11939936	67	2	97.10	CG
2	11939679	11939936	16	321	4.75	CHG
2	11939679	11939936	42	1859	2.21	CHH
2	12352060	12352584	1356	17	98.76	CG
2	12352060	12352584	1039	267	79.56	CHG
2	12352060	12352584	342	3948	7.97	CHH
2	12492889	12493008	6	817	0.73	CG
2	12492889	12493008	5	423	1.17	CHG
2	12492889	12493008	16	681	2.30	CHH
2	12583382	12585233	1355	412	76.68	CG
2	12583382	12585233	392	3546	9.95	CHG
2	12583382	12585233	731	14504	4.80	CHH
2	13724770	13725043	29	3	90.62	CG
2	13724770	13725043	8	1	88.89	CHG
2	13724770	13725043	9	85	9.57	CHH
2	14258242	14258497	391	20	95.13	CG
2	14258242	14258497	302	63	82.74	CHG
2	14258242	14258497	109	1553	6.56	CHH
2	14381584	14382260	1142	18	98.45	CG
2	14381584	14382260	730	376	66.00	CHG
2	14381584	14382260	437	6427	6.37	CHH
2	14883666	14884152	1006	18	98.24	CG
2	14883666	14884152	1000	127	88.73	CHG
2	14883666	14884152	344	3429	9.12	CHH
2	15077160	15080035	6952	178	97.50	CG
2	15077160	15080035	4653	1085	81.09	CHG
2	15077160	15080035	2010	21132	8.69	CHH
2	15300768	15301020	256	4	98.46	CG
2	15300768	15301020	560	118	82.60	CHG
2	15300768	15301020	129	2118	5.74	CHH
2	16462100	16462683	925	233	79.88	CG
2	16462100	16462683	517	884	36.90	CHG
2	16462100	16462683	279	4421	5.94	CHH
2	16469340	16469527	548	10	98.21	CG
2	16469340	16469527	228	183	55.47	CHG
2	16469340	16469527	59	954	5.82	CHH
2	16575455	16575576	113	275	29.12	CG
2	16575455	16575576	20	92	17.86	CHG
2	16575455	16575576	194	1000	16.25	CHH
2	16909276	16909402	67	1	98.53	CG
2	16909276	16909402	6	30	16.67	CHG
2	16909276	16909402	297	625	32.21	CHH
2	17470250	17470459	208	9	95.85	CG
2	17470250	17470459	193	41	82.48	CHG
2	17470250	17470459	98	1729	5.36	CHH
2	17693456	17694041	783	468	62.59	CG
2	17693456	17694041	342	724	32.08	CHG
2	17693456	17694041	249	3720	6.27	CHH
2	17846367	17846587	57	671	7.83	CG
2	17846367	17846587	15	300	4.76	CHG
2	17846367	17846587	29	899	3.12	CHH
2	18156897	18157229	1435	16	98.90	CG
2	18156897	18157229	697	120	85.31	CHG
2	18156897	18157229	205	1940	9.56	CHH
2	19262811	19262974	211	3	98.60	CG
2	19262811	19262974	37	108	25.52	CHG
2	19262811	19262974	41	1719	2.33	CHH
2	19369504	19369623	748	17	97.78	CG
2	19369504	19369623	418	58	87.82	CHG
2	19369504	19369623	140	721	16.26	CHH
2	19649757	19649896	11	705	1.54	CG
2	19649757	19649896	14	328	4.09	CHG
2	19649757	19649896	26	724	3.47	CHH
2	20077988	20078291	739	57	92.84	CG
2	20077988	20078291	253	178	58.70	CHG
2	20077988	20078291	374	2004	15.73	CHH
2	22210158	22210334	42	486	7.95	CG
2	22210158	22210334	11	206	5.07	CHG
2	22210158	22210334	35	1278	2.67	CHH
2	22275294	22275439	0	59	0.00	CG
2	22275294	22275439	8	268	2.90	CHG
2	22275294	22275439	23	1314	1.72	CHH
2	22587752	22588156	619	16	97.48	CG
2	22587752	22588156	366	229	61.51	CHG
2	22587752	22588156	355	2753	11.42	CHH
2	22836225	22836730	20	1139	1.73	CG
2	22836225	22836730	52	1268	3.94	CHG
2	22836225	22836730	151	4768	3.07	CHH
2	22982677	22982914	1	63	1.56	CG
2	22982677	22982914	22	598	3.55	CHG
2	22982677	22982914	87	2585	3.26	CHH
2	23033077	23033411	125	392	24.18	CG
2	23033077	23033411	176	933	15.87	CHG
2	23033077	23033411	313	2596	10.76	CHH
2	23394395	23395510	2233	227	90.77	CG
2	23394395	23395510	744	2355	24.01	CHG
2	23394395	23395510	487	11465	4.07	CHH
2	23471507	23472492	540	7	98.72	CG
2	23471507	23472492	583	121	82.81	CHG
2	23471507	23472492	362	2930	11.00	CHH
2	24044095	24044460	1003	48	95.43	CG
2	24044095	24044460	484	122	79.87	CHG
2	24044095	24044460	253	1714	12.86	CHH
2	24717341	24717558	1	267	0.37	CG
2	24717341	24717558	9	581	1.53	CHG
2	24717341	24717558	83	1944	4.09	CHH
2	25574998	25576239	1569	49	96.97	CG
2	25574998	25576239	1735	493	77.87	CHG
2	25574998	25576239	1510	9933	13.20	CHH
2	25830725	25831459	9	1761	0.51	CG
2	25830725	25831459	34	1538	2.16	CHG
2	25830725	25831459	106	4925	2.11	CHH
2	25835047	25835296	21	669	3.04	CG
2	25835047	25835296	24	462	4.94	CHG
2	25835047	25835296	29	1492	1.91	CHH
2	26548831	26549237	732	14	98.12	CG
2	26548831	26549237	102	81	55.74	CHG
2	26548831	26549237	554	1737	24.18	CHH
2	26659388	26659535	70	2	97.22	CG
2	26659388	26659535	95	974	8.89	CHH
2	26689413	26692203	964	9561	9.16	CG
2	26689413	26692203	556	6131	8.31	CHG
2	26689413	26692203	2157	15515	12.21	CHH
2	28199306	28199617	838	21	97.56	CG
2	28199306	28199617	1075	125	89.58	CHG
2	28199306	28199617	289	2666	9.78	CHH
2	29852698	29852922	33	316	9.46	CG
2	29852698	29852922	12	524	2.24	CHG
2	29852698	29852922	49	1649	2.89	CHH
2	30157272	30157610	489	129	79.13	CG
2	30157272	30157610	154	302	33.77	CHG
2	30157272	30157610	505	1607	23.91	CHH
2	30823979	30824112	3	180	1.64	CG
2	30823979	30824112	8	342	2.29	CHG
2	30823979	30824112	65	1319	4.70	CHH
2	30983625	30984901	40	3311	1.19	CG
2	30983625	30984901	143	4889	2.84	CHG
2	30983625	30984901	311	10202	2.96	CHH
2	31445301	31445449	1	69	1.43	CG
2	31445301	31445449	6	358	1.65	CHG
2	31445301	31445449	32	1647	1.91	CHH
2	31855152	31855271	173	4	97.74	CG
2	31855152	31855271	53	9	85.48	CHG
2	31855152	31855271	117	1068	9.87	CHH
2	32524707	32526194	2187	994	68.75	CG
2	32524707	32526194	649	2970	17.93	CHG
2	32524707	32526194	686	8318	7.62	CHH
2	33158169	33158313	219	6	97.33	CG
2	33158169	33158313	298	61	83.01	CHG
2	33158169	33158313	181	1583	10.26	CHH
2	33431516	33431954	191	13	93.63	CG
2	33431516	33431954	11	651	1.66	CHG
2	33431516	33431954	119	3762	3.07	CHH
2	33711999	33712328	61	1	98.39	CG
2	33711999	33712328	16	786	2.00	CHG
2	33711999	33712328	119	3101	3.70	CHH
2	33834944	33835662	159	450	26.11	CG
2	33834944	33835662	43	1143	3.63	CHG
2	33834944	33835662	233	6739	3.34	CHH
2	33936933	33937065	0	64	0.00	CG
2	33936933	33937065	10	336	2.89	CHG
2	33936933	33937065	40	1233	3.14	CHH
2	34687871	34690219	592	6969	7.83	CG
2	34687871	34690219	758	5226	12.67	CHG
2	34687871	34690219	1316	16457	7.40	CHH
2	34747509	34747747	45	3	93.75	CG
2	34747509	34747747	24	12	66.67	CHG
2	34747509	34747747	2	46	4.17	CHH
2	34772462	34772598	9	219	3.95	CHG
2	34772462	34772598	30	950	3.06	CHH
2	35300370	35300604	64	1	98.46	CG
2	35300370	35300604	11	513	2.10	CHG
2	35300370	35300604	91	2221	3.94	CHH
2	35388799	35389069	5	252	1.95	CG
2	35388799	35389069	20	478	4.02	CHG
2	35388799	35389069	58	1447	3.85	CHH
3	480369	480630	653	30	95.61	CG
3	480369	480630	18	663	2.64	CHG
3	480369	480630	100	2447	3.93	CHH
3	615186	620505	4370	6225	41.25	CG
3	615186	620505	2073	7979	20.62	CHG
3	615186	620505	3287	33969	8.82	CHH
3	1097994	1098400	1171	23	98.07	CG
3	1097994	1098400	748	167	81.75	CHG
3	1097994	1098400	523	3195	14.07	CHH
3	2922253	2922366	0	67	0.00	CG
3	2922253	2922366	1	137	0.72	CHG
3	2922253	2922366	27	1340	1.98	CHH
3	2924923	2926581	1021	197	83.83	CG
3	2924923	2926581	225	2845	7.33	CHG
3	2924923	2926581	747	14041	5.05	CHH
3	3101473	3101729	436	797	35.36	CG
3	3101473	3101729	25	851	2.85	CHG
3	3101473	3101729	72	1700	4.06	CHH
3	3782983	3787490	812	10588	7.12	CG
3	3782983	3787490	708	8668	7.55	CHG
3	3782983	3787490	1408	31393	4.29	CHH
3	4471611	4471796	9	697	1.27	CG
3	4471611	4471796	13	437	2.89	CHG
3	4471611	4471796	37	1009	3.54	CHH
3	4501942	4502163	203	327	38.30	CG
3	4501942	4502163	125	235	34.72	CHG
3	4501942	4502163	530	476	52.68	CHH
3	4735915	4736042	2	168	1.18	CG
3	4735915	4736042	9	160	5.33	CHG
3	4735915	4736042	17	1245	1.35	CHH
3	5786527	5786697	133	9	93.66	CG
3	5786527	5786697	12	386	3.02	CHG
3	5786527	5786697	80	1751	4.37	CHH
3	5790733	5792052	2272	76	96.76	CG
3	5790733	5792052	1618	354	82.05	CHG
3	5790733	5792052	1651	7761	17.54	CHH
3	5852144	5852325	357	8	97.81	CG
3	5852144	5852325	330	43	88.47	CHG
3	5852144	5852325	485	1298	27.20	CHH
3	5861909	5862252	384	68	84.96	CG
3	5861909	5862252	27	1060	2.48	CHG
3	5861909	5862252	91	2778	3.17	CHH
3	5863529	5863616	1	221	0.45	CG
3	5863529	5863616	9	362	2.43	CHG
3	5863529	5863616	18	965	1.83	CHH
3	6119207	6119385	48	980	4.67	CG
3	6119207	6119385	44	824	5.07	CHG
3	6119207	6119385	73	1033	6.60	CHH
3	6727333	6727471	2	214	0.93	CG
3	6727333	6727471	6	139	4.14	CHG
3	6727333	6727471	37	1055	3.39	CHH
3	7815881	7816020	35	1373	2.49	CG
3	7815881	7816020	15	624	2.35	CHG
3	7815881	7816020	19	516	3.55	CHH
3	8124800	8125238	21	1833	1.13	CG
3	8124800	8125238	32	1139	2.73	CHG
3	8124800	8125238	87	4140	2.06	CHH
3	8292358	8296069	2818	1174	70.59	CG
3	8292358	8296069	2140	3915	35.34	CHG
3	8292358	8296069	2668	29762	8.23	CHH
3	8918282	8919468	904	3212	21.96	CG
3	8918282	8919468	330	2119	13.47	CHG
3	8918282	8919468	1035	7899	11.58	CHH
3	8932042	8933228	705	1077	39.56	CG
3	8932042	8933228	392	810	32.61	CHG
3	8932042	8933228	696	8729	7.38	CHH
3	9007060	9007495	1613	27	98.35	CG
3	9007060	9007495	764	225	77.25	CHG
3	9007060	9007495	282	2026	12.22	CHH
3	9615393	9615681	138	886	13.48	CG
3	9615393	9615681	38	406	8.56	CHG
3	9615393	9615681	137	2220	5.81	CHH
3	9647322	9647514	25	170	12.82	CG
3	9647322	9647514	3	403	0.74	CHG
3	9647322	9647514	41	1461	2.73	CHH
3	9661238	9663204	414	2431	14.55	CG
3	9661238	9663204	224	2530	8.13	CHG
3	9661238	9663204	726	13200	5.21	CHH
3	9703524	9703645	2	150	1.32	CG
3	9703524	9703645	8	121	6.20	CHG
3	9703524	9703645	70	1105	5.96	CHH
3	9741411	9741728	420	61	87.32	CG
3	9741411	9741728	195	111	63.73	CHG
3	9741411	9741728	283	1711	14.19	CHH
3	9772110	9773385	2450	445	84.63	CG
3	9772110	9773385	1340	764	63.69	CHG
3	9772110	9773385	1725	9989	14.73	CHH
3	9970758	9972750	435	6240	6.52	CG
3	9970758	9972750	311	4982	5.88	CHG
3	9970758	9972750	541	13081	3.97	CHH
3	11318102	11319164	466	622	42.83	CG
3	11318102	11319164	212	1321	13.83	CHG
3	11318102	11319164	425	6925	5.78	CHH
3	11624874	11625180	129	3	97.73	CG
3	11624874	11625180	30	816	3.55	CHG
3	11624874	11625180	110	2569	4.11	CHH
3	11762654	11762757	4	118	3.28	CG
3	11762654	11762757	3	65	4.41	CHG
3	11762654	11762757	27	684	3.80	CHH
3	12013674	12014450	597	18	97.07	CG
3	12013674	12014450	1273	181	87.55	CHG
3	12013674	12014450	553	6819	7.50	CHH
3	13326106	13326294	5	286	1.72	CG
3	13326106	13326294	20	488	3.94	CHG
3	13326106	13326294	54	1301	3.99	CHH
3	14484188	14484405	67	2	97.10	CG
3	14484188	14484405	354	50	87.62	CHG
3	14484188	14484405	116	1493	7.21	CHH
3	14495901	14496241	110	2274	4.61	CG
3	14495901	14496241	30	1014	2.87	CHG
3	14495901	14496241	69	2380	2.82	CHH
3	14633392	14633990	635	23	96.50	CG
3	14633392	14633990	304	57	84.21	CHG
3	14633392	14633990	303	4537	6.26	CHH
3	14886695	14886945	13	199	6.13	CG
3	14886695	14886945	135	116	53.78	CHG
3	14886695	14886945	953	868	52.33	CHH
3	15238637	15238822	183	3	98.39	CG
3	15238637	15238822	276	45	85.98	CHG
3	15238637	15238822	82	1338	5.77	CHH
3	15348429	15348696	265	17	93.97	CG
3	15348429	15348696	237	134	63.88	CHG
3	15348429	15348696	146	1937	7.01	CHH
3	15968990	15969281	15	1053	1.40	CG
3	15968990	15969281	37	830	4.27	CHG
3	15968990	15969281	53	2029	2.55	CHH
3	16545195	16545366	117	7	94.35	CG
3	16545195	16545366	107	20	84.25	CHG
3	16545195	16545366	47	717	6.15	CHH
3	16691128	16691290	163	1	99.39	CG
3	16691128	16691290	42	110	27.63	CHG
3	16691128	16691290	276	746	27.01	CHH
3	18086982	18087169	0	261	0.00	CG
3	18086982	18087169	10	330	2.94	CHG
3	18086982	18087169	38	1472	2.52	CHH
3	18671229	18673244	1673	1143	59.41	CG
3	18671229	18673244	834	2045	28.97	CHG
3	18671229	18673244	1537	15957	8.79	CHH
3	18972426	18972727	4	0	100.00	CG
3	18972426	18972727	4	2	66.67	CHG
3	18972426	18972727	1	30	3.23	CHH
3	19066610	19066885	855	33	96.28	CG
3	19066610	19066885	157	75	67.67	CHG
3	19066610	19066885	128	642	16.62	CHH
3	19477758	19477853	151	5	96.79	CG
3	19477758	19477853	111	98	53.11	CHG
3	19477758	19477853	73	621	10.52	CHH
3	20211561	20212451	1962	40	98.00	CG
3	20211561	20212451	1465	270	84.44	CHG
3	20211561	20212451	1053	6733	13.52	CHH
3	20300032	20301332	1759	44	97.56	CG
3	20300032	20301332	2452	340	87.82	CHG
3	20300032	20301332	913	9861	8.47	CHH
3	20506153	20506547	837	11	98.70	CG
3	20506153	20506547	630	252	71.43	CHG
3	20506153	20506547	179	3587	4.75	CHH
3	20529596	20530676	1926	3697	34.25	CG
3	20529596	20530676	407	2768	12.82	CHG
3	20529596	20530676	347	6548	5.03	CHH
3	20609274	20609784	596	8	98.68	CG
3	20609274	20609784	427	96	81.64	CHG
3	20609274	20609784	368	3140	10.49	CHH
3	21045714	21046037	503	13	97.48	CG
3	21045714	21046037	235	43	84.53	CHG
3	21045714	21046037	166	2852	5.50	CHH
3	21053301	21054404	404	200	66.89	CG
3	21053301	21054404	82	1447	5.36	CHG
3	21053301	21054404	421	9489	4.25	CHH
3	21477968	21478334	483	178	73.07	CG
3	21477968	21478334	175	334	34.38	CHG
3	21477968	21478334	411	2203	15.72	CHH
3	21805912	21806253	1660	38	97.76	CG
3	21805912	21806253	260	199	56.64	CHG
3	21805912	21806253	266	1769	13.07	CHH
3	22443304	22443897	29	2359	1.21	CG
3	22443304	22443897	61	1574	3.73	CHG
3	22443304	22443897	91	4092	2.18	CHH
3	22930322	22932315	629	2542	19.84	CG
3	22930322	22932315	122	3561	3.31	CHG
3	22930322	22932315	649	17229	3.63	CHH
3	22977964	22978503	346	235	59.55	CG
3	22977964	22978503	341	623	35.37	CHG
3	22977964	22978503	768	2842	21.27	CHH
3	23158824	23162446	1939	7548	20.44	CG
3	23158824	23162446	828	5305	13.50	CHG
3	23158824	23162446	2051	25372	7.48	CHH
3	23440227	23440314	8	123	6.11	CHG
3	23440227	23440314	25	664	3.63	CHH
3	23502337	23503127	552	98	84.92	CG
3	23502337	23503127	86	458	15.81	CHG
3	23502337	23503127	1097	5986	15.49	CHH
3	24402381	24402506	13	1085	1.18	CG
3	24402381	24402506	11	329	3.24	CHG
3	24402381	24402506	24	804	2.90	CHH
3	24697252	24697403	5	124	3.88	CG
3	24697252	24697403	7	267	2.55	CHG
3	24697252	24697403	28	1175	2.33	CHH
3	25124576	25125712	1313	611	68.24	CG
3	25124576	25125712	667	661	50.23	CHG
3	25124576	25125712	3111	6308	33.03	CHH
3	25238096	25238349	189	69	73.26	CG
3	25238096	25238349	5	608	0.82	CHG
3	25238096	25238349	52	2243	2.27	CHH
3	26463242	26463534	141	589	19.32	CG
3	26463242	26463534	48	679	6.60	CHG
3	26463242	26463534	93	1540	5.70	CHH
3	28036385	28036532	18	521	3.34	CG
3	28036385	28036532	24	483	4.73	CHG
3	28036385	28036532	45	1346	3.24	CHH
3	28421210	28421588	7	559	1.24	CG
3	28421210	28421588	41	956	4.11	CHG
3	28421210	28421588	140	3105	4.31	CHH
3	28828352	28828674	121	163	42.61	CG
3	28828352	28828674	3	83	3.49	CHG
3	28828352	28828674	515	2059	20.01	CHH
3	28883667	28884002	74	48	60.66	CG
3	28883667	28884002	32	274	10.46	CHG
3	28883667	28884002	87	2207	3.79	CHH
3	28999678	28999814	78	68	53.42	CG
3	28999678	28999814	84	68	55.26	CHG
3	28999678	28999814	250	690	26.60	CHH
3	29036320	29036527	1365	27	98.06	CG
3	29036320	29036527	174	217	44.50	CHG
3	29036320	29036527	301	727	29.28	CHH
3	29048284	29048488	1258	14	98.90	CG
3	29048284	29048488	842	215	79.66	CHG
3	29048284	29048488	180	946	15.99	CHH
3	29804060	29804313	6	230	2.54	CG
3	29804060	29804313	11	595	1.82	CHG
3	29804060	29804313	39	1737	2.20	CHH
3	31242980	31243426	1649	34	97.98	CG
3	31242980	31243426	821	176	82.35	CHG
3	31242980	31243426	257	1796	12.52	CHH
3	31550060	31550292	534	117	82.03	CG
3	31550060	31550292	151	161	48.40	CHG
3	31550060	31550292	260	1634	13.73	CHH
3	32992420	32993458	595	745	44.40	CG
3	32992420	32993458	242	933	20.60	CHG
3	32992420	32993458	566	7562	6.96	CHH
3	33907932	33908490	37	177	17.29	CG
3	33907932	33908490	40	1193	3.24	CHG
3	33907932	33908490	115	4768	2.36	CHH
3	34241449	34241654	3	269	1.10	CG
3	34241449	34241654	35	713	4.68	CHG
3	34241449	34241654	54	1592	3.28	CHH
3	34254363	34255907	665	2218	23.07	CG
3	34254363	34255907	224	3795	5.57	CHG
3	34254363	34255907	1260	11260	10.06	CHH
3	34833000	34833309	1099	19	98.30	CG
3	34833000	34833309	646	151	81.05	CHG
3	34833000	34833309	394	1388	22.11	CHH
3	35110086	35110256	63	2	96.92	CG
3	35110086	35110256	0	188	0.00	CHG
3	35110086	35110256	29	1399	2.03	CHH
3	35180241	35180554	201	16	92.63	CG
3	35180241	35180554	20	728	2.67	CHG
3	35180241	35180554	64	2607	2.40	CHH
3	35917041	35917731	1140	418	73.17	CG
3	35917041	35917731	362	651	35.74	CHG
3	35917041	35917731	792	4255	15.69	CHH
3	36048993	36049255	9	350	2.51	CG
3	36048993	36049255	35	568	5.80	CHG
3	36048993	36049255	76	1925	3.80	CHH
3	36390761	36392058	101	4113	2.40	CG
3	36390761	36392058	111	3001	3.57	CHG
3	36390761	36392058	325	8906	3.52	CHH
4	2128481	2128855	320	36	89.89	CG
4	2128481	2128855	98	233	29.61	CHG
4	2128481	2128855	524	2427	17.76	CHH
4	2540394	2540485	156	36	81.25	CG
4	2540394	2540485	114	69	62.30	CHG
4	2540394	2540485	25	757	3.20	CHH
4	3036997	3037085	329	7	97.92	CG
4	3036997	3037085	90	62	59.21	CHG
4	3036997	3037085	30	216	12.20	CHH
4	3390058	3390156	3	1	75.00	CG
4	3390058	3390156	1	0	100.00	CHG
4	3390058	3390156	0	4	0.00	CHH
4	4049820	4050064	379	7	98.19	CG
4	4049820	4050064	225	83	73.05	CHG
4	4049820	4050064	133	1408	8.63	CHH
4	4695559	4695777	409	10	97.61	CG
4	4695559	4695777	169	107	61.23	CHG
4	4695559	4695777	65	805	7.47	CHH
4	5205473	5206792	2898	66	97.77	CG
4	5205473	5206792	1752	491	78.11	CHG
4	5205473	5206792	754	9349	7.46	CHH
4	5370300	5370990	1201	36	97.09	CG
4	5370300	5370990	770	164	82.44	CHG
4	5370300	5370990	166	1961	7.80	CHH
4	7250146	7253105	1926	9393	17.02	CG
4	7250146	7253105	1612	5298	23.33	CHG
4	7250146	7253105	1265	20812	5.73	CHH
4	7946934	7947116	237	0	100.00	CG
4	7946934	7947116	151	62	70.89	CHG
4	7946934	7947116	49	982	4.75	CHH
4	7976120	7976768	6	296	1.99	CG
4	7976120	7976768	26	689	3.64	CHG
4	7976120	7976768	44	2663	1.63	CHH
4	7998972	7999131	1	69	1.43	CG
4	7998972	7999131	22	147	13.02	CHG
4	7998972	7999131	51	995	4.88	CHH
4	9504426	9506750	3304	144	95.82	CG
4	9504426	9506750	2407	1294	65.04	CHG
4	9504426	9506750	927	17975	4.90	CHH
4	10597218	10597775	1005	28	97.29	CG
4	10597218	10597775	1354	232	85.37	CHG
4	10597218	10597775	219	3444	5.98	CHH
4	11254426	11254603	4	182	2.15	CG
4	11254426	11254603	16	305	4.98	CHG
4	11254426	11254603	43	1441	2.90	CHH
4	11479976	11481063	117	761	13.33	CG
4	11479976	11481063	47	1568	2.91	CHG
4	11479976	11481063	280	9172	2.96	CHH
4	12511724	12511877	158	7	95.76	CG
4	12511724	12511877	438	120	78.49	CHG
4	12511724	12511877	128	1609	7.37	CHH
4	12570254	12573173	4031	94	97.72	CG
4	12570254	12573173	5230	1027	83.59	CHG
4	12570254	12573173	1583	22654	6.53	CHH
4	14336636	14336825	377	4	98.95	CG
4	14336636	14336825	383	121	75.99	CHG
4	14336636	14336825	64	1329	4.59	CHH
4	15422154	15422563	311	11	96.58	CG
4	15422154	15422563	350	117	74.95	CHG
4	15422154	15422563	606	2557	19.16	CHH
4	15927777	15928107	14	718	1.91	CG
4	15927777	15928107	18	651	2.69	CHG
4	15927777	15928107	72	2432	2.88	CHH
4	16377949	16378038	261	6	97.75	CG
4	16377949	16378038	186	77	70.72	CHG
4	16377949	16378038	68	741	8.41	CHH
4	16429861	16430118	297	1	99.66	CG
4	16429861	16430118	515	93	84.70	CHG
4	16429861	16430118	174	2108	7.62	CHH
4	16739824	16740091	609	23	96.36	CG
4	16739824	16740091	152	106	58.91	CHG
4	16739824	16740091	77	1538	4.77	CHH
4	16870850	16871033	196	2	98.99	CG
4	16870850	16871033	2	63	3.08	CHG
4	16870850	16871033	67	1655	3.89	CHH
4	16929303	16929386	29	88	24.79	CG
4	16929303	16929386	0	25	0.00	CHG
4	16929303	16929386	22	634	3.35	CHH
4	18861290	18861421	76	6	92.68	CG
4	18861290	18861421	52	10	83.87	CHG
4	18861290	18861421	448	286	61.04	CHH
4	18879559	18879953	2075	44	97.92	CG
4	18879559	18879953	1252	389	76.29	CHG
4	18879559	18879953	445	2534	14.94	CHH
4	19594453	19594613	0	119	0.00	CG
4	19594453	19594613	3	307	0.97	CHG
4	19594453	19594613	100	625	13.79	CHH
4	21836525	21836740	1	381	0.26	CG
4	21836525	21836740	17	677	2.45	CHG
4	21836525	21836740	42	1848	2.22	CHH
4	22149701	22149888	25	940	2.59	CG
4	22149701	22149888	30	382	7.28	CHG
4	22149701	22149888	56	1502	3.59	CHH
4	24463582	24463728	4	232	1.69	CG
4	24463582	24463728	4	184	2.13	CHG
4	24463582	24463728	33	1131	2.84	CHH
4	24879051	24879296	2	55	3.51	CG
4	24879051	24879296	14	967	1.43	CHG
4	24879051	24879296	59	1850	3.09	CHH
4	25700367	25700823	1976	37	98.16	CG
4	25700367	25700823	833	341	70.95	CHG
4	25700367	25700823	527	2792	15.88	CHH
4	26025305	26025523	153	1	99.35	CG
4	26025305	26025523	14	583	2.35	CHG
4	26025305	26025523	65	2099	3.00	CHH
4	26125746	26125921	136	4	97.14	CG
4	26125746	26125921	118	32	78.67	CHG
4	26125746	26125921	169	1084	13.49	CHH
4	28854448	28854672	46	769	5.64	CG
4	28854448	28854672	16	329	4.64	CHG
4	28854448	28854672	73	1497	4.65	CHH
4	31600862	31601333	928	25	97.38	CG
4	31600862	31601333	821	345	70.41	CHG
4	31600862	31601333	294	3248	8.30	CHH
4	32665225	32665685	27	2013	1.32	CG
4	32665225	32665685	53	1527	3.35	CHG
4	32665225	32665685	111	3390	3.17	CHH
4	32845260	32845468	175	10	94.59	CG
4	32845260	32845468	11	574	1.88	CHG
4	32845260	32845468	42	1841	2.23	CHH
4	32907649	32907913	756	29	96.31	CG
4	32907649	32907913	930	142	86.75	CHG
4	32907649	32907913	270	2837	8.69	CHH
4	32976630	32976775	2	168	1.18	CG
4	32976630	32976775	4	190	2.06	CHG
4	32976630	32976775	28	1018	2.68	CHH
4	33538001	33538284	251	2	99.21	CG
4	33538001	33538284	260	43	85.81	CHG
4	33538001	33538284	63	797	7.33	CHH
5	22552	22704	225	2	99.12	CG
5	22552	22704	131	22	85.62	CHG
5	22552	22704	58	700	7.65	CHH
5	167915	169390	965	238	80.22	CG
5	167915	169390	259	453	36.38	CHG
5	167915	169390	771	9489	7.51	CHH
5	802197	802307	1	140	0.71	CG
5	802197	802307	5	244	2.01	CHG
5	802197	802307	23	1476	1.53	CHH
5	1555477	1555743	214	8	96.40	CG
5	1555477	1555743	11	679	1.59	CHG
5	1555477	1555743	79	2511	3.05	CHH
5	1623822	1624065	1146	17	98.54	CG
5	1623822	1624065	521	168	75.62	CHG
5	1623822	1624065	126	667	15.89	CHH
5	1649481	1650024	1762	75	95.92	CG
5	1649481	1650024	824	543	60.28	CHG
5	1649481	1650024	467	4497	9.41	CHH
5	2535968	2537410	263	5107	4.90	CG
5	2535968	2537410	136	3773	3.48	CHG
5	2535968	2537410	374	11748	3.09	CHH
5	3201536	3202094	87	288	23.20	CG
5	3201536	3202094	174	563	23.61	CHG
5	3201536	3202094	888	3449	20.47	CHH
5	3642042	3642277	678	22	96.86	CG
5	3642042	3642277	122	129	48.61	CHG
5	3642042	3642277	95	1219	7.23	CHH
5	4042346	4043559	1102	29	97.44	CG
5	4042346	4043559	770	215	78.17	CHG
5	4042346	4043559	215	3137	6.41	CHH
5	5042999	5043643	94	0	100.00	CG
5	5042999	5043643	50	11	81.97	CHG
5	5042999	5043643	44	744	5.58	CHH
5	6697788	6698020	237	6	97.53	CG
5	6697788	6698020	26	381	6.39	CHG
5	6697788	6698020	59	1877	3.05	CHH
5	8888812	8888977	158	3	98.14	CG
5	8888812	8888977	464	59	88.72	CHG
5	8888812	8888977	133	1299	9.29	CHH
5	9364313	9364413	512	15	97.15	CG
5	9364313	9364413	310	84	78.68	CHG
5	9364313	9364413	109	625	14.85	CHH
5	12549332	12549415	5	0	100.00	CG
5	12549332	12549415	2	0	100.00	CHG
5	12549332	12549415	0	4	0.00	CHH
5	12809268	12809477	663	30	95.67	CG
5	12809268	12809477	221	125	63.87	CHG
5	12809268	12809477	103	656	13.57	CHH
5	13857407	13857542	883	20	97.79	CG
5	13857407	13857542	234	81	74.29	CHG
5	13857407	13857542	113	995	10.20	CHH
5	14246535	14246708	0	139	0.00	CG
5	14246535	14246708	2	73	2.67	CHG
5	14246535	14246708	56	2187	2.50	CHH
5	15249273	15249609	741	18	97.63	CG
5	15249273	15249609	449	149	75.08	CHG
5	15249273	15249609	212	2645	7.42	CHH
5	15263881	15264136	1709	43	97.55	CG
5	15263881	15264136	864	248	77.70	CHG
5	15263881	15264136	316	1718	15.54	CHH
5	15295856	15296058	692	17	97.60	CG
5	15295856	15296058	275	103	72.75	CHG
5	15295856	15296058	56	985	5.38	CHH
5	15380224	15380482	80	4	95.24	CG
5	15380224	15380482	112	6	94.92	CHG
5	15380224	15380482	20	200	9.09	CHH
5	16141049	16142222	2263	72	96.92	CG
5	16141049	16142222	1578	259	85.90	CHG
5	16141049	16142222	968	8738	9.97	CHH
5	16604726	16607053	3067	221	93.28	CG
5	16604726	16607053	1794	973	64.84	CHG
5	16604726	16607053	1916	16455	10.43	CHH
5	16695358	16697204	1432	1362	51.25	CG
5	16695358	16697204	1510	1182	56.09	CHG
5	16695358	16697204	1246	10424	10.68	CHH
5	17145149	17145240	3	54	5.26	CG
5	17145149	17145240	30	618	4.63	CHH
5	17275880	17277194	1029	1005	50.59	CG
5	17275880	17277194	184	2337	7.30	CHG
5	17275880	17277194	642	10039	6.01	CHH
5	18555974	18556911	1692	280	85.80	CG
5	18555974	18556911	680	667	50.48	CHG
5	18555974	18556911	535	8827	5.71	CHH
5	18614365	18615227	2252	55	97.62	CG
5	18614365	18615227	1012	373	73.07	CHG
5	18614365	18615227	1182	5253	18.37	CHH
5	19082868	19087589	2352	3653	39.17	CG
5	19082868	19087589	507	9438	5.10	CHG
5	19082868	19087589	1897	35782	5.03	CHH
5	19475239	19475452	3	360	0.83	CG
5	19475239	19475452	12	537	2.19	CHG
5	19475239	19475452	58	1714	3.27	CHH
5	19550564	19550779	37	98	27.41	CHG
5	19550564	19550779	193	1865	9.38	CHH
5	19686229	19688559	1697	3695	31.47	CG
5	19686229	19688559	1066	2685	28.42	CHG
5	19686229	19688559	1662	17740	8.57	CHH
5	20197683	20197907	36	1226	2.85	CG
5	20197683	20197907	37	714	4.93	CHG
5	20197683	20197907	32	1277	2.44	CHH
5	20639725	20640817	1133	90	92.64	CG
5	20639725	20640817	237	2586	8.40	CHG
5	20639725	20640817	324	9461	3.31	CHH
5	21196473	21196736	192	5	97.46	CG
5	21196473	21196736	271	11	96.10	CHG
5	21196473	21196736	354	2214	13.79	CHH
5	21222554	21222810	117	60	66.10	CHG
5	21222554	21222810	83	1706	4.64	CHH
5	21231311	21231463	12	530	2.21	CG
5	21231311	21231463	19	437	4.17	CHG
5	21231311	21231463	26	855	2.95	CHH
5	21771662	21772418	916	268	77.36	CG
5	21771662	21772418	779	513	60.29	CHG
5	21771662	21772418	411	4284	8.75	CHH
5	22632027	22632224	11	775	1.40	CG
5	22632027	22632224	18	675	2.60	CHG
5	22632027	22632224	44	1239	3.43	CHH
5	23446330	23446424	12	0	100.00	CG
5	23446330	23446424	18	76	19.15	CHH
5	23498602	23498699	110	5	95.65	CG
5	23498602	23498699	51	6	89.47	CHG
5	23498602	23498699	737	299	71.14	CHH
5	23589096	23589233	3	258	1.15	CHG
5	23589096	23589233	32	1368	2.29	CHH
5	23597717	23597952	2	116	1.69	CG
5	23597717	23597952	8	248	3.12	CHG
5	23597717	23597952	85	1797	4.52	CHH
5	23799970	23800819	89	3082	2.81	CG
5	23799970	23800819	107	2661	3.87	CHG
5	23799970	23800819	184	6999	2.56	CHH
5	24767463	24767619	10	821	1.20	CG
5	24767463	24767619	9	267	3.26	CHG
5	24767463	24767619	23	1148	1.96	CHH
5	24958493	24960927	1296	1711	43.10	CG
5	24958493	24960927	278	4734	5.55	CHG
5	24958493	24960927	869	22305	3.75	CHH
5	25117789	25118255	75	2421	3.00	CG
5	25117789	25118255	49	1128	4.16	CHG
5	25117789	25118255	76	2765	2.68	CHH
5	25683760	25686062	1204	7500	13.83	CG
5	25683760	25686062	881	5818	13.15	CHG
5	25683760	25686062	2029	11996	14.47	CHH
5	25916431	25917101	949	32	96.74	CG
5	25916431	25917101	582	295	66.36	CHG
5	25916431	25917101	1364	4353	23.86	CHH
5	26920490	26922938	55	3282	1.65	CG
5	26920490	26922938	201	6639	2.94	CHG
5	26920490	26922938	673	19308	3.37	CHH
5	27294148	27294484	17	875	1.91	CG
5	27294148	27294484	26	624	4.00	CHG
5	27294148	27294484	87	2200	3.80	CHH
5	27692643	27692794	4	471	0.84	CG
5	27692643	27692794	3	506	0.59	CHG
5	27692643	27692794	29	1120	2.52	CHH
5	28353397	28355104	1733	272	86.43	CG
5	28353397	28355104	190	3065	5.84	CHG
5	28353397	28355104	424	13750	2.99	CHH
5	28438764	28438936	292	12	96.05	CG
5	28438764	28438936	370	36	91.13	CHG
5	28438764	28438936	161	1165	12.14	CHH
5	29278792	29278999	132	8	94.29	CG
5	29278792	29278999	91	7	92.86	CHG
5	29278792	29278999	47	557	7.78	CHH
5	29368004	29368261	187	4	97.91	CG
5	29368004	29368261	413	35	92.19	CHG
5	29368004	29368261	274	2379	10.33	CHH
5	29393677	29395023	656	18	97.33	CG
5	29393677	29395023	593	74	88.91	CHG
5	29393677	29395023	161	1541	9.46	CHH
5	29485227	29485510	248	274	47.51	CG
5	29485227	29485510	96	441	17.88	CHG
5	29485227	29485510	150	1928	7.22	CHH
6	247291	247913	42	1663	2.46	CG
6	247291	247913	43	1298	3.21	CHG
6	247291	247913	119	4377	2.65	CHH
6	368015	368245	2	384	0.52	CG
6	368015	368245	17	467	3.51	CHG
6	368015	368245	44	1627	2.63	CHH
6	521167	522087	218	1290	14.46	CG
6	521167	522087	113	1163	8.86	CHG
6	521167	522087	792	6503	10.86	CHH
6	813527	813697	126	1	99.21	CG
6	813527	813697	11	342	3.12	CHG
6	813527	813697	69	1912	3.48	CHH
6	958185	960061	2896	1283	69.30	CG
6	958185	960061	1201	1152	51.04	CHG
6	958185	960061	1498	10446	12.54	CHH
6	1267865	1268035	1017	16	98.45	CG
6	1267865	1268035	515	154	76.98	CHG
6	1267865	1268035	86	1261	6.38	CHH
6	2300838	2300945	0	206	0.00	CG
6	2300838	2300945	19	346	5.21	CHG
6	2300838	2300945	31	1061	2.84	CHH
6	3639180	3639309	2	286	0.69	CG
6	3639180	3639309	3	360	0.83	CHG
6	3639180	3639309	32	1261	2.47	CHH
6	3944739	3945664	325	599	35.17	CG
6	3944739	3945664	406	774	34.41	CHG
6	3944739	3945664	713	7106	9.12	CHH
6	4300749	4300941	414	10	97.64	CG
6	4300749	4300941	161	165	49.39	CHG
6	4300749	4300941	185	1666	9.99	CHH
6	4553472	4553595	469	3	99.36	CG
6	4553472	4553595	109	57	65.66	CHG
6	4553472	4553595	84	469	15.19	CHH
6	4806070	4806315	68	986	6.45	CG
6	4806070	4806315	34	514	6.20	CHG
6	4806070	4806315	68	1924	3.41	CHH
6	5243918	5246329	1806	1924	48.42	CG
6	5243918	5246329	304	6172	4.69	CHG
6	5243918	5246329	660	18658	3.42	CHH
6	5335954	5337126	657	1010	39.41	CG
6	5335954	5337126	390	972	28.63	CHG
6	5335954	5337126	1276	5167	19.80	CHH
6	6556692	6557000	7	1193	0.58	CG
6	6556692	6557000	21	633	3.21	CHG
6	6556692	6557000	70	2105	3.22	CHH
6	7262284	7262394	15	237	5.95	CHG
6	7262284	7262394	35	964	3.50	CHH
6	7296360	7297580	628	14	97.82	CG
6	7296360	7297580	453	106	81.04	CHG
6	7296360	7297580	162	1877	7.95	CHH
6	7450229	7452500	3060	460	86.93	CG
6	7450229	7452500	2245	945	70.38	CHG
6	7450229	7452500	2324	14950	13.45	CHH
6	8010667	8010997	964	21	97.87	CG
6	8010667	8010997	607	233	72.26	CHG
6	8010667	8010997	214	2387	8.23	CHH
6	8383109	8385458	1506	7860	16.08	CG
6	8383109	8385458	754	3951	16.03	CHG
6	8383109	8385458	890	15639	5.38	CHH
6	8415805	8416695	1612	61	96.35	CG
6	8415805	8416695	1272	519	71.02	CHG
6	8415805	8416695	648	7159	8.30	CHH
6	8434419	8434622	411	3	99.28	CG
6	8434419	8434622	464	100	82.27	CHG
6	8434419	8434622	287	829	25.72	CHH
6	9748876	9749062	455	213	68.11	CG
6	9748876	9749062	13	238	5.18	CHG
6	9748876	9749062	105	1637	6.03	CHH
6	9753551	9753693	59	1	98.33	CG
6	9753551	9753693	75	11	87.21	CHG
6	9753551	9753693	51	279	15.45	CHH
6	10075237	10075575	632	10	98.44	CG
6	10075237	10075575	991	139	87.70	CHG
6	10075237	10075575	324	2634	10.95	CHH
6	10093461	10093858	566	9	98.43	CG
6	10093461	10093858	280	219	56.11	CHG
6	10093461	10093858	187	2892	6.07	CHH
6	10113029	10113177	181	0	100.00	CG
6	10113029	10113177	87	36	70.73	CHG
6	10113029	10113177	265	723	26.82	CHH
6	10217891	10218933	1572	24	98.50	CG
6	10217891	10218933	1806	258	87.50	CHG
6	10217891	10218933	530	6899	7.13	CHH
6	11173234	11173456	63	75	45.65	CG
6	11173234	11173456	802	838	48.90	CHH
6	11608473	11613132	7083	1255	84.95	CG
6	11608473	11613132	4775	3254	59.47	CHG
6	11608473	11613132	3597	25865	12.21	CHH
6	11851633	11851862	182	4	97.85	CG
6	11851633	11851862	434	107	80.22	CHG
6	11851633	11851862	99	1936	4.86	CHH
6	14122214	14122520	524	10	98.13	CG
6	14122214	14122520	565	102	84.71	CHG
6	14122214	14122520	435	1622	21.15	CHH
6	14227883	14228030	258	6	97.73	CG
6	14227883	14228030	145	55	72.50	CHG
6	14227883	14228030	110	1131	8.86	CHH
6	14470606	14472078	2687	90	96.76	CG
6	14470606	14472078	2752	352	88.66	CHG
6	14470606	14472078	1410	9447	12.99	CHH
6	14807254	14809068	2620	661	79.85	CG
6	14807254	14809068	2283	1308	63.58	CHG
6	14807254	14809068	2526	12459	16.86	CHH
6	14821713	14821802	99	1	99.00	CG
6	14821713	14821802	216	7	96.86	CHG
6	14821713	14821802	45	548	7.59	CHH
6	14830897	14831902	1178	29	97.60	CG
6	14830897	14831902	1718	233	88.06	CHG
6	14830897	14831902	485	7123	6.37	CHH
6	14905971	14906794	1663	44	97.42	CG
6	14905971	14906794	1580	176	89.98	CHG
6	14905971	14906794	520	4948	9.51	CHH
6	15103747	15105627	2489	72	97.19	CG
6	15103747	15105627	1993	422	82.53	CHG
6	15103747	15105627	1088	16462	6.20	CHH
6	15441362	15441506	5175	260	95.22	CG
6	15441362	15441506	508	355	58.86	CHG
6	15441362	15441506	776	6481	10.69	CHH
6	15563454	15563591	96	5	95.05	CG
6	15563454	15563591	137	33	80.59	CHG
6	15563454	15563591	42	721	5.50	CHH
6	16686020	16686529	1085	23	97.92	CG
6	16686020	16686529	443	162	73.22	CHG
6	16686020	16686529	169	3374	4.77	CHH
6	17158669	17158861	320	67	82.69	CG
6	17158669	17158861	10	269	3.58	CHG
6	17158669	17158861	149	1381	9.74	CHH
6	17199198	17199462	174	16	91.58	CG
6	17199198	17199462	20	27	42.55	CHG
6	17199198	17199462	181	1228	12.85	CHH
6	17345586	17347256	4733	108	97.77	CG
6	17345586	17347256	2650	598	81.59	CHG
6	17345586	17347256	1536	12073	11.29	CHH
6	17660877	17661057	301	10	96.78	CG
6	17660877	17661057	379	80	82.57	CHG
6	17660877	17661057	66	1238	5.06	CHH
6	18643334	18643833	356	81	81.46	CG
6	18643334	18643833	137	147	48.24	CHG
6	18643334	18643833	31	288	9.72	CHH
6	18777954	18779043	1609	63	96.23	CG
6	18777954	18779043	941	251	78.94	CHG
6	18777954	18779043	616	9474	6.11	CHH
6	18810122	18813496	5691	840	87.14	CG
6	18810122	18813496	2474	3093	44.44	CHG
6	18810122	18813496	1563	23799	6.16	CHH
6	19312818	19314797	3234	2044	61.27	CG
6	19312818	19314797	1436	2051	41.18	CHG
6	19312818	19314797	2274	14776	13.34	CHH
6	20357482	20357681	412	16	96.26	CG
6	20357482	20357681	161	107	60.07	CHG
6	20357482	20357681	92	1567	5.55	CHH
6	20439044	20439654	12	793	1.49	CG
6	20439044	20439654	68	1733	3.78	CHG
6	20439044	20439654	136	4951	2.67	CHH
6	21127919	21128043	377	3	99.21	CG
6	21127919	21128043	8	16	33.33	CHG
6	21127919	21128043	93	842	9.95	CHH
6	21587628	21587841	238	6	97.54	CG
6	21587628	21587841	157	23	87.22	CHG
6	21587628	21587841	308	1531	16.75	CHH
6	22156671	22156886	15	619	2.37	CG
6	22156671	22156886	13	425	2.97	CHG
6	22156671	22156886	78	1951	3.84	CHH
6	22194216	22196915	3106	971	76.18	CG
6	22194216	22196915	1432	3450	29.33	CHG
6	22194216	22196915	1199	23040	4.95	CHH
6	22609287	22612484	4175	2811	59.76	CG
6	22609287	22612484	2436	3156	43.56	CHG
6	22609287	22612484	5390	18290	22.76	CHH
6	22611980	22612934	385	563	40.61	CG
6	22611980	22612934	390	377	50.85	CHG
6	22611980	22612934	1526	2274	40.16	CHH
6	23257492	23257741	1426	31	97.87	CG
6	23257492	23257741	570	146	79.61	CHG
6	23257492	23257741	247	1119	18.08	CHH
6	23764410	23764702	64	0	100.00	CG
6	23764410	23764702	28	11	71.79	CHG
6	23764410	23764702	144	3376	4.09	CHH
6	23867262	23869017	402	6432	5.88	CG
6	23867262	23869017	623	3418	15.42	CHG
6	23867262	23869017	1348	11661	10.36	CHH
6	24469529	24469704	138	5	96.50	CG
6	24469529	24469704	464	22	95.47	CHG
6	24469529	24469704	161	1557	9.37	CHH
6	26027042	26027922	837	66	92.69	CG
6	26027042	26027922	215	554	27.96	CHG
6	26027042	26027922	342	6483	5.01	CHH
6	27428621	27432072	1969	4831	28.96	CG
6	27428621	27432072	706	7587	8.51	CHG
6	27428621	27432072	1597	25312	5.93	CHH
6	27581080	27581338	748	22	97.14	CG
6	27581080	27581338	449	97	82.23	CHG
6	27581080	27581338	392	1733	18.45	CHH
6	27924772	27924989	156	7	95.71	CG
6	27924772	27924989	16	592	2.63	CHG
6	27924772	27924989	43	1272	3.27	CHH
6	28789509	28791244	538	1100	32.84	CG
6	28789509	28791244	232	3489	6.23	CHG
6	28789509	28791244	662	14007	4.51	CHH
6	28955148	28955268	7	207	3.27	CHG
6	28955148	28955268	42	897	4.47	CHH
6	29172271	29175087	1281	744	63.26	CG
6	29172271	29175087	186	7561	2.40	CHG
6	29172271	29175087	867	27977	3.01	CHH
6	30516258	30516520	147	313	31.96	CG
6	30516258	30516520	38	175	17.84	CHG
6	30516258	30516520	405	1425	22.13	CHH
6	31188015	31188697	214	68	75.89	CG
6	31188015	31188697	24	1654	1.43	CHG
6	31188015	31188697	154	6805	2.21	CHH
6	31222643	31224540	2175	37	98.33	CG
6	31222643	31224540	170	3770	4.31	CHG
6	31222643	31224540	771	15466	4.75	CHH
7	411438	411715	383	12	96.96	CG
7	411438	411715	251	329	43.28	CHG
7	411438	411715	241	1695	12.45	CHH
7	993029	993215	6	252	2.33	CG
7	993029	993215	26	405	6.03	CHG
7	993029	993215	38	1645	2.26	CHH
7	1846760	1848970	1811	419	81.21	CG
7	1846760	1848970	145	4625	3.04	CHG
7	1846760	1848970	674	18657	3.49	CHH
7	2224488	2225213	67	2159	3.01	CG
7	2224488	2225213	55	1595	3.33	CHG
7	2224488	2225213	121	5566	2.13	CHH
7	2447769	2451203	2589	8222	23.95	CG
7	2447769	2451203	1095	7313	13.02	CHG
7	2447769	2451203	3083	25023	10.97	CHH
7	2483423	2483554	357	89	80.04	CG
7	2483423	2483554	89	45	66.42	CHG
7	2483423	2483554	289	490	37.10	CHH
7	2618288	2618484	114	7	94.21	CG
7	2618288	2618484	4	48	7.69	CHG
7	2618288	2618484	39	1273	2.97	CHH
7	2946799	2949545	1212	5546	17.93	CG
7	2946799	2949545	186	7165	2.53	CHG
7	2946799	2949545	669	22458	2.89	CHH
7	3992526	3992733	173	9	95.05	CG
7	3992526	3992733	15	630	2.33	CHG
7	3992526	3992733	55	1990	2.69	CHH
7	4299561	4299774	163	208	43.94	CG
7	4299561	4299774	18	213	7.79	CHG
7	4299561	4299774	48	1298	3.57	CHH
7	4594741	4595750	279	1850	13.10	CG
7	4594741	4595750	94	2489	3.64	CHG
7	4594741	4595750	456	11057	3.96	CHH
7	4802020	4804153	178	2717	6.15	CG
7	4802020	4804153	220	2032	9.77	CHG
7	4802020	4804153	931	16626	5.30	CHH
7	5473306	5473520	89	1	98.89	CG
7	5473306	5473520	89	5	94.68	CHG
7	5473306	5473520	83	1315	5.94	CHH
7	6327476	6328339	1621	42	97.47	CG
7	6327476	6328339	1141	198	85.21	CHG
7	6327476	6328339	454	4620	8.95	CHH
7	6575263	6575711	4	169	2.31	CG
7	6575263	6575711	8	50	13.79	CHG
7	6575263	6575711	116	3255	3.44	CHH
7	6605103	6605624	1780	43	97.64	CG
7	6605103	6605624	536	631	45.93	CHG
7	6605103	6605624	212	3161	6.29	CHH
7	6829453	6829599	18	180	9.09	CHG
7	6829453	6829599	48	1129	4.08	CHH
7	6919655	6920441	1418	252	84.91	CG
7	6919655	6920441	1019	948	51.80	CHG
7	6919655	6920441	348	5830	5.63	CHH
7	7348687	7348951	73	1	98.65	CG
7	7348687	7348951	6	339	1.74	CHG
7	7348687	7348951	57	2466	2.26	CHH
7	7538627	7540224	1367	663	67.34	CG
7	7538627	7540224	502	1145	30.48	CHG
7	7538627	7540224	1069	10944	8.90	CHH
7	7676619	7677136	553	9	98.40	CG
7	7676619	7677136	520	93	84.83	CHG
7	7676619	7677136	308	3483	8.12	CHH
7	7868604	7868899	1003	8	99.21	CG
7	7868604	7868899	629	161	79.62	CHG
7	7868604	7868899	161	1987	7.50	CHH
7	7896981	7897138	40	0	100.00	CG
7	7896981	7897138	355	27	92.93	CHG
7	7896981	7897138	78	1168	6.26	CHH
7	7950410	7951127	180	2664	6.33	CG
7	7950410	7951127	98	1653	5.60	CHG
7	7950410	7951127	519	4373	10.61	CHH
7	8994834	8994985	300	18	94.34	CG
7	8994834	8994985	29	391	6.90	CHG
7	8994834	8994985	18	952	1.86	CHH
7	9688947	9691039	1385	4017	25.64	CG
7	9688947	9691039	1537	2153	41.65	CHG
7	9688947	9691039	815	11517	6.61	CHH
7	10365529	10365796	721	23	96.91	CG
7	10365529	10365796	141	12	92.16	CHG
7	10365529	10365796	120	1510	7.36	CHH
7	10449611	10449795	249	2	99.20	CG
7	10449611	10449795	237	34	87.45	CHG
7	10449611	10449795	103	1718	5.66	CHH
7	10549868	10550083	211	7	96.79	CG
7	10549868	10550083	163	85	65.73	CHG
7	10549868	10550083	108	1540	6.55	CHH
7	10635123	10635434	415	266	60.94	CG
7	10635123	10635434	505	162	75.71	CHG
7	10635123	10635434	1314	1415	48.15	CHH
7	10877526	10878054	2661	59	97.83	CG
7	10877526	10878054	769	287	72.82	CHG
7	10877526	10878054	362	2456	12.85	CHH
7	11466967	11467449	1140	20	98.28	CG
7	11466967	11467449	677	134	83.48	CHG
7	11466967	11467449	245	3194	7.12	CHH
7	11601703	11602144	305	7	97.76	CG
7	11601703	11602144	310	58	84.24	CHG
7	11601703	11602144	291	3639	7.40	CHH
7	11983577	11984979	950	78	92.41	CG
7	11983577	11984979	780	564	58.04	CHG
7	11983577	11984979	497	9915	4.77	CHH
7	12411232	12411465	208	8	96.30	CG
7	12411232	12411465	112	65	63.28	CHG
7	12411232	12411465	22	235	8.56	CHH
7	12792717	12792888	109	4	96.46	CG
7	12792717	12792888	149	38	79.68	CHG
7	12792717	12792888	154	1047	12.82	CHH
7	12807464	12807960	554	14	97.54	CG
7	12807464	12807960	715	339	67.84	CHG
7	12807464	12807960	376	4836	7.21	CHH
7	13460211	13460326	414	12	97.18	CG
7	13460211	13460326	69	73	48.59	CHG
7	13460211	13460326	80	302	20.94	CHH
7	15065372	15067232	2984	61	98.00	CG
7	15065372	15067232	2926	582	83.41	CHG
7	15065372	15067232	1166	17555	6.23	CHH
7	15194897	15195154	7	103	6.36	CG
7	15194897	15195154	2	140	1.41	CHG
7	15194897	15195154	52	2277	2.23	CHH
7	15838174	15840597	1987	2231	47.11	CG
7	15838174	15840597	705	2316	23.34	CHG
7	15838174	15840597	2407	15555	13.40	CHH
7	16417756	16417995	181	8	95.77	CG
7	16417756	16417995	90	28	76.27	CHG
7	16417756	16417995	195	2160	8.28	CHH
7	17006268	17006989	3137	70	97.82	CG
7	17006268	17006989	1097	278	79.78	CHG
7	17006268	17006989	708	5229	11.93	CHH
7	17339592	17339751	5	133	3.62	CG
7	17339592	17339751	4	406	0.98	CHG
7	17339592	17339751	34	1479	2.25	CHH
7	17913342	17913726	1148	26	97.79	CG
7	17913342	17913726	727	135	84.34	CHG
7	17913342	17913726	575	3410	14.43	CHH
7	18987148	18987233	10	74	11.90	CG
7	18987148	18987233	3	37	7.50	CHG
7	18987148	18987233	22	668	3.19	CHH
7	19215021	19215291	1478	23	98.47	CG
7	19215021	19215291	874	164	84.20	CHG
7	19215021	19215291	503	1841	21.46	CHH
7	19560035	19560566	1087	24	97.84	CG
7	19560035	19560566	783	133	85.48	CHG
7	19560035	19560566	817	1947	29.56	CHH
