1	2522874	2523845	2922	50	98.32	CG
1	2522874	2523845	1185	456	72.21	CHG
1	2522874	2523845	1928	6567	22.70	CHH
1	2555530	2559489	10540	229	97.87	CG
1	2555530	2559489	7583	1258	85.77	CHG
1	2555530	2559489	11528	20398	36.11	CHH
1	9039676	9042883	3597	102	97.24	CG
1	9039676	9042883	3441	280	92.48	CHG
1	9039676	9042883	15433	12047	56.16	CHH
1	9436233	9436871	718	754	48.78	CG
1	9436233	9436871	576	871	39.81	CHG
1	9436233	9436871	974	1919	33.67	CHH
1	9436980	9439656	5878	122	97.97	CG
1	9436980	9439656	4084	611	86.99	CHG
1	9436980	9439656	8251	11585	41.60	CHH
1	10925172	10926364	1956	88	95.69	CG
1	10925172	10926364	1949	496	79.71	CHG
1	10925172	10926364	4010	5247	43.32	CHH
1	11189866	11190945	961	109	89.81	CG
1	11189866	11190945	1472	393	78.93	CHG
1	11189866	11190945	4125	4531	47.65	CHH
1	11197263	11198365	2208	55	97.57	CG
1	11197263	11198365	2174	254	89.54	CHG
1	11197263	11198365	4244	5717	42.61	CHH
1	11198486	11199929	4049	96	97.68	CG
1	11198486	11199929	2965	504	85.47	CHG
1	11198486	11199929	3632	10121	26.41	CHH
1	11360960	11365572	4598	6968	39.75	CG
1	11360960	11365572	3581	4884	42.30	CHG
1	11360960	11365572	12254	21671	36.12	CHH
1	11470807	11475439	5171	168	96.85	CG
1	11470807	11475439	6045	1068	84.99	CHG
1	11470807	11475439	12185	23040	34.59	CHH
1	12142608	12144844	3359	969	77.61	CG
1	12142608	12144844	2477	2060	54.60	CHG
1	12142608	12144844	3687	14266	20.54	CHH
1	14333116	14335930	5235	999	83.97	CG
1	14333116	14335930	2929	1157	71.68	CHG
1	14333116	14335930	9264	11940	43.69	CHH
1	14336094	14337863	2275	83	96.48	CG
1	14336094	14337863	2207	292	88.32	CHG
1	14336094	14337863	6786	6208	52.22	CHH
1	14337928	14339960	3717	382	90.68	CG
1	14337928	14339960	1793	591	75.21	CHG
1	14337928	14339960	6181	9461	39.52	CHH
1	14959930	14960645	1640	279	85.46	CG
1	14959930	14960645	631	591	51.64	CHG
1	14959930	14960645	1698	4726	26.43	CHH
1	14961862	14963386	2072	1142	64.47	CG
1	14961862	14963386	1755	1399	55.64	CHG
1	14961862	14963386	3573	8454	29.71	CHH
1	20810206	20811074	706	432	62.04	CG
1	20810206	20811074	834	525	61.37	CHG
1	20810206	20811074	2013	3888	34.11	CHH
1	20811098	20811489	134	210	38.95	CG
1	20811098	20811489	217	247	46.77	CHG
1	20811098	20811489	961	1982	32.65	CHH
1	25253636	25254054	438	459	48.83	CG
1	25253636	25254054	373	319	53.90	CHG
1	25253636	25254054	1381	2599	34.70	CHH
1	25311949	25313299	2589	563	82.14	CG
1	25311949	25313299	1256	562	69.09	CHG
1	25311949	25313299	3048	7359	29.29	CHH
1	28200381	28203326	3220	73	97.78	CG
1	28200381	28203326	2577	421	85.96	CHG
1	28200381	28203326	10731	12319	46.56	CHH
1	28203588	28206337	2281	77	96.73	CG
1	28203588	28206337	2928	829	77.93	CHG
1	28203588	28206337	5609	17142	24.65	CHH
1	28212221	28215906	5178	123	97.68	CG
1	28212221	28215906	3340	534	86.22	CHG
1	28212221	28215906	9852	23537	29.51	CHH
1	29053362	29056648	2930	2880	50.43	CG
1	29053362	29056648	2884	3773	43.32	CHG
1	29053362	29056648	6249	18637	25.11	CHH
1	30809134	30810708	1676	328	83.63	CG
1	30809134	30810708	814	371	68.69	CHG
1	30809134	30810708	4560	8176	35.80	CHH
1	30810807	30811279	457	70	86.72	CG
1	30810807	30811279	237	248	48.87	CHG
1	30810807	30811279	926	2514	26.92	CHH
1	39322772	39323918	1573	163	90.61	CG
1	39322772	39323918	739	340	68.49	CHG
1	39322772	39323918	3377	8080	29.48	CHH
2	5902991	5906606	3883	193	95.26	CG
2	5902991	5906606	5708	1519	78.98	CHG
2	5902991	5906606	14771	15377	48.99	CHH
2	6795753	6796945	663	902	42.36	CG
2	6795753	6796945	1654	912	64.46	CHG
2	6795753	6796945	3823	3946	49.21	CHH
2	6797357	6798332	1217	207	85.46	CG
2	6797357	6798332	968	478	66.94	CHG
2	6797357	6798332	3509	4745	42.51	CHH
2	7605632	7607483	1404	34	97.64	CG
2	7605632	7607483	1168	342	77.35	CHG
2	7605632	7607483	4872	14897	24.64	CHH
2	7607588	7609075	1619	614	72.50	CG
2	7607588	7609075	837	635	56.86	CHG
2	7607588	7609075	4621	8722	34.63	CHH
2	8343843	8345084	1819	36	98.06	CG
2	8343843	8345084	1402	238	85.49	CHG
2	8343843	8345084	4411	6783	39.41	CHH
2	8345254	8345972	809	33	96.08	CG
2	8345254	8345972	683	263	72.20	CHG
2	8345254	8345972	1416	4343	24.59	CHH
2	13582835	13586359	5074	116	97.76	CG
2	13582835	13586359	5046	787	86.51	CHG
2	13582835	13586359	9162	19134	32.38	CHH
2	19468985	19471775	4714	3068	60.58	CG
2	19468985	19471775	2532	2750	47.94	CHG
2	19468985	19471775	7733	14505	34.77	CHH
2	34952932	34953515	1161	78	93.70	CG
2	34952932	34953515	636	197	76.35	CHG
2	34952932	34953515	1323	4408	23.08	CHH
3	12710232	12710825	990	77	92.78	CG
3	12710232	12710825	482	200	70.67	CHG
3	12710232	12710825	1881	3123	37.59	CHH
3	15612855	15613394	605	16	97.42	CG
3	15612855	15613394	975	191	83.62	CHG
3	15612855	15613394	2444	2215	52.46	CHH
3	16165130	16166316	1445	143	90.99	CG
3	16165130	16166316	1165	605	65.82	CHG
3	16165130	16166316	2560	6742	27.52	CHH
3	16790757	16792301	2730	917	74.86	CG
3	16790757	16792301	1235	1130	52.22	CHG
3	16790757	16792301	3303	9888	25.04	CHH
3	20791633	20793625	1932	447	81.21	CG
3	20791633	20793625	1877	1063	63.84	CHG
3	20791633	20793625	4087	10338	28.33	CHH
3	22406159	22410666	3395	828	80.39	CG
3	22406159	22410666	4885	1257	79.53	CHG
3	22406159	22410666	15241	21025	42.03	CHH
3	24566821	24572140	7861	178	97.79	CG
3	24566821	24572140	7686	1406	84.54	CHG
3	24566821	24572140	14299	31157	31.46	CHH
3	24572855	24573143	408	15	96.45	CG
3	24572855	24573143	337	144	70.06	CHG
3	24572855	24573143	699	1991	25.99	CHH
3	24601239	24602425	2030	52	97.50	CG
3	24601239	24602425	1758	461	79.22	CHG
3	24601239	24602425	2327	7317	24.13	CHH
3	24602550	24603653	1274	35	97.33	CG
3	24602550	24603653	1056	256	80.49	CHG
3	24602550	24603653	2688	7769	25.71	CHH
3	24603786	24605086	2063	56	97.36	CG
3	24603786	24605086	1836	396	82.26	CHG
3	24603786	24605086	4258	6216	40.65	CHH
3	24605202	24605537	362	10	97.31	CG
3	24605202	24605537	169	73	69.83	CHG
3	24605202	24605537	778	2232	25.85	CHH
3	26123604	26125619	3876	156	96.13	CG
3	26123604	26125619	2517	868	74.36	CHG
3	26123604	26125619	4308	14422	23.00	CHH
3	27619055	27619377	262	34	88.51	CG
3	27619055	27619377	244	104	70.11	CHG
3	27619055	27619377	1258	1498	45.65	CHH
3	27619514	27621480	2488	1583	61.12	CG
3	27619514	27621480	1705	1530	52.70	CHG
3	27619514	27621480	5479	8902	38.10	CHH
3	28510857	28511647	1655	39	97.70	CG
3	28510857	28511647	1132	145	88.65	CHG
3	28510857	28511647	2678	5147	34.22	CHH
3	29750151	29753862	5178	105	98.01	CG
3	29750151	29753862	3166	283	91.79	CHG
3	29750151	29753862	14341	15979	47.30	CHH
4	19682492	19683811	1420	49	96.66	CG
4	19682492	19683811	710	287	71.21	CHG
4	19682492	19683811	4400	6014	42.25	CHH
4	20353569	20355893	2751	4497	37.96	CG
4	20353569	20355893	1486	2525	37.05	CHG
4	20353569	20355893	2425	13886	14.87	CHH
4	35050583	35053502	4798	1318	78.45	CG
4	35050583	35053502	2752	1217	69.34	CHG
4	35050583	35053502	11650	13768	45.83	CHH
5	1134973	1135617	733	383	65.68	CG
5	1134973	1135617	637	1211	34.47	CHG
5	1134973	1135617	1072	4071	20.84	CHH
5	1135839	1136509	420	827	33.68	CG
5	1135839	1136509	431	1157	27.14	CHG
5	1135839	1136509	1465	4125	26.21	CHH
5	1681242	1683572	3408	717	82.62	CG
5	1681242	1683572	2962	1179	71.53	CHG
5	1681242	1683572	6938	12566	35.57	CHH
5	4826765	4827938	1046	52	95.26	CG
5	4826765	4827938	1153	260	81.60	CHG
5	4826765	4827938	4287	7709	35.74	CHH
5	4828077	4828939	346	1080	24.26	CG
5	4828077	4828939	638	924	40.85	CHG
5	4828077	4828939	2859	4618	38.24	CHH
5	4829016	4830108	3055	66	97.89	CG
5	4829016	4830108	1146	505	69.41	CHG
5	4829016	4830108	2392	6107	28.14	CHH
5	4830234	4831171	660	834	44.18	CG
5	4830234	4831171	676	585	53.61	CHG
5	4830234	4831171	3631	5020	41.97	CHH
5	10917777	10919484	2553	64	97.55	CG
5	10917777	10919484	2585	751	77.49	CHG
5	10917777	10919484	5757	9549	37.61	CHH
5	10920452	10921894	2133	841	71.72	CG
5	10920452	10921894	1508	1380	52.22	CHG
5	10920452	10921894	3891	8062	32.55	CHH
5	11242593	11245041	2923	61	97.96	CG
5	11242593	11245041	3871	387	90.91	CHG
5	11242593	11245041	8249	14524	36.22	CHH
5	16055530	16057857	2752	633	81.30	CG
5	16055530	16057857	1647	1745	48.56	CHG
5	16055530	16057857	5874	13284	30.66	CHH
5	25352498	25357219	4828	755	86.48	CG
5	25352498	25357219	4866	2042	70.44	CHG
5	25352498	25357219	18268	23212	44.04	CHH
5	26872353	26874199	1644	1165	58.53	CG
5	26872353	26874199	1360	804	62.85	CHG
5	26872353	26874199	6164	9618	39.06	CHH
6	6078050	6080866	4242	110	97.47	CG
6	6078050	6080866	4194	1126	78.83	CHG
6	6078050	6080866	7965	17431	31.36	CHH
6	7380338	7382317	1854	3904	32.20	CG
6	7380338	7382317	1587	3248	32.82	CHG
6	7380338	7382317	3399	11666	22.56	CHH
6	7535832	7537646	1513	589	71.98	CG
6	7535832	7537646	1940	871	69.01	CHG
6	7535832	7537646	6055	9729	38.36	CHH
6	7537740	7538960	2586	62	97.66	CG
6	7537740	7538960	1537	406	79.10	CHG
6	7537740	7538960	3836	7233	34.66	CHH
6	11302246	11304945	3764	329	91.96	CG
6	11302246	11304945	3320	845	79.71	CHG
6	11302246	11304945	10406	13683	43.20	CHH
6	13427986	13432645	6232	193	97.00	CG
6	13427986	13432645	6281	1169	84.31	CHG
6	13427986	13432645	16018	22351	41.75	CHH
6	17321399	17322324	521	256	67.05	CG
6	17321399	17322324	555	711	43.84	CHG
6	17321399	17322324	1981	6711	22.79	CHH
6	18069876	18071348	1542	197	88.67	CG
6	18069876	18071348	847	728	53.78	CHG
6	18069876	18071348	2270	8330	21.42	CHH
6	19711136	19712026	466	1229	27.49	CG
6	19711136	19712026	509	693	42.35	CHG
6	19711136	19712026	2479	4441	35.82	CHH
6	27799534	27800454	394	457	46.30	CG
6	27799534	27800454	407	813	33.36	CHG
6	27799534	27800454	2449	6230	28.22	CHH
6	27801639	27803910	7796	616	92.68	CG
6	27801639	27803910	3169	1591	66.58	CHG
6	27801639	27803910	3258	11415	22.20	CHH
6	27804002	27806413	4150	128	97.01	CG
6	27804002	27806413	3343	1149	74.42	CHG
6	27804002	27806413	6348	13100	32.64	CHH
6	27807200	27809097	1698	1018	62.52	CG
6	27807200	27809097	2353	1823	56.35	CHG
6	27807200	27809097	5609	9961	36.02	CHH
6	28518022	28518632	484	159	75.27	CG
6	28518022	28518632	522	540	49.15	CHG
6	28518022	28518632	1737	4234	29.09	CHH
6	29376932	29380306	6701	202	97.07	CG
6	29376932	29380306	4807	788	85.92	CHG
6	29376932	29380306	13923	15333	47.59	CHH
7	998684	999693	670	437	60.52	CG
7	998684	999693	891	1087	45.05	CHG
7	998684	999693	2505	7051	26.21	CHH
7	4348717	4353078	8258	219	97.42	CG
7	4348717	4353078	5625	1241	81.93	CHG
7	4348717	4353078	13706	20691	39.85	CHH
7	4372878	4376312	2980	188	94.07	CG
7	4372878	4376312	2603	873	74.88	CHG
7	4372878	4376312	11776	15513	43.15	CHH
7	8295268	8297360	1953	54	97.31	CG
7	8295268	8297360	1984	756	72.41	CHG
7	8295268	8297360	6153	11449	34.96	CHH
7	8297456	8298242	778	29	96.41	CG
7	8297456	8298242	717	442	61.86	CHG
7	8297456	8298242	1940	4610	29.62	CHH
7	15712666	15714876	4023	1949	67.36	CG
7	15712666	15714876	1700	1990	46.07	CHG
7	15712666	15714876	4020	11520	25.87	CHH
7	15714975	15716282	1310	462	73.93	CG
7	15714975	15716282	1726	879	66.26	CHG
7	15714975	15716282	4041	6095	39.87	CHH
7	15716649	15718051	1692	1409	54.56	CG
7	15716649	15718051	1158	1145	50.28	CHG
7	15716649	15718051	3344	9257	26.54	CHH
7	15987635	15990381	2329	68	97.16	CG
7	15987635	15990381	2142	985	68.50	CHG
7	15987635	15990381	8322	15680	34.67	CHH
7	20001702	20003835	4626	545	89.46	CG
7	20001702	20003835	2218	1381	61.63	CHG
7	20001702	20003835	3951	13337	22.85	CHH
7	20003935	20004681	1402	552	71.75	CG
7	20003935	20004681	702	949	42.52	CHG
7	20003935	20004681	1621	4318	27.29	CHH
7	22460398	22460784	152	1032	12.84	CG
7	22460398	22460784	109	488	18.26	CHG
7	22460398	22460784	896	2220	28.75	CHH
8	5778017	5780215	2276	687	76.81	CG
8	5778017	5780215	1619	985	62.17	CHG
8	5778017	5780215	6633	8700	43.26	CHH
8	7765923	7767569	1359	59	95.84	CG
8	7765923	7767569	2158	925	70.00	CHG
8	7765923	7767569	3159	9227	25.50	CHH
8	7767694	7769902	1971	59	97.09	CG
8	7767694	7769902	2069	479	81.20	CHG
8	7767694	7769902	5182	12972	28.54	CHH
8	7990731	7992320	2553	593	81.15	CG
8	7990731	7992320	1189	648	64.73	CHG
8	7990731	7992320	3162	8474	27.17	CHH
8	9447347	9448071	751	1197	38.55	CG
8	9447347	9448071	530	968	35.38	CHG
8	9447347	9448071	1642	3978	29.22	CHH
8	10491753	10499575	19786	1109	94.69	CG
8	10491753	10499575	11749	4100	74.13	CHG
8	10491753	10499575	13753	55128	19.97	CHH
8	15455254	15462092	11842	335	97.25	CG
8	15455254	15462092	8079	1538	84.01	CHG
8	15455254	15462092	22618	30278	42.76	CHH
8	16976241	16978812	2024	44	97.87	CG
8	16976241	16978812	3398	714	82.64	CHG
8	16976241	16978812	5564	18336	23.28	CHH
8	20980680	20981047	174	912	16.02	CG
8	20980680	20981047	307	841	26.74	CHG
8	20980680	20981047	622	2032	23.44	CHH
8	21691415	21692643	1429	70	95.33	CG
8	21691415	21692643	1000	275	78.43	CHG
8	21691415	21692643	2625	6201	29.74	CHH
8	21692742	21695254	3364	326	91.17	CG
8	21692742	21695254	3326	944	77.89	CHG
8	21692742	21695254	7854	14493	35.15	CHH
8	27145493	27147151	1114	496	69.19	CG
8	27145493	27147151	642	478	57.32	CHG
8	27145493	27147151	5940	8752	40.43	CHH
9	12621913	12622831	1032	851	54.81	CG
9	12621913	12622831	575	409	58.43	CHG
9	12621913	12622831	2918	4532	39.17	CHH
9	12622904	12623419	517	787	39.65	CG
9	12622904	12623419	383	421	47.64	CHG
9	12622904	12623419	1459	1787	44.95	CHH
9	15228205	15229508	1284	618	67.51	CG
9	15228205	15229508	1013	973	51.01	CHG
9	15228205	15229508	3796	7596	33.32	CHH
9	16723080	16726848	4955	271	94.81	CG
9	16723080	16726848	3441	893	79.40	CHG
9	16723080	16726848	10496	20828	33.51	CHH
10	403342	404217	1172	386	75.22	CG
10	403342	404217	1015	815	55.46	CHG
10	403342	404217	2472	3620	40.58	CHH
10	707135	707747	1311	329	79.94	CG
10	707135	707747	758	1006	42.97	CHG
10	707135	707747	2005	2937	40.57	CHH
10	708160	710157	5421	157	97.19	CG
10	708160	710157	3338	800	80.67	CHG
10	708160	710157	5473	10575	34.10	CHH
10	5928508	5929269	1099	21	98.12	CG
10	5928508	5929269	1146	324	77.96	CHG
10	5928508	5929269	1841	4978	27.00	CHH
10	5929420	5932408	4380	481	90.10	CG
10	5929420	5932408	3719	1952	65.58	CHG
10	5929420	5932408	8746	12165	41.82	CHH
10	5932682	5933500	455	1049	30.25	CG
10	5932682	5933500	409	845	32.62	CHG
10	5932682	5933500	2145	4001	34.90	CHH
10	5933589	5934240	578	798	42.01	CG
10	5933589	5934240	551	770	41.71	CHG
10	5933589	5934240	1370	1911	41.76	CHH
10	15986962	15991252	6380	156	97.61	CG
10	15986962	15991252	4668	1728	72.98	CHG
10	15986962	15991252	12560	23487	34.84	CHH
10	16004291	16005179	700	1721	28.91	CG
10	16004291	16005179	989	1052	48.46	CHG
10	16004291	16005179	2809	3122	47.36	CHH
10	16006405	16007058	491	993	33.09	CG
10	16006405	16007058	729	641	53.21	CHG
10	16006405	16007058	1871	2208	45.87	CHH
10	20777395	20778645	1827	54	97.13	CG
10	20777395	20778645	1652	385	81.10	CHG
10	20777395	20778645	6050	5180	53.87	CHH
11	2541477	2543903	506	1008	33.42	CG
11	2541477	2543903	860	3967	17.82	CHG
11	2541477	2543903	4356	16535	20.85	CHH
11	3230260	3231735	2834	110	96.26	CG
11	3230260	3231735	1780	578	75.49	CHG
11	3230260	3231735	4817	5803	45.36	CHH
11	3231885	3232407	410	380	51.90	CG
11	3231885	3232407	481	287	62.63	CHG
11	3231885	3232407	1438	1605	47.26	CHH
11	7333461	7334651	1674	1450	53.59	CG
11	7333461	7334651	1426	967	59.59	CHG
11	7333461	7334651	2839	5558	33.81	CHH
11	7731058	7734524	2435	205	92.23	CG
11	7731058	7734524	3383	747	81.91	CHG
11	7731058	7734524	12841	16916	43.15	CHH
11	7734625	7735554	724	18	97.57	CG
11	7734625	7735554	401	270	59.76	CHG
11	7734625	7735554	2178	4631	31.99	CHH
11	7740136	7741715	2492	312	88.87	CG
11	7740136	7741715	1902	581	76.60	CHG
11	7740136	7741715	4894	6338	43.57	CHH
11	7741937	7742453	903	385	70.11	CG
11	7741937	7742453	724	563	56.25	CHG
11	7741937	7742453	1739	2202	44.13	CHH
11	16330924	16332019	692	512	57.48	CG
11	16330924	16332019	996	1255	44.25	CHG
11	16330924	16332019	3344	5905	36.16	CHH
11	16332352	16336726	6164	867	87.67	CG
11	16332352	16336726	5620	1783	75.92	CHG
11	16332352	16336726	16777	20609	44.88	CHH
11	19254506	19255920	2861	1013	73.85	CG
11	19254506	19255920	1754	1194	59.50	CHG
11	19254506	19255920	3288	8788	27.23	CHH
11	20707200	20708263	814	202	80.12	CG
11	20707200	20708263	1022	484	67.86	CHG
11	20707200	20708263	2992	4472	40.09	CHH
11	24387298	24390013	2354	350	87.06	CG
11	24387298	24390013	3711	1758	67.86	CHG
11	24387298	24390013	3932	20873	15.85	CHH
11	24390912	24392970	1680	57	96.72	CG
11	24390912	24392970	3406	860	79.84	CHG
11	24390912	24392970	6503	11798	35.53	CHH
11	24393231	24394638	2872	61	97.92	CG
11	24393231	24394638	2075	461	81.82	CHG
11	24393231	24394638	3594	4911	42.26	CHH
11	27017498	27019274	1517	40	97.43	CG
11	27017498	27019274	2323	729	76.11	CHG
11	27017498	27019274	3392	10633	24.19	CHH
12	4729330	4730513	1094	91	92.32	CG
12	4729330	4730513	674	492	57.80	CHG
12	4729330	4730513	3480	8096	30.06	CHH
12	4730781	4736244	5131	148	97.20	CG
12	4730781	4736244	5456	1169	82.35	CHG
12	4730781	4736244	21939	27050	44.78	CHH
12	4736420	4737295	1232	95	92.84	CG
12	4736420	4737295	939	368	71.84	CHG
12	4736420	4737295	3196	3435	48.20	CHH
12	4899872	4901766	3168	59	98.17	CG
12	4899872	4901766	2327	945	71.12	CHG
12	4899872	4901766	4612	11370	28.86	CHH
12	4912416	4913853	3398	75	97.84	CG
12	4912416	4913853	2000	992	66.84	CHG
12	4912416	4913853	3564	7858	31.20	CHH
12	4913948	4915922	1352	52	96.30	CG
12	4913948	4915922	2591	716	78.35	CHG
12	4913948	4915922	5422	12582	30.12	CHH
12	17500154	17503828	2535	1879	57.43	CG
12	17500154	17503828	2026	2368	46.11	CHG
12	17500154	17503828	8827	19706	30.94	CHH
12	17984443	17985623	480	835	36.50	CG
12	17984443	17985623	791	1015	43.80	CHG
12	17984443	17985623	2811	6519	30.13	CHH
12	17985763	17986319	527	127	80.58	CG
12	17985763	17986319	213	116	64.74	CHG
12	17985763	17986319	1489	3188	31.84	CHH
12	18392209	18392790	511	371	57.94	CG
12	18392209	18392790	409	670	37.91	CHG
12	18392209	18392790	980	3683	21.02	CHH
12	18393154	18394277	919	311	74.72	CG
12	18393154	18394277	599	475	55.77	CHG
12	18393154	18394277	3738	5125	42.18	CHH
12	18395685	18396921	537	2028	20.94	CG
12	18395685	18396921	725	2100	25.66	CHG
12	18395685	18396921	2592	7302	26.20	CHH
12	24728410	24730458	3109	1045	74.84	CG
12	24728410	24730458	3462	1591	68.51	CHG
12	24728410	24730458	6757	6470	51.08	CHH
12	24730552	24734596	5673	630	90.00	CG
12	24730552	24734596	4946	1471	77.08	CHG
12	24730552	24734596	9951	14506	40.69	CHH
