1	104478	104599	35	1	97.22	CG
1	104478	104599	38	6	86.36	CHG
1	104478	104599	105	316	24.94	CHH
1	521199	522723	1814	2016	47.36	CG
1	521199	522723	255	3349	7.08	CHG
1	521199	522723	550	14776	3.59	CHH
1	681447	681629	0	2	0.00	CHH
1	718927	719135	3	316	0.94	CG
1	718927	719135	22	476	4.42	CHG
1	718927	719135	115	1913	5.67	CHH
1	1687637	1688991	27	2183	1.22	CG
1	1687637	1688991	130	2645	4.68	CHG
1	1687637	1688991	389	12298	3.07	CHH
1	1781116	1781366	56	1391	3.87	CG
1	1781116	1781366	21	522	3.87	CHG
1	1781116	1781366	42	1293	3.15	CHH
1	2137510	2140455	1195	8845	11.90	CG
1	2137510	2140455	1080	7513	12.57	CHG
1	2137510	2140455	2094	28387	6.87	CHH
1	2172488	2172625	3	216	1.37	CG
1	2172488	2172625	60	1622	3.57	CHH
1	2198640	2199644	3140	121	96.29	CG
1	2198640	2199644	1371	544	71.59	CHG
1	2198640	2199644	488	2519	16.23	CHH
1	2541454	2541598	232	188	55.24	CG
1	2541454	2541598	51	143	26.29	CHG
1	2541454	2541598	184	1230	13.01	CHH
1	2579778	2580676	1844	223	89.21	CG
1	2579778	2580676	99	2496	3.82	CHG
1	2579778	2580676	279	8917	3.03	CHH
1	3016827	3017062	38	1457	2.54	CG
1	3016827	3017062	37	679	5.17	CHG
1	3016827	3017062	67	2044	3.17	CHH
1	4122738	4127182	2482	6651	27.18	CG
1	4122738	4127182	709	11765	5.68	CHG
1	4122738	4127182	4300	40153	9.67	CHH
1	4510347	4510477	68	1	98.55	CG
1	4510347	4510477	19	91	17.27	CHG
1	4510347	4510477	193	1090	15.04	CHH
1	4702022	4702256	221	391	36.11	CG
1	4702022	4702256	35	265	11.67	CHG
1	4702022	4702256	228	1123	16.88	CHH
1	5814441	5815039	3	532	0.56	CG
1	5814441	5815039	21	1167	1.77	CHG
1	5814441	5815039	158	5884	2.62	CHH
1	6934697	6934863	409	5	98.79	CG
1	6934697	6934863	188	24	88.68	CHG
1	6934697	6934863	179	782	18.63	CHH
1	7198017	7199243	1901	46	97.64	CG
1	7198017	7199243	164	2872	5.40	CHG
1	7198017	7199243	379	12506	2.94	CHH
1	7302410	7302594	1	927	0.11	CG
1	7302410	7302594	13	375	3.35	CHG
1	7302410	7302594	55	2001	2.68	CHH
1	7518469	7519081	22	1232	1.75	CG
1	7518469	7519081	53	1275	3.99	CHG
1	7518469	7519081	194	5635	3.33	CHH
1	7690448	7691550	92	3408	2.63	CG
1	7690448	7691550	169	2902	5.50	CHG
1	7690448	7691550	446	10598	4.04	CHH
1	8124136	8124703	2245	58	97.48	CG
1	8124136	8124703	1070	435	71.10	CHG
1	8124136	8124703	595	5285	10.12	CHH
1	8426975	8427236	215	74	74.39	CG
1	8426975	8427236	24	928	2.52	CHG
1	8426975	8427236	56	2482	2.21	CHH
1	8831214	8831605	1001	36	96.53	CG
1	8831214	8831605	628	202	75.66	CHG
1	8831214	8831605	366	4558	7.43	CHH
1	8866192	8866541	996	22	97.84	CG
1	8866192	8866541	457	113	80.18	CHG
1	8866192	8866541	311	1906	14.03	CHH
1	9124022	9124118	124	2	98.41	CG
1	9124022	9124118	320	49	86.72	CHG
1	9124022	9124118	166	452	26.86	CHH
1	9260960	9261224	143	2	98.62	CG
1	9260960	9261224	19	480	3.81	CHG
1	9260960	9261224	113	2564	4.22	CHH
1	9681083	9681232	166	93	64.09	CG
1	9681083	9681232	219	560	28.11	CHH
1	9734291	9734532	1	447	0.22	CG
1	9734291	9734532	9	126	6.67	CHG
1	9734291	9734532	134	2311	5.48	CHH
1	10263106	10263294	13	847	1.51	CG
1	10263106	10263294	10	490	2.00	CHG
1	10263106	10263294	110	1322	7.68	CHH
1	10401973	10403052	201	2274	8.12	CG
1	10401973	10403052	147	1430	9.32	CHG
1	10401973	10403052	451	7605	5.60	CHH
1	10417094	10417664	971	28	97.20	CG
1	10417094	10417664	1384	221	86.23	CHG
1	10417094	10417664	349	5171	6.32	CHH
1	10590568	10590704	2	263	0.75	CG
1	10590568	10590704	6	239	2.45	CHG
1	10590568	10590704	118	675	14.88	CHH
1	10793800	10794970	1309	27	97.98	CG
1	10793800	10794970	316	310	50.48	CHG
1	10793800	10794970	367	2618	12.29	CHH
1	11027002	11027352	384	7	98.21	CG
1	11027002	11027352	27	743	3.51	CHG
1	11027002	11027352	189	3657	4.91	CHH
1	11745247	11745281	4	238	1.65	CG
1	11745247	11745281	0	117	0.00	CHG
1	11745247	11745281	3	196	1.51	CHH
1	11861007	11861467	1121	84	93.03	CG
1	11861007	11861467	535	397	57.40	CHG
1	11861007	11861467	417	3917	9.62	CHH
1	11988203	11988342	10	962	1.03	CG
1	11988203	11988342	24	597	3.86	CHG
1	11988203	11988342	23	960	2.34	CHH
1	12157565	12159139	578	11632	4.73	CG
1	12157565	12159139	311	5988	4.94	CHG
1	12157565	12159139	459	12128	3.65	CHH
1	12279664	12280353	154	3301	4.46	CG
1	12279664	12280353	105	1923	5.18	CHG
1	12279664	12280353	184	5954	3.00	CHH
1	12444629	12444759	268	9	96.75	CG
1	12444629	12444759	236	18	92.91	CHG
1	12444629	12444759	55	1207	4.36	CHH
1	12851686	12853647	464	906	33.87	CG
1	12851686	12853647	262	5490	4.55	CHG
1	12851686	12853647	1070	21240	4.80	CHH
1	12977793	12977914	107	1	99.07	CG
1	12977793	12977914	55	775	6.63	CHH
1	14112270	14112409	25	539	4.43	CHH
1	14747584	14748346	22	1222	1.77	CG
1	14747584	14748346	93	2454	3.65	CHG
1	14747584	14748346	262	7988	3.18	CHH
1	15010958	15011724	3	0	100.00	CG
1	15010958	15011724	2	56	3.45	CHG
1	15010958	15011724	5	207	2.36	CHH
1	15208882	15210074	1364	132	91.18	CG
1	15208882	15210074	514	390	56.86	CHG
1	15208882	15210074	683	8930	7.10	CHH
1	15318812	15319293	1850	40	97.88	CG
1	15318812	15319293	1350	242	84.80	CHG
1	15318812	15319293	390	3492	10.05	CHH
1	15355785	15357554	1368	1923	41.57	CG
1	15355785	15357554	877	2939	22.98	CHG
1	15355785	15357554	1494	14051	9.61	CHH
1	16453284	16453501	2	66	2.94	CG
1	16453284	16453501	18	149	10.78	CHG
1	16453284	16453501	178	1313	11.94	CHH
1	16722902	16723067	348	28	92.55	CG
1	16722902	16723067	44	110	28.57	CHG
1	16722902	16723067	60	1463	3.94	CHH
1	17385639	17385733	3	190	1.55	CHG
1	17385639	17385733	37	657	5.33	CHH
1	17522237	17522624	1536	47	97.03	CG
1	17522237	17522624	1201	223	84.34	CHG
1	17522237	17522624	263	3152	7.70	CHH
1	17762690	17767322	2284	6338	26.49	CG
1	17762690	17767322	2147	6506	24.81	CHG
1	17762690	17767322	8547	35612	19.36	CHH
1	17768299	17768525	0	449	0.00	CG
1	17768299	17768525	8	335	2.33	CHG
1	17768299	17768525	76	1834	3.98	CHH
1	17915233	17918918	3803	2781	57.76	CG
1	17915233	17918918	2197	2934	42.82	CHG
1	17915233	17918918	4774	22516	17.49	CHH
1	18479814	18481021	889	946	48.45	CG
1	18479814	18481021	159	1271	11.12	CHG
1	18479814	18481021	585	10298	5.38	CHH
1	18515221	18516018	747	16	97.90	CG
1	18515221	18516018	480	81	85.56	CHG
1	18515221	18516018	297	1943	13.26	CHH
1	18605306	18605413	67	0	100.00	CG
1	18605306	18605413	2	196	1.01	CHG
1	18605306	18605413	50	1027	4.64	CHH
1	18679398	18679609	232	8	96.67	CG
1	18679398	18679609	358	53	87.10	CHG
1	18679398	18679609	172	2021	7.84	CHH
1	18781271	18781897	32	962	3.22	CG
1	18781271	18781897	66	1391	4.53	CHG
1	18781271	18781897	248	4411	5.32	CHH
1	19418149	19418371	399	3	99.25	CG
1	19418149	19418371	264	95	73.54	CHG
1	19418149	19418371	146	2064	6.61	CHH
1	19588801	19588982	206	7	96.71	CG
1	19588801	19588982	82	22	78.85	CHG
1	19588801	19588982	63	622	9.20	CHH
1	19807993	19809436	3623	135	96.41	CG
1	19807993	19809436	1025	473	68.42	CHG
1	19807993	19809436	709	8995	7.31	CHH
1	20220915	20221138	767	20	97.46	CG
1	20220915	20221138	234	98	70.48	CHG
1	20220915	20221138	101	1614	5.89	CHH
1	20351135	20352592	1562	551	73.92	CG
1	20351135	20352592	113	4566	2.42	CHG
1	20351135	20352592	529	14687	3.48	CHH
1	20353735	20353818	77	2	97.47	CG
1	20353735	20353818	11	300	3.54	CHG
1	20353735	20353818	34	710	4.57	CHH
1	20699332	20703291	4896	5050	49.23	CG
1	20699332	20703291	2269	8038	22.01	CHG
1	20699332	20703291	3516	34185	9.33	CHH
1	20759940	20760412	1211	36	97.11	CG
1	20759940	20760412	1256	137	90.17	CHG
1	20759940	20760412	669	3940	14.52	CHH
1	22217602	22218470	985	1456	40.35	CG
1	22217602	22218470	432	1762	19.69	CHG
1	22217602	22218470	1215	7527	13.90	CHH
1	22349537	22349928	74	1420	4.95	CG
1	22349537	22349928	41	1053	3.75	CHG
1	22349537	22349928	119	2606	4.37	CHH
1	22963853	22963900	7	109	6.03	CHG
1	22963853	22963900	5	277	1.77	CHH
1	23088705	23088935	7	515	1.34	CG
1	23088705	23088935	9	344	2.55	CHG
1	23088705	23088935	44	1743	2.46	CHH
1	23190581	23192012	1003	106	90.44	CG
1	23190581	23192012	225	3153	6.66	CHG
1	23190581	23192012	801	15781	4.83	CHH
1	23334619	23337433	2762	2485	52.64	CG
1	23334619	23337433	606	7019	7.95	CHG
1	23334619	23337433	1413	25879	5.18	CHH
1	23865834	23867004	2501	1035	70.73	CG
1	23865834	23867004	1332	1875	41.53	CHG
1	23865834	23867004	1922	8566	18.33	CHH
1	24056015	24058047	353	4330	7.54	CG
1	24056015	24058047	428	3345	11.34	CHG
1	24056015	24058047	841	16358	4.89	CHH
1	24127473	24127717	269	75	78.20	CG
1	24127473	24127717	13	427	2.95	CHG
1	24127473	24127717	55	2336	2.30	CHH
1	24218590	24218768	60	357	14.39	CG
1	24218590	24218768	45	269	14.33	CHG
1	24218590	24218768	57	1946	2.85	CHH
1	24367289	24368699	1109	2851	28.01	CG
1	24367289	24368699	444	3862	10.31	CHG
1	24367289	24368699	1381	12154	10.20	CHH
1	24540618	24541036	454	14	97.01	CG
1	24540618	24541036	34	935	3.51	CHG
1	24540618	24541036	164	4095	3.85	CHH
1	25075086	25078372	288	12549	2.24	CG
1	25075086	25078372	382	10527	3.50	CHG
1	25075086	25078372	955	29752	3.11	CHH
1	26189136	26189851	237	675	25.99	CG
1	26189136	26189851	90	2635	3.30	CHG
1	26189136	26189851	234	6070	3.71	CHH
1	27455091	27455579	2974	124	96.00	CG
1	27455091	27455579	2301	488	82.50	CHG
1	27455091	27455579	896	6796	11.65	CHH
1	27505658	27505866	12	141	7.84	CG
1	27505658	27505866	19	537	3.42	CHG
1	27505658	27505866	78	1830	4.09	CHH
1	27576543	27577893	3074	63	97.99	CG
1	27576543	27577893	1754	264	86.92	CHG
1	27576543	27577893	1919	13384	12.54	CHH
1	28118813	28118935	35	117	23.03	CG
1	28118813	28118935	11	422	2.54	CHG
1	28118813	28118935	39	1489	2.55	CHH
1	29188109	29189334	100	4719	2.08	CG
1	29188109	29189334	150	2747	5.18	CHG
1	29188109	29189334	1017	9778	9.42	CHH
1	29223726	29224697	463	4078	10.20	CG
1	29223726	29224697	87	1968	4.23	CHG
1	29223726	29224697	1507	6829	18.08	CHH
1	29881105	29881917	1295	177	87.98	CG
1	29881105	29881917	1201	300	80.01	CHG
1	29881105	29881917	385	4971	7.19	CHH
1	29892038	29892362	1	66	1.49	CG
1	29892038	29892362	6	326	1.81	CHG
1	29892038	29892362	178	2924	5.74	CHH
1	30396534	30396644	14	527	2.59	CG
1	30396534	30396644	24	693	3.35	CHG
1	30396534	30396644	29	1069	2.64	CHH
1	30947617	30952229	5583	1945	74.16	CG
1	30947617	30952229	2631	8458	23.73	CHG
1	30947617	30952229	2378	44326	5.09	CHH
1	30988314	30988439	63	3	95.45	CG
1	30988314	30988439	214	117	64.65	CHG
1	30988314	30988439	78	637	10.91	CHH
1	31131639	31132785	702	2426	22.44	CG
1	31131639	31132785	144	3412	4.05	CHG
1	31131639	31132785	335	10101	3.21	CHH
1	32136432	32136605	76	162	31.93	CG
1	32136432	32136605	20	760	2.56	CHG
1	32136432	32136605	116	1868	5.85	CHH
1	33466485	33466748	830	13	98.46	CG
1	33466485	33466748	392	102	79.35	CHG
1	33466485	33466748	391	2183	15.19	CHH
1	34289798	34291348	1780	1289	58.00	CG
1	34289798	34291348	990	2496	28.40	CHG
1	34289798	34291348	2128	13413	13.69	CHH
1	34550341	34550600	1	361	0.28	CG
1	34550341	34550600	13	609	2.09	CHG
1	34550341	34550600	50	2538	1.93	CHH
1	34749495	34752244	3226	371	89.69	CG
1	34749495	34752244	3065	1233	71.31	CHG
1	34749495	34752244	3184	14404	18.10	CHH
1	34928206	34928387	186	2	98.94	CG
1	34928206	34928387	694	63	91.68	CHG
1	34928206	34928387	144	1470	8.92	CHH
1	34990120	34992796	5277	1658	76.09	CG
1	34990120	34992796	2533	2151	54.08	CHG
1	34990120	34992796	4122	18905	17.90	CHH
1	35760612	35760952	309	152	67.03	CG
1	35760612	35760952	19	570	3.23	CHG
1	35760612	35760952	130	3343	3.74	CHH
1	35959231	35959351	0	152	0.00	CG
1	35959231	35959351	3	233	1.27	CHG
1	35959231	35959351	82	1409	5.50	CHH
1	36112505	36112684	367	101	78.42	CG
1	36112505	36112684	114	147	43.68	CHG
1	36112505	36112684	216	1081	16.65	CHH
1	36163384	36164022	229	1137	16.76	CG
1	36163384	36164022	229	1135	16.79	CHG
1	36163384	36164022	602	5901	9.26	CHH
1	36208524	36209666	1344	44	96.83	CG
1	36208524	36209666	1831	357	83.68	CHG
1	36208524	36209666	720	11440	5.92	CHH
1	36479686	36479935	56	967	5.47	CG
1	36479686	36479935	1	412	0.24	CHG
1	36479686	36479935	57	2034	2.73	CHH
1	36890844	36891048	183	76	70.66	CG
1	36890844	36891048	190	95	66.67	CHG
1	36890844	36891048	529	1156	31.39	CHH
1	37118562	37118725	1	125	0.79	CG
1	37118562	37118725	14	349	3.86	CHG
1	37118562	37118725	44	1718	2.50	CHH
1	37253827	37256063	3673	188	95.13	CG
1	37253827	37256063	2896	648	81.72	CHG
1	37253827	37256063	2123	11347	15.76	CHH
1	37757198	37758019	759	2071	26.82	CG
1	37757198	37758019	391	1061	26.93	CHG
1	37757198	37758019	1379	5591	19.78	CHH
1	39603253	39603550	225	3	98.68	CG
1	39603253	39603550	10	904	1.09	CHG
1	39603253	39603550	76	2473	2.98	CHH
1	40609311	40609427	80	1	98.77	CG
1	40609311	40609427	23	447	4.89	CHG
1	40609311	40609427	42	1397	2.92	CHH
1	40785754	40786192	69	118	36.90	CG
1	40785754	40786192	49	1620	2.94	CHG
1	40785754	40786192	162	4520	3.46	CHH
1	41209454	41212661	2797	7569	26.98	CG
1	41209454	41212661	1509	5417	21.79	CHG
1	41209454	41212661	4393	22747	16.19	CHH
1	42990884	42991140	177	1	99.44	CG
1	42990884	42991140	139	20	87.42	CHG
1	42990884	42991140	83	641	11.46	CHH
2	38468	38578	57	2	96.61	CG
2	38468	38578	17	148	10.30	CHG
2	38468	38578	33	780	4.06	CHH
2	578331	578545	59	1	98.33	CG
2	578331	578545	28	700	3.85	CHG
2	578331	578545	45	1983	2.22	CHH
2	1736612	1736996	661	26	96.22	CG
2	1736612	1736996	61	1385	4.22	CHG
2	1736612	1736996	200	3587	5.28	CHH
2	2004107	2004464	1	201	0.50	CG
2	2004107	2004464	36	1118	3.12	CHG
2	2004107	2004464	104	3385	2.98	CHH
2	2225031	2228646	6221	641	90.66	CG
2	2225031	2228646	4597	2481	64.95	CHG
2	2225031	2228646	6891	27192	20.22	CHH
2	2448881	2450073	335	204	62.15	CG
2	2448881	2450073	626	2596	19.43	CHG
2	2448881	2450073	1850	9861	15.80	CHH
2	2455636	2457226	4298	65	98.51	CG
2	2455636	2457226	3138	715	81.44	CHG
2	2455636	2457226	773	7028	9.91	CHH
2	2916264	2916496	162	1	99.39	CG
2	2916264	2916496	8	582	1.36	CHG
2	2916264	2916496	85	2723	3.03	CHH
2	3153141	3153726	1126	32	97.24	CG
2	3153141	3153726	1228	259	82.58	CHG
2	3153141	3153726	634	5607	10.16	CHH
2	3584767	3584907	319	16	95.22	CG
2	3584767	3584907	215	83	72.15	CHG
2	3584767	3584907	803	717	52.83	CHH
2	3668130	3671654	8675	3284	72.54	CG
2	3668130	3671654	4484	4776	48.42	CHG
2	3668130	3671654	3805	25866	12.82	CHH
2	4394475	4394720	2	149	1.32	CG
2	4394475	4394720	9	490	1.80	CHG
2	4394475	4394720	130	2473	4.99	CHH
2	4735326	4735671	20	958	2.04	CG
2	4735326	4735671	37	1011	3.53	CHG
2	4735326	4735671	141	3040	4.43	CHH
2	4930376	4930562	295	11	96.41	CG
2	4930376	4930562	26	38	40.62	CHG
2	4930376	4930562	46	1196	3.70	CHH
2	6097195	6097472	0	467	0.00	CG
2	6097195	6097472	51	1009	4.81	CHG
2	6097195	6097472	85	2374	3.46	CHH
2	6194639	6194966	9	361	2.43	CG
2	6194639	6194966	14	545	2.50	CHG
2	6194639	6194966	161	3007	5.08	CHH
2	6477169	6477370	193	80	70.70	CG
2	6477169	6477370	22	478	4.40	CHG
2	6477169	6477370	72	2227	3.13	CHH
2	6479819	6479943	11	620	1.74	CHG
2	6479819	6479943	57	1584	3.47	CHH
2	7634883	7634997	9	757	1.17	CG
2	7634883	7634997	18	337	5.07	CHG
2	7634883	7634997	19	834	2.23	CHH
2	9263789	9264764	763	22	97.20	CG
2	9263789	9264764	423	150	73.82	CHG
2	9263789	9264764	134	1679	7.39	CHH
2	10881944	10882136	26	230	10.16	CG
2	10881944	10882136	10	287	3.37	CHG
2	10881944	10882136	48	1621	2.88	CHH
2	11520851	11521291	374	229	62.02	CG
2	11520851	11521291	100	183	35.34	CHG
2	11520851	11521291	701	2575	21.40	CHH
2	11599189	11600489	862	1451	37.27	CG
2	11599189	11600489	435	1731	20.08	CHG
2	11599189	11600489	1093	9430	10.39	CHH
2	11939679	11939936	75	0	100.00	CG
2	11939679	11939936	20	424	4.50	CHG
2	11939679	11939936	69	2373	2.83	CHH
2	12352060	12352584	1728	46	97.41	CG
2	12352060	12352584	1230	435	73.87	CHG
2	12352060	12352584	392	4491	8.03	CHH
2	12492889	12493008	8	930	0.85	CG
2	12492889	12493008	7	478	1.44	CHG
2	12492889	12493008	36	845	4.09	CHH
2	12583382	12585233	1931	457	80.86	CG
2	12583382	12585233	721	4325	14.29	CHG
2	12583382	12585233	910	17672	4.90	CHH
2	13724770	13725043	33	1	97.06	CG
2	13724770	13725043	6	1	85.71	CHG
2	13724770	13725043	14	107	11.57	CHH
2	14258242	14258497	386	22	94.61	CG
2	14258242	14258497	278	72	79.43	CHG
2	14258242	14258497	98	1687	5.49	CHH
2	14381584	14382260	1044	18	98.31	CG
2	14381584	14382260	710	234	75.21	CHG
2	14381584	14382260	442	5806	7.07	CHH
2	14883666	14884152	977	24	97.60	CG
2	14883666	14884152	961	143	87.05	CHG
2	14883666	14884152	367	3277	10.07	CHH
2	15077160	15080035	7571	171	97.79	CG
2	15077160	15080035	5146	1092	82.49	CHG
2	15077160	15080035	2266	22469	9.16	CHH
2	15300768	15301020	336	8	97.67	CG
2	15300768	15301020	626	155	80.15	CHG
2	15300768	15301020	118	2665	4.24	CHH
2	16462100	16462683	1217	279	81.35	CG
2	16462100	16462683	734	1091	40.22	CHG
2	16462100	16462683	508	5907	7.92	CHH
2	16469340	16469527	769	18	97.71	CG
2	16469340	16469527	389	203	65.71	CHG
2	16469340	16469527	73	1258	5.48	CHH
2	16575455	16575576	88	262	25.14	CG
2	16575455	16575576	23	73	23.96	CHG
2	16575455	16575576	169	894	15.90	CHH
2	16909276	16909402	71	0	100.00	CG
2	16909276	16909402	6	32	15.79	CHG
2	16909276	16909402	274	556	33.01	CHH
2	17470250	17470459	276	2	99.28	CG
2	17470250	17470459	274	50	84.57	CHG
2	17470250	17470459	117	2279	4.88	CHH
2	17693456	17694041	930	587	61.31	CG
2	17693456	17694041	345	977	26.10	CHG
2	17693456	17694041	315	4694	6.29	CHH
2	17846367	17846587	73	763	8.73	CG
2	17846367	17846587	18	362	4.74	CHG
2	17846367	17846587	42	1157	3.50	CHH
2	18156897	18157229	1604	49	97.04	CG
2	18156897	18157229	774	140	84.68	CHG
2	18156897	18157229	275	2127	11.45	CHH
2	19262811	19262974	238	6	97.54	CG
2	19262811	19262974	34	129	20.86	CHG
2	19262811	19262974	83	1948	4.09	CHH
2	19369504	19369623	795	8	99.00	CG
2	19369504	19369623	431	60	87.78	CHG
2	19369504	19369623	132	755	14.88	CHH
2	19649757	19649896	4	1065	0.37	CG
2	19649757	19649896	17	482	3.41	CHG
2	19649757	19649896	48	1003	4.57	CHH
2	20077988	20078291	787	29	96.45	CG
2	20077988	20078291	299	146	67.19	CHG
2	20077988	20078291	447	2215	16.79	CHH
2	22210158	22210334	55	688	7.40	CG
2	22210158	22210334	14	300	4.46	CHG
2	22210158	22210334	83	1795	4.42	CHH
2	22275294	22275439	0	65	0.00	CG
2	22275294	22275439	6	326	1.81	CHG
2	22275294	22275439	23	1500	1.51	CHH
2	22587752	22588156	633	23	96.49	CG
2	22587752	22588156	371	228	61.94	CHG
2	22587752	22588156	364	2709	11.85	CHH
2	22836225	22836730	29	1301	2.18	CG
2	22836225	22836730	51	1380	3.56	CHG
2	22836225	22836730	187	5450	3.32	CHH
2	22982677	22982914	3	76	3.80	CG
2	22982677	22982914	13	687	1.86	CHG
2	22982677	22982914	110	3124	3.40	CHH
2	23033077	23033411	153	474	24.40	CG
2	23033077	23033411	192	1083	15.06	CHG
2	23033077	23033411	400	3043	11.62	CHH
2	23394395	23395510	2508	236	91.40	CG
2	23394395	23395510	828	2819	22.70	CHG
2	23394395	23395510	647	14440	4.29	CHH
2	23471507	23472492	737	11	98.53	CG
2	23471507	23472492	721	151	82.68	CHG
2	23471507	23472492	601	3639	14.17	CHH
2	24044095	24044460	1402	82	94.47	CG
2	24044095	24044460	657	187	77.84	CHG
2	24044095	24044460	366	2462	12.94	CHH
2	24717341	24717558	5	317	1.55	CG
2	24717341	24717558	11	689	1.57	CHG
2	24717341	24717558	110	2400	4.38	CHH
2	25574998	25576239	1849	39	97.93	CG
2	25574998	25576239	1882	596	75.95	CHG
2	25574998	25576239	1639	11805	12.19	CHH
2	25830725	25831459	16	2271	0.70	CG
2	25830725	25831459	40	1977	1.98	CHG
2	25830725	25831459	171	6376	2.61	CHH
2	25835047	25835296	39	852	4.38	CG
2	25835047	25835296	50	590	7.81	CHG
2	25835047	25835296	55	1948	2.75	CHH
2	26548831	26549237	1031	45	95.82	CG
2	26548831	26549237	134	129	50.95	CHG
2	26548831	26549237	902	2380	27.48	CHH
2	26659388	26659535	70	0	100.00	CG
2	26659388	26659535	100	978	9.28	CHH
2	26689413	26692203	1281	12213	9.49	CG
2	26689413	26692203	756	7915	8.72	CHG
2	26689413	26692203	2952	20056	12.83	CHH
2	28199306	28199617	805	11	98.65	CG
2	28199306	28199617	1058	104	91.05	CHG
2	28199306	28199617	329	2533	11.50	CHH
2	29852698	29852922	58	403	12.58	CG
2	29852698	29852922	32	677	4.51	CHG
2	29852698	29852922	99	2084	4.54	CHH
2	30157272	30157610	576	144	80.00	CG
2	30157272	30157610	183	412	30.76	CHG
2	30157272	30157610	570	2140	21.03	CHH
2	30823979	30824112	10	228	4.20	CG
2	30823979	30824112	17	412	3.96	CHG
2	30823979	30824112	127	1554	7.56	CHH
2	30983625	30984901	64	3442	1.83	CG
2	30983625	30984901	198	5233	3.65	CHG
2	30983625	30984901	455	10734	4.07	CHH
2	31445301	31445449	2	65	2.99	CG
2	31445301	31445449	16	334	4.57	CHG
2	31445301	31445449	69	1531	4.31	CHH
2	31855152	31855271	209	1	99.52	CG
2	31855152	31855271	67	11	85.90	CHG
2	31855152	31855271	168	1403	10.69	CHH
2	32524707	32526194	2867	1223	70.10	CG
2	32524707	32526194	800	3534	18.46	CHG
2	32524707	32526194	932	10432	8.20	CHH
2	33158169	33158313	274	12	95.80	CG
2	33158169	33158313	358	71	83.45	CHG
2	33158169	33158313	193	1755	9.91	CHH
2	33431516	33431954	235	7	97.11	CG
2	33431516	33431954	21	817	2.51	CHG
2	33431516	33431954	110	4734	2.27	CHH
2	33711999	33712328	70	3	95.89	CG
2	33711999	33712328	25	947	2.57	CHG
2	33711999	33712328	165	3473	4.54	CHH
2	33834944	33835662	185	614	23.15	CG
2	33834944	33835662	44	1596	2.68	CHG
2	33834944	33835662	295	9186	3.11	CHH
2	33936933	33937065	0	77	0.00	CG
2	33936933	33937065	7	407	1.69	CHG
2	33936933	33937065	38	1382	2.68	CHH
2	34687871	34690219	829	9522	8.01	CG
2	34687871	34690219	1020	6473	13.61	CHG
2	34687871	34690219	1877	19455	8.80	CHH
2	34747509	34747747	51	12	80.95	CG
2	34747509	34747747	32	8	80.00	CHG
2	34747509	34747747	9	45	16.67	CHH
2	34772462	34772598	16	262	5.76	CHG
2	34772462	34772598	73	1219	5.65	CHH
2	35300370	35300604	81	1	98.78	CG
2	35300370	35300604	11	679	1.59	CHG
2	35300370	35300604	175	2977	5.55	CHH
2	35388799	35389069	5	397	1.24	CG
2	35388799	35389069	21	688	2.96	CHG
2	35388799	35389069	69	2073	3.22	CHH
3	480369	480630	823	42	95.14	CG
3	480369	480630	26	852	2.96	CHG
3	480369	480630	118	3230	3.52	CHH
3	615186	620505	5571	6683	45.46	CG
3	615186	620505	2569	9179	21.87	CHG
3	615186	620505	4226	38321	9.93	CHH
3	1097994	1098400	1358	42	97.00	CG
3	1097994	1098400	856	201	80.98	CHG
3	1097994	1098400	637	3578	15.11	CHH
3	2922253	2922366	0	68	0.00	CG
3	2922253	2922366	0	151	0.00	CHG
3	2922253	2922366	33	1504	2.15	CHH
3	2924923	2926581	1075	224	82.76	CG
3	2924923	2926581	230	3134	6.84	CHG
3	2924923	2926581	886	15041	5.56	CHH
3	3101473	3101729	652	932	41.16	CG
3	3101473	3101729	23	1021	2.20	CHG
3	3101473	3101729	82	2238	3.53	CHH
3	3782983	3787490	1032	13344	7.18	CG
3	3782983	3787490	814	10557	7.16	CHG
3	3782983	3787490	1830	37284	4.68	CHH
3	4471611	4471796	25	1060	2.30	CG
3	4471611	4471796	27	637	4.07	CHG
3	4471611	4471796	76	1695	4.29	CHH
3	4501942	4502163	312	446	41.16	CG
3	4501942	4502163	219	320	40.63	CHG
3	4501942	4502163	700	624	52.87	CHH
3	4735915	4736042	2	191	1.04	CG
3	4735915	4736042	5	188	2.59	CHG
3	4735915	4736042	29	1138	2.49	CHH
3	5786527	5786697	129	2	98.47	CG
3	5786527	5786697	10	364	2.67	CHG
3	5786527	5786697	84	1583	5.04	CHH
3	5790733	5792052	2756	135	95.33	CG
3	5790733	5792052	1936	497	79.57	CHG
3	5790733	5792052	2035	10082	16.79	CHH
3	5852144	5852325	343	7	98.00	CG
3	5852144	5852325	324	48	87.10	CHG
3	5852144	5852325	410	1354	23.24	CHH
3	5861909	5862252	438	90	82.95	CG
3	5861909	5862252	53	1284	3.96	CHG
3	5861909	5862252	144	3526	3.92	CHH
3	5863529	5863616	4	199	1.97	CG
3	5863529	5863616	15	332	4.32	CHG
3	5863529	5863616	30	890	3.26	CHH
3	6119207	6119385	67	1249	5.09	CG
3	6119207	6119385	50	1050	4.55	CHG
3	6119207	6119385	74	1239	5.64	CHH
3	6727333	6727471	0	217	0.00	CG
3	6727333	6727471	5	159	3.05	CHG
3	6727333	6727471	35	1149	2.96	CHH
3	7815881	7816020	33	1350	2.39	CG
3	7815881	7816020	17	606	2.73	CHG
3	7815881	7816020	21	520	3.88	CHH
3	8124800	8125238	23	1776	1.28	CG
3	8124800	8125238	35	1105	3.07	CHG
3	8124800	8125238	92	4154	2.17	CHH
3	8292358	8296069	3483	1353	72.02	CG
3	8292358	8296069	2683	4565	37.02	CHG
3	8292358	8296069	3620	33802	9.67	CHH
3	8918282	8919468	1215	3697	24.74	CG
3	8918282	8919468	488	2446	16.63	CHG
3	8918282	8919468	1509	9761	13.39	CHH
3	8932042	8933228	804	1343	37.45	CG
3	8932042	8933228	385	945	28.95	CHG
3	8932042	8933228	782	9975	7.27	CHH
3	9007060	9007495	1831	27	98.55	CG
3	9007060	9007495	864	248	77.70	CHG
3	9007060	9007495	374	2217	14.43	CHH
3	9615393	9615681	163	1029	13.67	CG
3	9615393	9615681	44	496	8.15	CHG
3	9615393	9615681	218	2748	7.35	CHH
3	9647322	9647514	51	229	18.21	CG
3	9647322	9647514	9	531	1.67	CHG
3	9647322	9647514	78	1876	3.99	CHH
3	9661238	9663204	548	3179	14.70	CG
3	9661238	9663204	334	3301	9.19	CHG
3	9661238	9663204	1058	15634	6.34	CHH
3	9703524	9703645	5	185	2.63	CG
3	9703524	9703645	7	147	4.55	CHG
3	9703524	9703645	56	1268	4.23	CHH
3	9741411	9741728	394	58	87.17	CG
3	9741411	9741728	185	83	69.03	CHG
3	9741411	9741728	282	1606	14.94	CHH
3	9772110	9773385	2821	442	86.45	CG
3	9772110	9773385	1503	868	63.39	CHG
3	9772110	9773385	1962	10790	15.39	CHH
3	9970758	9972750	498	6579	7.04	CG
3	9970758	9972750	348	5193	6.28	CHG
3	9970758	9972750	631	14089	4.29	CHH
3	11318102	11319164	553	725	43.27	CG
3	11318102	11319164	258	1521	14.50	CHG
3	11318102	11319164	501	8830	5.37	CHH
3	11624874	11625180	178	10	94.68	CG
3	11624874	11625180	21	1093	1.89	CHG
3	11624874	11625180	140	3343	4.02	CHH
3	11762654	11762757	8	147	5.16	CG
3	11762654	11762757	1	78	1.27	CHG
3	11762654	11762757	29	796	3.52	CHH
3	12013674	12014450	667	23	96.67	CG
3	12013674	12014450	1551	168	90.23	CHG
3	12013674	12014450	749	7843	8.72	CHH
3	13326106	13326294	10	434	2.25	CG
3	13326106	13326294	44	744	5.58	CHG
3	13326106	13326294	86	1941	4.24	CHH
3	14484188	14484405	73	3	96.05	CG
3	14484188	14484405	380	59	86.56	CHG
3	14484188	14484405	179	1615	9.98	CHH
3	14495901	14496241	113	2896	3.76	CG
3	14495901	14496241	74	1331	5.27	CHG
3	14495901	14496241	127	3165	3.86	CHH
3	14633392	14633990	770	12	98.47	CG
3	14633392	14633990	364	64	85.05	CHG
3	14633392	14633990	339	5240	6.08	CHH
3	14886695	14886945	20	234	7.87	CG
3	14886695	14886945	148	106	58.27	CHG
3	14886695	14886945	1149	781	59.53	CHH
3	15238637	15238822	229	4	98.28	CG
3	15238637	15238822	341	60	85.04	CHG
3	15238637	15238822	156	1728	8.28	CHH
3	15348429	15348696	366	4	98.92	CG
3	15348429	15348696	362	149	70.84	CHG
3	15348429	15348696	173	2586	6.27	CHH
3	15968990	15969281	24	1411	1.67	CG
3	15968990	15969281	42	1112	3.64	CHG
3	15968990	15969281	54	2612	2.03	CHH
3	16545195	16545366	152	4	97.44	CG
3	16545195	16545366	137	37	78.74	CHG
3	16545195	16545366	70	946	6.89	CHH
3	16691128	16691290	151	1	99.34	CG
3	16691128	16691290	43	112	27.74	CHG
3	16691128	16691290	270	736	26.84	CHH
3	18086982	18087169	3	298	1.00	CG
3	18086982	18087169	13	399	3.16	CHG
3	18086982	18087169	60	1848	3.14	CHH
3	18671229	18673244	1940	1043	65.04	CG
3	18671229	18673244	973	1986	32.88	CHG
3	18671229	18673244	2155	16906	11.31	CHH
3	19066610	19066885	1004	16	98.43	CG
3	19066610	19066885	198	131	60.18	CHG
3	19066610	19066885	167	1011	14.18	CHH
3	19477758	19477853	145	3	97.97	CG
3	19477758	19477853	113	86	56.78	CHG
3	19477758	19477853	69	557	11.02	CHH
3	20211561	20212451	2484	40	98.42	CG
3	20211561	20212451	1832	336	84.50	CHG
3	20211561	20212451	1212	8488	12.49	CHH
3	20300032	20301332	2192	47	97.90	CG
3	20300032	20301332	3050	449	87.17	CHG
3	20300032	20301332	943	13104	6.71	CHH
3	20506153	20506547	887	12	98.67	CG
3	20506153	20506547	662	278	70.43	CHG
3	20506153	20506547	269	3845	6.54	CHH
3	20529596	20530676	2328	4524	33.98	CG
3	20529596	20530676	509	3348	13.20	CHG
3	20529596	20530676	537	7987	6.30	CHH
3	20609274	20609784	695	12	98.30	CG
3	20609274	20609784	490	99	83.19	CHG
3	20609274	20609784	461	3480	11.70	CHH
3	21045714	21046037	432	14	96.86	CG
3	21045714	21046037	216	42	83.72	CHG
3	21045714	21046037	151	2628	5.43	CHH
3	21053301	21054404	480	269	64.09	CG
3	21053301	21054404	103	1689	5.75	CHG
3	21053301	21054404	653	11528	5.36	CHH
3	21477968	21478334	477	193	71.19	CG
3	21477968	21478334	205	353	36.74	CHG
3	21477968	21478334	429	2290	15.78	CHH
3	21805912	21806253	1545	23	98.53	CG
3	21805912	21806253	259	184	58.47	CHG
3	21805912	21806253	252	1792	12.33	CHH
3	22443304	22443897	56	3554	1.55	CG
3	22443304	22443897	84	2338	3.47	CHG
3	22443304	22443897	211	6133	3.33	CHH
3	22930322	22932315	640	2843	18.37	CG
3	22930322	22932315	138	3740	3.56	CHG
3	22930322	22932315	551	17239	3.10	CHH
3	22977964	22978503	397	234	62.92	CG
3	22977964	22978503	405	654	38.24	CHG
3	22977964	22978503	856	3056	21.88	CHH
3	23158824	23162446	2368	8178	22.45	CG
3	23158824	23162446	953	6054	13.60	CHG
3	23158824	23162446	2443	28514	7.89	CHH
3	23440227	23440314	6	129	4.44	CHG
3	23440227	23440314	16	686	2.28	CHH
3	23502337	23503127	625	109	85.15	CG
3	23502337	23503127	90	655	12.08	CHG
3	23502337	23503127	1363	7201	15.92	CHH
3	24402381	24402506	35	1507	2.27	CG
3	24402381	24402506	20	457	4.19	CHG
3	24402381	24402506	28	867	3.13	CHH
3	24697252	24697403	5	162	2.99	CG
3	24697252	24697403	11	322	3.30	CHG
3	24697252	24697403	34	1446	2.30	CHH
3	25124576	25125712	1475	603	70.98	CG
3	25124576	25125712	749	644	53.77	CHG
3	25124576	25125712	3786	6357	37.33	CHH
3	25238096	25238349	190	71	72.80	CG
3	25238096	25238349	10	598	1.64	CHG
3	25238096	25238349	70	2210	3.07	CHH
3	26463242	26463534	163	738	18.09	CG
3	26463242	26463534	47	786	5.64	CHG
3	26463242	26463534	103	1871	5.22	CHH
3	28036385	28036532	10	508	1.93	CG
3	28036385	28036532	18	457	3.79	CHG
3	28036385	28036532	31	1269	2.38	CHH
3	28421210	28421588	9	707	1.26	CG
3	28421210	28421588	48	1120	4.11	CHG
3	28421210	28421588	189	3935	4.58	CHH
3	28828352	28828674	144	154	48.32	CG
3	28828352	28828674	3	86	3.37	CHG
3	28828352	28828674	719	2228	24.40	CHH
3	28883667	28884002	93	58	61.59	CG
3	28883667	28884002	50	356	12.32	CHG
3	28883667	28884002	127	3031	4.02	CHH
3	28999678	28999814	70	71	49.65	CG
3	28999678	28999814	76	69	52.41	CHG
3	28999678	28999814	236	739	24.21	CHH
3	29036320	29036527	1241	29	97.72	CG
3	29036320	29036527	149	226	39.73	CHG
3	29036320	29036527	220	679	24.47	CHH
3	29048284	29048488	1468	36	97.61	CG
3	29048284	29048488	967	297	76.50	CHG
3	29048284	29048488	190	1172	13.95	CHH
3	29804060	29804313	4	381	1.04	CG
3	29804060	29804313	17	806	2.07	CHG
3	29804060	29804313	88	2548	3.34	CHH
3	31242980	31243426	2253	45	98.04	CG
3	31242980	31243426	1166	277	80.80	CHG
3	31242980	31243426	330	2397	12.10	CHH
3	31550060	31550292	540	153	77.92	CG
3	31550060	31550292	155	170	47.69	CHG
3	31550060	31550292	284	1641	14.75	CHH
3	32992420	32993458	738	834	46.95	CG
3	32992420	32993458	250	1009	19.86	CHG
3	32992420	32993458	660	8334	7.34	CHH
3	33907932	33908490	62	201	23.57	CG
3	33907932	33908490	47	1561	2.92	CHG
3	33907932	33908490	167	5832	2.78	CHH
3	34241449	34241654	3	333	0.89	CG
3	34241449	34241654	58	861	6.31	CHG
3	34241449	34241654	45	1947	2.26	CHH
3	34254363	34255907	679	2628	20.53	CG
3	34254363	34255907	253	4117	5.79	CHG
3	34254363	34255907	1441	11756	10.92	CHH
3	34833000	34833309	1073	18	98.35	CG
3	34833000	34833309	663	167	79.88	CHG
3	34833000	34833309	434	1423	23.37	CHH
3	35110086	35110256	71	1	98.61	CG
3	35110086	35110256	1	227	0.44	CHG
3	35110086	35110256	55	1721	3.10	CHH
3	35180241	35180554	266	7	97.44	CG
3	35180241	35180554	38	920	3.97	CHG
3	35180241	35180554	143	3507	3.92	CHH
3	35917041	35917731	1092	492	68.94	CG
3	35917041	35917731	379	760	33.27	CHG
3	35917041	35917731	779	4926	13.65	CHH
3	36048993	36049255	9	350	2.51	CG
3	36048993	36049255	39	590	6.20	CHG
3	36048993	36049255	123	2030	5.71	CHH
3	36390761	36392058	171	4791	3.45	CG
3	36390761	36392058	160	3616	4.24	CHG
3	36390761	36392058	404	11337	3.44	CHH
4	2128481	2128855	316	51	86.10	CG
4	2128481	2128855	79	280	22.01	CHG
4	2128481	2128855	488	2773	14.96	CHH
4	2540394	2540485	150	19	88.76	CG
4	2540394	2540485	118	59	66.67	CHG
4	2540394	2540485	12	509	2.30	CHH
4	3036997	3037085	341	7	97.99	CG
4	3036997	3037085	84	75	52.83	CHG
4	3036997	3037085	30	247	10.83	CHH
4	4049820	4050064	499	9	98.23	CG
4	4049820	4050064	302	95	76.07	CHG
4	4049820	4050064	129	1861	6.48	CHH
4	4695559	4695777	485	23	95.47	CG
4	4695559	4695777	181	122	59.74	CHG
4	4695559	4695777	90	887	9.21	CHH
4	5205473	5206792	3358	50	98.53	CG
4	5205473	5206792	2076	613	77.20	CHG
4	5205473	5206792	970	11095	8.04	CHH
4	5370300	5370990	1169	13	98.90	CG
4	5370300	5370990	732	153	82.71	CHG
4	5370300	5370990	165	1980	7.69	CHH
4	7250146	7253105	2005	10448	16.10	CG
4	7250146	7253105	1717	5727	23.07	CHG
4	7250146	7253105	1342	22285	5.68	CHH
4	7946934	7947116	231	3	98.72	CG
4	7946934	7947116	148	64	69.81	CHG
4	7946934	7947116	59	991	5.62	CHH
4	7976120	7976768	16	350	4.37	CG
4	7976120	7976768	31	917	3.27	CHG
4	7976120	7976768	83	3818	2.13	CHH
4	7998972	7999131	0	76	0.00	CG
4	7998972	7999131	13	205	5.96	CHG
4	7998972	7999131	65	1253	4.93	CHH
4	9504426	9506750	4032	161	96.16	CG
4	9504426	9506750	2979	1686	63.86	CHG
4	9504426	9506750	1209	22455	5.11	CHH
4	10597218	10597775	1413	32	97.79	CG
4	10597218	10597775	1763	327	84.35	CHG
4	10597218	10597775	295	4541	6.10	CHH
4	11254426	11254603	4	179	2.19	CG
4	11254426	11254603	11	347	3.07	CHG
4	11254426	11254603	49	1528	3.11	CHH
4	11479976	11481063	140	936	13.01	CG
4	11479976	11481063	63	1971	3.10	CHG
4	11479976	11481063	357	11483	3.02	CHH
4	12511724	12511877	149	5	96.75	CG
4	12511724	12511877	416	139	74.95	CHG
4	12511724	12511877	105	1572	6.26	CHH
4	12570254	12573173	4837	112	97.74	CG
4	12570254	12573173	6085	1255	82.90	CHG
4	12570254	12573173	1946	27114	6.70	CHH
4	14336636	14336825	450	7	98.47	CG
4	14336636	14336825	375	134	73.67	CHG
4	14336636	14336825	94	1365	6.44	CHH
4	15422154	15422563	381	7	98.20	CG
4	15422154	15422563	402	118	77.31	CHG
4	15422154	15422563	770	2905	20.95	CHH
4	15927777	15928107	17	996	1.68	CG
4	15927777	15928107	38	947	3.86	CHG
4	15927777	15928107	105	3275	3.11	CHH
4	16377949	16378038	225	5	97.83	CG
4	16377949	16378038	178	48	78.76	CHG
4	16377949	16378038	54	665	7.51	CHH
4	16429861	16430118	336	4	98.82	CG
4	16429861	16430118	538	95	84.99	CHG
4	16429861	16430118	252	2329	9.76	CHH
4	16739824	16740091	705	13	98.19	CG
4	16739824	16740091	186	95	66.19	CHG
4	16739824	16740091	114	1711	6.25	CHH
4	16870850	16871033	216	5	97.74	CG
4	16870850	16871033	3	79	3.66	CHG
4	16870850	16871033	72	1925	3.61	CHH
4	16929303	16929386	35	118	22.88	CG
4	16929303	16929386	2	37	5.13	CHG
4	16929303	16929386	34	769	4.23	CHH
4	18861290	18861421	102	1	99.03	CG
4	18861290	18861421	71	10	87.65	CHG
4	18861290	18861421	523	314	62.49	CHH
4	18879559	18879953	2178	28	98.73	CG
4	18879559	18879953	1301	425	75.38	CHG
4	18879559	18879953	506	2721	15.68	CHH
4	19594453	19594613	0	154	0.00	CG
4	19594453	19594613	9	415	2.12	CHG
4	19594453	19594613	88	786	10.07	CHH
4	21836525	21836740	4	491	0.81	CG
4	21836525	21836740	30	868	3.34	CHG
4	21836525	21836740	80	2314	3.34	CHH
4	22149701	22149888	36	1250	2.80	CG
4	22149701	22149888	27	515	4.98	CHG
4	22149701	22149888	46	1770	2.53	CHH
4	24463582	24463728	4	294	1.34	CG
4	24463582	24463728	8	225	3.43	CHG
4	24463582	24463728	41	1525	2.62	CHH
4	24879051	24879296	2	75	2.60	CG
4	24879051	24879296	27	1271	2.08	CHG
4	24879051	24879296	81	2369	3.31	CHH
4	25700367	25700823	2816	77	97.34	CG
4	25700367	25700823	1050	546	65.79	CHG
4	25700367	25700823	819	3660	18.29	CHH
4	26025305	26025523	132	3	97.78	CG
4	26025305	26025523	9	501	1.76	CHG
4	26025305	26025523	58	1871	3.01	CHH
4	26125746	26125921	157	8	95.15	CG
4	26125746	26125921	145	27	84.30	CHG
4	26125746	26125921	181	1421	11.30	CHH
4	28854448	28854672	31	791	3.77	CG
4	28854448	28854672	31	337	8.42	CHG
4	28854448	28854672	79	1589	4.74	CHH
4	31600862	31601333	1403	47	96.76	CG
4	31600862	31601333	1086	519	67.66	CHG
4	31600862	31601333	463	4312	9.70	CHH
4	32665225	32665685	34	2273	1.47	CG
4	32665225	32665685	55	1727	3.09	CHG
4	32665225	32665685	160	3767	4.07	CHH
4	32845260	32845468	239	9	96.37	CG
4	32845260	32845468	18	749	2.35	CHG
4	32845260	32845468	52	2395	2.13	CHH
4	32907649	32907913	753	12	98.43	CG
4	32907649	32907913	927	145	86.47	CHG
4	32907649	32907913	296	3113	8.68	CHH
4	32976630	32976775	5	223	2.19	CG
4	32976630	32976775	13	250	4.94	CHG
4	32976630	32976775	52	1330	3.76	CHH
4	33538001	33538284	199	8	96.14	CG
4	33538001	33538284	229	45	83.58	CHG
4	33538001	33538284	81	716	10.16	CHH
5	22552	22704	281	7	97.57	CG
5	22552	22704	180	20	90.00	CHG
5	22552	22704	55	917	5.66	CHH
5	167915	169390	1082	256	80.87	CG
5	167915	169390	277	538	33.99	CHG
5	167915	169390	897	10120	8.14	CHH
5	802197	802307	1	101	0.98	CG
5	802197	802307	2	189	1.05	CHG
5	802197	802307	17	1140	1.47	CHH
5	1555477	1555743	225	9	96.15	CG
5	1555477	1555743	22	695	3.07	CHG
5	1555477	1555743	146	2936	4.74	CHH
5	1623822	1624065	1119	47	95.97	CG
5	1623822	1624065	521	163	76.17	CHG
5	1623822	1624065	188	615	23.41	CHH
5	1649481	1650024	2098	46	97.85	CG
5	1649481	1650024	1029	535	65.79	CHG
5	1649481	1650024	574	5554	9.37	CHH
5	2535968	2537410	277	6208	4.27	CG
5	2535968	2537410	163	4500	3.50	CHG
5	2535968	2537410	419	14194	2.87	CHH
5	3201536	3202094	107	295	26.62	CG
5	3201536	3202094	166	562	22.80	CHG
5	3201536	3202094	1048	3507	23.01	CHH
5	3642042	3642277	882	37	95.97	CG
5	3642042	3642277	134	206	39.41	CHG
5	3642042	3642277	141	1791	7.30	CHH
5	4042346	4043559	1497	27	98.23	CG
5	4042346	4043559	973	243	80.02	CHG
5	4042346	4043559	324	4057	7.40	CHH
5	5042999	5043643	137	2	98.56	CG
5	5042999	5043643	75	16	82.42	CHG
5	5042999	5043643	66	884	6.95	CHH
5	6697788	6698020	281	6	97.91	CG
5	6697788	6698020	16	491	3.16	CHG
5	6697788	6698020	74	2351	3.05	CHH
5	8888812	8888977	180	5	97.30	CG
5	8888812	8888977	532	48	91.72	CHG
5	8888812	8888977	150	1434	9.47	CHH
5	9364313	9364413	660	16	97.63	CG
5	9364313	9364413	454	99	82.10	CHG
5	9364313	9364413	110	834	11.65	CHH
5	12549332	12549415	5	0	100.00	CG
5	12549332	12549415	0	1	0.00	CHG
5	12549332	12549415	2	10	16.67	CHH
5	12809268	12809477	900	39	95.85	CG
5	12809268	12809477	320	143	69.11	CHG
5	12809268	12809477	147	828	15.08	CHH
5	13857407	13857542	873	21	97.65	CG
5	13857407	13857542	208	85	70.99	CHG
5	13857407	13857542	105	934	10.11	CHH
5	14246535	14246708	2	129	1.53	CG
5	14246535	14246708	0	66	0.00	CHG
5	14246535	14246708	69	2016	3.31	CHH
5	15249273	15249609	824	16	98.10	CG
5	15249273	15249609	497	134	78.76	CHG
5	15249273	15249609	253	2880	8.08	CHH
5	15263881	15264136	1464	13	99.12	CG
5	15263881	15264136	720	266	73.02	CHG
5	15263881	15264136	221	1688	11.58	CHH
5	15295856	15296058	796	23	97.19	CG
5	15295856	15296058	306	136	69.23	CHG
5	15295856	15296058	58	1100	5.01	CHH
5	15380224	15380482	57	2	96.61	CG
5	15380224	15380482	73	4	94.81	CHG
5	15380224	15380482	12	154	7.23	CHH
5	16141049	16142222	2452	56	97.77	CG
5	16141049	16142222	1520	313	82.92	CHG
5	16141049	16142222	860	9274	8.49	CHH
5	16604726	16607053	3884	338	91.99	CG
5	16604726	16607053	2301	1288	64.11	CHG
5	16604726	16607053	2534	20879	10.82	CHH
5	16695358	16697204	2056	1447	58.69	CG
5	16695358	16697204	1999	1273	61.09	CHG
5	16695358	16697204	1896	13026	12.71	CHH
5	17145149	17145240	0	89	0.00	CG
5	17145149	17145240	16	937	1.68	CHH
5	17275880	17277194	1071	1151	48.20	CG
5	17275880	17277194	215	2504	7.91	CHG
5	17275880	17277194	882	10869	7.51	CHH
5	18555974	18556911	1762	263	87.01	CG
5	18555974	18556911	677	621	52.16	CHG
5	18555974	18556911	552	9192	5.67	CHH
5	18614365	18615227	2722	59	97.88	CG
5	18614365	18615227	1227	462	72.65	CHG
5	18614365	18615227	1672	6447	20.59	CHH
5	19082868	19087589	2856	5073	36.02	CG
5	19082868	19087589	647	11638	5.27	CHG
5	19082868	19087589	2393	43721	5.19	CHH
5	19475239	19475452	5	428	1.15	CG
5	19475239	19475452	24	679	3.41	CHG
5	19475239	19475452	87	1982	4.20	CHH
5	19550564	19550779	39	126	23.64	CHG
5	19550564	19550779	233	2260	9.35	CHH
5	19686229	19688559	1978	3649	35.15	CG
5	19686229	19688559	1356	2708	33.37	CHG
5	19686229	19688559	1883	18642	9.17	CHH
5	20197683	20197907	36	1368	2.56	CG
5	20197683	20197907	41	770	5.06	CHG
5	20197683	20197907	27	1416	1.87	CHH
5	20639725	20640817	1280	127	90.97	CG
5	20639725	20640817	392	2849	12.10	CHG
5	20639725	20640817	417	10816	3.71	CHH
5	21196473	21196736	206	8	96.26	CG
5	21196473	21196736	341	30	91.91	CHG
5	21196473	21196736	411	2348	14.90	CHH
5	21222554	21222810	186	95	66.19	CHG
5	21222554	21222810	151	2515	5.66	CHH
5	21231311	21231463	14	692	1.98	CG
5	21231311	21231463	24	577	3.99	CHG
5	21231311	21231463	42	1074	3.76	CHH
5	21771662	21772418	1210	333	78.42	CG
5	21771662	21772418	1026	649	61.25	CHG
5	21771662	21772418	562	5641	9.06	CHH
5	22632027	22632224	11	894	1.22	CG
5	22632027	22632224	18	742	2.37	CHG
5	22632027	22632224	47	1342	3.38	CHH
5	23446330	23446424	7	1	87.50	CG
5	23446330	23446424	10	49	16.95	CHH
5	23498602	23498699	130	1	99.24	CG
5	23498602	23498699	62	2	96.88	CHG
5	23498602	23498699	811	252	76.29	CHH
5	23589096	23589233	6	300	1.96	CHG
5	23589096	23589233	37	1539	2.35	CHH
5	23597717	23597952	1	133	0.75	CG
5	23597717	23597952	8	345	2.27	CHG
5	23597717	23597952	79	2059	3.70	CHH
5	23799970	23800819	109	3053	3.45	CG
5	23799970	23800819	107	2632	3.91	CHG
5	23799970	23800819	231	7200	3.11	CHH
5	24767463	24767619	21	954	2.15	CG
5	24767463	24767619	11	305	3.48	CHG
5	24767463	24767619	36	1278	2.74	CHH
5	24958493	24960927	1713	1771	49.17	CG
5	24958493	24960927	358	4576	7.26	CHG
5	24958493	24960927	900	21560	4.01	CHH
5	25117789	25118255	55	2419	2.22	CG
5	25117789	25118255	53	1118	4.53	CHG
5	25117789	25118255	63	2672	2.30	CHH
5	25683760	25686062	1362	9130	12.98	CG
5	25683760	25686062	1038	6946	13.00	CHG
5	25683760	25686062	2249	14070	13.78	CHH
5	25916431	25917101	948	32	96.73	CG
5	25916431	25917101	592	299	66.44	CHG
5	25916431	25917101	1501	4937	23.31	CHH
5	26920490	26922938	68	3868	1.73	CG
5	26920490	26922938	190	7528	2.46	CHG
5	26920490	26922938	783	22636	3.34	CHH
5	27294148	27294484	32	1170	2.66	CG
5	27294148	27294484	41	811	4.81	CHG
5	27294148	27294484	113	2863	3.80	CHH
5	27692643	27692794	16	793	1.98	CG
5	27692643	27692794	10	761	1.30	CHG
5	27692643	27692794	79	1778	4.25	CHH
5	28353397	28355104	1846	240	88.49	CG
5	28353397	28355104	201	3223	5.87	CHG
5	28353397	28355104	606	14373	4.05	CHH
5	28438764	28438936	305	4	98.71	CG
5	28438764	28438936	376	30	92.61	CHG
5	28438764	28438936	151	1234	10.90	CHH
5	29278792	29278999	112	3	97.39	CG
5	29278792	29278999	83	6	93.26	CHG
5	29278792	29278999	48	422	10.21	CHH
5	29368004	29368261	216	12	94.74	CG
5	29368004	29368261	468	47	90.87	CHG
5	29368004	29368261	330	2897	10.23	CHH
5	29393677	29395023	814	24	97.14	CG
5	29393677	29395023	733	100	88.00	CHG
5	29393677	29395023	207	2024	9.28	CHH
5	29485227	29485510	334	286	53.87	CG
5	29485227	29485510	105	533	16.46	CHG
5	29485227	29485510	176	2267	7.20	CHH
6	247291	247913	51	1728	2.87	CG
6	247291	247913	60	1316	4.36	CHG
6	247291	247913	150	4514	3.22	CHH
6	368015	368245	3	549	0.54	CG
6	368015	368245	24	674	3.44	CHG
6	368015	368245	78	2397	3.15	CHH
6	521167	522087	238	1527	13.48	CG
6	521167	522087	105	1366	7.14	CHG
6	521167	522087	905	7470	10.81	CHH
6	813527	813697	143	2	98.62	CG
6	813527	813697	12	382	3.05	CHG
6	813527	813697	72	2170	3.21	CHH
6	958185	960061	2691	1496	64.27	CG
6	958185	960061	1042	1318	44.15	CHG
6	958185	960061	1446	11395	11.26	CHH
6	1267865	1268035	973	20	97.99	CG
6	1267865	1268035	518	170	75.29	CHG
6	1267865	1268035	80	1204	6.23	CHH
6	2300838	2300945	0	225	0.00	CG
6	2300838	2300945	18	378	4.55	CHG
6	2300838	2300945	51	1215	4.03	CHH
6	3639180	3639309	4	377	1.05	CG
6	3639180	3639309	7	396	1.74	CHG
6	3639180	3639309	63	1659	3.66	CHH
6	3944739	3945664	465	585	44.29	CG
6	3944739	3945664	537	731	42.35	CHG
6	3944739	3945664	957	7568	11.23	CHH
6	4300749	4300941	679	17	97.56	CG
6	4300749	4300941	273	214	56.06	CHG
6	4300749	4300941	242	2618	8.46	CHH
6	4553472	4553595	578	10	98.30	CG
6	4553472	4553595	140	67	67.63	CHG
6	4553472	4553595	97	583	14.26	CHH
6	4806070	4806315	49	1080	4.34	CG
6	4806070	4806315	27	527	4.87	CHG
6	4806070	4806315	64	2050	3.03	CHH
6	5243918	5246329	2244	2797	44.51	CG
6	5243918	5246329	273	8254	3.20	CHG
6	5243918	5246329	726	25463	2.77	CHH
6	5335954	5337126	813	1381	37.06	CG
6	5335954	5337126	516	1237	29.44	CHG
6	5335954	5337126	1898	6436	22.77	CHH
6	6556692	6557000	18	1295	1.37	CG
6	6556692	6557000	31	715	4.16	CHG
6	6556692	6557000	71	2445	2.82	CHH
6	7262284	7262394	16	244	6.15	CHG
6	7262284	7262394	24	928	2.52	CHH
6	7296360	7297580	849	37	95.82	CG
6	7296360	7297580	600	145	80.54	CHG
6	7296360	7297580	240	2519	8.70	CHH
6	7450229	7452500	3655	542	87.09	CG
6	7450229	7452500	2600	1160	69.15	CHG
6	7450229	7452500	2848	17207	14.20	CHH
6	8010667	8010997	1124	14	98.77	CG
6	8010667	8010997	665	262	71.74	CHG
6	8010667	8010997	242	2598	8.52	CHH
6	8383109	8385458	1609	9458	14.54	CG
6	8383109	8385458	889	4698	15.91	CHG
6	8383109	8385458	1075	18590	5.47	CHH
6	8415805	8416695	1759	60	96.70	CG
6	8415805	8416695	1317	430	75.39	CHG
6	8415805	8416695	708	8248	7.91	CHH
6	8434419	8434622	540	6	98.90	CG
6	8434419	8434622	635	124	83.66	CHG
6	8434419	8434622	380	1077	26.08	CHH
6	9748876	9749062	494	151	76.59	CG
6	9748876	9749062	12	225	5.06	CHG
6	9748876	9749062	100	1469	6.37	CHH
6	9753551	9753693	58	10	85.29	CG
6	9753551	9753693	71	29	71.00	CHG
6	9753551	9753693	26	295	8.10	CHH
6	10075237	10075575	792	9	98.88	CG
6	10075237	10075575	1277	175	87.95	CHG
6	10075237	10075575	333	2761	10.76	CHH
6	10093461	10093858	765	31	96.11	CG
6	10093461	10093858	352	344	50.57	CHG
6	10093461	10093858	238	3918	5.73	CHH
6	10113029	10113177	210	5	97.67	CG
6	10113029	10113177	109	40	73.15	CHG
6	10113029	10113177	285	802	26.22	CHH
6	10217891	10218933	2052	44	97.90	CG
6	10217891	10218933	2331	324	87.80	CHG
6	10217891	10218933	745	8845	7.77	CHH
6	11173234	11173456	70	57	55.12	CG
6	11173234	11173456	853	733	53.78	CHH
6	11608473	11613132	8133	1452	84.85	CG
6	11608473	11613132	5739	3736	60.57	CHG
6	11608473	11613132	4752	31101	13.25	CHH
6	11851633	11851862	204	14	93.58	CG
6	11851633	11851862	512	155	76.76	CHG
6	11851633	11851862	137	2298	5.63	CHH
6	14122214	14122520	498	7	98.61	CG
6	14122214	14122520	545	100	84.50	CHG
6	14122214	14122520	487	1540	24.03	CHH
6	14227883	14228030	267	5	98.16	CG
6	14227883	14228030	151	45	77.04	CHG
6	14227883	14228030	93	1084	7.90	CHH
6	14470606	14472078	3181	67	97.94	CG
6	14470606	14472078	3110	500	86.15	CHG
6	14470606	14472078	1566	10503	12.98	CHH
6	14807254	14809068	3106	857	78.37	CG
6	14807254	14809068	2799	1532	64.63	CHG
6	14807254	14809068	3045	15586	16.34	CHH
6	14821713	14821802	117	2	98.32	CG
6	14821713	14821802	268	12	95.71	CHG
6	14821713	14821802	57	698	7.55	CHH
6	14830897	14831902	1448	24	98.37	CG
6	14830897	14831902	2042	281	87.90	CHG
6	14830897	14831902	553	8802	5.91	CHH
6	14905971	14906794	2048	34	98.37	CG
6	14905971	14906794	2015	195	91.18	CHG
6	14905971	14906794	757	6029	11.16	CHH
6	15103747	15105627	2957	85	97.21	CG
6	15103747	15105627	2383	501	82.63	CHG
6	15103747	15105627	1414	19059	6.91	CHH
6	15441362	15441506	6365	236	96.42	CG
6	15441362	15441506	633	416	60.34	CHG
6	15441362	15441506	988	7696	11.38	CHH
6	15563454	15563591	139	2	98.58	CG
6	15563454	15563591	216	43	83.40	CHG
6	15563454	15563591	78	1085	6.71	CHH
6	16686020	16686529	1337	34	97.52	CG
6	16686020	16686529	545	194	73.75	CHG
6	16686020	16686529	194	4106	4.51	CHH
6	17158669	17158861	332	78	80.98	CG
6	17158669	17158861	16	304	5.00	CHG
6	17158669	17158861	168	1590	9.56	CHH
6	17199198	17199462	189	14	93.10	CG
6	17199198	17199462	37	17	68.52	CHG
6	17199198	17199462	137	1520	8.27	CHH
6	17345586	17347256	6008	109	98.22	CG
6	17345586	17347256	3150	737	81.04	CHG
6	17345586	17347256	2067	15210	11.96	CHH
6	17660877	17661057	427	14	96.83	CG
6	17660877	17661057	540	107	83.46	CHG
6	17660877	17661057	120	1760	6.38	CHH
6	18643334	18643833	536	18	96.75	CG
6	18643334	18643833	185	171	51.97	CHG
6	18643334	18643833	42	359	10.47	CHH
6	18777954	18779043	1844	56	97.05	CG
6	18777954	18779043	1032	276	78.90	CHG
6	18777954	18779043	723	10725	6.32	CHH
6	18810122	18813496	7331	1003	87.96	CG
6	18810122	18813496	3395	3482	49.37	CHG
6	18810122	18813496	2082	28837	6.73	CHH
6	19312818	19314797	4002	2287	63.63	CG
6	19312818	19314797	1865	2349	44.26	CHG
6	19312818	19314797	2950	17636	14.33	CHH
6	20357482	20357681	551	9	98.39	CG
6	20357482	20357681	219	140	61.00	CHG
6	20357482	20357681	92	2121	4.16	CHH
6	20439044	20439654	8	918	0.86	CG
6	20439044	20439654	73	2059	3.42	CHG
6	20439044	20439654	181	5734	3.06	CHH
6	21127919	21128043	468	6	98.73	CG
6	21127919	21128043	10	30	25.00	CHG
6	21127919	21128043	174	1043	14.30	CHH
6	21587628	21587841	243	12	95.29	CG
6	21587628	21587841	193	21	90.19	CHG
6	21587628	21587841	400	1479	21.29	CHH
6	22156671	22156886	7	644	1.08	CG
6	22156671	22156886	10	460	2.13	CHG
6	22156671	22156886	66	2068	3.09	CHH
6	22194216	22196915	3412	1204	73.92	CG
6	22194216	22196915	1575	4190	27.32	CHG
6	22194216	22196915	1400	26795	4.97	CHH
6	22609287	22612484	4361	3159	57.99	CG
6	22609287	22612484	2673	3515	43.20	CHG
6	22609287	22612484	7166	20545	25.86	CHH
6	22611980	22612934	401	804	33.28	CG
6	22611980	22612934	456	516	46.91	CHG
6	22611980	22612934	1650	2853	36.64	CHH
6	23257492	23257741	1136	32	97.26	CG
6	23257492	23257741	451	110	80.39	CHG
6	23257492	23257741	203	891	18.56	CHH
6	23764410	23764702	81	1	98.78	CG
6	23764410	23764702	36	13	73.47	CHG
6	23764410	23764702	278	3754	6.89	CHH
6	23867262	23869017	436	8055	5.13	CG
6	23867262	23869017	771	4153	15.66	CHG
6	23867262	23869017	1666	14463	10.33	CHH
6	24469529	24469704	138	3	97.87	CG
6	24469529	24469704	484	24	95.28	CHG
6	24469529	24469704	162	1798	8.27	CHH
6	26027042	26027922	983	90	91.61	CG
6	26027042	26027922	265	740	26.37	CHG
6	26027042	26027922	466	7642	5.75	CHH
6	27428621	27432072	2318	5712	28.87	CG
6	27428621	27432072	819	8958	8.38	CHG
6	27428621	27432072	1859	29625	5.90	CHH
6	27581080	27581338	746	7	99.07	CG
6	27581080	27581338	471	92	83.66	CHG
6	27581080	27581338	533	1687	24.01	CHH
6	27924772	27924989	213	13	94.25	CG
6	27924772	27924989	25	823	2.95	CHG
6	27924772	27924989	59	1824	3.13	CHH
6	28789509	28791244	668	1189	35.97	CG
6	28789509	28791244	267	4052	6.18	CHG
6	28789509	28791244	831	15588	5.06	CHH
6	28955148	28955268	10	327	2.97	CHG
6	28955148	28955268	46	1191	3.72	CHH
6	29172271	29175087	1306	743	63.74	CG
6	29172271	29175087	233	7842	2.89	CHG
6	29172271	29175087	1075	29677	3.50	CHH
6	30516258	30516520	190	444	29.97	CG
6	30516258	30516520	53	230	18.73	CHG
6	30516258	30516520	487	1595	23.39	CHH
6	31188015	31188697	224	55	80.29	CG
6	31188015	31188697	46	1663	2.69	CHG
6	31188015	31188697	186	6712	2.70	CHH
6	31222643	31224540	2517	60	97.67	CG
6	31222643	31224540	216	4329	4.75	CHG
6	31222643	31224540	1091	17982	5.72	CHH
7	411438	411715	486	29	94.37	CG
7	411438	411715	340	364	48.30	CHG
7	411438	411715	239	2278	9.50	CHH
7	993029	993215	14	273	4.88	CG
7	993029	993215	38	422	8.26	CHG
7	993029	993215	94	1820	4.91	CHH
7	1846760	1848970	2425	483	83.39	CG
7	1846760	1848970	168	5676	2.87	CHG
7	1846760	1848970	790	22557	3.38	CHH
7	2224488	2225213	97	2155	4.31	CG
7	2224488	2225213	96	1626	5.57	CHG
7	2224488	2225213	216	5401	3.85	CHH
7	2447769	2451203	2548	9018	22.03	CG
7	2447769	2451203	1015	7827	11.48	CHG
7	2447769	2451203	2894	25536	10.18	CHH
7	2483423	2483554	425	85	83.33	CG
7	2483423	2483554	105	58	64.42	CHG
7	2483423	2483554	311	533	36.85	CHH
7	2618288	2618484	161	9	94.71	CG
7	2618288	2618484	3	78	3.70	CHG
7	2618288	2618484	81	1887	4.12	CHH
7	2946799	2949545	1501	6072	19.82	CG
7	2946799	2949545	241	8011	2.92	CHG
7	2946799	2949545	872	25713	3.28	CHH
7	3992526	3992733	223	23	90.65	CG
7	3992526	3992733	25	874	2.78	CHG
7	3992526	3992733	89	2829	3.05	CHH
7	4299561	4299774	196	272	41.88	CG
7	4299561	4299774	34	274	11.04	CHG
7	4299561	4299774	52	1631	3.09	CHH
7	4594741	4595750	424	1673	20.22	CG
7	4594741	4595750	92	2498	3.55	CHG
7	4594741	4595750	399	11146	3.46	CHH
7	4802020	4804153	211	3194	6.20	CG
7	4802020	4804153	270	2379	10.19	CHG
7	4802020	4804153	1206	19813	5.74	CHH
7	5473306	5473520	91	2	97.85	CG
7	5473306	5473520	84	13	86.60	CHG
7	5473306	5473520	68	1483	4.38	CHH
7	6327476	6328339	1808	46	97.52	CG
7	6327476	6328339	1311	249	84.04	CHG
7	6327476	6328339	493	5151	8.73	CHH
7	6575263	6575711	4	242	1.63	CG
7	6575263	6575711	6	82	6.82	CHG
7	6575263	6575711	191	4764	3.85	CHH
7	6605103	6605624	1971	64	96.86	CG
7	6605103	6605624	583	789	42.49	CHG
7	6605103	6605624	308	4175	6.87	CHH
7	6829453	6829599	33	272	10.82	CHG
7	6829453	6829599	62	1663	3.59	CHH
7	6919655	6920441	1523	372	80.37	CG
7	6919655	6920441	1110	1148	49.16	CHG
7	6919655	6920441	496	6743	6.85	CHH
7	7348687	7348951	82	4	95.35	CG
7	7348687	7348951	9	409	2.15	CHG
7	7348687	7348951	76	2948	2.51	CHH
7	7538627	7540224	1524	779	66.17	CG
7	7538627	7540224	628	1345	31.83	CHG
7	7538627	7540224	1495	12907	10.38	CHH
7	7676619	7677136	646	22	96.71	CG
7	7676619	7677136	635	106	85.70	CHG
7	7676619	7677136	404	4174	8.82	CHH
7	7868604	7868899	1168	30	97.50	CG
7	7868604	7868899	710	192	78.71	CHG
7	7868604	7868899	168	2425	6.48	CHH
7	7896981	7897138	77	1	98.72	CG
7	7896981	7897138	547	44	92.55	CHG
7	7896981	7897138	143	1653	7.96	CHH
7	7950410	7951127	226	3338	6.34	CG
7	7950410	7951127	122	2043	5.64	CHG
7	7950410	7951127	478	5276	8.31	CHH
7	8994834	8994985	337	47	87.76	CG
7	8994834	8994985	26	507	4.88	CHG
7	8994834	8994985	51	1170	4.18	CHH
7	9688947	9691039	1563	5368	22.55	CG
7	9688947	9691039	1545	2706	36.34	CHG
7	9688947	9691039	1037	13360	7.20	CHH
7	10365529	10365796	1030	13	98.75	CG
7	10365529	10365796	182	26	87.50	CHG
7	10365529	10365796	149	2037	6.82	CHH
7	10449611	10449795	237	12	95.18	CG
7	10449611	10449795	229	42	84.50	CHG
7	10449611	10449795	92	1811	4.83	CHH
7	10549868	10550083	280	11	96.22	CG
7	10549868	10550083	217	83	72.33	CHG
7	10549868	10550083	97	1792	5.13	CHH
7	10635123	10635434	398	257	60.76	CG
7	10635123	10635434	515	149	77.56	CHG
7	10635123	10635434	1318	1409	48.33	CHH
7	10877526	10878054	2608	65	97.57	CG
7	10877526	10878054	780	355	68.72	CHG
7	10877526	10878054	370	2556	12.65	CHH
7	11466967	11467449	1122	22	98.08	CG
7	11466967	11467449	648	128	83.51	CHG
7	11466967	11467449	237	3389	6.54	CHH
7	11601703	11602144	430	15	96.63	CG
7	11601703	11602144	435	70	86.14	CHG
7	11601703	11602144	430	4692	8.40	CHH
7	11983577	11984979	1117	76	93.63	CG
7	11983577	11984979	908	633	58.92	CHG
7	11983577	11984979	694	11627	5.63	CHH
7	12411232	12411465	279	1	99.64	CG
7	12411232	12411465	171	67	71.85	CHG
7	12411232	12411465	23	246	8.55	CHH
7	12792717	12792888	119	4	96.75	CG
7	12792717	12792888	182	26	87.50	CHG
7	12792717	12792888	190	1156	14.12	CHH
7	12807464	12807960	625	14	97.81	CG
7	12807464	12807960	782	495	61.24	CHG
7	12807464	12807960	400	5836	6.41	CHH
7	13460211	13460326	530	5	99.07	CG
7	13460211	13460326	73	89	45.06	CHG
7	13460211	13460326	62	370	14.35	CHH
7	15065372	15067232	3110	76	97.61	CG
7	15065372	15067232	3120	676	82.19	CHG
7	15065372	15067232	1256	18801	6.26	CHH
7	15194897	15195154	3	166	1.78	CG
7	15194897	15195154	6	198	2.94	CHG
7	15194897	15195154	85	2904	2.84	CHH
7	15838174	15840597	2197	2438	47.40	CG
7	15838174	15840597	738	2504	22.76	CHG
7	15838174	15840597	2697	16708	13.90	CHH
7	16417756	16417995	182	4	97.85	CG
7	16417756	16417995	86	40	68.25	CHG
7	16417756	16417995	193	2183	8.12	CHH
7	17006268	17006989	3733	76	98.00	CG
7	17006268	17006989	1314	324	80.22	CHG
7	17006268	17006989	864	6330	12.01	CHH
7	17339592	17339751	2	153	1.29	CG
7	17339592	17339751	5	467	1.06	CHG
7	17339592	17339751	56	1610	3.36	CHH
7	17913342	17913726	1275	14	98.91	CG
7	17913342	17913726	766	156	83.08	CHG
7	17913342	17913726	653	3725	14.92	CHH
7	18987148	18987233	10	90	10.00	CG
7	18987148	18987233	9	37	19.57	CHG
7	18987148	18987233	21	672	3.03	CHH
7	19215021	19215291	1875	52	97.30	CG
7	19215021	19215291	1076	243	81.58	CHG
7	19215021	19215291	560	2330	19.38	CHH
7	19560035	19560566	1198	12	99.01	CG
7	19560035	19560566	775	179	81.24	CHG
7	19560035	19560566	726	2165	25.11	CHH
