1	2555114	2555411	1275	61	95.43	CG
1	2555114	2555411	422	317	57.10	CHG
1	2555114	2555411	578	2095	21.62	CHH
1	8143115	8144572	992	3062	24.47	CG
1	8143115	8144572	818	1984	29.19	CHG
1	8143115	8144572	3110	11115	21.86	CHH
1	8856289	8857459	3351	125	96.40	CG
1	8856289	8857459	2036	915	68.99	CHG
1	8856289	8857459	1278	5424	19.07	CHH
1	9440253	9440373	115	2	98.29	CG
1	9440253	9440373	349	51	87.25	CHG
1	9440253	9440373	226	930	19.55	CHH
1	10922927	10924097	4696	111	97.69	CG
1	10922927	10924097	1761	983	64.18	CHG
1	10922927	10924097	2129	7098	23.07	CHH
1	10924272	10925038	1026	18	98.28	CG
1	10924272	10925038	1050	167	86.28	CHG
1	10924272	10925038	2498	3840	39.41	CHH
1	10926447	10926494	79	0	100.00	CG
1	10926447	10926494	43	12	78.18	CHG
1	10926447	10926494	156	217	41.82	CHH
1	10927779	10928239	37	1190	3.02	CG
1	10927779	10928239	142	1332	9.63	CHG
1	10927779	10928239	411	3826	9.70	CHH
1	11194466	11195470	4865	136	97.28	CG
1	11194466	11195470	1482	317	82.38	CHG
1	11194466	11195470	2175	7160	23.30	CHH
1	11195594	11197144	3998	76	98.13	CG
1	11195594	11197144	2776	344	88.97	CHG
1	11195594	11197144	5926	8181	42.01	CHH
1	11469690	11470040	1146	125	90.17	CG
1	11469690	11470040	477	284	62.68	CHG
1	11469690	11470040	591	1661	26.24	CHH
1	11476217	11476541	821	16	98.09	CG
1	11476217	11476541	367	162	69.38	CHG
1	11476217	11476541	412	2240	15.54	CHH
1	11476776	11476980	477	27	94.64	CG
1	11476776	11476980	321	206	60.91	CHG
1	11476776	11476980	172	1247	12.12	CHH
1	14960932	14961729	2657	104	96.23	CG
1	14960932	14961729	1179	939	55.67	CHG
1	14960932	14961729	1421	5241	21.33	CHH
1	20811581	20812788	1407	72	95.13	CG
1	20811581	20812788	1350	459	74.63	CHG
1	20811581	20812788	2232	10208	17.94	CHH
1	20812987	20814418	4498	119	97.42	CG
1	20812987	20814418	2937	499	85.48	CHG
1	20812987	20814418	1747	10264	14.55	CHH
1	21008974	21009872	1046	27	97.48	CG
1	21008974	21009872	1107	262	80.86	CHG
1	21008974	21009872	1717	8698	16.49	CHH
1	21009973	21014417	8523	203	97.67	CG
1	21009973	21014417	8477	4355	66.06	CHG
1	21009973	21014417	2769	37414	6.89	CHH
1	25251599	25253560	4960	1210	80.39	CG
1	25251599	25253560	2171	1781	54.93	CHG
1	25251599	25253560	4511	12602	26.36	CHH
1	25254184	25254575	1393	28	98.03	CG
1	25254184	25254575	552	173	76.14	CHG
1	25254184	25254575	1071	2109	33.68	CHH
1	26580982	26582392	5272	95	98.23	CG
1	26580982	26582392	2245	892	71.57	CHG
1	26580982	26582392	1997	7850	20.28	CHH
1	28208118	28209343	4452	82	98.19	CG
1	28208118	28209343	1729	546	76.00	CHG
1	28208118	28209343	1153	4849	19.21	CHH
1	28209629	28210983	2652	103	96.26	CG
1	28209629	28210983	2386	603	79.83	CHG
1	28209629	28210983	1702	12047	12.38	CHH
1	28211421	28212110	614	12	98.08	CG
1	28211421	28212110	875	135	86.63	CHG
1	28211421	28212110	1205	5752	17.32	CHH
1	30811371	30812183	2252	87	96.28	CG
1	30811371	30812183	1547	660	70.10	CHG
1	30811371	30812183	1465	5247	21.83	CHH
1	36452592	36453218	1556	206	88.31	CG
1	36452592	36453218	718	598	54.56	CHG
1	36452592	36453218	1131	4720	19.33	CHH
1	38451745	38452887	2952	719	80.41	CG
1	38451745	38452887	1543	1015	60.32	CHG
1	38451745	38452887	3253	7504	30.24	CHH
1	41135938	41135972	8	135	5.59	CG
1	41135938	41135972	0	71	0.00	CHG
1	41135938	41135972	1	294	0.34	CHH
2	3701316	3701517	265	5	98.15	CG
2	3701316	3701517	262	72	78.44	CHG
2	3701316	3701517	541	1529	26.14	CHH
2	6759920	6761510	3100	80	97.48	CG
2	6759920	6761510	2346	614	79.26	CHG
2	6759920	6761510	3035	10340	22.69	CHH
2	7610238	7610762	1706	41	97.65	CG
2	7610238	7610762	804	484	62.42	CHG
2	7610238	7610762	916	2801	24.64	CHH
2	8346082	8346522	747	24	96.89	CG
2	8346082	8346522	1031	159	86.64	CHG
2	8346082	8346522	935	3764	19.90	CHH
2	13582141	13582726	722	6	99.18	CG
2	13582141	13582726	862	190	81.94	CHG
2	13582141	13582726	1641	3581	31.42	CHH
2	14698488	14698632	168	129	56.57	CG
2	14698488	14698632	197	210	48.40	CHG
2	14698488	14698632	244	434	35.99	CHH
2	16555825	16557101	1393	2791	33.29	CG
2	16555825	16557101	720	2925	19.75	CHG
2	16555825	16557101	1145	8540	11.82	CHH
2	16557180	16558295	1063	1378	43.55	CG
2	16557180	16558295	1040	1551	40.14	CHG
2	16557180	16558295	2085	7355	22.09	CHH
2	29633236	29636111	5974	1562	79.27	CG
2	29633236	29636111	5104	1852	73.38	CHG
2	29633236	29636111	4910	19862	19.82	CHH
2	29778535	29779835	3542	54	98.50	CG
2	29778535	29779835	2039	383	84.19	CHG
2	29778535	29779835	2184	12944	14.44	CHH
2	29780404	29782752	4389	205	95.54	CG
2	29780404	29782752	2168	522	80.59	CHG
2	29780404	29782752	6725	17200	28.11	CHH
2	33668330	33668734	288	1074	21.15	CG
2	33668330	33668734	277	1058	20.75	CHG
2	33668330	33668734	1768	2183	44.75	CHH
3	7205990	7206396	1438	18	98.76	CG
3	7205990	7206396	1147	166	87.36	CHG
3	7205990	7206396	451	3381	11.77	CHH
3	7208162	7208468	765	18	97.70	CG
3	7208162	7208468	330	68	82.91	CHG
3	7208162	7208468	704	1979	26.24	CHH
3	10131683	10133676	5541	830	86.97	CG
3	10131683	10133676	2297	2149	51.66	CHG
3	10131683	10133676	1981	16649	10.63	CHH
3	12711049	12711825	897	38	95.94	CG
3	12711049	12711825	551	160	77.50	CHG
3	12711049	12711825	1420	4144	25.52	CHH
3	12711907	12712969	2808	172	94.23	CG
3	12711907	12712969	1808	712	71.75	CHG
3	12711907	12712969	1154	7118	13.95	CHH
3	13925598	13926734	3847	85	97.84	CG
3	13925598	13926734	1842	823	69.12	CHG
3	13925598	13926734	795	9011	8.11	CHH
3	15610099	15611396	3460	76	97.85	CG
3	15610099	15611396	1425	643	68.91	CHG
3	15610099	15611396	1618	7823	17.14	CHH
3	17446064	17447102	2606	43	98.38	CG
3	17446064	17447102	1986	275	87.84	CHG
3	17446064	17447102	1628	7033	18.80	CHH
3	19352995	19356617	12082	214	98.26	CG
3	19352995	19356617	7534	1745	81.19	CHG
3	19352995	19356617	2451	28977	7.80	CHH
3	22294607	22295687	3349	58	98.30	CG
3	22294607	22295687	2210	335	86.84	CHG
3	22294607	22295687	2724	8129	25.10	CHH
3	22295781	22296159	1393	25	98.24	CG
3	22295781	22296159	893	123	87.89	CHG
3	22295781	22296159	781	2719	22.31	CHH
3	22404232	22405507	5398	116	97.90	CG
3	22404232	22405507	2048	1045	66.21	CHG
3	22404232	22405507	1107	7247	13.25	CHH
3	27941138	27942796	2430	203	92.29	CG
3	27941138	27942796	1851	1452	56.04	CHG
3	27941138	27942796	2943	10931	21.21	CHH
3	28510179	28510777	1139	17	98.53	CG
3	28510179	28510777	666	179	78.82	CHG
3	28510179	28510777	1306	4593	22.14	CHH
4	2276177	2276551	2090	44	97.94	CG
4	2276177	2276551	669	143	82.39	CHG
4	2276177	2276551	350	2266	13.38	CHH
4	11651971	11654930	6233	142	97.77	CG
4	11651971	11654930	3342	1441	69.87	CHG
4	11651971	11654930	2398	26384	8.33	CHH
4	27689683	27689829	388	44	89.81	CG
4	27689683	27689829	130	92	58.56	CHG
4	27689683	27689829	719	577	55.48	CHH
4	29141581	29141664	276	14	95.17	CG
4	29141581	29141664	192	54	78.05	CHG
4	29141581	29141664	377	749	33.48	CHH
4	30611394	30612481	854	420	67.03	CG
4	30611394	30612481	898	786	53.33	CHG
4	30611394	30612481	2733	4378	38.43	CHH
5	662749	664095	3725	68	98.21	CG
5	662749	664095	2059	473	81.32	CHG
5	662749	664095	3185	7706	29.24	CHH
5	664360	665573	2055	340	85.80	CG
5	664360	665573	1559	1282	54.88	CHG
5	664360	665573	1401	10919	11.37	CHH
5	1136684	1139118	4931	120	97.62	CG
5	1136684	1139118	4059	1018	79.95	CHG
5	1136684	1139118	4410	18918	18.90	CHH
5	2775738	2775910	79	413	16.06	CG
5	2775738	2775910	114	122	48.31	CHG
5	2775738	2775910	442	990	30.87	CHH
5	11245127	11247429	6579	822	88.89	CG
5	11245127	11247429	3736	1146	76.53	CHG
5	11245127	11247429	4405	17185	20.40	CHH
5	13079678	13081153	4821	112	97.73	CG
5	13079678	13081153	2388	734	76.49	CHG
5	13079678	13081153	1556	9651	13.88	CHH
5	19128840	19130154	3557	74	97.96	CG
5	19128840	19130154	2110	560	79.03	CHG
5	19128840	19130154	3101	11332	21.49	CHH
5	19883682	19883838	1255	13	98.97	CG
5	19883682	19883838	989	159	86.15	CHG
5	19883682	19883838	89	440	16.82	CHH
5	19884479	19885037	1224	517	70.30	CG
5	19884479	19885037	1221	719	62.94	CHG
5	19884479	19885037	1941	2705	41.78	CHH
5	27489055	27489338	1099	28	97.52	CG
5	27489055	27489338	807	144	84.86	CHG
5	27489055	27489338	965	1434	40.23	CHH
5	27489622	27490471	647	1018	38.86	CG
5	27489622	27490471	1138	660	63.29	CHG
5	27489622	27490471	2648	4913	35.02	CHH
6	1051401	1053277	6204	238	96.31	CG
6	1051401	1053277	3207	2126	60.14	CHG
6	1051401	1053277	1916	12658	13.15	CHH
6	6075315	6076487	1637	34	97.97	CG
6	6075315	6076487	1421	266	84.23	CHG
6	6075315	6076487	1183	11727	9.16	CHH
6	6076943	6077142	933	11	98.83	CG
6	6076943	6077142	917	125	88.00	CHG
6	6076943	6077142	180	968	15.68	CHH
6	6339071	6340741	5303	80	98.51	CG
6	6339071	6340741	2504	852	74.61	CHG
6	6339071	6340741	1574	10967	12.55	CHH
6	11301673	11302182	535	11	97.99	CG
6	11301673	11302182	550	178	75.55	CHG
6	11301673	11302182	637	1278	33.26	CHH
6	12035080	12038531	10772	271	97.55	CG
6	12035080	12038531	7522	2396	75.84	CHG
6	12035080	12038531	1846	25693	6.70	CHH
6	13426051	13427806	4748	106	97.82	CG
6	13426051	13427806	2651	1003	72.55	CHG
6	13426051	13427806	3620	11386	24.12	CHH
6	13432787	13433792	1619	40	97.59	CG
6	13432787	13433792	1407	312	81.85	CHG
6	13432787	13433792	785	7710	9.24	CHH
6	13434151	13437348	7368	162	97.85	CG
6	13434151	13437348	5808	1047	84.73	CHG
6	13434151	13437348	2595	27899	8.51	CHH
6	17322463	17323417	2320	49	97.93	CG
6	17322463	17323417	1620	374	81.24	CHG
6	17322463	17323417	1103	8180	11.88	CHH
6	17674030	17675910	3212	171	94.95	CG
6	17674030	17675910	1212	2335	34.17	CHG
6	17674030	17675910	2010	19439	9.37	CHH
6	21224444	21225486	2254	1215	64.98	CG
6	21224444	21225486	1349	1697	44.29	CHG
6	21224444	21225486	1142	6150	15.66	CHH
6	21225688	21227423	7030	724	90.66	CG
6	21225688	21227423	2870	2294	55.58	CHG
6	21225688	21227423	1839	9720	15.91	CHH
6	21664378	21665467	2496	73	97.16	CG
6	21664378	21665467	1557	621	71.49	CHG
6	21664378	21665467	1723	8273	17.24	CHH
6	27800538	27801418	200	925	17.78	CG
6	27800538	27801418	238	1388	14.64	CHG
6	27800538	27801418	1367	7417	15.56	CHH
6	28515545	28517894	6775	106	98.46	CG
6	28515545	28517894	3135	952	76.71	CHG
6	28515545	28517894	3670	18752	16.37	CHH
6	29380325	29380583	160	244	39.60	CG
6	29380325	29380583	229	231	49.78	CHG
6	29380325	29380583	620	1036	37.44	CHH
7	998065	998596	841	20	97.68	CG
7	998065	998596	826	141	85.42	CHG
7	998065	998596	1151	4855	19.16	CHH
7	999799	1001396	5559	144	97.48	CG
7	999799	1001396	2748	1122	71.01	CHG
7	999799	1001396	2221	11476	16.22	CHH
7	3900733	3901027	1434	163	89.79	CG
7	3900733	3901027	434	624	41.02	CHG
7	3900733	3901027	622	1741	26.32	CHH
7	3901161	3901878	1893	52	97.33	CG
7	3901161	3901878	825	369	69.10	CHG
7	3901161	3901878	1383	6386	17.80	CHH
7	3901974	3902422	656	20	97.04	CG
7	3901974	3902422	471	147	76.21	CHG
7	3901974	3902422	1384	3292	29.60	CHH
7	5720282	5722705	4620	116	97.55	CG
7	5720282	5722705	4003	1806	68.91	CHG
7	5720282	5722705	2938	22667	11.47	CHH
7	8298338	8298633	197	33	85.65	CG
7	8298338	8298633	375	236	61.37	CHG
7	8298338	8298633	734	2006	26.79	CHH
7	8298718	8299246	1399	36	97.49	CG
7	8298718	8299246	1003	243	80.50	CHG
7	8298718	8299246	1121	4105	21.45	CHH
7	8299464	8300327	1019	22	97.89	CG
7	8299464	8300327	1184	281	80.82	CHG
7	8299464	8300327	1031	8705	10.59	CHH
7	15317591	15318975	2705	66	97.62	CG
7	15317591	15318975	2310	570	80.21	CHG
7	15317591	15318975	1458	14168	9.33	CHH
7	15677020	15677884	1272	27	97.92	CG
7	15677020	15677884	1483	400	78.76	CHG
7	15677020	15677884	1838	3708	33.14	CHH
7	19999746	20001606	4138	258	94.13	CG
7	19999746	20001606	1652	1782	48.11	CHG
7	19999746	20001606	2254	8959	20.10	CHH
7	20006322	20006843	992	22	97.83	CG
7	20006322	20006843	549	395	58.16	CHG
7	20006322	20006843	529	4295	10.97	CHH
7	22461243	22461968	2133	51	97.66	CG
7	22461243	22461968	1326	248	84.24	CHG
7	22461243	22461968	1382	4445	23.72	CHH
7	27168967	27169484	929	28	97.07	CG
7	27168967	27169484	523	185	73.87	CHG
7	27168967	27169484	1608	2232	41.88	CHH
8	3956366	3957065	1206	143	89.40	CG
8	3956366	3957065	789	661	54.41	CHG
8	3956366	3957065	1292	4826	21.12	CHH
8	4051074	4052619	3337	2066	61.76	CG
8	4051074	4052619	1051	2028	34.13	CHG
8	4051074	4052619	2485	8962	21.71	CHH
8	5776503	5777429	2430	1344	64.39	CG
8	5776503	5777429	992	1464	40.39	CHG
8	5776503	5777429	841	5408	13.46	CHH
8	5777523	5777952	1427	30	97.94	CG
8	5777523	5777952	1076	288	78.89	CHG
8	5777523	5777952	1242	2254	35.53	CHH
8	7667656	7668635	1736	49	97.25	CG
8	7667656	7668635	1440	566	71.78	CHG
8	7667656	7668635	1988	7582	20.77	CHH
8	7668975	7671382	3393	362	90.36	CG
8	7668975	7671382	1890	5497	25.59	CHG
8	7668975	7671382	2695	23201	10.41	CHH
8	7769992	7770862	1646	39	97.69	CG
8	7769992	7770862	2291	309	88.12	CHG
8	7769992	7770862	1162	7972	12.72	CHH
8	8373831	8376092	5963	118	98.06	CG
8	8373831	8376092	4220	917	82.15	CHG
8	8373831	8376092	2438	18400	11.70	CHH
8	8446534	8449768	7878	1021	88.53	CG
8	8446534	8449768	4378	1626	72.92	CHG
8	8446534	8449768	3857	30187	11.33	CHH
8	9446567	9447269	2538	74	97.17	CG
8	9446567	9447269	1059	509	67.54	CHG
8	9446567	9447269	1120	4953	18.44	CHH
8	9448173	9449184	4743	127	97.39	CG
8	9448173	9449184	1342	1031	56.55	CHG
8	9448173	9449184	1255	7710	14.00	CHH
8	15385469	15386230	1665	37	97.83	CG
8	15385469	15386230	1217	302	80.12	CHG
8	15385469	15386230	863	6442	11.81	CHH
8	15452051	15454665	7385	146	98.06	CG
8	15452051	15454665	3975	1065	78.87	CHG
8	15452051	15454665	4470	20473	17.92	CHH
8	15462558	15463189	1785	34	98.13	CG
8	15462558	15463189	1381	189	87.96	CHG
8	15462558	15463189	937	4892	16.07	CHH
8	15463325	15463489	393	9	97.76	CG
8	15463325	15463489	685	113	85.84	CHG
8	15463325	15463489	247	1214	16.91	CHH
8	15463949	15465412	1987	464	81.07	CG
8	15463949	15465412	1408	937	60.04	CHG
8	15463949	15465412	2205	12113	15.40	CHH
8	19733579	19734538	1943	160	92.39	CG
8	19733579	19734538	1148	462	71.30	CHG
8	19733579	19734538	1077	7170	13.06	CHH
8	19734616	19735488	2481	64	97.49	CG
8	19734616	19735488	1615	543	74.84	CHG
8	19734616	19735488	1858	7011	20.95	CHH
8	20981167	20986252	19528	2248	89.68	CG
8	20981167	20986252	9637	3639	72.59	CHG
8	20981167	20986252	6698	33919	16.49	CHH
8	26829088	26830470	2961	392	88.31	CG
8	26829088	26830470	1823	909	66.73	CHG
8	26829088	26830470	1254	7999	13.55	CHH
9	1293289	1296834	8913	313	96.61	CG
9	1293289	1296834	4656	1229	79.12	CHG
9	1293289	1296834	5084	25046	16.87	CHH
9	1297015	1297850	3056	52	98.33	CG
9	1297015	1297850	1139	238	82.72	CHG
9	1297015	1297850	1049	6958	13.10	CHH
9	3227798	3229550	4090	79	98.11	CG
9	3227798	3229550	2575	840	75.40	CHG
9	3227798	3229550	1866	13542	12.11	CHH
9	3229897	3231099	2601	55	97.93	CG
9	3229897	3231099	1887	1145	62.24	CHG
9	3229897	3231099	1803	11014	14.07	CHH
9	3515363	3516506	3421	62	98.22	CG
9	3515363	3516506	2402	1029	70.01	CHG
9	3515363	3516506	952	9374	9.22	CHH
9	3516815	3517763	4126	79	98.12	CG
9	3516815	3517763	1884	2220	45.91	CHG
9	3516815	3517763	550	7454	6.87	CHH
9	3730715	3731926	1756	961	64.63	CG
9	3730715	3731926	762	1507	33.58	CHG
9	3730715	3731926	1407	9400	13.02	CHH
9	9557293	9558428	3037	110	96.50	CG
9	9557293	9558428	1842	455	80.19	CHG
9	9557293	9558428	2770	8603	24.36	CHH
9	12178127	12181584	6173	150	97.63	CG
9	12178127	12181584	6478	1307	83.21	CHG
9	12178127	12181584	3207	29679	9.75	CHH
9	12419030	12419675	2159	66	97.03	CG
9	12419030	12419675	1948	746	72.31	CHG
9	12419030	12419675	867	4917	14.99	CHH
9	12420619	12426858	11625	274	97.70	CG
9	12420619	12426858	16952	2426	87.48	CHG
9	12420619	12426858	5290	50171	9.54	CHH
9	15229746	15230319	1286	30	97.72	CG
9	15229746	15230319	920	189	82.96	CHG
9	15229746	15230319	466	2349	16.55	CHH
9	15230410	15231901	5199	127	97.62	CG
9	15230410	15231901	2640	652	80.19	CHG
9	15230410	15231901	1841	10114	15.40	CHH
9	17429413	17430049	1130	28	97.58	CG
9	17429413	17430049	812	133	85.93	CHG
9	17429413	17430049	3392	2342	59.16	CHH
10	402636	402987	796	23	97.19	CG
10	402636	402987	486	233	67.59	CHG
10	402636	402987	1401	2011	41.06	CHH
10	705178	705397	1656	16	99.04	CG
10	705178	705397	1122	295	79.18	CHG
10	705178	705397	66	853	7.18	CHH
10	706000	706142	843	11	98.71	CG
10	706000	706142	689	128	84.33	CHG
10	706000	706142	148	541	21.48	CHH
10	5925941	5926484	720	22	97.04	CG
10	5925941	5926484	560	288	66.04	CHG
10	5925941	5926484	348	5425	6.03	CHH
10	5927422	5928302	1314	26	98.06	CG
10	5927422	5928302	745	262	73.98	CHG
10	5927422	5928302	1381	8081	14.60	CHH
10	9629597	9630043	291	1003	22.49	CG
10	9629597	9630043	399	1351	22.80	CHG
10	9629597	9630043	889	2825	23.94	CHH
10	11210121	11211317	2323	52	97.81	CG
10	11210121	11211317	1578	249	86.37	CHG
10	11210121	11211317	1237	9214	11.84	CHH
10	16005555	16006259	1407	102	93.24	CG
10	16005555	16006259	882	363	70.84	CHG
10	16005555	16006259	2342	3133	42.78	CHH
11	3230048	3230169	132	8	94.29	CG
11	3230048	3230169	177	68	72.24	CHG
11	3230048	3230169	316	883	26.36	CHH
11	6296560	6298355	2937	776	79.10	CG
11	6296560	6298355	2612	1783	59.43	CHG
11	6296560	6298355	2006	16610	10.78	CHH
11	7729318	7730196	1498	38	97.53	CG
11	7729318	7730196	1960	284	87.34	CHG
11	7729318	7730196	1060	7305	12.67	CHH
11	7736107	7738642	6376	180	97.25	CG
11	7736107	7738642	3777	2048	64.84	CHG
11	7736107	7738642	4945	17818	21.72	CHH
11	7738733	7740049	2386	41	98.31	CG
11	7738733	7740049	1608	420	79.29	CHG
11	7738733	7740049	2847	8979	24.07	CHH
11	8911345	8913282	1054	772	57.72	CG
11	8911345	8913282	1591	3173	33.40	CHG
11	8911345	8913282	4542	16334	21.76	CHH
11	11148469	11148552	427	69	86.09	CG
11	11148469	11148552	83	73	53.21	CHG
11	11148469	11148552	113	244	31.65	CHH
11	15466012	15467596	1823	3124	36.85	CG
11	15466012	15467596	1007	2877	25.93	CHG
11	15466012	15467596	1741	9346	15.70	CHH
11	17162539	17163796	6891	94	98.65	CG
11	17162539	17163796	1763	1228	58.94	CHG
11	17162539	17163796	450	5733	7.28	CHH
11	17164953	17166701	3418	116	96.72	CG
11	17164953	17166701	2088	1367	60.43	CHG
11	17164953	17166701	2081	14364	12.65	CHH
11	17166830	17167277	1463	31	97.93	CG
11	17166830	17167277	770	869	46.98	CHG
11	17166830	17167277	937	3763	19.94	CHH
11	17167358	17167576	630	21	96.77	CG
11	17167358	17167576	220	199	52.51	CHG
11	17167358	17167576	462	1454	24.11	CHH
11	17167722	17168412	1840	58	96.94	CG
11	17167722	17168412	852	542	61.12	CHG
11	17167722	17168412	1186	4626	20.41	CHH
11	17168615	17170260	3243	96	97.12	CG
11	17168615	17170260	3814	879	81.27	CHG
11	17168615	17170260	1369	11957	10.27	CHH
11	22338223	22342581	12721	306	97.65	CG
11	22338223	22342581	8726	1921	81.96	CHG
11	22338223	22342581	5716	31463	15.37	CHH
11	24390111	24390786	344	3	99.14	CG
11	24390111	24390786	1586	529	74.99	CHG
11	24390111	24390786	1289	4831	21.06	CHH
12	4737413	4737840	499	45	91.73	CG
12	4737413	4737840	443	223	66.52	CHG
12	4737413	4737840	1775	1782	49.90	CHH
12	4898920	4899775	2114	132	94.12	CG
12	4898920	4899775	911	696	56.69	CHG
12	4898920	4899775	2449	5938	29.20	CHH
12	4902073	4902516	929	121	88.48	CG
12	4902073	4902516	279	399	41.15	CHG
12	4902073	4902516	941	3051	23.57	CHH
12	9062972	9063466	1208	25	97.97	CG
12	9062972	9063466	823	557	59.64	CHG
12	9062972	9063466	320	3350	8.72	CHH
12	9064169	9064334	429	6	98.62	CG
12	9064169	9064334	300	159	65.36	CHG
12	9064169	9064334	243	1558	13.49	CHH
12	9064925	9066118	2675	368	87.91	CG
12	9064925	9066118	910	1348	40.30	CHG
12	9064925	9066118	2088	7302	22.24	CHH
12	17504082	17504299	644	8	98.77	CG
12	17504082	17504299	502	116	81.23	CHG
12	17504082	17504299	257	1863	12.12	CHH
12	17987554	17988996	3978	83	97.96	CG
12	17987554	17988996	2284	597	79.28	CHG
12	17987554	17988996	2130	12137	14.93	CHH
12	18861738	18863268	1145	23	98.03	CG
12	18861738	18863268	528	602	46.73	CHG
12	18861738	18863268	2391	13237	15.30	CHH
12	18864308	18866205	4795	117	97.62	CG
12	18864308	18866205	3181	758	80.76	CHG
12	18864308	18866205	4711	11422	29.20	CHH
