1	2555114	2555411	1066	43	96.12	CG
1	2555114	2555411	403	208	65.96	CHG
1	2555114	2555411	531	1821	22.58	CHH
1	8143115	8144572	1303	2535	33.95	CG
1	8143115	8144572	1087	1843	37.10	CHG
1	8143115	8144572	3964	10949	26.58	CHH
1	8856289	8857459	3741	103	97.32	CG
1	8856289	8857459	2307	941	71.03	CHG
1	8856289	8857459	1559	5979	20.68	CHH
1	9440253	9440373	127	4	96.95	CG
1	9440253	9440373	425	33	92.79	CHG
1	9440253	9440373	277	975	22.12	CHH
1	10922927	10924097	4838	68	98.61	CG
1	10922927	10924097	1948	991	66.28	CHG
1	10922927	10924097	2521	6626	27.56	CHH
1	10924272	10925038	1072	27	97.54	CG
1	10924272	10925038	1140	188	85.84	CHG
1	10924272	10925038	3154	3428	47.92	CHH
1	10926447	10926494	83	0	100.00	CG
1	10926447	10926494	51	16	76.12	CHG
1	10926447	10926494	147	302	32.74	CHH
1	10927779	10928239	34	1300	2.55	CG
1	10927779	10928239	147	1453	9.19	CHG
1	10927779	10928239	418	4063	9.33	CHH
1	11194466	11195470	4019	145	96.52	CG
1	11194466	11195470	1281	269	82.65	CHG
1	11194466	11195470	2224	5920	27.31	CHH
1	11195594	11197144	4159	59	98.60	CG
1	11195594	11197144	2935	267	91.66	CHG
1	11195594	11197144	6886	7614	47.49	CHH
1	11469690	11470040	1126	255	81.54	CG
1	11469690	11470040	470	353	57.11	CHG
1	11469690	11470040	797	1749	31.30	CHH
1	11476217	11476541	1007	33	96.83	CG
1	11476217	11476541	504	165	75.34	CHG
1	11476217	11476541	581	2481	18.97	CHH
1	11476776	11476980	432	31	93.30	CG
1	11476776	11476980	313	224	58.29	CHG
1	11476776	11476980	168	1204	12.24	CHH
1	14960932	14961729	2710	73	97.38	CG
1	14960932	14961729	1284	905	58.66	CHG
1	14960932	14961729	2006	4996	28.65	CHH
1	20811581	20812788	1541	69	95.71	CG
1	20811581	20812788	1581	492	76.27	CHG
1	20811581	20812788	2949	10283	22.29	CHH
1	20812987	20814418	4631	93	98.03	CG
1	20812987	20814418	3001	518	85.28	CHG
1	20812987	20814418	1923	10318	15.71	CHH
1	21008974	21009872	947	21	97.83	CG
1	21008974	21009872	994	203	83.04	CHG
1	21008974	21009872	1417	7344	16.17	CHH
1	21009973	21014417	8155	248	97.05	CG
1	21009973	21014417	7585	4547	62.52	CHG
1	21009973	21014417	3191	35373	8.27	CHH
1	25251599	25253560	5097	1208	80.84	CG
1	25251599	25253560	2179	1880	53.68	CHG
1	25251599	25253560	5030	11918	29.68	CHH
1	25254184	25254575	1341	40	97.10	CG
1	25254184	25254575	540	166	76.49	CHG
1	25254184	25254575	1123	1882	37.37	CHH
1	26580982	26582392	4998	78	98.46	CG
1	26580982	26582392	2209	827	72.76	CHG
1	26580982	26582392	1986	7148	21.74	CHH
1	28208118	28209343	5022	100	98.05	CG
1	28208118	28209343	1893	723	72.36	CHG
1	28208118	28209343	1212	5452	18.19	CHH
1	28209629	28210983	2432	123	95.19	CG
1	28209629	28210983	2202	545	80.16	CHG
1	28209629	28210983	1789	10966	14.03	CHH
1	28211421	28212110	681	9	98.70	CG
1	28211421	28212110	977	110	89.88	CHG
1	28211421	28212110	1553	5605	21.70	CHH
1	30811371	30812183	2007	95	95.48	CG
1	30811371	30812183	1334	702	65.52	CHG
1	30811371	30812183	1408	4927	22.23	CHH
1	36452592	36453218	1380	251	84.61	CG
1	36452592	36453218	652	570	53.36	CHG
1	36452592	36453218	1203	3935	23.41	CHH
1	38451745	38452887	2998	739	80.22	CG
1	38451745	38452887	1604	1004	61.50	CHG
1	38451745	38452887	3861	6933	35.77	CHH
1	41135938	41135972	13	104	11.11	CG
1	41135938	41135972	6	56	9.68	CHG
1	41135938	41135972	13	247	5.00	CHH
2	3701316	3701517	220	4	98.21	CG
2	3701316	3701517	225	93	70.75	CHG
2	3701316	3701517	562	1349	29.41	CHH
2	6759920	6761510	3228	90	97.29	CG
2	6759920	6761510	2576	521	83.18	CHG
2	6759920	6761510	3402	10637	24.23	CHH
2	7610238	7610762	2157	71	96.81	CG
2	7610238	7610762	983	661	59.79	CHG
2	7610238	7610762	1382	3469	28.49	CHH
2	8346082	8346522	807	10	98.78	CG
2	8346082	8346522	1105	96	92.01	CHG
2	8346082	8346522	1041	3806	21.48	CHH
2	13582141	13582726	783	20	97.51	CG
2	13582141	13582726	999	205	82.97	CHG
2	13582141	13582726	1856	3968	31.87	CHH
2	14698488	14698632	227	157	59.11	CG
2	14698488	14698632	285	244	53.88	CHG
2	14698488	14698632	393	482	44.91	CHH
2	16555825	16557101	1435	2657	35.07	CG
2	16555825	16557101	736	2770	20.99	CHG
2	16555825	16557101	1137	7587	13.03	CHH
2	16557180	16558295	1079	1784	37.69	CG
2	16557180	16558295	1214	1807	40.19	CHG
2	16557180	16558295	2485	8488	22.65	CHH
2	29633236	29636111	6578	1420	82.25	CG
2	29633236	29636111	5291	1689	75.80	CHG
2	29633236	29636111	5621	19569	22.31	CHH
2	29778535	29779835	3205	66	97.98	CG
2	29778535	29779835	1874	376	83.29	CHG
2	29778535	29779835	2479	11580	17.63	CHH
2	29780404	29782752	4247	203	95.44	CG
2	29780404	29782752	2080	492	80.87	CHG
2	29780404	29782752	7079	15557	31.27	CHH
2	33668330	33668734	342	1186	22.38	CG
2	33668330	33668734	283	1155	19.68	CHG
2	33668330	33668734	1644	2302	41.66	CHH
3	7205990	7206396	1217	25	97.99	CG
3	7205990	7206396	948	138	87.29	CHG
3	7205990	7206396	430	2819	13.23	CHH
3	7208162	7208468	757	23	97.05	CG
3	7208162	7208468	326	59	84.68	CHG
3	7208162	7208468	688	1873	26.86	CHH
3	10131683	10133676	5494	960	85.13	CG
3	10131683	10133676	2277	2206	50.79	CHG
3	10131683	10133676	1935	16748	10.36	CHH
3	12711049	12711825	1085	34	96.96	CG
3	12711049	12711825	641	219	74.53	CHG
3	12711049	12711825	1706	5056	25.23	CHH
3	12711907	12712969	3012	205	93.63	CG
3	12711907	12712969	2004	843	70.39	CHG
3	12711907	12712969	1620	7657	17.46	CHH
3	13925598	13926734	3851	76	98.06	CG
3	13925598	13926734	1823	784	69.93	CHG
3	13925598	13926734	1056	8689	10.84	CHH
3	15610099	15611396	3622	65	98.24	CG
3	15610099	15611396	1435	665	68.33	CHG
3	15610099	15611396	1772	7875	18.37	CHH
3	17446064	17447102	2749	63	97.76	CG
3	17446064	17447102	2044	266	88.48	CHG
3	17446064	17447102	1791	7410	19.47	CHH
3	19352995	19356617	12174	244	98.04	CG
3	19352995	19356617	7803	1701	82.10	CHG
3	19352995	19356617	3111	28823	9.74	CHH
3	22294607	22295687	3295	38	98.86	CG
3	22294607	22295687	2194	333	86.82	CHG
3	22294607	22295687	2882	7858	26.83	CHH
3	22295781	22296159	1318	17	98.73	CG
3	22295781	22296159	882	90	90.74	CHG
3	22295781	22296159	852	2398	26.22	CHH
3	22404232	22405507	4338	93	97.90	CG
3	22404232	22405507	1563	871	64.22	CHG
3	22404232	22405507	969	5569	14.82	CHH
3	27941138	27942796	2552	136	94.94	CG
3	27941138	27942796	1968	1577	55.51	CHG
3	27941138	27942796	3460	11459	23.19	CHH
3	28510179	28510777	1002	12	98.82	CG
3	28510179	28510777	602	137	81.46	CHG
3	28510179	28510777	1345	4033	25.01	CHH
4	2276177	2276551	1848	22	98.82	CG
4	2276177	2276551	605	154	79.71	CHG
4	2276177	2276551	352	2052	14.64	CHH
4	11651971	11654930	6438	136	97.93	CG
4	11651971	11654930	3451	1607	68.23	CHG
4	11651971	11654930	3272	26617	10.95	CHH
4	27689683	27689829	449	45	90.89	CG
4	27689683	27689829	126	113	52.72	CHG
4	27689683	27689829	833	618	57.41	CHH
4	29141581	29141664	221	4	98.22	CG
4	29141581	29141664	165	38	81.28	CHG
4	29141581	29141664	422	598	41.37	CHH
4	30611394	30612481	870	458	65.51	CG
4	30611394	30612481	863	851	50.35	CHG
4	30611394	30612481	2748	4620	37.30	CHH
5	662749	664095	3440	58	98.34	CG
5	662749	664095	1802	464	79.52	CHG
5	662749	664095	3172	6768	31.91	CHH
5	664360	665573	1900	366	83.85	CG
5	664360	665573	1454	1176	55.29	CHG
5	664360	665573	1521	9317	14.03	CHH
5	1136684	1139118	4956	120	97.64	CG
5	1136684	1139118	4033	954	80.87	CHG
5	1136684	1139118	5046	17468	22.41	CHH
5	2775738	2775910	100	503	16.58	CG
5	2775738	2775910	161	162	49.85	CHG
5	2775738	2775910	646	1157	35.83	CHH
5	11245127	11247429	5981	853	87.52	CG
5	11245127	11247429	3541	1053	77.08	CHG
5	11245127	11247429	4798	15711	23.39	CHH
5	13079678	13081153	4719	180	96.33	CG
5	13079678	13081153	2569	645	79.93	CHG
5	13079678	13081153	1909	9642	16.53	CHH
5	19128840	19130154	3709	56	98.51	CG
5	19128840	19130154	2299	444	83.81	CHG
5	19128840	19130154	3635	9476	27.72	CHH
5	19883682	19883838	1039	11	98.95	CG
5	19883682	19883838	836	157	84.19	CHG
5	19883682	19883838	74	399	15.64	CHH
5	19884479	19885037	1223	456	72.84	CG
5	19884479	19885037	1169	623	65.23	CHG
5	19884479	19885037	1805	2300	43.97	CHH
5	27489055	27489338	1017	26	97.51	CG
5	27489055	27489338	721	137	84.03	CHG
5	27489055	27489338	1088	1380	44.08	CHH
5	27489622	27490471	615	1045	37.05	CG
5	27489622	27490471	1201	727	62.29	CHG
5	27489622	27490471	3057	5078	37.58	CHH
6	1051401	1053277	5891	174	97.13	CG
6	1051401	1053277	2932	2305	55.99	CHG
6	1051401	1053277	2004	12009	14.30	CHH
6	6075315	6076487	1671	26	98.47	CG
6	6075315	6076487	1330	235	84.98	CHG
6	6075315	6076487	1489	11245	11.69	CHH
6	6076943	6077142	1088	10	99.09	CG
6	6076943	6077142	1055	138	88.43	CHG
6	6076943	6077142	249	1070	18.88	CHH
6	6339071	6340741	5353	118	97.84	CG
6	6339071	6340741	2483	869	74.08	CHG
6	6339071	6340741	1771	11121	13.74	CHH
6	11301673	11302182	697	10	98.59	CG
6	11301673	11302182	681	223	75.33	CHG
6	11301673	11302182	751	1381	35.23	CHH
6	12035080	12038531	11896	231	98.10	CG
6	12035080	12038531	8173	2574	76.05	CHG
6	12035080	12038531	2380	27750	7.90	CHH
6	13426051	13427806	5261	187	96.57	CG
6	13426051	13427806	2827	1166	70.80	CHG
6	13426051	13427806	4812	11702	29.14	CHH
6	13432787	13433792	1721	21	98.79	CG
6	13432787	13433792	1501	315	82.65	CHG
6	13432787	13433792	1185	7617	13.46	CHH
6	13434151	13437348	7902	189	97.66	CG
6	13434151	13437348	6367	1065	85.67	CHG
6	13434151	13437348	3218	29424	9.86	CHH
6	17322463	17323417	1886	46	97.62	CG
6	17322463	17323417	1358	363	78.91	CHG
6	17322463	17323417	1041	6578	13.66	CHH
6	17674030	17675910	2804	169	94.32	CG
6	17674030	17675910	1198	1896	38.72	CHG
6	17674030	17675910	1986	17298	10.30	CHH
6	21224444	21225486	2535	1369	64.93	CG
6	21224444	21225486	1490	1918	43.72	CHG
6	21224444	21225486	1510	6541	18.76	CHH
6	21225688	21227423	6957	629	91.71	CG
6	21225688	21227423	2859	2278	55.66	CHG
6	21225688	21227423	2021	9341	17.79	CHH
6	21664378	21665467	2501	78	96.98	CG
6	21664378	21665467	1483	560	72.59	CHG
6	21664378	21665467	1996	7632	20.73	CHH
6	27800538	27801418	256	908	21.99	CG
6	27800538	27801418	303	1325	18.61	CHG
6	27800538	27801418	1584	6731	19.05	CHH
6	28515545	28517894	6796	187	97.32	CG
6	28515545	28517894	3205	901	78.06	CHG
6	28515545	28517894	3680	17722	17.19	CHH
6	29380325	29380583	208	285	42.19	CG
6	29380325	29380583	354	279	55.92	CHG
6	29380325	29380583	1005	1132	47.03	CHH
7	998065	998596	823	16	98.09	CG
7	998065	998596	851	127	87.01	CHG
7	998065	998596	1334	4684	22.17	CHH
7	999799	1001396	5449	80	98.55	CG
7	999799	1001396	3020	1060	74.02	CHG
7	999799	1001396	2239	11144	16.73	CHH
7	3900733	3901027	1232	112	91.67	CG
7	3900733	3901027	404	542	42.71	CHG
7	3900733	3901027	579	1548	27.22	CHH
7	3901161	3901878	1699	35	97.98	CG
7	3901161	3901878	682	332	67.26	CHG
7	3901161	3901878	1307	4792	21.43	CHH
7	3901974	3902422	513	14	97.34	CG
7	3901974	3902422	370	79	82.41	CHG
7	3901974	3902422	1089	2689	28.82	CHH
7	5720282	5722705	4125	70	98.33	CG
7	5720282	5722705	3554	1442	71.14	CHG
7	5720282	5722705	3117	19946	13.52	CHH
7	8298338	8298633	173	16	91.53	CG
7	8298338	8298633	301	143	67.79	CHG
7	8298338	8298633	800	1664	32.47	CHH
7	8298718	8299246	1365	35	97.50	CG
7	8298718	8299246	1065	203	83.99	CHG
7	8298718	8299246	1307	3689	26.16	CHH
7	8299464	8300327	957	28	97.16	CG
7	8299464	8300327	1149	177	86.65	CHG
7	8299464	8300327	1048	7322	12.52	CHH
7	15317591	15318975	2459	55	97.81	CG
7	15317591	15318975	2164	539	80.06	CHG
7	15317591	15318975	1414	12628	10.07	CHH
7	15677020	15677884	1780	28	98.45	CG
7	15677020	15677884	2036	424	82.76	CHG
7	15677020	15677884	2619	4674	35.91	CHH
7	19999746	20001606	3920	272	93.51	CG
7	19999746	20001606	1651	1609	50.64	CHG
7	19999746	20001606	2630	8471	23.69	CHH
7	20006322	20006843	1256	22	98.28	CG
7	20006322	20006843	838	323	72.18	CHG
7	20006322	20006843	659	5214	11.22	CHH
7	22461243	22461968	2364	92	96.25	CG
7	22461243	22461968	1459	268	84.48	CHG
7	22461243	22461968	1658	4775	25.77	CHH
7	27168967	27169484	1113	32	97.21	CG
7	27168967	27169484	614	209	74.61	CHG
7	27168967	27169484	1902	2211	46.24	CHH
8	3956366	3957065	1304	183	87.69	CG
8	3956366	3957065	829	782	51.46	CHG
8	3956366	3957065	1396	5478	20.31	CHH
8	4051074	4052619	3288	2457	57.23	CG
8	4051074	4052619	1194	2071	36.57	CHG
8	4051074	4052619	2750	8875	23.66	CHH
8	5776503	5777429	1869	1489	55.66	CG
8	5776503	5777429	892	1262	41.41	CHG
8	5776503	5777429	756	4574	14.18	CHH
8	5777523	5777952	1716	28	98.39	CG
8	5777523	5777952	1342	338	79.88	CHG
8	5777523	5777952	1704	2590	39.68	CHH
8	7667656	7668635	1856	41	97.84	CG
8	7667656	7668635	1448	694	67.60	CHG
8	7667656	7668635	2488	7613	24.63	CHH
8	7668975	7671382	3377	379	89.91	CG
8	7668975	7671382	1697	5808	22.61	CHG
8	7668975	7671382	3053	22978	11.73	CHH
8	7769992	7770862	1690	39	97.74	CG
8	7769992	7770862	2393	253	90.44	CHG
8	7769992	7770862	1368	7615	15.23	CHH
8	8373831	8376092	5690	152	97.40	CG
8	8373831	8376092	4066	921	81.53	CHG
8	8373831	8376092	2769	17091	13.94	CHH
8	8446534	8449768	8156	872	90.34	CG
8	8446534	8449768	4441	1465	75.19	CHG
8	8446534	8449768	4601	29804	13.37	CHH
8	9446567	9447269	2802	74	97.43	CG
8	9446567	9447269	1140	527	68.39	CHG
8	9446567	9447269	1385	4909	22.01	CHH
8	9448173	9449184	4001	108	97.37	CG
8	9448173	9449184	1123	985	53.27	CHG
8	9448173	9449184	1341	6730	16.62	CHH
8	15385469	15386230	1815	42	97.74	CG
8	15385469	15386230	1226	332	78.69	CHG
8	15385469	15386230	1112	6795	14.06	CHH
8	15452051	15454665	7236	132	98.21	CG
8	15452051	15454665	3703	1051	77.89	CHG
8	15452051	15454665	4866	19253	20.17	CHH
8	15462558	15463189	1919	47	97.61	CG
8	15462558	15463189	1454	203	87.75	CHG
8	15462558	15463189	1144	4832	19.14	CHH
8	15463325	15463489	397	12	97.07	CG
8	15463325	15463489	712	125	85.07	CHG
8	15463325	15463489	283	1365	17.17	CHH
8	15463949	15465412	1841	536	77.45	CG
8	15463949	15465412	1485	969	60.51	CHG
8	15463949	15465412	2581	12757	16.83	CHH
8	19733579	19734538	2129	184	92.04	CG
8	19733579	19734538	1163	531	68.65	CHG
8	19733579	19734538	1341	7863	14.57	CHH
8	19734616	19735488	1974	31	98.45	CG
8	19734616	19735488	1368	377	78.40	CHG
8	19734616	19735488	2110	5872	26.43	CHH
8	20981167	20986252	20900	1967	91.40	CG
8	20981167	20986252	10218	3538	74.28	CHG
8	20981167	20986252	7040	33429	17.40	CHH
8	26829088	26830470	2719	381	87.71	CG
8	26829088	26830470	1748	823	67.99	CHG
8	26829088	26830470	1393	7651	15.40	CHH
9	1293289	1296834	9547	232	97.63	CG
9	1293289	1296834	5048	1100	82.11	CHG
9	1293289	1296834	6317	26347	19.34	CHH
9	1297015	1297850	3244	46	98.60	CG
9	1297015	1297850	1228	209	85.46	CHG
9	1297015	1297850	1595	7126	18.29	CHH
9	3227798	3229550	3560	84	97.69	CG
9	3227798	3229550	2439	714	77.35	CHG
9	3227798	3229550	2061	12048	14.61	CHH
9	3229897	3231099	2721	55	98.02	CG
9	3229897	3231099	2224	981	69.39	CHG
9	3229897	3231099	2219	11074	16.69	CHH
9	3515363	3516506	3144	61	98.10	CG
9	3515363	3516506	2437	927	72.44	CHG
9	3515363	3516506	1146	8800	11.52	CHH
9	3516815	3517763	2743	60	97.86	CG
9	3516815	3517763	1326	1667	44.30	CHG
9	3516815	3517763	455	5448	7.71	CHH
9	3730715	3731926	2009	1000	66.77	CG
9	3730715	3731926	868	1514	36.44	CHG
9	3730715	3731926	2000	9729	17.05	CHH
9	9557293	9558428	2640	51	98.10	CG
9	9557293	9558428	1597	355	81.81	CHG
9	9557293	9558428	2348	7126	24.78	CHH
9	12178127	12181584	6511	147	97.79	CG
9	12178127	12181584	6771	1278	84.12	CHG
9	12178127	12181584	3883	29575	11.61	CHH
9	12419030	12419675	1902	45	97.69	CG
9	12419030	12419675	1830	565	76.41	CHG
9	12419030	12419675	736	4271	14.70	CHH
9	12420619	12426858	11809	238	98.02	CG
9	12420619	12426858	17265	2240	88.52	CHG
9	12420619	12426858	6682	50896	11.61	CHH
9	15229746	15230319	1433	77	94.90	CG
9	15229746	15230319	998	233	81.07	CHG
9	15229746	15230319	535	2198	19.58	CHH
9	15230410	15231901	5493	153	97.29	CG
9	15230410	15231901	2765	610	81.93	CHG
9	15230410	15231901	2469	10167	19.54	CHH
9	17429413	17430049	1202	36	97.09	CG
9	17429413	17430049	855	158	84.40	CHG
9	17429413	17430049	3663	2656	57.97	CHH
10	402636	402987	867	23	97.42	CG
10	402636	402987	549	251	68.62	CHG
10	402636	402987	1540	1944	44.20	CHH
10	705178	705397	1562	16	98.99	CG
10	705178	705397	1053	256	80.44	CHG
10	705178	705397	89	811	9.89	CHH
10	706000	706142	719	7	99.04	CG
10	706000	706142	592	97	85.92	CHG
10	706000	706142	129	435	22.87	CHH
10	5925941	5926484	786	12	98.50	CG
10	5925941	5926484	588	295	66.59	CHG
10	5925941	5926484	459	5861	7.26	CHH
10	5927422	5928302	1344	26	98.10	CG
10	5927422	5928302	828	220	79.01	CHG
10	5927422	5928302	1945	8210	19.15	CHH
10	9629597	9630043	351	1056	24.95	CG
10	9629597	9630043	521	1319	28.32	CHG
10	9629597	9630043	1088	2784	28.10	CHH
10	11210121	11211317	2517	43	98.32	CG
10	11210121	11211317	1732	234	88.10	CHG
10	11210121	11211317	1512	10118	13.00	CHH
10	16005555	16006259	1618	65	96.14	CG
10	16005555	16006259	932	428	68.53	CHG
10	16005555	16006259	2869	3076	48.26	CHH
11	3230048	3230169	159	2	98.76	CG
11	3230048	3230169	187	38	83.11	CHG
11	3230048	3230169	336	981	25.51	CHH
11	6296560	6298355	2861	845	77.20	CG
11	6296560	6298355	2636	1849	58.77	CHG
11	6296560	6298355	2284	16443	12.20	CHH
11	7729318	7730196	1300	28	97.89	CG
11	7729318	7730196	1937	298	86.67	CHG
11	7729318	7730196	1184	6160	16.12	CHH
11	7736107	7738642	6341	153	97.64	CG
11	7736107	7738642	4188	1816	69.75	CHG
11	7736107	7738642	5674	16764	25.29	CHH
11	7738733	7740049	2379	47	98.06	CG
11	7738733	7740049	1590	384	80.55	CHG
11	7738733	7740049	3355	8992	27.17	CHH
11	8911345	8913282	1065	784	57.60	CG
11	8911345	8913282	1503	3107	32.60	CHG
11	8911345	8913282	5062	15407	24.73	CHH
11	11148469	11148552	628	42	93.73	CG
11	11148469	11148552	123	89	58.02	CHG
11	11148469	11148552	167	298	35.91	CHH
11	15466012	15467596	1913	3343	36.40	CG
11	15466012	15467596	1015	2967	25.49	CHG
11	15466012	15467596	2080	9100	18.60	CHH
11	17162539	17163796	7666	139	98.22	CG
11	17162539	17163796	1811	1551	53.87	CHG
11	17162539	17163796	600	6521	8.43	CHH
11	17164953	17166701	3123	195	94.12	CG
11	17164953	17166701	1824	1437	55.93	CHG
11	17164953	17166701	2574	12114	17.52	CHH
11	17166830	17167277	1353	30	97.83	CG
11	17166830	17167277	678	758	47.21	CHG
11	17166830	17167277	1035	3159	24.68	CHH
11	17167358	17167576	804	18	97.81	CG
11	17167358	17167576	278	220	55.82	CHG
11	17167358	17167576	648	1641	28.31	CHH
11	17167722	17168412	2056	52	97.53	CG
11	17167722	17168412	898	617	59.27	CHG
11	17167722	17168412	1518	4929	23.55	CHH
11	17168615	17170260	3192	76	97.67	CG
11	17168615	17170260	3722	912	80.32	CHG
11	17168615	17170260	1414	11508	10.94	CHH
11	22338223	22342581	12846	298	97.73	CG
11	22338223	22342581	9123	1794	83.57	CHG
11	22338223	22342581	5927	31950	15.65	CHH
11	24390111	24390786	350	9	97.49	CG
11	24390111	24390786	1549	705	68.72	CHG
11	24390111	24390786	1665	4807	25.73	CHH
12	4737413	4737840	484	62	88.64	CG
12	4737413	4737840	419	193	68.46	CHG
12	4737413	4737840	1772	1604	52.49	CHH
12	4898920	4899775	2074	53	97.51	CG
12	4898920	4899775	811	700	53.67	CHG
12	4898920	4899775	2406	5858	29.11	CHH
12	4902073	4902516	980	92	91.42	CG
12	4902073	4902516	317	338	48.40	CHG
12	4902073	4902516	1019	2713	27.30	CHH
12	9062972	9063466	1314	43	96.83	CG
12	9062972	9063466	851	652	56.62	CHG
12	9062972	9063466	421	3616	10.43	CHH
12	9064169	9064334	324	5	98.48	CG
12	9064169	9064334	204	123	62.39	CHG
12	9064169	9064334	228	1173	16.27	CHH
12	9064925	9066118	2969	488	85.88	CG
12	9064925	9066118	1061	1751	37.73	CHG
12	9064925	9066118	2579	7790	24.87	CHH
12	17504082	17504299	570	10	98.28	CG
12	17504082	17504299	431	104	80.56	CHG
12	17504082	17504299	357	1478	19.46	CHH
12	17987554	17988996	3984	86	97.89	CG
12	17987554	17988996	2346	562	80.67	CHG
12	17987554	17988996	2438	11312	17.73	CHH
12	18861738	18863268	1220	19	98.47	CG
12	18861738	18863268	590	558	51.39	CHG
12	18861738	18863268	3155	13866	18.54	CHH
12	18864308	18866205	4725	99	97.95	CG
12	18864308	18866205	3027	723	80.72	CHG
12	18864308	18866205	5322	10679	33.26	CHH
