1	301401	301650	255	6	97.70	CG
1	301401	301650	70	40	63.64	CHG
1	301401	301650	2045	855	70.52	CHH
1	751422	751630	356	10	97.27	CG
1	751422	751630	64	41	60.95	CHG
1	751422	751630	1020	1511	40.30	CHH
1	831964	832562	1300	25	98.11	CG
1	831964	832562	1110	100	91.74	CHG
1	831964	832562	2462	2031	54.80	CHH
1	1349307	1349537	62	0	100.00	CHG
1	1349307	1349537	1017	1275	44.37	CHH
1	1377440	1378052	202	4	98.06	CG
1	1377440	1378052	242	82	74.69	CHG
1	1377440	1378052	3138	3290	48.82	CHH
1	1788440	1788928	569	11	98.10	CG
1	1788440	1788928	19	32	37.25	CHG
1	1788440	1788928	2053	3489	37.04	CHH
1	1789091	1789350	142	6	95.95	CG
1	1789091	1789350	137	41	76.97	CHG
1	1789091	1789350	1992	1274	60.99	CHH
1	2238174	2238281	62	1	98.41	CG
1	2238174	2238281	40	6	86.96	CHG
1	2238174	2238281	614	520	54.14	CHH
1	2260684	2260758	671	332	66.90	CHH
1	4981767	4981906	1020	383	72.70	CHH
1	7687746	7687909	65	8	89.04	CG
1	7687746	7687909	32	8	80.00	CHG
1	7687746	7687909	1023	831	55.18	CHH
1	8431744	8431928	58	0	100.00	CG
1	8431744	8431928	895	658	57.63	CHH
1	9585903	9586147	148	55	72.91	CHG
1	9585903	9586147	1680	911	64.84	CHH
1	9767360	9767454	41	0	100.00	CG
1	9767360	9767454	33	9	78.57	CHG
1	9767360	9767454	394	308	56.13	CHH
1	10432345	10432562	888	680	56.63	CG
1	10432345	10432562	334	444	42.93	CHG
1	10432345	10432562	943	791	54.38	CHH
1	10834154	10834494	44	21	67.69	CHG
1	10834154	10834494	1527	1603	48.79	CHH
1	10926897	10927718	2175	97	95.73	CG
1	10926897	10927718	2068	357	85.28	CHG
1	10926897	10927718	1723	3952	30.36	CHH
1	11189069	11189507	1060	153	87.39	CG
1	11189069	11189507	513	86	85.64	CHG
1	11189069	11189507	1953	2501	43.85	CHH
1	11191256	11191497	675	22	96.84	CG
1	11191256	11191497	226	160	58.55	CHG
1	11191256	11191497	640	829	43.57	CHH
1	11796108	11796316	171	31	84.65	CG
1	11796108	11796316	323	149	68.43	CHG
1	11796108	11796316	919	924	49.86	CHH
1	11928347	11928520	734	1508	32.74	CHH
1	11940126	11940209	665	357	65.07	CHH
1	12597813	12598048	2005	1061	65.39	CHH
1	14322168	14322402	295	1	99.66	CG
1	14322168	14322402	130	23	84.97	CHG
1	14322168	14322402	1300	1223	51.53	CHH
1	14347206	14347429	55	19	74.32	CG
1	14347206	14347429	299	229	56.63	CHG
1	14347206	14347429	1134	1235	47.87	CHH
1	14358588	14358799	131	3	97.76	CG
1	14358588	14358799	141	23	85.98	CHG
1	14358588	14358799	1389	634	68.66	CHH
1	16709412	16710638	3029	59	98.09	CG
1	16709412	16710638	1953	507	79.39	CHG
1	16709412	16710638	4442	5692	43.83	CHH
1	17043053	17043218	508	7	98.64	CG
1	17043053	17043218	179	8	95.72	CHG
1	17043053	17043218	880	482	64.61	CHH
1	18600195	18600325	190	2	98.96	CG
1	18600195	18600325	43	20	68.25	CHG
1	18600195	18600325	562	960	36.93	CHH
1	18600619	18600880	144	4	97.30	CG
1	18600619	18600880	79	0	100.00	CHG
1	18600619	18600880	1156	2128	35.20	CHH
1	18984904	18985083	73	5	93.59	CG
1	18984904	18985083	81	34	70.43	CHG
1	18984904	18985083	1027	1730	37.25	CHH
1	23765099	23765215	78	293	21.02	CG
1	23765099	23765215	142	164	46.41	CHG
1	23765099	23765215	520	758	40.69	CHH
1	24162719	24162945	1242	938	56.97	CHH
1	26098395	26098876	200	1	99.50	CG
1	26098395	26098876	160	43	78.82	CHG
1	26098395	26098876	2591	2495	50.94	CHH
1	26638981	26639111	66	0	100.00	CG
1	26638981	26639111	131	24	84.52	CHG
1	26638981	26639111	531	838	38.79	CHH
1	27335823	27335919	212	19	91.77	CG
1	27335823	27335919	65	52	55.56	CHG
1	27335823	27335919	435	633	40.73	CHH
1	27892634	27893201	273	8	97.15	CG
1	27892634	27893201	430	90	82.69	CHG
1	27892634	27893201	3107	3456	47.34	CHH
1	28104533	28104643	66	1	98.51	CG
1	28104533	28104643	772	289	72.76	CHH
1	28181036	28181173	63	12	84.00	CG
1	28181036	28181173	88	64	57.89	CHG
1	28181036	28181173	735	929	44.17	CHH
1	28494153	28494502	57	1	98.28	CG
1	28494153	28494502	111	7	94.07	CHG
1	28494153	28494502	2471	1148	68.28	CHH
1	30431887	30432457	590	7	98.83	CG
1	30431887	30432457	134	61	68.72	CHG
1	30431887	30432457	2826	2579	52.28	CHH
1	31405810	31406074	150	7	95.54	CG
1	31405810	31406074	220	39	84.94	CHG
1	31405810	31406074	2321	1078	68.28	CHH
1	31589315	31589440	626	1076	36.78	CHH
1	31867822	31868209	146	4	97.33	CG
1	31867822	31868209	2283	2377	48.99	CHH
1	32128407	32128528	83	0	100.00	CG
1	32128407	32128528	1346	639	67.81	CHH
1	32850978	32851159	169	2	98.83	CG
1	32850978	32851159	177	33	84.29	CHG
1	32850978	32851159	1785	569	75.83	CHH
1	33209708	33209844	71	0	100.00	CG
1	33209708	33209844	10	28	26.32	CHG
1	33209708	33209844	476	1012	31.99	CHH
1	35537016	35537182	672	938	41.74	CHH
1	37056464	37056585	107	31	77.54	CHG
1	37056464	37056585	717	800	47.26	CHH
1	37328188	37328369	135	0	100.00	CG
1	37328188	37328369	66	4	94.29	CHG
1	37328188	37328369	1507	422	78.12	CHH
1	38496092	38496280	268	18	93.71	CG
1	38496092	38496280	65	55	54.17	CHG
1	38496092	38496280	974	1102	46.92	CHH
1	38517320	38517498	83	3	96.51	CG
1	38517320	38517498	90	39	69.77	CHG
1	38517320	38517498	1438	963	59.89	CHH
1	38671419	38671601	187	6	96.89	CG
1	38671419	38671601	981	764	56.22	CHH
1	40300213	40300335	638	705	47.51	CHH
1	40395626	40395876	65	1	98.48	CG
1	40395626	40395876	1442	1005	58.93	CHH
1	40617610	40617749	248	474	34.35	CHG
1	40617610	40617749	494	825	37.45	CHH
1	40701980	40702243	58	3	95.08	CG
1	40701980	40702243	1961	509	79.39	CHH
1	41145044	41145188	887	674	56.82	CHH
1	41155306	41155562	26	48	35.14	CHG
1	41155306	41155562	1915	1220	61.08	CHH
1	41890335	41890557	70	5	93.33	CG
1	41890335	41890557	440	165	72.73	CHG
1	41890335	41890557	1442	1354	51.57	CHH
1	42087976	42088125	740	773	48.91	CHH
1	42408453	42409215	1812	57	96.95	CG
1	42408453	42409215	1140	372	75.40	CHG
1	42408453	42409215	2396	3679	39.44	CHH
2	109398	109590	452	7	98.47	CG
2	109398	109590	423	82	83.76	CHG
2	109398	109590	730	786	48.15	CHH
2	1869793	1870778	2272	54	97.68	CG
2	1869793	1870778	1862	339	84.60	CHG
2	1869793	1870778	3560	4871	42.23	CHH
2	2040558	2041143	823	18	97.86	CG
2	2040558	2041143	730	87	89.35	CHG
2	2040558	2041143	2572	2763	48.21	CHH
2	2375551	2375771	2014	912	68.83	CHH
2	3701574	3702250	495	76	86.69	CG
2	3701574	3702250	349	492	41.50	CHG
2	3701574	3702250	2434	4639	34.41	CHH
2	4194209	4194385	92	15	85.98	CHG
2	4194209	4194385	1025	653	61.08	CHH
2	4474885	4475212	699	11	98.45	CG
2	4474885	4475212	331	92	78.25	CHG
2	4474885	4475212	2181	1489	59.43	CHH
2	4648186	4648420	232	6	97.48	CG
2	4648186	4648420	85	31	73.28	CHG
2	4648186	4648420	1214	1260	49.07	CHH
2	4947306	4947538	66	0	100.00	CG
2	4947306	4947538	1146	1114	50.71	CHH
2	5499042	5499299	560	9	98.42	CG
2	5499042	5499299	293	52	84.93	CHG
2	5499042	5499299	870	1886	31.57	CHH
2	5521685	5521830	100	12	89.29	CHG
2	5521685	5521830	852	307	73.51	CHH
2	6545608	6545822	60	3	95.24	CG
2	6545608	6545822	1378	988	58.24	CHH
2	6761735	6762038	97	3	97.00	CG
2	6761735	6762038	129	21	86.00	CHG
2	6761735	6762038	909	1452	38.50	CHH
2	6762287	6762792	451	6	98.69	CG
2	6762287	6762792	432	85	83.56	CHG
2	6762287	6762792	1709	3772	31.18	CHH
2	7605117	7605555	151	1	99.34	CG
2	7605117	7605555	129	19	87.16	CHG
2	7605117	7605555	1512	3642	29.34	CHH
2	7945618	7946024	139	3	97.89	CG
2	7945618	7946024	22	16	57.89	CHG
2	7945618	7946024	1615	2596	38.35	CHH
2	8190084	8190413	66	3	95.65	CHG
2	8190084	8190413	1631	2200	42.57	CHH
2	10791440	10791566	903	1017	47.03	CHH
2	11873649	11873886	71	1	98.61	CG
2	11873649	11873886	1390	1148	54.77	CHH
2	12097817	12097953	126	2	98.44	CG
2	12097817	12097953	441	828	34.75	CHH
2	12299222	12299385	47	23	67.14	CHG
2	12299222	12299385	625	885	41.39	CHH
2	12333889	12333999	166	6	96.51	CG
2	12333889	12333999	114	57	66.67	CHG
2	12333889	12333999	680	722	48.50	CHH
2	12582950	12583307	260	1	99.62	CG
2	12582950	12583307	109	22	83.21	CHG
2	12582950	12583307	1228	2424	33.63	CHH
2	13872268	13872613	183	285	39.10	CG
2	13872268	13872613	198	508	28.05	CHG
2	13872268	13872613	1361	2372	36.46	CHH
2	13948832	13949084	115	9	92.74	CHG
2	13948832	13949084	1733	700	71.23	CHH
2	15589940	15590192	55	1	98.21	CG
2	15589940	15590192	319	142	69.20	CHG
2	15589940	15590192	1361	770	63.87	CHH
2	17785746	17785984	145	0	100.00	CG
2	17785746	17785984	1899	742	71.90	CHH
2	19211404	19211621	146	1	99.32	CG
2	19211404	19211621	24	7	77.42	CHG
2	19211404	19211621	1878	507	78.74	CHH
2	19443247	19443361	179	3	98.35	CG
2	19443247	19443361	24	13	64.86	CHG
2	19443247	19443361	484	1019	32.20	CHH
2	19977858	19978135	383	3	99.22	CG
2	19977858	19978135	508	128	79.87	CHG
2	19977858	19978135	1403	1446	49.25	CHH
2	20745916	20746102	142	2	98.61	CG
2	20745916	20746102	90	15	85.71	CHG
2	20745916	20746102	957	945	50.32	CHH
2	22202087	22202425	674	41	94.27	CG
2	22202087	22202425	128	98	56.64	CHG
2	22202087	22202425	1822	1211	60.07	CHH
2	22399133	22399342	113	1	99.12	CG
2	22399133	22399342	1250	1001	55.53	CHH
2	23077446	23077593	1147	587	66.15	CHH
2	23988341	23988565	48	23	67.61	CHG
2	23988341	23988565	1791	1058	62.86	CHH
2	24094388	24094772	68	1	98.55	CG
2	24094388	24094772	194	86	69.29	CHG
2	24094388	24094772	2014	1606	55.64	CHH
2	24587774	24587906	142	4	97.26	CG
2	24587774	24587906	76	0	100.00	CHG
2	24587774	24587906	1111	693	61.59	CHH
2	24968367	24968732	259	11	95.93	CG
2	24968367	24968732	296	86	77.49	CHG
2	24968367	24968732	1085	2225	32.78	CHH
2	25258399	25258520	786	568	58.05	CHH
2	25342968	25343092	40	0	100.00	CG
2	25342968	25343092	36	6	85.71	CHG
2	25342968	25343092	238	474	33.43	CHH
2	25971572	25971883	647	554	53.87	CHH
2	27849839	27850325	1249	17	98.66	CG
2	27849839	27850325	385	177	68.51	CHG
2	27849839	27850325	2249	2234	50.17	CHH
2	27969163	27969436	141	9	94.00	CG
2	27969163	27969436	129	53	70.88	CHG
2	27969163	27969436	1668	918	64.50	CHH
2	28230238	28230572	346	45	88.49	CHG
2	28230238	28230572	1401	2613	34.90	CHH
2	28737277	28737416	1136	627	64.44	CHH
2	28787543	28787788	201	5	97.57	CG
2	28787543	28787788	66	44	60.00	CHG
2	28787543	28787788	1084	1199	47.48	CHH
2	29123726	29123981	967	1942	33.24	CHH
2	30949004	30949191	137	9	93.84	CG
2	30949004	30949191	57	21	73.08	CHG
2	30949004	30949191	1206	853	58.57	CHH
2	31639383	31639502	70	3	95.89	CG
2	31639383	31639502	808	368	68.71	CHH
2	32251509	32251649	69	2	97.18	CHG
2	32251509	32251649	1145	757	60.20	CHH
2	32687570	32687718	270	191	58.57	CG
2	32687570	32687718	243	205	54.24	CHG
2	32687570	32687718	1029	700	59.51	CHH
2	32980551	32980821	1747	1201	59.26	CHH
2	33849781	33850113	295	19	93.95	CG
2	33849781	33850113	195	87	69.15	CHG
2	33849781	33850113	795	2556	23.72	CHH
2	33970498	33970631	40	130	23.53	CG
2	33970498	33970631	94	219	30.03	CHG
2	33970498	33970631	470	849	35.63	CHH
2	34234930	34235049	512	402	56.02	CHH
2	34582792	34582911	44	10	81.48	CHG
2	34582792	34582911	924	343	72.93	CHH
2	34952077	34952811	1128	194	85.33	CG
2	34952077	34952811	524	355	59.61	CHG
2	34952077	34952811	2374	4839	32.91	CHH
2	34955560	34955809	1711	751	69.50	CHH
3	811663	812098	953	16	98.35	CG
3	811663	812098	205	127	61.75	CHG
3	811663	812098	1494	1990	42.88	CHH
3	881089	881240	729	30	96.05	CG
3	881089	881240	125	187	40.06	CHG
3	881089	881240	508	652	43.79	CHH
3	1354664	1354914	288	3	98.97	CG
3	1354664	1354914	378	38	90.87	CHG
3	1354664	1354914	1605	820	66.19	CHH
3	2169030	2169371	943	24	97.52	CG
3	2169030	2169371	261	140	65.09	CHG
3	2169030	2169371	1076	2174	33.11	CHH
3	3169366	3169453	386	594	39.39	CHH
3	3832576	3832832	67	1	98.53	CG
3	3832576	3832832	114	36	76.00	CHG
3	3832576	3832832	2157	883	70.95	CHH
3	6047207	6047392	146	4	97.33	CG
3	6047207	6047392	35	34	50.72	CHG
3	6047207	6047392	1228	896	57.82	CHH
3	6570907	6571273	950	13	98.65	CG
3	6570907	6571273	221	100	68.85	CHG
3	6570907	6571273	1540	2136	41.89	CHH
3	7246619	7246872	630	17	97.37	CG
3	7246619	7246872	188	39	82.82	CHG
3	7246619	7246872	1060	1312	44.69	CHH
3	8015940	8016118	1223	1408	46.48	CHH
3	8409618	8409743	81	270	23.08	CG
3	8409618	8409743	122	170	41.78	CHG
3	8409618	8409743	526	922	36.33	CHH
3	8629457	8629689	55	4	93.22	CG
3	8629457	8629689	68	3	95.77	CHG
3	8629457	8629689	1762	475	78.77	CHH
3	8942617	8943063	447	8	98.24	CG
3	8942617	8943063	475	49	90.65	CHG
3	8942617	8943063	2038	3668	35.72	CHH
3	9319923	9320317	397	10	97.54	CG
3	9319923	9320317	92	16	85.19	CHG
3	9319923	9320317	1873	1658	53.04	CHH
3	11067334	11067625	72	1	98.63	CG
3	11067334	11067625	57	8	87.69	CHG
3	11067334	11067625	1682	1374	55.04	CHH
3	11642409	11642580	136	27	83.44	CHG
3	11642409	11642580	1474	272	84.42	CHH
3	11857284	11857411	60	20	75.00	CHG
3	11857284	11857411	811	384	67.87	CHH
3	12675151	12675358	65	2	97.01	CG
3	12675151	12675358	20	12	62.50	CHG
3	12675151	12675358	1450	816	63.99	CHH
3	13124743	13124928	138	5	96.50	CG
3	13124743	13124928	60	11	84.51	CHG
3	13124743	13124928	2147	335	86.50	CHH
3	13748697	13748918	80	1	98.77	CHG
3	13748697	13748918	1611	1375	53.95	CHH
3	14057905	14058092	326	3	99.09	CG
3	14057905	14058092	62	28	68.89	CHG
3	14057905	14058092	503	1472	25.47	CHH
3	14749193	14749460	147	2	98.66	CG
3	14749193	14749460	2135	985	68.43	CHH
3	15103668	15103782	73	0	100.00	CHG
3	15103668	15103782	494	807	37.97	CHH
3	15113224	15113412	810	806	50.12	CHH
3	15134383	15134587	759	1535	33.09	CHH
3	15613686	15613799	70	118	37.23	CG
3	15613686	15613799	70	103	40.46	CHG
3	15613686	15613799	427	456	48.36	CHH
3	16709783	16710100	624	21	96.74	CG
3	16709783	16710100	489	92	84.17	CHG
3	16709783	16710100	1377	1776	43.67	CHH
3	16776362	16776567	880	1669	34.52	CHH
3	17308009	17308190	58	0	100.00	CG
3	17308009	17308190	54	4	93.10	CHG
3	17308009	17308190	925	1060	46.60	CHH
3	17916587	17916910	250	27	90.25	CG
3	17916587	17916910	59	6	90.77	CHG
3	17916587	17916910	1137	1427	44.34	CHH
3	18637898	18638001	75	3	96.15	CG
3	18637898	18638001	379	767	33.07	CHH
3	20725201	20725339	63	1	98.44	CG
3	20725201	20725339	59	5	92.19	CHG
3	20725201	20725339	775	845	47.84	CHH
3	23359385	23359602	138	7	95.17	CG
3	23359385	23359602	10	27	27.03	CHG
3	23359385	23359602	1057	1290	45.04	CHH
3	24411908	24412466	339	431	44.03	CG
3	24411908	24412466	213	504	29.71	CHG
3	24411908	24412466	1596	3797	29.59	CHH
3	24572450	24572571	465	1171	28.42	CHH
3	24924369	24924505	130	1	99.24	CG
3	24924369	24924505	21	14	60.00	CHG
3	24924369	24924505	976	475	67.26	CHH
3	25320199	25320294	335	646	34.15	CHH
3	26123077	26123398	271	7	97.48	CG
3	26123077	26123398	453	203	69.05	CHG
3	26123077	26123398	864	1721	33.42	CHH
3	26143599	26144289	558	379	59.55	CG
3	26143599	26144289	580	518	52.82	CHG
3	26143599	26144289	2730	3556	43.43	CHH
3	26819731	26819992	72	3	96.00	CHG
3	26819731	26819992	1566	974	61.65	CHH
3	27436719	27436866	57	8	87.69	CHG
3	27436719	27436866	413	997	29.29	CHH
3	27617928	27618015	120	144	45.45	CG
3	27617928	27618015	113	64	63.84	CHG
3	27617928	27618015	627	395	61.35	CHH
3	27618313	27618751	194	48	80.17	CG
3	27618313	27618751	334	357	48.34	CHG
3	27618313	27618751	1382	2458	35.99	CHH
3	27626160	27626452	325	24	93.12	CG
3	27626160	27626452	91	117	43.75	CHG
3	27626160	27626452	1035	1674	38.21	CHH
3	27785308	27785617	65	6	91.55	CG
3	27785308	27785617	2234	1417	61.19	CHH
3	28228225	28228487	1966	1614	54.92	CHH
3	29591935	29592097	62	2	96.88	CG
3	29591935	29592097	13	25	34.21	CHG
3	29591935	29592097	891	1121	44.28	CHH
3	29675163	29675476	59	1	98.33	CG
3	29675163	29675476	1721	1524	53.04	CHH
3	29885011	29885181	62	4	93.94	CG
3	29885011	29885181	94	11	89.52	CHG
3	29885011	29885181	1514	976	60.80	CHH
3	30100210	30100463	66	4	94.29	CG
3	30100210	30100463	1245	1530	44.86	CHH
3	30420791	30420983	1821	813	69.13	CHH
3	30830679	30830818	922	685	57.37	CHH
3	31089191	31090510	3003	73	97.63	CG
3	31089191	31090510	2167	393	84.65	CHG
3	31089191	31090510	3897	5494	41.50	CHH
3	31423977	31424278	1388	1629	46.01	CHH
3	31722863	31723138	2600	1617	61.66	CHH
3	32006376	32006716	63	3	95.45	CHG
3	32006376	32006716	2433	1457	62.54	CHH
3	32110687	32111197	1053	32	97.05	CG
3	32110687	32111197	701	196	78.15	CHG
3	32110687	32111197	2575	1919	57.30	CHH
3	32173553	32173723	191	51	78.93	CHG
3	32173553	32173723	849	1056	44.57	CHH
3	32182087	32182430	69	3	95.83	CG
3	32182087	32182430	31	44	41.33	CHG
3	32182087	32182430	1574	2096	42.89	CHH
3	33684752	33685642	1584	44	97.30	CG
3	33684752	33685642	1023	437	70.07	CHG
3	33684752	33685642	3195	6032	34.63	CHH
4	468669	468758	570	797	41.70	CHH
4	4915709	4916399	1632	37	97.78	CG
4	4915709	4916399	803	166	82.87	CHG
4	4915709	4916399	2652	4192	38.75	CHH
4	7381268	7381662	199	3	98.51	CG
4	7381268	7381662	351	108	76.47	CHG
4	7381268	7381662	1298	2748	32.08	CHH
4	7888722	7888904	172	3	98.29	CG
4	7888722	7888904	80	3	96.39	CHG
4	7888722	7888904	1321	766	63.30	CHH
4	7955024	7955201	165	6	96.49	CG
4	7955024	7955201	93	2	97.89	CHG
4	7955024	7955201	1355	835	61.87	CHH
4	15396846	15397090	570	8	98.62	CG
4	15396846	15397090	520	84	86.09	CHG
4	15396846	15397090	1002	1167	46.20	CHH
4	19683995	19684552	528	466	53.12	CG
4	19683995	19684552	630	605	51.01	CHG
4	19683995	19684552	2085	2926	41.61	CHH
4	19744896	19745083	106	15	87.60	CG
4	19744896	19745083	948	1000	48.67	CHH
4	20001003	20001260	137	9	93.84	CHG
4	20001003	20001260	1986	1032	65.81	CHH
4	20595423	20595521	60	11	84.51	CG
4	20595423	20595521	19	16	54.29	CHG
4	20595423	20595521	780	583	57.23	CHH
4	21627729	21627912	126	6	95.45	CG
4	21627729	21627912	91	8	91.92	CHG
4	21627729	21627912	1140	593	65.78	CHH
4	21744228	21744373	132	11	92.31	CG
4	21744228	21744373	11	21	34.38	CHG
4	21744228	21744373	773	656	54.09	CHH
4	21934032	21934221	1587	894	63.97	CHH
4	21962681	21962889	187	4	97.91	CG
4	21962681	21962889	122	41	74.85	CHG
4	21962681	21962889	946	1220	43.67	CHH
4	22575513	22575843	2412	1876	56.25	CHH
4	24030042	24030690	483	10	97.97	CG
4	24030042	24030690	599	97	86.06	CHG
4	24030042	24030690	3056	4610	39.86	CHH
4	24127511	24127670	134	2	98.53	CG
4	24127511	24127670	75	3	96.15	CHG
4	24127511	24127670	1039	615	62.82	CHH
4	25426804	25426964	28	36	43.75	CHG
4	25426804	25426964	727	1261	36.57	CHH
4	25457672	25458128	1307	41	96.96	CG
4	25457672	25458128	363	160	69.41	CHG
4	25457672	25458128	2229	3411	39.52	CHH
4	25472006	25472224	17	50	25.37	CHG
4	25472006	25472224	600	1334	31.02	CHH
4	25475165	25475574	215	4	98.17	CG
4	25475165	25475574	527	199	72.59	CHG
4	25475165	25475574	2850	1494	65.61	CHH
4	26530153	26530244	403	670	37.56	CHH
4	27630370	27630458	452	703	39.13	CHH
4	27903713	27903888	989	1343	42.41	CHH
4	27907257	27907388	76	5	93.83	CG
4	27907257	27907388	7	18	28.00	CHG
4	27907257	27907388	938	779	54.63	CHH
4	28531802	28532069	84	3	96.55	CG
4	28531802	28532069	16	25	39.02	CHG
4	28531802	28532069	1857	1533	54.78	CHH
4	28847972	28848187	50	1	98.04	CG
4	28847972	28848187	16	14	53.33	CHG
4	28847972	28848187	864	1113	43.70	CHH
4	29191225	29191443	71	2	97.26	CG
4	29191225	29191443	101	75	57.39	CHG
4	29191225	29191443	1175	2176	35.06	CHH
4	30022367	30022520	131	3	97.76	CG
4	30022367	30022520	1062	856	55.37	CHH
4	30176025	30176485	281	18	93.98	CG
4	30176025	30176485	42	102	29.17	CHG
4	30176025	30176485	2429	2623	48.08	CHH
4	32693175	32693646	790	12	98.50	CG
4	32693175	32693646	585	125	82.39	CHG
4	32693175	32693646	1001	1867	34.90	CHH
4	33655119	33655383	222	7	96.94	CG
4	33655119	33655383	995	1765	36.05	CHH
4	33656481	33656726	957	17	98.25	CG
4	33656481	33656726	78	91	46.15	CHG
4	33656481	33656726	609	1421	30.00	CHH
4	33881401	33881625	448	4	99.12	CG
4	33881401	33881625	429	97	81.56	CHG
4	33881401	33881625	960	637	60.11	CHH
4	35050130	35050413	80	225	26.23	CG
4	35050130	35050413	186	262	41.52	CHG
4	35050130	35050413	1185	1726	40.71	CHH
5	490310	490462	502	9	98.24	CG
5	490310	490462	460	89	83.79	CHG
5	490310	490462	701	987	41.53	CHH
5	1679699	1679790	692	612	53.07	CHH
5	2851958	2852160	967	1192	44.79	CHH
5	4894101	4894252	1013	649	60.95	CHH
5	5433067	5433323	112	5	95.73	CG
5	5433067	5433323	155	20	88.57	CHG
5	5433067	5433323	1338	831	61.69	CHH
5	5754539	5754748	122	10	92.42	CG
5	5754539	5754748	61	30	67.03	CHG
5	5754539	5754748	1583	501	75.96	CHH
5	6765407	6765604	109	2	98.20	CG
5	6765407	6765604	111	54	67.27	CHG
5	6765407	6765604	418	911	31.45	CHH
5	6820542	6820679	64	2	96.97	CG
5	6820542	6820679	14	18	43.75	CHG
5	6820542	6820679	768	801	48.95	CHH
5	7418842	7418942	740	534	58.08	CHH
5	7972537	7972780	73	3	96.05	CG
5	7972537	7972780	62	13	82.67	CHG
5	7972537	7972780	1941	1297	59.94	CHH
5	10755227	10755310	173	3	98.30	CG
5	10755227	10755310	477	272	63.68	CHH
5	10919623	10920166	679	117	85.30	CG
5	10919623	10920166	144	104	58.06	CHG
5	10919623	10920166	1542	2812	35.42	CHH
5	16273063	16273157	606	385	61.15	CHH
5	16311105	16311318	131	6	95.62	CG
5	16311105	16311318	113	24	82.48	CHG
5	16311105	16311318	1902	975	66.11	CHH
5	16856035	16856371	360	4	98.90	CG
5	16856035	16856371	497	25	95.21	CHG
5	16856035	16856371	2025	1620	55.56	CHH
5	17137118	17137270	68	1	98.55	CG
5	17137118	17137270	1266	514	71.12	CHH
5	17258135	17258245	67	0	100.00	CG
5	17258135	17258245	795	286	73.54	CHH
5	17317435	17317693	133	2	98.52	CG
5	17317435	17317693	201	19	91.36	CHG
5	17317435	17317693	1935	991	66.13	CHH
5	19716275	19716490	59	1	98.33	CG
5	19716275	19716490	15	17	46.88	CHG
5	19716275	19716490	1117	1366	44.99	CHH
5	21149049	21149184	102	214	32.28	CG
5	21149049	21149184	143	193	42.56	CHG
5	21149049	21149184	509	713	41.65	CHH
5	21464548	21464805	1641	1193	57.90	CHH
5	21857485	21857720	257	6	97.72	CG
5	21857485	21857720	337	56	85.75	CHG
5	21857485	21857720	1154	1031	52.81	CHH
5	21875509	21875764	313	8	97.51	CG
5	21875509	21875764	315	38	89.24	CHG
5	21875509	21875764	1604	1118	58.93	CHH
5	22000757	22000964	79	13	85.87	CHG
5	22000757	22000964	1921	617	75.69	CHH
5	22219878	22220102	1550	792	66.18	CHH
5	22429520	22429752	132	1	99.25	CG
5	22429520	22429752	79	25	75.96	CHG
5	22429520	22429752	1363	791	63.28	CHH
5	22973734	22973969	1339	1408	48.74	CHH
5	23987118	23987584	618	11	98.25	CG
5	23987118	23987584	942	225	80.72	CHG
5	23987118	23987584	903	3511	20.46	CHH
5	24142822	24143088	263	8	97.05	CG
5	24142822	24143088	63	55	53.39	CHG
5	24142822	24143088	1407	1230	53.36	CHH
5	24848633	24848969	175	25	87.50	CHG
5	24848633	24848969	2094	1614	56.47	CHH
5	25347572	25347835	141	411	25.54	CG
5	25347572	25347835	187	439	29.87	CHG
5	25347572	25347835	1026	2070	33.14	CHH
5	25348057	25348813	420	23	94.81	CG
5	25348057	25348813	887	1048	45.84	CHG
5	25348057	25348813	3673	4125	47.10	CHH
5	25916465	25916630	58	5	92.06	CHG
5	25916465	25916630	1088	828	56.78	CHH
5	26950841	26950938	77	1	98.72	CG
5	26950841	26950938	651	589	52.50	CHH
5	26989629	26989802	36	23	61.02	CHG
5	26989629	26989802	1391	848	62.13	CHH
6	302524	302830	76	2	97.44	CG
6	302524	302830	2565	1118	69.64	CHH
6	2377299	2377436	124	4	96.88	CG
6	2377299	2377436	43	61	41.35	CHG
6	2377299	2377436	646	545	54.24	CHH
6	2717082	2717211	1011	579	63.58	CHH
6	2924454	2924561	144	3	97.96	CG
6	2924454	2924561	698	246	73.94	CHH
6	3943947	3944133	818	1099	42.67	CHH
6	4186290	4186414	457	661	40.88	CHH
6	5151759	5151869	1192	350	77.30	CHH
6	5377103	5377226	35	27	56.45	CHG
6	5377103	5377226	892	487	64.68	CHH
6	6081368	6081698	161	816	16.48	CG
6	6081368	6081698	107	321	25.00	CHG
6	6081368	6081698	866	2801	23.62	CHH
6	7060562	7060710	1033	377	73.26	CHH
6	7540043	7540265	161	1	99.38	CG
6	7540043	7540265	50	32	60.98	CHG
6	7540043	7540265	958	1512	38.79	CHH
6	7540556	7540748	116	13	89.92	CG
6	7540556	7540748	1106	617	64.19	CHH
6	7725720	7725950	362	9	97.57	CG
6	7725720	7725950	425	107	79.89	CHG
6	7725720	7725950	604	947	38.94	CHH
6	8356414	8356617	1537	859	64.15	CHH
6	8927960	8928209	67	0	100.00	CG
6	8927960	8928209	426	121	77.88	CHG
6	8927960	8928209	1111	1151	49.12	CHH
6	9469938	9470183	1201	927	56.44	CHH
6	11300952	11301165	5	66	7.04	CG
6	11300952	11301165	97	123	44.09	CHG
6	11300952	11301165	759	1878	28.78	CHH
6	11305250	11305430	67	310	17.77	CG
6	11305250	11305430	22	39	36.07	CHG
6	11305250	11305430	613	1170	34.38	CHH
6	11997277	11997419	191	13	93.63	CG
6	11997277	11997419	66	29	69.47	CHG
6	11997277	11997419	379	1117	25.33	CHH
6	13738650	13738842	100	16	86.21	CG
6	13738650	13738842	65	194	25.10	CHG
6	13738650	13738842	362	1260	22.32	CHH
6	13951510	13951630	119	3	97.54	CG
6	13951510	13951630	233	60	79.52	CHG
6	13951510	13951630	416	699	37.31	CHH
6	14809518	14809915	216	6	97.30	CG
6	14809518	14809915	209	91	69.67	CHG
6	14809518	14809915	1610	1600	50.16	CHH
6	19710274	19711097	646	97	86.94	CG
6	19710274	19711097	1020	440	69.86	CHG
6	19710274	19711097	2047	4091	33.35	CHH
6	20384125	20384463	63	312	16.80	CG
6	20384125	20384463	167	355	31.99	CHG
6	20384125	20384463	762	2167	26.02	CHH
6	22376044	22376666	400	13	96.85	CG
6	22376044	22376666	152	102	59.84	CHG
6	22376044	22376666	2858	3254	46.76	CHH
6	23395298	23395797	269	5	98.18	CG
6	23395298	23395797	105	22	82.68	CHG
6	23395298	23395797	3009	2096	58.94	CHH
6	23537611	23537873	134	15	89.93	CHG
6	23537611	23537873	1615	1732	48.25	CHH
6	24030066	24030155	107	16	86.99	CHG
6	24030066	24030155	622	165	79.03	CHH
6	24282820	24282990	137	3	97.86	CHG
6	24282820	24282990	1682	913	64.82	CHH
6	25073298	25073513	130	1	99.24	CG
6	25073298	25073513	78	79	49.68	CHG
6	25073298	25073513	827	1315	38.61	CHH
6	25078471	25078618	46	31	59.74	CHG
6	25078471	25078618	972	1135	46.13	CHH
6	25314682	25315364	457	9	98.07	CG
6	25314682	25315364	419	85	83.13	CHG
6	25314682	25315364	2870	5468	34.42	CHH
6	26183206	26183498	73	4	94.81	CG
6	26183206	26183498	2226	954	70.00	CHH
6	26270983	26271153	68	0	100.00	CG
6	26270983	26271153	57	11	83.82	CHG
6	26270983	26271153	1342	468	74.14	CHH
6	26899910	26900127	75	5	93.75	CG
6	26899910	26900127	1396	1186	54.07	CHH
6	27022910	27023085	241	10	96.02	CG
6	27022910	27023085	612	1181	34.13	CHH
6	29399343	29399607	127	3	97.69	CG
6	29399343	29399607	48	34	58.54	CHG
6	29399343	29399607	1412	1473	48.94	CHH
6	30191023	30191331	275	1	99.64	CG
6	30191023	30191331	529	33	94.13	CHG
6	30191023	30191331	1486	1347	52.45	CHH
6	30403805	30404034	1043	1312	44.29	CHH
6	30913757	30913901	65	3	95.59	CG
6	30913757	30913901	27	6	81.82	CHG
6	30913757	30913901	961	436	68.79	CHH
7	436559	436644	527	640	45.16	CHH
7	553125	553382	40	26	60.61	CHG
7	553125	553382	1185	1621	42.23	CHH
7	1581483	1581569	48	23	67.61	CHG
7	1581483	1581569	472	585	44.65	CHH
7	2236802	2236948	132	2	98.51	CG
7	2236802	2236948	21	6	77.78	CHG
7	2236802	2236948	1019	592	63.25	CHH
7	2529367	2529520	1076	443	70.84	CHH
7	3142735	3143078	591	10	98.34	CG
7	3142735	3143078	545	118	82.20	CHG
7	3142735	3143078	2064	1150	64.22	CHH
7	3169312	3169590	46	30	60.53	CHG
7	3169312	3169590	2158	1423	60.26	CHH
7	3220899	3221205	81	3	96.43	CG
7	3220899	3221205	2622	1285	67.11	CHH
7	3739834	3740067	216	3	98.63	CG
7	3739834	3740067	111	36	75.51	CHG
7	3739834	3740067	1323	1054	55.66	CHH
7	4348410	4348541	46	95	32.62	CG
7	4348410	4348541	40	67	37.38	CHG
7	4348410	4348541	234	518	31.12	CHH
7	5121301	5121458	138	2	98.57	CG
7	5121301	5121458	64	12	84.21	CHG
7	5121301	5121458	1162	477	70.90	CHH
7	6141659	6141862	403	12	97.11	CG
7	6141659	6141862	197	32	86.03	CHG
7	6141659	6141862	612	837	42.24	CHH
7	7806227	7806511	62	11	84.93	CHG
7	7806227	7806511	2063	576	78.17	CHH
7	8049142	8049326	470	6	98.74	CG
7	8049142	8049326	129	88	59.45	CHG
7	8049142	8049326	587	1164	33.52	CHH
7	8294134	8294483	47	564	7.69	CG
7	8294134	8294483	125	556	18.36	CHG
7	8294134	8294483	725	3199	18.48	CHH
7	8334119	8334358	40	21	65.57	CHG
7	8334119	8334358	1925	888	68.43	CHH
7	8993394	8993705	144	1	99.31	CG
7	8993394	8993705	1705	1460	53.87	CHH
7	13286370	13286485	745	972	43.39	CHH
7	15188698	15188829	69	19	78.41	CHG
7	15188698	15188829	973	1275	43.28	CHH
7	15431878	15432092	183	4	97.86	CG
7	15431878	15432092	75	17	81.52	CHG
7	15431878	15432092	1468	591	71.30	CHH
7	15677983	15678606	425	591	41.83	CG
7	15677983	15678606	387	650	37.32	CHG
7	15677983	15678606	1600	3256	32.95	CHH
7	16599468	16599909	221	6	97.36	CG
7	16599468	16599909	393	591	39.94	CHG
7	16599468	16599909	1350	3118	30.21	CHH
7	17099241	17099723	78	5	93.98	CHG
7	17099241	17099723	3775	1934	66.12	CHH
7	17790357	17790553	69	4	94.52	CG
7	17790357	17790553	155	52	74.88	CHG
7	17790357	17790553	1558	1228	55.92	CHH
7	18624941	18625154	69	1	98.57	CG
7	18624941	18625154	77	22	77.78	CHG
7	18624941	18625154	1190	1042	53.32	CHH
7	18712663	18712940	964	2440	28.32	CHH
7	19254932	19255653	448	425	51.32	CG
7	19254932	19255653	853	1660	33.94	CHG
7	19254932	19255653	2341	4532	34.06	CHH
7	20129015	20129222	1591	722	68.79	CHH
7	20150949	20151108	58	1	98.31	CG
7	20150949	20151108	117	31	79.05	CHG
7	20150949	20151108	886	901	49.58	CHH
7	20424851	20425235	80	2	97.56	CG
7	20424851	20425235	1961	2935	40.05	CHH
7	21311702	21311873	126	2	98.44	CG
7	21311702	21311873	166	40	80.58	CHG
7	21311702	21311873	1089	625	63.54	CHH
7	22392996	22393180	237	7	97.13	CG
7	22392996	22393180	222	34	86.72	CHG
7	22392996	22393180	730	984	42.59	CHH
7	22532503	22532689	1163	810	58.95	CHH
7	22933956	22934220	826	15	98.22	CG
7	22933956	22934220	283	122	69.88	CHG
7	22933956	22934220	1078	1498	41.85	CHH
7	24616760	24617444	1087	95	91.96	CG
7	24616760	24617444	759	260	74.48	CHG
7	24616760	24617444	2176	2903	42.84	CHH
7	24811648	24811977	74	1	98.67	CG
7	24811648	24811977	60	11	84.51	CHG
7	24811648	24811977	2284	1825	55.59	CHH
7	24948880	24949085	1605	671	70.52	CHH
7	25909857	25910353	542	17	96.96	CG
7	25909857	25910353	711	254	73.68	CHG
7	25909857	25910353	2251	2989	42.96	CHH
7	26251607	26251758	997	712	58.34	CHH
7	26258085	26258557	1098	48	95.81	CG
7	26258085	26258557	359	158	69.44	CHG
7	26258085	26258557	2555	2626	49.31	CHH
7	27119822	27120089	62	0	100.00	CG
7	27119822	27120089	16	47	25.40	CHG
7	27119822	27120089	1227	1325	48.08	CHH
7	27169621	27169836	33	27	55.00	CG
7	27169621	27169836	278	170	62.05	CHG
7	27169621	27169836	1071	829	56.37	CHH
7	27307263	27307688	534	16	97.09	CG
7	27307263	27307688	441	102	81.22	CHG
7	27307263	27307688	1478	1277	53.65	CHH
7	28376367	28376563	66	2	97.06	CG
7	28376367	28376563	60	16	78.95	CHG
7	28376367	28376563	1214	917	56.97	CHH
7	29243799	29244004	1737	1136	60.46	CHH
7	29311074	29311344	1723	1225	58.45	CHH
7	29467990	29468204	1268	507	71.44	CHH
8	1575049	1575210	836	1189	41.28	CHH
8	1623373	1623626	71	0	100.00	CG
8	1623373	1623626	21	16	56.76	CHG
8	1623373	1623626	1738	927	65.22	CHH
8	2431336	2431426	136	88	60.71	CG
8	2431336	2431426	19	7	73.08	CHG
8	2431336	2431426	691	413	62.59	CHH
8	3073639	3073816	44	64	40.74	CG
8	3073639	3073816	172	177	49.28	CHG
8	3073639	3073816	539	932	36.64	CHH
8	3388417	3388667	110	5	95.65	CG
8	3388417	3388667	86	30	74.14	CHG
8	3388417	3388667	1729	945	64.66	CHH
8	3751907	3752073	499	8	98.42	CG
8	3751907	3752073	274	92	74.86	CHG
8	3751907	3752073	659	1145	36.53	CHH
8	3958363	3958508	1065	810	56.80	CHH
8	5131858	5132029	96	7	93.20	CHG
8	5131858	5132029	1059	685	60.72	CHH
8	5321619	5321826	64	2	96.97	CG
8	5321619	5321826	21	10	67.74	CHG
8	5321619	5321826	1972	962	67.21	CHH
8	5680035	5680214	146	2	98.65	CG
8	5680035	5680214	138	8	94.52	CHG
8	5680035	5680214	1099	1362	44.66	CHH
8	5836841	5837082	197	4	98.01	CG
8	5836841	5837082	1054	1141	48.02	CHH
8	6111458	6111746	333	5	98.52	CG
8	6111458	6111746	227	97	70.06	CHG
8	6111458	6111746	939	2116	30.74	CHH
8	6753823	6754136	75	1	98.68	CG
8	6753823	6754136	197	24	89.14	CHG
8	6753823	6754136	1894	1612	54.02	CHH
8	7603360	7603612	166	4	97.65	CG
8	7603360	7603612	1695	1210	58.35	CHH
8	8071926	8072156	346	7	98.02	CG
8	8071926	8072156	84	44	65.62	CHG
8	8071926	8072156	1384	1319	51.20	CHH
8	10060129	10060270	1204	382	75.91	CHH
8	10886885	10887057	137	1	99.28	CG
8	10886885	10887057	5	28	15.15	CHG
8	10886885	10887057	518	1126	31.51	CHH
8	11782944	11783090	137	17	88.96	CHG
8	11782944	11783090	987	1269	43.75	CHH
8	12350212	12350309	76	1	98.70	CG
8	12350212	12350309	17	19	47.22	CHG
8	12350212	12350309	568	649	46.67	CHH
8	15503593	15503835	65	6	91.55	CG
8	15503593	15503835	1930	962	66.74	CHH
8	18141156	18141305	759	1307	36.74	CHH
8	19423131	19423387	80	1	98.77	CG
8	19423131	19423387	28	9	75.68	CHG
8	19423131	19423387	1924	1200	61.59	CHH
8	20377385	20377714	1055	25	97.69	CG
8	20377385	20377714	228	115	66.47	CHG
8	20377385	20377714	1338	2607	33.92	CHH
8	20558563	20558824	66	12	84.62	CG
8	20558563	20558824	79	34	69.91	CHG
8	20558563	20558824	1636	1327	55.21	CHH
8	21654366	21654527	148	16	90.24	CG
8	21654366	21654527	125	46	73.10	CHG
8	21654366	21654527	514	313	62.15	CHH
8	22741998	22742320	37	52	41.57	CHG
8	22741998	22742320	1889	2019	48.34	CHH
8	22776595	22776863	79	0	100.00	CG
8	22776595	22776863	324	168	65.85	CHG
8	22776595	22776863	1533	1374	52.73	CHH
8	22948102	22948411	64	1	98.46	CG
8	22948102	22948411	1450	1437	50.23	CHH
8	23349964	23350100	118	4	96.72	CG
8	23349964	23350100	1044	722	59.12	CHH
8	23488434	23488729	399	10	97.56	CG
8	23488434	23488729	156	85	64.73	CHG
8	23488434	23488729	1164	1997	36.82	CHH
8	24309357	24309533	38	150	20.21	CG
8	24309357	24309533	195	312	38.46	CHG
8	24309357	24309533	852	1019	45.54	CHH
8	24422312	24422568	94	2	97.92	CG
8	24422312	24422568	183	51	78.21	CHG
8	24422312	24422568	1768	1502	54.07	CHH
8	24735337	24736197	578	13	97.80	CG
8	24735337	24736197	694	284	70.96	CHG
8	24735337	24736197	3223	4209	43.37	CHH
8	24736834	24737078	765	18	97.70	CG
8	24736834	24737078	213	81	72.45	CHG
8	24736834	24737078	639	1731	26.96	CHH
8	24750449	24750953	459	19	96.03	CG
8	24750449	24750953	493	128	79.39	CHG
8	24750449	24750953	1968	3073	39.04	CHH
8	24768225	24768508	131	79	62.38	CG
8	24768225	24768508	113	266	29.82	CHG
8	24768225	24768508	1128	2715	29.35	CHH
8	24784953	24785097	136	6	95.77	CG
8	24784953	24785097	84	27	75.68	CHG
8	24784953	24785097	759	881	46.28	CHH
8	24834030	24834325	149	0	100.00	CG
8	24834030	24834325	76	4	95.00	CHG
8	24834030	24834325	2197	1325	62.38	CHH
8	24968997	24969171	76	2	97.44	CG
8	24968997	24969171	83	22	79.05	CHG
8	24968997	24969171	1601	1094	59.41	CHH
8	26169264	26169435	437	15	96.68	CG
8	26169264	26169435	75	35	68.18	CHG
8	26169264	26169435	781	436	64.17	CHH
8	26441035	26441114	56	69	44.80	CHG
8	26441035	26441114	435	489	47.08	CHH
8	26827794	26828034	258	327	44.10	CG
8	26827794	26828034	213	241	46.92	CHG
8	26827794	26828034	1011	1025	49.66	CHH
8	27623734	27623958	612	13	97.92	CG
8	27623734	27623958	389	136	74.10	CHG
8	27623734	27623958	946	1309	41.95	CHH
8	28152674	28152872	1763	508	77.63	CHH
8	28409753	28410078	125	1	99.21	CG
8	28409753	28410078	183	13	93.37	CHG
8	28409753	28410078	2017	1554	56.48	CHH
9	1254705	1254916	186	0	100.00	CG
9	1254705	1254916	9	11	45.00	CHG
9	1254705	1254916	493	605	44.90	CHH
9	1884036	1884200	1263	1177	51.76	CHH
9	3634113	3634220	61	4	93.85	CHG
9	3634113	3634220	678	609	52.68	CHH
9	3933418	3933532	65	1	98.48	CG
9	3933418	3933532	63	4	94.03	CHG
9	3933418	3933532	861	368	70.06	CHH
9	4570159	4570785	979	11	98.89	CG
9	4570159	4570785	998	165	85.81	CHG
9	4570159	4570785	3078	3072	50.05	CHH
9	7158967	7159348	99	106	48.29	CG
9	7158967	7159348	131	221	37.22	CHG
9	7158967	7159348	1137	2131	34.79	CHH
9	10378957	10379055	230	25	90.20	CG
9	10378957	10379055	139	92	60.17	CHG
9	10378957	10379055	245	422	36.73	CHH
9	10754150	10754480	66	0	100.00	CG
9	10754150	10754480	118	16	88.06	CHG
9	10754150	10754480	2049	1447	58.61	CHH
9	11037393	11037551	946	994	48.76	CHH
9	14633566	14633811	330	9	97.35	CG
9	14633566	14633811	236	33	87.73	CHG
9	14633566	14633811	1549	656	70.25	CHH
9	16086094	16086273	123	15	89.13	CG
9	16086094	16086273	75	39	65.79	CHG
9	16086094	16086273	826	1387	37.32	CHH
9	16215726	16215834	446	470	48.69	CHH
9	16663866	16664244	527	93	85.00	CG
9	16663866	16664244	371	504	42.40	CHG
9	16663866	16664244	1488	3004	33.13	CHH
9	16928122	16928188	645	412	61.02	CHH
9	17420619	17420974	94	4	95.92	CG
9	17420619	17420974	226	59	79.30	CHG
9	17420619	17420974	708	2264	23.82	CHH
9	19098095	19098253	71	2	97.26	CG
9	19098095	19098253	108	34	76.06	CHG
9	19098095	19098253	1022	907	52.98	CHH
9	21886164	21886293	650	874	42.65	CHH
10	368179	368447	114	22	83.82	CHG
10	368179	368447	1309	2531	34.09	CHH
10	404795	404929	380	3	99.22	CG
10	404795	404929	21	39	35.00	CHG
10	404795	404929	562	688	44.96	CHH
10	1838124	1838526	160	3	98.16	CG
10	1838124	1838526	60	5	92.31	CHG
10	1838124	1838526	2696	1806	59.88	CHH
10	1890175	1890720	706	27	96.32	CG
10	1890175	1890720	630	398	61.28	CHG
10	1890175	1890720	2463	4143	37.28	CHH
10	2576261	2576420	1183	914	56.41	CHH
10	3444619	3445144	247	454	35.24	CG
10	3444619	3445144	335	516	39.37	CHG
10	3444619	3445144	1496	3765	28.44	CHH
10	5680298	5680662	851	476	64.13	CG
10	5680298	5680662	706	927	43.23	CHG
10	5680298	5680662	1179	1858	38.82	CHH
10	6420591	6420748	125	222	36.02	CHG
10	6420591	6420748	459	986	31.76	CHH
10	7535391	7535626	599	1056	36.19	CHH
10	8506073	8506152	105	62	62.87	CG
10	8506073	8506152	717	284	71.63	CHH
10	9497876	9498140	350	5	98.59	CG
10	9497876	9498140	48	36	57.14	CHG
10	9497876	9498140	2034	1161	63.66	CHH
10	11192936	11193103	125	2	98.43	CG
10	11192936	11193103	68	60	53.12	CHG
10	11192936	11193103	1029	1078	48.84	CHH
10	11922949	11923127	63	0	100.00	CG
10	11922949	11923127	129	32	80.12	CHG
10	11922949	11923127	1121	869	56.33	CHH
10	12206026	12206233	39	3	92.86	CG
10	12206026	12206233	19	31	38.00	CHG
10	12206026	12206233	1129	1111	50.40	CHH
10	13147744	13147963	293	7	97.67	CG
10	13147744	13147963	118	34	77.63	CHG
10	13147744	13147963	961	1510	38.89	CHH
10	15011394	15011890	647	47	93.23	CG
10	15011394	15011890	264	140	65.35	CHG
10	15011394	15011890	1650	2115	43.82	CHH
10	15870323	15870605	81	5	94.19	CG
10	15870323	15870605	171	170	50.15	CHG
10	15870323	15870605	535	908	37.08	CHH
10	15986243	15986518	28	44	38.89	CG
10	15986243	15986518	127	279	31.28	CHG
10	15986243	15986518	707	2251	23.90	CHH
10	15991567	15992011	221	696	24.10	CG
10	15991567	15992011	449	722	38.34	CHG
10	15991567	15992011	1422	2454	36.69	CHH
10	16003795	16003950	9	42	17.65	CG
10	16003795	16003950	71	290	19.67	CHG
10	16003795	16003950	305	948	24.34	CHH
10	16208913	16209034	73	4	94.81	CG
10	16208913	16209034	89	16	84.76	CHG
10	16208913	16209034	969	254	79.23	CHH
10	17033161	17033405	732	16	97.86	CG
10	17033161	17033405	196	57	77.47	CHG
10	17033161	17033405	1013	724	58.32	CHH
10	18046108	18046282	1358	480	73.88	CHH
10	18101624	18101816	441	20	95.66	CG
10	18101624	18101816	279	106	72.47	CHG
10	18101624	18101816	1351	703	65.77	CHH
10	18561922	18562175	408	8	98.08	CG
10	18561922	18562175	541	128	80.87	CHG
10	18561922	18562175	1194	1279	48.28	CHH
10	18632472	18632641	1158	973	54.34	CHH
10	19698082	19698409	149	5	96.75	CG
10	19698082	19698409	207	12	94.52	CHG
10	19698082	19698409	2445	1764	58.09	CHH
10	19941399	19941637	67	1	98.53	CG
10	19941399	19941637	1192	1431	45.44	CHH
10	20291443	20292459	2095	54	97.49	CG
10	20291443	20292459	1153	244	82.53	CHG
10	20291443	20292459	2652	4969	34.80	CHH
10	20762313	20762534	41	230	15.13	CG
10	20762313	20762534	115	487	19.10	CHG
10	20762313	20762534	381	1543	19.80	CHH
10	20778820	20779263	110	463	19.20	CG
10	20778820	20779263	345	870	28.40	CHG
10	20778820	20779263	1457	2826	34.02	CHH
10	21827999	21828272	87	48	64.44	CHG
10	21827999	21828272	2159	1594	57.53	CHH
10	22689536	22689741	1437	692	67.50	CHH
10	22690213	22690439	1586	608	72.29	CHH
11	569050	569549	157	1	99.37	CG
11	569050	569549	676	102	86.89	CHG
11	569050	569549	3598	2039	63.83	CHH
11	1200546	1200636	73	0	100.00	CG
11	1200546	1200636	69	6	92.00	CHG
11	1200546	1200636	555	643	46.33	CHH
11	1713742	1714360	884	20	97.79	CG
11	1713742	1714360	773	109	87.64	CHG
11	1713742	1714360	4021	2698	59.85	CHH
11	1878755	1878890	92	44	67.65	CG
11	1878755	1878890	144	89	61.80	CHG
11	1878755	1878890	612	579	51.39	CHH
11	1932470	1932979	56	1	98.25	CG
11	1932470	1932979	160	44	78.43	CHG
11	1932470	1932979	3143	2084	60.13	CHH
11	1947206	1947542	76	1	98.70	CG
11	1947206	1947542	1570	2001	43.97	CHH
11	2378673	2378944	267	13	95.36	CG
11	2378673	2378944	24	41	36.92	CHG
11	2378673	2378944	1647	789	67.61	CHH
11	5554822	5555192	136	1	99.27	CG
11	5554822	5555192	631	61	91.18	CHG
11	5554822	5555192	2479	1447	63.14	CHH
11	7332863	7333120	114	1	99.13	CG
11	7332863	7333120	71	62	53.38	CHG
11	7332863	7333120	949	1132	45.60	CHH
11	7589703	7589963	74	3	96.10	CG
11	7589703	7589963	79	2	97.53	CHG
11	7589703	7589963	1470	772	65.57	CHH
11	7735709	7735929	311	14	95.69	CG
11	7735709	7735929	165	207	44.35	CHG
11	7735709	7735929	834	1552	34.95	CHH
11	8045721	8046006	583	125	82.34	CG
11	8045721	8046006	63	127	33.16	CHG
11	8045721	8046006	728	2022	26.47	CHH
11	9151816	9151968	34	14	70.83	CHG
11	9151816	9151968	743	723	50.68	CHH
11	11662804	11663369	367	10	97.35	CG
11	11662804	11663369	556	57	90.70	CHG
11	11662804	11663369	2342	4344	35.03	CHH
11	11787143	11787246	950	511	65.02	CHH
11	13632522	13632647	178	202	46.84	CHG
11	13632522	13632647	543	785	40.89	CHH
11	14005572	14005699	503	962	34.33	CHH
11	14006096	14006227	685	594	53.56	CHH
11	14311549	14311878	801	15	98.16	CG
11	14311549	14311878	284	57	83.28	CHG
11	14311549	14311878	1435	1815	44.15	CHH
11	16006890	16007049	72	1	98.63	CG
11	16006890	16007049	24	8	75.00	CHG
11	16006890	16007049	1338	833	61.63	CHH
11	16339318	16339504	335	4	98.82	CG
11	16339318	16339504	21	51	29.17	CHG
11	16339318	16339504	1040	753	58.00	CHH
11	16884445	16884740	148	3	98.01	CG
11	16884445	16884740	2142	1069	66.71	CHH
11	16979978	16980123	75	3	96.15	CG
11	16979978	16980123	542	1720	23.96	CHH
11	18415594	18415828	72	4	94.74	CG
11	18415594	18415828	1298	2095	38.26	CHH
11	19478887	19479310	443	11	97.58	CG
11	19478887	19479310	734	299	71.06	CHG
11	19478887	19479310	2540	1687	60.09	CHH
11	19817539	19817761	42	24	63.64	CHG
11	19817539	19817761	1189	573	67.48	CHH
11	21197890	21198236	88	59	59.86	CHG
11	21197890	21198236	2910	1419	67.22	CHH
11	21255747	21256111	397	13	96.83	CG
11	21255747	21256111	594	70	89.46	CHG
11	21255747	21256111	1286	1637	44.00	CHH
11	21412886	21413094	487	62	88.71	CG
11	21412886	21413094	175	222	44.08	CHG
11	21412886	21413094	725	1188	37.90	CHH
11	22039593	22039763	127	15	89.44	CHG
11	22039593	22039763	1179	805	59.43	CHH
11	23435202	23435727	108	84	56.25	CG
11	23435202	23435727	721	542	57.09	CHG
11	23435202	23435727	2268	2342	49.20	CHH
11	24395075	24395260	82	210	28.08	CG
11	24395075	24395260	54	63	46.15	CHG
11	24395075	24395260	807	1195	40.31	CHH
11	24851409	24851658	443	2	99.55	CG
11	24851409	24851658	536	31	94.53	CHG
11	24851409	24851658	1182	1126	51.21	CHH
11	24991462	24991590	79	0	100.00	CG
11	24991462	24991590	181	103	63.73	CHG
11	24991462	24991590	854	447	65.64	CHH
11	25110396	25110624	141	3	97.92	CG
11	25110396	25110624	17	17	50.00	CHG
11	25110396	25110624	1212	1281	48.62	CHH
11	25586084	25586542	357	8	97.81	CG
11	25586084	25586542	371	33	91.83	CHG
11	25586084	25586542	1492	3911	27.61	CHH
11	25784649	25784892	148	11	93.08	CG
11	25784649	25784892	217	94	69.77	CHG
11	25784649	25784892	1627	1746	48.24	CHH
11	25810584	25810761	58	11	84.06	CHG
11	25810584	25810761	1013	787	56.28	CHH
11	25853608	25853790	57	2	96.61	CG
11	25853608	25853790	867	836	50.91	CHH
11	26205598	26205997	201	81	71.28	CG
11	26205598	26205997	98	429	18.60	CHG
11	26205598	26205997	732	3597	16.91	CHH
11	27682635	27683583	2524	70	97.30	CG
11	27682635	27683583	1757	425	80.52	CHG
11	27682635	27683583	3319	4867	40.54	CHH
11	28181129	28181426	91	4	95.79	CG
11	28181129	28181426	1057	1027	50.72	CHH
12	217168	217301	146	3	97.99	CG
12	217168	217301	63	11	85.14	CHG
12	217168	217301	1237	509	70.85	CHH
12	552916	553122	725	1215	37.37	CHH
12	793700	793972	70	2	97.22	CHG
12	793700	793972	2117	966	68.67	CHH
12	961100	961336	142	7	95.30	CG
12	961100	961336	393	237	62.38	CHG
12	961100	961336	915	1320	40.94	CHH
12	1049649	1049822	1137	519	68.66	CHH
12	1548545	1548692	123	27	82.00	CHG
12	1548545	1548692	1064	531	66.71	CHH
12	1801896	1802216	197	41	82.77	CG
12	1801896	1802216	267	99	72.95	CHG
12	1801896	1802216	1474	1802	44.99	CHH
12	1816647	1816809	64	1	98.46	CG
12	1816647	1816809	1333	735	64.46	CHH
12	2466366	2466538	123	12	91.11	CHG
12	2466366	2466538	1284	994	56.37	CHH
12	5021892	5024116	1399	40	97.22	CG
12	5021892	5024116	3085	991	75.69	CHG
12	5021892	5024116	8078	11153	42.01	CHH
12	5024498	5027592	1711	44	97.49	CG
12	5024498	5027592	3978	1326	75.00	CHG
12	5024498	5027592	15279	16039	48.79	CHH
12	7849278	7849532	423	9	97.92	CG
12	7849278	7849532	31	14	68.89	CHG
12	7849278	7849532	958	1369	41.17	CHH
12	10927998	10928435	55	2	96.49	CG
12	10927998	10928435	83	126	39.71	CHG
12	10927998	10928435	1032	3385	23.36	CHH
12	11362213	11362441	56	1	98.25	CG
12	11362213	11362441	60	19	75.95	CHG
12	11362213	11362441	1698	864	66.28	CHH
12	12440435	12440631	542	171	76.02	CG
12	12440435	12440631	171	172	49.85	CHG
12	12440435	12440631	678	1045	39.35	CHH
12	12966688	12966790	857	434	66.38	CHH
12	15202347	15202507	177	3	98.33	CG
12	15202347	15202507	60	37	61.86	CHG
12	15202347	15202507	623	964	39.26	CHH
12	17986589	17987047	330	5	98.51	CG
12	17986589	17987047	531	67	88.80	CHG
12	17986589	17987047	2385	2948	44.72	CHH
12	18936325	18936741	854	26	97.05	CG
12	18936325	18936741	184	81	69.43	CHG
12	18936325	18936741	2143	2455	46.61	CHH
12	19120680	19120950	96	60	61.54	CG
12	19120680	19120950	72	4	94.74	CHG
12	19120680	19120950	2004	1643	54.95	CHH
12	19156150	19156313	80	0	100.00	CG
12	19156150	19156313	207	7	96.73	CHG
12	19156150	19156313	1304	437	74.90	CHH
12	21483416	21483688	195	2	98.98	CG
12	21483416	21483688	397	58	87.25	CHG
12	21483416	21483688	816	2921	21.84	CHH
12	21831911	21832012	396	786	33.50	CHH
12	22451242	22451490	31	38	44.93	CHG
12	22451242	22451490	1759	880	66.65	CHH
12	22462835	22463098	39	248	13.59	CG
12	22462835	22463098	178	311	36.40	CHG
12	22462835	22463098	1216	1686	41.90	CHH
12	22503691	22503984	264	3	98.88	CG
12	22503691	22503984	203	39	83.88	CHG
12	22503691	22503984	1496	1011	59.67	CHH
12	23090136	23090406	80	4	95.24	CG
12	23090136	23090406	2043	1643	55.43	CHH
12	23253874	23254115	160	0	100.00	CG
12	23253874	23254115	28	49	36.36	CHG
12	23253874	23254115	1330	1261	51.33	CHH
12	23419385	23419484	69	5	93.24	CG
12	23419385	23419484	611	390	61.04	CHH
12	23569460	23569549	192	18	91.43	CG
12	23569460	23569549	65	5	92.86	CHG
12	23569460	23569549	560	407	57.91	CHH
12	24432087	24432276	619	1160	34.79	CHH
12	25119408	25119711	417	6	98.58	CG
12	25119408	25119711	290	117	71.25	CHG
12	25119408	25119711	1207	1327	47.63	CHH
12	25285613	25285813	75	5	93.75	CG
12	25285613	25285813	1626	1261	56.32	CHH
12	25690213	25690552	342	85	80.09	CG
12	25690213	25690552	111	156	41.57	CHG
12	25690213	25690552	871	1505	36.66	CHH
12	26052913	26053003	199	117	62.97	CHG
12	26052913	26053003	531	431	55.20	CHH
