1	104478	104599	23	1	95.83	CG
1	104478	104599	22	11	66.67	CHG
1	104478	104599	68	306	18.18	CHH
1	521199	522723	1374	2257	37.84	CG
1	521199	522723	141	3179	4.25	CHG
1	521199	522723	194	13872	1.38	CHH
1	718927	719135	1	314	0.32	CG
1	718927	719135	8	459	1.71	CHG
1	718927	719135	47	1913	2.40	CHH
1	1687637	1688991	8	1918	0.42	CG
1	1687637	1688991	44	2325	1.86	CHG
1	1687637	1688991	169	10624	1.57	CHH
1	1781116	1781366	20	1169	1.68	CG
1	1781116	1781366	6	432	1.37	CHG
1	1781116	1781366	24	1089	2.16	CHH
1	2137510	2140455	729	5652	11.42	CG
1	2137510	2140455	702	5339	11.62	CHG
1	2137510	2140455	1110	20507	5.13	CHH
1	2172488	2172625	18	219	7.59	CG
1	2172488	2172625	54	1758	2.98	CHH
1	2198640	2199644	2940	144	95.33	CG
1	2198640	2199644	1150	836	57.91	CHG
1	2198640	2199644	418	2489	14.38	CHH
1	2541454	2541598	135	137	49.63	CG
1	2541454	2541598	21	116	15.33	CHG
1	2541454	2541598	48	824	5.50	CHH
1	2579778	2580676	1771	244	87.89	CG
1	2579778	2580676	83	2439	3.29	CHG
1	2579778	2580676	192	8295	2.26	CHH
1	3016827	3017062	15	1164	1.27	CG
1	3016827	3017062	20	584	3.31	CHG
1	3016827	3017062	34	1686	1.98	CHH
1	4122738	4127182	1721	6197	21.74	CG
1	4122738	4127182	281	9747	2.80	CHG
1	4122738	4127182	2100	32994	5.98	CHH
1	4510347	4510477	65	0	100.00	CG
1	4510347	4510477	12	95	11.21	CHG
1	4510347	4510477	147	887	14.22	CHH
1	4702022	4702256	180	393	31.41	CG
1	4702022	4702256	21	267	7.29	CHG
1	4702022	4702256	149	1124	11.70	CHH
1	5814441	5815039	1	347	0.29	CG
1	5814441	5815039	7	686	1.01	CHG
1	5814441	5815039	30	3684	0.81	CHH
1	6934697	6934863	489	12	97.60	CG
1	6934697	6934863	222	44	83.46	CHG
1	6934697	6934863	266	843	23.99	CHH
1	7198017	7199243	1390	51	96.46	CG
1	7198017	7199243	40	2189	1.79	CHG
1	7198017	7199243	114	9167	1.23	CHH
1	7302410	7302594	0	657	0.00	CG
1	7302410	7302594	3	289	1.03	CHG
1	7302410	7302594	13	1418	0.91	CHH
1	7518469	7519081	7	1004	0.69	CG
1	7518469	7519081	13	1168	1.10	CHG
1	7518469	7519081	56	5243	1.06	CHH
1	7690448	7691550	56	2991	1.84	CG
1	7690448	7691550	111	2459	4.32	CHG
1	7690448	7691550	214	9194	2.27	CHH
1	8124136	8124703	1936	46	97.68	CG
1	8124136	8124703	741	521	58.72	CHG
1	8124136	8124703	457	4159	9.90	CHH
1	8426975	8427236	179	57	75.85	CG
1	8426975	8427236	12	753	1.57	CHG
1	8426975	8427236	40	2119	1.85	CHH
1	8831214	8831605	844	30	96.57	CG
1	8831214	8831605	366	310	54.14	CHG
1	8831214	8831605	183	3987	4.39	CHH
1	8866192	8866541	818	36	95.78	CG
1	8866192	8866541	360	137	72.43	CHG
1	8866192	8866541	293	1690	14.78	CHH
1	9124022	9124118	125	6	95.42	CG
1	9124022	9124118	313	87	78.25	CHG
1	9124022	9124118	133	511	20.65	CHH
1	9260960	9261224	100	1	99.01	CG
1	9260960	9261224	4	377	1.05	CHG
1	9260960	9261224	46	2229	2.02	CHH
1	9681083	9681232	147	83	63.91	CG
1	9681083	9681232	230	466	33.05	CHH
1	9734291	9734532	1	330	0.30	CG
1	9734291	9734532	7	97	6.73	CHG
1	9734291	9734532	77	1784	4.14	CHH
1	10263106	10263294	9	649	1.37	CG
1	10263106	10263294	7	362	1.90	CHG
1	10263106	10263294	106	1047	9.19	CHH
1	10401973	10403052	119	2058	5.47	CG
1	10401973	10403052	76	1351	5.33	CHG
1	10401973	10403052	293	6744	4.16	CHH
1	10417094	10417664	834	68	92.46	CG
1	10417094	10417664	1133	313	78.35	CHG
1	10417094	10417664	215	4793	4.29	CHH
1	10590568	10590704	3	272	1.09	CG
1	10590568	10590704	6	249	2.35	CHG
1	10590568	10590704	110	675	14.01	CHH
1	10793800	10794970	2679	112	95.99	CG
1	10793800	10794970	547	829	39.75	CHG
1	10793800	10794970	725	3064	19.13	CHH
1	11027002	11027352	333	10	97.08	CG
1	11027002	11027352	14	661	2.07	CHG
1	11027002	11027352	98	3399	2.80	CHH
1	11745247	11745281	2	168	1.18	CG
1	11745247	11745281	0	83	0.00	CHG
1	11745247	11745281	3	144	2.04	CHH
1	11861007	11861467	1081	32	97.12	CG
1	11861007	11861467	438	390	52.90	CHG
1	11861007	11861467	443	3155	12.31	CHH
1	11988203	11988342	3	850	0.35	CG
1	11988203	11988342	11	516	2.09	CHG
1	11988203	11988342	15	759	1.94	CHH
1	12157565	12159139	138	7793	1.74	CG
1	12157565	12159139	113	4053	2.71	CHG
1	12157565	12159139	162	8557	1.86	CHH
1	12279664	12280353	41	2201	1.83	CG
1	12279664	12280353	32	1260	2.48	CHG
1	12279664	12280353	84	3547	2.31	CHH
1	12444629	12444759	272	8	97.14	CG
1	12444629	12444759	221	26	89.47	CHG
1	12444629	12444759	40	1278	3.03	CHH
1	12851686	12853647	377	714	34.56	CG
1	12851686	12853647	107	4440	2.35	CHG
1	12851686	12853647	505	17488	2.81	CHH
1	12977793	12977914	131	13	90.97	CG
1	12977793	12977914	22	1051	2.05	CHH
1	14112270	14112409	15	635	2.31	CHH
1	14747584	14748346	6	911	0.65	CG
1	14747584	14748346	29	1970	1.45	CHG
1	14747584	14748346	93	6503	1.41	CHH
1	15010958	15011724	3	0	100.00	CG
1	15010958	15011724	0	89	0.00	CHG
1	15010958	15011724	7	272	2.51	CHH
1	15208882	15210074	1254	160	88.68	CG
1	15208882	15210074	390	465	45.61	CHG
1	15208882	15210074	417	8618	4.62	CHH
1	15318812	15319293	1990	44	97.84	CG
1	15318812	15319293	1187	433	73.27	CHG
1	15318812	15319293	297	3838	7.18	CHH
1	15355785	15357554	1053	1624	39.34	CG
1	15355785	15357554	527	2822	15.74	CHG
1	15355785	15357554	759	12462	5.74	CHH
1	16453284	16453501	1	73	1.35	CG
1	16453284	16453501	6	168	3.45	CHG
1	16453284	16453501	84	1391	5.69	CHH
1	16722902	16723067	346	39	89.87	CG
1	16722902	16723067	4	142	2.74	CHG
1	16722902	16723067	14	1534	0.90	CHH
1	17385639	17385733	1	182	0.55	CHG
1	17385639	17385733	22	679	3.14	CHH
1	17522237	17522624	1359	47	96.66	CG
1	17522237	17522624	958	368	72.25	CHG
1	17522237	17522624	178	2835	5.91	CHH
1	17762690	17767322	1788	5405	24.86	CG
1	17762690	17767322	1327	5887	18.39	CHG
1	17762690	17767322	4378	32560	11.85	CHH
1	17768299	17768525	0	360	0.00	CG
1	17768299	17768525	3	282	1.05	CHG
1	17768299	17768525	53	1497	3.42	CHH
1	17915233	17918918	3110	2218	58.37	CG
1	17915233	17918918	1507	2581	36.86	CHG
1	17915233	17918918	2429	19703	10.98	CHH
1	18479814	18481021	762	838	47.62	CG
1	18479814	18481021	122	1142	9.65	CHG
1	18479814	18481021	173	9227	1.84	CHH
1	18515221	18516018	591	22	96.41	CG
1	18515221	18516018	357	96	78.81	CHG
1	18515221	18516018	78	1671	4.46	CHH
1	18605306	18605413	70	2	97.22	CG
1	18605306	18605413	2	220	0.90	CHG
1	18605306	18605413	40	1205	3.21	CHH
1	18679398	18679609	172	6	96.63	CG
1	18679398	18679609	249	50	83.28	CHG
1	18679398	18679609	78	1515	4.90	CHH
1	18781271	18781897	43	746	5.45	CG
1	18781271	18781897	73	1086	6.30	CHG
1	18781271	18781897	175	3698	4.52	CHH
1	19418149	19418371	352	15	95.91	CG
1	19418149	19418371	240	100	70.59	CHG
1	19418149	19418371	98	1892	4.92	CHH
1	19588801	19588982	208	12	94.55	CG
1	19588801	19588982	69	32	68.32	CHG
1	19588801	19588982	37	535	6.47	CHH
1	19807993	19809436	2564	108	95.96	CG
1	19807993	19809436	605	444	57.67	CHG
1	19807993	19809436	640	7428	7.93	CHH
1	20220915	20221138	726	22	97.06	CG
1	20220915	20221138	178	133	57.23	CHG
1	20220915	20221138	54	1375	3.78	CHH
1	20351135	20352592	1178	482	70.96	CG
1	20351135	20352592	47	3647	1.27	CHG
1	20351135	20352592	225	11908	1.85	CHH
1	20353735	20353818	56	3	94.92	CG
1	20353735	20353818	2	240	0.83	CHG
1	20353735	20353818	8	562	1.40	CHH
1	20699332	20703291	3980	4913	44.75	CG
1	20699332	20703291	1571	7700	16.95	CHG
1	20699332	20703291	2375	30387	7.25	CHH
1	20759940	20760412	1133	40	96.59	CG
1	20759940	20760412	1053	237	81.63	CHG
1	20759940	20760412	441	3646	10.79	CHH
1	22217602	22218470	787	1201	39.59	CG
1	22217602	22218470	231	1570	12.83	CHG
1	22217602	22218470	450	6479	6.49	CHH
1	22349537	22349928	66	1075	5.78	CG
1	22349537	22349928	20	812	2.40	CHG
1	22349537	22349928	83	2213	3.61	CHH
1	22963853	22963900	1	122	0.81	CHG
1	22963853	22963900	1	275	0.36	CHH
1	23088705	23088935	31	489	5.96	CG
1	23088705	23088935	15	316	4.53	CHG
1	23088705	23088935	53	1826	2.82	CHH
1	23190581	23192012	703	111	86.36	CG
1	23190581	23192012	66	2506	2.57	CHG
1	23190581	23192012	357	12451	2.79	CHH
1	23334619	23337433	2106	2291	47.90	CG
1	23334619	23337433	243	6345	3.69	CHG
1	23334619	23337433	694	23444	2.88	CHH
1	23865834	23867004	1772	965	64.74	CG
1	23865834	23867004	646	1830	26.09	CHG
1	23865834	23867004	994	6683	12.95	CHH
1	24056015	24058047	366	3836	8.71	CG
1	24056015	24058047	313	3084	9.21	CHG
1	24056015	24058047	385	14769	2.54	CHH
1	24127473	24127717	197	103	65.67	CG
1	24127473	24127717	7	417	1.65	CHG
1	24127473	24127717	19	2207	0.85	CHH
1	24218590	24218768	55	241	18.58	CG
1	24218590	24218768	28	190	12.84	CHG
1	24218590	24218768	14	1404	0.99	CHH
1	24367289	24368699	733	2122	25.67	CG
1	24367289	24368699	212	3053	6.49	CHG
1	24367289	24368699	712	9687	6.85	CHH
1	24540618	24541036	376	6	98.43	CG
1	24540618	24541036	22	762	2.81	CHG
1	24540618	24541036	127	3347	3.66	CHH
1	25075086	25078372	156	10133	1.52	CG
1	25075086	25078372	178	8664	2.01	CHG
1	25075086	25078372	498	24364	2.00	CHH
1	26189136	26189851	168	665	20.17	CG
1	26189136	26189851	54	2278	2.32	CHG
1	26189136	26189851	94	5382	1.72	CHH
1	27455091	27455579	2661	127	95.44	CG
1	27455091	27455579	1975	678	74.44	CHG
1	27455091	27455579	746	6550	10.22	CHH
1	27505658	27505866	2	114	1.72	CG
1	27505658	27505866	15	425	3.41	CHG
1	27505658	27505866	58	1446	3.86	CHH
1	27576543	27577893	2721	71	97.46	CG
1	27576543	27577893	1389	412	77.12	CHG
1	27576543	27577893	1613	12266	11.62	CHH
1	28118813	28118935	0	117	0.00	CG
1	28118813	28118935	3	365	0.82	CHG
1	28118813	28118935	17	1215	1.38	CHH
1	29188109	29189334	36	4127	0.86	CG
1	29188109	29189334	83	2470	3.25	CHG
1	29188109	29189334	741	9275	7.40	CHH
1	29223726	29224697	366	3186	10.30	CG
1	29223726	29224697	49	1529	3.11	CHG
1	29223726	29224697	1107	5706	16.25	CHH
1	29881105	29881917	1225	174	87.56	CG
1	29881105	29881917	929	427	68.51	CHG
1	29881105	29881917	290	4422	6.15	CHH
1	29892038	29892362	7	60	10.45	CG
1	29892038	29892362	9	293	2.98	CHG
1	29892038	29892362	102	2800	3.51	CHH
1	30396534	30396644	4	353	1.12	CG
1	30396534	30396644	13	467	2.71	CHG
1	30396534	30396644	17	676	2.45	CHH
1	30947617	30952229	5281	1661	76.07	CG
1	30947617	30952229	2143	7970	21.19	CHG
1	30947617	30952229	1722	38986	4.23	CHH
1	30988314	30988439	50	2	96.15	CG
1	30988314	30988439	116	161	41.88	CHG
1	30988314	30988439	24	512	4.48	CHH
1	31131639	31132785	569	2193	20.60	CG
1	31131639	31132785	65	3022	2.11	CHG
1	31131639	31132785	162	8346	1.90	CHH
1	32136432	32136605	32	195	14.10	CG
1	32136432	32136605	18	720	2.44	CHG
1	32136432	32136605	73	1771	3.96	CHH
1	33466485	33466748	819	13	98.44	CG
1	33466485	33466748	330	146	69.33	CHG
1	33466485	33466748	204	2276	8.23	CHH
1	34289798	34291348	1202	1130	51.54	CG
1	34289798	34291348	477	2387	16.66	CHG
1	34289798	34291348	1022	10443	8.91	CHH
1	34550341	34550600	3	319	0.93	CG
1	34550341	34550600	7	530	1.30	CHG
1	34550341	34550600	33	2264	1.44	CHH
1	34749495	34752244	3096	388	88.86	CG
1	34749495	34752244	2463	1650	59.88	CHG
1	34749495	34752244	1251	15093	7.65	CHH
1	34928206	34928387	197	5	97.52	CG
1	34928206	34928387	606	114	84.17	CHG
1	34928206	34928387	109	1463	6.93	CHH
1	34990120	34992796	4588	1444	76.06	CG
1	34990120	34992796	1927	2214	46.53	CHG
1	34990120	34992796	1886	18309	9.34	CHH
1	35760612	35760952	185	242	43.33	CG
1	35760612	35760952	9	523	1.69	CHG
1	35760612	35760952	55	3167	1.71	CHH
1	35959231	35959351	1	107	0.93	CG
1	35959231	35959351	2	172	1.15	CHG
1	35959231	35959351	21	1171	1.76	CHH
1	36112505	36112684	285	131	68.51	CG
1	36112505	36112684	90	159	36.14	CHG
1	36112505	36112684	53	938	5.35	CHH
1	36163384	36164022	145	879	14.16	CG
1	36163384	36164022	127	894	12.44	CHG
1	36163384	36164022	433	4449	8.87	CHH
1	36208524	36209666	1365	58	95.92	CG
1	36208524	36209666	1670	589	73.93	CHG
1	36208524	36209666	488	11076	4.22	CHH
1	36479686	36479935	60	897	6.27	CG
1	36479686	36479935	3	381	0.78	CHG
1	36479686	36479935	64	2015	3.08	CHH
1	36890844	36891048	164	116	58.57	CG
1	36890844	36891048	198	140	58.58	CHG
1	36890844	36891048	505	1466	25.62	CHH
1	37118562	37118725	2	89	2.20	CG
1	37118562	37118725	7	256	2.66	CHG
1	37118562	37118725	12	1317	0.90	CHH
1	37253827	37256063	2905	224	92.84	CG
1	37253827	37256063	2055	886	69.87	CHG
1	37253827	37256063	1025	11475	8.20	CHH
1	37757198	37758019	558	1777	23.90	CG
1	37757198	37758019	298	931	24.25	CHG
1	37757198	37758019	1821	4318	29.66	CHH
1	39603253	39603550	211	5	97.69	CG
1	39603253	39603550	4	784	0.51	CHG
1	39603253	39603550	31	2264	1.35	CHH
1	40609311	40609427	56	14	80.00	CG
1	40609311	40609427	7	416	1.65	CHG
1	40609311	40609427	15	1345	1.10	CHH
1	40785754	40786192	57	96	37.25	CG
1	40785754	40786192	4	1409	0.28	CHG
1	40785754	40786192	55	3993	1.36	CHH
1	41209454	41212661	2217	6438	25.62	CG
1	41209454	41212661	1044	4768	17.96	CHG
1	41209454	41212661	3401	19438	14.89	CHH
1	42990884	42991140	127	1	99.22	CG
1	42990884	42991140	91	23	79.82	CHG
1	42990884	42991140	27	413	6.14	CHH
2	38468	38578	45	4	91.84	CG
2	38468	38578	8	176	4.35	CHG
2	38468	38578	5	775	0.64	CHH
2	578331	578545	53	4	92.98	CG
2	578331	578545	11	607	1.78	CHG
2	578331	578545	16	1659	0.96	CHH
2	1736612	1736996	480	86	84.81	CG
2	1736612	1736996	17	1178	1.42	CHG
2	1736612	1736996	110	3130	3.40	CHH
2	2004107	2004464	0	197	0.00	CG
2	2004107	2004464	14	1031	1.34	CHG
2	2004107	2004464	61	2902	2.06	CHH
2	2225031	2228646	5075	809	86.25	CG
2	2225031	2228646	2809	3252	46.35	CHG
2	2225031	2228646	2748	25544	9.71	CHH
2	2448881	2450073	283	235	54.63	CG
2	2448881	2450073	335	2684	11.10	CHG
2	2448881	2450073	856	9757	8.07	CHH
2	2455636	2457226	4037	82	98.01	CG
2	2455636	2457226	2295	1065	68.30	CHG
2	2455636	2457226	314	6203	4.82	CHH
2	2916264	2916496	112	5	95.73	CG
2	2916264	2916496	1	449	0.22	CHG
2	2916264	2916496	34	2042	1.64	CHH
2	3153141	3153726	1015	59	94.51	CG
2	3153141	3153726	1038	289	78.22	CHG
2	3153141	3153726	607	4903	11.02	CHH
2	3584767	3584907	224	27	89.24	CG
2	3584767	3584907	162	53	75.35	CHG
2	3584767	3584907	686	386	63.99	CHH
2	3668130	3671654	7878	2665	74.72	CG
2	3668130	3671654	3688	4580	44.61	CHG
2	3668130	3671654	3876	22919	14.47	CHH
2	4394475	4394720	2	138	1.43	CG
2	4394475	4394720	2	470	0.42	CHG
2	4394475	4394720	37	2466	1.48	CHH
2	4735326	4735671	15	849	1.74	CG
2	4735326	4735671	26	888	2.84	CHG
2	4735326	4735671	65	2580	2.46	CHH
2	4930376	4930562	332	18	94.86	CG
2	4930376	4930562	11	60	15.49	CHG
2	4930376	4930562	35	1284	2.65	CHH
2	6097195	6097472	0	324	0.00	CG
2	6097195	6097472	22	695	3.07	CHG
2	6097195	6097472	25	1627	1.51	CHH
2	6194639	6194966	6	189	3.08	CG
2	6194639	6194966	4	361	1.10	CHG
2	6194639	6194966	47	2041	2.25	CHH
2	6477169	6477370	158	85	65.02	CG
2	6477169	6477370	13	409	3.08	CHG
2	6477169	6477370	31	1887	1.62	CHH
2	6479819	6479943	6	368	1.60	CHG
2	6479819	6479943	14	934	1.48	CHH
2	7634883	7634997	6	598	0.99	CG
2	7634883	7634997	9	302	2.89	CHG
2	7634883	7634997	16	659	2.37	CHH
2	9263789	9264764	589	34	94.54	CG
2	9263789	9264764	282	169	62.53	CHG
2	9263789	9264764	100	1474	6.35	CHH
2	10881944	10882136	5	231	2.12	CG
2	10881944	10882136	3	244	1.21	CHG
2	10881944	10882136	22	1394	1.55	CHH
2	11520851	11521291	227	256	47.00	CG
2	11520851	11521291	51	169	23.18	CHG
2	11520851	11521291	242	2344	9.36	CHH
2	11599189	11600489	648	1428	31.21	CG
2	11599189	11600489	237	1772	11.80	CHG
2	11599189	11600489	554	8828	5.90	CHH
2	11939679	11939936	81	3	96.43	CG
2	11939679	11939936	5	436	1.13	CHG
2	11939679	11939936	40	2402	1.64	CHH
2	12352060	12352584	1753	40	97.77	CG
2	12352060	12352584	1001	387	72.12	CHG
2	12352060	12352584	265	3847	6.44	CHH
2	12492889	12493008	2	441	0.45	CG
2	12492889	12493008	2	226	0.88	CHG
2	12492889	12493008	12	291	3.96	CHH
2	12583382	12585233	1430	416	77.46	CG
2	12583382	12585233	288	3716	7.19	CHG
2	12583382	12585233	382	14325	2.60	CHH
2	13724770	13725043	21	1	95.45	CG
2	13724770	13725043	3	1	75.00	CHG
2	13724770	13725043	12	69	14.81	CHH
2	14258242	14258497	333	11	96.80	CG
2	14258242	14258497	222	74	75.00	CHG
2	14258242	14258497	78	1367	5.40	CHH
2	14381584	14382260	1046	24	97.76	CG
2	14381584	14382260	540	448	54.66	CHG
2	14381584	14382260	295	5891	4.77	CHH
2	14883666	14884152	1079	31	97.21	CG
2	14883666	14884152	940	253	78.79	CHG
2	14883666	14884152	215	3670	5.53	CHH
2	15077160	15080035	5899	236	96.15	CG
2	15077160	15080035	3422	1498	69.55	CHG
2	15077160	15080035	1272	18728	6.36	CHH
2	15300768	15301020	270	9	96.77	CG
2	15300768	15301020	546	207	72.51	CHG
2	15300768	15301020	96	2224	4.14	CHH
2	16462100	16462683	798	361	68.85	CG
2	16462100	16462683	295	1160	20.27	CHG
2	16462100	16462683	142	4909	2.81	CHH
2	16469340	16469527	533	21	96.21	CG
2	16469340	16469527	208	207	50.12	CHG
2	16469340	16469527	50	979	4.86	CHH
2	16575455	16575576	97	256	27.48	CG
2	16575455	16575576	17	88	16.19	CHG
2	16575455	16575576	83	977	7.83	CHH
2	16909276	16909402	50	8	86.21	CG
2	16909276	16909402	0	27	0.00	CHG
2	16909276	16909402	46	707	6.11	CHH
2	17470250	17470459	237	5	97.93	CG
2	17470250	17470459	210	53	79.85	CHG
2	17470250	17470459	96	1957	4.68	CHH
2	17693456	17694041	704	501	58.42	CG
2	17693456	17694041	212	832	20.31	CHG
2	17693456	17694041	127	3981	3.09	CHH
2	17846367	17846587	35	679	4.90	CG
2	17846367	17846587	2	320	0.62	CHG
2	17846367	17846587	16	1059	1.49	CHH
2	18156897	18157229	1538	50	96.85	CG
2	18156897	18157229	697	194	78.23	CHG
2	18156897	18157229	240	2139	10.09	CHH
2	19262811	19262974	175	5	97.22	CG
2	19262811	19262974	12	105	10.26	CHG
2	19262811	19262974	26	1370	1.86	CHH
2	19369504	19369623	560	8	98.59	CG
2	19369504	19369623	275	67	80.41	CHG
2	19369504	19369623	91	515	15.02	CHH
2	19649757	19649896	0	517	0.00	CG
2	19649757	19649896	1	252	0.40	CHG
2	19649757	19649896	5	497	1.00	CHH
2	20077988	20078291	611	82	88.17	CG
2	20077988	20078291	218	151	59.08	CHG
2	20077988	20078291	365	1794	16.91	CHH
2	22210158	22210334	8	600	1.32	CG
2	22210158	22210334	4	238	1.65	CHG
2	22210158	22210334	23	1461	1.55	CHH
2	22275294	22275439	0	61	0.00	CG
2	22275294	22275439	2	292	0.68	CHG
2	22275294	22275439	9	1374	0.65	CHH
2	22587752	22588156	646	31	95.42	CG
2	22587752	22588156	272	319	46.02	CHG
2	22587752	22588156	181	2789	6.09	CHH
2	22836225	22836730	5	902	0.55	CG
2	22836225	22836730	12	1029	1.15	CHG
2	22836225	22836730	43	3788	1.12	CHH
2	22982677	22982914	0	59	0.00	CG
2	22982677	22982914	4	519	0.76	CHG
2	22982677	22982914	25	2211	1.12	CHH
2	23033077	23033411	145	483	23.09	CG
2	23033077	23033411	149	1027	12.67	CHG
2	23033077	23033411	242	2721	8.17	CHH
2	23394395	23395510	1894	237	88.88	CG
2	23394395	23395510	591	2284	20.56	CHG
2	23394395	23395510	311	11846	2.56	CHH
2	23471507	23472492	506	16	96.93	CG
2	23471507	23472492	481	170	73.89	CHG
2	23471507	23472492	207	2929	6.60	CHH
2	24044095	24044460	1073	116	90.24	CG
2	24044095	24044460	492	204	70.69	CHG
2	24044095	24044460	366	1834	16.64	CHH
2	24717341	24717558	1	301	0.33	CG
2	24717341	24717558	5	652	0.76	CHG
2	24717341	24717558	46	2148	2.10	CHH
2	25574998	25576239	1646	69	95.98	CG
2	25574998	25576239	1640	737	68.99	CHG
2	25574998	25576239	1151	11307	9.24	CHH
2	25830725	25831459	12	1657	0.72	CG
2	25830725	25831459	22	1446	1.50	CHG
2	25830725	25831459	81	4767	1.67	CHH
2	25835047	25835296	13	671	1.90	CG
2	25835047	25835296	12	497	2.36	CHG
2	25835047	25835296	15	1517	0.98	CHH
2	26548831	26549237	705	56	92.64	CG
2	26548831	26549237	77	120	39.09	CHG
2	26548831	26549237	418	2062	16.85	CHH
2	26659388	26659535	72	2	97.30	CG
2	26659388	26659535	78	1095	6.65	CHH
2	26689413	26692203	786	8710	8.28	CG
2	26689413	26692203	375	5705	6.17	CHG
2	26689413	26692203	1916	14723	11.52	CHH
2	28199306	28199617	609	26	95.91	CG
2	28199306	28199617	781	159	83.09	CHG
2	28199306	28199617	211	1905	9.97	CHH
2	29852698	29852922	26	293	8.15	CG
2	29852698	29852922	10	470	2.08	CHG
2	29852698	29852922	56	1547	3.49	CHH
2	30157272	30157610	536	176	75.28	CG
2	30157272	30157610	134	446	23.10	CHG
2	30157272	30157610	392	2098	15.74	CHH
2	30823979	30824112	6	164	3.53	CG
2	30823979	30824112	7	290	2.36	CHG
2	30823979	30824112	43	1284	3.24	CHH
2	30983625	30984901	17	3571	0.47	CG
2	30983625	30984901	74	5461	1.34	CHG
2	30983625	30984901	190	11247	1.66	CHH
2	31445301	31445449	1	55	1.79	CG
2	31445301	31445449	4	283	1.39	CHG
2	31445301	31445449	15	1365	1.09	CHH
2	31855152	31855271	233	4	98.31	CG
2	31855152	31855271	54	38	58.70	CHG
2	31855152	31855271	78	1590	4.68	CHH
2	32524707	32526194	2593	988	72.41	CG
2	32524707	32526194	716	2957	19.49	CHG
2	32524707	32526194	933	8311	10.09	CHH
2	33158169	33158313	184	11	94.36	CG
2	33158169	33158313	232	75	75.57	CHG
2	33158169	33158313	104	1306	7.38	CHH
2	33431516	33431954	156	19	89.14	CG
2	33431516	33431954	7	634	1.09	CHG
2	33431516	33431954	49	3740	1.29	CHH
2	33711999	33712328	72	1	98.63	CG
2	33711999	33712328	9	944	0.94	CHG
2	33711999	33712328	95	3782	2.45	CHH
2	33834944	33835662	149	430	25.73	CG
2	33834944	33835662	9	1118	0.80	CHG
2	33834944	33835662	85	6627	1.27	CHH
2	33936933	33937065	0	64	0.00	CG
2	33936933	33937065	2	362	0.55	CHG
2	33936933	33937065	30	1275	2.30	CHH
2	34687871	34690219	412	6871	5.66	CG
2	34687871	34690219	440	5272	7.70	CHG
2	34687871	34690219	728	16262	4.28	CHH
2	34747509	34747747	74	3	96.10	CG
2	34747509	34747747	40	18	68.97	CHG
2	34747509	34747747	10	60	14.29	CHH
2	34772462	34772598	0	242	0.00	CHG
2	34772462	34772598	24	1070	2.19	CHH
2	35300370	35300604	79	1	98.75	CG
2	35300370	35300604	5	658	0.75	CHG
2	35300370	35300604	66	2913	2.22	CHH
2	35388799	35389069	2	313	0.63	CG
2	35388799	35389069	3	603	0.50	CHG
2	35388799	35389069	19	1761	1.07	CHH
3	480369	480630	741	26	96.61	CG
3	480369	480630	8	777	1.02	CHG
3	480369	480630	49	3025	1.59	CHH
3	615186	620505	5057	5780	46.66	CG
3	615186	620505	1954	8079	19.48	CHG
3	615186	620505	3891	33294	10.46	CHH
3	1097994	1098400	1485	34	97.76	CG
3	1097994	1098400	897	268	77.00	CHG
3	1097994	1098400	609	4057	13.05	CHH
3	2922253	2922366	1	51	1.92	CG
3	2922253	2922366	0	115	0.00	CHG
3	2922253	2922366	22	1107	1.95	CHH
3	2924923	2926581	842	247	77.32	CG
3	2924923	2926581	73	3103	2.30	CHG
3	2924923	2926581	574	14126	3.90	CHH
3	3101473	3101729	234	740	24.02	CG
3	3101473	3101729	4	546	0.73	CHG
3	3101473	3101729	34	1321	2.51	CHH
3	3782983	3787490	623	10033	5.85	CG
3	3782983	3787490	446	8225	5.14	CHG
3	3782983	3787490	740	28370	2.54	CHH
3	4471611	4471796	1	712	0.14	CG
3	4471611	4471796	6	429	1.38	CHG
3	4471611	4471796	22	1164	1.85	CHH
3	4501942	4502163	142	526	21.26	CG
3	4501942	4502163	123	349	26.06	CHG
3	4501942	4502163	559	617	47.53	CHH
3	4735915	4736042	1	185	0.54	CG
3	4735915	4736042	5	180	2.70	CHG
3	4735915	4736042	31	1141	2.65	CHH
3	5786527	5786697	123	3	97.62	CG
3	5786527	5786697	4	372	1.06	CHG
3	5786527	5786697	43	1608	2.60	CHH
3	5790733	5792052	2430	99	96.09	CG
3	5790733	5792052	1437	638	69.25	CHG
3	5790733	5792052	1440	8643	14.28	CHH
3	5852144	5852325	388	19	95.33	CG
3	5852144	5852325	335	69	82.92	CHG
3	5852144	5852325	519	1549	25.10	CHH
3	5861909	5862252	383	64	85.68	CG
3	5861909	5862252	11	1090	1.00	CHG
3	5861909	5862252	32	2750	1.15	CHH
3	5863529	5863616	1	155	0.64	CG
3	5863529	5863616	2	243	0.82	CHG
3	5863529	5863616	6	714	0.83	CHH
3	6119207	6119385	48	905	5.04	CG
3	6119207	6119385	25	761	3.18	CHG
3	6119207	6119385	43	934	4.40	CHH
3	6727333	6727471	2	201	0.99	CG
3	6727333	6727471	2	162	1.22	CHG
3	6727333	6727471	19	1116	1.67	CHH
3	7815881	7816020	11	982	1.11	CG
3	7815881	7816020	8	439	1.79	CHG
3	7815881	7816020	6	388	1.52	CHH
3	8124800	8125238	14	1531	0.91	CG
3	8124800	8125238	21	931	2.21	CHG
3	8124800	8125238	41	3678	1.10	CHH
3	8292358	8296069	2948	1293	69.51	CG
3	8292358	8296069	1842	4448	29.28	CHG
3	8292358	8296069	1624	30857	5.00	CHH
3	8918282	8919468	677	2936	18.74	CG
3	8918282	8919468	249	1827	11.99	CHG
3	8918282	8919468	988	6942	12.46	CHH
3	8932042	8933228	692	1122	38.15	CG
3	8932042	8933228	321	831	27.86	CHG
3	8932042	8933228	555	8547	6.10	CHH
3	9007060	9007495	1464	47	96.89	CG
3	9007060	9007495	674	293	69.70	CHG
3	9007060	9007495	382	1773	17.73	CHH
3	9615393	9615681	120	901	11.75	CG
3	9615393	9615681	29	352	7.61	CHG
3	9615393	9615681	100	1969	4.83	CHH
3	9647322	9647514	28	196	12.50	CG
3	9647322	9647514	6	466	1.27	CHG
3	9647322	9647514	24	1711	1.38	CHH
3	9661238	9663204	266	2768	8.77	CG
3	9661238	9663204	141	2816	4.77	CHG
3	9661238	9663204	526	13889	3.65	CHH
3	9703524	9703645	0	115	0.00	CG
3	9703524	9703645	0	97	0.00	CHG
3	9703524	9703645	13	868	1.48	CHH
3	9741411	9741728	372	75	83.22	CG
3	9741411	9741728	173	127	57.67	CHG
3	9741411	9741728	152	1632	8.52	CHH
3	9772110	9773385	2443	404	85.81	CG
3	9772110	9773385	1165	867	57.33	CHG
3	9772110	9773385	914	10039	8.34	CHH
3	9970758	9972750	331	5294	5.88	CG
3	9970758	9972750	159	4283	3.58	CHG
3	9970758	9972750	361	11685	3.00	CHH
3	11318102	11319164	550	653	45.72	CG
3	11318102	11319164	158	1459	9.77	CHG
3	11318102	11319164	219	7707	2.76	CHH
3	11624874	11625180	150	7	95.54	CG
3	11624874	11625180	8	937	0.85	CHG
3	11624874	11625180	54	3083	1.72	CHH
3	11762654	11762757	3	151	1.95	CG
3	11762654	11762757	2	76	2.56	CHG
3	11762654	11762757	20	829	2.36	CHH
3	12013674	12014450	637	26	96.08	CG
3	12013674	12014450	1315	257	83.65	CHG
3	12013674	12014450	541	7162	7.02	CHH
3	13326106	13326294	1	379	0.26	CG
3	13326106	13326294	13	673	1.90	CHG
3	13326106	13326294	34	1712	1.95	CHH
3	14484188	14484405	72	13	84.71	CG
3	14484188	14484405	400	93	81.14	CHG
3	14484188	14484405	141	1885	6.96	CHH
3	14495901	14496241	47	2319	1.99	CG
3	14495901	14496241	21	1030	2.00	CHG
3	14495901	14496241	54	2505	2.11	CHH
3	14633392	14633990	716	24	96.76	CG
3	14633392	14633990	263	116	69.39	CHG
3	14633392	14633990	199	5249	3.65	CHH
3	14886695	14886945	14	188	6.93	CG
3	14886695	14886945	108	158	40.60	CHG
3	14886695	14886945	695	1154	37.59	CHH
3	15238637	15238822	214	4	98.17	CG
3	15238637	15238822	271	92	74.66	CHG
3	15238637	15238822	94	1690	5.27	CHH
3	15348429	15348696	293	16	94.82	CG
3	15348429	15348696	197	203	49.25	CHG
3	15348429	15348696	80	2054	3.75	CHH
3	15968990	15969281	8	1284	0.62	CG
3	15968990	15969281	18	1014	1.74	CHG
3	15968990	15969281	17	2355	0.72	CHH
3	16545195	16545366	85	11	88.54	CG
3	16545195	16545366	56	34	62.22	CHG
3	16545195	16545366	37	633	5.52	CHH
3	16691128	16691290	150	5	96.77	CG
3	16691128	16691290	23	115	16.67	CHG
3	16691128	16691290	145	792	15.47	CHH
3	18086982	18087169	1	225	0.44	CG
3	18086982	18087169	2	303	0.66	CHG
3	18086982	18087169	17	1352	1.24	CHH
3	18671229	18673244	1659	1076	60.66	CG
3	18671229	18673244	620	2250	21.60	CHG
3	18671229	18673244	1254	16712	6.98	CHH
3	19066610	19066885	960	27	97.26	CG
3	19066610	19066885	167	149	52.85	CHG
3	19066610	19066885	179	950	15.85	CHH
3	19477758	19477853	149	10	93.71	CG
3	19477758	19477853	62	153	28.84	CHG
3	19477758	19477853	61	596	9.28	CHH
3	20211561	20212451	1573	54	96.68	CG
3	20211561	20212451	1072	422	71.75	CHG
3	20211561	20212451	567	6265	8.30	CHH
3	20300032	20301332	1795	123	93.59	CG
3	20300032	20301332	2073	731	73.93	CHG
3	20300032	20301332	515	10582	4.64	CHH
3	20506153	20506547	591	15	97.52	CG
3	20506153	20506547	425	219	65.99	CHG
3	20506153	20506547	126	2668	4.51	CHH
3	20529596	20530676	1297	2935	30.65	CG
3	20529596	20530676	159	2065	7.15	CHG
3	20529596	20530676	240	4437	5.13	CHH
3	20609274	20609784	573	13	97.78	CG
3	20609274	20609784	309	175	63.84	CHG
3	20609274	20609784	283	2905	8.88	CHH
3	21045714	21046037	391	18	95.60	CG
3	21045714	21046037	181	62	74.49	CHG
3	21045714	21046037	85	2651	3.11	CHH
3	21053301	21054404	336	273	55.17	CG
3	21053301	21054404	26	1432	1.78	CHG
3	21053301	21054404	146	9594	1.50	CHH
3	21477968	21478334	379	183	67.44	CG
3	21477968	21478334	73	394	15.63	CHG
3	21477968	21478334	346	2057	14.40	CHH
3	21805912	21806253	1699	112	93.82	CG
3	21805912	21806253	211	253	45.47	CHG
3	21805912	21806253	259	1677	13.38	CHH
3	22443304	22443897	27	1995	1.34	CG
3	22443304	22443897	41	1341	2.97	CHG
3	22443304	22443897	71	3603	1.93	CHH
3	22930322	22932315	495	2576	16.12	CG
3	22930322	22932315	37	3355	1.09	CHG
3	22930322	22932315	214	15840	1.33	CHH
3	22977964	22978503	331	217	60.40	CG
3	22977964	22978503	296	622	32.24	CHG
3	22977964	22978503	718	2658	21.27	CHH
3	23158824	23162446	1753	8139	17.72	CG
3	23158824	23162446	469	6079	7.16	CHG
3	23158824	23162446	1401	26800	4.97	CHH
3	23440227	23440314	3	122	2.40	CHG
3	23440227	23440314	14	620	2.21	CHH
3	23502337	23503127	450	150	75.00	CG
3	23502337	23503127	62	514	10.76	CHG
3	23502337	23503127	881	6060	12.69	CHH
3	24402381	24402506	33	1120	2.86	CG
3	24402381	24402506	9	347	2.53	CHG
3	24402381	24402506	14	842	1.64	CHH
3	24697252	24697403	0	160	0.00	CG
3	24697252	24697403	3	305	0.97	CHG
3	24697252	24697403	10	1437	0.69	CHH
3	25124576	25125712	1291	561	69.71	CG
3	25124576	25125712	544	629	46.38	CHG
3	25124576	25125712	2695	5997	31.01	CHH
3	25238096	25238349	146	66	68.87	CG
3	25238096	25238349	3	554	0.54	CHG
3	25238096	25238349	23	1931	1.18	CHH
3	26463242	26463534	53	678	7.25	CG
3	26463242	26463534	12	698	1.69	CHG
3	26463242	26463534	39	1650	2.31	CHH
3	28036385	28036532	8	508	1.55	CG
3	28036385	28036532	6	475	1.25	CHG
3	28036385	28036532	19	1333	1.41	CHH
3	28421210	28421588	3	534	0.56	CG
3	28421210	28421588	15	954	1.55	CHG
3	28421210	28421588	59	2965	1.95	CHH
3	28828352	28828674	125	154	44.80	CG
3	28828352	28828674	1	89	1.11	CHG
3	28828352	28828674	787	2076	27.49	CHH
3	28883667	28884002	64	57	52.89	CG
3	28883667	28884002	27	283	8.71	CHG
3	28883667	28884002	57	2308	2.41	CHH
3	28999678	28999814	68	70	49.28	CG
3	28999678	28999814	80	63	55.94	CHG
3	28999678	28999814	261	614	29.83	CHH
3	29036320	29036527	1172	37	96.94	CG
3	29036320	29036527	93	205	31.21	CHG
3	29036320	29036527	44	836	5.00	CHH
3	29048284	29048488	1278	22	98.31	CG
3	29048284	29048488	759	288	72.49	CHG
3	29048284	29048488	184	989	15.69	CHH
3	29804060	29804313	0	349	0.00	CG
3	29804060	29804313	7	802	0.87	CHG
3	29804060	29804313	34	2465	1.36	CHH
3	31242980	31243426	1757	48	97.34	CG
3	31242980	31243426	827	274	75.11	CHG
3	31242980	31243426	227	2019	10.11	CHH
3	31550060	31550292	339	388	46.63	CG
3	31550060	31550292	124	213	36.80	CHG
3	31550060	31550292	225	1828	10.96	CHH
3	32992420	32993458	689	812	45.90	CG
3	32992420	32993458	146	1107	11.65	CHG
3	32992420	32993458	513	8374	5.77	CHH
3	33907932	33908490	25	232	9.73	CG
3	33907932	33908490	28	1471	1.87	CHG
3	33907932	33908490	123	5759	2.09	CHH
3	34241449	34241654	5	292	1.68	CG
3	34241449	34241654	26	792	3.18	CHG
3	34241449	34241654	32	1776	1.77	CHH
3	34254363	34255907	535	2443	17.97	CG
3	34254363	34255907	116	3592	3.13	CHG
3	34254363	34255907	1078	11055	8.88	CHH
3	34833000	34833309	1061	24	97.79	CG
3	34833000	34833309	512	236	68.45	CHG
3	34833000	34833309	390	1370	22.16	CHH
3	35110086	35110256	62	1	98.41	CG
3	35110086	35110256	1	203	0.49	CHG
3	35110086	35110256	24	1464	1.61	CHH
3	35180241	35180554	221	21	91.32	CG
3	35180241	35180554	14	752	1.83	CHG
3	35180241	35180554	45	2983	1.49	CHH
3	35917041	35917731	972	451	68.31	CG
3	35917041	35917731	258	707	26.74	CHG
3	35917041	35917731	654	4178	13.53	CHH
3	36048993	36049255	1	277	0.36	CG
3	36048993	36049255	21	472	4.26	CHG
3	36048993	36049255	62	1646	3.63	CHH
3	36390761	36392058	66	3661	1.77	CG
3	36390761	36392058	40	2835	1.39	CHG
3	36390761	36392058	177	8647	2.01	CHH
4	2128481	2128855	245	82	74.92	CG
4	2128481	2128855	14	307	4.36	CHG
4	2128481	2128855	195	2702	6.73	CHH
4	2540394	2540485	117	54	68.42	CG
4	2540394	2540485	69	103	40.12	CHG
4	2540394	2540485	10	542	1.81	CHH
4	3036997	3037085	389	11	97.25	CG
4	3036997	3037085	76	113	40.21	CHG
4	3036997	3037085	66	274	19.41	CHH
4	4049820	4050064	461	27	94.47	CG
4	4049820	4050064	230	144	61.50	CHG
4	4049820	4050064	96	1830	4.98	CHH
4	4695559	4695777	639	31	95.37	CG
4	4695559	4695777	212	182	53.81	CHG
4	4695559	4695777	102	1165	8.05	CHH
4	5205473	5206792	2876	115	96.16	CG
4	5205473	5206792	1441	888	61.87	CHG
4	5205473	5206792	531	10111	4.99	CHH
4	5370300	5370990	993	25	97.54	CG
4	5370300	5370990	493	296	62.48	CHG
4	5370300	5370990	98	1783	5.21	CHH
4	7250146	7253105	1661	9008	15.57	CG
4	7250146	7253105	1021	5514	15.62	CHG
4	7250146	7253105	737	20500	3.47	CHH
4	7946934	7947116	280	12	95.89	CG
4	7946934	7947116	165	97	62.98	CHG
4	7946934	7947116	66	1240	5.05	CHH
4	7976120	7976768	1	289	0.34	CG
4	7976120	7976768	8	785	1.01	CHG
4	7976120	7976768	34	3251	1.04	CHH
4	7998972	7999131	0	72	0.00	CG
4	7998972	7999131	6	177	3.28	CHG
4	7998972	7999131	24	1062	2.21	CHH
4	9504426	9506750	2983	266	91.81	CG
4	9504426	9506750	2008	1568	56.15	CHG
4	9504426	9506750	715	17867	3.85	CHH
4	10597218	10597775	1141	57	95.24	CG
4	10597218	10597775	1393	395	77.91	CHG
4	10597218	10597775	169	3665	4.41	CHH
4	11254426	11254603	0	151	0.00	CG
4	11254426	11254603	6	274	2.14	CHG
4	11254426	11254603	21	1198	1.72	CHH
4	11479976	11481063	57	816	6.53	CG
4	11479976	11481063	16	1476	1.07	CHG
4	11479976	11481063	102	8962	1.13	CHH
4	12511724	12511877	139	9	93.92	CG
4	12511724	12511877	340	148	69.67	CHG
4	12511724	12511877	71	1508	4.50	CHH
4	12570254	12573173	4042	137	96.72	CG
4	12570254	12573173	4521	1677	72.94	CHG
4	12570254	12573173	1313	23643	5.26	CHH
4	14336636	14336825	303	6	98.06	CG
4	14336636	14336825	239	163	59.45	CHG
4	14336636	14336825	47	1007	4.46	CHH
4	15422154	15422563	289	8	97.31	CG
4	15422154	15422563	227	193	54.05	CHG
4	15422154	15422563	257	2729	8.61	CHH
4	15927777	15928107	4	867	0.46	CG
4	15927777	15928107	10	804	1.23	CHG
4	15927777	15928107	36	2833	1.25	CHH
4	16377949	16378038	208	6	97.20	CG
4	16377949	16378038	132	87	60.27	CHG
4	16377949	16378038	47	602	7.24	CHH
4	16429861	16430118	233	15	93.95	CG
4	16429861	16430118	406	100	80.24	CHG
4	16429861	16430118	125	1845	6.35	CHH
4	16739824	16740091	677	22	96.85	CG
4	16739824	16740091	118	156	43.07	CHG
4	16739824	16740091	48	1704	2.74	CHH
4	16870850	16871033	232	8	96.67	CG
4	16870850	16871033	0	84	0.00	CHG
4	16870850	16871033	32	2175	1.45	CHH
4	16929303	16929386	80	60	57.14	CG
4	16929303	16929386	2	33	5.71	CHG
4	16929303	16929386	19	682	2.71	CHH
4	18861290	18861421	90	3	96.77	CG
4	18861290	18861421	51	19	72.86	CHG
4	18861290	18861421	406	398	50.50	CHH
4	18879559	18879953	2027	63	96.99	CG
4	18879559	18879953	1062	508	67.64	CHG
4	18879559	18879953	366	2575	12.44	CHH
4	19594453	19594613	2	129	1.53	CG
4	19594453	19594613	5	316	1.56	CHG
4	19594453	19594613	49	679	6.73	CHH
4	21836525	21836740	2	421	0.47	CG
4	21836525	21836740	11	745	1.46	CHG
4	21836525	21836740	20	2053	0.96	CHH
4	22149701	22149888	5	1011	0.49	CG
4	22149701	22149888	4	414	0.96	CHG
4	22149701	22149888	7	1407	0.50	CHH
4	24463582	24463728	2	237	0.84	CG
4	24463582	24463728	2	198	1.00	CHG
4	24463582	24463728	18	1244	1.43	CHH
4	24879051	24879296	1	63	1.56	CG
4	24879051	24879296	12	1065	1.11	CHG
4	24879051	24879296	44	2029	2.12	CHH
4	25700367	25700823	2313	57	97.59	CG
4	25700367	25700823	848	489	63.43	CHG
4	25700367	25700823	922	2648	25.83	CHH
4	26025305	26025523	140	9	93.96	CG
4	26025305	26025523	2	525	0.38	CHG
4	26025305	26025523	34	1868	1.79	CHH
4	26125746	26125921	134	8	94.37	CG
4	26125746	26125921	104	37	73.76	CHG
4	26125746	26125921	61	1189	4.88	CHH
4	28854448	28854672	19	571	3.22	CG
4	28854448	28854672	3	283	1.05	CHG
4	28854448	28854672	28	1278	2.14	CHH
4	31600862	31601333	979	44	95.70	CG
4	31600862	31601333	576	630	47.76	CHG
4	31600862	31601333	176	3434	4.88	CHH
4	32665225	32665685	54	2230	2.36	CG
4	32665225	32665685	57	1564	3.52	CHG
4	32665225	32665685	131	3613	3.50	CHH
4	32845260	32845468	171	19	90.00	CG
4	32845260	32845468	5	620	0.80	CHG
4	32845260	32845468	23	2005	1.13	CHH
4	32907649	32907913	798	26	96.84	CG
4	32907649	32907913	860	251	77.41	CHG
4	32907649	32907913	261	3010	7.98	CHH
4	32976630	32976775	1	206	0.48	CG
4	32976630	32976775	6	223	2.62	CHG
4	32976630	32976775	10	1211	0.82	CHH
4	33538001	33538284	164	6	96.47	CG
4	33538001	33538284	168	56	75.00	CHG
4	33538001	33538284	38	576	6.19	CHH
5	22552	22704	230	1	99.57	CG
5	22552	22704	139	32	81.29	CHG
5	22552	22704	38	728	4.96	CHH
5	167915	169390	877	318	73.39	CG
5	167915	169390	186	546	25.41	CHG
5	167915	169390	537	10288	4.96	CHH
5	802197	802307	0	97	0.00	CG
5	802197	802307	0	203	0.00	CHG
5	802197	802307	6	1151	0.52	CHH
5	1555477	1555743	191	29	86.82	CG
5	1555477	1555743	9	682	1.30	CHG
5	1555477	1555743	49	2913	1.65	CHH
5	1623822	1624065	1625	28	98.31	CG
5	1623822	1624065	701	275	71.82	CHG
5	1623822	1624065	239	833	22.29	CHH
5	1649481	1650024	1815	107	94.43	CG
5	1649481	1650024	741	586	55.84	CHG
5	1649481	1650024	444	4014	9.96	CHH
5	2535968	2537410	126	4596	2.67	CG
5	2535968	2537410	63	3512	1.76	CHG
5	2535968	2537410	188	11078	1.67	CHH
5	3201536	3202094	85	313	21.36	CG
5	3201536	3202094	156	647	19.43	CHG
5	3201536	3202094	785	3884	16.81	CHH
5	3642042	3642277	580	29	95.24	CG
5	3642042	3642277	106	117	47.53	CHG
5	3642042	3642277	102	1035	8.97	CHH
5	4042346	4043559	946	38	96.14	CG
5	4042346	4043559	559	240	69.96	CHG
5	4042346	4043559	187	2666	6.55	CHH
5	5042999	5043643	134	1	99.26	CG
5	5042999	5043643	54	32	62.79	CHG
5	5042999	5043643	31	827	3.61	CHH
5	6697788	6698020	267	8	97.09	CG
5	6697788	6698020	5	455	1.09	CHG
5	6697788	6698020	20	2223	0.89	CHH
5	8888812	8888977	173	1	99.43	CG
5	8888812	8888977	400	116	77.52	CHG
5	8888812	8888977	78	1345	5.48	CHH
5	9364313	9364413	481	15	96.98	CG
5	9364313	9364413	243	136	64.12	CHG
5	9364313	9364413	67	570	10.52	CHH
5	12549332	12549415	1	8	11.11	CHH
5	12809268	12809477	665	32	95.41	CG
5	12809268	12809477	175	149	54.01	CHG
5	12809268	12809477	85	515	14.17	CHH
5	13857407	13857542	642	23	96.54	CG
5	13857407	13857542	128	83	60.66	CHG
5	13857407	13857542	57	707	7.46	CHH
5	14246535	14246708	0	120	0.00	CG
5	14246535	14246708	0	66	0.00	CHG
5	14246535	14246708	38	1823	2.04	CHH
5	15249273	15249609	730	33	95.67	CG
5	15249273	15249609	372	203	64.70	CHG
5	15249273	15249609	143	2541	5.33	CHH
5	15263881	15264136	1447	33	97.77	CG
5	15263881	15264136	643	324	66.49	CHG
5	15263881	15264136	249	1590	13.54	CHH
5	15295856	15296058	518	34	93.84	CG
5	15295856	15296058	173	126	57.86	CHG
5	15295856	15296058	50	802	5.87	CHH
5	15380224	15380482	83	3	96.51	CG
5	15380224	15380482	86	12	87.76	CHG
5	15380224	15380482	18	212	7.83	CHH
5	16141049	16142222	2207	82	96.42	CG
5	16141049	16142222	1323	386	77.41	CHG
5	16141049	16142222	649	8194	7.34	CHH
5	16604726	16607053	2764	250	91.71	CG
5	16604726	16607053	1301	1266	50.68	CHG
5	16604726	16607053	982	16181	5.72	CHH
5	16695358	16697204	1576	1493	51.35	CG
5	16695358	16697204	1365	1414	49.12	CHG
5	16695358	16697204	1224	11042	9.98	CHH
5	17145149	17145240	1	76	1.30	CG
5	17145149	17145240	6	784	0.76	CHH
5	17275880	17277194	652	953	40.62	CG
5	17275880	17277194	91	2028	4.29	CHG
5	17275880	17277194	567	8562	6.21	CHH
5	18555974	18556911	1426	258	84.68	CG
5	18555974	18556911	509	648	43.99	CHG
5	18555974	18556911	289	8760	3.19	CHH
5	18614365	18615227	2881	55	98.13	CG
5	18614365	18615227	1238	541	69.59	CHG
5	18614365	18615227	1382	6012	18.69	CHH
5	19082868	19087589	2250	4230	34.72	CG
5	19082868	19087589	292	9967	2.85	CHG
5	19082868	19087589	1208	36446	3.21	CHH
5	19475239	19475452	3	390	0.76	CG
5	19475239	19475452	7	660	1.05	CHG
5	19475239	19475452	29	1980	1.44	CHH
5	19550564	19550779	32	79	28.83	CHG
5	19550564	19550779	112	1666	6.30	CHH
5	19686229	19688559	1260	2824	30.85	CG
5	19686229	19688559	754	2186	25.65	CHG
5	19686229	19688559	918	14129	6.10	CHH
5	20197683	20197907	20	852	2.29	CG
5	20197683	20197907	21	474	4.24	CHG
5	20197683	20197907	22	878	2.44	CHH
5	20639725	20640817	1078	90	92.29	CG
5	20639725	20640817	64	2634	2.37	CHG
5	20639725	20640817	181	9045	1.96	CHH
5	21196473	21196736	167	6	96.53	CG
5	21196473	21196736	220	37	85.60	CHG
5	21196473	21196736	201	2092	8.77	CHH
5	21222554	21222810	85	129	39.72	CHG
5	21222554	21222810	29	1988	1.44	CHH
5	21231311	21231463	11	510	2.11	CG
5	21231311	21231463	16	470	3.29	CHG
5	21231311	21231463	27	780	3.35	CHH
5	21771662	21772418	927	354	72.37	CG
5	21771662	21772418	593	800	42.57	CHG
5	21771662	21772418	232	4815	4.60	CHH
5	22632027	22632224	6	790	0.75	CG
5	22632027	22632224	6	673	0.88	CHG
5	22632027	22632224	31	1250	2.42	CHH
5	23446330	23446424	10	0	100.00	CG
5	23446330	23446424	3	83	3.49	CHH
5	23498602	23498699	108	5	95.58	CG
5	23498602	23498699	51	4	92.73	CHG
5	23498602	23498699	582	336	63.40	CHH
5	23589096	23589233	1	248	0.40	CHG
5	23589096	23589233	19	1290	1.45	CHH
5	23597717	23597952	3	143	2.05	CG
5	23597717	23597952	12	348	3.33	CHG
5	23597717	23597952	44	2180	1.98	CHH
5	23799970	23800819	51	2265	2.20	CG
5	23799970	23800819	75	2292	3.17	CHG
5	23799970	23800819	98	6336	1.52	CHH
5	24767463	24767619	5	537	0.92	CG
5	24767463	24767619	6	164	3.53	CHG
5	24767463	24767619	9	684	1.30	CHH
5	24958493	24960927	1389	1642	45.83	CG
5	24958493	24960927	174	4567	3.67	CHG
5	24958493	24960927	418	21037	1.95	CHH
5	25117789	25118255	97	1938	4.77	CG
5	25117789	25118255	36	911	3.80	CHG
5	25117789	25118255	54	2227	2.37	CHH
5	25683760	25686062	981	7996	10.93	CG
5	25683760	25686062	617	6471	8.70	CHG
5	25683760	25686062	1250	12986	8.78	CHH
5	25916431	25917101	881	26	97.13	CG
5	25916431	25917101	531	280	65.47	CHG
5	25916431	25917101	873	5186	14.41	CHH
5	26920490	26922938	27	3493	0.77	CG
5	26920490	26922938	88	6773	1.28	CHG
5	26920490	26922938	321	20074	1.57	CHH
5	27294148	27294484	10	1073	0.92	CG
5	27294148	27294484	11	711	1.52	CHG
5	27294148	27294484	42	2610	1.58	CHH
5	27692643	27692794	3	395	0.75	CG
5	27692643	27692794	1	404	0.25	CHG
5	27692643	27692794	14	942	1.46	CHH
5	28353397	28355104	1698	414	80.40	CG
5	28353397	28355104	106	3198	3.21	CHG
5	28353397	28355104	268	14248	1.85	CHH
5	28438764	28438936	250	6	97.66	CG
5	28438764	28438936	322	56	85.19	CHG
5	28438764	28438936	68	1080	5.92	CHH
5	29278792	29278999	105	7	93.75	CG
5	29278792	29278999	74	6	92.50	CHG
5	29278792	29278999	17	452	3.62	CHH
5	29368004	29368261	142	1	99.30	CG
5	29368004	29368261	294	41	87.76	CHG
5	29368004	29368261	167	1911	8.04	CHH
5	29393677	29395023	549	23	95.98	CG
5	29393677	29395023	430	130	76.79	CHG
5	29393677	29395023	140	1480	8.64	CHH
5	29485227	29485510	292	298	49.49	CG
5	29485227	29485510	50	552	8.31	CHG
5	29485227	29485510	88	2291	3.70	CHH
6	247291	247913	30	1263	2.32	CG
6	247291	247913	18	996	1.78	CHG
6	247291	247913	46	3290	1.38	CHH
6	368015	368245	3	495	0.60	CG
6	368015	368245	20	594	3.26	CHG
6	368015	368245	37	2144	1.70	CHH
6	521167	522087	204	1333	13.27	CG
6	521167	522087	83	1191	6.51	CHG
6	521167	522087	773	6581	10.51	CHH
6	813527	813697	107	13	89.17	CG
6	813527	813697	2	349	0.57	CHG
6	813527	813697	41	2056	1.96	CHH
6	958185	960061	2867	1389	67.36	CG
6	958185	960061	816	1473	35.65	CHG
6	958185	960061	589	11663	4.81	CHH
6	1267865	1268035	742	23	96.99	CG
6	1267865	1268035	290	207	58.35	CHG
6	1267865	1268035	49	972	4.80	CHH
6	2300838	2300945	3	193	1.53	CG
6	2300838	2300945	14	331	4.06	CHG
6	2300838	2300945	32	1042	2.98	CHH
6	3639180	3639309	3	255	1.16	CG
6	3639180	3639309	4	300	1.32	CHG
6	3639180	3639309	23	1077	2.09	CHH
6	3944739	3945664	353	639	35.58	CG
6	3944739	3945664	348	872	28.52	CHG
6	3944739	3945664	482	7183	6.29	CHH
6	4300749	4300941	578	11	98.13	CG
6	4300749	4300941	196	213	47.92	CHG
6	4300749	4300941	108	2564	4.04	CHH
6	4553472	4553595	546	7	98.73	CG
6	4553472	4553595	113	89	55.94	CHG
6	4553472	4553595	112	542	17.13	CHH
6	4806070	4806315	34	783	4.16	CG
6	4806070	4806315	14	390	3.47	CHG
6	4806070	4806315	33	1431	2.25	CHH
6	5243918	5246329	1122	2762	28.89	CG
6	5243918	5246329	120	6484	1.82	CHG
6	5243918	5246329	346	20123	1.69	CHH
6	5335954	5337126	896	1364	39.65	CG
6	5335954	5337126	374	1305	22.28	CHG
6	5335954	5337126	856	7239	10.57	CHH
6	6556692	6557000	2	971	0.21	CG
6	6556692	6557000	10	532	1.85	CHG
6	6556692	6557000	25	1881	1.31	CHH
6	7262284	7262394	4	217	1.81	CHG
6	7262284	7262394	3	860	0.35	CHH
6	7296360	7297580	762	14	98.20	CG
6	7296360	7297580	460	200	69.70	CHG
6	7296360	7297580	218	2310	8.62	CHH
6	7450229	7452500	3313	664	83.30	CG
6	7450229	7452500	2134	1507	58.61	CHG
6	7450229	7452500	2412	17031	12.41	CHH
6	8010667	8010997	878	29	96.80	CG
6	8010667	8010997	514	286	64.25	CHG
6	8010667	8010997	237	2206	9.70	CHH
6	8383109	8385458	1253	7502	14.31	CG
6	8383109	8385458	580	3904	12.93	CHG
6	8383109	8385458	724	14562	4.74	CHH
6	8415805	8416695	1483	62	95.99	CG
6	8415805	8416695	986	637	60.75	CHG
6	8415805	8416695	338	6697	4.80	CHH
6	8434419	8434622	397	8	98.02	CG
6	8434419	8434622	400	174	69.69	CHG
6	8434419	8434622	243	1019	19.26	CHH
6	9748876	9749062	397	232	63.12	CG
6	9748876	9749062	13	225	5.46	CHG
6	9748876	9749062	49	1570	3.03	CHH
6	9753551	9753693	90	2	97.83	CG
6	9753551	9753693	100	37	72.99	CHG
6	9753551	9753693	37	429	7.94	CHH
6	10075237	10075575	697	18	97.48	CG
6	10075237	10075575	1037	284	78.50	CHG
6	10075237	10075575	274	2648	9.38	CHH
6	10093461	10093858	599	49	92.44	CG
6	10093461	10093858	256	294	46.55	CHG
6	10093461	10093858	146	3069	4.54	CHH
6	10113029	10113177	207	9	95.83	CG
6	10113029	10113177	118	39	75.16	CHG
6	10113029	10113177	237	912	20.63	CHH
6	10217891	10218933	1568	67	95.90	CG
6	10217891	10218933	1541	448	77.48	CHG
6	10217891	10218933	380	6873	5.24	CHH
6	11173234	11173456	49	88	35.77	CG
6	11173234	11173456	358	1271	21.98	CHH
6	11608473	11613132	6790	1262	84.33	CG
6	11608473	11613132	3945	4100	49.04	CHG
6	11608473	11613132	2197	27571	7.38	CHH
6	11851633	11851862	155	16	90.64	CG
6	11851633	11851862	314	194	61.81	CHG
6	11851633	11851862	57	1689	3.26	CHH
6	14122214	14122520	404	13	96.88	CG
6	14122214	14122520	387	169	69.60	CHG
6	14122214	14122520	162	1558	9.42	CHH
6	14227883	14228030	256	2	99.22	CG
6	14227883	14228030	108	87	55.38	CHG
6	14227883	14228030	72	1116	6.06	CHH
6	14470606	14472078	2425	129	94.95	CG
6	14470606	14472078	2216	646	77.43	CHG
6	14470606	14472078	984	9250	9.62	CHH
6	14807254	14809068	2691	958	73.75	CG
6	14807254	14809068	1994	1846	51.93	CHG
6	14807254	14809068	1737	13997	11.04	CHH
6	14821713	14821802	114	7	94.21	CG
6	14821713	14821802	252	33	88.42	CHG
6	14821713	14821802	48	720	6.25	CHH
6	14830897	14831902	1441	48	96.78	CG
6	14830897	14831902	1835	464	79.82	CHG
6	14830897	14831902	460	8662	5.04	CHH
6	14905971	14906794	1696	39	97.75	CG
6	14905971	14906794	1628	200	89.06	CHG
6	14905971	14906794	737	5148	12.52	CHH
6	15103747	15105627	2448	124	95.18	CG
6	15103747	15105627	1947	624	75.73	CHG
6	15103747	15105627	939	16845	5.28	CHH
6	15441362	15441506	5470	344	94.08	CG
6	15441362	15441506	456	457	49.95	CHG
6	15441362	15441506	566	7202	7.29	CHH
6	15563454	15563591	112	5	95.73	CG
6	15563454	15563591	150	59	71.77	CHG
6	15563454	15563591	56	822	6.38	CHH
6	16686020	16686529	1246	47	96.37	CG
6	16686020	16686529	391	323	54.76	CHG
6	16686020	16686529	118	4020	2.85	CHH
6	17158669	17158861	273	118	69.82	CG
6	17158669	17158861	5	271	1.81	CHG
6	17158669	17158861	64	1657	3.72	CHH
6	17199198	17199462	139	41	77.22	CG
6	17199198	17199462	9	37	19.57	CHG
6	17199198	17199462	131	1259	9.42	CHH
6	17345586	17347256	4628	102	97.84	CG
6	17345586	17347256	2158	873	71.20	CHG
6	17345586	17347256	1256	11470	9.87	CHH
6	17660877	17661057	308	2	99.35	CG
6	17660877	17661057	355	140	71.72	CHG
6	17660877	17661057	34	1355	2.45	CHH
6	18643334	18643833	470	12	97.51	CG
6	18643334	18643833	164	138	54.30	CHG
6	18643334	18643833	53	261	16.88	CHH
6	18777954	18779043	1514	79	95.04	CG
6	18777954	18779043	677	405	62.57	CHG
6	18777954	18779043	319	9749	3.17	CHH
6	18810122	18813496	5512	895	86.03	CG
6	18810122	18813496	2001	3434	36.82	CHG
6	18810122	18813496	960	23852	3.87	CHH
6	19312818	19314797	3556	2019	63.78	CG
6	19312818	19314797	1432	2184	39.60	CHG
6	19312818	19314797	2133	15596	12.03	CHH
6	20357482	20357681	415	25	94.32	CG
6	20357482	20357681	165	122	57.49	CHG
6	20357482	20357681	65	1550	4.02	CHH
6	20439044	20439654	5	709	0.70	CG
6	20439044	20439654	24	1551	1.52	CHG
6	20439044	20439654	55	4372	1.24	CHH
6	21127919	21128043	324	72	81.82	CG
6	21127919	21128043	2	23	8.00	CHG
6	21127919	21128043	90	896	9.13	CHH
6	21587628	21587841	247	17	93.56	CG
6	21587628	21587841	154	44	77.78	CHG
6	21587628	21587841	70	1789	3.77	CHH
6	22156671	22156886	3	638	0.47	CG
6	22156671	22156886	2	513	0.39	CHG
6	22156671	22156886	20	2093	0.95	CHH
6	22194216	22196915	2621	1124	69.99	CG
6	22194216	22196915	875	3862	18.47	CHG
6	22194216	22196915	630	23008	2.67	CHH
6	22609287	22612484	4145	2971	58.25	CG
6	22609287	22612484	2104	3515	37.44	CHG
6	22609287	22612484	4984	19015	20.77	CHH
6	22611980	22612934	230	707	24.55	CG
6	22611980	22612934	292	436	40.11	CHG
6	22611980	22612934	924	2482	27.13	CHH
6	23257492	23257741	1774	58	96.83	CG
6	23257492	23257741	658	213	75.55	CHG
6	23257492	23257741	368	1382	21.03	CHH
6	23764410	23764702	71	3	95.95	CG
6	23764410	23764702	18	13	58.06	CHG
6	23764410	23764702	119	3008	3.81	CHH
6	23867262	23869017	379	6370	5.62	CG
6	23867262	23869017	580	3514	14.17	CHG
6	23867262	23869017	937	12918	6.76	CHH
6	24469529	24469704	120	5	96.00	CG
6	24469529	24469704	378	48	88.73	CHG
6	24469529	24469704	82	1417	5.47	CHH
6	26027042	26027922	722	153	82.51	CG
6	26027042	26027922	73	725	9.15	CHG
6	26027042	26027922	123	6469	1.87	CHH
6	27428621	27432072	1407	4144	25.35	CG
6	27428621	27432072	520	7124	6.80	CHG
6	27428621	27432072	1504	23230	6.08	CHH
6	27581080	27581338	906	18	98.05	CG
6	27581080	27581338	452	222	67.06	CHG
6	27581080	27581338	257	2314	10.00	CHH
6	27924772	27924989	173	9	95.05	CG
6	27924772	27924989	9	634	1.40	CHG
6	27924772	27924989	26	1382	1.85	CHH
6	28789509	28791244	525	1089	32.53	CG
6	28789509	28791244	116	3642	3.09	CHG
6	28789509	28791244	306	14473	2.07	CHH
6	28955148	28955268	4	225	1.75	CHG
6	28955148	28955268	13	907	1.41	CHH
6	29172271	29175087	1113	711	61.02	CG
6	29172271	29175087	60	6910	0.86	CHG
6	29172271	29175087	411	26152	1.55	CHH
6	30516258	30516520	128	303	29.70	CG
6	30516258	30516520	35	168	17.24	CHG
6	30516258	30516520	169	1423	10.62	CHH
6	31188015	31188697	174	75	69.88	CG
6	31188015	31188697	14	1454	0.95	CHG
6	31188015	31188697	86	5931	1.43	CHH
6	31222643	31224540	2222	81	96.48	CG
6	31222643	31224540	115	4189	2.67	CHG
6	31222643	31224540	580	17548	3.20	CHH
7	411438	411715	346	27	92.76	CG
7	411438	411715	166	345	32.49	CHG
7	411438	411715	65	1763	3.56	CHH
7	993029	993215	3	240	1.23	CG
7	993029	993215	20	377	5.04	CHG
7	993029	993215	38	1679	2.21	CHH
7	1846760	1848970	1838	452	80.26	CG
7	1846760	1848970	53	4726	1.11	CHG
7	1846760	1848970	313	19007	1.62	CHH
7	2224488	2225213	31	2104	1.45	CG
7	2224488	2225213	27	1541	1.72	CHG
7	2224488	2225213	69	5082	1.34	CHH
7	2447769	2451203	2168	7541	22.33	CG
7	2447769	2451203	667	6496	9.31	CHG
7	2447769	2451203	1133	23442	4.61	CHH
7	2483423	2483554	251	191	56.79	CG
7	2483423	2483554	94	51	64.83	CHG
7	2483423	2483554	292	473	38.17	CHH
7	2618288	2618484	137	27	83.54	CG
7	2618288	2618484	4	67	5.63	CHG
7	2618288	2618484	41	1746	2.29	CHH
7	2946799	2949545	934	4817	16.24	CG
7	2946799	2949545	104	6098	1.68	CHG
7	2946799	2949545	337	19881	1.67	CHH
7	3992526	3992733	186	23	89.00	CG
7	3992526	3992733	8	705	1.12	CHG
7	3992526	3992733	46	2076	2.17	CHH
7	4299561	4299774	144	250	36.55	CG
7	4299561	4299774	14	241	5.49	CHG
7	4299561	4299774	36	1412	2.49	CHH
7	4594741	4595750	112	1879	5.63	CG
7	4594741	4595750	37	2508	1.45	CHG
7	4594741	4595750	166	11285	1.45	CHH
7	4802020	4804153	147	2769	5.04	CG
7	4802020	4804153	74	2168	3.30	CHG
7	4802020	4804153	459	17268	2.59	CHH
7	5473306	5473520	96	0	100.00	CG
7	5473306	5473520	82	19	81.19	CHG
7	5473306	5473520	40	1250	3.10	CHH
7	6327476	6328339	1447	53	96.47	CG
7	6327476	6328339	931	309	75.08	CHG
7	6327476	6328339	237	4262	5.27	CHH
7	6575263	6575711	5	197	2.48	CG
7	6575263	6575711	2	68	2.86	CHG
7	6575263	6575711	107	3861	2.70	CHH
7	6605103	6605624	1604	48	97.09	CG
7	6605103	6605624	443	612	41.99	CHG
7	6605103	6605624	179	3042	5.56	CHH
7	6829453	6829599	18	216	7.69	CHG
7	6829453	6829599	25	1405	1.75	CHH
7	6919655	6920441	1476	228	86.62	CG
7	6919655	6920441	809	1120	41.94	CHG
7	6919655	6920441	167	5504	2.94	CHH
7	7348687	7348951	68	0	100.00	CG
7	7348687	7348951	2	319	0.62	CHG
7	7348687	7348951	12	2398	0.50	CHH
7	7538627	7540224	1483	637	69.95	CG
7	7538627	7540224	412	1285	24.28	CHG
7	7538627	7540224	674	11890	5.36	CHH
7	7676619	7677136	581	23	96.19	CG
7	7676619	7677136	545	155	77.86	CHG
7	7676619	7677136	171	3877	4.22	CHH
7	7868604	7868899	944	25	97.42	CG
7	7868604	7868899	472	284	62.43	CHG
7	7868604	7868899	107	2129	4.79	CHH
7	7896981	7897138	61	2	96.83	CG
7	7896981	7897138	381	81	82.47	CHG
7	7896981	7897138	126	1395	8.28	CHH
7	7950410	7951127	137	2098	6.13	CG
7	7950410	7951127	89	1346	6.20	CHG
7	7950410	7951127	190	3775	4.79	CHH
7	8994834	8994985	246	59	80.66	CG
7	8994834	8994985	5	418	1.18	CHG
7	8994834	8994985	11	1082	1.01	CHH
7	9688947	9691039	1074	3581	23.07	CG
7	9688947	9691039	1196	1837	39.43	CHG
7	9688947	9691039	756	9675	7.25	CHH
7	10365529	10365796	1025	32	96.97	CG
7	10365529	10365796	160	56	74.07	CHG
7	10365529	10365796	98	1969	4.74	CHH
7	10449611	10449795	242	17	93.44	CG
7	10449611	10449795	232	53	81.40	CHG
7	10449611	10449795	93	1880	4.71	CHH
7	10549868	10550083	223	9	96.12	CG
7	10549868	10550083	157	88	64.08	CHG
7	10549868	10550083	60	1544	3.74	CHH
7	10635123	10635434	311	290	51.75	CG
7	10635123	10635434	412	189	68.55	CHG
7	10635123	10635434	1172	1274	47.91	CHH
7	10877526	10878054	2152	69	96.89	CG
7	10877526	10878054	565	373	60.23	CHG
7	10877526	10878054	349	2067	14.45	CHH
7	11466967	11467449	978	37	96.35	CG
7	11466967	11467449	545	187	74.45	CHG
7	11466967	11467449	192	3241	5.59	CHH
7	11601703	11602144	231	53	81.34	CG
7	11601703	11602144	179	137	56.65	CHG
7	11601703	11602144	310	3131	9.01	CHH
7	11983577	11984979	903	197	82.09	CG
7	11983577	11984979	561	730	43.45	CHG
7	11983577	11984979	410	9502	4.14	CHH
7	12411232	12411465	371	8	97.89	CG
7	12411232	12411465	205	97	67.88	CHG
7	12411232	12411465	58	351	14.18	CHH
7	12792717	12792888	92	11	89.32	CG
7	12792717	12792888	115	40	74.19	CHG
7	12792717	12792888	57	942	5.71	CHH
7	12807464	12807960	634	16	97.54	CG
7	12807464	12807960	771	461	62.58	CHG
7	12807464	12807960	347	5617	5.82	CHH
7	13460211	13460326	520	21	96.12	CG
7	13460211	13460326	46	74	38.33	CHG
7	13460211	13460326	42	244	14.69	CHH
7	15065372	15067232	2555	98	96.31	CG
7	15065372	15067232	2161	845	71.89	CHG
7	15065372	15067232	512	15322	3.23	CHH
7	15194897	15195154	2	117	1.68	CG
7	15194897	15195154	5	141	3.42	CHG
7	15194897	15195154	17	2306	0.73	CHH
7	15838174	15840597	2026	2703	42.84	CG
7	15838174	15840597	522	2860	15.43	CHG
7	15838174	15840597	1345	17933	6.98	CHH
7	16417756	16417995	167	12	93.30	CG
7	16417756	16417995	71	42	62.83	CHG
7	16417756	16417995	214	1987	9.72	CHH
7	17006268	17006989	2887	88	97.04	CG
7	17006268	17006989	808	440	64.74	CHG
7	17006268	17006989	367	5245	6.54	CHH
7	17339592	17339751	1	123	0.81	CG
7	17339592	17339751	2	379	0.52	CHG
7	17339592	17339751	18	1459	1.22	CHH
7	17913342	17913726	797	21	97.43	CG
7	17913342	17913726	439	168	72.32	CHG
7	17913342	17913726	214	2458	8.01	CHH
7	18987148	18987233	26	66	28.26	CG
7	18987148	18987233	16	29	35.56	CHG
7	18987148	18987233	18	642	2.73	CHH
7	19215021	19215291	1399	44	96.95	CG
7	19215021	19215291	708	210	77.12	CHG
7	19215021	19215291	405	1682	19.41	CHH
7	19560035	19560566	1164	37	96.92	CG
7	19560035	19560566	695	301	69.78	CHG
7	19560035	19560566	698	2264	23.57	CHH
