Geneid	Chr	Start	End	Strand	Length	FG1	FG2	FG3	FG4	FG5	FG6	FL	
1	Chr1	301402	301650	.	249	0	0	0	1	0	1	0	
2	Chr1	751423	751630	.	208	0	0	0	0	0	0	0	
3	Chr1	831965	832562	.	598	0	0	0	0	0	0	0	
4	Chr1	1349308	1349537	.	230	0	0	0	0	0	0	0	
5	Chr1	1377441	1378052	.	612	0	0	0	0	0	2	0	
6	Chr1	1788441	1788928	.	488	0	0	0	0	0	0	0	
7	Chr1	1789092	1789350	.	259	0	0	0	0	0	0	0	
8	Chr1	2238175	2238281	.	107	2	5	5	5	1	3	0	
9	Chr1	2260685	2260758	.	74	0	0	0	0	0	0	0	
10	Chr1	4981768	4981906	.	139	0	0	1	0	0	0	0	
11	Chr1	7687747	7687909	.	163	0	0	0	0	0	0	0	
12	Chr1	8431745	8431928	.	184	0	0	0	0	0	0	0	
13	Chr1	9585904	9586147	.	244	0	0	12	9	3	4	0	
14	Chr1	9767361	9767454	.	94	0	0	0	0	0	0	0	
15	Chr1	10432346	10432562	.	217	0	2	0	3	5	3	0	
16	Chr1	10834155	10834494	.	340	0	0	0	0	0	0	0	
17	Chr1	10926898	10927718	.	821	41	46	175	332	429	376	0	
18	Chr1	11189070	11189507	.	438	87	122	256	580	401	466	2	
19	Chr1	11191257	11191497	.	241	15	24	52	71	71	69	0	
20	Chr1	11796109	11796316	.	208	0	0	0	2	1	1	0	
21	Chr1	11928348	11928520	.	173	0	0	1	4	4	4	0	
22	Chr1	11940127	11940209	.	83	0	0	0	1	1	2	0	
23	Chr1	12597814	12598048	.	235	0	0	0	0	0	0	0	
24	Chr1	14322169	14322402	.	234	4	1	3	3	1	0	3	
25	Chr1	14347207	14347429	.	223	0	0	0	3	0	0	5	
26	Chr1	14358589	14358799	.	211	0	0	0	1	0	0	0	
27	Chr1	16709413	16710638	.	1226	0	0	0	0	0	0	0	
28	Chr1	17043054	17043218	.	165	0	0	0	0	0	0	0	
29	Chr1	18600196	18600325	.	130	0	0	0	0	0	0	0	
30	Chr1	18600620	18600880	.	261	0	0	0	0	0	0	0	
31	Chr1	18984905	18985083	.	179	0	0	0	2	0	0	0	
32	Chr1	23765100	23765215	.	116	0	0	0	0	0	0	0	
33	Chr1	24162720	24162945	.	226	0	0	0	0	0	0	0	
34	Chr1	26098396	26098876	.	481	2	0	1	2	0	4	0	
35	Chr1	26638982	26639111	.	130	0	0	0	0	0	0	0	
36	Chr1	27335824	27335919	.	96	4	5	10	19	3	14	0	
37	Chr1	27892635	27893201	.	567	0	0	0	0	0	0	0	
38	Chr1	28104534	28104643	.	110	0	0	0	0	0	0	0	
39	Chr1	28181037	28181173	.	137	0	0	0	1	1	3	0	
40	Chr1	28494154	28494502	.	349	1	0	0	0	1	1	0	
41	Chr1	30431888	30432457	.	570	0	0	0	2	1	0	0	
42	Chr1	31405811	31406074	.	264	0	0	0	0	0	0	0	
43	Chr1	31589316	31589440	.	125	0	0	0	1	0	0	1	
44	Chr1	31867823	31868209	.	387	0	0	0	4	2	0	0	
45	Chr1	32128408	32128528	.	121	0	0	0	1	0	1	0	
46	Chr1	32850979	32851159	.	181	0	0	0	0	0	0	0	
47	Chr1	33209709	33209844	.	136	0	0	0	0	0	0	0	
48	Chr1	35537017	35537182	.	166	1	0	0	1	0	0	0	
49	Chr1	37056465	37056585	.	121	0	0	0	0	0	0	0	
50	Chr1	37328189	37328369	.	181	2	0	0	0	0	0	0	
51	Chr1	38496093	38496280	.	188	0	0	0	0	0	0	0	
52	Chr1	38517321	38517498	.	178	0	0	0	0	0	0	0	
53	Chr1	38671420	38671601	.	182	0	0	0	0	0	0	0	
54	Chr1	40300214	40300335	.	122	0	0	0	0	0	0	0	
55	Chr1	40395627	40395876	.	250	0	0	0	0	0	0	0	
56	Chr1	40617611	40617749	.	139	0	1	0	0	5	6	0	
57	Chr1	40701981	40702243	.	263	0	0	0	1	1	0	0	
58	Chr1	41145045	41145188	.	144	0	0	0	0	0	0	0	
59	Chr1	41155307	41155562	.	256	2	1	6	2	2	2	0	
60	Chr1	41890336	41890557	.	222	0	0	0	0	5	1	0	
61	Chr1	42087977	42088125	.	149	0	0	0	0	0	0	0	
62	Chr1	42408454	42409215	.	762	2	4	0	0	4	0	0	
63	Chr10	368180	368447	.	268	1	0	0	0	1	0	0	
64	Chr10	404796	404929	.	134	1	2	4	9	12	12	1	
65	Chr10	1838125	1838526	.	402	0	2	1	0	0	1	0	
66	Chr10	1890176	1890720	.	545	0	0	0	0	0	0	0	
67	Chr10	2576262	2576420	.	159	1	1	5	2	3	2	4	
68	Chr10	3444620	3445144	.	525	85	138	369	359	921	848	0	
69	Chr10	5680299	5680662	.	364	11	14	16	27	10	21	0	
70	Chr10	6420592	6420748	.	157	0	0	0	0	0	0	0	
71	Chr10	7535392	7535626	.	235	0	1	0	4	1	0	0	
72	Chr10	8506074	8506152	.	79	0	0	0	0	0	0	0	
73	Chr10	9497877	9498140	.	264	0	1	0	0	1	0	0	
74	Chr10	11192937	11193103	.	167	2	0	0	3	0	0	0	
75	Chr10	11922950	11923127	.	178	1	0	0	6	0	0	0	
76	Chr10	12206027	12206233	.	207	0	1	0	2	2	0	1	
77	Chr10	13147745	13147963	.	219	0	0	0	0	0	0	0	
78	Chr10	15011395	15011890	.	496	31	23	31	76	37	42	8	
79	Chr10	15870324	15870605	.	282	0	0	0	0	0	0	0	
80	Chr10	15986244	15986518	.	275	11	16	32	15	58	40	0	
81	Chr10	15991568	15992011	.	444	86	172	302	433	402	466	0	
82	Chr10	16003796	16003950	.	155	0	4	14	12	6	26	0	
83	Chr10	16208914	16209034	.	121	1	2	0	4	1	4	0	
84	Chr10	17033162	17033405	.	244	0	0	0	0	0	0	0	
85	Chr10	18046109	18046282	.	174	3	1	2	1	1	3	0	
86	Chr10	18101625	18101816	.	192	5	3	2	9	2	9	0	
87	Chr10	18561923	18562175	.	253	0	0	0	0	0	0	0	
88	Chr10	18632473	18632641	.	169	0	0	3	1	0	0	0	
89	Chr10	19698083	19698409	.	327	3	0	2	4	0	3	1	
90	Chr10	19941400	19941637	.	238	0	0	0	0	0	0	0	
91	Chr10	20291444	20292459	.	1016	0	0	0	2	0	0	0	
92	Chr10	20762314	20762534	.	221	22	55	148	170	187	208	0	
93	Chr10	20778821	20779263	.	443	44	123	632	2189	1807	1971	2	
94	Chr10	21828000	21828272	.	273	0	0	0	1	1	1	0	
95	Chr10	22689537	22689741	.	205	0	0	0	0	0	0	0	
96	Chr10	22690214	22690439	.	226	0	0	2	1	1	1	2	
97	Chr11	569051	569549	.	499	2	4	1	1	4	4	1	
98	Chr11	1200547	1200636	.	90	0	3	2	0	0	0	0	
99	Chr11	1713743	1714360	.	618	5	1	1	4	2	0	5	
100	Chr11	1878756	1878890	.	135	0	0	0	0	0	0	0	
101	Chr11	1932471	1932979	.	509	5	1	0	5	0	5	0	
102	Chr11	1947207	1947542	.	336	0	0	0	1	0	0	2	
103	Chr11	2378674	2378944	.	271	0	0	1	0	0	0	0	
104	Chr11	5554823	5555192	.	370	11	1	2	9	10	5	5	
105	Chr11	7332864	7333120	.	257	0	0	3	3	5	1	0	
106	Chr11	7589704	7589963	.	260	1	1	3	1	0	0	0	
107	Chr11	7735710	7735929	.	220	20	34	154	329	195	254	0	
108	Chr11	8045722	8046006	.	285	0	0	1	0	0	0	0	
109	Chr11	9151817	9151968	.	152	0	0	0	0	0	0	0	
110	Chr11	11662805	11663369	.	565	0	0	0	0	0	0	0	
111	Chr11	11787144	11787246	.	103	0	0	0	0	0	0	0	
112	Chr11	13632523	13632647	.	125	0	0	1	4	5	10	0	
113	Chr11	14005573	14005699	.	127	0	0	0	0	0	0	3	
114	Chr11	14006097	14006227	.	131	0	0	0	0	0	0	0	
115	Chr11	14311550	14311878	.	329	0	0	0	0	0	0	0	
116	Chr11	16006891	16007049	.	159	0	0	0	0	0	0	0	
117	Chr11	16339319	16339504	.	186	0	0	0	1	1	0	0	
118	Chr11	16884446	16884740	.	295	0	0	0	0	0	0	0	
119	Chr11	16979979	16980123	.	145	0	0	0	0	0	0	0	
120	Chr11	18415595	18415828	.	234	0	0	0	0	0	0	0	
121	Chr11	19478888	19479310	.	423	22	12	27	52	45	34	0	
122	Chr11	19817540	19817761	.	222	0	0	0	0	0	0	0	
123	Chr11	21197891	21198236	.	346	0	0	1	1	0	0	3	
124	Chr11	21255748	21256111	.	364	0	0	0	3	0	2	0	
125	Chr11	21412887	21413094	.	208	25	61	258	373	983	744	0	
126	Chr11	22039594	22039763	.	170	0	0	0	0	0	0	0	
127	Chr11	23435203	23435727	.	525	0	0	4	9	8	4	0	
128	Chr11	24395076	24395260	.	185	0	0	1	4	4	3	0	
129	Chr11	24851410	24851658	.	249	0	0	0	2	0	0	0	
130	Chr11	24991463	24991590	.	128	0	0	0	1	0	0	0	
131	Chr11	25110397	25110624	.	228	0	0	0	1	1	0	0	
132	Chr11	25586085	25586542	.	458	0	0	1	0	0	0	0	
133	Chr11	25784650	25784892	.	243	0	0	4	11	7	3	0	
134	Chr11	25810585	25810761	.	177	0	0	0	0	0	0	0	
135	Chr11	25853609	25853790	.	182	0	0	0	0	0	0	0	
136	Chr11	26205599	26205997	.	399	0	0	0	0	0	0	0	
137	Chr11	27682636	27683583	.	948	0	1	2	0	0	0	0	
138	Chr11	28181130	28181426	.	297	0	0	0	0	0	0	0	
139	Chr12	217169	217301	.	133	2	5	11	27	48	27	9	
140	Chr12	552917	553122	.	206	1	1	10	16	7	6	0	
141	Chr12	793701	793972	.	272	0	0	1	0	0	0	0	
142	Chr12	961101	961336	.	236	0	0	0	0	0	0	0	
143	Chr12	1049650	1049822	.	173	1	0	0	1	0	1	2	
144	Chr12	1548546	1548692	.	147	0	0	0	0	0	0	0	
145	Chr12	1801897	1802216	.	320	1	1	1	3	3	0	0	
146	Chr12	1816648	1816809	.	162	0	1	1	0	3	2	0	
147	Chr12	2466367	2466538	.	172	0	1	1	3	0	0	0	
148	Chr12	5021893	5024116	.	2224	0	0	5	19	37	30	3	
149	Chr12	5024499	5027592	.	3094	75	117	409	886	910	1162	1	
150	Chr12	7849279	7849532	.	254	0	0	0	1	1	0	0	
151	Chr12	10927999	10928435	.	437	8	8	23	57	29	47	0	
152	Chr12	11362214	11362441	.	228	0	0	3	4	3	1	0	
153	Chr12	12440436	12440631	.	196	1	1	0	1	7	2	0	
154	Chr12	12966689	12966790	.	102	0	0	2	0	0	0	0	
155	Chr12	15202348	15202507	.	160	3	0	0	3	0	0	0	
156	Chr12	17986590	17987047	.	458	42	52	117	210	265	218	0	
157	Chr12	18936326	18936741	.	416	0	0	0	3	0	0	1	
158	Chr12	19120681	19120950	.	270	0	0	1	3	0	5	0	
159	Chr12	19156151	19156313	.	163	0	0	0	0	0	0	0	
160	Chr12	21483417	21483688	.	272	0	0	0	0	0	0	0	
161	Chr12	21831912	21832012	.	101	0	0	0	0	0	0	0	
162	Chr12	22451243	22451490	.	248	1	0	0	0	0	0	0	
163	Chr12	22462836	22463098	.	263	17	24	66	150	96	126	3	
164	Chr12	22503692	22503984	.	293	0	0	0	0	0	0	0	
165	Chr12	23090137	23090406	.	270	0	0	0	0	5	0	0	
166	Chr12	23253875	23254115	.	241	0	0	0	0	0	0	0	
167	Chr12	23419386	23419484	.	99	0	0	0	1	0	0	0	
168	Chr12	23569461	23569549	.	89	0	0	1	0	0	0	0	
169	Chr12	24432088	24432276	.	189	1	0	0	0	0	1	1	
170	Chr12	25119409	25119711	.	303	4	0	0	4	1	0	2	
171	Chr12	25285614	25285813	.	200	0	1	0	2	1	0	0	
172	Chr12	25690214	25690552	.	339	0	0	0	1	0	2	0	
173	Chr12	26052914	26053003	.	90	0	0	1	0	0	0	0	
174	Chr2	109399	109590	.	192	0	0	0	0	6	0	0	
175	Chr2	1869794	1870778	.	985	2	0	3	7	4	3	4	
176	Chr2	2040559	2041143	.	585	0	2	0	1	2	3	0	
177	Chr2	2375552	2375771	.	220	0	0	0	3	4	0	0	
178	Chr2	3701575	3702250	.	676	19	52	186	302	312	386	0	
179	Chr2	4194210	4194385	.	176	6	0	5	10	15	11	32	
180	Chr2	4474886	4475212	.	327	0	0	0	5	1	5	0	
181	Chr2	4648187	4648420	.	234	0	0	0	0	0	0	0	
182	Chr2	4947307	4947538	.	232	0	3	0	0	0	0	0	
183	Chr2	5499043	5499299	.	257	0	0	1	0	0	1	0	
184	Chr2	5521686	5521830	.	145	0	0	0	0	0	0	0	
185	Chr2	6545609	6545822	.	214	0	0	0	0	0	0	0	
186	Chr2	6761736	6762038	.	303	24	46	142	359	156	226	0	
187	Chr2	6762288	6762792	.	505	29	55	184	400	235	342	0	
188	Chr2	7605118	7605555	.	438	5	6	23	50	36	59	0	
189	Chr2	7945619	7946024	.	406	0	0	0	0	0	0	0	
190	Chr2	8190085	8190413	.	329	0	0	0	3	0	0	0	
191	Chr2	10791441	10791566	.	126	2	4	0	1	0	0	0	
192	Chr2	11873650	11873886	.	237	1	0	0	0	0	0	0	
193	Chr2	12097818	12097953	.	136	0	0	0	0	0	1	1	
194	Chr2	12299223	12299385	.	163	5	6	4	3	4	0	3	
195	Chr2	12333890	12333999	.	110	0	0	0	0	0	0	0	
196	Chr2	12582951	12583307	.	357	1	0	0	0	0	0	0	
197	Chr2	13872269	13872613	.	345	0	0	0	1	0	3	0	
198	Chr2	13948833	13949084	.	252	0	2	0	0	0	0	0	
199	Chr2	15589941	15590192	.	252	0	0	0	0	0	0	0	
200	Chr2	17785747	17785984	.	238	0	0	0	1	0	0	0	
201	Chr2	19211405	19211621	.	217	1	0	0	0	0	0	0	
202	Chr2	19443248	19443361	.	114	0	0	0	0	0	0	0	
203	Chr2	19977859	19978135	.	277	0	0	0	0	0	0	0	
204	Chr2	20745917	20746102	.	186	0	0	0	0	0	0	0	
205	Chr2	22202088	22202425	.	338	1	2	8	12	5	7	0	
206	Chr2	22399134	22399342	.	209	0	1	0	0	0	0	0	
207	Chr2	23077447	23077593	.	147	0	0	0	0	0	0	0	
208	Chr2	23988342	23988565	.	224	4	3	0	6	15	13	2	
209	Chr2	24094389	24094772	.	384	0	0	0	1	3	3	0	
210	Chr2	24587775	24587906	.	132	0	0	0	1	0	1	0	
211	Chr2	24968368	24968732	.	365	0	0	0	0	0	0	0	
212	Chr2	25258400	25258520	.	121	0	0	0	0	0	0	0	
213	Chr2	25342969	25343092	.	124	0	0	0	0	0	0	0	
214	Chr2	25971573	25971883	.	311	0	0	0	0	0	0	0	
215	Chr2	27849840	27850325	.	486	1	0	0	2	0	1	0	
216	Chr2	27969164	27969436	.	273	3	2	0	2	0	5	1	
217	Chr2	28230239	28230572	.	334	0	0	0	0	0	0	0	
218	Chr2	28737278	28737416	.	139	0	0	0	0	0	0	0	
219	Chr2	28787544	28787788	.	245	0	0	0	0	0	0	0	
220	Chr2	29123727	29123981	.	255	0	0	0	0	0	0	0	
221	Chr2	30949005	30949191	.	187	0	0	0	0	0	0	0	
222	Chr2	31639384	31639502	.	119	0	0	0	0	0	0	0	
223	Chr2	32251510	32251649	.	140	5	0	3	2	0	4	0	
224	Chr2	32687571	32687718	.	148	0	0	0	0	0	2	0	
225	Chr2	32980552	32980821	.	270	0	0	0	0	0	0	0	
226	Chr2	33849782	33850113	.	332	2	3	9	19	25	20	0	
227	Chr2	33970499	33970631	.	133	1	0	0	3	6	9	0	
228	Chr2	34234931	34235049	.	119	0	0	0	0	0	0	0	
229	Chr2	34582793	34582911	.	119	1	2	13	7	15	11	5	
230	Chr2	34952078	34952811	.	734	67	132	292	686	771	831	0	
231	Chr2	34955561	34955809	.	249	0	0	0	0	0	0	0	
232	Chr3	811664	812098	.	435	0	0	0	3	0	1	0	
233	Chr3	881090	881240	.	151	1	0	0	2	2	3	0	
234	Chr3	1354665	1354914	.	250	0	0	0	0	0	0	0	
235	Chr3	2169031	2169371	.	341	0	0	0	0	0	0	0	
236	Chr3	3169367	3169453	.	87	0	0	0	0	0	0	0	
237	Chr3	3832577	3832832	.	256	0	0	0	1	0	0	0	
238	Chr3	6047208	6047392	.	185	0	0	1	1	1	1	0	
239	Chr3	6570908	6571273	.	366	0	0	0	0	0	0	0	
240	Chr3	7246620	7246872	.	253	0	0	0	0	0	0	0	
241	Chr3	8015941	8016118	.	178	0	0	0	0	0	0	0	
242	Chr3	8409619	8409743	.	125	0	0	0	0	0	0	0	
243	Chr3	8629458	8629689	.	232	0	0	3	0	0	0	0	
244	Chr3	8942618	8943063	.	446	0	0	0	1	0	0	0	
245	Chr3	9319924	9320317	.	394	0	0	0	1	0	1	0	
246	Chr3	11067335	11067625	.	291	0	0	0	0	0	0	0	
247	Chr3	11642410	11642580	.	171	0	0	0	0	0	0	0	
248	Chr3	11857285	11857411	.	127	0	0	0	0	0	0	0	
249	Chr3	12675152	12675358	.	207	1	0	0	0	1	1	0	
250	Chr3	13124744	13124928	.	185	10	11	7	21	16	14	46	
251	Chr3	13748698	13748918	.	221	0	0	0	0	1	0	4	
252	Chr3	14057906	14058092	.	187	0	0	0	0	0	0	0	
253	Chr3	14749194	14749460	.	267	0	0	0	0	0	0	0	
254	Chr3	15103669	15103782	.	114	0	0	0	0	0	0	0	
255	Chr3	15113225	15113412	.	188	0	0	0	0	0	0	0	
256	Chr3	15134384	15134587	.	204	0	0	0	0	0	0	0	
257	Chr3	15613687	15613799	.	113	13	37	77	111	185	127	0	
258	Chr3	16709784	16710100	.	317	1	2	0	0	0	1	0	
259	Chr3	16776363	16776567	.	205	0	0	0	0	0	0	0	
260	Chr3	17308010	17308190	.	181	0	0	0	0	0	0	0	
261	Chr3	17916588	17916910	.	323	0	0	0	0	0	0	0	
262	Chr3	18637899	18638001	.	103	0	0	0	0	0	0	0	
263	Chr3	20725202	20725339	.	138	3	0	0	0	0	2	0	
264	Chr3	23359386	23359602	.	217	0	0	0	0	1	0	0	
265	Chr3	24411909	24412466	.	558	6	20	107	255	218	287	0	
266	Chr3	24572451	24572571	.	121	0	3	17	51	9	38	0	
267	Chr3	24924370	24924505	.	136	4	0	0	1	1	1	0	
268	Chr3	25320200	25320294	.	95	0	0	0	0	0	0	0	
269	Chr3	26123078	26123398	.	321	29	63	170	277	304	261	0	
270	Chr3	26143600	26144289	.	690	35	136	493	1037	864	1014	0	
271	Chr3	26819732	26819992	.	261	0	0	0	0	0	3	0	
272	Chr3	27436720	27436866	.	147	0	0	0	0	1	0	0	
273	Chr3	27617929	27618015	.	87	8	27	71	149	140	174	0	
274	Chr3	27618314	27618751	.	438	4	10	28	65	39	60	0	
275	Chr3	27626161	27626452	.	292	0	1	5	11	14	13	0	
276	Chr3	27785309	27785617	.	309	0	0	0	0	0	0	0	
277	Chr3	28228226	28228487	.	262	0	2	0	0	0	2	0	
278	Chr3	29591936	29592097	.	162	0	0	3	0	1	2	1	
279	Chr3	29675164	29675476	.	313	0	0	0	0	0	0	0	
280	Chr3	29885012	29885181	.	170	0	0	0	0	0	2	0	
281	Chr3	30100211	30100463	.	253	0	0	0	0	0	0	0	
282	Chr3	30420792	30420983	.	192	0	0	0	0	0	0	0	
283	Chr3	30830680	30830818	.	139	0	0	8	5	0	1	0	
284	Chr3	31089192	31090510	.	1319	0	4	7	15	16	13	0	
285	Chr3	31423978	31424278	.	301	0	0	0	0	0	0	0	
286	Chr3	31722864	31723138	.	275	0	1	0	1	3	1	0	
287	Chr3	32006377	32006716	.	340	0	0	0	0	0	0	0	
288	Chr3	32110688	32111197	.	510	0	0	2	3	0	1	3	
289	Chr3	32173554	32173723	.	170	0	0	1	0	0	0	0	
290	Chr3	32182088	32182430	.	343	0	2	0	0	0	0	0	
291	Chr3	33684753	33685642	.	890	0	0	0	0	0	5	0	
292	Chr4	468670	468758	.	89	0	0	0	0	0	0	0	
293	Chr4	4915710	4916399	.	690	0	0	0	0	0	0	0	
294	Chr4	7381269	7381662	.	394	0	0	0	0	0	0	0	
295	Chr4	7888723	7888904	.	182	0	0	0	0	0	0	0	
296	Chr4	7955025	7955201	.	177	0	0	0	0	0	0	0	
297	Chr4	15396847	15397090	.	244	0	0	0	0	0	0	0	
298	Chr4	19683996	19684552	.	557	124	177	361	435	654	726	1	
299	Chr4	19744897	19745083	.	187	0	0	0	3	2	1	0	
300	Chr4	20001004	20001260	.	257	0	1	0	1	0	0	0	
301	Chr4	20595424	20595521	.	98	2	0	1	2	1	1	0	
302	Chr4	21627730	21627912	.	183	0	0	0	0	3	0	0	
303	Chr4	21744229	21744373	.	145	0	0	0	0	0	0	0	
304	Chr4	21934033	21934221	.	189	0	0	0	0	0	0	0	
305	Chr4	21962682	21962889	.	208	1	0	0	0	0	0	0	
306	Chr4	22575514	22575843	.	330	0	0	0	0	0	0	0	
307	Chr4	24030043	24030690	.	648	0	0	0	0	0	0	0	
308	Chr4	24127512	24127670	.	159	1	0	1	0	0	0	1	
309	Chr4	25426805	25426964	.	160	0	0	0	2	1	0	0	
310	Chr4	25457673	25458128	.	456	0	1	0	6	0	0	7	
311	Chr4	25472007	25472224	.	218	0	0	0	0	0	0	0	
312	Chr4	25475166	25475574	.	409	3	0	0	0	0	0	0	
313	Chr4	26530154	26530244	.	91	0	0	0	0	0	0	0	
314	Chr4	27630371	27630458	.	88	0	0	0	0	0	2	0	
315	Chr4	27903714	27903888	.	175	3	0	0	1	0	0	0	
316	Chr4	27907258	27907388	.	131	0	0	0	0	0	0	0	
317	Chr4	28531803	28532069	.	267	0	0	0	0	1	0	0	
318	Chr4	28847973	28848187	.	215	0	0	0	0	0	0	1	
319	Chr4	29191226	29191443	.	218	0	0	0	0	0	0	0	
320	Chr4	30022368	30022520	.	153	0	0	0	0	0	0	0	
321	Chr4	30176026	30176485	.	460	0	0	1	0	0	0	0	
322	Chr4	32693176	32693646	.	471	0	0	0	0	0	0	0	
323	Chr4	33655120	33655383	.	264	1	4	5	8	7	8	3	
324	Chr4	33656482	33656726	.	245	0	0	0	0	0	0	3	
325	Chr4	33881402	33881625	.	224	1	0	0	0	0	0	0	
326	Chr4	35050131	35050413	.	283	24	33	185	353	737	930	1	
327	Chr5	490311	490462	.	152	1	0	0	0	1	4	0	
328	Chr5	1679700	1679790	.	91	0	0	3	1	0	0	0	
329	Chr5	2851959	2852160	.	202	0	0	0	0	0	2	0	
330	Chr5	4894102	4894252	.	151	0	0	0	0	0	0	0	
331	Chr5	5433068	5433323	.	256	1	0	0	0	1	0	0	
332	Chr5	5754540	5754748	.	209	2	5	2	2	3	0	0	
333	Chr5	6765408	6765604	.	197	0	0	0	9	3	5	0	
334	Chr5	6820543	6820679	.	137	0	0	0	0	0	0	0	
335	Chr5	7418843	7418942	.	100	0	3	0	0	0	0	0	
336	Chr5	7972538	7972780	.	243	0	0	4	4	1	0	0	
337	Chr5	10755228	10755310	.	83	1	2	1	9	1	7	1	
338	Chr5	10919624	10920166	.	543	11	27	102	280	240	242	0	
339	Chr5	16273064	16273157	.	94	0	0	0	0	0	0	0	
340	Chr5	16311106	16311318	.	213	12	12	16	35	11	13	3	
341	Chr5	16856036	16856371	.	336	1	0	0	3	2	1	0	
342	Chr5	17137119	17137270	.	152	10	2	5	18	1	7	0	
343	Chr5	17258136	17258245	.	110	0	0	0	0	0	0	0	
344	Chr5	17317436	17317693	.	258	0	0	0	0	0	0	0	
345	Chr5	19716276	19716490	.	215	0	0	0	0	1	0	0	
346	Chr5	21149050	21149184	.	135	0	0	1	4	8	9	0	
347	Chr5	21464549	21464805	.	257	0	1	0	0	0	1	0	
348	Chr5	21857486	21857720	.	235	0	0	0	0	0	0	0	
349	Chr5	21875510	21875764	.	255	2	4	2	6	3	3	3	
350	Chr5	22000758	22000964	.	207	0	0	0	0	0	0	8	
351	Chr5	22219879	22220102	.	224	0	0	0	0	0	0	0	
352	Chr5	22429521	22429752	.	232	1	0	0	4	0	5	0	
353	Chr5	22973735	22973969	.	235	0	0	0	0	0	0	0	
354	Chr5	23987119	23987584	.	466	1	1	0	1	1	0	0	
355	Chr5	24142823	24143088	.	266	1	0	0	0	0	0	0	
356	Chr5	24848634	24848969	.	336	0	0	0	0	2	0	0	
357	Chr5	25347573	25347835	.	263	0	0	0	1	4	0	0	
358	Chr5	25348058	25348813	.	756	1	6	17	46	39	64	0	
359	Chr5	25916466	25916630	.	165	4	0	9	4	1	5	0	
360	Chr5	26950842	26950938	.	97	0	0	3	2	0	0	0	
361	Chr5	26989630	26989802	.	173	0	0	0	4	0	1	0	
362	Chr6	302525	302830	.	306	0	0	0	0	0	0	0	
363	Chr6	2377300	2377436	.	137	2	0	2	2	5	1	0	
364	Chr6	2717083	2717211	.	129	2	2	1	1	2	2	0	
365	Chr6	2924455	2924561	.	107	0	0	0	0	0	0	0	
366	Chr6	3943948	3944133	.	186	1	0	0	0	0	0	0	
367	Chr6	4186291	4186414	.	124	0	0	0	0	0	0	0	
368	Chr6	5151760	5151869	.	110	0	0	0	2	0	0	0	
369	Chr6	5377104	5377226	.	123	0	0	0	1	0	1	0	
370	Chr6	6081369	6081698	.	330	22	14	57	69	105	113	0	
371	Chr6	7060563	7060710	.	148	0	0	0	0	0	0	0	
372	Chr6	7540044	7540265	.	222	2	6	6	2	17	7	0	
373	Chr6	7540557	7540748	.	192	1	2	18	41	34	31	2	
374	Chr6	7725721	7725950	.	230	0	0	0	0	0	0	0	
375	Chr6	8356415	8356617	.	203	0	0	0	1	1	1	0	
376	Chr6	8927961	8928209	.	249	1	0	0	4	3	4	0	
377	Chr6	9469939	9470183	.	245	0	0	0	2	0	0	0	
378	Chr6	11300953	11301165	.	213	18	15	60	115	79	114	3	
379	Chr6	11305251	11305430	.	180	32	43	134	144	258	239	0	
380	Chr6	11997278	11997419	.	142	0	0	0	1	1	2	0	
381	Chr6	13738651	13738842	.	192	0	0	0	0	0	0	0	
382	Chr6	13951511	13951630	.	120	4	0	0	6	2	1	2	
383	Chr6	14809519	14809915	.	397	0	0	0	0	0	0	0	
384	Chr6	19710275	19711097	.	823	54	90	187	378	522	456	0	
385	Chr6	20384126	20384463	.	338	16	28	98	252	196	167	0	
386	Chr6	22376045	22376666	.	622	0	0	1	1	1	0	0	
387	Chr6	23395299	23395797	.	499	0	0	0	0	1	0	0	
388	Chr6	23537612	23537873	.	262	0	0	0	0	0	0	0	
389	Chr6	24030067	24030155	.	89	0	0	0	0	0	0	0	
390	Chr6	24282821	24282990	.	170	11	3	7	11	9	7	1	
391	Chr6	25073299	25073513	.	215	0	0	0	0	0	0	0	
392	Chr6	25078472	25078618	.	147	0	0	0	1	4	2	0	
393	Chr6	25314683	25315364	.	682	0	0	0	0	0	0	0	
394	Chr6	26183207	26183498	.	292	0	0	0	0	0	0	0	
395	Chr6	26270984	26271153	.	170	0	0	0	0	0	0	0	
396	Chr6	26899911	26900127	.	217	0	0	0	1	0	1	0	
397	Chr6	27022911	27023085	.	175	0	0	0	0	0	0	0	
398	Chr6	29399344	29399607	.	264	0	0	0	0	0	1	0	
399	Chr6	30191024	30191331	.	308	0	0	0	0	2	0	0	
400	Chr6	30403806	30404034	.	229	0	0	5	2	2	1	0	
401	Chr6	30913758	30913901	.	144	0	0	0	0	0	2	0	
402	Chr7	436560	436644	.	85	0	0	0	0	0	2	0	
403	Chr7	553126	553382	.	257	0	3	1	0	0	0	0	
404	Chr7	1581484	1581569	.	86	0	0	0	0	0	0	0	
405	Chr7	2236803	2236948	.	146	0	0	0	0	0	0	0	
406	Chr7	2529368	2529520	.	153	0	0	0	2	0	0	0	
407	Chr7	3142736	3143078	.	343	0	0	0	0	2	5	0	
408	Chr7	3169313	3169590	.	278	0	0	0	0	0	0	0	
409	Chr7	3220900	3221205	.	306	2	0	3	3	0	2	0	
410	Chr7	3739835	3740067	.	233	0	0	0	4	0	7	2	
411	Chr7	4348411	4348541	.	131	7	6	22	27	15	17	0	
412	Chr7	5121302	5121458	.	157	0	0	1	2	4	2	0	
413	Chr7	6141660	6141862	.	203	0	1	1	5	0	3	0	
414	Chr7	7806228	7806511	.	284	1	0	0	3	0	2	0	
415	Chr7	8049143	8049326	.	184	0	4	1	8	11	0	0	
416	Chr7	8294135	8294483	.	349	24	38	116	105	128	185	0	
417	Chr7	8334120	8334358	.	239	1	2	0	0	2	0	0	
418	Chr7	8993395	8993705	.	311	0	0	0	0	0	0	0	
419	Chr7	13286371	13286485	.	115	0	0	0	3	0	0	0	
420	Chr7	15188699	15188829	.	131	0	0	0	0	0	0	0	
421	Chr7	15431879	15432092	.	214	4	0	0	2	0	0	0	
422	Chr7	15677984	15678606	.	623	21	34	119	291	274	324	0	
423	Chr7	16599469	16599909	.	441	0	1	0	1	0	0	0	
424	Chr7	17099242	17099723	.	482	11	2	9	7	6	4	1	
425	Chr7	17790358	17790553	.	196	3	3	4	3	1	2	6	
426	Chr7	18624942	18625154	.	213	2	1	0	0	0	0	0	
427	Chr7	18712664	18712940	.	277	0	1	0	4	2	7	0	
428	Chr7	19254933	19255653	.	721	1	6	17	47	47	39	0	
429	Chr7	20129016	20129222	.	207	0	0	0	0	0	0	0	
430	Chr7	20150950	20151108	.	159	0	3	2	10	3	7	0	
431	Chr7	20424852	20425235	.	384	0	0	0	0	0	0	0	
432	Chr7	21311703	21311873	.	171	0	0	0	0	0	0	0	
433	Chr7	22392997	22393180	.	184	0	0	0	1	0	0	0	
434	Chr7	22532504	22532689	.	186	0	0	1	0	0	0	0	
435	Chr7	22933957	22934220	.	264	4	11	5	10	13	8	2	
436	Chr7	24616761	24617444	.	684	1	2	1	11	12	10	2	
437	Chr7	24811649	24811977	.	329	0	0	0	0	2	2	0	
438	Chr7	24948881	24949085	.	205	0	0	0	0	0	0	0	
439	Chr7	25909858	25910353	.	496	11	9	22	29	44	36	14	
440	Chr7	26251608	26251758	.	151	0	0	0	0	0	0	0	
441	Chr7	26258086	26258557	.	472	0	0	5	1	12	8	3	
442	Chr7	27119823	27120089	.	267	2	1	1	4	5	3	2	
443	Chr7	27169622	27169836	.	215	6	30	71	164	145	188	1	
444	Chr7	27307264	27307688	.	425	0	0	0	0	0	0	0	
445	Chr7	28376368	28376563	.	196	0	0	0	0	0	1	0	
446	Chr7	29243800	29244004	.	205	0	0	0	0	0	0	0	
447	Chr7	29311075	29311344	.	270	0	0	0	1	1	0	0	
448	Chr7	29467991	29468204	.	214	0	0	4	0	0	0	0	
449	Chr8	1575050	1575210	.	161	0	0	0	0	0	0	0	
450	Chr8	1623374	1623626	.	253	1	1	0	0	0	0	0	
451	Chr8	2431337	2431426	.	90	0	0	0	1	0	2	0	
452	Chr8	3073640	3073816	.	177	0	0	0	0	0	0	0	
453	Chr8	3388418	3388667	.	250	0	0	0	2	0	0	0	
454	Chr8	3751908	3752073	.	166	1	2	0	0	0	2	0	
455	Chr8	3958364	3958508	.	145	0	0	0	0	0	0	0	
456	Chr8	5131859	5132029	.	171	0	0	0	0	0	0	0	
457	Chr8	5321620	5321826	.	207	6	0	3	12	1	10	4	
458	Chr8	5680036	5680214	.	179	6	1	0	8	0	1	0	
459	Chr8	5836842	5837082	.	241	0	0	0	0	2	0	0	
460	Chr8	6111459	6111746	.	288	0	0	0	0	0	1	0	
461	Chr8	6753824	6754136	.	313	0	0	1	1	0	0	0	
462	Chr8	7603361	7603612	.	252	0	3	0	0	5	6	0	
463	Chr8	8071927	8072156	.	230	0	0	0	0	0	0	0	
464	Chr8	10060130	10060270	.	141	0	0	0	0	0	0	0	
465	Chr8	10886886	10887057	.	172	0	0	0	0	0	0	0	
466	Chr8	11782945	11783090	.	146	0	0	1	4	5	1	0	
467	Chr8	12350213	12350309	.	97	2	6	1	2	8	4	0	
468	Chr8	15503594	15503835	.	242	0	0	0	5	5	1	1	
469	Chr8	18141157	18141305	.	149	0	0	0	1	0	0	0	
470	Chr8	19423132	19423387	.	256	0	0	0	0	0	0	0	
471	Chr8	20377386	20377714	.	329	0	0	0	4	0	2	0	
472	Chr8	20558564	20558824	.	261	0	0	0	1	2	3	0	
473	Chr8	21654367	21654527	.	161	5	4	11	15	6	14	1	
474	Chr8	22741999	22742320	.	322	0	0	1	2	0	2	0	
475	Chr8	22776596	22776863	.	268	1	0	5	8	4	3	0	
476	Chr8	22948103	22948411	.	309	1	0	0	0	1	0	0	
477	Chr8	23349965	23350100	.	136	0	0	0	1	0	0	0	
478	Chr8	23488435	23488729	.	295	0	0	0	0	0	0	0	
479	Chr8	24309358	24309533	.	176	0	0	3	2	1	5	0	
480	Chr8	24422313	24422568	.	256	0	0	0	0	1	0	1	
481	Chr8	24735338	24736197	.	860	0	0	4	2	8	1	0	
482	Chr8	24736835	24737078	.	244	0	0	0	3	2	1	0	
483	Chr8	24750450	24750953	.	504	1	3	1	0	0	0	0	
484	Chr8	24768226	24768508	.	283	0	0	0	2	8	5	0	
485	Chr8	24784954	24785097	.	144	0	0	1	0	1	2	0	
486	Chr8	24834031	24834325	.	295	0	0	0	1	0	0	0	
487	Chr8	24968998	24969171	.	174	1	0	3	0	0	2	0	
488	Chr8	26169265	26169435	.	171	0	0	0	0	0	0	0	
489	Chr8	26441036	26441114	.	79	0	1	0	0	0	2	0	
490	Chr8	26827795	26828034	.	240	17	26	100	138	285	189	6	
491	Chr8	27623735	27623958	.	224	0	0	0	0	0	0	0	
492	Chr8	28152675	28152872	.	198	0	0	1	0	0	0	0	
493	Chr8	28409754	28410078	.	325	0	0	0	0	0	0	0	
494	Chr9	1254706	1254916	.	211	0	0	0	0	0	0	0	
495	Chr9	1884037	1884200	.	164	0	0	0	0	0	0	0	
496	Chr9	3634114	3634220	.	107	0	0	0	0	0	0	0	
497	Chr9	3933419	3933532	.	114	2	6	1	5	3	4	2	
498	Chr9	4570160	4570785	.	626	0	0	0	0	0	2	3	
499	Chr9	7158968	7159348	.	381	0	0	0	0	0	0	0	
500	Chr9	10378958	10379055	.	98	2	0	1	8	7	10	2	
501	Chr9	10754151	10754480	.	330	0	0	0	1	0	0	0	
502	Chr9	11037394	11037551	.	158	0	1	3	2	1	0	0	
503	Chr9	14633567	14633811	.	245	0	0	0	0	0	0	0	
504	Chr9	16086095	16086273	.	179	0	3	0	0	0	0	0	
505	Chr9	16215727	16215834	.	108	0	0	0	0	0	0	0	
506	Chr9	16663867	16664244	.	378	0	2	5	14	33	17	0	
507	Chr9	16928123	16928188	.	66	0	0	2	1	1	0	0	
508	Chr9	17420620	17420974	.	355	0	0	0	1	0	0	0	
509	Chr9	19098096	19098253	.	158	0	0	0	0	0	0	0	
510	Chr9	21886165	21886293	.	129	0	0	0	0	0	0	0	
